[name]
unknown

[dist]
# distance from previous block
# <min> <max>
0	52

[block]
# block no. 0 follows, 52 sequences, length 12
# corresponding to MSA columns:
# 99-110
name=unknown_A
#
# <colnr> <probs for GDERKNQSTAVLIFYWHMCP>
#	G	D	E	R	K	N	Q	S	T	A	V	L	I	F	Y	W	H	M	C	P
0	0.00781	0.00558	0.00781	0.00892	0.01004	0.00558	0.00781	0.01004	0.01116	0.01450	0.02566	0.05466	0.02789	0.01339	0.00669	0.00223	0.00446	0.76685	0.00446	0.00446
1	0.02174	0.00825	0.01125	0.00862	0.01237	0.00712	0.00712	0.02362	0.01387	0.80282	0.01912	0.01649	0.01200	0.00600	0.00487	0.00150	0.00412	0.00487	0.00600	0.00825
2	0.00686	0.00495	0.00648	0.00610	0.00724	0.00457	0.00457	0.00914	0.01372	0.01943	0.79691	0.03620	0.04572	0.00991	0.00572	0.00152	0.00229	0.00876	0.00533	0.00457
3	0.86392	0.00937	0.00712	0.00637	0.00937	0.01087	0.00525	0.01425	0.00825	0.02174	0.00675	0.00787	0.00525	0.00450	0.00300	0.00150	0.00375	0.00262	0.00300	0.00525
4	0.01199	0.01151	0.01967	0.02974	0.79946	0.01151	0.01487	0.01487	0.01103	0.01583	0.00912	0.01199	0.00768	0.00432	0.00480	0.00144	0.00576	0.00432	0.00240	0.00768
5	0.01782	0.07153	0.01453	0.01209	0.01483	0.68043	0.00928	0.09738	0.01442	0.01375	0.00787	0.00898	0.00645	0.00503	0.00434	0.00126	0.00817	0.00322	0.00271	0.00592
6	0.01199	0.01151	0.01967	0.02974	0.79946	0.01151	0.01487	0.01487	0.01103	0.01583	0.00912	0.01199	0.00768	0.00432	0.00480	0.00144	0.00576	0.00432	0.00240	0.00768
7	0.43688	0.00899	0.01083	0.41189	0.02136	0.01082	0.00935	0.01331	0.00897	0.01707	0.00768	0.01039	0.00585	0.00467	0.00392	0.00156	0.00510	0.00346	0.00258	0.00532
8	0.00665	0.00497	0.00636	0.00682	0.00770	0.00455	0.00474	0.00825	0.03706	0.01381	0.11376	0.62321	0.03048	0.01308	0.00582	0.00178	0.00287	0.01179	0.00444	0.09183
9	0.01464	0.01170	0.01421	0.01290	0.09483	0.01281	0.05616	0.32508	0.30961	0.04525	0.04107	0.01515	0.01197	0.00599	0.00496	0.00154	0.00485	0.00502	0.00453	0.00774
10	0.01195	0.01169	0.01890	0.10985	0.68860	0.04435	0.01450	0.01480	0.01101	0.01531	0.00900	0.01195	0.00749	0.00440	0.00478	0.00145	0.00595	0.00427	0.00238	0.00736
11	0.81721	0.00960	0.00753	0.00664	0.00968	0.01110	0.00547	0.05674	0.00905	0.02223	0.00702	0.00808	0.00541	0.00457	0.00310	0.00150	0.00384	0.00272	0.00310	0.00541

[dist]
# distance from previous block
# <min> <max>
0	1

[block]
# block no. 1 follows, 52 sequences, length 65
# corresponding to MSA columns:
# 112-153,168-190
name=unknown_B
#
# <colnr> <probs for GDERKNQSTAVLIFYWHMCP>
#	G	D	E	R	K	N	Q	S	T	A	V	L	I	F	Y	W	H	M	C	P
0	0.01177	0.01129	0.01927	0.09088	0.74005	0.01146	0.01476	0.01468	0.01093	0.01556	0.00908	0.01207	0.00758	0.00436	0.00480	0.00145	0.00581	0.00432	0.00238	0.00750
1	0.01199	0.01151	0.01967	0.02974	0.79946	0.01151	0.01487	0.01487	0.01103	0.01583	0.00912	0.01199	0.00768	0.00432	0.00480	0.00144	0.00576	0.00432	0.00240	0.00768
2	0.86392	0.00937	0.00712	0.00637	0.00937	0.01087	0.00525	0.01425	0.00825	0.02174	0.00675	0.00787	0.00525	0.00450	0.00300	0.00150	0.00375	0.00262	0.00300	0.00525
3	0.20470	0.00791	0.00935	0.00781	0.01052	0.00787	0.02300	0.06693	0.03063	0.28300	0.23641	0.04125	0.02060	0.00712	0.00478	0.00154	0.00365	0.02172	0.00489	0.00629
4	0.01199	0.01151	0.01967	0.02974	0.79946	0.01151	0.01487	0.01487	0.01103	0.01583	0.00912	0.01199	0.00768	0.00432	0.00480	0.00144	0.00576	0.00432	0.00240	0.00768
5	0.01199	0.01151	0.01967	0.02974	0.79946	0.01151	0.01487	0.01487	0.01103	0.01583	0.00912	0.01199	0.00768	0.00432	0.00480	0.00144	0.00576	0.00432	0.00240	0.00768
6	0.01199	0.01151	0.01967	0.02974	0.79946	0.01151	0.01487	0.01487	0.01103	0.01583	0.00912	0.01199	0.00768	0.00432	0.00480	0.00144	0.00576	0.00432	0.00240	0.00768
7	0.00735	0.00518	0.00593	0.00560	0.00723	0.00449	0.00425	0.00899	0.01217	0.07649	0.30145	0.04074	0.48055	0.01098	0.00566	0.00159	0.00253	0.00931	0.00490	0.00458
8	0.00791	0.00520	0.00670	0.00618	0.00757	0.00473	0.00469	0.01006	0.01348	0.07960	0.66725	0.03564	0.11282	0.00982	0.00565	0.00153	0.00244	0.00860	0.00531	0.00481
9	0.01296	0.83261	0.02539	0.00829	0.01244	0.01917	0.00829	0.01451	0.00985	0.01140	0.00674	0.00777	0.00622	0.00415	0.00311	0.00104	0.00518	0.00259	0.00207	0.00622
10	0.01005	0.00861	0.01005	0.00718	0.01148	0.00646	0.00574	0.01220	0.01005	0.01579	0.00861	0.01005	0.00718	0.00359	0.00359	0.00072	0.00359	0.00287	0.00287	0.85932
11	0.00704	0.00471	0.00537	0.00537	0.00540	0.00474	0.00304	0.00710	0.00707	0.00946	0.01519	0.03128	0.01743	0.80267	0.05143	0.00480	0.00498	0.00698	0.00292	0.00298
12	0.01519	0.01197	0.01273	0.01050	0.01380	0.01352	0.00843	0.39922	0.41212	0.02533	0.01574	0.01490	0.01156	0.00620	0.00489	0.00155	0.00457	0.00493	0.00489	0.00795
13	0.01070	0.01019	0.01733	0.38930	0.45004	0.01117	0.01423	0.01374	0.01042	0.01426	0.00889	0.01242	0.00712	0.00456	0.00482	0.00152	0.00608	0.00431	0.00229	0.00663
14	0.01199	0.01151	0.01967	0.02974	0.79946	0.01151	0.01487	0.01487	0.01103	0.01583	0.00912	0.01199	0.00768	0.00432	0.00480	0.00144	0.00576	0.00432	0.00240	0.00768
15	0.01251	0.72181	0.13230	0.00905	0.01361	0.01809	0.00961	0.01463	0.00990	0.01194	0.00701	0.00811	0.00621	0.00421	0.00331	0.00110	0.00545	0.00273	0.00207	0.00635
16	0.00842	0.00421	0.00631	0.00631	0.00631	0.00421	0.00421	0.00631	0.00631	0.00842	0.00842	0.01473	0.00842	0.01684	0.01894	0.85901	0.00421	0.00421	0.00210	0.00210
17	0.00692	0.00519	0.00779	0.00779	0.00865	0.00606	0.00606	0.00865	0.00779	0.01125	0.01298	0.01904	0.01211	0.03634	0.81049	0.00779	0.01298	0.00519	0.00260	0.00433
18	0.01296	0.83261	0.02539	0.00829	0.01244	0.01917	0.00829	0.01451	0.00985	0.01140	0.00674	0.00777	0.00622	0.00415	0.00311	0.00104	0.00518	0.00259	0.00207	0.00622
19	0.00683	0.00495	0.00644	0.00607	0.00722	0.00456	0.00455	0.00910	0.01366	0.01929	0.77986	0.03644	0.06286	0.00996	0.00572	0.00153	0.00229	0.00880	0.00532	0.00456
20	0.01199	0.01151	0.01967	0.02974	0.79946	0.01151	0.01487	0.01487	0.01103	0.01583	0.00912	0.01199	0.00768	0.00432	0.00480	0.00144	0.00576	0.00432	0.00240	0.00768
21	0.02136	0.00816	0.01112	0.00856	0.01224	0.00706	0.00706	0.02325	0.01387	0.78277	0.03902	0.01700	0.01286	0.00610	0.00489	0.00150	0.00408	0.00497	0.00598	0.00815
22	0.01005	0.00861	0.01005	0.00718	0.01148	0.00646	0.00574	0.01220	0.01005	0.01579	0.00861	0.01005	0.00718	0.00359	0.00359	0.00072	0.00359	0.00287	0.00287	0.85932
23	0.01878	0.01240	0.01290	0.01021	0.01376	0.09484	0.00830	0.38977	0.06851	0.27537	0.01424	0.01349	0.00978	0.00583	0.00477	0.00145	0.00512	0.00447	0.02816	0.00783
24	0.00813	0.00627	0.00831	0.00902	0.01025	0.03054	0.02439	0.01053	0.02767	0.01471	0.06660	0.09661	0.02771	0.01270	0.00648	0.00212	0.00445	0.62452	0.00442	0.00459
25	0.00704	0.00471	0.00536	0.00536	0.00539	0.00474	0.00303	0.00710	0.00707	0.00945	0.01520	0.03132	0.01745	0.80519	0.04894	0.00479	0.00495	0.00699	0.00293	0.00298
26	0.01611	0.01529	0.01344	0.01245	0.06863	0.34230	0.04468	0.03364	0.18980	0.15499	0.05028	0.01402	0.01127	0.00569	0.00475	0.00143	0.00621	0.00446	0.00384	0.00673
27	0.00973	0.00937	0.00876	0.00873	0.04936	0.13452	0.00623	0.02972	0.16212	0.01608	0.18791	0.04525	0.29515	0.00905	0.00530	0.00155	0.00392	0.00753	0.00434	0.00539
28	0.00915	0.00861	0.01453	0.81804	0.03338	0.01077	0.01346	0.01238	0.00969	0.01238	0.00861	0.01292	0.00646	0.00484	0.00484	0.00161	0.00646	0.00431	0.00215	0.00538
29	0.01397	0.01655	0.02073	0.01724	0.08024	0.32546	0.36240	0.01701	0.03623	0.01411	0.00947	0.03027	0.00773	0.00488	0.00530	0.00148	0.02339	0.00474	0.00258	0.00622
30	0.00602	0.00485	0.00537	0.00539	0.00677	0.00419	0.00399	0.00747	0.01151	0.01457	0.22975	0.12688	0.53224	0.01200	0.00577	0.00164	0.00245	0.01025	0.00470	0.00419
31	0.86392	0.00937	0.00712	0.00637	0.00937	0.01087	0.00525	0.01425	0.00825	0.02174	0.00675	0.00787	0.00525	0.00450	0.00300	0.00150	0.00375	0.00262	0.00300	0.00525
32	0.01160	0.01098	0.01844	0.02745	0.71977	0.01099	0.01391	0.01468	0.02933	0.01621	0.07045	0.01401	0.01079	0.00480	0.00487	0.00145	0.00544	0.00469	0.00269	0.00744
33	0.01205	0.01041	0.01096	0.00986	0.01260	0.01205	0.00767	0.02575	0.79071	0.02027	0.01972	0.01808	0.01479	0.00657	0.00493	0.00164	0.00384	0.00548	0.00493	0.00767
34	0.00633	0.00464	0.00600	0.00666	0.00733	0.00420	0.00454	0.00736	0.00962	0.01306	0.08073	0.66805	0.04420	0.03901	0.00651	0.00192	0.00289	0.01230	0.00438	0.07029
35	0.00686	0.00495	0.00648	0.00610	0.00724	0.00457	0.00457	0.00914	0.01372	0.01943	0.79691	0.03620	0.04572	0.00991	0.00572	0.00152	0.00229	0.00876	0.00533	0.00457
36	0.01572	0.01709	0.01270	0.01131	0.01404	0.41340	0.00867	0.09679	0.32504	0.01705	0.01278	0.01275	0.00985	0.00571	0.00464	0.00143	0.00645	0.00418	0.00370	0.00670
37	0.00922	0.00868	0.01465	0.80018	0.05074	0.01078	0.01349	0.01244	0.00972	0.01246	0.00862	0.01290	0.00649	0.00483	0.00484	0.00161	0.00644	0.00431	0.00216	0.00544
38	0.01255	0.01066	0.01124	0.00996	0.01279	0.01228	0.00779	0.08450	0.73116	0.02107	0.01910	0.01758	0.01428	0.00652	0.00492	0.00163	0.00395	0.00539	0.00492	0.00771
39	0.01183	0.01205	0.02380	0.01733	0.02162	0.01160	0.57682	0.09169	0.04419	0.03065	0.09590	0.01570	0.01198	0.00502	0.00559	0.00160	0.00701	0.00589	0.00316	0.00657
40	0.86392	0.00937	0.00712	0.00637	0.00937	0.01087	0.00525	0.01425	0.00825	0.02174	0.00675	0.00787	0.00525	0.00450	0.00300	0.00150	0.00375	0.00262	0.00300	0.00525
41	0.01201	0.01063	0.01247	0.01127	0.04028	0.01205	0.06113	0.02468	0.71059	0.01979	0.01868	0.01753	0.01404	0.00633	0.00498	0.00164	0.00420	0.00546	0.00467	0.00759
42	0.01146	0.01096	0.01870	0.17912	0.65430	0.01137	0.01460	0.01440	0.01078	0.01518	0.00902	0.01217	0.00745	0.00442	0.00481	0.00147	0.00589	0.00432	0.00235	0.00724
43	0.00575	0.00482	0.00501	0.00516	0.00661	0.00407	0.00379	0.00693	0.01081	0.01299	0.04605	0.15279	0.69331	0.01267	0.00579	0.00168	0.00250	0.01071	0.00450	0.00407
44	0.02174	0.00825	0.01125	0.00862	0.01237	0.00712	0.00712	0.02362	0.01387	0.80282	0.01912	0.01649	0.01200	0.00600	0.00487	0.00150	0.00412	0.00487	0.00600	0.00825
45	0.01888	0.01284	0.01409	0.01080	0.01466	0.01394	0.00892	0.67888	0.02156	0.13670	0.01266	0.01230	0.00876	0.00584	0.00485	0.00146	0.00517	0.00443	0.00501	0.00824
46	0.01178	0.54006	0.30767	0.01029	0.01553	0.01631	0.01177	0.01481	0.00999	0.01283	0.00745	0.00866	0.00619	0.00431	0.00365	0.00122	0.00590	0.00295	0.00206	0.00656
47	0.73945	0.00941	0.00774	0.00684	0.00976	0.01086	0.00561	0.07350	0.00934	0.02170	0.00755	0.00893	0.00595	0.00679	0.05864	0.00193	0.00451	0.00294	0.00311	0.00542
48	0.00590	0.00422	0.00562	0.00675	0.00703	0.00394	0.00450	0.00675	0.00928	0.01237	0.02671	0.82653	0.03205	0.01518	0.00619	0.00197	0.00281	0.01378	0.00450	0.00394
49	0.01199	0.01151	0.01967	0.02974	0.79946	0.01151	0.01487	0.01487	0.01103	0.01583	0.00912	0.01199	0.00768	0.00432	0.00480	0.00144	0.00576	0.00432	0.00240	0.00768
50	0.72183	0.00981	0.00768	0.00692	0.00958	0.05427	0.00558	0.01393	0.00845	0.01996	0.00737	0.00945	0.00612	0.04259	0.03173	0.00186	0.03182	0.00299	0.00293	0.00514
51	0.00915	0.00861	0.01453	0.81804	0.03338	0.01077	0.01346	0.01238	0.00969	0.01238	0.00861	0.01292	0.00646	0.00484	0.00484	0.00161	0.00646	0.00431	0.00215	0.00538
52	0.00693	0.00500	0.00658	0.00632	0.00746	0.00465	0.00482	0.00921	0.01352	0.01905	0.73710	0.03763	0.04434	0.01018	0.00579	0.00158	0.00245	0.06755	0.00527	0.00456
53	0.00704	0.00472	0.00539	0.00539	0.00543	0.00476	0.00307	0.00712	0.00708	0.00947	0.01517	0.03118	0.01739	0.79614	0.05790	0.00483	0.00505	0.00697	0.00292	0.00300
54	0.00990	0.02402	0.74371	0.01505	0.08135	0.01127	0.01767	0.01531	0.01029	0.01538	0.00873	0.01037	0.00626	0.00458	0.00462	0.00153	0.00705	0.00364	0.00207	0.00720
55	0.00691	0.00492	0.00638	0.00606	0.00718	0.00455	0.00453	0.00915	0.01345	0.01917	0.74549	0.05994	0.04412	0.00992	0.00565	0.00152	0.00230	0.00877	0.03545	0.00455
56	0.01861	0.01359	0.01432	0.01104	0.01487	0.04271	0.00909	0.71046	0.02193	0.07643	0.01194	0.01183	0.00840	0.00580	0.00483	0.00145	0.00538	0.00435	0.00483	0.00815
57	0.00680	0.00551	0.00864	0.00856	0.00950	0.00522	0.10002	0.00842	0.03086	0.01302	0.02442	0.68583	0.02845	0.01354	0.00611	0.00192	0.00354	0.03101	0.00426	0.00437
58	0.04652	0.00828	0.01112	0.00856	0.01228	0.00723	0.00707	0.02334	0.01370	0.77984	0.01875	0.01624	0.01180	0.00595	0.00482	0.00150	0.00411	0.00481	0.00591	0.00816
59	0.01296	0.83261	0.02539	0.00829	0.01244	0.01917	0.00829	0.01451	0.00985	0.01140	0.00674	0.00777	0.00622	0.00415	0.00311	0.00104	0.00518	0.00259	0.00207	0.00622
60	0.00590	0.00422	0.00562	0.00675	0.00703	0.00394	0.00450	0.00675	0.00928	0.01237	0.02671	0.82653	0.03205	0.01518	0.00619	0.00197	0.00281	0.01378	0.00450	0.00394
61	0.01176	0.01379	0.04785	0.01920	0.02379	0.05729	0.66631	0.01591	0.03546	0.01532	0.00983	0.01282	0.00745	0.00438	0.00595	0.00163	0.03681	0.00545	0.00251	0.00649
62	0.04767	0.06267	0.01432	0.01266	0.05410	0.62006	0.00932	0.05875	0.01368	0.05196	0.00829	0.00935	0.00666	0.00499	0.00433	0.00128	0.00783	0.00329	0.00278	0.00600
63	0.05784	0.73958	0.05208	0.00850	0.01265	0.03863	0.00850	0.01465	0.00988	0.01210	0.00683	0.00789	0.00617	0.00420	0.00319	0.00108	0.00527	0.00264	0.00213	0.00619
64	0.02769	0.02155	0.50471	0.01278	0.01825	0.14362	0.02771	0.02806	0.09491	0.01555	0.01052	0.01162	0.02378	0.00509	0.00477	0.00149	0.01901	0.00388	0.00257	0.02246

[dist]
# distance from previous block
# <min> <max>
0	3

[block]
# block no. 2 follows, 52 sequences, length 66
# corresponding to MSA columns:
# 194-259
name=unknown_C
#
# <colnr> <probs for GDERKNQSTAVLIFYWHMCP>
#	G	D	E	R	K	N	Q	S	T	A	V	L	I	F	Y	W	H	M	C	P
0	0.00885	0.11236	0.01187	0.28291	0.01710	0.00899	0.00821	0.04653	0.01203	0.01596	0.32496	0.02443	0.09224	0.00747	0.00505	0.00150	0.00423	0.00638	0.00374	0.00519
1	0.01936	0.01049	0.01244	0.00971	0.01339	0.01065	0.00797	0.30709	0.10931	0.42211	0.01640	0.01487	0.01093	0.00600	0.00487	0.00150	0.00454	0.00475	0.00544	0.00818
2	0.00702	0.00479	0.00574	0.00574	0.00589	0.00494	0.00350	0.00734	0.00718	0.00973	0.01486	0.02943	0.01663	0.68663	0.16637	0.00526	0.00619	0.00671	0.00287	0.00319
3	0.00915	0.00861	0.01453	0.81804	0.03338	0.01077	0.01346	0.01238	0.00969	0.01238	0.00861	0.01292	0.00646	0.00484	0.00484	0.00161	0.00646	0.00431	0.00215	0.00538
4	0.01199	0.01151	0.01967	0.02974	0.79946	0.01151	0.01487	0.01487	0.01103	0.01583	0.00912	0.01199	0.00768	0.00432	0.00480	0.00144	0.00576	0.00432	0.00240	0.00768
5	0.00708	0.00474	0.00540	0.00545	0.00551	0.00474	0.00316	0.00719	0.00724	0.00963	0.01575	0.03277	0.01809	0.79195	0.02383	0.00458	0.00469	0.04217	0.00301	0.00301
6	0.01048	0.00997	0.01694	0.44825	0.39275	0.01112	0.01412	0.01355	0.01032	0.01400	0.00885	0.01249	0.00703	0.00460	0.00482	0.00153	0.00613	0.00431	0.00227	0.00646
7	0.00590	0.00422	0.00562	0.00675	0.00703	0.00394	0.00450	0.00675	0.00928	0.01237	0.02671	0.82653	0.03205	0.01518	0.00619	0.00197	0.00281	0.01378	0.00450	0.00394
8	0.00598	0.00491	0.00528	0.00533	0.00681	0.00421	0.00402	0.00737	0.01132	0.01397	0.14765	0.08578	0.62458	0.01215	0.00579	0.00166	0.00253	0.04189	0.00461	0.00416
9	0.03549	0.00850	0.01057	0.00856	0.01178	0.00821	0.00692	0.04757	0.17835	0.50377	0.07584	0.01801	0.01482	0.00636	0.00484	0.00151	0.00388	0.00521	0.04217	0.00763
10	0.00972	0.02507	0.80458	0.01381	0.02097	0.01125	0.01790	0.01535	0.01023	0.01535	0.00870	0.01023	0.00614	0.00460	0.00460	0.00153	0.00716	0.00358	0.00205	0.00716
11	0.01215	0.58178	0.22705	0.00980	0.01465	0.01672	0.01077	0.03703	0.01028	0.01298	0.00752	0.00876	0.00638	0.00498	0.02037	0.00132	0.00586	0.00295	0.00216	0.00648
12	0.00683	0.00495	0.00643	0.00606	0.00722	0.00456	0.00455	0.00908	0.01364	0.01925	0.77521	0.03650	0.06754	0.00998	0.00572	0.00153	0.00229	0.00881	0.00531	0.00456
13	0.01164	0.01304	0.02675	0.01933	0.02389	0.03538	0.69737	0.03755	0.01169	0.01568	0.01029	0.03994	0.00815	0.00461	0.00585	0.00164	0.02232	0.00585	0.00258	0.00645
14	0.78378	0.06301	0.00854	0.00668	0.00967	0.01153	0.00560	0.01419	0.00833	0.02078	0.00674	0.00794	0.00534	0.00459	0.00338	0.00149	0.02752	0.00267	0.00291	0.00531
15	0.01036	0.00986	0.01666	0.47402	0.34805	0.01117	0.01397	0.01339	0.01019	0.01378	0.00876	0.01248	0.00696	0.00472	0.00510	0.00156	0.02610	0.00431	0.00225	0.00632
16	0.01714	0.04488	0.01413	0.01225	0.01462	0.66635	0.00939	0.05543	0.01341	0.01273	0.00765	0.00916	0.00643	0.00577	0.01693	0.00142	0.08074	0.00330	0.00257	0.00572
17	0.00752	0.00477	0.00573	0.00556	0.00667	0.00451	0.00414	0.00970	0.01222	0.01846	0.47375	0.07101	0.05102	0.00878	0.00495	0.00142	0.00231	0.00761	0.29537	0.00451
18	0.00590	0.00425	0.00559	0.00666	0.00701	0.00394	0.00446	0.00676	0.00936	0.01240	0.02776	0.78982	0.06808	0.01505	0.00616	0.00195	0.00279	0.01361	0.00450	0.00394
19	0.01173	0.00977	0.01026	0.00928	0.01185	0.01124	0.00721	0.02418	0.70595	0.02003	0.01930	0.01808	0.01454	0.00647	0.00476	0.00159	0.00366	0.00537	0.09742	0.00733
20	0.01779	0.02244	0.01359	0.01235	0.01486	0.76908	0.00928	0.01968	0.05379	0.01229	0.00812	0.00922	0.00668	0.00508	0.00440	0.00127	0.00849	0.00324	0.00262	0.00572
21	0.00705	0.00470	0.00529	0.00529	0.00529	0.00470	0.00294	0.00705	0.00705	0.00940	0.01527	0.03171	0.01762	0.82969	0.02467	0.00470	0.00470	0.00705	0.00294	0.00294
22	0.01065	0.01073	0.01555	0.01312	0.01337	0.01471	0.05037	0.01186	0.00763	0.01186	0.00654	0.01073	0.00641	0.00826	0.01538	0.00210	0.77892	0.00432	0.00214	0.00536
23	0.86392	0.00937	0.00712	0.00637	0.00937	0.01087	0.00525	0.01425	0.00825	0.02174	0.00675	0.00787	0.00525	0.00450	0.00300	0.00150	0.00375	0.00262	0.00300	0.00525
24	0.00781	0.00558	0.00781	0.00892	0.01004	0.00558	0.00781	0.01004	0.01116	0.01450	0.02566	0.05466	0.02789	0.01339	0.00669	0.00223	0.00446	0.76685	0.00446	0.00446
25	0.01399	0.59606	0.06275	0.00919	0.01335	0.04583	0.00891	0.12620	0.03465	0.03772	0.00831	0.00905	0.00692	0.00457	0.00359	0.00116	0.00536	0.00307	0.00268	0.00664
26	0.00614	0.00438	0.00589	0.00701	0.00740	0.00414	0.00490	0.00715	0.00951	0.01263	0.02658	0.73219	0.03154	0.01496	0.00625	0.00200	0.00301	0.10582	0.00449	0.00400
27	0.01205	0.01041	0.01096	0.00986	0.01260	0.01205	0.00767	0.02575	0.79071	0.02027	0.01972	0.01808	0.01479	0.00657	0.00493	0.00164	0.00384	0.00548	0.00493	0.00767
28	0.01129	0.00991	0.01227	0.28047	0.01964	0.01172	0.00966	0.04650	0.50367	0.01797	0.01573	0.01614	0.01179	0.00597	0.00490	0.00163	0.00476	0.00505	0.00400	0.00692
29	0.01296	0.83261	0.02539	0.00829	0.01244	0.01917	0.00829	0.01451	0.00985	0.01140	0.00674	0.00777	0.00622	0.00415	0.00311	0.00104	0.00518	0.00259	0.00207	0.00622
30	0.01199	0.01151	0.01967	0.02974	0.79946	0.01151	0.01487	0.01487	0.01103	0.01583	0.00912	0.01199	0.00768	0.00432	0.00480	0.00144	0.00576	0.00432	0.00240	0.00768
31	0.00642	0.00460	0.00628	0.00733	0.00785	0.00446	0.00538	0.00765	0.00963	0.01280	0.02557	0.59103	0.02977	0.01613	0.05867	0.00241	0.00386	0.19169	0.00437	0.00409
32	0.00929	0.00742	0.01150	0.49657	0.07183	0.00872	0.01017	0.01217	0.00993	0.01450	0.01105	0.01459	0.00853	0.00508	0.00435	0.00144	0.00501	0.00438	0.28822	0.00524
33	0.01816	0.01333	0.01433	0.01103	0.01480	0.01475	0.00908	0.76328	0.02236	0.02997	0.01155	0.01171	0.00825	0.00610	0.00521	0.02355	0.00530	0.00436	0.00478	0.00808
34	0.00744	0.00534	0.00736	0.00834	0.00936	0.00525	0.00704	0.00947	0.01109	0.01455	0.08221	0.15382	0.04856	0.01334	0.00653	0.00213	0.00404	0.59520	0.00453	0.00439
35	0.00690	0.00498	0.00654	0.00623	0.00737	0.00462	0.00472	0.00919	0.01360	0.01920	0.76061	0.03707	0.04489	0.01007	0.00576	0.00156	0.00239	0.04444	0.00529	0.00457
36	0.01199	0.01151	0.01967	0.02974	0.79946	0.01151	0.01487	0.01487	0.01103	0.01583	0.00912	0.01199	0.00768	0.00432	0.00480	0.00144	0.00576	0.00432	0.00240	0.00768
37	0.01199	0.01151	0.01967	0.02974	0.79946	0.01151	0.01487	0.01487	0.01103	0.01583	0.00912	0.01199	0.00768	0.00432	0.00480	0.00144	0.00576	0.00432	0.00240	0.00768
38	0.00842	0.00421	0.00631	0.00631	0.00631	0.00421	0.00421	0.00631	0.00631	0.00842	0.00842	0.01473	0.00842	0.01684	0.01894	0.85901	0.00421	0.00421	0.00210	0.00210
39	0.01133	0.01286	0.02793	0.05797	0.02571	0.01218	0.74570	0.01538	0.01136	0.01538	0.00975	0.01306	0.00731	0.00412	0.00568	0.00163	0.00809	0.00565	0.00244	0.00648
40	0.01150	0.00983	0.01048	0.00946	0.01203	0.01126	0.00734	0.02399	0.70842	0.02018	0.10203	0.02000	0.01807	0.00693	0.00501	0.00163	0.00367	0.00583	0.00497	0.00734
41	0.00828	0.00505	0.00680	0.00747	0.00840	0.00477	0.00568	0.00970	0.01035	0.09696	0.02509	0.47997	0.02780	0.01324	0.00606	0.00195	0.00340	0.22969	0.04475	0.00457
42	0.00578	0.00484	0.00503	0.00513	0.00661	0.00409	0.00379	0.00699	0.01093	0.01318	0.06599	0.12896	0.69706	0.01252	0.00578	0.00167	0.00249	0.01057	0.00452	0.00409
43	0.01013	0.06527	0.68129	0.01521	0.10298	0.01169	0.01709	0.01525	0.01030	0.01519	0.00864	0.01029	0.00631	0.00455	0.00455	0.00150	0.00691	0.00361	0.00208	0.00717
44	0.09473	0.00839	0.01065	0.00831	0.01184	0.00770	0.00684	0.06122	0.01361	0.64700	0.01745	0.01558	0.01124	0.00584	0.00462	0.00147	0.00404	0.00463	0.05709	0.00776
45	0.01376	0.01227	0.01337	0.05282	0.01405	0.15742	0.02605	0.10744	0.01189	0.11481	0.02484	0.01508	0.08237	0.00730	0.00916	0.00171	0.32157	0.00480	0.00329	0.00599
46	0.00718	0.00494	0.00630	0.00606	0.00723	0.00453	0.00451	0.00921	0.01286	0.03978	0.59495	0.11939	0.10487	0.01036	0.00564	0.00156	0.00241	0.00911	0.04455	0.00456
47	0.01226	0.67786	0.07401	0.00860	0.01259	0.01706	0.00866	0.01411	0.00972	0.02560	0.00774	0.00928	0.00694	0.00762	0.08874	0.00179	0.00612	0.00297	0.00220	0.00612
48	0.00884	0.00544	0.00720	0.00670	0.00818	0.00500	0.00523	0.01105	0.01343	0.11864	0.60484	0.03580	0.05088	0.00981	0.00571	0.00160	0.00275	0.08857	0.00531	0.00502
49	0.01151	0.01069	0.01769	0.06510	0.64172	0.01084	0.01344	0.04941	0.01133	0.01598	0.01107	0.09828	0.01022	0.00556	0.00495	0.00150	0.00546	0.00532	0.00272	0.00719
50	0.01140	0.00975	0.01039	0.00953	0.01201	0.01119	0.00733	0.02374	0.70795	0.01944	0.02046	0.10370	0.01662	0.00749	0.00506	0.00168	0.00373	0.00636	0.00489	0.00727
51	0.01187	0.01057	0.01272	0.01089	0.01382	0.01190	0.08959	0.02428	0.69015	0.01975	0.03670	0.01797	0.01472	0.00639	0.00503	0.00164	0.00426	0.00558	0.00468	0.00748
52	0.01296	0.83261	0.02539	0.00829	0.01244	0.01917	0.00829	0.01451	0.00985	0.01140	0.00674	0.00777	0.00622	0.00415	0.00311	0.00104	0.00518	0.00259	0.00207	0.00622
53	0.86392	0.00937	0.00712	0.00637	0.00937	0.01087	0.00525	0.01425	0.00825	0.02174	0.00675	0.00787	0.00525	0.00450	0.00300	0.00150	0.00375	0.00262	0.00300	0.00525
54	0.00850	0.00549	0.00803	0.00775	0.00888	0.00610	0.00601	0.01016	0.00839	0.09498	0.01375	0.01942	0.01238	0.07364	0.68505	0.00696	0.01162	0.00525	0.00297	0.00467
55	0.00689	0.00520	0.00701	0.00813	0.04409	0.00523	0.00541	0.01931	0.00953	0.01285	0.05095	0.56145	0.03805	0.10011	0.00857	0.00223	0.04545	0.06121	0.00415	0.00420
56	0.00595	0.00425	0.00566	0.00672	0.00704	0.00397	0.00450	0.00686	0.00948	0.01270	0.06232	0.78999	0.03268	0.01494	0.00616	0.00195	0.00279	0.01354	0.00454	0.00397
57	0.00915	0.00861	0.01453	0.81804	0.03338	0.01077	0.01346	0.01238	0.00969	0.01238	0.00861	0.01292	0.00646	0.00484	0.00484	0.00161	0.00646	0.00431	0.00215	0.00538
58	0.00650	0.00466	0.00606	0.00647	0.00716	0.00436	0.00461	0.00795	0.01103	0.01509	0.33166	0.37824	0.05477	0.07835	0.00751	0.00202	0.00286	0.06185	0.00470	0.00415
59	0.00742	0.00532	0.00630	0.00607	0.00607	0.00577	0.00375	0.00754	0.00709	0.00964	0.01433	0.02948	0.01643	0.74272	0.02374	0.00443	0.09113	0.00675	0.00285	0.00319
60	0.01005	0.00482	0.00506	0.00485	0.00619	0.00473	0.00369	0.01228	0.01046	0.08113	0.01607	0.01794	0.01239	0.00567	0.00351	0.00116	0.00241	0.00455	0.78824	0.00482
61	0.00651	0.00552	0.00633	0.00602	0.00736	0.00534	0.00463	0.00797	0.01130	0.01444	0.22179	0.04035	0.53555	0.01131	0.00680	0.00166	0.08908	0.00925	0.00445	0.00433
62	0.77316	0.00893	0.00719	0.00652	0.00930	0.01036	0.00533	0.01365	0.00820	0.02063	0.00741	0.00905	0.00598	0.00787	0.08851	0.00217	0.00473	0.00290	0.00296	0.00515
63	0.00693	0.00465	0.00532	0.00544	0.00547	0.00462	0.00310	0.00702	0.00728	0.00971	0.01648	0.11589	0.01915	0.74343	0.02271	0.00441	0.00450	0.00776	0.00310	0.00304
64	0.01175	0.01022	0.01134	0.09545	0.01480	0.01192	0.00828	0.02433	0.70800	0.01944	0.01855	0.01753	0.01391	0.00639	0.00492	0.00164	0.00411	0.00535	0.00464	0.00743
65	0.01274	0.01202	0.01471	0.06159	0.35919	0.15957	0.01080	0.01497	0.02728	0.07584	0.01256	0.03254	0.04636	0.09285	0.00742	0.00182	0.04354	0.00492	0.00293	0.00636

[dist]
# distance from previous block
# <min> <max>
0	3

[block]
# block no. 3 follows, 52 sequences, length 37
# corresponding to MSA columns:
# 263-294,296,297,299-301
name=unknown_D
#
# <colnr> <probs for GDERKNQSTAVLIFYWHMCP>
#	G	D	E	R	K	N	Q	S	T	A	V	L	I	F	Y	W	H	M	C	P
0	0.01330	0.01381	0.02069	0.01540	0.01959	0.13221	0.40177	0.11543	0.05669	0.02618	0.01018	0.01212	0.00774	0.00454	0.00504	0.00142	0.00694	0.00472	0.00301	0.12924
1	0.01457	0.01711	0.01345	0.01199	0.01427	0.49456	0.08005	0.04216	0.01285	0.01329	0.02841	0.10112	0.01222	0.00767	0.02205	0.00162	0.02495	0.07919	0.00303	0.00545
2	0.01383	0.01241	0.01970	0.01436	0.01876	0.01221	0.33936	0.30740	0.01550	0.02130	0.01027	0.01195	0.00766	0.00465	0.00498	0.00139	0.00621	0.00466	0.00344	0.16995
3	0.00900	0.00834	0.01360	0.16474	0.01713	0.00847	0.19435	0.02733	0.06291	0.03176	0.08180	0.04648	0.27522	0.00803	0.00576	0.00164	0.02713	0.00728	0.00362	0.00540
4	0.01054	0.01007	0.01721	0.42913	0.39882	0.01115	0.02641	0.01362	0.01036	0.01408	0.00887	0.01248	0.00705	0.00458	0.00484	0.00153	0.00615	0.00433	0.00228	0.00650
5	0.01145	0.01096	0.01869	0.18021	0.65324	0.01137	0.01460	0.01440	0.01078	0.01517	0.00902	0.01217	0.00744	0.00442	0.00481	0.00147	0.00589	0.00432	0.00235	0.00724
6	0.01136	0.00923	0.01007	0.00918	0.01140	0.01056	0.00701	0.02204	0.64099	0.01801	0.01757	0.01744	0.01358	0.00853	0.00760	0.16529	0.00391	0.00524	0.00439	0.00661
7	0.01186	0.00727	0.00776	0.00666	0.00881	0.00741	0.00527	0.21517	0.01395	0.08105	0.02132	0.02170	0.16113	0.00698	0.00433	0.00134	0.00325	0.00559	0.40343	0.00571
8	0.00695	0.00510	0.00731	0.00731	0.00801	0.00580	0.00546	0.00835	0.00765	0.01090	0.01342	0.02146	0.01317	0.18777	0.66050	0.00720	0.01140	0.00555	0.00266	0.00406
9	0.01945	0.01146	0.16267	0.00961	0.01401	0.00791	0.00918	0.02204	0.01318	0.65252	0.01713	0.01530	0.01088	0.00573	0.00482	0.00151	0.00470	0.00463	0.00524	0.00804
10	0.01297	0.01510	0.02432	0.01972	0.10980	0.18779	0.52590	0.01629	0.01190	0.01475	0.00922	0.01200	0.00714	0.00431	0.00532	0.00153	0.00802	0.00499	0.00246	0.00646
11	0.01305	0.01314	0.01489	0.05173	0.01484	0.16601	0.04184	0.07594	0.03981	0.04012	0.00818	0.01102	0.00704	0.00709	0.01108	0.00182	0.46973	0.00417	0.00266	0.00584
12	0.01352	0.01088	0.01458	0.01156	0.01464	0.05100	0.17888	0.18514	0.15544	0.07530	0.01418	0.01610	0.01087	0.00587	0.00515	0.00151	0.02898	0.03295	0.16677	0.00669
13	0.01042	0.01112	0.02288	0.01681	0.02042	0.01072	0.57562	0.01349	0.01035	0.01408	0.01112	0.03757	0.00990	0.16217	0.00984	0.00225	0.04683	0.00611	0.00258	0.00572
14	0.00684	0.00492	0.00619	0.00587	0.00707	0.00451	0.00440	0.00900	0.01321	0.01861	0.66659	0.03646	0.13269	0.00996	0.00559	0.00152	0.00230	0.00871	0.05105	0.00451
15	0.00935	0.00866	0.01434	0.61655	0.14585	0.01024	0.01263	0.01228	0.00982	0.01288	0.01062	0.01502	0.03641	0.04511	0.00581	0.00173	0.00605	0.00466	0.01646	0.00555
16	0.02395	0.01165	0.05812	0.01382	0.11300	0.08552	0.15481	0.06986	0.05613	0.15822	0.16247	0.04127	0.01655	0.00627	0.00514	0.00152	0.00537	0.00570	0.00398	0.00665
17	0.00576	0.00478	0.00505	0.00526	0.00664	0.00406	0.00384	0.00692	0.01071	0.01295	0.04482	0.19549	0.65140	0.01283	0.00581	0.00170	0.00252	0.01090	0.00450	0.00406
18	0.01092	0.00956	0.01454	0.66404	0.02987	0.01158	0.01265	0.15953	0.01219	0.01585	0.00919	0.01267	0.00680	0.00503	0.00485	0.00158	0.00624	0.00432	0.00267	0.00593
19	0.01193	0.01037	0.01746	0.25604	0.45871	0.01090	0.03945	0.02896	0.01115	0.07663	0.02572	0.01313	0.00843	0.00473	0.00487	0.00150	0.00584	0.00450	0.00271	0.00696
20	0.17444	0.01094	0.01699	0.06936	0.60582	0.01135	0.01296	0.01461	0.01043	0.01677	0.00864	0.01126	0.00714	0.00438	0.00446	0.00146	0.00541	0.00399	0.00250	0.00708
21	0.17121	0.00630	0.00768	0.00844	0.00991	0.00659	0.00732	0.01084	0.01060	0.01588	0.02205	0.04573	0.02357	0.01169	0.00599	0.00209	0.00433	0.62098	0.00418	0.00461
22	0.00852	0.00697	0.04590	0.00731	0.00900	0.00650	0.00609	0.01281	0.14332	0.01792	0.29792	0.03086	0.05566	0.00880	0.00540	0.00159	0.01965	0.12689	0.18371	0.00519
23	0.01331	0.22948	0.40377	0.01116	0.01667	0.01253	0.01276	0.03323	0.02764	0.17980	0.01067	0.01110	0.00761	0.00485	0.00429	0.00140	0.00591	0.00365	0.00300	0.00718
24	0.00662	0.00577	0.00577	0.00579	0.00741	0.02839	0.00442	0.00861	0.05385	0.01368	0.06226	0.07601	0.62686	0.01188	0.00573	0.00168	0.00287	0.06355	0.00448	0.00436
25	0.00894	0.00682	0.00784	0.00762	0.00949	0.00674	0.00630	0.15630	0.01333	0.01696	0.03309	0.04299	0.35603	0.01146	0.00592	0.00183	0.00376	0.29502	0.00455	0.00502
26	0.01158	0.01011	0.01189	0.05030	0.05470	0.01147	0.03370	0.03118	0.62316	0.01930	0.04119	0.03850	0.01525	0.00671	0.00503	0.00164	0.00416	0.01826	0.00457	0.00729
27	0.01340	0.04420	0.04444	0.39929	0.08133	0.05659	0.02809	0.05112	0.02680	0.19096	0.01125	0.01315	0.00802	0.00510	0.00476	0.00152	0.00592	0.00432	0.00323	0.00651
28	0.01075	0.17872	0.61756	0.01270	0.01906	0.05183	0.01566	0.01538	0.01033	0.01443	0.00826	0.00969	0.00616	0.00454	0.00431	0.00143	0.00686	0.00337	0.00207	0.00691
29	0.00880	0.00659	0.00764	0.00678	0.00856	0.00645	0.00525	0.15638	0.01481	0.02004	0.46857	0.03400	0.21796	0.00969	0.00555	0.00154	0.00291	0.00827	0.00504	0.00516
30	0.01411	0.01213	0.01571	0.01253	0.01542	0.05806	0.14256	0.20898	0.20050	0.07161	0.03202	0.01400	0.01036	0.00627	0.00712	0.00165	0.16115	0.00491	0.00389	0.00701
31	0.08993	0.02308	0.03355	0.01213	0.10049	0.03571	0.00896	0.29784	0.18561	0.11153	0.01383	0.04314	0.01051	0.00599	0.00471	0.00151	0.00483	0.00477	0.00437	0.00750
32	0.04581	0.01640	0.16351	0.01137	0.03495	0.20229	0.01008	0.24547	0.05834	0.03734	0.03974	0.01476	0.07255	0.00600	0.00470	0.00144	0.00595	0.00455	0.01802	0.00673
33	0.01423	0.60885	0.03739	0.00944	0.01326	0.19902	0.00875	0.03809	0.01112	0.01214	0.00709	0.00815	0.00628	0.00440	0.00348	0.00111	0.00603	0.00278	0.00225	0.00616
34	0.00596	0.00442	0.00559	0.00650	0.00708	0.00405	0.00450	0.00695	0.00971	0.01261	0.03093	0.64019	0.17795	0.01454	0.00612	0.00192	0.00282	0.04967	0.00450	0.00399
35	0.01169	0.01121	0.01912	0.11353	0.71804	0.01143	0.01472	0.01461	0.01089	0.01547	0.00906	0.01209	0.00755	0.00437	0.00480	0.00146	0.00583	0.00432	0.00237	0.00743
36	0.12566	0.24163	0.41467	0.01164	0.01718	0.01353	0.06013	0.03760	0.01030	0.01559	0.00806	0.00946	0.00618	0.00447	0.00406	0.00140	0.00617	0.00334	0.00229	0.00664

[dist]
# distance from previous block
# <min> <max>
1	3

[block]
# block no. 4 follows, 52 sequences, length 53
# corresponding to MSA columns:
# 309-341,350-369
name=unknown_E
#
# <colnr> <probs for GDERKNQSTAVLIFYWHMCP>
#	G	D	E	R	K	N	Q	S	T	A	V	L	I	F	Y	W	H	M	C	P
0	0.00691	0.00511	0.00676	0.04132	0.00834	0.00482	0.00492	0.00919	0.01342	0.01884	0.72938	0.03565	0.07747	0.00979	0.00568	0.00153	0.00248	0.00864	0.00516	0.00459
1	0.03459	0.02075	0.03444	0.01228	0.01512	0.61971	0.03265	0.09856	0.04761	0.01468	0.02083	0.01002	0.00744	0.00518	0.00448	0.00132	0.00791	0.00352	0.00289	0.00602
2	0.01159	0.01109	0.01879	0.06556	0.72915	0.01116	0.01432	0.01441	0.01097	0.01555	0.01083	0.01354	0.04194	0.00469	0.00484	0.00146	0.00565	0.00457	0.00248	0.00741
3	0.00604	0.00423	0.00557	0.00665	0.00697	0.00396	0.00445	0.00695	0.00932	0.01262	0.02624	0.79140	0.03120	0.01477	0.00606	0.00193	0.00279	0.01337	0.04152	0.00396
4	0.00678	0.00495	0.00573	0.02447	0.00766	0.00437	0.00438	0.00796	0.01058	0.05779	0.03892	0.30673	0.47684	0.01272	0.00581	0.00174	0.00276	0.01098	0.00453	0.00431
5	0.00981	0.00836	0.00980	0.00715	0.01123	0.00632	0.00567	0.01189	0.01000	0.01560	0.00964	0.05652	0.00859	0.00425	0.00374	0.00079	0.00354	0.00349	0.00296	0.81063
6	0.04982	0.77007	0.05043	0.00839	0.01259	0.01855	0.00848	0.01453	0.00979	0.01198	0.00680	0.00786	0.00617	0.00418	0.00315	0.00107	0.00519	0.00263	0.00211	0.00621
7	0.01904	0.01341	0.01450	0.01125	0.01508	0.01453	0.00919	0.70239	0.02215	0.08540	0.01294	0.01310	0.00927	0.00628	0.00511	0.00158	0.00540	0.00463	0.02623	0.00849
8	0.00624	0.00519	0.00551	0.00550	0.00710	0.00458	0.00421	0.00818	0.04502	0.01411	0.11873	0.04491	0.64143	0.01187	0.00575	0.00166	0.00263	0.05847	0.00460	0.00432
9	0.50514	0.00889	0.00888	0.00733	0.01065	0.00927	0.00605	0.01824	0.01064	0.35449	0.01202	0.01155	0.00812	0.00514	0.00380	0.00150	0.00391	0.00358	0.00428	0.00653
10	0.01250	0.01118	0.01891	0.06209	0.71617	0.01120	0.01431	0.01533	0.01116	0.06622	0.00974	0.01232	0.00790	0.00445	0.00480	0.00145	0.00568	0.00435	0.00262	0.00761
11	0.01286	0.80823	0.04891	0.00846	0.01270	0.01894	0.00858	0.01454	0.00986	0.01152	0.00680	0.00785	0.00622	0.00416	0.00315	0.00105	0.00524	0.00262	0.00207	0.00625
12	0.00573	0.00491	0.00491	0.00491	0.00655	0.00409	0.00368	0.00695	0.01105	0.01309	0.04909	0.04664	0.79750	0.01227	0.00573	0.00164	0.00245	0.01023	0.00450	0.00409
13	0.00972	0.02507	0.80458	0.01381	0.02097	0.01125	0.01790	0.01535	0.01023	0.01535	0.00870	0.01023	0.00614	0.00460	0.00460	0.00153	0.00716	0.00358	0.00205	0.00716
14	0.01199	0.01151	0.01967	0.02974	0.79946	0.01151	0.01487	0.01487	0.01103	0.01583	0.00912	0.01199	0.00768	0.00432	0.00480	0.00144	0.00576	0.00432	0.00240	0.00768
15	0.01868	0.00942	0.01238	0.01104	0.08802	0.00910	0.00815	0.18741	0.01526	0.48418	0.05442	0.01608	0.01242	0.00737	0.04148	0.00177	0.00486	0.00491	0.00521	0.00783
16	0.00944	0.00491	0.00495	0.00480	0.00605	0.00497	0.00364	0.04467	0.01071	0.01861	0.01563	0.01779	0.01224	0.00565	0.00345	0.00114	0.00239	0.00451	0.81977	0.00468
17	0.01136	0.01290	0.02664	0.01930	0.02378	0.03834	0.70001	0.01512	0.01132	0.01516	0.01051	0.05404	0.00854	0.00477	0.00592	0.00165	0.02574	0.00601	0.00255	0.00635
18	0.31050	0.01177	0.01161	0.05584	0.03728	0.07581	0.00804	0.27728	0.01434	0.08202	0.03009	0.01114	0.00810	0.00543	0.00467	0.00150	0.04039	0.00380	0.00377	0.00659
19	0.00578	0.00491	0.00498	0.00497	0.00658	0.00411	0.00372	0.00706	0.01117	0.01339	0.08491	0.04614	0.76149	0.01216	0.00573	0.00163	0.00245	0.01016	0.00454	0.00411
20	0.00694	0.00510	0.00734	0.00734	0.00806	0.00582	0.00550	0.00837	0.00766	0.01092	0.01339	0.02128	0.01309	0.17695	0.67122	0.00724	0.01151	0.00552	0.00266	0.00408
21	0.01005	0.00861	0.01005	0.00718	0.01148	0.00646	0.00574	0.01220	0.01005	0.01579	0.00861	0.01005	0.00718	0.00359	0.00359	0.00072	0.00359	0.00287	0.00287	0.85932
22	0.00596	0.00429	0.00566	0.00674	0.00710	0.00400	0.00457	0.00686	0.00942	0.01247	0.02767	0.76706	0.06597	0.01500	0.00618	0.00196	0.00285	0.03778	0.00450	0.00396
23	0.01061	0.01069	0.01572	0.04114	0.01425	0.01454	0.06023	0.01194	0.00776	0.01194	0.00666	0.01084	0.00643	0.00807	0.01487	0.00207	0.74040	0.00434	0.00214	0.00538
24	0.01298	0.77070	0.05969	0.00867	0.01290	0.04420	0.00875	0.01470	0.00999	0.01159	0.00685	0.00791	0.00622	0.00419	0.00322	0.00107	0.00538	0.00265	0.00209	0.00624
25	0.00700	0.00493	0.00635	0.00600	0.00714	0.00457	0.00450	0.00928	0.01349	0.01935	0.74675	0.03503	0.04359	0.00963	0.00557	0.00150	0.00228	0.00849	0.06000	0.00457
26	0.00726	0.00554	0.00783	0.00775	0.00837	0.00648	0.00587	0.00863	0.00792	0.01144	0.01432	0.11603	0.01458	0.12466	0.51211	0.00592	0.09233	0.00632	0.03243	0.00422
27	0.00604	0.00492	0.00534	0.00524	0.00674	0.00422	0.00393	0.00756	0.01178	0.01484	0.25506	0.04376	0.59044	0.01162	0.00572	0.00161	0.00241	0.00982	0.00473	0.00422
28	0.00915	0.00861	0.01453	0.81804	0.03338	0.01077	0.01346	0.01238	0.00969	0.01238	0.00861	0.01292	0.00646	0.00484	0.00484	0.00161	0.00646	0.00431	0.00215	0.00538
29	0.01199	0.01151	0.01967	0.02974	0.79946	0.01151	0.01487	0.01487	0.01103	0.01583	0.00912	0.01199	0.00768	0.00432	0.00480	0.00144	0.00576	0.00432	0.00240	0.00768
30	0.00686	0.00495	0.00648	0.00610	0.00724	0.00457	0.00457	0.00914	0.01372	0.01943	0.79691	0.03620	0.04572	0.00991	0.00572	0.00152	0.00229	0.00876	0.00533	0.00457
31	0.01199	0.01151	0.01967	0.02974	0.79946	0.01151	0.01487	0.01487	0.01103	0.01583	0.00912	0.01199	0.00768	0.00432	0.00480	0.00144	0.00576	0.00432	0.00240	0.00768
32	0.00712	0.00507	0.00652	0.00655	0.00773	0.00476	0.00517	0.00930	0.01266	0.01764	0.50206	0.04024	0.10540	0.01065	0.00579	0.00167	0.00280	0.18463	0.05973	0.00450
33	0.00590	0.00422	0.00562	0.00675	0.00703	0.00394	0.00450	0.00675	0.00928	0.01237	0.02671	0.82653	0.03205	0.01518	0.00619	0.00197	0.00281	0.01378	0.00450	0.00394
34	0.01199	0.01151	0.01967	0.02974	0.79946	0.01151	0.01487	0.01487	0.01103	0.01583	0.00912	0.01199	0.00768	0.00432	0.00480	0.00144	0.00576	0.00432	0.00240	0.00768
35	0.01190	0.01141	0.01949	0.05708	0.77290	0.01149	0.01482	0.01479	0.01099	0.01571	0.00910	0.01203	0.00763	0.00434	0.00480	0.00145	0.00578	0.00432	0.00239	0.00760
36	0.01005	0.00861	0.01005	0.00718	0.01148	0.00646	0.00574	0.01220	0.01005	0.01579	0.00861	0.01005	0.00718	0.00359	0.00359	0.00072	0.00359	0.00287	0.00287	0.85932
37	0.01093	0.01043	0.01774	0.32536	0.51218	0.01123	0.01434	0.01394	0.01053	0.01454	0.00893	0.01234	0.00722	0.00452	0.00482	0.00151	0.00602	0.00431	0.00231	0.00682
38	0.00692	0.00464	0.00532	0.00545	0.00549	0.00461	0.00312	0.00701	0.00730	0.00974	0.01659	0.12329	0.01928	0.73585	0.02254	0.00438	0.00448	0.00782	0.00312	0.00305
39	0.01136	0.43447	0.40956	0.01101	0.01665	0.01527	0.01303	0.01492	0.01004	0.01335	0.00770	0.00899	0.00618	0.00437	0.00385	0.00128	0.00616	0.00308	0.00206	0.00668
40	0.00618	0.00452	0.00577	0.00663	0.00714	0.00425	0.00454	0.00742	0.02813	0.01279	0.05295	0.64627	0.10455	0.05071	0.00694	0.00204	0.00292	0.03774	0.00447	0.00403
41	0.37958	0.01094	0.01099	0.00890	0.01214	0.01228	0.00735	0.31330	0.01451	0.11894	0.01011	0.01055	0.00730	0.00545	0.00477	0.00152	0.05688	0.00367	0.00402	0.00677
42	0.01217	0.01168	0.01926	0.05571	0.73900	0.02592	0.01458	0.03482	0.01134	0.01603	0.00913	0.01196	0.00762	0.00439	0.00479	0.00144	0.00582	0.00430	0.00246	0.00758
43	0.00590	0.00422	0.00562	0.00675	0.00703	0.00394	0.00450	0.00675	0.00928	0.01237	0.02671	0.82653	0.03205	0.01518	0.00619	0.00197	0.00281	0.01378	0.00450	0.00394
44	0.00682	0.00496	0.00690	0.04232	0.00938	0.00490	0.00623	0.00833	0.01006	0.01324	0.02551	0.47708	0.02926	0.01401	0.00634	0.00206	0.00364	0.32038	0.00438	0.00421
45	0.00986	0.05959	0.77128	0.01358	0.02061	0.01159	0.01749	0.01531	0.01021	0.01518	0.00861	0.01013	0.00614	0.00458	0.00454	0.00151	0.00708	0.00354	0.00205	0.00712
46	0.00623	0.00448	0.00598	0.00707	0.00754	0.00423	0.00505	0.00733	0.00966	0.01276	0.02724	0.66725	0.05589	0.01478	0.00626	0.00200	0.00309	0.14465	0.00449	0.00403
47	0.01050	0.01045	0.01465	0.01258	0.01261	0.01460	0.01047	0.01158	0.00743	0.01165	0.00655	0.01084	0.00652	0.00926	0.03817	0.00228	0.79818	0.00427	0.00213	0.00527
48	0.78792	0.01077	0.07808	0.00703	0.01040	0.01091	0.00637	0.01434	0.00842	0.02117	0.00692	0.00808	0.00533	0.00451	0.00314	0.00150	0.00405	0.00271	0.00291	0.00542
49	0.01145	0.31599	0.47243	0.01165	0.01751	0.01436	0.01387	0.06436	0.01090	0.01490	0.00818	0.00943	0.00630	0.00452	0.00408	0.00135	0.00633	0.00327	0.00224	0.00689
50	0.68367	0.01005	0.00857	0.00729	0.01047	0.01143	0.00601	0.14694	0.01098	0.05552	0.00810	0.00888	0.00604	0.00479	0.00339	0.00149	0.00404	0.00302	0.00344	0.00589
51	0.47762	0.01067	0.01064	0.01126	0.13986	0.04668	0.00761	0.09089	0.06834	0.03865	0.02772	0.01064	0.00786	0.00491	0.00380	0.00146	0.00443	0.00351	0.00332	0.03012
52	0.41899	0.01041	0.01057	0.00972	0.06678	0.01147	0.00729	0.18488	0.09605	0.12435	0.01097	0.01119	0.00797	0.00519	0.00398	0.00150	0.00429	0.00372	0.00396	0.00672

[dist]
# distance from previous block
# <min> <max>
1	12

[block]
# block no. 5 follows, 52 sequences, length 9
# corresponding to MSA columns:
# 390-398
name=unknown_F
#
# <colnr> <probs for GDERKNQSTAVLIFYWHMCP>
#	G	D	E	R	K	N	Q	S	T	A	V	L	I	F	Y	W	H	M	C	P
0	0.19167	0.22013	0.05151	0.00918	0.01293	0.01402	0.00818	0.23064	0.11929	0.08250	0.01093	0.01106	0.00819	0.00518	0.00402	0.00139	0.00475	0.00371	0.00373	0.00698
1	0.18446	0.10344	0.40795	0.01088	0.01623	0.01170	0.01238	0.06498	0.01107	0.12045	0.00965	0.01041	0.00687	0.00479	0.00417	0.00147	0.00575	0.00350	0.00294	0.00689
