[name]
unknown

[dist]
# distance from previous block
# <min> <max>
0	158

[block]
# block no. 0 follows, 52 sequences, length 25
# corresponding to MSA columns:
# 167-182,185-192,194
name=unknown_A
#
# <colnr> <probs for GDERKNQSTAVLIFYWHMCP>
#	G	D	E	R	K	N	Q	S	T	A	V	L	I	F	Y	W	H	M	C	P
0	0.13404	0.00999	0.01356	0.10396	0.09530	0.01061	0.08502	0.18520	0.03508	0.08015	0.06139	0.07258	0.01247	0.00634	0.00504	0.00155	0.02040	0.02697	0.00376	0.03660
1	0.01066	0.03959	0.04224	0.35426	0.41438	0.01132	0.01395	0.01368	0.01038	0.01416	0.00916	0.02830	0.00756	0.00475	0.00478	0.00151	0.00601	0.00442	0.00232	0.00659
2	0.01265	0.03477	0.05719	0.02574	0.04587	0.01076	0.07463	0.17060	0.16482	0.04568	0.03966	0.01341	0.01032	0.00516	0.00471	0.00130	0.01737	0.00433	0.00371	0.25730
3	0.00596	0.00473	0.00536	0.00560	0.00679	0.00413	0.00405	0.00726	0.01101	0.01395	0.16716	0.25617	0.46536	0.01267	0.00585	0.00171	0.00252	0.01095	0.00464	0.00413
4	0.00938	0.00720	0.00838	0.00748	0.00933	0.00746	0.00577	0.11167	0.17788	0.02073	0.49748	0.02975	0.07031	0.00880	0.00544	0.00155	0.00301	0.00758	0.00515	0.00567
5	0.00698	0.00467	0.00530	0.00537	0.00538	0.00466	0.00302	0.00703	0.00717	0.00956	0.01590	0.07531	0.01841	0.78501	0.02365	0.00455	0.00459	0.00742	0.00302	0.00299
6	0.00693	0.00493	0.00630	0.00596	0.00712	0.00455	0.00447	0.00917	0.01340	0.01908	0.72085	0.03567	0.07728	0.00978	0.00559	0.00151	0.00229	0.00860	0.05200	0.00455
7	0.01238	0.01057	0.01114	0.00993	0.01273	0.01221	0.00775	0.06485	0.75108	0.02080	0.01931	0.01775	0.01445	0.00654	0.00493	0.00163	0.00391	0.00542	0.00493	0.00770
8	0.86392	0.00937	0.00712	0.00637	0.00937	0.01087	0.00525	0.01425	0.00825	0.02174	0.00675	0.00787	0.00525	0.00450	0.00300	0.00150	0.00375	0.00262	0.00300	0.00525
9	0.01810	0.02310	0.01373	0.01248	0.01498	0.81024	0.00936	0.01935	0.01373	0.01186	0.00749	0.00874	0.00624	0.00499	0.00437	0.00125	0.00874	0.00312	0.00250	0.00562
10	0.01557	0.04355	0.05270	0.01205	0.13807	0.00836	0.02427	0.04243	0.01304	0.38332	0.14957	0.03593	0.01662	0.00633	0.00492	0.00146	0.00434	0.00542	0.00469	0.03736
11	0.01382	0.01506	0.01762	0.05220	0.52547	0.26287	0.01309	0.01619	0.01184	0.01446	0.00859	0.01100	0.00718	0.00455	0.00466	0.00139	0.00672	0.00394	0.00242	0.00695
12	0.01199	0.01151	0.01967	0.02974	0.79946	0.01151	0.01487	0.01487	0.01103	0.01583	0.00912	0.01199	0.00768	0.00432	0.00480	0.00144	0.00576	0.00432	0.00240	0.00768
13	0.00595	0.00426	0.00567	0.00671	0.00704	0.00397	0.00450	0.00687	0.00951	0.01274	0.06646	0.78574	0.03276	0.01491	0.00616	0.00195	0.00278	0.01352	0.00454	0.00397
14	0.01069	0.02033	0.53008	0.01852	0.24104	0.01129	0.05266	0.01539	0.01059	0.03163	0.00908	0.01099	0.00675	0.00453	0.00472	0.00151	0.00675	0.00392	0.00225	0.00730
15	0.00972	0.02507	0.80458	0.01381	0.02097	0.01125	0.01790	0.01535	0.01023	0.01535	0.00870	0.01023	0.00614	0.00460	0.00460	0.00153	0.00716	0.00358	0.00205	0.00716
16	0.00715	0.00515	0.00635	0.00607	0.00707	0.00488	0.00434	0.03573	0.01222	0.01688	0.50461	0.09179	0.09564	0.16984	0.00941	0.00218	0.00291	0.00875	0.00473	0.00430
17	0.00816	0.00698	0.00984	0.05841	0.09281	0.02094	0.05190	0.01105	0.05786	0.01634	0.31315	0.08592	0.15142	0.00948	0.00563	0.00165	0.00373	0.08527	0.00432	0.00513
18	0.01572	0.01197	0.05703	0.01442	0.01875	0.03000	0.35222	0.05839	0.06161	0.30760	0.01385	0.01434	0.00949	0.00508	0.00523	0.00156	0.00622	0.00516	0.00402	0.00733
19	0.00580	0.00490	0.00493	0.00493	0.00647	0.00413	0.00364	0.00696	0.01081	0.01288	0.04712	0.04577	0.75207	0.05989	0.00683	0.00181	0.00259	0.01004	0.00441	0.00402
20	0.00594	0.00428	0.00563	0.00664	0.00702	0.00397	0.00447	0.00687	0.00956	0.01273	0.06376	0.75701	0.06454	0.01481	0.00614	0.00193	0.00277	0.01339	0.00454	0.00397
21	0.77387	0.00964	0.00793	0.00697	0.00984	0.01130	0.00575	0.05080	0.00889	0.02158	0.00696	0.00821	0.00546	0.00479	0.00384	0.00153	0.05142	0.00280	0.00304	0.00539
22	0.06248	0.21170	0.07635	0.01323	0.14816	0.11508	0.03564	0.05547	0.01137	0.04045	0.02416	0.04443	0.00868	0.00508	0.00442	0.00129	0.02355	0.00396	0.00278	0.11172
23	0.02994	0.12212	0.05066	0.06388	0.12853	0.14740	0.01012	0.22213	0.07231	0.03455	0.01192	0.01284	0.04484	0.00552	0.00476	0.00141	0.02259	0.00421	0.00336	0.00687
24	0.00834	0.00667	0.03975	0.00640	0.00739	0.00616	0.00445	0.06446	0.04915	0.01239	0.03766	0.02809	0.03269	0.61469	0.01947	0.00384	0.00463	0.00655	0.00324	0.04397

[dist]
# distance from previous block
# <min> <max>
1	5

[block]
# block no. 1 follows, 52 sequences, length 14
# corresponding to MSA columns:
# 200-213
name=unknown_B
#
# <colnr> <probs for GDERKNQSTAVLIFYWHMCP>
#	G	D	E	R	K	N	Q	S	T	A	V	L	I	F	Y	W	H	M	C	P
0	0.00620	0.00466	0.00571	0.00608	0.00698	0.00422	0.00434	0.00756	0.01097	0.01449	0.24644	0.35410	0.24122	0.03683	0.00649	0.00184	0.00267	0.03037	0.00468	0.00414
1	0.00805	0.00805	0.07948	0.00852	0.05062	0.00675	0.00674	0.01242	0.14923	0.01740	0.35438	0.05618	0.18908	0.00927	0.00547	0.00159	0.00327	0.02352	0.00460	0.00539
2	0.01806	0.01440	0.01353	0.05292	0.01532	0.20412	0.00892	0.38439	0.01769	0.16454	0.01169	0.01181	0.00830	0.00549	0.00468	0.00139	0.00591	0.00408	0.00426	0.04849
3	0.01091	0.01063	0.03422	0.15818	0.26108	0.02795	0.20716	0.01400	0.01121	0.04545	0.09836	0.01661	0.01247	0.00679	0.04301	0.00185	0.00644	0.02442	0.00289	0.00637
4	0.01260	0.12555	0.01940	0.04694	0.57143	0.04310	0.01305	0.03237	0.01123	0.03487	0.00900	0.01134	0.00749	0.00438	0.00451	0.00136	0.00568	0.00399	0.00251	0.03921
5	0.00649	0.00488	0.00559	0.00565	0.00697	0.00426	0.00414	0.00789	0.01136	0.03806	0.20741	0.20047	0.45518	0.01215	0.00579	0.00167	0.00254	0.01046	0.00473	0.00429
6	0.01281	0.79523	0.06146	0.00855	0.01283	0.01881	0.00874	0.01455	0.00986	0.01158	0.00683	0.00789	0.00622	0.00417	0.00318	0.00106	0.00527	0.00264	0.00207	0.00626
7	0.00590	0.00422	0.00562	0.00675	0.00703	0.00394	0.00450	0.00675	0.00928	0.01237	0.02671	0.82653	0.03205	0.01518	0.00619	0.00197	0.00281	0.01378	0.00450	0.00394
8	0.01005	0.00861	0.01005	0.00718	0.01148	0.00646	0.00574	0.01220	0.01005	0.01579	0.00861	0.01005	0.00718	0.00359	0.00359	0.00072	0.00359	0.00287	0.00287	0.85932
9	0.00972	0.02507	0.80458	0.01381	0.02097	0.01125	0.01790	0.01535	0.01023	0.01535	0.00870	0.01023	0.00614	0.00460	0.00460	0.00153	0.00716	0.00358	0.00205	0.00716
10	0.00673	0.00483	0.00673	0.00704	0.00763	0.00523	0.00510	0.00798	0.00817	0.01151	0.01717	0.24307	0.01839	0.14198	0.45224	0.00554	0.00867	0.00780	0.03016	0.00403
11	0.01144	0.01307	0.02859	0.02042	0.02533	0.01225	0.78186	0.01552	0.01144	0.01552	0.00980	0.01307	0.00735	0.00408	0.00572	0.00163	0.00817	0.00572	0.00245	0.00654
12	0.82128	0.05063	0.00804	0.00647	0.00953	0.01129	0.00540	0.01426	0.00833	0.02122	0.00675	0.00787	0.00530	0.00448	0.00300	0.00148	0.00382	0.00262	0.00295	0.00530
13	0.01056	0.07763	0.71163	0.01318	0.01996	0.01156	0.01671	0.01572	0.01040	0.05617	0.00911	0.01040	0.00645	0.00465	0.00452	0.00150	0.00687	0.00358	0.00225	0.00716

[dist]
# distance from previous block
# <min> <max>
0	1

[block]
# block no. 2 follows, 52 sequences, length 37
# corresponding to MSA columns:
# 215-251
name=unknown_C
#
# <colnr> <probs for GDERKNQSTAVLIFYWHMCP>
#	G	D	E	R	K	N	Q	S	T	A	V	L	I	F	Y	W	H	M	C	P
0	0.00967	0.00721	0.00839	0.00677	0.00975	0.00597	0.00534	0.04699	0.01161	0.07794	0.10799	0.04982	0.22548	0.00749	0.00471	0.00122	0.00326	0.02314	0.00400	0.38324
1	0.01290	0.60197	0.15307	0.00954	0.01402	0.06843	0.00991	0.01553	0.03643	0.02862	0.00780	0.00877	0.00661	0.00440	0.00354	0.00116	0.00567	0.00293	0.00227	0.00643
2	0.01107	0.33300	0.39976	0.01109	0.01637	0.03586	0.01279	0.01502	0.03718	0.01362	0.00860	0.01014	0.00690	0.00676	0.06115	0.00178	0.00674	0.00337	0.00221	0.00657
3	0.00590	0.00492	0.00514	0.00509	0.00665	0.00416	0.00382	0.00728	0.01145	0.01404	0.16128	0.04507	0.68472	0.01192	0.00573	0.00162	0.00243	0.01001	0.00463	0.00416
4	0.01500	0.00939	0.01026	0.00829	0.01106	0.00996	0.00671	0.39000	0.01689	0.11408	0.04363	0.01543	0.01159	0.00593	0.00436	0.00135	0.00398	0.00464	0.31070	0.00677
5	0.00845	0.00762	0.03064	0.20724	0.08272	0.00756	0.00803	0.01192	0.09664	0.03627	0.10226	0.02947	0.33524	0.00854	0.00529	0.00160	0.00403	0.00728	0.00385	0.00535
6	0.01231	0.07571	0.14503	0.04299	0.19446	0.06785	0.22585	0.05715	0.01174	0.05205	0.01063	0.06262	0.00885	0.00519	0.00496	0.00151	0.00655	0.00500	0.00276	0.00678
7	0.01199	0.01151	0.01967	0.02974	0.79946	0.01151	0.01487	0.01487	0.01103	0.01583	0.00912	0.01199	0.00768	0.00432	0.00480	0.00144	0.00576	0.00432	0.00240	0.00768
8	0.01007	0.00482	0.00507	0.00485	0.00619	0.00473	0.00369	0.01230	0.01046	0.08201	0.01608	0.01794	0.01239	0.00567	0.00351	0.00116	0.00241	0.00455	0.78729	0.00482
9	0.01065	0.01078	0.05378	0.17892	0.32435	0.01035	0.17099	0.01360	0.01058	0.03335	0.01147	0.11000	0.01034	0.00598	0.00544	0.01858	0.00603	0.00571	0.00268	0.00642
10	0.01179	0.01797	0.48035	0.01156	0.01688	0.00967	0.01332	0.04506	0.04035	0.15708	0.01463	0.05385	0.04833	0.00681	0.02109	0.00171	0.00601	0.03329	0.00331	0.00696
11	0.05340	0.00829	0.01109	0.00854	0.01226	0.00726	0.00705	0.02326	0.01366	0.77346	0.01865	0.01617	0.01174	0.00594	0.00480	0.00150	0.00411	0.00479	0.00589	0.00813
12	0.01814	0.00791	0.01091	0.00866	0.01188	0.00711	0.03274	0.04728	0.01347	0.57971	0.06615	0.02059	0.04419	0.01949	0.03393	0.00180	0.00443	0.03975	0.02452	0.00734
13	0.01124	0.02960	0.12798	0.28086	0.31274	0.02500	0.03302	0.01468	0.02383	0.05811	0.01062	0.01319	0.02821	0.00487	0.00480	0.00151	0.00607	0.00439	0.00256	0.00670
14	0.00949	0.00956	0.03347	0.08737	0.06676	0.00949	0.24331	0.04650	0.01115	0.01491	0.06613	0.03733	0.19135	0.02460	0.03056	0.00191	0.08539	0.02192	0.00322	0.00557
15	0.00685	0.00509	0.00618	0.00606	0.00731	0.00467	0.00448	0.00906	0.04167	0.02921	0.43974	0.15655	0.24290	0.01114	0.00575	0.00162	0.00250	0.00972	0.00498	0.00452
16	0.09541	0.12104	0.01953	0.06406	0.35055	0.07664	0.13449	0.03372	0.01117	0.03639	0.00885	0.01111	0.00714	0.00444	0.00452	0.00142	0.00610	0.00407	0.00257	0.00680
17	0.76328	0.00950	0.00797	0.00770	0.05013	0.01087	0.00584	0.04295	0.00899	0.02166	0.00732	0.00853	0.00570	0.00457	0.00317	0.00148	0.00387	0.00283	0.02819	0.00546
18	0.01058	0.00860	0.01010	0.00724	0.01152	0.00649	0.00580	0.01272	0.01022	0.05132	0.00909	0.01034	0.00740	0.00370	0.00365	0.00075	0.00361	0.00296	0.00301	0.82089
19	0.00759	0.00525	0.00667	0.00622	0.00752	0.00492	0.00469	0.01025	0.04281	0.04512	0.68285	0.03454	0.07038	0.00957	0.00557	0.00152	0.00241	0.00840	0.03893	0.00479
20	0.00601	0.00464	0.00544	0.00587	0.00684	0.00413	0.00416	0.00718	0.01051	0.01343	0.12392	0.35971	0.36525	0.03871	0.00652	0.00186	0.00268	0.02455	0.00455	0.00405
21	0.00705	0.00536	0.00653	0.00617	0.00752	0.00505	0.00465	0.01000	0.07183	0.01835	0.60368	0.03671	0.17872	0.01008	0.00566	0.00155	0.00243	0.00878	0.00515	0.00472
22	0.00972	0.02507	0.80458	0.01381	0.02097	0.01125	0.01790	0.01535	0.01023	0.01535	0.00870	0.01023	0.00614	0.00460	0.00460	0.00153	0.00716	0.00358	0.00205	0.00716
23	0.01296	0.83261	0.02539	0.00829	0.01244	0.01917	0.00829	0.01451	0.00985	0.01140	0.00674	0.00777	0.00622	0.00415	0.00311	0.00104	0.00518	0.00259	0.00207	0.00622
24	0.01239	0.01058	0.01115	0.00993	0.01273	0.01221	0.00775	0.06573	0.75018	0.02081	0.01930	0.01774	0.01445	0.00653	0.00493	0.00163	0.00391	0.00542	0.00493	0.00770
25	0.01044	0.00588	0.00602	0.00551	0.00705	0.00609	0.00426	0.12708	0.01206	0.01994	0.01518	0.01710	0.01179	0.00567	0.00361	0.00118	0.00272	0.00449	0.72884	0.00508
26	0.00590	0.00422	0.00562	0.00675	0.00703	0.00394	0.00450	0.00675	0.00928	0.01237	0.02671	0.82653	0.03205	0.01518	0.00619	0.00197	0.00281	0.01378	0.00450	0.00394
27	0.03798	0.00476	0.00475	0.00467	0.00592	0.00479	0.00353	0.01166	0.01018	0.03539	0.01558	0.01769	0.01217	0.00562	0.00341	0.00115	0.00235	0.00446	0.80933	0.00462
28	0.00704	0.00472	0.00538	0.00538	0.00541	0.00475	0.00305	0.00711	0.00707	0.00947	0.01518	0.03124	0.01741	0.80003	0.05405	0.00481	0.00501	0.00698	0.00292	0.00299
29	0.01691	0.04602	0.01439	0.07187	0.05327	0.67808	0.00986	0.01858	0.02486	0.01220	0.00781	0.00931	0.00645	0.00495	0.00439	0.00128	0.00825	0.00328	0.00249	0.00575
30	0.02166	0.00839	0.01133	0.00869	0.01244	0.00733	0.00718	0.04354	0.01410	0.78256	0.01892	0.01637	0.01190	0.00599	0.00487	0.00150	0.00416	0.00486	0.00597	0.00825
31	0.00624	0.00444	0.00594	0.00701	0.00741	0.00422	0.00493	0.00726	0.00946	0.01256	0.02605	0.67461	0.03078	0.05086	0.00708	0.00213	0.00314	0.12748	0.00442	0.00397
32	0.40242	0.03492	0.09074	0.01577	0.28860	0.04973	0.01024	0.01478	0.00971	0.01811	0.00780	0.00964	0.00628	0.00453	0.00408	0.00147	0.01885	0.00336	0.00263	0.00633
33	0.82246	0.00976	0.00747	0.00663	0.00965	0.02671	0.00545	0.03694	0.00878	0.02181	0.00691	0.00800	0.00536	0.00455	0.00308	0.00149	0.00389	0.00268	0.00304	0.00534
34	0.00606	0.00433	0.00580	0.00693	0.00728	0.00407	0.00477	0.00702	0.00943	0.01255	0.02662	0.76267	0.03171	0.01503	0.00623	0.00199	0.00295	0.07608	0.00450	0.00398
35	0.01005	0.00861	0.01005	0.00718	0.01148	0.00646	0.00574	0.01220	0.01005	0.01579	0.00861	0.01005	0.00718	0.00359	0.00359	0.00072	0.00359	0.00287	0.00287	0.85932
36	0.86392	0.00937	0.00712	0.00637	0.00937	0.01087	0.00525	0.01425	0.00825	0.02174	0.00675	0.00787	0.00525	0.00450	0.00300	0.00150	0.00375	0.00262	0.00300	0.00525

[dist]
# distance from previous block
# <min> <max>
0	52

[block]
# block no. 3 follows, 52 sequences, length 39
# corresponding to MSA columns:
# 304-342
name=unknown_D
#
# <colnr> <probs for GDERKNQSTAVLIFYWHMCP>
#	G	D	E	R	K	N	Q	S	T	A	V	L	I	F	Y	W	H	M	C	P
0	0.01005	0.00861	0.01005	0.00718	0.01148	0.00646	0.00574	0.01220	0.01005	0.01579	0.00861	0.01005	0.00718	0.00359	0.00359	0.00072	0.00359	0.00287	0.00287	0.85932
1	0.00692	0.00519	0.00779	0.00779	0.00865	0.00606	0.00606	0.00865	0.00779	0.01125	0.01298	0.01904	0.01211	0.03634	0.81049	0.00779	0.01298	0.00519	0.00260	0.00433
2	0.00585	0.00491	0.00508	0.00504	0.00662	0.00414	0.00378	0.00719	0.01134	0.01379	0.13091	0.04550	0.71524	0.01201	0.00573	0.00162	0.00244	0.01007	0.00459	0.00414
3	0.01199	0.01151	0.01967	0.02974	0.79946	0.01151	0.01487	0.01487	0.01103	0.01583	0.00912	0.01199	0.00768	0.00432	0.00480	0.00144	0.00576	0.00432	0.00240	0.00768
4	0.00842	0.00421	0.00631	0.00631	0.00631	0.00421	0.00421	0.00631	0.00631	0.00842	0.00842	0.01473	0.00842	0.01684	0.01894	0.85901	0.00421	0.00421	0.00210	0.00210
5	0.00705	0.00470	0.00529	0.00529	0.00529	0.00470	0.00294	0.00705	0.00705	0.00940	0.01527	0.03171	0.01762	0.82969	0.02467	0.00470	0.00470	0.00705	0.00294	0.00294
6	0.00626	0.00468	0.00650	0.00727	0.00776	0.00444	0.02860	0.00760	0.03329	0.01271	0.02597	0.77664	0.03076	0.01458	0.00613	0.00195	0.00301	0.01327	0.00445	0.00413
7	0.03352	0.32710	0.31785	0.01285	0.07467	0.01427	0.06500	0.04110	0.01076	0.04902	0.00857	0.00989	0.00667	0.00447	0.00411	0.00134	0.00610	0.00347	0.00240	0.00684
8	0.01243	0.01159	0.01874	0.02745	0.71031	0.03134	0.01403	0.01555	0.03525	0.04227	0.00973	0.01220	0.00799	0.00444	0.00476	0.00143	0.00567	0.00431	0.00261	0.02788
9	0.00592	0.00430	0.00559	0.00656	0.00699	0.00397	0.00443	0.00685	0.00958	0.01267	0.05452	0.73112	0.10013	0.01475	0.00613	0.00192	0.00276	0.01329	0.00453	0.00397
10	0.57889	0.01075	0.04341	0.01284	0.18366	0.01113	0.06682	0.01452	0.00918	0.01972	0.00757	0.00926	0.00597	0.00443	0.00366	0.00150	0.00466	0.00327	0.00279	0.00595
11	0.01117	0.00875	0.01039	0.00755	0.01167	0.00695	0.00607	0.02933	0.01054	0.07828	0.00944	0.01061	0.00756	0.00398	0.00410	0.00084	0.02894	0.00310	0.00314	0.74761
12	0.01098	0.08650	0.62984	0.01393	0.06226	0.01198	0.01614	0.06059	0.01109	0.04009	0.00906	0.01041	0.00653	0.00467	0.00452	0.00148	0.00673	0.00363	0.00235	0.00721
13	0.83200	0.00945	0.00759	0.00725	0.03898	0.01090	0.00561	0.01427	0.00835	0.02152	0.00684	0.00803	0.00534	0.00449	0.00307	0.00150	0.00382	0.00269	0.00298	0.00534
14	0.00590	0.00425	0.00559	0.00667	0.00701	0.00394	0.00446	0.00676	0.00935	0.01240	0.02765	0.79367	0.06430	0.01506	0.00617	0.00195	0.00280	0.01363	0.00450	0.00394
15	0.01021	0.00907	0.01126	0.01004	0.01096	0.06980	0.00804	0.02637	0.00869	0.04653	0.01015	0.01498	0.00941	0.05977	0.31527	0.00424	0.33092	0.00464	0.00262	0.03702
16	0.01161	0.02637	0.01862	0.27316	0.40673	0.04631	0.09544	0.01460	0.01083	0.03676	0.00920	0.01230	0.00729	0.00453	0.00486	0.00150	0.00631	0.00439	0.00243	0.00674
17	0.00670	0.00478	0.00653	0.00765	0.00828	0.00462	0.00587	0.00812	0.01006	0.01326	0.02627	0.50573	0.03032	0.01444	0.00640	0.00208	0.00350	0.32676	0.00448	0.00415
18	0.00590	0.00422	0.00562	0.00675	0.00703	0.00394	0.00450	0.00675	0.00928	0.01237	0.02671	0.82653	0.03205	0.01518	0.00619	0.00197	0.00281	0.01378	0.00450	0.00394
19	0.03739	0.10602	0.03085	0.00972	0.01305	0.04784	0.03385	0.10641	0.15100	0.30164	0.03688	0.01472	0.01138	0.00591	0.00514	0.00148	0.04399	0.00459	0.03088	0.00727
20	0.74069	0.02921	0.00826	0.00690	0.00999	0.03086	0.00570	0.04852	0.00936	0.06360	0.00764	0.00852	0.00579	0.00464	0.00322	0.00148	0.00400	0.00283	0.00321	0.00557
21	0.00785	0.00458	0.00617	0.00613	0.00618	0.00471	0.00395	0.00683	0.00670	0.00901	0.01124	0.02136	0.01209	0.32743	0.06543	0.46896	0.02097	0.00535	0.00245	0.00261
22	0.01010	0.10712	0.70788	0.01316	0.01992	0.01208	0.01670	0.01549	0.02713	0.01505	0.00874	0.01015	0.00633	0.00460	0.00446	0.00149	0.00689	0.00352	0.00211	0.00708
23	0.01350	0.74724	0.02416	0.00873	0.01271	0.10259	0.00840	0.01502	0.01026	0.01145	0.00682	0.00788	0.00622	0.00424	0.00324	0.00106	0.00556	0.00265	0.00212	0.00616
24	0.01199	0.01151	0.01967	0.02974	0.79946	0.01151	0.01487	0.01487	0.01103	0.01583	0.00912	0.01199	0.00768	0.00432	0.00480	0.00144	0.00576	0.00432	0.00240	0.00768
25	0.06231	0.01276	0.01353	0.01064	0.01426	0.01420	0.00871	0.63832	0.10756	0.02847	0.01266	0.03252	0.00941	0.00607	0.00479	0.00149	0.00502	0.00463	0.00475	0.00791
26	0.05723	0.00829	0.01107	0.00853	0.01224	0.00728	0.00704	0.02322	0.01363	0.76991	0.01860	0.01613	0.01171	0.00593	0.00479	0.00150	0.00411	0.00478	0.00587	0.00812
27	0.00875	0.01132	0.19580	0.01203	0.05826	0.00849	0.10840	0.01200	0.04206	0.01320	0.01135	0.01551	0.00974	0.02050	0.38877	0.06144	0.00964	0.00478	0.00251	0.00545
28	0.02125	0.00814	0.01109	0.00854	0.01220	0.00704	0.00704	0.02314	0.01387	0.77675	0.04500	0.01715	0.01312	0.00613	0.00490	0.00150	0.00406	0.00500	0.00598	0.00812
29	0.00645	0.00482	0.00603	0.00642	0.00732	0.00449	0.00462	0.00828	0.03701	0.01500	0.26521	0.39230	0.16763	0.01271	0.00594	0.00178	0.00269	0.04223	0.00477	0.00430
30	0.00903	0.00452	0.00452	0.00452	0.00565	0.00452	0.00339	0.01129	0.01016	0.01807	0.01581	0.01807	0.01242	0.00565	0.00339	0.00113	0.00226	0.00452	0.85659	0.00452
31	0.01155	0.00991	0.01052	0.00959	0.01217	0.01138	0.00744	0.02417	0.72281	0.01964	0.02082	0.05484	0.03379	0.00722	0.00504	0.00167	0.00377	0.02140	0.00489	0.00736
32	0.00684	0.00467	0.00539	0.00555	0.00573	0.00458	0.00332	0.00712	0.00782	0.01038	0.04262	0.13819	0.05981	0.64095	0.02036	0.00404	0.00426	0.02185	0.00332	0.00320
33	0.07745	0.00849	0.01108	0.00855	0.01226	0.00762	0.00706	0.04686	0.01378	0.72680	0.01806	0.01577	0.01143	0.00589	0.00475	0.00150	0.00414	0.00471	0.00576	0.00805
34	0.00691	0.00499	0.00689	0.00695	0.00752	0.00552	0.00500	0.00805	0.00764	0.01073	0.01442	0.06552	0.01488	0.28297	0.52274	0.00652	0.00986	0.00622	0.00280	0.00387
35	0.01517	0.01035	0.01161	0.00938	0.01211	0.01150	0.00765	0.41434	0.04549	0.08966	0.01308	0.01393	0.00972	0.00709	0.03257	0.00166	0.08088	0.00450	0.20235	0.00695
36	0.01396	0.04900	0.16213	0.05804	0.01627	0.07233	0.03576	0.17720	0.09144	0.10572	0.01141	0.01200	0.00835	0.00503	0.00450	0.00134	0.00549	0.00398	0.00356	0.16250
37	0.72042	0.04067	0.00878	0.02434	0.01062	0.01164	0.00598	0.09910	0.00994	0.02213	0.00733	0.00839	0.00564	0.00464	0.00325	0.00148	0.00404	0.00285	0.00315	0.00562
38	0.04391	0.15006	0.13358	0.02357	0.09839	0.14481	0.04756	0.05557	0.01185	0.07244	0.04004	0.04739	0.04417	0.00563	0.00446	0.00137	0.00573	0.00452	0.01395	0.05100

[dist]
# distance from previous block
# <min> <max>
1	7

[block]
# block no. 4 follows, 52 sequences, length 10
# corresponding to MSA columns:
# 350-359
name=unknown_E
#
# <colnr> <probs for GDERKNQSTAVLIFYWHMCP>
#	G	D	E	R	K	N	Q	S	T	A	V	L	I	F	Y	W	H	M	C	P
0	0.05385	0.30876	0.15549	0.02500	0.02931	0.04298	0.03890	0.14806	0.01256	0.06827	0.00960	0.02765	0.00765	0.00494	0.00407	0.00131	0.00554	0.00370	0.01734	0.03502
1	0.03458	0.16888	0.31384	0.01263	0.10076	0.01145	0.03089	0.01425	0.01017	0.01497	0.00833	0.00992	0.00661	0.00419	0.00405	0.00121	0.00558	0.00331	0.00235	0.24204
2	0.00705	0.00531	0.00666	0.00607	0.00758	0.00471	0.00459	0.00920	0.01306	0.01837	0.63583	0.03478	0.12555	0.00955	0.00551	0.00146	0.00243	0.00834	0.00500	0.08896
3	0.00801	0.00710	0.01095	0.07157	0.13387	0.00717	0.07386	0.00982	0.01027	0.01367	0.07719	0.21773	0.19060	0.06226	0.00748	0.00192	0.05307	0.03486	0.00364	0.00496
4	0.00598	0.00434	0.00564	0.00655	0.00701	0.00400	0.00444	0.00698	0.00981	0.01305	0.09687	0.69609	0.09238	0.01449	0.00611	0.00190	0.00274	0.01306	0.00457	0.00400
5	0.00704	0.00473	0.00543	0.00543	0.00548	0.00478	0.00312	0.00714	0.00709	0.00951	0.01513	0.03097	0.01729	0.78303	0.07088	0.00488	0.00519	0.00694	0.00292	0.00302
6	0.01052	0.01134	0.05165	0.30956	0.14848	0.01150	0.29161	0.01396	0.01045	0.01429	0.00919	0.01273	0.00711	0.00469	0.00569	0.00161	0.05011	0.00479	0.02452	0.00620
7	0.86392	0.00937	0.00712	0.00637	0.00937	0.01087	0.00525	0.01425	0.00825	0.02174	0.00675	0.00787	0.00525	0.00450	0.00300	0.00150	0.00375	0.00262	0.00300	0.00525
8	0.00922	0.00959	0.06429	0.20786	0.22896	0.00899	0.06692	0.01231	0.02914	0.01511	0.13629	0.02224	0.15530	0.00678	0.00517	0.00155	0.00502	0.00614	0.00320	0.00590
9	0.01182	0.00995	0.01056	0.00947	0.01208	0.01139	0.00737	0.05163	0.68227	0.02051	0.07318	0.01910	0.01662	0.00675	0.00493	0.00161	0.00373	0.00563	0.03404	0.00737

[dist]
# distance from previous block
# <min> <max>
0	3

[block]
# block no. 5 follows, 52 sequences, length 21
# corresponding to MSA columns:
# 363-383
name=unknown_F
#
# <colnr> <probs for GDERKNQSTAVLIFYWHMCP>
#	G	D	E	R	K	N	Q	S	T	A	V	L	I	F	Y	W	H	M	C	P
0	0.01167	0.11591	0.29169	0.01449	0.13046	0.06249	0.04979	0.05116	0.04492	0.02884	0.01017	0.03607	0.00840	0.00535	0.00515	0.00146	0.04993	0.02043	0.01612	0.04550
1	0.86392	0.00937	0.00712	0.00637	0.00937	0.01087	0.00525	0.01425	0.00825	0.02174	0.00675	0.00787	0.00525	0.00450	0.00300	0.00150	0.00375	0.00262	0.00300	0.00525
2	0.01093	0.04368	0.08754	0.08242	0.10727	0.01105	0.07061	0.07717	0.22094	0.01708	0.03245	0.06441	0.08102	0.00679	0.00561	0.00160	0.05049	0.00577	0.01662	0.00655
3	0.00573	0.00491	0.00491	0.00491	0.00655	0.00409	0.00368	0.00695	0.01105	0.01309	0.04909	0.04664	0.79750	0.01227	0.00573	0.00164	0.00245	0.01023	0.00450	0.00409
4	0.00686	0.00495	0.00648	0.00610	0.00724	0.00457	0.00457	0.00914	0.01372	0.01943	0.79691	0.03620	0.04572	0.00991	0.00572	0.00152	0.00229	0.00876	0.00533	0.00457
5	0.01327	0.06352	0.30403	0.01143	0.01614	0.02748	0.04218	0.13468	0.01260	0.14020	0.01133	0.01339	0.00858	0.02557	0.02248	0.00167	0.04342	0.02685	0.00330	0.07790
6	0.01060	0.00860	0.01011	0.00725	0.01153	0.00649	0.00581	0.01274	0.01023	0.05313	0.00911	0.01035	0.00741	0.00370	0.00365	0.00075	0.00361	0.00297	0.00302	0.81894
7	0.00932	0.00886	0.01521	0.76616	0.05443	0.01084	0.04231	0.01257	0.00979	0.01260	0.00867	0.01290	0.00653	0.00480	0.00488	0.00161	0.00650	0.00436	0.00217	0.00549
8	0.86392	0.00937	0.00712	0.00637	0.00937	0.01087	0.00525	0.01425	0.00825	0.02174	0.00675	0.00787	0.00525	0.00450	0.00300	0.00150	0.00375	0.00262	0.00300	0.00525
9	0.03617	0.00929	0.01077	0.02737	0.01236	0.00858	0.02638	0.13851	0.09077	0.01896	0.01097	0.01206	0.00861	0.00454	0.00397	0.00104	0.00394	0.00365	0.09505	0.47699
10	0.04823	0.00929	0.01426	0.53547	0.02656	0.02515	0.05293	0.03758	0.03953	0.05773	0.00975	0.01309	0.00738	0.00649	0.04082	0.00187	0.04508	0.00437	0.00265	0.02176
11	0.12350	0.56295	0.03647	0.00940	0.04964	0.03371	0.00836	0.06641	0.02499	0.01453	0.00852	0.00946	0.02593	0.00458	0.00345	0.00118	0.00506	0.00307	0.00252	0.00628
12	0.00705	0.00470	0.00529	0.00529	0.00529	0.00470	0.00294	0.00705	0.00705	0.00940	0.01527	0.03171	0.01762	0.82969	0.02467	0.00470	0.00470	0.00705	0.00294	0.00294
13	0.86392	0.00937	0.00712	0.00637	0.00937	0.01087	0.00525	0.01425	0.00825	0.02174	0.00675	0.00787	0.00525	0.00450	0.00300	0.00150	0.00375	0.00262	0.00300	0.00525
14	0.00836	0.00423	0.00627	0.00627	0.00627	0.00423	0.00415	0.00635	0.00635	0.00846	0.00872	0.01548	0.00882	0.05267	0.01919	0.82135	0.00423	0.00433	0.00214	0.00214
15	0.01296	0.83261	0.02539	0.00829	0.01244	0.01917	0.00829	0.01451	0.00985	0.01140	0.00674	0.00777	0.00622	0.00415	0.00311	0.00104	0.00518	0.00259	0.00207	0.00622
16	0.01119	0.00844	0.00994	0.00728	0.01134	0.00661	0.00583	0.01368	0.03463	0.09210	0.01030	0.01129	0.00812	0.00401	0.00375	0.00084	0.00359	0.00322	0.04254	0.71131
17	0.00832	0.00461	0.00471	0.00469	0.00590	0.00445	0.00351	0.01040	0.01054	0.01729	0.07165	0.02418	0.15066	0.00707	0.00394	0.00124	0.00229	0.00578	0.65430	0.00445
18	0.00705	0.00470	0.00529	0.00529	0.00529	0.00470	0.00294	0.00705	0.00705	0.00940	0.01527	0.03171	0.01762	0.82969	0.02467	0.00470	0.00470	0.00705	0.00294	0.00294
19	0.01101	0.01276	0.04990	0.01951	0.04466	0.01162	0.68373	0.01488	0.01124	0.01530	0.01094	0.07027	0.00907	0.00489	0.00569	0.00165	0.00770	0.00619	0.00258	0.00640
20	0.01005	0.00861	0.01005	0.00718	0.01148	0.00646	0.00574	0.01220	0.01005	0.01579	0.00861	0.01005	0.00718	0.00359	0.00359	0.00072	0.00359	0.00287	0.00287	0.85932

[dist]
# distance from previous block
# <min> <max>
0	1

[block]
# block no. 6 follows, 52 sequences, length 33
# corresponding to MSA columns:
# 385-417
name=unknown_G
#
# <colnr> <probs for GDERKNQSTAVLIFYWHMCP>
#	G	D	E	R	K	N	Q	S	T	A	V	L	I	F	Y	W	H	M	C	P
0	0.75502	0.07032	0.00901	0.00738	0.03390	0.03063	0.00586	0.01441	0.00858	0.02056	0.00684	0.00801	0.00542	0.00448	0.00309	0.00146	0.00404	0.00269	0.00290	0.00540
1	0.00795	0.00613	0.00853	0.00872	0.04672	0.00702	0.00614	0.03911	0.00831	0.01177	0.01282	0.02109	0.01275	0.24166	0.46807	0.00596	0.07466	0.00553	0.00273	0.00435
2	0.01268	0.31148	0.19376	0.01171	0.04875	0.11645	0.03506	0.05174	0.10204	0.01461	0.00984	0.03639	0.00822	0.00517	0.00442	0.00135	0.02320	0.00386	0.00269	0.00659
3	0.01103	0.01243	0.08465	0.04705	0.26776	0.01106	0.33973	0.03881	0.01141	0.01584	0.03505	0.08059	0.01058	0.00538	0.00532	0.00158	0.00655	0.00578	0.00273	0.00669
4	0.01224	0.01050	0.01106	0.00990	0.01267	0.01214	0.00772	0.04799	0.76817	0.02057	0.01949	0.01789	0.01460	0.00655	0.00493	0.00164	0.00388	0.00545	0.00493	0.00769
5	0.00694	0.00512	0.00741	0.00741	0.00814	0.00585	0.00558	0.00841	0.00768	0.01097	0.01333	0.02097	0.01295	0.15737	0.69061	0.00732	0.01172	0.00548	0.00265	0.00411
6	0.18448	0.00846	0.01045	0.00819	0.01179	0.00785	0.00676	0.02181	0.01278	0.65189	0.01673	0.01483	0.01069	0.00571	0.00451	0.00150	0.00405	0.00444	0.00542	0.00767
7	0.00972	0.02507	0.80458	0.01381	0.02097	0.01125	0.01790	0.01535	0.01023	0.01535	0.00870	0.01023	0.00614	0.00460	0.00460	0.00153	0.00716	0.00358	0.00205	0.00716
8	0.00715	0.00511	0.00705	0.00817	0.00900	0.00501	0.00666	0.00890	0.01050	0.01376	0.02602	0.32244	0.02933	0.01401	0.00652	0.00214	0.00389	0.50559	0.00447	0.00428
9	0.01139	0.03966	0.05512	0.00813	0.01223	0.00821	0.00694	0.10029	0.03563	0.05088	0.03608	0.04004	0.00977	0.00472	0.00403	0.00099	0.00400	0.00381	0.00335	0.56473
10	0.01320	0.01147	0.01780	0.02491	0.60828	0.02790	0.01317	0.08689	0.03754	0.07036	0.01086	0.03660	0.00895	0.00498	0.00484	0.00146	0.00552	0.00465	0.00302	0.00761
11	0.01383	0.13966	0.36551	0.01153	0.01682	0.04151	0.01257	0.17412	0.03176	0.11449	0.01050	0.01105	0.00753	0.00500	0.00444	0.00142	0.00602	0.00377	0.00321	0.02527
12	0.00893	0.01421	0.32510	0.01104	0.05337	0.03211	0.01088	0.01335	0.08048	0.01633	0.22113	0.13774	0.02174	0.00792	0.00521	0.00161	0.00486	0.02440	0.00362	0.00597
13	0.01199	0.01151	0.01967	0.02974	0.79946	0.01151	0.01487	0.01487	0.01103	0.01583	0.00912	0.01199	0.00768	0.00432	0.00480	0.00144	0.00576	0.00432	0.00240	0.00768
14	0.01748	0.02206	0.01383	0.01250	0.01479	0.74416	0.00947	0.01871	0.01321	0.01184	0.00740	0.00889	0.00625	0.00528	0.00533	0.00132	0.07620	0.00321	0.00247	0.00559
15	0.03203	0.01237	0.10473	0.01505	0.19232	0.01121	0.04133	0.18128	0.15115	0.12965	0.01406	0.06947	0.01109	0.00605	0.00491	0.00154	0.00511	0.00520	0.00399	0.00746
16	0.00576	0.00491	0.00495	0.00494	0.00656	0.00410	0.00371	0.00702	0.01112	0.01327	0.06977	0.04635	0.77671	0.01221	0.00573	0.00163	0.00245	0.01019	0.00452	0.00410
17	0.01842	0.01357	0.01454	0.01115	0.01503	0.01503	0.00921	0.78330	0.02278	0.03054	0.01163	0.01163	0.00824	0.00582	0.00485	0.00145	0.00533	0.00436	0.00485	0.00824
18	0.01060	0.01060	0.01484	0.01272	0.01272	0.01484	0.01060	0.01166	0.00742	0.01166	0.00636	0.01060	0.00636	0.00848	0.01590	0.00212	0.82082	0.00424	0.00212	0.00530
19	0.00915	0.00861	0.01453	0.81804	0.03338	0.01077	0.01346	0.01238	0.00969	0.01238	0.00861	0.01292	0.00646	0.00484	0.00484	0.00161	0.00646	0.00431	0.00215	0.00538
20	0.17043	0.00813	0.00918	0.03422	0.01071	0.00920	0.00647	0.18210	0.05064	0.01771	0.01204	0.01690	0.01072	0.13615	0.29998	0.00425	0.00768	0.00478	0.00332	0.00537
21	0.01034	0.00984	0.01680	0.44521	0.36059	0.01095	0.02912	0.01338	0.01029	0.01392	0.00929	0.03205	0.00761	0.00485	0.00487	0.00155	0.00611	0.00457	0.00232	0.00635
22	0.02153	0.00859	0.01146	0.00879	0.01254	0.00764	0.00726	0.07306	0.01445	0.75256	0.01863	0.01618	0.01175	0.00599	0.00487	0.00150	0.00420	0.00484	0.00592	0.00825
23	0.00609	0.00438	0.00571	0.00651	0.00698	0.00407	0.00442	0.00715	0.00998	0.01341	0.14900	0.63886	0.06811	0.04266	0.00674	0.00198	0.00278	0.01259	0.00458	0.00401
24	0.01301	0.12285	0.14868	0.05758	0.04911	0.06965	0.06861	0.08094	0.02252	0.13327	0.04018	0.07010	0.01207	0.02028	0.01650	0.00166	0.01719	0.04589	0.00344	0.00647
25	0.04169	0.01349	0.21172	0.01606	0.22513	0.00975	0.04805	0.04064	0.01191	0.25171	0.01331	0.04554	0.01017	0.00568	0.00488	0.00154	0.00549	0.03225	0.00364	0.00734
26	0.00649	0.00460	0.00608	0.00700	0.00746	0.00441	0.00501	0.00758	0.00957	0.01272	0.05525	0.52959	0.02986	0.11861	0.00864	0.00236	0.00338	0.17313	0.00432	0.00395
27	0.01278	0.01114	0.01861	0.23146	0.28154	0.01171	0.15428	0.13430	0.01277	0.06885	0.01016	0.01268	0.00767	0.00476	0.00499	0.00153	0.00621	0.00462	0.00296	0.00699
28	0.03998	0.18279	0.30511	0.02831	0.17378	0.07256	0.04627	0.01594	0.03402	0.04506	0.00901	0.01054	0.00698	0.00457	0.00434	0.00140	0.00630	0.00367	0.00244	0.00690
29	0.03515	0.00713	0.00934	0.00871	0.00928	0.02789	0.00674	0.00959	0.00770	0.01135	0.01130	0.01861	0.01127	0.18116	0.39772	0.00530	0.22968	0.00516	0.00254	0.00438
30	0.00699	0.03061	0.00599	0.00569	0.00589	0.00499	0.00344	0.00722	0.00762	0.01010	0.01746	0.20208	0.02037	0.62838	0.02001	0.00400	0.00431	0.00836	0.00325	0.00325
31	0.04707	0.07405	0.07364	0.05377	0.04141	0.02016	0.02684	0.08264	0.09477	0.03293	0.07262	0.20029	0.07156	0.00869	0.00551	0.00165	0.03385	0.03886	0.01394	0.00574
32	0.02726	0.05015	0.06685	0.01761	0.22256	0.10105	0.16574	0.13097	0.06105	0.07002	0.03240	0.01278	0.00911	0.00499	0.00487	0.00147	0.00622	0.00455	0.00323	0.00712

[dist]
# distance from previous block
# <min> <max>
0	29

# created by:
# /home/cegg/simao/soft/augustus-3.2.1/scripts/msa2prfl.pl ./align_prep/EOG091G0MUD.fa
