[name]
unknown

[dist]
# distance from previous block
# <min> <max>
0	40

[block]
# block no. 0 follows, 59 sequences, length 43
# corresponding to MSA columns:
# 55-97
name=unknown_A
#
# <colnr> <probs for GDERKNQSTAVLIFYWHMCP>
#	G	D	E	R	K	N	Q	S	T	A	V	L	I	F	Y	W	H	M	C	P
0	0.05802	0.00756	0.01008	0.00777	0.01115	0.00664	0.00642	0.02114	0.01241	0.78457	0.01692	0.01468	0.01066	0.00541	0.00437	0.00137	0.00374	0.00435	0.00534	0.00739
1	0.01079	0.01035	0.01768	0.06965	0.77576	0.01046	0.01349	0.01343	0.00999	0.01426	0.00828	0.01098	0.00694	0.00396	0.00437	0.00132	0.00528	0.00393	0.00217	0.00689
2	0.00844	0.00798	0.01327	0.77308	0.02902	0.01009	0.01207	0.01124	0.00868	0.01124	0.00770	0.01162	0.00588	0.00466	0.00516	0.00151	0.06758	0.00392	0.00196	0.00490
3	0.01099	0.00949	0.00999	0.00899	0.01148	0.01099	0.00699	0.02347	0.80925	0.01848	0.01798	0.01648	0.01348	0.00599	0.00449	0.00150	0.00350	0.00499	0.00449	0.00699
4	0.01064	0.01019	0.01740	0.11855	0.72808	0.01042	0.01341	0.01330	0.00992	0.01407	0.00826	0.01103	0.00687	0.00399	0.00438	0.00133	0.00532	0.00393	0.00216	0.00676
5	0.01093	0.01049	0.01793	0.02711	0.81723	0.01049	0.01355	0.01355	0.01006	0.01443	0.00831	0.01093	0.00700	0.00394	0.00437	0.00131	0.00525	0.00394	0.00219	0.00700
6	0.00625	0.00451	0.00590	0.00556	0.00660	0.00417	0.00417	0.00833	0.01250	0.01771	0.81490	0.03299	0.04167	0.00903	0.00521	0.00139	0.00208	0.00799	0.00486	0.00417
7	0.84276	0.00839	0.00647	0.00580	0.00847	0.00969	0.00476	0.01281	0.00771	0.01974	0.03704	0.00816	0.00619	0.00429	0.00283	0.00137	0.00337	0.00261	0.00281	0.00476
8	0.00536	0.00448	0.00467	0.00462	0.00605	0.00379	0.00347	0.00662	0.01040	0.01273	0.15147	0.04119	0.70821	0.01089	0.00522	0.00148	0.00222	0.00914	0.00421	0.00379
9	0.00728	0.00552	0.00660	0.00615	0.00751	0.00555	0.00466	0.01146	0.17665	0.01755	0.57798	0.02922	0.06894	0.00831	0.00496	0.00140	0.00238	0.00724	0.04590	0.00473
10	0.87598	0.00854	0.00649	0.00581	0.00854	0.00991	0.00478	0.01298	0.00752	0.01982	0.00615	0.00717	0.00478	0.00410	0.00273	0.00137	0.00342	0.00239	0.00273	0.00478
11	0.01093	0.01049	0.01793	0.02711	0.81723	0.01049	0.01355	0.01355	0.01006	0.01443	0.00831	0.01093	0.00700	0.00394	0.00437	0.00131	0.00525	0.00394	0.00219	0.00700
12	0.00631	0.00473	0.00710	0.00710	0.00789	0.00552	0.00552	0.00789	0.00710	0.01025	0.01183	0.01735	0.01104	0.03312	0.82728	0.00710	0.01183	0.00473	0.00237	0.00394
13	0.83777	0.00850	0.00666	0.00590	0.00866	0.00976	0.00486	0.01336	0.00775	0.05554	0.00665	0.00753	0.00506	0.00416	0.00281	0.00137	0.00343	0.00248	0.00286	0.00491
14	0.01099	0.00949	0.00999	0.00899	0.01148	0.01099	0.00699	0.02347	0.80925	0.01848	0.01798	0.01648	0.01348	0.00599	0.00449	0.00150	0.00350	0.00499	0.00449	0.00699
15	0.00834	0.00771	0.01290	0.80247	0.02945	0.00960	0.01192	0.01125	0.00885	0.01148	0.00810	0.01195	0.00610	0.00444	0.00436	0.00145	0.00574	0.00393	0.03509	0.00488
16	0.00631	0.00473	0.00710	0.00710	0.00789	0.00552	0.00552	0.00789	0.00710	0.01025	0.01183	0.01735	0.01104	0.03312	0.82728	0.00710	0.01183	0.00473	0.00237	0.00394
17	0.87598	0.00854	0.00649	0.00581	0.00854	0.00991	0.00478	0.01298	0.00752	0.01982	0.00615	0.00717	0.00478	0.00410	0.00273	0.00137	0.00342	0.00239	0.00273	0.00478
18	0.01966	0.00777	0.01041	0.00798	0.01140	0.00687	0.00659	0.06269	0.01307	0.77852	0.01706	0.01480	0.01075	0.00546	0.00444	0.00136	0.00382	0.00442	0.00541	0.00752
19	0.01679	0.01237	0.01325	0.01016	0.01370	0.01370	0.00839	0.80251	0.02077	0.02783	0.01060	0.01060	0.00751	0.00530	0.00442	0.00133	0.00486	0.00398	0.00442	0.00751
20	0.00538	0.00384	0.00512	0.00615	0.00641	0.00359	0.00410	0.00615	0.00846	0.01127	0.02434	0.84190	0.02921	0.01384	0.00564	0.00179	0.00256	0.01256	0.00410	0.00359
21	0.00834	0.00785	0.01325	0.83417	0.03042	0.00981	0.01227	0.01128	0.00883	0.01128	0.00785	0.01178	0.00589	0.00442	0.00442	0.00147	0.00589	0.00393	0.00196	0.00491
22	0.01093	0.01049	0.01793	0.02711	0.81723	0.01049	0.01355	0.01355	0.01006	0.01443	0.00831	0.01093	0.00700	0.00394	0.00437	0.00131	0.00525	0.00394	0.00219	0.00700
23	0.00744	0.03405	0.00766	0.00783	0.00906	0.00595	0.00664	0.01045	0.09876	0.01346	0.02341	0.11824	0.06541	0.01132	0.00572	0.00189	0.00379	0.56048	0.00405	0.00438
24	0.00685	0.00469	0.00582	0.00543	0.00673	0.00420	0.00411	0.00867	0.01190	0.06701	0.57074	0.03425	0.23437	0.00935	0.00516	0.00141	0.00223	0.00810	0.00471	0.00427
25	0.01093	0.01049	0.01793	0.02711	0.81723	0.01049	0.01355	0.01355	0.01006	0.01443	0.00831	0.01093	0.00700	0.00394	0.00437	0.00131	0.00525	0.00394	0.00219	0.00700
26	0.01069	0.01025	0.01749	0.10247	0.74376	0.01043	0.01343	0.01334	0.00994	0.01414	0.00826	0.01101	0.00689	0.00398	0.00438	0.00133	0.00531	0.00393	0.00217	0.00680
27	0.00622	0.00479	0.00586	0.00638	0.00762	0.00444	0.00531	0.00783	0.01017	0.01271	0.04963	0.04607	0.39279	0.01166	0.00567	0.00177	0.00318	0.40989	0.00410	0.00391
28	0.00886	0.02285	0.82190	0.01259	0.01912	0.01026	0.01632	0.01399	0.00932	0.01399	0.00793	0.00932	0.00559	0.00420	0.00420	0.00140	0.00653	0.00326	0.00186	0.00653
29	0.00543	0.00448	0.00477	0.00469	0.00609	0.00382	0.00352	0.00674	0.01056	0.01311	0.20158	0.04057	0.65787	0.01075	0.00522	0.00147	0.00221	0.00905	0.00426	0.00382
30	0.01397	0.01103	0.01204	0.00981	0.01289	0.01239	0.02592	0.42493	0.38439	0.02320	0.01397	0.01334	0.01025	0.00558	0.00447	0.00141	0.00429	0.00447	0.00440	0.00724
31	0.01042	0.01191	0.02606	0.01862	0.02308	0.01117	0.80119	0.01415	0.01042	0.01415	0.00894	0.01191	0.00670	0.00372	0.00521	0.00149	0.00745	0.00521	0.00223	0.00596
32	0.00966	0.00966	0.01353	0.01160	0.01160	0.01353	0.00966	0.01063	0.00676	0.01063	0.00580	0.00966	0.00580	0.00773	0.01449	0.00193	0.83670	0.00387	0.00193	0.00483
33	0.11745	0.00947	0.01168	0.01072	0.11254	0.00957	0.00775	0.25532	0.01417	0.38702	0.01291	0.01227	0.00869	0.00507	0.00423	0.00135	0.00424	0.00400	0.00442	0.00713
34	0.01085	0.01041	0.01778	0.05273	0.79225	0.01047	0.01351	0.01348	0.01002	0.01433	0.00829	0.01096	0.00696	0.00395	0.00437	0.00132	0.00527	0.00393	0.00218	0.00693
35	0.00636	0.00469	0.00691	0.00691	0.00766	0.00542	0.00532	0.00786	0.00711	0.01031	0.01200	0.01794	0.01131	0.07526	0.76597	0.00681	0.01121	0.00481	0.02226	0.00388
36	0.01121	0.00973	0.01012	0.00892	0.01155	0.02744	0.00696	0.05461	0.70621	0.01843	0.01676	0.01557	0.01261	0.00575	0.00440	0.00143	0.00363	0.00475	0.00432	0.06562
37	0.08927	0.00453	0.00434	0.00427	0.00546	0.00466	0.00325	0.01054	0.00910	0.01678	0.01364	0.01560	0.01071	0.00505	0.00305	0.00106	0.00219	0.00396	0.78838	0.00418
38	0.01336	0.01088	0.01153	0.00934	0.01234	0.05420	0.02213	0.38416	0.23476	0.02166	0.06037	0.01354	0.01112	0.00639	0.03208	0.00150	0.00462	0.00436	0.00407	0.08760
39	0.00739	0.00504	0.00561	0.00532	0.00565	0.00516	0.00321	0.08076	0.00776	0.01036	0.01361	0.02719	0.01526	0.76639	0.02079	0.00401	0.00434	0.00619	0.00284	0.00313
40	0.08927	0.00453	0.00434	0.00427	0.00546	0.00466	0.00325	0.01054	0.00910	0.01678	0.01364	0.01560	0.01071	0.00505	0.00305	0.00106	0.00219	0.00396	0.78838	0.00418
41	0.79520	0.00872	0.00756	0.00780	0.08406	0.00996	0.00560	0.01304	0.00775	0.01931	0.00635	0.00753	0.00499	0.00408	0.00289	0.00136	0.00359	0.00254	0.00268	0.00499
42	0.01101	0.08865	0.01841	0.02528	0.74197	0.01115	0.01299	0.01352	0.00996	0.01405	0.00811	0.01057	0.00687	0.00392	0.00423	0.00128	0.00520	0.00379	0.00216	0.00687

[dist]
# distance from previous block
# <min> <max>
0	12

[block]
# block no. 1 follows, 59 sequences, length 44
# corresponding to MSA columns:
# 111-154
name=unknown_B
#
# <colnr> <probs for GDERKNQSTAVLIFYWHMCP>
#	G	D	E	R	K	N	Q	S	T	A	V	L	I	F	Y	W	H	M	C	P
0	0.01467	0.06591	0.01361	0.01387	0.24545	0.04676	0.00889	0.12737	0.07704	0.27570	0.05639	0.01347	0.01061	0.00508	0.00434	0.00132	0.00449	0.00426	0.00387	0.00691
1	0.00682	0.00487	0.00677	0.00779	0.00868	0.00482	0.00660	0.00863	0.00987	0.01288	0.02355	0.18686	0.02607	0.01248	0.00602	0.00199	0.00381	0.65342	0.00407	0.00398
2	0.01132	0.01059	0.03757	0.03990	0.73916	0.01026	0.01321	0.01396	0.01016	0.05858	0.00879	0.01113	0.00716	0.00403	0.00437	0.00132	0.00521	0.00395	0.00235	0.00698
3	0.00834	0.00785	0.01325	0.83417	0.03042	0.00981	0.01227	0.01128	0.00883	0.01128	0.00785	0.01178	0.00589	0.00442	0.00442	0.00147	0.00589	0.00393	0.00196	0.00491
4	0.01215	0.00980	0.01325	0.17508	0.19110	0.01073	0.02238	0.23281	0.15689	0.05622	0.06504	0.01369	0.01059	0.00519	0.00449	0.00139	0.00470	0.00445	0.00351	0.00655
5	0.01331	0.00666	0.00757	0.00641	0.00854	0.05043	0.00507	0.02891	0.01158	0.34952	0.14743	0.01803	0.01580	0.00589	0.00407	0.00124	0.00314	0.00482	0.30593	0.00565
6	0.00625	0.00451	0.00590	0.00556	0.00660	0.00417	0.00417	0.00833	0.01250	0.01771	0.81490	0.03299	0.04167	0.00903	0.00521	0.00139	0.00208	0.00799	0.00486	0.00417
7	0.87598	0.00854	0.00649	0.00581	0.00854	0.00991	0.00478	0.01298	0.00752	0.01982	0.00615	0.00717	0.00478	0.00410	0.00273	0.00137	0.00342	0.00239	0.00273	0.00478
8	0.00524	0.00448	0.00451	0.00450	0.00598	0.00374	0.00337	0.00639	0.01012	0.01207	0.06308	0.04228	0.79702	0.01113	0.00522	0.00149	0.00223	0.00929	0.00412	0.00374
9	0.00767	0.00384	0.00575	0.00575	0.00575	0.00384	0.00384	0.00575	0.00575	0.00767	0.00767	0.01343	0.00767	0.01534	0.01726	0.87150	0.00384	0.00384	0.00192	0.00192
10	0.01347	0.01201	0.01376	0.01227	0.07674	0.10838	0.02837	0.29454	0.03546	0.04211	0.00860	0.01031	0.00688	0.00598	0.00806	0.00153	0.30842	0.00387	0.00307	0.00616
11	0.00823	0.00412	0.00412	0.00412	0.00515	0.00412	0.00309	0.01029	0.00926	0.01647	0.01441	0.01647	0.01132	0.00515	0.00309	0.00103	0.00206	0.00412	0.86930	0.00412
12	0.22204	0.00980	0.01458	0.07863	0.54099	0.01032	0.01113	0.01354	0.03207	0.01564	0.00802	0.01023	0.00656	0.00407	0.00398	0.00134	0.00480	0.00359	0.00237	0.00631
13	0.06780	0.01012	0.01307	0.30104	0.09772	0.01146	0.00991	0.36765	0.01433	0.03601	0.00984	0.01146	0.02041	0.00488	0.00432	0.00138	0.00510	0.00395	0.00325	0.00631
14	0.00804	0.00410	0.00418	0.00425	0.00523	0.00408	0.00316	0.01001	0.00921	0.01612	0.01507	0.07174	0.01252	0.00573	0.00326	0.00108	0.00209	0.00468	0.81136	0.00408
15	0.02753	0.01019	0.01373	0.11659	0.36597	0.11781	0.02676	0.01260	0.01016	0.01326	0.01228	0.02010	0.03101	0.00619	0.00491	0.00149	0.02099	0.18013	0.00265	0.00565
16	0.00964	0.00916	0.01538	0.30927	0.48634	0.00980	0.01242	0.01227	0.00963	0.01316	0.01059	0.01334	0.06074	0.00459	0.00444	0.00138	0.00527	0.00429	0.00224	0.00604
17	0.00990	0.00828	0.00932	0.06342	0.01162	0.00932	0.00669	0.06152	0.51113	0.01817	0.19831	0.02026	0.03968	0.00667	0.00467	0.00146	0.00338	0.00566	0.00439	0.00616
18	0.00607	0.00449	0.00567	0.00542	0.00650	0.00409	0.00405	0.00797	0.01202	0.01666	0.67757	0.05970	0.15440	0.00949	0.00522	0.00142	0.00212	0.00833	0.00473	0.00409
19	0.01982	0.00752	0.01025	0.00786	0.01127	0.00649	0.00649	0.02152	0.01264	0.82029	0.01742	0.01503	0.01093	0.00547	0.00444	0.00137	0.00376	0.00444	0.00547	0.00752
20	0.87598	0.00854	0.00649	0.00581	0.00854	0.00991	0.00478	0.01298	0.00752	0.01982	0.00615	0.00717	0.00478	0.00410	0.00273	0.00137	0.00342	0.00239	0.00273	0.00478
21	0.87598	0.00854	0.00649	0.00581	0.00854	0.00991	0.00478	0.01298	0.00752	0.01982	0.00615	0.00717	0.00478	0.00410	0.00273	0.00137	0.00342	0.00239	0.00273	0.00478
22	0.01982	0.00752	0.01025	0.00786	0.01127	0.00649	0.00649	0.02152	0.01264	0.82029	0.01742	0.01503	0.01093	0.00547	0.00444	0.00137	0.00376	0.00444	0.00547	0.00752
23	0.00747	0.00397	0.00596	0.00596	0.00607	0.00409	0.00409	0.00607	0.00596	0.00806	0.00830	0.01402	0.00818	0.01801	0.13893	0.74167	0.00504	0.00397	0.00199	0.00222
24	0.00827	0.00618	0.00733	0.00665	0.00824	0.00633	0.00510	0.04566	0.21173	0.04328	0.53574	0.02764	0.05394	0.00806	0.00497	0.00142	0.00261	0.00700	0.00475	0.00510
25	0.00685	0.00519	0.00703	0.00657	0.00783	0.00529	0.00499	0.00834	0.00777	0.01139	0.05547	0.03782	0.01291	0.11463	0.50771	0.00506	0.00849	0.00489	0.02408	0.15771
26	0.01606	0.01477	0.06695	0.01048	0.01378	0.21458	0.00883	0.46472	0.03729	0.07358	0.01000	0.01028	0.00726	0.00513	0.00455	0.00131	0.02622	0.00370	0.00372	0.00677
27	0.01099	0.00949	0.00999	0.00899	0.01148	0.01099	0.00699	0.02347	0.80925	0.01848	0.01798	0.01648	0.01348	0.00599	0.00449	0.00150	0.00350	0.00499	0.00449	0.00699
28	0.01117	0.00968	0.01000	0.00892	0.01139	0.03336	0.00695	0.06151	0.70395	0.01869	0.06102	0.01685	0.01451	0.00608	0.00452	0.00147	0.00361	0.00505	0.00445	0.00681
29	0.01772	0.00886	0.01083	0.00848	0.01174	0.00874	0.00692	0.21476	0.10595	0.51166	0.01571	0.01445	0.01051	0.02651	0.00489	0.00144	0.00401	0.00444	0.00503	0.00733
30	0.06098	0.00757	0.01007	0.00776	0.01114	0.00666	0.00641	0.02111	0.01239	0.78180	0.01688	0.01465	0.01064	0.00540	0.00436	0.00137	0.00374	0.00434	0.00534	0.00738
31	0.01470	0.00688	0.00896	0.00729	0.00986	0.00633	0.00585	0.06974	0.04060	0.46791	0.26675	0.04087	0.02086	0.00680	0.00471	0.00139	0.00327	0.00574	0.00514	0.00635
32	0.01296	0.01032	0.01099	0.00932	0.01215	0.01170	0.00741	0.26063	0.55002	0.04060	0.01572	0.01465	0.01160	0.00577	0.00447	0.00144	0.00392	0.00467	0.00449	0.00716
33	0.00739	0.00474	0.00617	0.00569	0.00693	0.00434	0.00431	0.00940	0.01230	0.08397	0.69558	0.04402	0.05681	0.00875	0.00509	0.00139	0.00223	0.00769	0.02877	0.00442
34	0.00916	0.00869	0.01473	0.57819	0.27998	0.01003	0.01267	0.01200	0.00922	0.01228	0.00800	0.01151	0.00624	0.00426	0.00440	0.00142	0.00568	0.00393	0.00203	0.00557
35	0.01609	0.01186	0.01284	0.00996	0.01331	0.01315	0.00820	0.74929	0.01985	0.02666	0.01069	0.01106	0.00775	0.00716	0.05952	0.00171	0.00533	0.00403	0.00428	0.00727
36	0.07556	0.00777	0.00985	0.00780	0.01097	0.00726	0.00637	0.03569	0.10057	0.62975	0.04934	0.01532	0.01200	0.00558	0.00436	0.00138	0.00366	0.00450	0.00513	0.00714
37	0.00576	0.00451	0.00523	0.00509	0.00636	0.00398	0.00385	0.00736	0.01122	0.01471	0.40930	0.03820	0.42610	0.01019	0.00524	0.00146	0.00222	0.03081	0.00446	0.00395
38	0.00850	0.00801	0.01353	0.78533	0.07803	0.00985	0.01234	0.01142	0.00891	0.01147	0.00788	0.01172	0.00595	0.00439	0.00441	0.00146	0.00585	0.00393	0.00198	0.00503
39	0.00834	0.00785	0.01325	0.83417	0.03042	0.00981	0.01227	0.01128	0.00883	0.01128	0.00785	0.01178	0.00589	0.00442	0.00442	0.00147	0.00589	0.00393	0.00196	0.00491
40	0.00538	0.00384	0.00512	0.00615	0.00641	0.00359	0.00410	0.00615	0.00846	0.01127	0.02434	0.84190	0.02921	0.01384	0.00564	0.00179	0.00256	0.01256	0.00410	0.00359
41	0.00906	0.00858	0.01454	0.61144	0.24756	0.01000	0.01262	0.01191	0.00917	0.01215	0.00798	0.01154	0.00619	0.00428	0.00440	0.00143	0.00571	0.00393	0.00202	0.00548
42	0.05652	0.04545	0.75451	0.01207	0.01831	0.01044	0.01544	0.01391	0.00922	0.01420	0.00778	0.00914	0.00555	0.00418	0.00408	0.00138	0.00631	0.00319	0.00191	0.00641
43	0.00791	0.00688	0.00710	0.00729	0.00835	0.10380	0.00553	0.03197	0.05468	0.01413	0.22616	0.30675	0.02739	0.01048	0.00532	0.00163	0.00350	0.16270	0.00410	0.00431

[dist]
# distance from previous block
# <min> <max>
0	8

# created by:
# /home/cegg/simao/soft/augustus-3.2.1/scripts/msa2prfl.pl ./align_prep/EOG091G107U.fa
