[name]
unknown

[dist]
# distance from previous block
# <min> <max>
3	714

[block]
# block no. 0 follows, 35 sequences, length 78
# corresponding to MSA columns:
# 746-778,780-783,791-831
name=unknown_A
#
# <colnr> <probs for GDERKNQSTAVLIFYWHMCP>
#	G	D	E	R	K	N	Q	S	T	A	V	L	I	F	Y	W	H	M	C	P
0	0.09166	0.14115	0.52180	0.01563	0.02354	0.01615	0.01906	0.04415	0.01368	0.02075	0.01231	0.01396	0.02754	0.00625	0.00558	0.00191	0.00831	0.00464	0.00302	0.00889
1	0.01237	0.03279	0.12040	0.01079	0.01415	0.00981	0.00979	0.03144	0.12630	0.07152	0.40243	0.05291	0.03962	0.01090	0.00697	0.00204	0.00469	0.02738	0.00613	0.00756
2	0.01183	0.00591	0.00591	0.00591	0.00739	0.00591	0.00443	0.01478	0.01330	0.02365	0.02069	0.02365	0.01626	0.00739	0.00443	0.00148	0.00296	0.00591	0.81227	0.00591
3	0.19962	0.07757	0.12487	0.01375	0.04314	0.13433	0.01209	0.06403	0.04242	0.16279	0.01391	0.01457	0.01016	0.00679	0.00599	0.00189	0.03588	0.00479	0.02278	0.00863
4	0.04902	0.05116	0.10443	0.03551	0.06806	0.04993	0.01176	0.07750	0.07906	0.22537	0.12572	0.02313	0.03714	0.00909	0.02328	0.00213	0.00642	0.00669	0.00560	0.00898
5	0.13587	0.03953	0.22843	0.01663	0.08131	0.13583	0.04487	0.03825	0.03060	0.03798	0.03423	0.04630	0.04611	0.00774	0.00656	0.00199	0.03833	0.01750	0.00378	0.00815
6	0.01687	0.04336	0.31546	0.01774	0.08501	0.06986	0.04311	0.14429	0.02921	0.08023	0.01661	0.05431	0.04052	0.00755	0.00628	0.00197	0.00800	0.00617	0.00420	0.00922
7	0.02507	0.01057	0.01375	0.01076	0.01527	0.00936	0.00882	0.06927	0.01831	0.59119	0.03028	0.02709	0.12266	0.00906	0.00654	0.00199	0.00517	0.00738	0.00747	0.00998
8	0.01390	0.01285	0.02152	0.12127	0.46833	0.01312	0.04795	0.01715	0.01344	0.01888	0.01479	0.02124	0.03172	0.12110	0.01020	0.00256	0.00733	0.00649	0.02774	0.00843
9	0.00909	0.00670	0.00971	0.00971	0.01067	0.00766	0.00732	0.01101	0.01005	0.01436	0.01744	0.02740	0.01693	0.15636	0.64460	0.00959	0.01538	0.00716	0.00346	0.00539
10	0.01364	0.01111	0.01431	0.20167	0.05820	0.01264	0.01128	0.02306	0.31753	0.04345	0.02232	0.13323	0.01912	0.00943	0.00648	0.00213	0.00564	0.00819	0.07834	0.00821
11	0.01121	0.00585	0.00613	0.00635	0.00766	0.00580	0.00465	0.01389	0.01313	0.02254	0.02282	0.13539	0.02009	0.00925	0.00498	0.00164	0.00306	0.00772	0.69201	0.00580
12	0.01272	0.01068	0.01272	0.00974	0.01475	0.00828	0.00792	0.01555	0.01337	0.02042	0.01460	0.02186	0.01344	0.00661	0.00530	0.00124	0.00487	0.10681	0.00407	0.69504
13	0.08438	0.01257	0.01983	0.46284	0.22026	0.01444	0.01676	0.04243	0.01372	0.03710	0.01171	0.01608	0.00899	0.00621	0.00612	0.00203	0.00778	0.00547	0.00325	0.00804
14	0.01183	0.00591	0.00591	0.00591	0.00739	0.00591	0.00443	0.01478	0.01330	0.02365	0.02069	0.02365	0.01626	0.00739	0.00443	0.00148	0.00296	0.00591	0.81227	0.00591
15	0.01099	0.04689	0.31102	0.01335	0.01793	0.01072	0.01420	0.01569	0.04179	0.01856	0.02311	0.23784	0.02408	0.04144	0.00808	0.00248	0.00670	0.14346	0.00439	0.00728
16	0.01021	0.00845	0.01132	0.08716	0.08657	0.00847	0.00864	0.01442	0.08458	0.02169	0.32516	0.09051	0.19371	0.01229	0.00719	0.00208	0.00429	0.01075	0.00581	0.00670
17	0.01290	0.01175	0.01907	0.13230	0.33820	0.01282	0.01480	0.01602	0.01247	0.01776	0.01318	0.01886	0.01162	0.03335	0.22472	0.00446	0.06625	0.00599	0.00317	0.03032
18	0.01746	0.01400	0.01481	0.01253	0.01643	0.01559	0.00997	0.26875	0.37645	0.02984	0.02785	0.02629	0.12307	0.00937	0.00657	0.00206	0.00544	0.00759	0.00633	0.00960
19	0.01183	0.00591	0.00591	0.00591	0.00739	0.00591	0.00443	0.01478	0.01330	0.02365	0.02069	0.02365	0.01626	0.00739	0.00443	0.00148	0.00296	0.00591	0.81227	0.00591
20	0.04230	0.01682	0.01567	0.01274	0.01671	0.12559	0.01024	0.43722	0.02384	0.03236	0.01548	0.01643	0.01152	0.00736	0.00576	0.00177	0.00669	0.00545	0.18696	0.00908
21	0.01033	0.00752	0.00923	0.00964	0.01090	0.00746	0.00693	0.11470	0.01533	0.02044	0.07488	0.55653	0.07089	0.01737	0.00780	0.00243	0.00419	0.04133	0.00602	0.00608
22	0.01664	0.03801	0.15314	0.03422	0.10097	0.04648	0.02638	0.11609	0.07361	0.09711	0.03574	0.06371	0.01507	0.02606	0.00683	0.00198	0.00683	0.02480	0.00467	0.11166
23	0.01366	0.00768	0.00787	0.00721	0.00922	0.00796	0.00557	0.11940	0.01577	0.02609	0.01988	0.02240	0.01544	0.00742	0.00472	0.00154	0.00356	0.00588	0.69208	0.00664
24	0.01047	0.00717	0.00889	0.00840	0.00985	0.02743	0.00621	0.01243	0.01621	0.05363	0.53005	0.06900	0.06658	0.01426	0.00999	0.12332	0.00375	0.01045	0.00621	0.00570
25	0.01685	0.01810	0.02096	0.06316	0.34561	0.22914	0.05260	0.01954	0.01464	0.01770	0.01253	0.01844	0.01134	0.12097	0.01006	0.00247	0.00869	0.00583	0.00327	0.00810
26	0.01072	0.00976	0.01462	0.03802	0.20267	0.00933	0.06144	0.01386	0.04283	0.01872	0.05531	0.14906	0.32360	0.01248	0.00719	0.00214	0.00518	0.01111	0.00494	0.00704
27	0.01296	0.01263	0.01763	0.01549	0.01554	0.01730	0.01269	0.01431	0.01008	0.01541	0.01230	0.12707	0.01334	0.01241	0.01892	0.00275	0.65184	0.00741	0.00324	0.00667
28	0.01451	0.01365	0.02301	0.03445	0.62887	0.01359	0.01744	0.01788	0.01410	0.02005	0.01537	0.12862	0.01481	0.00777	0.00655	0.00199	0.00696	0.00750	0.00355	0.00932
29	0.01446	0.01315	0.07104	0.02061	0.23724	0.01179	0.05446	0.05791	0.08436	0.08152	0.05505	0.20136	0.04868	0.01038	0.00690	0.00212	0.00611	0.00943	0.00494	0.00848
30	0.01573	0.21060	0.39611	0.04386	0.02361	0.07237	0.03600	0.02067	0.01398	0.07492	0.01230	0.03106	0.00952	0.00638	0.00566	0.00184	0.00846	0.00488	0.00323	0.00883
31	0.01191	0.00943	0.01071	0.01088	0.03129	0.03864	0.00776	0.10830	0.05127	0.03686	0.05347	0.41015	0.13643	0.01537	0.00794	0.00232	0.03154	0.01333	0.00577	0.00663
32	0.13301	0.11990	0.23907	0.01427	0.04619	0.07286	0.01393	0.10046	0.04269	0.02366	0.11935	0.01813	0.01644	0.00727	0.00572	0.00187	0.00708	0.00555	0.00414	0.00840
33	0.01183	0.00591	0.00591	0.00591	0.00739	0.00591	0.00443	0.01478	0.01330	0.02365	0.02069	0.02365	0.01626	0.00739	0.00443	0.00148	0.00296	0.00591	0.81227	0.00591
34	0.02001	0.39142	0.02523	0.01297	0.01763	0.20903	0.01129	0.16547	0.03715	0.02080	0.01115	0.01224	0.00920	0.00630	0.00504	0.00157	0.00788	0.00421	0.02294	0.00849
35	0.70126	0.01212	0.00990	0.00850	0.01268	0.01337	0.00697	0.01825	0.01115	0.02730	0.00920	0.01073	0.00725	0.00571	0.00404	0.00181	0.00488	0.00348	0.00390	0.12751
36	0.00984	0.02572	0.03226	0.00986	0.01234	0.00788	0.06745	0.04746	0.01596	0.02104	0.25731	0.15438	0.28666	0.01380	0.00740	0.00213	0.00431	0.01212	0.00586	0.00625
37	0.01157	0.01051	0.01722	0.64923	0.03821	0.01291	0.01556	0.01517	0.01217	0.01563	0.01257	0.02058	0.01063	0.12128	0.01021	0.00272	0.00811	0.00617	0.00297	0.00657
38	0.01749	0.50409	0.05875	0.01298	0.01739	0.15021	0.01208	0.01959	0.01332	0.01530	0.00903	0.01109	0.00817	0.00649	0.00694	0.00164	0.12084	0.00389	0.00282	0.00788
39	0.01479	0.12809	0.02472	0.21742	0.43309	0.01610	0.01745	0.01839	0.01377	0.01866	0.01192	0.01679	0.01012	0.00613	0.00604	0.00189	0.00761	0.02507	0.00307	0.00888
40	0.01479	0.01186	0.01288	0.01159	0.01482	0.01318	0.00900	0.02843	0.52845	0.06292	0.13719	0.02994	0.07784	0.00978	0.00669	0.00212	0.00460	0.00825	0.00657	0.00912
41	0.03750	0.01144	0.01711	0.03639	0.20450	0.01093	0.03824	0.05004	0.01587	0.31754	0.02128	0.13237	0.01774	0.04993	0.00798	0.00227	0.00607	0.00801	0.00567	0.00913
42	0.00918	0.00635	0.00791	0.00791	0.00826	0.00669	0.00508	0.00986	0.00952	0.01304	0.01908	0.03648	0.02088	0.55574	0.25061	0.00738	0.00944	0.00849	0.00371	0.00440
43	0.01143	0.00899	0.01117	0.01172	0.08530	0.00873	0.00792	0.11679	0.01807	0.02425	0.32321	0.07704	0.24541	0.01265	0.00722	0.00204	0.00415	0.01089	0.00612	0.00689
44	0.01625	0.01320	0.01593	0.17900	0.02264	0.03075	0.01106	0.16052	0.06436	0.05664	0.01364	0.01546	0.01039	0.00611	0.00562	0.00154	0.00622	0.00493	0.00443	0.36131
45	0.00843	0.00643	0.00817	0.00915	0.02889	0.00590	0.00650	0.01034	0.01432	0.01879	0.18494	0.32766	0.23226	0.01677	0.00784	0.00236	0.00377	0.09586	0.00603	0.00559
46	0.06585	0.01705	0.01689	0.04760	0.08013	0.19312	0.03764	0.17860	0.03516	0.04359	0.04347	0.12868	0.01645	0.00899	0.00671	0.00196	0.02735	0.00727	0.00472	0.03878
47	0.01544	0.07766	0.16011	0.02287	0.23981	0.04472	0.08732	0.07920	0.01453	0.01989	0.01158	0.01521	0.00953	0.00858	0.00961	0.12325	0.04371	0.00540	0.00324	0.00834
48	0.01008	0.00749	0.00932	0.00914	0.00937	0.00832	0.00637	0.01076	0.01016	0.01382	0.02044	0.04222	0.02303	0.54069	0.02680	0.00513	0.11933	0.11892	0.00401	0.00463
49	0.01694	0.11019	0.01642	0.01214	0.01562	0.06824	0.00959	0.10709	0.37304	0.04908	0.02042	0.02271	0.01658	0.12252	0.00994	0.00258	0.00611	0.00659	0.00541	0.00880
50	0.01626	0.23815	0.20540	0.01612	0.08024	0.14668	0.03033	0.03994	0.01392	0.01713	0.01052	0.01335	0.00883	0.00834	0.00828	0.12305	0.00823	0.00451	0.00297	0.00776
51	0.01001	0.00750	0.00964	0.05904	0.01300	0.00767	0.00796	0.04044	0.05194	0.01799	0.03181	0.29000	0.08761	0.12984	0.01157	0.00309	0.00514	0.20456	0.00542	0.00578
52	0.01665	0.33988	0.04498	0.01257	0.01632	0.14269	0.02758	0.02002	0.06337	0.01747	0.01205	0.01411	0.01020	0.00692	0.00699	0.00171	0.11039	0.00458	0.12382	0.00769
53	0.00792	0.00563	0.00741	0.00873	0.00912	0.00529	0.00583	0.00902	0.01208	0.01613	0.04675	0.68701	0.04071	0.07809	0.00997	0.00285	0.00391	0.03270	0.00575	0.00508
54	0.01054	0.00785	0.00997	0.01110	0.03888	0.00794	0.00784	0.03442	0.11978	0.03670	0.03291	0.46695	0.06299	0.01653	0.00776	0.00248	0.00444	0.10852	0.00592	0.00647
55	0.02372	0.01899	0.01854	0.01457	0.01933	0.11027	0.01187	0.61099	0.02790	0.03649	0.01471	0.01499	0.01061	0.00748	0.00622	0.00186	0.00742	0.00552	0.02830	0.01023
56	0.01803	0.66707	0.03112	0.01141	0.01679	0.02429	0.01103	0.12299	0.01542	0.01866	0.00978	0.01093	0.00854	0.00575	0.00441	0.00144	0.00681	0.00374	0.00326	0.00854
57	0.13027	0.00761	0.01007	0.00992	0.01147	0.00887	0.00777	0.01242	0.01029	0.01678	0.01578	0.02274	0.01452	0.04136	0.64037	0.00897	0.01519	0.00630	0.00348	0.00584
58	0.01131	0.00976	0.01539	0.49033	0.03129	0.01188	0.01349	0.01451	0.01184	0.01594	0.01373	0.02180	0.01196	0.12596	0.09096	0.00357	0.03547	0.00631	0.05818	0.00634
59	0.00876	0.00595	0.00706	0.00752	0.00763	0.00584	0.00448	0.00910	0.01014	0.01352	0.02467	0.27029	0.02897	0.54022	0.02472	0.00503	0.00538	0.01198	0.00448	0.00425
60	0.01089	0.00636	0.00854	0.00928	0.01036	0.00584	0.00653	0.01225	0.01311	0.12449	0.03344	0.64076	0.03789	0.01801	0.00786	0.00249	0.00400	0.03570	0.00618	0.00601
61	0.01272	0.03281	0.74418	0.01808	0.02746	0.01473	0.02344	0.02009	0.01339	0.02009	0.01138	0.01339	0.00804	0.00603	0.00603	0.00201	0.00938	0.00469	0.00268	0.00938
62	0.01686	0.39591	0.23373	0.01408	0.02051	0.03475	0.03381	0.12388	0.03616	0.02063	0.01113	0.01245	0.00887	0.00604	0.00516	0.00167	0.00770	0.00434	0.00338	0.00894
63	0.01432	0.00980	0.01101	0.00968	0.01236	0.01014	0.00751	0.13796	0.14002	0.07341	0.21964	0.05251	0.10108	0.03082	0.00721	0.00206	0.00430	0.00880	0.13970	0.00767
64	0.29753	0.04567	0.01490	0.01169	0.01603	0.05307	0.00956	0.21550	0.13339	0.12076	0.01546	0.01532	0.01122	0.00707	0.00541	0.00194	0.00597	0.00507	0.00542	0.00904
65	0.01212	0.01142	0.01928	0.73431	0.07008	0.01413	0.01769	0.01633	0.01275	0.01638	0.01130	0.01687	0.00852	0.00632	0.00634	0.00211	0.00842	0.00564	0.00283	0.00716
66	0.01547	0.01194	0.01444	0.01435	0.09008	0.01296	0.00998	0.23697	0.11554	0.02586	0.06590	0.11412	0.02121	0.09942	0.06736	0.00317	0.02215	0.02394	0.02702	0.00813
67	0.01830	0.00884	0.01160	0.00969	0.01287	0.00797	0.00768	0.04707	0.01822	0.35052	0.34111	0.05270	0.06470	0.01074	0.00695	0.00200	0.00426	0.00918	0.00728	0.00830
68	0.01606	0.50893	0.18683	0.01362	0.01984	0.02152	0.05902	0.05454	0.01392	0.01767	0.01019	0.01198	0.00856	0.00681	0.02521	0.00182	0.00789	0.00415	0.00294	0.00850
69	0.05743	0.09888	0.03826	0.05234	0.05194	0.12953	0.04993	0.14972	0.06876	0.06722	0.01445	0.01665	0.01139	0.01291	0.11735	0.00310	0.02276	0.00547	0.02351	0.00840
70	0.01555	0.00965	0.01265	0.11425	0.03418	0.00973	0.00931	0.10450	0.01670	0.18632	0.09127	0.11118	0.15998	0.01380	0.06159	0.00267	0.00605	0.00925	0.02368	0.00769
71	0.04258	0.01489	0.02104	0.05070	0.24876	0.06821	0.08429	0.08183	0.03581	0.22920	0.03546	0.01811	0.01296	0.00688	0.00661	0.00195	0.02008	0.00607	0.00497	0.00961
72	0.01326	0.01274	0.01938	0.61259	0.10768	0.05352	0.01708	0.03807	0.01378	0.01754	0.02795	0.01715	0.00984	0.00648	0.00633	0.00206	0.00836	0.00569	0.00308	0.00744
73	0.04031	0.59949	0.08613	0.01209	0.01738	0.09554	0.01197	0.01957	0.01326	0.01579	0.00910	0.01069	0.00811	0.00579	0.00496	0.00150	0.03379	0.00364	0.00280	0.00808
74	0.01395	0.03275	0.04663	0.05102	0.05067	0.02868	0.03643	0.06137	0.06245	0.06733	0.05749	0.05605	0.14060	0.00910	0.00626	0.00178	0.00553	0.03506	0.01934	0.21747
75	0.01271	0.01051	0.02991	0.07063	0.05581	0.01033	0.02764	0.13508	0.06268	0.03589	0.04951	0.17874	0.21638	0.04107	0.00797	0.00229	0.00521	0.01061	0.02982	0.00721
76	0.01234	0.01078	0.01609	0.05904	0.28218	0.01105	0.01232	0.05124	0.03340	0.01997	0.05520	0.21008	0.11824	0.01173	0.00763	0.00219	0.03623	0.03797	0.00467	0.00765
77	0.01386	0.01346	0.02165	0.24963	0.28784	0.03408	0.05972	0.01723	0.01311	0.01794	0.01286	0.03894	0.01146	0.02969	0.00946	0.00228	0.12329	0.03226	0.00319	0.00804

[dist]
# distance from previous block
# <min> <max>
1	9

[block]
# block no. 1 follows, 35 sequences, length 8
# corresponding to MSA columns:
# 841-848
name=unknown_B
#
# <colnr> <probs for GDERKNQSTAVLIFYWHMCP>
#	G	D	E	R	K	N	Q	S	T	A	V	L	I	F	Y	W	H	M	C	P
0	0.01611	0.04667	0.01863	0.07080	0.07793	0.16963	0.07118	0.02072	0.09356	0.01965	0.01267	0.01466	0.01020	0.00581	0.00557	0.00150	0.00727	0.00480	0.00375	0.32888
1	0.04953	0.01173	0.01801	0.16638	0.23677	0.01250	0.04449	0.01642	0.03544	0.01923	0.06873	0.02473	0.06646	0.08029	0.00983	0.00241	0.05934	0.02012	0.00382	0.05374
2	0.04632	0.01210	0.01444	0.07925	0.05322	0.07166	0.01076	0.04711	0.03682	0.01893	0.07878	0.06881	0.04314	0.06377	0.07126	0.00314	0.17749	0.05812	0.00420	0.04069
3	0.01078	0.00763	0.01177	0.01107	0.01282	0.00705	0.09022	0.01274	0.01363	0.08568	0.07778	0.45946	0.08210	0.03752	0.00850	0.00252	0.00479	0.05202	0.00577	0.00615
4	0.01544	0.01618	0.01640	0.01873	0.17678	0.22860	0.01204	0.01763	0.01390	0.01692	0.01613	0.05317	0.03314	0.05914	0.12507	0.00353	0.08996	0.04884	0.03122	0.00716
5	0.01245	0.01091	0.01589	0.18886	0.16884	0.03434	0.04116	0.04652	0.01383	0.01862	0.05086	0.09012	0.07063	0.12659	0.03539	0.00292	0.00698	0.00816	0.04994	0.00698
6	0.01010	0.00637	0.00852	0.00946	0.01040	0.00600	0.00688	0.01160	0.01292	0.07860	0.03274	0.51749	0.03725	0.07436	0.00987	0.00286	0.00443	0.14859	0.00590	0.00567
7	0.05048	0.01217	0.01957	0.28007	0.23120	0.01306	0.06472	0.01811	0.04463	0.05598	0.01977	0.02423	0.09304	0.00783	0.00654	0.00208	0.00718	0.03737	0.00388	0.00808

[dist]
# distance from previous block
# <min> <max>
0	1

[block]
# block no. 2 follows, 35 sequences, length 26
# corresponding to MSA columns:
# 851-867,884-888,892-895
name=unknown_C
#
# <colnr> <probs for GDERKNQSTAVLIFYWHMCP>
#	G	D	E	R	K	N	Q	S	T	A	V	L	I	F	Y	W	H	M	C	P
0	0.04615	0.01491	0.11310	0.09992	0.06624	0.01233	0.05623	0.08683	0.01715	0.35897	0.01913	0.02067	0.01338	0.00750	0.00642	0.00203	0.00687	0.03683	0.00568	0.00966
1	0.02755	0.01166	0.01518	0.01171	0.01659	0.01068	0.00965	0.10617	0.04367	0.64042	0.02398	0.02097	0.01529	0.00785	0.00638	0.00196	0.00556	0.00633	0.00764	0.01077
2	0.01282	0.01105	0.01762	0.36779	0.12525	0.01260	0.03586	0.04108	0.03626	0.03590	0.01609	0.09911	0.01470	0.03715	0.04641	0.02207	0.02698	0.03024	0.00373	0.00730
3	0.03372	0.08302	0.11670	0.21791	0.19615	0.07090	0.01612	0.06800	0.01500	0.02005	0.04470	0.01804	0.01220	0.00823	0.03268	0.00223	0.00824	0.02432	0.00347	0.00832
4	0.01257	0.01122	0.01832	0.40380	0.08040	0.01293	0.07191	0.05133	0.01359	0.01839	0.01518	0.08801	0.01357	0.03159	0.03345	0.00253	0.03929	0.02153	0.05323	0.00716
5	0.33852	0.01742	0.01758	0.05554	0.15290	0.18833	0.06494	0.02020	0.01352	0.02204	0.01004	0.01262	0.00814	0.00626	0.00608	0.00194	0.04824	0.00453	0.00345	0.00772
6	0.00988	0.00804	0.00851	0.00816	0.01046	0.00787	0.00618	0.01550	0.17885	0.02075	0.13706	0.06877	0.41788	0.01350	0.00708	0.00210	0.00360	0.01137	0.05792	0.00655
7	0.01622	0.11704	0.05981	0.07038	0.04242	0.15001	0.02855	0.04807	0.22294	0.02092	0.06057	0.02021	0.03933	0.00868	0.02217	0.00209	0.03505	0.00614	0.02105	0.00834
8	0.00780	0.00558	0.00743	0.00878	0.00922	0.00520	0.00589	0.00902	0.01249	0.01673	0.07582	0.73051	0.04300	0.01947	0.00806	0.00254	0.00364	0.01765	0.00595	0.00520
9	0.01456	0.01555	0.05896	0.16925	0.35540	0.03872	0.12343	0.01846	0.01377	0.01899	0.01237	0.04273	0.01052	0.00675	0.00774	0.00206	0.07262	0.00626	0.00314	0.00870
10	0.00969	0.00744	0.00805	0.00804	0.00892	0.02719	0.00529	0.01182	0.06887	0.01546	0.06059	0.12429	0.13598	0.41384	0.06360	0.00473	0.00596	0.01052	0.00470	0.00502
11	0.00866	0.00638	0.00910	0.01019	0.01106	0.00610	0.02891	0.01041	0.01293	0.01711	0.03389	0.55090	0.03942	0.01876	0.00827	0.00266	0.00451	0.20950	0.00579	0.00545
12	0.01245	0.01052	0.01226	0.00928	0.01409	0.00823	0.00724	0.01549	0.03676	0.02007	0.01581	0.08177	0.03626	0.03374	0.00611	0.00134	0.00462	0.00561	0.00410	0.66422
13	0.01322	0.01476	0.08552	0.09429	0.04652	0.04040	0.20295	0.04795	0.01452	0.01975	0.08340	0.03757	0.07024	0.03145	0.05978	0.00273	0.07112	0.00743	0.00389	0.05251
14	0.21931	0.02019	0.01546	0.01458	0.05855	0.32779	0.01066	0.07218	0.03896	0.02156	0.03035	0.01433	0.01049	0.03427	0.00716	0.00197	0.04984	0.00468	0.00387	0.04381
15	0.00932	0.00625	0.00722	0.00735	0.00748	0.00625	0.00442	0.00958	0.00971	0.01290	0.02121	0.04421	0.02427	0.70880	0.03017	0.00586	0.00612	0.07083	0.00402	0.00402
16	0.01953	0.01600	0.04964	0.01493	0.05499	0.01675	0.01181	0.34766	0.27263	0.05503	0.05886	0.02014	0.01653	0.00810	0.00643	0.00200	0.00615	0.00652	0.00614	0.01016
17	0.01373	0.01306	0.02218	0.42275	0.36910	0.01455	0.01849	0.01774	0.01351	0.01833	0.01158	0.01634	0.00920	0.00602	0.00631	0.00201	0.00803	0.00564	0.00297	0.00846
18	0.01517	0.01315	0.01897	0.32437	0.02821	0.01674	0.01496	0.10759	0.01399	0.05608	0.01130	0.01571	0.00908	0.00851	0.01221	0.00235	0.31477	0.00565	0.00352	0.00768
19	0.01502	0.01436	0.02464	0.19175	0.43660	0.01492	0.10092	0.05924	0.01503	0.02070	0.01385	0.01763	0.03413	0.00623	0.00648	0.00197	0.00793	0.00613	0.00336	0.00910
20	0.01456	0.02680	0.46646	0.04050	0.04987	0.09121	0.04049	0.04302	0.04675	0.03872	0.03890	0.01750	0.04342	0.00695	0.00621	0.00198	0.00868	0.00558	0.00348	0.00891
21	0.02370	0.03023	0.01798	0.01634	0.01961	0.75158	0.01226	0.02533	0.01798	0.01553	0.00981	0.01144	0.00817	0.00654	0.00572	0.00163	0.01144	0.00409	0.00327	0.00735
22	0.01919	0.01532	0.01626	0.01360	0.01779	0.01737	0.01087	0.31261	0.44157	0.03203	0.02149	0.02022	0.01586	0.00820	0.00641	0.00205	0.00582	0.00658	0.00641	0.01035
23	0.01676	0.01411	0.01490	0.01311	0.01687	0.01624	0.01028	0.11382	0.64431	0.02812	0.02458	0.02268	0.01836	0.00849	0.00644	0.00212	0.00525	0.00700	0.00644	0.01013
24	0.01021	0.00825	0.01186	0.14877	0.01685	0.00923	0.03038	0.01293	0.04181	0.01592	0.06720	0.03223	0.06233	0.24419	0.21544	0.00551	0.03479	0.02241	0.00396	0.00571
25	0.00899	0.00608	0.00801	0.00840	0.00891	0.00623	0.00569	0.00987	0.01079	0.01493	0.05935	0.24319	0.02731	0.25504	0.19840	0.07471	0.00778	0.01083	0.03075	0.00475

[dist]
# distance from previous block
# <min> <max>
0	2

[block]
# block no. 3 follows, 35 sequences, length 19
# corresponding to MSA columns:
# 898,899,901-907,914-923
name=unknown_D
#
# <colnr> <probs for GDERKNQSTAVLIFYWHMCP>
#	G	D	E	R	K	N	Q	S	T	A	V	L	I	F	Y	W	H	M	C	P
0	0.06245	0.18687	0.04392	0.01469	0.04106	0.27419	0.01185	0.06670	0.01523	0.01810	0.01232	0.08783	0.01172	0.00828	0.00776	0.00189	0.11830	0.00568	0.00356	0.00761
1	0.01355	0.01143	0.01252	0.04333	0.08660	0.11440	0.00879	0.05269	0.01247	0.01575	0.01617	0.02405	0.05070	0.15606	0.06331	0.24961	0.03062	0.00652	0.02591	0.00551
2	0.01525	0.01531	0.06235	0.15086	0.41788	0.04815	0.01708	0.01965	0.04428	0.04350	0.03138	0.01830	0.01211	0.00648	0.00627	0.00191	0.00748	0.02475	0.00356	0.05345
3	0.01516	0.09804	0.21617	0.01734	0.10193	0.01593	0.03656	0.08387	0.24210	0.02313	0.01793	0.07363	0.01471	0.00790	0.00622	0.00201	0.00692	0.00663	0.00451	0.00932
4	0.05490	0.06250	0.04734	0.11528	0.19467	0.16103	0.17415	0.03498	0.01489	0.01920	0.01204	0.03973	0.01009	0.00649	0.00661	0.00194	0.02666	0.00590	0.00329	0.00830
5	0.01329	0.01437	0.11729	0.12495	0.15331	0.01224	0.08884	0.01892	0.09755	0.05079	0.08390	0.09428	0.05932	0.00885	0.00670	0.00207	0.00671	0.00806	0.03039	0.00818
6	0.00820	0.00619	0.00686	0.00707	0.00816	0.00563	0.00473	0.00926	0.01250	0.01580	0.08124	0.17068	0.34281	0.27430	0.01599	0.00356	0.00427	0.01264	0.00526	0.00484
7	0.01167	0.00981	0.03566	0.01044	0.01177	0.03415	0.00804	0.07643	0.01238	0.01722	0.01820	0.10311	0.01859	0.22585	0.22853	0.02670	0.08808	0.00812	0.04940	0.00585
8	0.01102	0.00551	0.00826	0.00826	0.00826	0.00551	0.00551	0.00826	0.00826	0.01102	0.01102	0.01928	0.01102	0.02204	0.02479	0.81543	0.00551	0.00551	0.00275	0.00275
9	0.01310	0.01238	0.01925	0.36325	0.11409	0.01570	0.01575	0.01617	0.01185	0.01681	0.01080	0.01603	0.00903	0.00805	0.01150	0.00229	0.28370	0.00562	0.04730	0.00730
10	0.00799	0.00620	0.00727	0.00751	0.00900	0.00548	0.00544	0.00986	0.01486	0.01928	0.24967	0.24558	0.35678	0.01618	0.00765	0.00221	0.00327	0.01407	0.00621	0.00548
11	0.01430	0.09721	0.38551	0.02516	0.27471	0.01592	0.05977	0.01978	0.01380	0.01983	0.01141	0.01410	0.00884	0.00580	0.00601	0.00191	0.00856	0.00506	0.00287	0.00945
12	0.00939	0.00558	0.00773	0.00838	0.00854	0.00542	0.00551	0.00861	0.01007	0.01343	0.02246	0.35317	0.02584	0.09690	0.01820	0.37645	0.00477	0.01139	0.00424	0.00392
13	0.00854	0.00677	0.00878	0.00845	0.01021	0.00606	0.04518	0.01059	0.01451	0.01911	0.18164	0.23517	0.33935	0.01527	0.00745	0.00218	0.00369	0.01339	0.05800	0.00564
14	0.00923	0.00615	0.00692	0.00692	0.00692	0.00615	0.00384	0.00923	0.00923	0.01230	0.01999	0.04151	0.02306	0.77705	0.03229	0.00615	0.00615	0.00923	0.00384	0.00384
15	0.01365	0.01079	0.01285	0.00958	0.01455	0.00862	0.00764	0.03885	0.01419	0.05572	0.07529	0.01727	0.01450	0.00808	0.04716	0.00163	0.00535	0.00479	0.00430	0.63521
16	0.01652	0.01906	0.02802	0.02155	0.02562	0.18553	0.37444	0.01999	0.01440	0.01796	0.01179	0.03763	0.00996	0.00735	0.01010	0.00218	0.18031	0.00658	0.00321	0.00782
17	0.04208	0.01200	0.03687	0.01098	0.01509	0.01127	0.00914	0.18017	0.04145	0.33464	0.04395	0.02343	0.05017	0.04049	0.00721	0.00208	0.00538	0.00666	0.11770	0.00926
18	0.14906	0.13502	0.13700	0.01594	0.03618	0.09993	0.10462	0.06241	0.01408	0.02075	0.01037	0.01289	0.00841	0.00668	0.00774	0.00193	0.12235	0.00475	0.00333	0.04658

[dist]
# distance from previous block
# <min> <max>
1	10

[block]
# block no. 4 follows, 35 sequences, length 23
# corresponding to MSA columns:
# 934-938,942,953-969
name=unknown_E
#
# <colnr> <probs for GDERKNQSTAVLIFYWHMCP>
#	G	D	E	R	K	N	Q	S	T	A	V	L	I	F	Y	W	H	M	C	P
0	0.01429	0.05443	0.22359	0.08797	0.25863	0.04239	0.03562	0.04241	0.01458	0.02059	0.04479	0.04544	0.01306	0.00689	0.00611	0.00191	0.00762	0.00601	0.06495	0.00871
1	0.00935	0.00627	0.00829	0.00841	0.00922	0.00658	0.00598	0.01051	0.01083	0.01536	0.04972	0.09975	0.06951	0.18876	0.29770	0.09904	0.00935	0.00874	0.08170	0.00492
2	0.01232	0.00949	0.01086	0.00965	0.01217	0.00974	0.00748	0.12556	0.14262	0.02672	0.40252	0.04018	0.14164	0.01181	0.00713	0.00203	0.00400	0.01010	0.00664	0.00735
3	0.06597	0.22934	0.19588	0.01270	0.01794	0.01552	0.05000	0.04872	0.05267	0.02022	0.06827	0.04852	0.11802	0.00862	0.00590	0.00189	0.00653	0.02128	0.00408	0.00791
4	0.01413	0.10275	0.26106	0.16375	0.21315	0.01595	0.04877	0.02005	0.06428	0.01943	0.01232	0.01520	0.00952	0.00608	0.00604	0.00194	0.00819	0.00528	0.00312	0.00899
5	0.06247	0.01322	0.05115	0.49142	0.19311	0.01458	0.01746	0.01720	0.01286	0.01808	0.01115	0.01596	0.00869	0.00636	0.00680	0.00208	0.04121	0.00546	0.00295	0.00779
6	0.01218	0.00787	0.00903	0.00829	0.01019	0.03002	0.00624	0.04020	0.01675	0.08766	0.40075	0.05894	0.07140	0.05260	0.00807	0.00213	0.00381	0.00968	0.15773	0.00645
7	0.01385	0.06168	0.01407	0.04012	0.04830	0.09580	0.00881	0.06240	0.01470	0.01988	0.01965	0.18831	0.04936	0.00940	0.00590	0.00166	0.00562	0.00788	0.06314	0.26947
8	0.05175	0.24070	0.51133	0.01561	0.02363	0.01760	0.01915	0.01972	0.01313	0.01904	0.01055	0.01235	0.00801	0.00585	0.00538	0.00182	0.00844	0.00427	0.00275	0.00891
9	0.01818	0.27940	0.05446	0.03707	0.07967	0.12972	0.01250	0.11169	0.17641	0.02156	0.01405	0.01484	0.01117	0.00666	0.00548	0.00174	0.00733	0.00495	0.00414	0.00897
10	0.01456	0.04446	0.11057	0.07813	0.16589	0.01339	0.09831	0.08319	0.06137	0.04905	0.04100	0.12383	0.03542	0.00871	0.00657	0.00204	0.00690	0.00791	0.04024	0.00846
11	0.01435	0.01248	0.01707	0.20546	0.15491	0.01372	0.01321	0.06522	0.22760	0.02222	0.01803	0.05500	0.01486	0.00869	0.02288	0.00218	0.00661	0.02396	0.02541	0.07616
12	0.00783	0.00572	0.00736	0.00847	0.00916	0.00526	0.00577	0.00918	0.01300	0.01723	0.10841	0.61751	0.12428	0.01874	0.00797	0.00247	0.00356	0.01684	0.00600	0.00526
13	0.03988	0.01829	0.15361	0.04983	0.02038	0.03954	0.01328	0.31946	0.02076	0.10339	0.01504	0.01614	0.01089	0.00867	0.03467	0.00220	0.02883	0.00544	0.05552	0.04418
14	0.01520	0.20458	0.21582	0.01753	0.10144	0.04476	0.07874	0.05259	0.08253	0.02030	0.01500	0.03831	0.02964	0.00685	0.00577	0.00184	0.00754	0.00568	0.04717	0.00872
15	0.00970	0.00644	0.00772	0.00804	0.00963	0.00567	0.00578	0.01120	0.01386	0.08817	0.06383	0.38167	0.33106	0.01692	0.00766	0.00232	0.00364	0.01477	0.00611	0.00581
16	0.00863	0.00587	0.00772	0.00871	0.00946	0.00541	0.00597	0.01002	0.01315	0.04405	0.11632	0.62705	0.07697	0.01845	0.00793	0.00247	0.00364	0.01662	0.00609	0.00547
17	0.04878	0.10910	0.14551	0.04021	0.16183	0.09732	0.04132	0.07967	0.04855	0.11909	0.01561	0.01674	0.03522	0.00676	0.00594	0.00187	0.00764	0.00547	0.00420	0.00915
18	0.01626	0.04379	0.05951	0.05539	0.22714	0.12700	0.03564	0.03534	0.07941	0.04096	0.01572	0.01761	0.04851	0.00672	0.00632	0.00175	0.02648	0.00558	0.00385	0.14700
19	0.00905	0.00703	0.00980	0.00972	0.01083	0.00794	0.00744	0.01097	0.01081	0.01501	0.02440	0.06388	0.12179	0.08752	0.52399	0.00802	0.05404	0.00835	0.00387	0.00555
20	0.00796	0.00599	0.00722	0.00784	0.00889	0.00541	0.00543	0.00943	0.01352	0.01762	0.15052	0.39465	0.25051	0.07303	0.00959	0.00262	0.00362	0.01499	0.00591	0.00525
21	0.01661	0.33178	0.05276	0.01526	0.05656	0.10447	0.04317	0.05860	0.01408	0.01764	0.03752	0.01404	0.01074	0.00866	0.03457	0.00214	0.16541	0.00483	0.00323	0.00795
22	0.03570	0.01196	0.01509	0.01297	0.07571	0.01045	0.03313	0.09655	0.01538	0.06382	0.03303	0.04885	0.01317	0.03592	0.00647	0.00155	0.00541	0.00544	0.00440	0.47500

[dist]
# distance from previous block
# <min> <max>
1	20

[block]
# block no. 5 follows, 35 sequences, length 9
# corresponding to MSA columns:
# 991-996,1009-1011
name=unknown_F
#
# <colnr> <probs for GDERKNQSTAVLIFYWHMCP>
#	G	D	E	R	K	N	Q	S	T	A	V	L	I	F	Y	W	H	M	C	P
0	0.01575	0.10209	0.10175	0.02421	0.19143	0.04018	0.22172	0.06026	0.01453	0.01995	0.01132	0.01480	0.00920	0.00665	0.00883	0.00206	0.13753	0.00578	0.00320	0.00876
1	0.01487	0.05854	0.02198	0.20130	0.36093	0.01385	0.04317	0.01830	0.01404	0.07334	0.01644	0.08241	0.03834	0.00754	0.00642	0.00199	0.00719	0.00697	0.00373	0.00864
2	0.00773	0.00552	0.00736	0.00883	0.00920	0.00515	0.00589	0.00883	0.01215	0.01619	0.03497	0.77291	0.04196	0.01987	0.00810	0.00258	0.00368	0.01803	0.00589	0.00515
3	0.01602	0.01554	0.08266	0.09802	0.34985	0.01395	0.15539	0.02024	0.01493	0.10273	0.05662	0.01847	0.01327	0.00637	0.00659	0.00198	0.00788	0.00637	0.00385	0.00926
4	0.01399	0.08355	0.01469	0.04362	0.01486	0.09463	0.04857	0.01602	0.01323	0.09498	0.04826	0.02955	0.07981	0.16045	0.18745	0.00466	0.00927	0.03161	0.00429	0.00653
5	0.00935	0.00728	0.01072	0.01062	0.01158	0.00865	0.00825	0.01143	0.01034	0.01491	0.01795	0.09452	0.01768	0.04185	0.61934	0.00884	0.07964	0.00775	0.00358	0.00572
6	0.01322	0.01236	0.04355	0.07669	0.06416	0.01191	0.21371	0.01790	0.06213	0.05453	0.18080	0.02861	0.04563	0.03875	0.00874	0.00226	0.04726	0.03052	0.03967	0.00760
7	0.01987	0.01353	0.01738	0.03943	0.11672	0.03206	0.02989	0.18928	0.07916	0.19783	0.01890	0.04542	0.01489	0.03982	0.00857	0.00222	0.06188	0.03188	0.03197	0.00928
8	0.01939	0.01368	0.08352	0.07857	0.04052	0.01227	0.01146	0.16283	0.07275	0.24093	0.09320	0.04206	0.01876	0.00830	0.00634	0.00196	0.00590	0.00686	0.07148	0.00921

[dist]
# distance from previous block
# <min> <max>
0	1

[block]
# block no. 6 follows, 35 sequences, length 13
# corresponding to MSA columns:
# 1013-1025
name=unknown_G
#
# <colnr> <probs for GDERKNQSTAVLIFYWHMCP>
#	G	D	E	R	K	N	Q	S	T	A	V	L	I	F	Y	W	H	M	C	P
0	0.01070	0.01009	0.05945	0.01157	0.01368	0.00908	0.06448	0.05499	0.01409	0.01892	0.08674	0.21936	0.11544	0.11391	0.01185	0.00290	0.05965	0.11183	0.00509	0.00619
1	0.06505	0.14993	0.04575	0.07108	0.02157	0.05183	0.09217	0.23387	0.10692	0.04345	0.01416	0.01528	0.01070	0.00667	0.00584	0.00183	0.00726	0.00537	0.00462	0.04664
2	0.36425	0.15271	0.08035	0.03203	0.04725	0.06857	0.07337	0.01966	0.01265	0.04577	0.01016	0.01215	0.00806	0.00614	0.00563	0.00189	0.04381	0.00428	0.00351	0.00776
3	0.00831	0.00627	0.00782	0.00817	0.00950	0.00578	0.00603	0.01034	0.01468	0.01951	0.26646	0.25580	0.23405	0.01816	0.05308	0.00276	0.00428	0.05736	0.00609	0.00555
4	0.01466	0.01389	0.03772	0.17774	0.22333	0.01464	0.10443	0.09805	0.06080	0.02129	0.01481	0.06558	0.01267	0.01036	0.06050	0.00267	0.04768	0.00684	0.00383	0.00852
5	0.01010	0.00669	0.00824	0.00810	0.00979	0.00603	0.00602	0.01215	0.01531	0.08196	0.28701	0.17600	0.23894	0.05886	0.00899	0.00242	0.00371	0.04740	0.00632	0.00595
6	0.00849	0.00583	0.00757	0.00848	0.00885	0.00564	0.00563	0.00928	0.01143	0.01531	0.05261	0.46664	0.03490	0.20707	0.04313	0.05058	0.00497	0.04366	0.00515	0.00477
7	0.00905	0.00688	0.01027	0.01096	0.01209	0.00659	0.05280	0.01105	0.01317	0.01742	0.03307	0.48345	0.03801	0.01814	0.00829	0.00267	0.00487	0.24991	0.00570	0.00561
8	0.01459	0.01385	0.02349	0.15943	0.57572	0.01430	0.01833	0.01827	0.01401	0.01969	0.01322	0.06202	0.01172	0.00664	0.00640	0.00197	0.00746	0.00640	0.00325	0.00924
9	0.05140	0.01084	0.01228	0.01023	0.01370	0.06152	0.00813	0.05183	0.01795	0.34864	0.24001	0.03158	0.09476	0.00997	0.00667	0.00196	0.00495	0.00826	0.00686	0.00844
10	0.05579	0.08397	0.61821	0.01671	0.02530	0.01517	0.02096	0.02049	0.01347	0.05693	0.01176	0.01342	0.00837	0.00607	0.00580	0.00196	0.00876	0.00462	0.00301	0.00923
11	0.23312	0.01931	0.10047	0.05550	0.09800	0.21308	0.05616	0.01999	0.01400	0.02101	0.01179	0.03208	0.00971	0.00754	0.02431	0.00208	0.00816	0.00498	0.06109	0.00761
12	0.01162	0.01042	0.01489	0.24567	0.13582	0.03358	0.01238	0.01545	0.04280	0.01962	0.16748	0.03577	0.12836	0.01039	0.00700	0.00214	0.00610	0.08880	0.00467	0.00705

[dist]
# distance from previous block
# <min> <max>
1	3

[block]
# block no. 7 follows, 35 sequences, length 36
# corresponding to MSA columns:
# 1031-1058,1066-1073
name=unknown_H
#
# <colnr> <probs for GDERKNQSTAVLIFYWHMCP>
#	G	D	E	R	K	N	Q	S	T	A	V	L	I	F	Y	W	H	M	C	P
0	0.11767	0.10917	0.01942	0.06791	0.06346	0.03313	0.04478	0.30321	0.01993	0.02808	0.04069	0.04658	0.01346	0.00947	0.03934	0.00229	0.00726	0.02061	0.00480	0.00875
1	0.01570	0.04841	0.01509	0.01344	0.06710	0.10784	0.00976	0.14054	0.13833	0.02447	0.15384	0.05918	0.08598	0.00941	0.00641	0.00186	0.00583	0.00775	0.00539	0.08366
2	0.01361	0.01232	0.01989	0.55552	0.15891	0.01450	0.01714	0.07560	0.01431	0.01884	0.01171	0.01663	0.00899	0.00675	0.00682	0.02377	0.00810	0.00564	0.00317	0.00776
3	0.00922	0.00652	0.00879	0.00877	0.00952	0.00713	0.00625	0.01073	0.01031	0.01466	0.05031	0.03183	0.02043	0.30607	0.43381	0.00807	0.01198	0.00785	0.03274	0.00504
4	0.01121	0.00973	0.02616	0.01108	0.01224	0.03896	0.00866	0.02635	0.04304	0.01602	0.01745	0.05495	0.01726	0.17227	0.32079	0.00632	0.13739	0.02991	0.03425	0.00596
5	0.01235	0.05877	0.40957	0.01574	0.02220	0.01316	0.08333	0.03852	0.03971	0.02007	0.04192	0.13166	0.06770	0.00908	0.00656	0.00209	0.00766	0.00784	0.00382	0.00828
6	0.00776	0.00559	0.00735	0.00870	0.00918	0.00519	0.00584	0.00894	0.01243	0.01653	0.05814	0.71753	0.07438	0.01948	0.00805	0.00254	0.00364	0.01762	0.00592	0.00519
7	0.01701	0.70584	0.03163	0.01172	0.03489	0.05684	0.01095	0.01902	0.01306	0.01503	0.00926	0.01125	0.00861	0.02695	0.00499	0.00152	0.00699	0.00364	0.00278	0.00804
8	0.01345	0.00975	0.01214	0.01198	0.06665	0.00936	0.00836	0.11430	0.04997	0.07546	0.15193	0.22879	0.09095	0.01211	0.00690	0.00201	0.00460	0.01055	0.00583	0.11492
9	0.01831	0.11631	0.04854	0.05849	0.08941	0.08083	0.04888	0.19762	0.08806	0.05121	0.01409	0.01592	0.01097	0.00879	0.03660	0.00226	0.07777	0.00551	0.02146	0.00897
10	0.01407	0.06289	0.08498	0.07654	0.36967	0.01388	0.03165	0.05036	0.01442	0.01999	0.01606	0.10783	0.01528	0.01014	0.04129	0.00242	0.00764	0.04855	0.00370	0.00863
11	0.02093	0.01618	0.01724	0.01395	0.01846	0.01818	0.01129	0.45511	0.29624	0.03484	0.01928	0.01846	0.01407	0.00799	0.00639	0.00200	0.00623	0.00627	0.00639	0.01050
12	0.00770	0.00564	0.00724	0.00853	0.00912	0.00518	0.00575	0.00887	0.01244	0.01631	0.03871	0.68202	0.13044	0.01939	0.00802	0.00252	0.00362	0.01744	0.00589	0.00518
13	0.01403	0.01266	0.04334	0.20498	0.27896	0.01262	0.04830	0.03265	0.03555	0.06404	0.05063	0.12521	0.03230	0.00864	0.00669	0.00208	0.00691	0.00796	0.00413	0.00831
14	0.04428	0.31949	0.35010	0.01501	0.04271	0.01858	0.01657	0.04495	0.01402	0.06437	0.01131	0.01269	0.00867	0.00595	0.00524	0.00174	0.00783	0.00431	0.00320	0.00897
15	0.02317	0.02820	0.01749	0.01573	0.01905	0.66368	0.01188	0.07500	0.01862	0.01768	0.01071	0.01228	0.00874	0.00666	0.00571	0.00165	0.01072	0.00429	0.04122	0.00754
16	0.00780	0.00555	0.00734	0.00874	0.00909	0.00520	0.00579	0.00885	0.01201	0.01601	0.03425	0.73819	0.04106	0.05582	0.00925	0.00275	0.00380	0.01762	0.00579	0.00509
17	0.03950	0.01467	0.08377	0.13867	0.30515	0.03162	0.01549	0.05308	0.01531	0.08410	0.05952	0.02175	0.04091	0.00742	0.00633	0.00197	0.00698	0.03039	0.03461	0.00874
18	0.35979	0.10175	0.03579	0.01295	0.04103	0.15622	0.03095	0.04219	0.01318	0.02205	0.01009	0.01298	0.00856	0.03651	0.02466	0.00226	0.07383	0.00434	0.00355	0.00732
19	0.01550	0.01497	0.02588	0.07219	0.67856	0.01506	0.04559	0.01935	0.01438	0.02050	0.01194	0.01581	0.00996	0.00567	0.00633	0.00190	0.00770	0.00572	0.00313	0.00985
20	0.01307	0.01060	0.01175	0.01076	0.01342	0.01165	0.00824	0.04792	0.39143	0.02498	0.21232	0.06021	0.06440	0.03573	0.03209	0.00249	0.00480	0.00897	0.02703	0.00816
21	0.00779	0.00635	0.00688	0.00693	0.00879	0.00545	0.00513	0.00959	0.01487	0.01854	0.18161	0.12612	0.54813	0.01587	0.00755	0.00216	0.00322	0.01349	0.00609	0.00545
22	0.00809	0.00645	0.00725	0.00705	0.00893	0.00561	0.00529	0.01025	0.01586	0.02046	0.33197	0.05559	0.46512	0.01483	0.00749	0.00208	0.00313	0.01262	0.00633	0.00561
23	0.01272	0.03281	0.74418	0.01808	0.02746	0.01473	0.02344	0.02009	0.01339	0.02009	0.01138	0.01339	0.00804	0.00603	0.00603	0.00201	0.00938	0.00469	0.00268	0.00938
24	0.00968	0.00744	0.00926	0.00919	0.00998	0.03533	0.00656	0.01107	0.01012	0.01384	0.01785	0.03066	0.01828	0.32054	0.45295	0.00835	0.01270	0.00761	0.00356	0.00504
25	0.01315	0.01128	0.01315	0.00940	0.01503	0.00846	0.00752	0.01597	0.01315	0.02067	0.01128	0.01315	0.00940	0.00470	0.00470	0.00094	0.00470	0.00376	0.00376	0.81583
26	0.01526	0.01201	0.01292	0.01135	0.01459	0.01321	0.00884	0.13210	0.38762	0.04423	0.10518	0.03003	0.10871	0.03700	0.00752	0.00221	0.00486	0.00817	0.03539	0.00880
27	0.00777	0.00608	0.00707	0.00775	0.00908	0.00538	0.00556	0.00927	0.01359	0.01709	0.07208	0.36503	0.38503	0.01766	0.00781	0.00236	0.00353	0.04664	0.00592	0.00531
28	0.01028	0.00876	0.01216	0.01146	0.01217	0.01078	0.00896	0.01197	0.01085	0.01551	0.04685	0.11840	0.07519	0.07342	0.30360	0.00577	0.24551	0.00863	0.00387	0.00587
29	0.00862	0.00643	0.00801	0.00770	0.00928	0.00582	0.00574	0.01124	0.01697	0.02332	0.56492	0.08401	0.19669	0.01392	0.00751	0.00205	0.00307	0.01217	0.00671	0.00582
30	0.01075	0.00788	0.00944	0.00873	0.01076	0.00766	0.00662	0.06379	0.07351	0.04260	0.44982	0.09573	0.16197	0.01311	0.00734	0.00207	0.00358	0.01137	0.00666	0.00661
31	0.00895	0.00700	0.00875	0.04382	0.01142	0.03045	0.00687	0.01071	0.02789	0.01623	0.04689	0.53283	0.03498	0.07693	0.08951	0.00359	0.00581	0.02667	0.00528	0.00541
32	0.01641	0.04484	0.07558	0.07930	0.49705	0.08575	0.01809	0.02007	0.01449	0.04319	0.01183	0.01514	0.00968	0.00607	0.00667	0.00190	0.03595	0.00537	0.00322	0.00939
33	0.06578	0.42978	0.14147	0.01343	0.04767	0.04726	0.01287	0.05346	0.03920	0.05205	0.01113	0.01232	0.00904	0.00590	0.00485	0.00160	0.00710	0.00411	0.00340	0.03761
34	0.01600	0.04226	0.04807	0.01710	0.04445	0.04341	0.09342	0.09168	0.01378	0.06441	0.01252	0.04270	0.01116	0.04153	0.02807	0.00267	0.36893	0.00630	0.00371	0.00782
35	0.01656	0.01236	0.01643	0.03416	0.20782	0.02526	0.01167	0.14899	0.03285	0.09020	0.01904	0.08261	0.03888	0.00938	0.00745	0.05163	0.00602	0.03849	0.05501	0.09518

[dist]
# distance from previous block
# <min> <max>
0	2

[block]
# block no. 8 follows, 35 sequences, length 13
# corresponding to MSA columns:
# 1076-1079,1091-1099
name=unknown_I
#
# <colnr> <probs for GDERKNQSTAVLIFYWHMCP>
#	G	D	E	R	K	N	Q	S	T	A	V	L	I	F	Y	W	H	M	C	P
0	0.09729	0.35821	0.09624	0.01307	0.01812	0.04430	0.08355	0.04109	0.01403	0.03999	0.02972	0.01972	0.03181	0.02432	0.00598	0.00188	0.00711	0.06201	0.00363	0.00790
1	0.00973	0.00712	0.00993	0.01089	0.05266	0.00759	0.00750	0.01149	0.01106	0.01543	0.04134	0.03685	0.02203	0.27003	0.33631	0.00696	0.01070	0.10467	0.02231	0.00539
2	0.01314	0.15934	0.15505	0.06406	0.04358	0.03060	0.05334	0.01657	0.01377	0.03947	0.06007	0.12325	0.07827	0.00892	0.00609	0.00183	0.00649	0.00757	0.00401	0.11457
3	0.00970	0.04923	0.00946	0.00812	0.01023	0.00733	0.00614	0.01246	0.05327	0.04220	0.18516	0.20213	0.32155	0.01457	0.00724	0.00211	0.00369	0.01252	0.00595	0.03696
4	0.00909	0.00753	0.01066	0.01181	0.07191	0.00708	0.04539	0.01142	0.03394	0.01788	0.08255	0.38994	0.21928	0.01702	0.03160	0.00258	0.00469	0.01411	0.00552	0.00601
5	0.25900	0.25032	0.05395	0.05432	0.05781	0.01857	0.05255	0.09665	0.03951	0.02313	0.01077	0.01260	0.00866	0.00620	0.00546	0.00182	0.03238	0.00441	0.00367	0.00820
6	0.01732	0.04860	0.07585	0.01679	0.02204	0.05591	0.19305	0.21706	0.04808	0.02579	0.05553	0.01704	0.01296	0.00684	0.00693	0.00185	0.03981	0.00601	0.00446	0.12808
7	0.12866	0.31632	0.14068	0.01368	0.05976	0.06843	0.01255	0.04232	0.01444	0.08068	0.05862	0.01469	0.01217	0.00645	0.00510	0.00171	0.00695	0.00464	0.00377	0.00839
8	0.05797	0.17795	0.23851	0.03226	0.06712	0.04719	0.01479	0.10364	0.01570	0.05821	0.01621	0.05016	0.04153	0.00780	0.00588	0.00191	0.00738	0.04323	0.00396	0.00861
9	0.04574	0.10034	0.26578	0.01483	0.03926	0.05156	0.05256	0.08248	0.05528	0.04231	0.01905	0.05078	0.08127	0.00784	0.00600	0.00190	0.00725	0.00635	0.03704	0.03237
10	0.01491	0.08979	0.13462	0.01318	0.04626	0.01299	0.01152	0.12483	0.05439	0.07097	0.11351	0.07310	0.02115	0.06323	0.04115	0.04678	0.02917	0.02582	0.00481	0.00784
11	0.01913	0.06271	0.21238	0.01494	0.05741	0.01437	0.01391	0.19565	0.03579	0.17837	0.01664	0.03361	0.01242	0.03927	0.00713	0.00206	0.00693	0.00582	0.03061	0.04085
12	0.07122	0.11533	0.09166	0.02417	0.03342	0.02873	0.07482	0.07200	0.08424	0.10473	0.01678	0.01963	0.03241	0.07317	0.03499	0.00252	0.03604	0.00594	0.02608	0.05212

[dist]
# distance from previous block
# <min> <max>
0	194

# created by:
# /home/cegg/simao/soft/augustus-3.2.1/scripts/msa2prfl.pl ./align_prep/EOG091G0E2X.fa
