[name]
unknown

[dist]
# distance from previous block
# <min> <max>
1	20

[block]
# block no. 0 follows, 46 sequences, length 17
# corresponding to MSA columns:
# 171,172,175-189
name=unknown_A
#
# <colnr> <probs for GDERKNQSTAVLIFYWHMCP>
#	G	D	E	R	K	N	Q	S	T	A	V	L	I	F	Y	W	H	M	C	P
0	0.09091	0.03312	0.09533	0.05266	0.03345	0.06165	0.03339	0.11737	0.10518	0.12214	0.03600	0.09009	0.03814	0.02539	0.00566	0.00173	0.00537	0.00591	0.00424	0.04228
1	0.04844	0.03480	0.21873	0.01328	0.08371	0.12547	0.03878	0.05018	0.01236	0.05031	0.06588	0.07017	0.03488	0.06003	0.00749	0.04630	0.00629	0.02311	0.00336	0.00641
2	0.02686	0.21057	0.08815	0.05643	0.15152	0.15021	0.01143	0.11424	0.03276	0.01719	0.02212	0.06277	0.02189	0.00610	0.00480	0.00150	0.00642	0.00478	0.00315	0.00709
3	0.00743	0.02685	0.00721	0.00704	0.00780	0.00559	0.00500	0.00848	0.00969	0.01302	0.06837	0.23315	0.11607	0.19646	0.19517	0.03572	0.00619	0.02853	0.01800	0.00423
4	0.01423	0.16489	0.14520	0.10614	0.06832	0.10938	0.07086	0.08682	0.01328	0.07634	0.03021	0.03323	0.03415	0.00594	0.00518	0.00156	0.01915	0.00481	0.00323	0.00708
5	0.04917	0.05480	0.09073	0.04839	0.34551	0.01283	0.13239	0.09733	0.01325	0.03336	0.03364	0.04333	0.01030	0.00555	0.00529	0.00163	0.00642	0.00525	0.00314	0.00767
6	0.00807	0.00600	0.00821	0.03852	0.06935	0.00589	0.00638	0.01009	0.04887	0.03580	0.06369	0.52693	0.05788	0.05742	0.00754	0.00219	0.00368	0.03385	0.00466	0.00500
7	0.05229	0.00742	0.02910	0.00848	0.01056	0.00677	0.02297	0.02953	0.04591	0.19554	0.10013	0.29260	0.02510	0.01084	0.00582	0.00185	0.00383	0.06607	0.07914	0.00605
8	0.04878	0.05977	0.22013	0.01336	0.04167	0.01155	0.11762	0.08933	0.04489	0.13238	0.04680	0.08732	0.01318	0.02563	0.00610	0.00178	0.02268	0.00589	0.00384	0.00731
9	0.01210	0.18855	0.20180	0.05366	0.05832	0.06073	0.16880	0.03353	0.01200	0.01573	0.05616	0.03340	0.03547	0.04037	0.00603	0.00172	0.00682	0.00521	0.00286	0.00676
10	0.00742	0.00487	0.00608	0.00688	0.00755	0.00469	0.00486	0.00883	0.01044	0.01496	0.02667	0.48869	0.06656	0.03619	0.03949	0.00229	0.00355	0.06205	0.19346	0.00447
11	0.01060	0.02735	0.78682	0.01507	0.02288	0.01228	0.01953	0.01674	0.01116	0.01674	0.00949	0.01116	0.00670	0.00502	0.00502	0.00167	0.00781	0.00391	0.00223	0.00781
12	0.01304	0.05553	0.06705	0.14203	0.25991	0.09930	0.04389	0.01724	0.09265	0.05204	0.03457	0.05596	0.03143	0.00623	0.00527	0.00163	0.00627	0.00547	0.00329	0.00718
13	0.01174	0.01339	0.09987	0.04073	0.03980	0.01165	0.41008	0.03557	0.06059	0.03431	0.01468	0.11359	0.01311	0.00699	0.00633	0.00185	0.02434	0.05118	0.00334	0.00685
14	0.01060	0.02735	0.78682	0.01507	0.02288	0.01228	0.01953	0.01674	0.01116	0.01674	0.00949	0.01116	0.00670	0.00502	0.00502	0.00167	0.00781	0.00391	0.00223	0.00781
15	0.00656	0.00467	0.00616	0.00724	0.00759	0.00437	0.00483	0.00751	0.01026	0.01374	0.06794	0.73168	0.03497	0.05584	0.00772	0.00227	0.00314	0.01438	0.00487	0.00428
16	0.01127	0.13718	0.55307	0.01469	0.05324	0.01335	0.04457	0.01688	0.05011	0.01635	0.01127	0.01269	0.03206	0.00529	0.00490	0.00161	0.00713	0.00421	0.00252	0.00759

[dist]
# distance from previous block
# <min> <max>
3	11

[block]
# block no. 1 follows, 46 sequences, length 34
# corresponding to MSA columns:
# 203-236
name=unknown_B
#
# <colnr> <probs for GDERKNQSTAVLIFYWHMCP>
#	G	D	E	R	K	N	Q	S	T	A	V	L	I	F	Y	W	H	M	C	P
0	0.07868	0.07427	0.01334	0.01022	0.01352	0.02390	0.00824	0.22166	0.31159	0.04938	0.04928	0.06876	0.01490	0.00720	0.00511	0.00165	0.00466	0.00577	0.00487	0.03296
1	0.03813	0.00931	0.01115	0.00845	0.01256	0.00791	0.00681	0.05698	0.04147	0.23483	0.06357	0.01612	0.03164	0.00561	0.00463	0.00121	0.00407	0.00455	0.00451	0.43647
2	0.01222	0.10342	0.17091	0.01785	0.05063	0.01341	0.39282	0.03550	0.02765	0.01676	0.01083	0.04019	0.00873	0.00516	0.00572	0.00164	0.02323	0.00542	0.00276	0.05515
3	0.00942	0.00718	0.02765	0.00838	0.01024	0.00659	0.03441	0.04287	0.06038	0.06210	0.41517	0.12648	0.07553	0.01096	0.00623	0.00181	0.00352	0.08012	0.00536	0.00561
4	0.00755	0.00566	0.00850	0.00850	0.00944	0.00661	0.00661	0.00944	0.00850	0.01227	0.01416	0.02077	0.01322	0.03965	0.79326	0.00850	0.01416	0.00566	0.00283	0.00472
5	0.20477	0.01153	0.06269	0.01009	0.01347	0.01131	0.05084	0.18348	0.06081	0.11517	0.01518	0.01763	0.04201	0.05990	0.00673	0.00190	0.03451	0.02587	0.06515	0.00693
6	0.01227	0.01521	0.12038	0.05749	0.04044	0.01333	0.51103	0.04815	0.01234	0.01704	0.01060	0.02905	0.00830	0.00529	0.00692	0.00181	0.07472	0.00582	0.00273	0.00709
7	0.00661	0.00471	0.00626	0.00744	0.00779	0.00443	0.00506	0.00759	0.01015	0.01351	0.02860	0.73654	0.03410	0.04618	0.00753	0.00228	0.00325	0.05880	0.00484	0.00429
8	0.00674	0.00478	0.00633	0.00745	0.00781	0.00453	0.00510	0.00772	0.01011	0.01344	0.02797	0.67455	0.03320	0.08430	0.00852	0.00243	0.00341	0.08261	0.00476	0.00425
9	0.02300	0.00913	0.01223	0.00946	0.01346	0.00807	0.00778	0.03991	0.04087	0.73087	0.03426	0.01833	0.01377	0.00664	0.00533	0.00164	0.00448	0.00540	0.00647	0.00890
10	0.00817	0.00561	0.00662	0.00665	0.00814	0.00501	0.00487	0.00999	0.03358	0.08087	0.14636	0.27899	0.35913	0.01323	0.00630	0.00187	0.00297	0.01147	0.00519	0.00498
11	0.00752	0.00563	0.00842	0.00846	0.00939	0.00654	0.00656	0.00938	0.00855	0.01231	0.01461	0.04467	0.01387	0.03895	0.76947	0.00830	0.01382	0.00595	0.00289	0.00471
12	0.00644	0.00460	0.00613	0.00736	0.00767	0.00429	0.00491	0.00736	0.01012	0.01350	0.02914	0.81076	0.03497	0.01656	0.00675	0.00215	0.00307	0.01503	0.00491	0.00429
13	0.00721	0.00529	0.00718	0.00764	0.00830	0.00559	0.00552	0.00855	0.00948	0.01315	0.02324	0.36074	0.07331	0.07099	0.30401	0.00465	0.02993	0.01008	0.04066	0.00447
14	0.01272	0.01345	0.03665	0.02019	0.10506	0.03496	0.43028	0.01604	0.01154	0.04445	0.01077	0.04291	0.00896	0.00608	0.00845	0.00187	0.17998	0.00590	0.00281	0.00692
15	0.01861	0.13838	0.01741	0.01355	0.03193	0.62591	0.03067	0.03804	0.01448	0.01356	0.00827	0.00966	0.00692	0.00529	0.00463	0.00135	0.00880	0.00346	0.00272	0.00637
16	0.01377	0.68126	0.08238	0.01177	0.08921	0.01947	0.01051	0.01593	0.01090	0.01322	0.00776	0.00913	0.00693	0.00458	0.00369	0.00121	0.00587	0.00309	0.00229	0.00701
17	0.00710	0.00520	0.00678	0.00781	0.00851	0.00498	0.00570	0.00885	0.03599	0.01446	0.04450	0.56348	0.08479	0.01552	0.00677	0.00216	0.00344	0.16445	0.00493	0.00457
18	0.01495	0.04611	0.01052	0.00853	0.01111	0.20538	0.00667	0.03420	0.01323	0.14029	0.05682	0.01656	0.01291	0.00604	0.00441	0.00132	0.00492	0.00461	0.32163	0.07979
19	0.01875	0.10135	0.01626	0.01308	0.01592	0.64237	0.01012	0.04763	0.02769	0.01379	0.00843	0.00981	0.00705	0.00558	0.00520	0.00140	0.04295	0.00349	0.00280	0.00632
20	0.02372	0.00900	0.01227	0.00941	0.01350	0.00777	0.00777	0.02576	0.01513	0.78489	0.02086	0.01799	0.01309	0.00654	0.00532	0.00164	0.00450	0.00532	0.00654	0.00900
21	0.01214	0.01159	0.01974	0.26768	0.55341	0.01231	0.01575	0.01539	0.01159	0.01612	0.00978	0.01339	0.00797	0.00489	0.00525	0.00163	0.00651	0.00471	0.00253	0.00761
22	0.00738	0.00530	0.00723	0.00746	0.00800	0.00572	0.00527	0.00852	0.00857	0.01190	0.01778	0.17667	0.01919	0.26621	0.41360	0.00627	0.00933	0.00807	0.00334	0.00419
23	0.00651	0.00465	0.00620	0.00731	0.00768	0.00434	0.00491	0.00753	0.01044	0.01400	0.07865	0.75979	0.03595	0.01618	0.00671	0.00211	0.00303	0.01467	0.00497	0.00434
24	0.00918	0.00459	0.00689	0.00689	0.00689	0.00459	0.00459	0.00689	0.00689	0.00918	0.00918	0.01607	0.00918	0.01837	0.02066	0.84619	0.00459	0.00459	0.00230	0.00230
25	0.01259	0.01196	0.02031	0.08859	0.68190	0.01213	0.01567	0.01572	0.01194	0.01691	0.01093	0.01580	0.00953	0.00531	0.00535	0.00163	0.00626	0.04676	0.00272	0.00799
26	0.00998	0.00940	0.01586	0.80150	0.03641	0.01175	0.01468	0.01351	0.01057	0.01351	0.00940	0.01409	0.00705	0.00529	0.00529	0.00176	0.00705	0.00470	0.00235	0.00587
27	0.00754	0.00562	0.00600	0.00582	0.00771	0.00476	0.00444	0.00902	0.01242	0.06564	0.09182	0.04830	0.66629	0.01282	0.00622	0.00179	0.00285	0.03108	0.00507	0.00480
28	0.01096	0.00940	0.01096	0.00783	0.01253	0.00705	0.00626	0.01331	0.01096	0.01723	0.00940	0.01096	0.00783	0.00392	0.00392	0.00078	0.00392	0.00313	0.00313	0.84653
29	0.08122	0.09945	0.04458	0.01281	0.01717	0.02718	0.21672	0.03812	0.06598	0.12745	0.04088	0.01558	0.01114	0.00552	0.00503	0.00150	0.00587	0.02707	0.00374	0.15299
30	0.03605	0.13313	0.01495	0.00999	0.01376	0.09991	0.00831	0.20589	0.01632	0.24211	0.06166	0.01656	0.05037	0.00646	0.00492	0.00147	0.00531	0.00494	0.00474	0.06315
31	0.00692	0.00529	0.00637	0.00650	0.00779	0.00475	0.00485	0.00871	0.01287	0.01696	0.33191	0.17670	0.31547	0.01300	0.00640	0.00184	0.00282	0.06090	0.00526	0.00467
32	0.01291	0.01235	0.02090	0.07553	0.71929	0.01253	0.01594	0.01637	0.03143	0.01718	0.01021	0.01331	0.00850	0.00481	0.00524	0.00159	0.00627	0.00474	0.00267	0.00823
33	0.01699	0.06158	0.08628	0.06394	0.01706	0.16425	0.01048	0.23292	0.12944	0.10909	0.04602	0.01459	0.01138	0.00621	0.00511	0.00158	0.00626	0.00475	0.00432	0.00773

[dist]
# distance from previous block
# <min> <max>
0	5

[block]
# block no. 2 follows, 46 sequences, length 26
# corresponding to MSA columns:
# 273-292,295-300
name=unknown_C
#
# <colnr> <probs for GDERKNQSTAVLIFYWHMCP>
#	G	D	E	R	K	N	Q	S	T	A	V	L	I	F	Y	W	H	M	C	P
0	0.06702	0.02966	0.03010	0.02797	0.06585	0.10656	0.07071	0.10247	0.03699	0.05978	0.03164	0.02128	0.00966	0.00517	0.00467	0.00129	0.00557	0.00424	0.00356	0.31580
1	0.01144	0.05078	0.72037	0.01457	0.02207	0.01230	0.01856	0.01721	0.01137	0.05920	0.01005	0.01146	0.00705	0.00509	0.00499	0.00166	0.00756	0.00395	0.00247	0.00785
2	0.00703	0.00485	0.00625	0.00717	0.00773	0.00449	0.00486	0.00800	0.01035	0.03629	0.03055	0.65951	0.10565	0.06016	0.00778	0.00227	0.00321	0.02457	0.00486	0.00440
3	0.20198	0.05890	0.13039	0.01245	0.10995	0.02304	0.01003	0.07167	0.03394	0.16081	0.02446	0.01556	0.06002	0.01712	0.00499	0.00162	0.00520	0.00465	0.00391	0.04933
4	0.06944	0.01160	0.01646	0.11254	0.05559	0.07566	0.15839	0.06315	0.01285	0.17282	0.01463	0.12815	0.01254	0.00731	0.00638	0.00177	0.06356	0.00638	0.00392	0.00685
5	0.00671	0.00523	0.00616	0.00666	0.00787	0.00467	0.00497	0.00817	0.01172	0.01483	0.10317	0.28136	0.39285	0.01430	0.00654	0.00197	0.00307	0.11027	0.00498	0.00451
6	0.01093	0.00854	0.00926	0.00879	0.00926	0.12433	0.00635	0.00985	0.00835	0.01035	0.00912	0.01490	0.00885	0.01684	0.07010	0.56802	0.09585	0.00449	0.00240	0.00343
7	0.02331	0.01202	0.08862	0.01511	0.16317	0.03008	0.05207	0.06846	0.09653	0.21312	0.03316	0.13571	0.02956	0.00765	0.00554	0.00172	0.00530	0.00673	0.00452	0.00761
8	0.00761	0.00541	0.00685	0.00659	0.00790	0.00491	0.00490	0.00976	0.01406	0.03893	0.57672	0.11440	0.15892	0.01164	0.00626	0.00173	0.00263	0.01022	0.00561	0.00494
9	0.50308	0.00971	0.00818	0.00758	0.01000	0.06128	0.00592	0.01434	0.00968	0.05454	0.01171	0.01856	0.01094	0.15435	0.03717	0.00257	0.00509	0.06647	0.00349	0.00533
10	0.01098	0.01093	0.02114	0.01714	0.07652	0.01042	0.42078	0.01495	0.04871	0.01712	0.04505	0.10788	0.06448	0.00698	0.00589	0.00174	0.00645	0.00740	0.09897	0.00646
11	0.01466	0.01045	0.01503	0.13887	0.21277	0.03179	0.03114	0.03358	0.07637	0.18624	0.01437	0.01648	0.01083	0.00612	0.00588	0.00165	0.05508	0.01953	0.11178	0.00737
12	0.00733	0.00555	0.00761	0.00821	0.00927	0.00522	0.02922	0.00902	0.01148	0.01498	0.08094	0.37173	0.15423	0.01467	0.00680	0.00214	0.00372	0.24836	0.00489	0.00464
13	0.00975	0.00647	0.00882	0.00816	0.00881	0.05001	0.05481	0.00842	0.00815	0.01034	0.01296	0.01851	0.07373	0.01629	0.01759	0.67142	0.00500	0.00518	0.00256	0.00301
14	0.06020	0.01339	0.01957	0.06211	0.11707	0.13018	0.27363	0.01711	0.04197	0.08092	0.01488	0.08382	0.04795	0.00646	0.00560	0.00170	0.00694	0.00624	0.00342	0.00682
15	0.01291	0.01403	0.01584	0.48968	0.05506	0.22662	0.01324	0.01562	0.01162	0.01341	0.00887	0.01259	0.00702	0.00566	0.00619	0.00169	0.07713	0.00434	0.00246	0.00602
16	0.01554	0.54025	0.03764	0.01107	0.01528	0.19570	0.05130	0.05318	0.01249	0.01388	0.00802	0.00929	0.00696	0.00483	0.00398	0.00125	0.00676	0.00326	0.00253	0.00678
17	0.00966	0.00607	0.00764	0.00728	0.00812	0.00634	0.00506	0.01125	0.06064	0.07763	0.05973	0.05432	0.01824	0.35387	0.15343	0.08585	0.02722	0.00690	0.03628	0.00449
18	0.01363	0.00974	0.02668	0.00955	0.04250	0.00821	0.00742	0.05283	0.07684	0.16384	0.08059	0.01726	0.03133	0.00582	0.00474	0.00124	0.00417	0.01496	0.00433	0.42431
19	0.36396	0.17157	0.07291	0.00974	0.03407	0.01290	0.02576	0.03780	0.01152	0.19916	0.01097	0.01133	0.00794	0.00525	0.00408	0.00154	0.00499	0.00369	0.00378	0.00705
20	0.00759	0.00554	0.00641	0.00627	0.00745	0.00514	0.00442	0.00942	0.03847	0.03168	0.26290	0.09931	0.27668	0.20248	0.01113	0.00256	0.00332	0.00984	0.00483	0.00454
21	0.00807	0.00632	0.00905	0.00876	0.00944	0.00758	0.00672	0.00959	0.00832	0.01203	0.01363	0.02169	0.01333	0.15208	0.58134	0.00722	0.11154	0.00584	0.00282	0.00463
22	0.01476	0.04375	0.06358	0.08348	0.20695	0.05252	0.03864	0.11789	0.17105	0.08878	0.02871	0.01498	0.01090	0.00597	0.00566	0.00166	0.03394	0.00500	0.00390	0.00789
23	0.01767	0.01028	0.01362	0.01101	0.01426	0.03110	0.07141	0.08060	0.12619	0.37007	0.04397	0.10091	0.01572	0.00779	0.00636	0.00176	0.05760	0.00651	0.00537	0.00783
24	0.00645	0.00496	0.00591	0.00653	0.00749	0.00442	0.00457	0.00767	0.01127	0.01444	0.10150	0.45515	0.32093	0.01486	0.00651	0.00197	0.00287	0.01309	0.00498	0.00442
25	0.04193	0.16898	0.01980	0.01620	0.15608	0.20773	0.09704	0.06155	0.04009	0.12517	0.01112	0.01223	0.00853	0.00527	0.00484	0.00148	0.00685	0.00428	0.00341	0.00741

[dist]
# distance from previous block
# <min> <max>
1	3

[block]
# block no. 3 follows, 46 sequences, length 14
# corresponding to MSA columns:
# 304-317
name=unknown_D
#
# <colnr> <probs for GDERKNQSTAVLIFYWHMCP>
#	G	D	E	R	K	N	Q	S	T	A	V	L	I	F	Y	W	H	M	C	P
0	0.01246	0.09131	0.29590	0.01514	0.04399	0.01331	0.17297	0.06602	0.13824	0.01839	0.01175	0.01314	0.00884	0.00520	0.00513	0.00159	0.00677	0.00467	0.00313	0.07205
1	0.00918	0.00459	0.00689	0.00689	0.00689	0.00459	0.00459	0.00689	0.00689	0.00918	0.00918	0.01607	0.00918	0.01837	0.02066	0.84619	0.00459	0.00459	0.00230	0.00230
2	0.01878	0.01414	0.01487	0.01148	0.01565	0.04774	0.00939	0.57141	0.05117	0.06393	0.01278	0.01284	0.00921	0.00603	0.00509	0.00148	0.00560	0.00456	0.00496	0.11890
3	0.01314	0.12813	0.34518	0.01467	0.10967	0.03546	0.01398	0.05945	0.05758	0.07301	0.05008	0.01350	0.01032	0.00548	0.00488	0.00153	0.00635	0.00436	0.00319	0.05002
4	0.07876	0.11363	0.03210	0.04830	0.01441	0.14144	0.00890	0.03236	0.10081	0.08171	0.01401	0.05894	0.04312	0.00750	0.02052	0.00172	0.10745	0.00501	0.00357	0.08571
5	0.00746	0.00575	0.00690	0.00679	0.00826	0.00535	0.00520	0.01022	0.05610	0.01825	0.40742	0.07870	0.27256	0.01202	0.00631	0.00180	0.00289	0.07766	0.00538	0.00497
6	0.03760	0.01158	0.05085	0.04933	0.22575	0.01075	0.16155	0.06159	0.02560	0.15279	0.08318	0.07708	0.01487	0.00661	0.00560	0.00169	0.00588	0.00628	0.00398	0.00746
7	0.01290	0.05744	0.14588	0.01295	0.05543	0.03742	0.07914	0.06222	0.01205	0.05590	0.00990	0.01176	0.00783	0.00520	0.00615	0.00138	0.10146	0.00401	0.00306	0.31794
8	0.00753	0.02393	0.00716	0.00649	0.00840	0.00593	0.00495	0.01034	0.08213	0.01587	0.13997	0.07717	0.48085	0.01345	0.05023	0.00210	0.00358	0.00977	0.00481	0.04532
9	0.00804	0.00586	0.00788	0.00885	0.01009	0.00571	0.00752	0.01023	0.01217	0.01573	0.06752	0.10194	0.13372	0.01437	0.00707	0.00229	0.00435	0.56695	0.00492	0.00478
10	0.01251	0.05566	0.24480	0.07067	0.10368	0.01104	0.07911	0.05394	0.02391	0.10698	0.01543	0.06744	0.05403	0.04500	0.03094	0.00205	0.00651	0.00579	0.00342	0.00711
11	0.01856	0.11325	0.12892	0.01166	0.03784	0.01139	0.03535	0.11505	0.01488	0.38759	0.01624	0.01733	0.01157	0.00640	0.00518	0.00162	0.00552	0.04857	0.00488	0.00822
12	0.00668	0.00480	0.00624	0.00707	0.00759	0.00446	0.00480	0.00784	0.01091	0.01469	0.15882	0.60671	0.06751	0.05606	0.00767	0.00220	0.00306	0.01355	0.00498	0.00437
13	0.01254	0.01192	0.04664	0.14953	0.24329	0.05734	0.07628	0.01646	0.08180	0.06850	0.01409	0.10041	0.01254	0.02809	0.00659	0.00184	0.03954	0.02220	0.00339	0.00698

[dist]
# distance from previous block
# <min> <max>
0	2

[block]
# block no. 4 follows, 46 sequences, length 35
# corresponding to MSA columns:
# 320-350,356-359
name=unknown_E
#
# <colnr> <probs for GDERKNQSTAVLIFYWHMCP>
#	G	D	E	R	K	N	Q	S	T	A	V	L	I	F	Y	W	H	M	C	P
0	0.01254	0.18339	0.47617	0.01315	0.01924	0.08139	0.01524	0.06753	0.01229	0.01652	0.01015	0.05070	0.00830	0.00563	0.00478	0.00156	0.00715	0.00426	0.00262	0.00737
1	0.02672	0.01234	0.03981	0.12730	0.21523	0.05550	0.03250	0.15515	0.03371	0.14641	0.01496	0.06952	0.03402	0.00658	0.00537	0.00166	0.00590	0.00567	0.00402	0.00763
2	0.00991	0.00817	0.01014	0.00910	0.01122	0.00852	0.05065	0.03603	0.26874	0.01951	0.25450	0.05692	0.11956	0.05774	0.00724	0.00200	0.00387	0.05487	0.00512	0.00616
3	0.01031	0.00988	0.01730	0.56409	0.04937	0.01158	0.11823	0.01375	0.01107	0.01471	0.06224	0.01584	0.01029	0.00574	0.00601	0.00177	0.04443	0.00525	0.02214	0.00602
4	0.01223	0.07323	0.24201	0.11005	0.06876	0.03556	0.08233	0.09049	0.05591	0.01754	0.01206	0.05720	0.01016	0.00644	0.00608	0.00172	0.06122	0.02738	0.02254	0.00709
5	0.01072	0.06651	0.09900	0.59483	0.05949	0.01243	0.01449	0.03495	0.01111	0.01461	0.00956	0.01345	0.00725	0.00523	0.00509	0.00169	0.00687	0.00449	0.02192	0.00630
6	0.01831	0.00882	0.01106	0.00911	0.01226	0.02970	0.00729	0.04288	0.07401	0.47821	0.13903	0.06773	0.02008	0.00947	0.04506	0.00202	0.00474	0.00655	0.00591	0.00775
7	0.00796	0.00561	0.00685	0.00706	0.00794	0.00552	0.00494	0.01007	0.06267	0.03175	0.14239	0.26679	0.09969	0.20935	0.05195	0.00305	0.00419	0.04358	0.02403	0.00460
8	0.11028	0.12786	0.01695	0.12323	0.08183	0.08087	0.05600	0.10358	0.06779	0.07902	0.01226	0.01447	0.02361	0.00641	0.01546	0.00171	0.04615	0.02197	0.00352	0.00701
9	0.00643	0.00465	0.00608	0.00722	0.00763	0.00431	0.00485	0.00738	0.01025	0.01355	0.03081	0.75880	0.08584	0.01635	0.00671	0.00212	0.00304	0.01476	0.00491	0.00431
10	0.00755	0.00545	0.00655	0.00644	0.00788	0.00489	0.00488	0.00952	0.01332	0.03783	0.38405	0.09607	0.29836	0.01204	0.00622	0.00177	0.00279	0.05337	0.03616	0.00485
11	0.30098	0.01129	0.03988	0.00937	0.01331	0.01116	0.00798	0.16661	0.03751	0.33026	0.01431	0.01359	0.00966	0.00592	0.00461	0.00163	0.00473	0.00435	0.00500	0.00783
12	0.01221	0.03971	0.03616	0.20180	0.12866	0.03706	0.21431	0.05911	0.02875	0.01641	0.01081	0.03371	0.00886	0.00675	0.02875	0.00193	0.09162	0.00531	0.03133	0.00676
13	0.06396	0.00935	0.01202	0.00941	0.01331	0.00861	0.00772	0.05374	0.06692	0.64500	0.04001	0.01800	0.01374	0.00661	0.00524	0.00165	0.00445	0.00533	0.00623	0.00868
14	0.00755	0.00566	0.00850	0.00850	0.00944	0.00661	0.00661	0.00944	0.00850	0.01227	0.01416	0.02077	0.01322	0.03965	0.79326	0.00850	0.01416	0.00566	0.00283	0.00472
15	0.01641	0.01388	0.06672	0.01156	0.01547	0.01414	0.00992	0.44861	0.20802	0.02747	0.01708	0.01852	0.04113	0.00719	0.00543	0.00169	0.00535	0.04868	0.00504	0.01769
16	0.01889	0.01604	0.05396	0.01219	0.01625	0.09512	0.01024	0.59580	0.05168	0.02918	0.01255	0.01331	0.00928	0.03371	0.00596	0.00170	0.00621	0.00473	0.00481	0.00842
17	0.00649	0.00527	0.00576	0.00584	0.00734	0.00453	0.00430	0.00798	0.01232	0.01541	0.17957	0.14574	0.55431	0.01333	0.00631	0.00181	0.00269	0.01137	0.00507	0.00453
18	0.03117	0.05555	0.01394	0.01250	0.09780	0.05312	0.00892	0.23140	0.09360	0.10404	0.03165	0.01891	0.03429	0.10252	0.05423	0.00243	0.02595	0.01639	0.00433	0.00725
19	0.01358	0.00999	0.10122	0.01047	0.04107	0.00760	0.05237	0.03460	0.01330	0.26644	0.11475	0.16311	0.12998	0.00942	0.00583	0.00176	0.00449	0.00822	0.00503	0.00677
20	0.03677	0.26889	0.19849	0.01213	0.01657	0.12995	0.02208	0.09348	0.05560	0.02757	0.00951	0.01084	0.00761	0.00560	0.00569	0.00152	0.08386	0.00379	0.00290	0.00715
21	0.01358	0.37821	0.05780	0.00980	0.01347	0.06036	0.03411	0.01731	0.10831	0.07702	0.12331	0.01689	0.01542	0.04663	0.00565	0.00160	0.00533	0.00485	0.00360	0.00675
22	0.00758	0.00507	0.00628	0.00679	0.00727	0.00484	0.00450	0.00843	0.00987	0.03322	0.06930	0.37891	0.05789	0.30098	0.01383	0.00315	0.00387	0.04990	0.02419	0.00412
23	0.06768	0.00889	0.01101	0.00894	0.01227	0.00845	0.00728	0.11614	0.01520	0.46182	0.04894	0.06585	0.01556	0.00744	0.00522	0.00165	0.00429	0.03394	0.09163	0.00780
24	0.05757	0.01392	0.17958	0.01192	0.03424	0.01068	0.03928	0.13589	0.03345	0.29974	0.04167	0.06714	0.01297	0.00688	0.00567	0.00170	0.02943	0.00560	0.00473	0.00794
25	0.00785	0.00554	0.00725	0.00817	0.02855	0.00553	0.00574	0.00902	0.00978	0.01308	0.02241	0.20262	0.02520	0.32320	0.06201	0.00373	0.00515	0.23450	0.01649	0.00419
26	0.01060	0.00779	0.00906	0.00853	0.01041	0.00811	0.00641	0.07772	0.22300	0.06150	0.20111	0.25824	0.07384	0.01105	0.00602	0.00184	0.00353	0.00964	0.00537	0.00624
27	0.70493	0.01080	0.00859	0.00772	0.01069	0.04938	0.00625	0.03774	0.00979	0.02247	0.00882	0.05591	0.00764	0.00583	0.00414	0.00168	0.03477	0.00373	0.00337	0.00576
28	0.00842	0.00674	0.03064	0.00903	0.01050	0.00607	0.05829	0.02815	0.01185	0.04200	0.13643	0.37775	0.06375	0.01489	0.05277	0.00241	0.00455	0.12591	0.00475	0.00508
29	0.05734	0.01372	0.03919	0.01077	0.01454	0.09015	0.00882	0.25419	0.23083	0.02350	0.02177	0.03323	0.01137	0.00621	0.00494	0.00149	0.00525	0.00484	0.00445	0.16338
30	0.01044	0.03544	0.09548	0.07046	0.03724	0.00860	0.00858	0.08132	0.01339	0.01907	0.23516	0.07190	0.03869	0.00743	0.00520	0.00143	0.00439	0.00633	0.00406	0.24537
31	0.01241	0.32761	0.26428	0.03604	0.01746	0.03332	0.03765	0.03691	0.03935	0.01544	0.01018	0.05074	0.00872	0.00542	0.00444	0.00141	0.00624	0.00417	0.00269	0.08552
32	0.01148	0.14392	0.45653	0.01396	0.03938	0.01259	0.07088	0.01603	0.01159	0.04603	0.03549	0.01710	0.03269	0.00612	0.00513	0.00166	0.00685	0.06246	0.00284	0.00725
33	0.01692	0.00812	0.01031	0.00862	0.01159	0.00755	0.00684	0.04539	0.09015	0.42338	0.12570	0.10012	0.08032	0.00867	0.00561	0.00170	0.00390	0.00732	0.03032	0.00747
34	0.00971	0.03102	0.12883	0.07288	0.10346	0.03150	0.00945	0.01258	0.01263	0.03966	0.26268	0.10559	0.09922	0.00894	0.00564	0.00168	0.00453	0.00775	0.04631	0.00596

[dist]
# distance from previous block
# <min> <max>
3	10

[block]
# block no. 5 follows, 46 sequences, length 9
# corresponding to MSA columns:
# 371-379
name=unknown_F
#
# <colnr> <probs for GDERKNQSTAVLIFYWHMCP>
#	G	D	E	R	K	N	Q	S	T	A	V	L	I	F	Y	W	H	M	C	P
0	0.01235	0.01067	0.04270	0.05925	0.11937	0.08300	0.04509	0.03192	0.05764	0.11381	0.17538	0.13844	0.07055	0.00877	0.00574	0.00171	0.00499	0.00770	0.00445	0.00648
1	0.01599	0.19249	0.18453	0.04941	0.03460	0.05510	0.08635	0.15215	0.01452	0.14845	0.01157	0.01240	0.00840	0.00538	0.00489	0.00153	0.00655	0.00432	0.00360	0.00777
2	0.04705	0.01018	0.03999	0.14579	0.13563	0.00991	0.17861	0.01338	0.01120	0.03287	0.04114	0.19398	0.01608	0.03629	0.00680	0.00192	0.02525	0.02021	0.00338	0.03033
3	0.56133	0.07150	0.01165	0.04155	0.05778	0.11944	0.00772	0.04558	0.01080	0.02101	0.00791	0.00935	0.00629	0.00501	0.00376	0.00156	0.00526	0.00319	0.00313	0.00615
4	0.00918	0.00459	0.00689	0.00689	0.00689	0.00459	0.00459	0.00689	0.00689	0.00918	0.00918	0.01607	0.00918	0.01837	0.02066	0.84619	0.00459	0.00459	0.00230	0.00230
5	0.04154	0.01524	0.15493	0.03853	0.09787	0.03490	0.18774	0.09842	0.15402	0.01969	0.05007	0.01607	0.02914	0.00602	0.00584	0.00172	0.03175	0.00544	0.00358	0.00749
6	0.01092	0.00804	0.05404	0.00790	0.01008	0.03357	0.00649	0.01284	0.01244	0.16530	0.15965	0.10866	0.21150	0.06792	0.07211	0.00256	0.00479	0.04070	0.00486	0.00563
7	0.01293	0.46188	0.17361	0.01112	0.01576	0.01701	0.04558	0.04494	0.03637	0.01527	0.06455	0.01223	0.01035	0.00551	0.00501	0.00141	0.05278	0.00397	0.00276	0.00695
8	0.13775	0.03841	0.08884	0.05538	0.01540	0.04874	0.00917	0.17219	0.03394	0.12698	0.01259	0.04730	0.00991	0.02497	0.00522	0.00156	0.00530	0.00460	0.00403	0.15772

[dist]
# distance from previous block
# <min> <max>
1	5

[block]
# block no. 6 follows, 46 sequences, length 7
# corresponding to MSA columns:
# 385-391
name=unknown_G
#
# <colnr> <probs for GDERKNQSTAVLIFYWHMCP>
#	G	D	E	R	K	N	Q	S	T	A	V	L	I	F	Y	W	H	M	C	P
0	0.00883	0.00660	0.00818	0.00845	0.00981	0.00675	0.00673	0.05089	0.07828	0.01625	0.06654	0.11028	0.12752	0.10799	0.06839	0.00295	0.00502	0.30082	0.00465	0.00509
1	0.00802	0.00554	0.00666	0.00643	0.00797	0.00490	0.00480	0.00985	0.01328	0.07088	0.35699	0.13441	0.32640	0.01219	0.00624	0.00177	0.00277	0.01053	0.00541	0.00498
2	0.01125	0.00904	0.01296	0.06871	0.13787	0.00960	0.04423	0.06962	0.08234	0.05251	0.05108	0.09262	0.06762	0.08504	0.03405	0.00240	0.05400	0.10473	0.00405	0.00626
3	0.01096	0.00940	0.01096	0.00783	0.01253	0.00705	0.00626	0.01331	0.01096	0.01723	0.00940	0.01096	0.00783	0.00392	0.00392	0.00078	0.00392	0.00313	0.00313	0.84653
4	0.01207	0.01064	0.01656	0.08019	0.36981	0.01101	0.05492	0.04930	0.10903	0.01905	0.11263	0.01818	0.01522	0.00607	0.00529	0.00160	0.00532	0.00562	0.09013	0.00734
5	0.01327	0.01130	0.01805	0.16114	0.44830	0.01172	0.01376	0.05536	0.01265	0.07545	0.04909	0.01477	0.01053	0.00545	0.00565	0.00160	0.03314	0.00492	0.00318	0.05066
6	0.01238	0.01093	0.01256	0.00989	0.01369	0.06797	0.06445	0.07073	0.10689	0.03990	0.04998	0.01908	0.08039	0.00626	0.00491	0.00130	0.00477	0.03171	0.00394	0.38828

[dist]
# distance from previous block
# <min> <max>
3	26

[block]
# block no. 7 follows, 46 sequences, length 21
# corresponding to MSA columns:
# 418-438
name=unknown_H
#
# <colnr> <probs for GDERKNQSTAVLIFYWHMCP>
#	G	D	E	R	K	N	Q	S	T	A	V	L	I	F	Y	W	H	M	C	P
0	0.05514	0.03007	0.11337	0.01075	0.03024	0.01044	0.04618	0.13528	0.06466	0.02967	0.04402	0.04774	0.06228	0.02839	0.00580	0.00153	0.02407	0.00528	0.00378	0.25129
1	0.02553	0.00870	0.05079	0.00851	0.01150	0.00712	0.03679	0.01341	0.05074	0.09402	0.16860	0.10851	0.15135	0.00883	0.00571	0.00154	0.02135	0.00754	0.00451	0.21493
2	0.01019	0.00891	0.07624	0.08935	0.02629	0.02028	0.00809	0.01380	0.08578	0.08643	0.12313	0.17852	0.12643	0.01021	0.00583	0.00181	0.00423	0.05831	0.06030	0.00587
3	0.05563	0.01497	0.13622	0.01071	0.01514	0.08277	0.00972	0.21895	0.05131	0.02142	0.01278	0.05537	0.02803	0.00600	0.00479	0.00138	0.00552	0.00467	0.00379	0.26083
4	0.01803	0.01577	0.01378	0.01135	0.01485	0.22869	0.00899	0.31609	0.09402	0.07511	0.01292	0.01323	0.00961	0.00597	0.00492	0.00145	0.00619	0.00442	0.06436	0.08026
5	0.01166	0.07046	0.62147	0.01513	0.02228	0.01317	0.08243	0.07156	0.01226	0.01773	0.00970	0.01139	0.00698	0.00504	0.00505	0.00165	0.00764	0.00411	0.00250	0.00778
6	0.03352	0.26107	0.13549	0.01501	0.02000	0.01503	0.28683	0.01727	0.01174	0.09837	0.01032	0.01218	0.00789	0.00504	0.00560	0.00158	0.04835	0.00460	0.00290	0.00722
7	0.01192	0.01361	0.05008	0.08788	0.02583	0.01333	0.55207	0.01580	0.01161	0.01596	0.01054	0.03548	0.00848	0.00553	0.00765	0.00186	0.11690	0.00605	0.00264	0.00678
8	0.00658	0.00472	0.00627	0.00746	0.00787	0.00442	0.00512	0.00761	0.01032	0.01368	0.02983	0.73609	0.05812	0.01633	0.00677	0.00215	0.00318	0.06423	0.00490	0.00434
9	0.01627	0.02712	0.08570	0.01207	0.01566	0.08104	0.10953	0.06370	0.01328	0.28602	0.01543	0.05993	0.01198	0.02873	0.11113	0.00267	0.04252	0.00566	0.00429	0.00724
10	0.01182	0.01286	0.08630	0.18775	0.46031	0.01196	0.07030	0.01531	0.01172	0.01642	0.03276	0.03820	0.00994	0.00537	0.00538	0.00165	0.00656	0.00520	0.00269	0.00749
11	0.00653	0.00464	0.00611	0.00724	0.00753	0.00436	0.00478	0.00739	0.00994	0.01326	0.02822	0.75375	0.03381	0.07515	0.00823	0.00237	0.00322	0.01449	0.00478	0.00421
12	0.01266	0.01084	0.01153	0.01040	0.01324	0.01244	0.00808	0.02653	0.70626	0.02204	0.08696	0.02143	0.01906	0.00749	0.00545	0.00178	0.00404	0.00629	0.00542	0.00808
13	0.01351	0.50599	0.17888	0.01226	0.01754	0.01790	0.11667	0.05477	0.01180	0.01500	0.00852	0.01004	0.00705	0.00471	0.00421	0.00135	0.00655	0.00362	0.00247	0.00715
14	0.00738	0.00532	0.00679	0.00688	0.00747	0.00555	0.00472	0.00832	0.00868	0.01173	0.02088	0.08820	0.10575	0.36736	0.31578	0.00581	0.00814	0.00785	0.00338	0.00401
15	0.00740	0.00540	0.00696	0.00657	0.00785	0.00496	0.00493	0.00983	0.01478	0.02077	0.73298	0.04020	0.09562	0.01097	0.00624	0.00167	0.00251	0.00966	0.00576	0.00496
16	0.01956	0.01228	0.01393	0.01095	0.01477	0.01298	0.00894	0.47084	0.05851	0.22697	0.03299	0.06506	0.01293	0.00718	0.00541	0.00165	0.00515	0.00571	0.00561	0.00858
17	0.00767	0.00514	0.00585	0.00583	0.00591	0.00512	0.00332	0.00784	0.00818	0.01099	0.06808	0.03493	0.02129	0.75997	0.02551	0.00489	0.00495	0.00781	0.00338	0.00332
18	0.00644	0.00460	0.00613	0.00736	0.00767	0.00429	0.00491	0.00736	0.01012	0.01350	0.02914	0.81076	0.03497	0.01656	0.00675	0.00215	0.00307	0.01503	0.00491	0.00429
19	0.01060	0.02735	0.78682	0.01507	0.02288	0.01228	0.01953	0.01674	0.01116	0.01674	0.00949	0.01116	0.00670	0.00502	0.00502	0.00167	0.00781	0.00391	0.00223	0.00781
20	0.01953	0.02330	0.01483	0.01320	0.01608	0.67075	0.01002	0.11757	0.01616	0.01577	0.00900	0.01022	0.00727	0.00558	0.00481	0.00139	0.00886	0.00362	0.02557	0.00647

[dist]
# distance from previous block
# <min> <max>
0	0

# created by:
# /home/cegg/simao/soft/augustus-3.2.1/scripts/msa2prfl.pl ./align_prep/EOG091G0O7O.fa
