[name]
unknown

[dist]
# distance from previous block
# <min> <max>
0	365

[block]
# block no. 0 follows, 50 sequences, length 29
# corresponding to MSA columns:
# 640-668
name=unknown_A
#
# <colnr> <probs for GDERKNQSTAVLIFYWHMCP>
#	G	D	E	R	K	N	Q	S	T	A	V	L	I	F	Y	W	H	M	C	P
0	0.07629	0.04274	0.15031	0.01242	0.09882	0.04713	0.03267	0.07173	0.04941	0.13258	0.05263	0.11915	0.01492	0.00737	0.00508	0.00163	0.00516	0.06040	0.00388	0.01567
1	0.06989	0.07684	0.15137	0.01006	0.01420	0.02443	0.02338	0.17296	0.06043	0.12172	0.06921	0.05112	0.01239	0.00602	0.00466	0.00143	0.00498	0.00481	0.00396	0.11615
2	0.06048	0.03660	0.15898	0.04306	0.06647	0.03969	0.04154	0.08599	0.09620	0.07378	0.09395	0.10460	0.03365	0.00704	0.00502	0.00157	0.00507	0.00596	0.00381	0.03654
3	0.06406	0.11131	0.11294	0.01305	0.11820	0.08404	0.04001	0.09447	0.04373	0.03370	0.09093	0.02597	0.01355	0.00621	0.00478	0.00147	0.00546	0.06499	0.00341	0.06770
4	0.01089	0.03699	0.06632	0.08654	0.24186	0.01755	0.07695	0.03809	0.05086	0.03221	0.05781	0.09907	0.01487	0.00703	0.00527	0.00161	0.00536	0.08277	0.00334	0.06459
5	0.08146	0.01199	0.02804	0.09169	0.44541	0.06754	0.01250	0.06498	0.01216	0.08891	0.01082	0.04330	0.00887	0.00525	0.00482	0.00152	0.00576	0.00463	0.00308	0.00727
6	0.03219	0.01121	0.01314	0.01357	0.16097	0.05321	0.00903	0.25484	0.09827	0.03060	0.06610	0.09496	0.01404	0.00783	0.03320	0.00172	0.00517	0.00565	0.00408	0.09024
7	0.00979	0.00857	0.01178	0.03852	0.01201	0.01057	0.03051	0.02993	0.06500	0.02855	0.01410	0.01889	0.07273	0.10200	0.18135	0.00353	0.32976	0.00550	0.00295	0.02395
8	0.07319	0.00789	0.01012	0.05805	0.01245	0.00774	0.00707	0.09427	0.01333	0.35431	0.08472	0.16511	0.01830	0.00954	0.03835	0.00192	0.00447	0.02742	0.00507	0.00668
9	0.67641	0.01022	0.00882	0.00767	0.01068	0.03913	0.02841	0.06962	0.00982	0.02161	0.00794	0.00948	0.00629	0.00735	0.06755	0.00205	0.00505	0.00315	0.00315	0.00560
10	0.00723	0.00525	0.00565	0.00556	0.00727	0.00444	0.00416	0.00850	0.01140	0.07612	0.04555	0.12879	0.64763	0.01243	0.00587	0.00171	0.00270	0.01047	0.00475	0.00453
11	0.01071	0.06840	0.01227	0.00932	0.07447	0.00801	0.00685	0.01294	0.01040	0.01592	0.00876	0.01033	0.00735	0.00379	0.00376	0.00082	0.00399	0.00305	0.00285	0.72600
12	0.01074	0.01886	0.45525	0.03975	0.17134	0.01104	0.03314	0.01597	0.07253	0.03417	0.01094	0.01405	0.00868	0.06437	0.00637	0.00182	0.00652	0.01472	0.00262	0.00712
13	0.08193	0.01011	0.07439	0.00921	0.01329	0.00819	0.00814	0.04523	0.01382	0.65584	0.01766	0.01566	0.01124	0.00594	0.00485	0.00154	0.00450	0.00472	0.00559	0.00817
14	0.03672	0.11643	0.16572	0.00835	0.01139	0.00866	0.01735	0.01239	0.04328	0.05337	0.20659	0.05792	0.14580	0.08656	0.00703	0.00186	0.00429	0.00685	0.00388	0.00554
15	0.00713	0.00481	0.00540	0.00548	0.00568	0.00472	0.00322	0.00739	0.00787	0.01053	0.01936	0.09044	0.08091	0.66976	0.02159	0.00424	0.00441	0.00791	0.03589	0.00325
16	0.00776	0.00618	0.00939	0.00964	0.07195	0.00584	0.06165	0.01007	0.01281	0.01788	0.49227	0.15076	0.03736	0.01041	0.00596	0.00170	0.00335	0.07517	0.00482	0.00500
17	0.03449	0.26923	0.51907	0.01223	0.01839	0.03752	0.01479	0.01561	0.01045	0.01462	0.00824	0.00964	0.00632	0.00460	0.00422	0.00141	0.00670	0.00333	0.00215	0.00697
18	0.01402	0.66074	0.06064	0.00949	0.01363	0.14555	0.00917	0.01577	0.01079	0.01199	0.00715	0.00827	0.00640	0.00443	0.00348	0.00113	0.00601	0.00280	0.00220	0.00634
19	0.00702	0.00512	0.00661	0.00630	0.00751	0.00471	0.00477	0.00930	0.01383	0.01938	0.71428	0.03865	0.09404	0.01048	0.00592	0.00160	0.00245	0.03796	0.00540	0.00467
20	0.04029	0.64987	0.12957	0.00920	0.01377	0.01764	0.00965	0.01521	0.01034	0.03754	0.02373	0.00923	0.00738	0.00452	0.00352	0.00118	0.00546	0.00301	0.00236	0.00653
21	0.01664	0.04567	0.12685	0.01430	0.13709	0.01230	0.03320	0.27323	0.06222	0.20832	0.01322	0.01330	0.00930	0.00554	0.00491	0.00152	0.00551	0.00453	0.00429	0.00806
22	0.00723	0.00493	0.00591	0.00591	0.00607	0.00509	0.00361	0.00755	0.00739	0.01001	0.01527	0.03023	0.01708	0.68047	0.16831	0.00542	0.00639	0.00690	0.00296	0.00328
23	0.00787	0.00562	0.00784	0.00895	0.01004	0.00559	0.00771	0.01007	0.01140	0.01488	0.04440	0.10988	0.02942	0.01382	0.00682	0.00226	0.00442	0.68983	0.00461	0.00455
24	0.01480	0.01170	0.03493	0.03838	0.33958	0.02356	0.07627	0.16088	0.01427	0.15274	0.05354	0.03363	0.01132	0.00561	0.00511	0.00153	0.00560	0.00511	0.00378	0.00765
25	0.06667	0.02388	0.08242	0.14676	0.18538	0.01143	0.24889	0.03583	0.03614	0.03393	0.01131	0.07408	0.00954	0.00549	0.00519	0.00163	0.00644	0.00548	0.00285	0.00666
26	0.01207	0.11170	0.14397	0.00991	0.01469	0.01016	0.05572	0.08086	0.01178	0.06089	0.00999	0.02789	0.00801	0.00456	0.00418	0.00111	0.00496	0.00370	0.00308	0.42076
27	0.31782	0.07505	0.31440	0.04389	0.01635	0.01231	0.02663	0.06226	0.01052	0.03503	0.00841	0.00988	0.00630	0.00493	0.00454	0.00155	0.03742	0.00343	0.00274	0.00652
28	0.01729	0.02039	0.01359	0.01212	0.01462	0.60340	0.00921	0.09744	0.04655	0.01484	0.04522	0.01164	0.00916	0.02497	0.00559	0.00145	0.03961	0.00385	0.00305	0.00602

[dist]
# distance from previous block
# <min> <max>
0	3

[block]
# block no. 1 follows, 50 sequences, length 50
# corresponding to MSA columns:
# 672-721
name=unknown_B
#
# <colnr> <probs for GDERKNQSTAVLIFYWHMCP>
#	G	D	E	R	K	N	Q	S	T	A	V	L	I	F	Y	W	H	M	C	P
0	0.01644	0.00740	0.00962	0.00782	0.01066	0.00669	0.00629	0.05496	0.01427	0.45937	0.23392	0.02326	0.04117	0.00741	0.00514	0.00152	0.00357	0.00620	0.07727	0.00700
1	0.01156	0.29848	0.46275	0.03349	0.01872	0.05153	0.02944	0.01561	0.01057	0.01416	0.00822	0.00972	0.00638	0.00459	0.00423	0.00139	0.00675	0.00338	0.00215	0.00690
2	0.03380	0.01057	0.05733	0.01542	0.21889	0.01008	0.03803	0.08437	0.06258	0.16309	0.06402	0.08057	0.01437	0.04523	0.00691	0.00179	0.06136	0.02068	0.00396	0.00695
3	0.03141	0.00591	0.00770	0.00682	0.00860	0.00541	0.00527	0.01263	0.01400	0.18145	0.61143	0.03230	0.03879	0.00922	0.00563	0.00156	0.00278	0.00803	0.00557	0.00551
4	0.00607	0.00436	0.00576	0.00688	0.00721	0.00405	0.00460	0.00695	0.00960	0.01275	0.02825	0.79548	0.05856	0.01552	0.00635	0.00201	0.00288	0.01405	0.00463	0.00405
5	0.01169	0.01085	0.01909	0.29677	0.37815	0.01154	0.11351	0.01485	0.01098	0.05151	0.00971	0.01299	0.00760	0.00478	0.00534	0.00159	0.02494	0.00465	0.00255	0.00690
6	0.03093	0.04849	0.07186	0.24955	0.32894	0.03173	0.02869	0.07439	0.03221	0.01622	0.00975	0.01299	0.00783	0.00515	0.00508	0.01458	0.00615	0.01590	0.00267	0.00689
7	0.00622	0.00440	0.00574	0.00675	0.00700	0.00415	0.00442	0.00698	0.00925	0.01233	0.02595	0.71971	0.03105	0.12009	0.00882	0.00239	0.00314	0.01328	0.00442	0.00392
8	0.07211	0.73971	0.05486	0.00861	0.01292	0.01881	0.00870	0.01494	0.01003	0.01263	0.00701	0.00810	0.00632	0.00431	0.00325	0.00112	0.00531	0.00271	0.00220	0.00636
9	0.01027	0.02572	0.77397	0.01416	0.02138	0.03687	0.01814	0.01592	0.01064	0.01567	0.00891	0.01047	0.00632	0.00475	0.00473	0.00157	0.00742	0.00367	0.00212	0.00732
10	0.01198	0.01326	0.02496	0.03572	0.04181	0.07406	0.57986	0.03494	0.01210	0.01581	0.01167	0.04559	0.00989	0.00543	0.00580	0.00169	0.00781	0.05836	0.00280	0.00645
11	0.00957	0.00898	0.01260	0.01124	0.01144	0.01206	0.00911	0.01073	0.00789	0.01191	0.01029	0.09702	0.01078	0.04290	0.16275	0.00334	0.55414	0.00566	0.00255	0.00504
12	0.13531	0.01297	0.01725	0.04017	0.01773	0.05085	0.21678	0.31996	0.05955	0.04797	0.01123	0.01238	0.00822	0.00528	0.00491	0.00155	0.00607	0.00463	0.01994	0.00723
13	0.01234	0.01184	0.02023	0.03059	0.79373	0.01184	0.01530	0.01530	0.01135	0.01628	0.00938	0.01234	0.00790	0.00444	0.00493	0.00148	0.00592	0.00444	0.00247	0.00790
14	0.00712	0.00534	0.00801	0.00801	0.00890	0.00623	0.00623	0.00890	0.00801	0.01157	0.01335	0.01958	0.01246	0.03738	0.80507	0.00801	0.01335	0.00534	0.00267	0.00445
15	0.01242	0.01231	0.01917	0.12435	0.64736	0.06693	0.01473	0.01531	0.01137	0.01557	0.00920	0.01222	0.00764	0.00456	0.00491	0.00149	0.00622	0.00435	0.00244	0.00746
16	0.00718	0.00485	0.00564	0.00570	0.00578	0.00490	0.00333	0.00736	0.00741	0.00995	0.01609	0.06907	0.01841	0.72834	0.08200	0.00493	0.00537	0.00744	0.00307	0.00317
17	0.00798	0.00570	0.00797	0.00912	0.01024	0.00569	0.00793	0.01023	0.01142	0.01485	0.02642	0.07823	0.02881	0.01382	0.00687	0.00229	0.00454	0.73873	0.00459	0.00457
18	0.01107	0.10178	0.67672	0.01334	0.02019	0.01210	0.01679	0.01622	0.01071	0.06305	0.00941	0.01067	0.00669	0.00478	0.00460	0.00153	0.00698	0.00367	0.00236	0.00734
19	0.00831	0.00658	0.02581	0.00785	0.00900	0.00668	0.00600	0.06433	0.06410	0.01449	0.04717	0.21997	0.04670	0.14284	0.21213	0.00388	0.02227	0.06491	0.02222	0.00476
20	0.01801	0.02190	0.01411	0.01264	0.01520	0.67800	0.00960	0.07251	0.04841	0.01391	0.00850	0.00971	0.00696	0.00544	0.00511	0.00136	0.04632	0.00346	0.00283	0.00604
21	0.00616	0.00442	0.00587	0.00700	0.00736	0.00413	0.00476	0.00710	0.00967	0.01284	0.02794	0.77014	0.04979	0.01547	0.00637	0.00203	0.00296	0.04731	0.00463	0.00408
22	0.02238	0.00915	0.06952	0.00920	0.01164	0.03984	0.06037	0.05953	0.03134	0.16187	0.08940	0.25946	0.08616	0.04004	0.00635	0.00184	0.00435	0.02721	0.00452	0.00581
23	0.01518	0.01351	0.04711	0.03155	0.01863	0.09295	0.26708	0.14301	0.13630	0.14307	0.01361	0.03250	0.01008	0.00560	0.00528	0.00159	0.00642	0.00528	0.00394	0.00731
24	0.01169	0.01119	0.01907	0.20301	0.62636	0.01167	0.01498	0.01473	0.01104	0.01550	0.00926	0.01255	0.00762	0.00456	0.00495	0.00152	0.00608	0.00444	0.00241	0.00738
25	0.01128	0.01076	0.01832	0.31432	0.51829	0.01156	0.01477	0.01437	0.01085	0.01500	0.00919	0.01268	0.00744	0.00464	0.00495	0.00155	0.00618	0.00444	0.00238	0.00704
26	0.05107	0.00924	0.01498	0.44385	0.11786	0.01030	0.06607	0.03020	0.01097	0.09978	0.01273	0.06384	0.03611	0.00591	0.00507	0.00164	0.00590	0.00532	0.00303	0.00614
27	0.01025	0.00969	0.01627	0.58864	0.23465	0.01131	0.01410	0.01371	0.02711	0.01385	0.00924	0.01315	0.00716	0.00488	0.00497	0.00161	0.00639	0.00446	0.00234	0.00621
28	0.00614	0.00439	0.00584	0.00689	0.00724	0.00409	0.00463	0.00711	0.00986	0.01323	0.08061	0.76700	0.03395	0.01524	0.00633	0.00199	0.00285	0.01381	0.00469	0.00409
29	0.01173	0.01109	0.01850	0.19764	0.47599	0.01168	0.06387	0.04159	0.06526	0.01624	0.01064	0.03447	0.00879	0.00505	0.00506	0.00156	0.00601	0.00488	0.00274	0.00722
30	0.10271	0.01439	0.04321	0.02950	0.01624	0.13707	0.11202	0.31904	0.05930	0.05513	0.02294	0.02858	0.00927	0.00633	0.02064	0.00165	0.00627	0.00462	0.00393	0.00714
31	0.01168	0.01328	0.02888	0.05000	0.02635	0.01255	0.74774	0.01585	0.01170	0.01585	0.01004	0.01344	0.00753	0.00423	0.00585	0.00168	0.00834	0.00583	0.00251	0.00668
32	0.00635	0.00505	0.00540	0.00543	0.00697	0.00430	0.00403	0.00768	0.01148	0.03000	0.11305	0.12530	0.63247	0.01258	0.00592	0.00170	0.00258	0.01065	0.00474	0.00432
33	0.01023	0.00873	0.01018	0.00732	0.01160	0.00659	0.00581	0.01238	0.01023	0.01603	0.00908	0.01107	0.00773	0.03062	0.00440	0.00087	0.00373	0.00309	0.00296	0.82735
34	0.01248	0.58597	0.19358	0.01080	0.01581	0.01736	0.07505	0.01520	0.01035	0.01296	0.00763	0.00900	0.00648	0.00436	0.00376	0.00123	0.00603	0.00316	0.00216	0.00663
35	0.00621	0.00474	0.00556	0.00614	0.00699	0.00427	0.00429	0.00722	0.01012	0.01281	0.03535	0.39792	0.33237	0.09719	0.00815	0.00219	0.00302	0.04697	0.00446	0.00403
36	0.01226	0.01505	0.20912	0.05065	0.39856	0.01157	0.11195	0.01646	0.04264	0.06809	0.01047	0.01263	0.00802	0.00471	0.00502	0.00155	0.00642	0.00453	0.00273	0.00757
37	0.01324	0.01275	0.01807	0.20045	0.17242	0.10211	0.15157	0.09523	0.08688	0.04365	0.01073	0.01303	0.00823	0.00524	0.00563	0.00159	0.04454	0.00470	0.00306	0.00687
38	0.01741	0.01296	0.01370	0.01097	0.01459	0.03458	0.00890	0.50223	0.22826	0.08135	0.01464	0.01403	0.01051	0.00618	0.00500	0.00155	0.00507	0.00480	0.00503	0.00825
39	0.00635	0.00483	0.00686	0.00745	0.00808	0.00447	0.04069	0.00743	0.00987	0.01307	0.04358	0.71295	0.08607	0.01476	0.00630	0.00197	0.00311	0.01342	0.00455	0.00420
40	0.01197	0.31745	0.35603	0.01183	0.02816	0.04351	0.02789	0.05620	0.03588	0.01503	0.00958	0.04796	0.00804	0.00520	0.00429	0.00140	0.00626	0.00394	0.00251	0.00687
41	0.00778	0.00591	0.00731	0.00782	0.00924	0.00575	0.00647	0.03622	0.04528	0.01525	0.04838	0.10341	0.26237	0.01290	0.00638	0.00202	0.00380	0.40434	0.00466	0.00471
42	0.00616	0.00488	0.00555	0.00577	0.00700	0.00426	0.00418	0.00754	0.01143	0.01455	0.18898	0.24268	0.45354	0.01291	0.00601	0.00175	0.00258	0.01115	0.00480	0.00426
43	0.01224	0.03121	0.10322	0.11522	0.44026	0.07082	0.07499	0.03063	0.03207	0.01587	0.02085	0.01252	0.00819	0.00474	0.00494	0.00151	0.00646	0.00444	0.00257	0.00725
44	0.00875	0.00761	0.01091	0.02723	0.12267	0.00871	0.00832	0.01034	0.00969	0.01349	0.06558	0.13505	0.09059	0.07602	0.07936	0.00269	0.21447	0.10006	0.00339	0.00507
45	0.00653	0.00466	0.00631	0.00746	0.00795	0.00444	0.00542	0.00773	0.00999	0.01323	0.02722	0.64350	0.03197	0.01519	0.00648	0.00209	0.00329	0.18774	0.00462	0.00417
46	0.03881	0.01182	0.03707	0.16011	0.31481	0.01163	0.27685	0.01519	0.01120	0.04128	0.01016	0.02993	0.00813	0.00476	0.00524	0.00160	0.00675	0.00509	0.00262	0.00693
47	0.01502	0.02595	0.10646	0.01756	0.27683	0.05651	0.02348	0.13799	0.07370	0.15946	0.03373	0.01448	0.02495	0.00555	0.00495	0.00151	0.00561	0.00472	0.00381	0.00772
48	0.01112	0.01343	0.13514	0.09559	0.36451	0.01168	0.14910	0.01450	0.01088	0.01532	0.01163	0.01438	0.05439	0.00532	0.00604	0.00161	0.07093	0.00494	0.00251	0.00698
49	0.02434	0.03000	0.05303	0.06047	0.49901	0.01200	0.13201	0.05219	0.02817	0.01684	0.01017	0.02844	0.00840	0.00480	0.00502	0.00153	0.00618	0.00479	0.01518	0.00742

[dist]
# distance from previous block
# <min> <max>
0	5

[block]
# block no. 2 follows, 50 sequences, length 88
# corresponding to MSA columns:
# 727-759,761-769,818-846,853-856,862-874
name=unknown_C
#
# <colnr> <probs for GDERKNQSTAVLIFYWHMCP>
#	G	D	E	R	K	N	Q	S	T	A	V	L	I	F	Y	W	H	M	C	P
0	0.03028	0.17766	0.31893	0.01466	0.11217	0.10014	0.04122	0.06093	0.04750	0.01585	0.00910	0.01061	0.00711	0.00491	0.00480	0.00145	0.02933	0.00374	0.00255	0.00704
1	0.01271	0.15736	0.20207	0.01041	0.01517	0.05028	0.01030	0.13043	0.10493	0.01798	0.01032	0.01114	0.00801	0.00482	0.00425	0.00125	0.00541	0.00364	0.00315	0.23640
2	0.00741	0.00575	0.00800	0.05131	0.01040	0.00567	0.03722	0.00933	0.02939	0.01360	0.02750	0.25965	0.14298	0.09849	0.00835	0.00232	0.00408	0.26988	0.00424	0.00443
3	0.01151	0.08580	0.48538	0.01438	0.06973	0.04665	0.03948	0.03282	0.08872	0.02887	0.01007	0.01143	0.00752	0.00511	0.00520	0.00156	0.04196	0.00397	0.00259	0.00725
4	0.01324	0.01113	0.01175	0.01031	0.01328	0.01279	0.00809	0.12334	0.68649	0.02221	0.01921	0.01774	0.01435	0.00666	0.00506	0.00167	0.00414	0.00549	0.00506	0.00797
5	0.01201	0.01346	0.03423	0.17602	0.04599	0.11088	0.34243	0.01544	0.03460	0.01434	0.00922	0.01251	0.00729	0.00533	0.00722	0.00170	0.14368	0.00492	0.00248	0.00624
6	0.00723	0.00487	0.00562	0.00561	0.00570	0.00490	0.00326	0.00742	0.00755	0.01016	0.04476	0.03209	0.01890	0.75156	0.06682	0.00488	0.00520	0.00721	0.00309	0.00316
7	0.00683	0.00523	0.00757	0.02460	0.00911	0.00494	0.04677	0.00813	0.01003	0.01344	0.06680	0.58068	0.04603	0.05148	0.00713	0.00209	0.00349	0.07621	0.00439	0.02506
8	0.00609	0.00437	0.00579	0.00688	0.00722	0.00407	0.00461	0.00700	0.00969	0.01291	0.04564	0.78450	0.05192	0.01542	0.00634	0.00201	0.00287	0.01396	0.00465	0.00407
9	0.01907	0.01258	0.01389	0.01070	0.01453	0.01356	0.00882	0.61228	0.02125	0.16151	0.01348	0.01313	0.00934	0.00601	0.00492	0.00149	0.00512	0.00458	0.04543	0.00830
10	0.09750	0.53282	0.22931	0.00984	0.01481	0.01670	0.01084	0.01513	0.01007	0.01387	0.00747	0.00868	0.00627	0.00443	0.00359	0.00125	0.00572	0.00294	0.00222	0.00655
11	0.05955	0.05853	0.02430	0.01741	0.02180	0.15436	0.51046	0.02664	0.01219	0.05182	0.00979	0.01221	0.00741	0.00451	0.00529	0.00156	0.00787	0.00500	0.00274	0.00657
12	0.00709	0.00495	0.00651	0.00652	0.00749	0.00457	0.00474	0.00900	0.01279	0.03406	0.55431	0.26353	0.04224	0.01167	0.00600	0.00170	0.00255	0.01042	0.00525	0.00459
13	0.00754	0.00573	0.00789	0.00767	0.00817	0.00667	0.00564	0.00866	0.00772	0.01098	0.01345	0.02303	0.01374	0.29573	0.46718	0.00637	0.09113	0.00588	0.00274	0.00408
14	0.05913	0.00668	0.00828	0.00731	0.00956	0.00625	0.00584	0.03393	0.01283	0.28815	0.17962	0.07367	0.06384	0.00849	0.00515	0.00159	0.00342	0.07986	0.14033	0.00606
15	0.01238	0.01198	0.01934	0.04770	0.69302	0.03142	0.01460	0.01587	0.05313	0.01623	0.00984	0.01258	0.00819	0.00471	0.00524	0.00151	0.02749	0.00447	0.00260	0.00772
16	0.02130	0.00890	0.01167	0.00909	0.01285	0.00811	0.00746	0.05283	0.08721	0.69521	0.01943	0.01693	0.01246	0.00622	0.00502	0.00155	0.00426	0.00505	0.00602	0.00843
17	0.01183	0.02845	0.06925	0.06929	0.20552	0.03625	0.01028	0.15743	0.08499	0.01927	0.14374	0.08075	0.04728	0.00716	0.00520	0.00157	0.00494	0.00618	0.00389	0.00673
18	0.00654	0.00509	0.00595	0.00577	0.00718	0.00450	0.00436	0.00839	0.01278	0.01686	0.43129	0.04263	0.39073	0.01140	0.00591	0.00164	0.00248	0.02697	0.00507	0.00447
19	0.01092	0.00869	0.01037	0.00790	0.02520	0.00673	0.00612	0.01325	0.02246	0.06393	0.01064	0.05172	0.00910	0.00450	0.00395	0.00088	0.00373	0.00371	0.00326	0.73294
20	0.01063	0.00902	0.01075	0.00835	0.04128	0.00700	0.00633	0.01319	0.03107	0.02730	0.00933	0.01072	0.00768	0.00384	0.00379	0.00080	0.00379	0.00311	0.00304	0.78896
21	0.01240	0.01071	0.01127	0.01014	0.01296	0.01240	0.00789	0.02649	0.78473	0.02085	0.02029	0.01860	0.01522	0.00676	0.00507	0.00169	0.00394	0.00564	0.00507	0.00789
22	0.01286	0.44388	0.16480	0.01439	0.15860	0.07269	0.04052	0.01555	0.01077	0.01350	0.00792	0.00953	0.00670	0.00444	0.00399	0.00127	0.00619	0.00334	0.00223	0.00682
23	0.01247	0.01290	0.05319	0.05444	0.47262	0.08031	0.01293	0.03450	0.13757	0.01670	0.01325	0.01494	0.05125	0.00539	0.00496	0.00152	0.00577	0.00482	0.00305	0.00741
24	0.00705	0.00510	0.00666	0.00627	0.00745	0.00470	0.00470	0.00941	0.01411	0.01999	0.79110	0.03723	0.04703	0.01019	0.00588	0.00157	0.00235	0.00901	0.00549	0.00470
25	0.02872	0.00522	0.00533	0.00532	0.00648	0.02102	0.00399	0.01134	0.01012	0.01743	0.01583	0.04000	0.01307	0.02248	0.09694	0.00205	0.00383	0.00495	0.68125	0.00462
26	0.00607	0.00434	0.00578	0.00694	0.00723	0.00405	0.00463	0.00694	0.00954	0.01272	0.02747	0.82157	0.03297	0.01562	0.00636	0.00202	0.00289	0.01417	0.00463	0.00405
27	0.00866	0.00433	0.00649	0.00649	0.00649	0.00433	0.00433	0.00649	0.00649	0.00866	0.00866	0.01515	0.00866	0.01732	0.01948	0.85498	0.00433	0.00433	0.00216	0.00216
28	0.00607	0.00434	0.00578	0.00694	0.00723	0.00405	0.00463	0.00694	0.00954	0.01272	0.02747	0.82157	0.03297	0.01562	0.00636	0.00202	0.00289	0.01417	0.00463	0.00405
29	0.86003	0.00964	0.00733	0.00655	0.00964	0.01118	0.00540	0.01465	0.00848	0.02236	0.00694	0.00810	0.00540	0.00463	0.00308	0.00154	0.00386	0.00270	0.00308	0.00540
30	0.02236	0.00848	0.01157	0.00887	0.01272	0.00733	0.00733	0.02429	0.01427	0.79719	0.01966	0.01697	0.01234	0.00617	0.00501	0.00154	0.00424	0.00501	0.00617	0.00848
31	0.01864	0.02323	0.01417	0.01277	0.01541	0.76232	0.00962	0.06067	0.01463	0.01323	0.00793	0.00915	0.00653	0.00518	0.00452	0.00130	0.00880	0.00328	0.00270	0.00592
32	0.00705	0.00510	0.00666	0.00627	0.00745	0.00470	0.00470	0.00941	0.01411	0.01999	0.79110	0.03723	0.04703	0.01019	0.00588	0.00157	0.00235	0.00901	0.00549	0.00470
33	0.00803	0.00574	0.00803	0.00918	0.01033	0.00574	0.00803	0.01033	0.01147	0.01492	0.02639	0.05622	0.02869	0.01377	0.00688	0.00229	0.00459	0.76018	0.00459	0.00459
34	0.00607	0.00434	0.00578	0.00694	0.00723	0.00405	0.00463	0.00694	0.00954	0.01272	0.02747	0.82157	0.03297	0.01562	0.00636	0.00202	0.00289	0.01417	0.00463	0.00405
35	0.01041	0.02523	0.76266	0.01408	0.02129	0.01176	0.01800	0.05108	0.01112	0.01651	0.00909	0.01059	0.00641	0.00479	0.00475	0.00157	0.00728	0.00372	0.00224	0.00742
36	0.00712	0.00533	0.00794	0.00794	0.00881	0.00619	0.00614	0.00886	0.00799	0.01152	0.01341	0.01993	0.01261	0.05849	0.78418	0.00793	0.01312	0.00539	0.00268	0.00441
37	0.03078	0.17732	0.07931	0.00998	0.01403	0.04712	0.00890	0.19196	0.19901	0.01982	0.01184	0.01213	0.00914	0.00523	0.00433	0.00131	0.00502	0.00395	0.00368	0.16513
38	0.00601	0.00460	0.00551	0.00624	0.00705	0.00411	0.00432	0.00702	0.01022	0.01300	0.03602	0.53425	0.31477	0.01450	0.00619	0.00190	0.00276	0.01281	0.00463	0.00411
39	0.01284	0.54496	0.18547	0.01113	0.02787	0.04406	0.06323	0.03507	0.01082	0.01345	0.00776	0.00910	0.00654	0.00443	0.00382	0.00124	0.00610	0.00319	0.00225	0.00668
40	0.03273	0.36045	0.43044	0.01147	0.01732	0.01484	0.01360	0.01567	0.01043	0.03969	0.00840	0.00962	0.00652	0.00458	0.00406	0.00136	0.00633	0.00328	0.00227	0.00695
41	0.04283	0.00851	0.01146	0.00881	0.01265	0.00742	0.00728	0.02406	0.01413	0.77826	0.01935	0.01675	0.01217	0.00613	0.00497	0.00154	0.00423	0.00496	0.00609	0.00841
42	0.01062	0.05520	0.32730	0.01543	0.06882	0.01085	0.22390	0.01467	0.01103	0.04218	0.01357	0.08576	0.03359	0.00639	0.00532	0.00167	0.00664	0.05756	0.00285	0.00665
43	0.07132	0.02711	0.26405	0.01284	0.08114	0.03991	0.05090	0.03960	0.01237	0.24694	0.07163	0.03626	0.01208	0.00585	0.00489	0.00155	0.00562	0.00486	0.00384	0.00724
44	0.00617	0.00441	0.00588	0.00693	0.00730	0.00412	0.00469	0.00716	0.00987	0.01323	0.07713	0.75756	0.03381	0.01523	0.00634	0.00200	0.00289	0.02650	0.00468	0.00410
45	0.00611	0.00437	0.00583	0.00699	0.00729	0.00408	0.00470	0.00701	0.00958	0.01277	0.02745	0.80548	0.03288	0.01558	0.00637	0.00203	0.00293	0.02985	0.00463	0.00406
46	0.01327	0.01538	0.17630	0.03234	0.10768	0.10607	0.04600	0.13783	0.16011	0.04152	0.04154	0.03650	0.03030	0.00606	0.00498	0.00155	0.00584	0.00503	0.02455	0.00715
47	0.01264	0.02622	0.02099	0.04648	0.58149	0.05503	0.12676	0.02724	0.02509	0.01616	0.00956	0.01237	0.00785	0.00452	0.00503	0.00150	0.00642	0.00458	0.00255	0.00753
48	0.01862	0.02376	0.01413	0.01284	0.01541	0.80482	0.00963	0.01990	0.01413	0.01220	0.00770	0.00899	0.00642	0.00514	0.00449	0.00128	0.00899	0.00321	0.00257	0.00578
49	0.00662	0.00509	0.00659	0.00773	0.03930	0.00480	0.00525	0.00811	0.02631	0.01345	0.04705	0.49232	0.20125	0.01508	0.04322	0.00221	0.00354	0.06323	0.00447	0.00439
50	0.02842	0.07457	0.19507	0.01335	0.07365	0.02677	0.07030	0.15794	0.11583	0.16106	0.01282	0.01314	0.00919	0.00547	0.00504	0.00154	0.01987	0.00447	0.00385	0.00767
51	0.01695	0.01149	0.01258	0.01038	0.01376	0.05444	0.02107	0.18012	0.35055	0.24665	0.01754	0.01615	0.01239	0.00630	0.00502	0.00159	0.00470	0.00509	0.00519	0.00805
52	0.02226	0.00865	0.01167	0.00895	0.01281	0.00757	0.00739	0.04731	0.01455	0.77377	0.01943	0.01681	0.01222	0.00616	0.00501	0.00154	0.00428	0.00500	0.00613	0.00848
53	0.01224	0.01260	0.11322	0.01603	0.24103	0.02692	0.01097	0.12003	0.18854	0.03562	0.08644	0.01891	0.08256	0.00651	0.00511	0.00157	0.00500	0.00556	0.00390	0.00726
54	0.02693	0.01145	0.05361	0.17689	0.36905	0.01142	0.04963	0.08410	0.05481	0.01745	0.05648	0.01584	0.01104	0.00551	0.00509	0.00158	0.00581	0.03322	0.00304	0.00705
55	0.01751	0.01989	0.01445	0.01252	0.01525	0.53617	0.02989	0.17142	0.02766	0.01633	0.01006	0.01118	0.03102	0.00577	0.00546	0.00141	0.06069	0.00388	0.00313	0.00631
56	0.00622	0.00457	0.00640	0.00730	0.00772	0.00427	0.02458	0.00717	0.00960	0.01281	0.02702	0.80066	0.03231	0.01532	0.00635	0.00202	0.00303	0.01396	0.00457	0.00412
57	0.17905	0.14497	0.11324	0.06102	0.11924	0.07191	0.01014	0.06327	0.05068	0.06454	0.04756	0.03372	0.01000	0.00546	0.00434	0.00147	0.00540	0.00420	0.00319	0.00661
58	0.06704	0.01143	0.09770	0.01208	0.03739	0.01042	0.15786	0.15551	0.05021	0.01868	0.01337	0.03567	0.03107	0.02823	0.13815	0.00270	0.02392	0.00523	0.09707	0.00628
59	0.00674	0.00489	0.00637	0.00662	0.00749	0.00456	0.00478	0.00863	0.02209	0.01685	0.44101	0.33804	0.06666	0.01241	0.00608	0.00177	0.00265	0.03278	0.00510	0.00447
60	0.01092	0.17345	0.59539	0.01285	0.01923	0.04964	0.01576	0.01562	0.01073	0.01500	0.03243	0.01080	0.00758	0.00483	0.00447	0.00147	0.00691	0.00364	0.00223	0.00703
61	0.01180	0.14155	0.21366	0.01309	0.05139	0.03549	0.01224	0.07632	0.01044	0.01471	0.00847	0.03158	0.00746	0.00717	0.02247	0.00184	0.32725	0.00418	0.00248	0.00640
62	0.01333	0.82783	0.02612	0.00853	0.01279	0.01972	0.00853	0.01493	0.01013	0.01173	0.00693	0.00800	0.00640	0.00426	0.00320	0.00107	0.00533	0.00267	0.00213	0.00640
63	0.00690	0.00561	0.00898	0.00881	0.00980	0.00525	0.10639	0.00830	0.01004	0.01341	0.04439	0.65762	0.04423	0.01386	0.00629	0.00197	0.00365	0.03569	0.00437	0.00444
64	0.03385	0.57061	0.17249	0.00985	0.01456	0.04025	0.01039	0.05845	0.01100	0.01390	0.00773	0.00893	0.00658	0.00504	0.01712	0.00132	0.00593	0.00303	0.00233	0.00663
65	0.00723	0.00490	0.00576	0.00576	0.00588	0.00501	0.00343	0.00746	0.00735	0.00991	0.01541	0.03096	0.01740	0.72473	0.12448	0.00524	0.00592	0.00701	0.00298	0.00320
66	0.00613	0.00446	0.00578	0.00671	0.00720	0.00411	0.00455	0.00714	0.01004	0.01331	0.08367	0.69256	0.10609	0.01495	0.00628	0.00196	0.00282	0.01346	0.00469	0.00411
67	0.00957	0.00896	0.01475	0.76942	0.03317	0.01115	0.01352	0.01348	0.05188	0.01317	0.00948	0.01358	0.00711	0.00508	0.00499	0.00166	0.00650	0.00449	0.00237	0.00566
68	0.01350	0.73085	0.06713	0.00912	0.01344	0.07160	0.00914	0.01530	0.01042	0.01198	0.00709	0.00820	0.00639	0.00435	0.00337	0.00111	0.00568	0.00276	0.00216	0.00641
69	0.01176	0.01345	0.02941	0.02101	0.02605	0.01261	0.77563	0.01597	0.01176	0.01597	0.01008	0.01345	0.00756	0.00420	0.00588	0.00168	0.00840	0.00588	0.00252	0.00672
70	0.00782	0.00569	0.00704	0.00671	0.00763	0.00571	0.03317	0.02530	0.05317	0.01286	0.02204	0.10921	0.13983	0.35761	0.09255	0.01840	0.00498	0.00779	0.07838	0.00411
71	0.01240	0.01071	0.01127	0.01014	0.01296	0.01240	0.00789	0.02649	0.78473	0.02085	0.02029	0.01860	0.01522	0.00676	0.00507	0.00169	0.00394	0.00564	0.00507	0.00789
72	0.01240	0.01071	0.01127	0.01014	0.01296	0.01240	0.00789	0.02649	0.78473	0.02085	0.02029	0.01860	0.01522	0.00676	0.00507	0.00169	0.00394	0.00564	0.00507	0.00789
73	0.01176	0.00944	0.01033	0.00944	0.01190	0.01061	0.00729	0.02282	0.59611	0.05712	0.08849	0.09316	0.01971	0.00796	0.00529	0.00171	0.00374	0.02077	0.00511	0.00723
74	0.01000	0.02578	0.79900	0.01421	0.02157	0.01158	0.01842	0.01579	0.01052	0.01579	0.00895	0.01052	0.00631	0.00474	0.00474	0.00158	0.00737	0.00368	0.00210	0.00737
75	0.00702	0.00507	0.00664	0.00629	0.00744	0.00468	0.00470	0.00933	0.01397	0.01976	0.76709	0.06190	0.04659	0.01036	0.00589	0.00158	0.00237	0.00918	0.00546	0.00468
76	0.01760	0.03212	0.01327	0.01175	0.01437	0.61031	0.00899	0.03918	0.01397	0.08489	0.01191	0.01402	0.04577	0.00653	0.01788	0.00149	0.00796	0.03888	0.00315	0.00596
77	0.00807	0.00672	0.04601	0.03085	0.01137	0.00608	0.00853	0.01050	0.01130	0.01480	0.02514	0.08836	0.02722	0.01319	0.00671	0.00223	0.00470	0.66911	0.00441	0.00472
78	0.02104	0.00844	0.01124	0.00875	0.01245	0.00745	0.00719	0.02359	0.05581	0.71764	0.02118	0.01854	0.04983	0.00651	0.00506	0.00156	0.00414	0.00531	0.00604	0.00825
79	0.00960	0.04809	0.01549	0.77431	0.03330	0.01149	0.01359	0.01284	0.00997	0.01269	0.00877	0.01304	0.00663	0.00495	0.00490	0.00163	0.00658	0.00435	0.00221	0.00558
80	0.00709	0.00536	0.00704	0.00733	0.04501	0.00493	0.00509	0.00922	0.01330	0.01845	0.60394	0.09310	0.14019	0.01061	0.00587	0.00161	0.00258	0.00936	0.00517	0.00475
81	0.00744	0.00581	0.00831	0.00810	0.00885	0.00686	0.00624	0.00895	0.00806	0.01151	0.01471	0.02140	0.04979	0.11127	0.61435	0.00684	0.08869	0.00568	0.00275	0.00439
82	0.01832	0.02319	0.01442	0.01369	0.05270	0.76683	0.00990	0.01968	0.01399	0.01239	0.00778	0.00915	0.00649	0.00510	0.00452	0.00129	0.00884	0.00327	0.00256	0.00588
83	0.00842	0.00440	0.00651	0.00657	0.00663	0.00443	0.00441	0.00666	0.00674	0.00903	0.00999	0.05447	0.01027	0.03919	0.06051	0.74737	0.00475	0.00493	0.00233	0.00240
84	0.05954	0.64140	0.05098	0.00924	0.01331	0.13005	0.00887	0.01565	0.01062	0.01251	0.00711	0.00823	0.00634	0.00442	0.00343	0.00114	0.00584	0.00278	0.00224	0.00629
85	0.00693	0.00509	0.00649	0.00614	0.00737	0.00465	0.00461	0.00917	0.01382	0.01929	0.71222	0.03838	0.12634	0.01045	0.00588	0.00158	0.00237	0.00917	0.00540	0.00465
86	0.01236	0.01172	0.01951	0.07093	0.68637	0.01210	0.01479	0.04367	0.01155	0.01646	0.00931	0.01231	0.00779	0.00473	0.00549	0.00152	0.04474	0.00444	0.00253	0.00767
87	0.01050	0.01078	0.05948	0.44990	0.23581	0.01116	0.07137	0.02394	0.01052	0.01416	0.00913	0.01297	0.00715	0.00537	0.00572	0.04249	0.00649	0.00450	0.00234	0.00624

[dist]
# distance from previous block
# <min> <max>
0	4

[block]
# block no. 3 follows, 50 sequences, length 6
# corresponding to MSA columns:
# 879-884
name=unknown_D
#
# <colnr> <probs for GDERKNQSTAVLIFYWHMCP>
#	G	D	E	R	K	N	Q	S	T	A	V	L	I	F	Y	W	H	M	C	P
0	0.06794	0.00983	0.01472	0.56944	0.13820	0.04720	0.01282	0.01339	0.01046	0.01424	0.04849	0.01382	0.00878	0.00515	0.00487	0.00161	0.00624	0.00449	0.00249	0.00583
1	0.01325	0.01305	0.02160	0.06354	0.13403	0.07828	0.36693	0.12288	0.01337	0.04435	0.01158	0.07216	0.00962	0.00552	0.00546	0.00161	0.00703	0.00575	0.00313	0.00686
2	0.01642	0.01000	0.04550	0.03654	0.17053	0.00904	0.04808	0.04258	0.06087	0.38363	0.01706	0.06717	0.01307	0.00668	0.00522	0.00162	0.00494	0.04875	0.00468	0.00762
3	0.01495	0.10587	0.14982	0.01286	0.06411	0.01150	0.10572	0.08612	0.09980	0.23011	0.01439	0.05924	0.01091	0.00594	0.00494	0.00155	0.00552	0.00513	0.00402	0.00748
4	0.03058	0.08245	0.07094	0.03450	0.30784	0.13456	0.05194	0.06372	0.02740	0.09258	0.02517	0.01229	0.00869	0.00495	0.00472	0.00143	0.00619	0.00422	0.00308	0.03276
5	0.02683	0.02462	0.08505	0.03005	0.14841	0.05806	0.02576	0.07559	0.03544	0.15063	0.03850	0.13387	0.03105	0.00693	0.00499	0.00150	0.00499	0.00594	0.00387	0.10794

[dist]
# distance from previous block
# <min> <max>
0	10

# created by:
# /home/cegg/simao/soft/augustus-3.2.1/scripts/msa2prfl.pl ./align_prep/EOG091G0P5N.fa
