[name]
unknown

[dist]
# distance from previous block
# <min> <max>
0	580

[block]
# block no. 0 follows, 49 sequences, length 8
# corresponding to MSA columns:
# 592-599
name=unknown_A
#
# <colnr> <probs for GDERKNQSTAVLIFYWHMCP>
#	G	D	E	R	K	N	Q	S	T	A	V	L	I	F	Y	W	H	M	C	P
0	0.01148	0.13245	0.10358	0.33886	0.10495	0.01319	0.15157	0.05733	0.01144	0.01513	0.00917	0.01225	0.00707	0.00478	0.00492	0.00156	0.00681	0.00442	0.00246	0.00658
1	0.01814	0.00868	0.01171	0.12338	0.01561	0.00843	0.00820	0.02194	0.11676	0.51590	0.04723	0.01905	0.04843	0.00661	0.00516	0.00161	0.00446	0.00548	0.00544	0.00777
2	0.12988	0.00532	0.00695	0.00684	0.00743	0.00569	0.00485	0.00816	0.00712	0.01124	0.00929	0.01506	0.00892	0.01894	0.14081	0.59798	0.00577	0.00432	0.00241	0.00303
3	0.00819	0.00664	0.00928	0.05462	0.01096	0.00739	0.00682	0.00983	0.00857	0.01243	0.01312	0.07565	0.01293	0.10040	0.42459	0.00530	0.09890	0.00573	0.00284	0.12580
4	0.00851	0.00678	0.00924	0.09761	0.01309	0.00681	0.00812	0.01076	0.01111	0.01477	0.02424	0.04243	0.11297	0.01114	0.00663	0.00195	0.04180	0.44196	0.00404	0.12601
5	0.01548	0.47205	0.05715	0.00977	0.03548	0.05184	0.00884	0.01737	0.01155	0.21092	0.01172	0.05757	0.00962	0.00555	0.00408	0.00131	0.00527	0.00411	0.00338	0.00695
6	0.05291	0.16160	0.10836	0.01346	0.03118	0.13998	0.21700	0.03343	0.05533	0.01597	0.01060	0.02617	0.00853	0.00508	0.00464	0.00145	0.00657	0.00447	0.09680	0.00646
7	0.01380	0.12729	0.21084	0.01196	0.05111	0.03657	0.01112	0.27594	0.01522	0.03776	0.01295	0.12673	0.01142	0.00681	0.00489	0.00154	0.00566	0.00547	0.02575	0.00717

[dist]
# distance from previous block
# <min> <max>
7	16

[block]
# block no. 1 follows, 49 sequences, length 16
# corresponding to MSA columns:
# 622-625,627-638
name=unknown_B
#
# <colnr> <probs for GDERKNQSTAVLIFYWHMCP>
#	G	D	E	R	K	N	Q	S	T	A	V	L	I	F	Y	W	H	M	C	P
0	0.01122	0.01081	0.04872	0.15905	0.14408	0.01210	0.06342	0.01365	0.01030	0.05649	0.08841	0.01588	0.01189	0.00710	0.00952	0.00185	0.30600	0.02043	0.00290	0.00619
1	0.00956	0.00849	0.04050	0.24337	0.06818	0.00846	0.06585	0.01260	0.05713	0.04584	0.01622	0.23110	0.01616	0.09101	0.00750	0.00205	0.00515	0.00756	0.02579	0.03747
2	0.01344	0.14881	0.13432	0.02645	0.01576	0.22436	0.05799	0.05156	0.05809	0.01482	0.01005	0.02536	0.00851	0.03644	0.04851	0.00185	0.02437	0.00409	0.00281	0.09242
3	0.01069	0.00902	0.01067	0.03796	0.01279	0.00725	0.00642	0.05347	0.01114	0.01698	0.01017	0.05409	0.00891	0.00457	0.00401	0.00090	0.00391	0.00375	0.00317	0.73012
4	0.03538	0.02955	0.04277	0.09062	0.01552	0.17614	0.00826	0.03046	0.01159	0.03617	0.00901	0.01061	0.00725	0.00438	0.00413	0.00106	0.00542	0.00331	0.00292	0.47547
5	0.09708	0.01539	0.25194	0.13563	0.11282	0.01146	0.17527	0.01515	0.01098	0.03823	0.05556	0.01349	0.00945	0.00517	0.00538	0.00164	0.03122	0.00469	0.00271	0.00673
6	0.01019	0.00740	0.00888	0.00743	0.00982	0.00672	0.00555	0.05256	0.03086	0.06104	0.01389	0.04930	0.01340	0.24289	0.11601	0.00312	0.00551	0.02666	0.00345	0.32533
7	0.00696	0.00538	0.00711	0.08795	0.01014	0.00519	0.00552	0.00891	0.01236	0.01669	0.40550	0.20462	0.18195	0.01145	0.00598	0.00172	0.00298	0.01008	0.00488	0.00462
8	0.08985	0.13156	0.08446	0.09204	0.02828	0.02687	0.02435	0.22881	0.11481	0.04878	0.01134	0.01212	0.00851	0.00533	0.00452	0.00145	0.00541	0.00410	0.00369	0.07374
9	0.00731	0.00553	0.00748	0.08887	0.01078	0.00550	0.00607	0.03583	0.01081	0.01445	0.08558	0.54634	0.05446	0.01339	0.00617	0.00193	0.00350	0.06289	0.00448	0.02863
10	0.04267	0.20804	0.32844	0.09488	0.07139	0.02932	0.06666	0.04050	0.01126	0.04910	0.00917	0.01090	0.00696	0.00477	0.00451	0.00148	0.00660	0.00382	0.00253	0.00703
11	0.01184	0.16974	0.31328	0.01672	0.09697	0.04312	0.21617	0.01586	0.01104	0.01506	0.00890	0.01112	0.00693	0.00471	0.00529	0.00153	0.03814	0.00422	0.00231	0.00704
12	0.00674	0.00537	0.00827	0.00841	0.00925	0.00500	0.08267	0.00798	0.00999	0.01327	0.02703	0.70561	0.06175	0.01454	0.00639	0.00200	0.00349	0.01337	0.00448	0.00439
13	0.01109	0.00924	0.05324	0.10094	0.07796	0.00908	0.03366	0.12969	0.01184	0.05810	0.04160	0.05985	0.01397	0.20534	0.10714	0.00320	0.03141	0.00601	0.03096	0.00569
14	0.02773	0.02652	0.03970	0.11811	0.27556	0.03799	0.12864	0.01664	0.10272	0.04472	0.01173	0.01399	0.00914	0.00512	0.00514	0.00154	0.02127	0.00476	0.08909	0.01986
15	0.00864	0.00648	0.00876	0.05702	0.09395	0.00642	0.00665	0.03102	0.05314	0.05228	0.06715	0.38835	0.13120	0.05632	0.00701	0.00200	0.00371	0.01036	0.00438	0.00517

[dist]
# distance from previous block
# <min> <max>
0	10

[block]
# block no. 2 follows, 49 sequences, length 6
# corresponding to MSA columns:
# 649,650,666-669
name=unknown_C
#
# <colnr> <probs for GDERKNQSTAVLIFYWHMCP>
#	G	D	E	R	K	N	Q	S	T	A	V	L	I	F	Y	W	H	M	C	P
0	0.68713	0.00962	0.00805	0.00682	0.01022	0.01042	0.00558	0.01443	0.00898	0.02144	0.00743	0.00867	0.00588	0.00450	0.00325	0.00140	0.00388	0.00279	0.00310	0.17639
1	0.00686	0.00501	0.00645	0.00640	0.00745	0.00460	0.00468	0.00885	0.01316	0.01826	0.57542	0.19616	0.10455	0.01165	0.00606	0.00169	0.00251	0.01032	0.00532	0.00460
2	0.01016	0.01374	0.24942	0.02724	0.01477	0.00941	0.02634	0.07377	0.01121	0.01624	0.05977	0.07489	0.01329	0.09675	0.02518	0.00203	0.07475	0.02107	0.00313	0.17684
3	0.00871	0.00727	0.00970	0.00894	0.01003	0.00866	0.00713	0.06442	0.00985	0.01367	0.01947	0.02312	0.16745	0.02397	0.40609	0.00502	0.19214	0.00619	0.00317	0.00499
4	0.00807	0.00533	0.00716	0.05663	0.03902	0.00552	0.00480	0.00792	0.00753	0.01010	0.01316	0.02544	0.01429	0.47254	0.06966	0.23524	0.00545	0.00614	0.00273	0.00327
5	0.01308	0.01258	0.04778	0.08470	0.35474	0.03099	0.19279	0.07041	0.01252	0.06476	0.01094	0.03654	0.00879	0.00505	0.00523	0.00156	0.00649	0.00508	0.00298	0.03301

[dist]
# distance from previous block
# <min> <max>
3	14

[block]
# block no. 3 follows, 49 sequences, length 22
# corresponding to MSA columns:
# 694-715
name=unknown_D
#
# <colnr> <probs for GDERKNQSTAVLIFYWHMCP>
#	G	D	E	R	K	N	Q	S	T	A	V	L	I	F	Y	W	H	M	C	P
0	0.01355	0.62814	0.07731	0.01031	0.01468	0.08775	0.06151	0.01562	0.01080	0.01258	0.00787	0.00977	0.00704	0.00463	0.00373	0.00120	0.00607	0.01868	0.00228	0.00648
1	0.20575	0.12688	0.08125	0.01005	0.05309	0.05864	0.00847	0.01518	0.02833	0.04962	0.00939	0.01156	0.00777	0.00497	0.00449	0.00130	0.04067	0.02573	0.00299	0.25388
2	0.01042	0.05409	0.23427	0.01459	0.15422	0.01024	0.06202	0.03605	0.07636	0.01737	0.15637	0.06699	0.01747	0.02564	0.00563	0.00166	0.00534	0.00594	0.03871	0.00663
3	0.00626	0.00450	0.00608	0.00714	0.00749	0.00431	0.00485	0.00723	0.00954	0.01280	0.02653	0.74408	0.03149	0.01791	0.08105	0.00262	0.00393	0.01354	0.00451	0.00415
4	0.05878	0.10237	0.22035	0.01395	0.09175	0.06121	0.09975	0.07272	0.04323	0.07249	0.01406	0.05412	0.06135	0.00604	0.00490	0.00155	0.00608	0.00510	0.00324	0.00694
5	0.04015	0.02924	0.18514	0.03864	0.40330	0.03845	0.03431	0.08620	0.01262	0.05224	0.02608	0.01254	0.00855	0.00494	0.00491	0.00153	0.00624	0.00438	0.00290	0.00765
6	0.00607	0.00474	0.00552	0.00613	0.00710	0.00418	0.00429	0.00714	0.01055	0.01326	0.03891	0.45483	0.39047	0.01441	0.00623	0.00189	0.00276	0.01262	0.00469	0.00418
7	0.01177	0.01039	0.01712	0.42937	0.33135	0.01155	0.01411	0.04735	0.01147	0.05295	0.00986	0.01322	0.00760	0.00494	0.00504	0.00160	0.00628	0.00453	0.00266	0.00684
8	0.01317	0.01408	0.09041	0.07132	0.37549	0.10402	0.06683	0.06047	0.02612	0.04806	0.04826	0.03747	0.01060	0.00545	0.00510	0.00154	0.00634	0.00495	0.00303	0.00726
9	0.01268	0.12715	0.38024	0.02943	0.11942	0.08687	0.03305	0.04488	0.04502	0.04835	0.01010	0.01192	0.00774	0.00506	0.00470	0.00151	0.00678	0.01512	0.00269	0.00728
10	0.01024	0.01059	0.04858	0.64971	0.11694	0.03524	0.03086	0.01363	0.01046	0.01350	0.00904	0.01313	0.00688	0.00497	0.00504	0.00165	0.00680	0.00446	0.00229	0.00599
11	0.57405	0.01382	0.00973	0.00916	0.03475	0.23695	0.00696	0.01634	0.01037	0.01947	0.00755	0.00884	0.00602	0.00486	0.00360	0.00148	0.00543	0.00298	0.02200	0.00565
12	0.00722	0.00542	0.00813	0.00813	0.00903	0.00632	0.00632	0.00903	0.00813	0.01174	0.01354	0.01987	0.01264	0.03792	0.80225	0.00813	0.01354	0.00542	0.00271	0.00451
13	0.01622	0.04906	0.01395	0.01087	0.01434	0.05244	0.00881	0.40706	0.30025	0.02572	0.01493	0.01448	0.01104	0.00624	0.00494	0.00155	0.00506	0.00484	0.03016	0.00804
14	0.00754	0.00533	0.00789	0.03140	0.00914	0.00606	0.00600	0.00864	0.00789	0.01117	0.01289	0.02008	0.01236	0.09776	0.59841	0.13405	0.01127	0.00539	0.00265	0.00408
15	0.01131	0.03373	0.38526	0.01322	0.05062	0.06502	0.03225	0.06084	0.01212	0.03698	0.01417	0.02295	0.01276	0.00727	0.00534	0.00174	0.00646	0.19552	0.02576	0.00666
16	0.01352	0.82533	0.02650	0.00865	0.01298	0.02001	0.00865	0.01514	0.01027	0.01190	0.00703	0.00811	0.00649	0.00433	0.00324	0.00108	0.00541	0.00270	0.00216	0.00649
17	0.00843	0.01464	0.34436	0.01014	0.01431	0.00821	0.03716	0.01244	0.04925	0.01548	0.08444	0.07861	0.26254	0.03041	0.00599	0.00176	0.00501	0.00734	0.00357	0.00591
18	0.00652	0.00508	0.00544	0.00544	0.00688	0.00444	0.00402	0.00798	0.01160	0.01482	0.15942	0.06740	0.53985	0.05901	0.00698	0.00186	0.00270	0.02280	0.06346	0.00431
19	0.01224	0.01385	0.16840	0.01174	0.03316	0.02881	0.04862	0.05875	0.41337	0.04316	0.05147	0.01846	0.05043	0.00659	0.00515	0.00165	0.00500	0.00555	0.01612	0.00748
20	0.00794	0.00534	0.00565	0.00561	0.00710	0.00506	0.00429	0.01056	0.05610	0.01684	0.10380	0.03469	0.32749	0.00958	0.00503	0.00152	0.00267	0.04958	0.33642	0.00473
21	0.01615	0.03064	0.03772	0.02882	0.01499	0.05246	0.00962	0.45929	0.05089	0.02478	0.01136	0.01241	0.00859	0.00632	0.00666	0.00158	0.13192	0.00442	0.06001	0.03138

[dist]
# distance from previous block
# <min> <max>
5	12

[block]
# block no. 4 follows, 49 sequences, length 29
# corresponding to MSA columns:
# 736-764
name=unknown_E
#
# <colnr> <probs for GDERKNQSTAVLIFYWHMCP>
#	G	D	E	R	K	N	Q	S	T	A	V	L	I	F	Y	W	H	M	C	P
0	0.01188	0.01128	0.01907	0.09214	0.63506	0.01146	0.03156	0.01519	0.03157	0.01661	0.06593	0.01461	0.01095	0.00503	0.00510	0.00153	0.00581	0.00490	0.00277	0.00755
1	0.01204	0.01136	0.06732	0.01062	0.04436	0.08688	0.00864	0.16541	0.07632	0.04093	0.04137	0.08517	0.14693	0.00943	0.00589	0.00176	0.02218	0.15285	0.00433	0.00620
2	0.00735	0.00490	0.00552	0.00552	0.00552	0.00490	0.00306	0.00735	0.00735	0.00980	0.01593	0.03309	0.01838	0.82229	0.02574	0.00490	0.00490	0.00735	0.00306	0.00306
3	0.00727	0.00511	0.00653	0.00653	0.00692	0.00544	0.00436	0.00801	0.00775	0.01065	0.01582	0.02827	0.03419	0.49589	0.32962	0.00609	0.00823	0.00667	0.00296	0.00366
4	0.01171	0.01786	0.34598	0.01593	0.12203	0.01228	0.08834	0.04544	0.25182	0.01825	0.01294	0.01382	0.00964	0.00540	0.00506	0.00163	0.00623	0.00470	0.00327	0.00769
5	0.01014	0.02616	0.79609	0.01441	0.02189	0.01174	0.01868	0.01601	0.01068	0.01601	0.00907	0.01068	0.00641	0.00480	0.00480	0.00160	0.00747	0.00374	0.00214	0.00747
6	0.01106	0.01106	0.01549	0.01328	0.01328	0.01549	0.01106	0.01217	0.00774	0.01217	0.00664	0.01106	0.00664	0.00885	0.01659	0.00221	0.81303	0.00443	0.00221	0.00553
7	0.00649	0.00477	0.00613	0.00707	0.00759	0.00454	0.00481	0.00808	0.04615	0.01363	0.05990	0.71242	0.06940	0.01505	0.00635	0.00200	0.00294	0.01358	0.00475	0.00433
8	0.01106	0.01106	0.01549	0.01328	0.01328	0.01549	0.01106	0.01217	0.00774	0.01217	0.00664	0.01106	0.00664	0.00885	0.01659	0.00221	0.81303	0.00443	0.00221	0.00553
9	0.01125	0.01000	0.06650	0.00957	0.01208	0.00976	0.00779	0.05581	0.40949	0.05891	0.02158	0.26675	0.01991	0.00944	0.00552	0.00179	0.00401	0.00818	0.00484	0.00681
10	0.01352	0.82533	0.02650	0.00865	0.01298	0.02001	0.00865	0.01514	0.01027	0.01190	0.00703	0.00811	0.00649	0.00433	0.00324	0.00108	0.00541	0.00270	0.00216	0.00649
11	0.01138	0.31828	0.51477	0.01231	0.01863	0.01476	0.01502	0.01570	0.01053	0.01451	0.00833	0.00974	0.00644	0.00463	0.00423	0.00141	0.00672	0.00336	0.00215	0.00711
12	0.01014	0.02616	0.79609	0.01441	0.02189	0.01174	0.01868	0.01601	0.01068	0.01601	0.00907	0.01068	0.00641	0.00480	0.00480	0.00160	0.00747	0.00374	0.00214	0.00747
13	0.00723	0.00601	0.00615	0.00583	0.00775	0.00545	0.00445	0.06341	0.04413	0.01544	0.06467	0.04455	0.68302	0.01202	0.00588	0.00169	0.00283	0.00999	0.00476	0.00475
14	0.00955	0.00899	0.01517	0.81013	0.03483	0.01123	0.01404	0.01292	0.01011	0.01292	0.00899	0.01348	0.00674	0.00506	0.00506	0.00169	0.00674	0.00449	0.00225	0.00562
15	0.00691	0.00495	0.00670	0.00708	0.00756	0.00520	0.00494	0.00797	0.00859	0.01185	0.03781	0.28490	0.02174	0.22604	0.32848	0.00518	0.00764	0.00892	0.00352	0.00403
16	0.00706	0.00527	0.00610	0.00592	0.00732	0.00481	0.00445	0.00927	0.03262	0.01731	0.39183	0.04028	0.32373	0.03043	0.00626	0.00170	0.00261	0.02722	0.07120	0.00462
17	0.00634	0.00479	0.00648	0.00716	0.00781	0.00440	0.02604	0.00743	0.01019	0.01342	0.06338	0.66179	0.13220	0.01488	0.00636	0.00198	0.00302	0.01343	0.00467	0.00423
18	0.03319	0.42799	0.31583	0.01107	0.01647	0.04845	0.01243	0.04196	0.01109	0.02848	0.00824	0.00943	0.00662	0.00465	0.00398	0.00132	0.00629	0.00322	0.00237	0.00692
19	0.85801	0.00978	0.00743	0.00665	0.00978	0.01134	0.00548	0.01486	0.00861	0.02269	0.00704	0.00821	0.00548	0.00469	0.00313	0.00156	0.00391	0.00274	0.00313	0.00548
20	0.04029	0.01301	0.01450	0.06379	0.01629	0.01442	0.02411	0.63372	0.02129	0.02913	0.01207	0.01264	0.00869	0.00592	0.00491	0.00151	0.00542	0.00454	0.06574	0.00800
21	0.76262	0.00979	0.00801	0.00699	0.01021	0.01111	0.00576	0.03514	0.00951	0.09122	0.00831	0.00911	0.00618	0.00487	0.00335	0.00156	0.00399	0.00299	0.00346	0.00583
22	0.00723	0.00538	0.00796	0.00796	0.00880	0.00623	0.00611	0.00892	0.00808	0.01161	0.01370	0.02071	0.01301	0.08812	0.75256	0.00792	0.01299	0.00554	0.00273	0.00442
23	0.00734	0.00494	0.00570	0.00570	0.00577	0.00500	0.00330	0.00747	0.00741	0.00994	0.01576	0.03214	0.01797	0.76571	0.08175	0.00513	0.00553	0.00721	0.00304	0.00317
24	0.01352	0.82533	0.02650	0.00865	0.01298	0.02001	0.00865	0.01514	0.01027	0.01190	0.00703	0.00811	0.00649	0.00433	0.00324	0.00108	0.00541	0.00270	0.00216	0.00649
25	0.00704	0.00516	0.00659	0.00624	0.00748	0.00472	0.00468	0.00931	0.01403	0.01961	0.71398	0.03887	0.12222	0.01059	0.00597	0.00160	0.00240	0.00930	0.00548	0.00472
26	0.00969	0.00913	0.01542	0.77360	0.07027	0.01127	0.01411	0.01304	0.01018	0.01309	0.00901	0.01344	0.00680	0.00503	0.00505	0.00168	0.00671	0.00449	0.00226	0.00573
27	0.01430	0.70936	0.02474	0.00929	0.01336	0.13319	0.00881	0.01587	0.01086	0.01197	0.00714	0.00826	0.00649	0.00445	0.00343	0.00111	0.00594	0.00278	0.00223	0.00640
28	0.12183	0.04503	0.04680	0.07170	0.27162	0.08001	0.06128	0.03718	0.03234	0.06664	0.01134	0.03504	0.02514	0.00527	0.00469	0.00148	0.00576	0.00453	0.00308	0.06924

[dist]
# distance from previous block
# <min> <max>
1	2

[block]
# block no. 5 follows, 49 sequences, length 41
# corresponding to MSA columns:
# 767-785,789-792,794-811
name=unknown_F
#
# <colnr> <probs for GDERKNQSTAVLIFYWHMCP>
#	G	D	E	R	K	N	Q	S	T	A	V	L	I	F	Y	W	H	M	C	P
0	0.03785	0.69263	0.06682	0.00921	0.01359	0.05363	0.00919	0.04412	0.01094	0.01321	0.00737	0.00845	0.00654	0.00447	0.00345	0.00115	0.00565	0.00286	0.00232	0.00657
1	0.01224	0.06882	0.16065	0.23914	0.15986	0.07786	0.07623	0.03061	0.05890	0.04035	0.01006	0.01248	0.00770	0.00504	0.00510	0.00157	0.01950	0.00435	0.00268	0.00686
2	0.00878	0.00439	0.00659	0.00659	0.00659	0.00439	0.00439	0.00659	0.00659	0.00878	0.00878	0.01537	0.00878	0.01757	0.01976	0.85288	0.00439	0.00439	0.00220	0.00220
3	0.00607	0.00511	0.00526	0.00526	0.00690	0.00430	0.00393	0.00742	0.01169	0.01414	0.10628	0.06686	0.71410	0.01270	0.00599	0.00171	0.00256	0.01065	0.00476	0.00430
4	0.00955	0.00899	0.01517	0.81013	0.03483	0.01123	0.01404	0.01292	0.01011	0.01292	0.00899	0.01348	0.00674	0.00506	0.00506	0.00169	0.00674	0.00449	0.00225	0.00562
5	0.00616	0.00513	0.00538	0.00532	0.00694	0.00435	0.00399	0.00761	0.01196	0.01469	0.16579	0.04697	0.67349	0.01242	0.00597	0.00169	0.00253	0.01043	0.00483	0.00435
6	0.01334	0.01500	0.29174	0.01292	0.07821	0.00978	0.04261	0.06632	0.01191	0.19755	0.01337	0.03245	0.01059	0.10939	0.05695	0.00242	0.01987	0.00504	0.00354	0.00700
7	0.00825	0.00550	0.00731	0.00722	0.00854	0.00518	0.00575	0.01060	0.01352	0.05740	0.52844	0.04126	0.04010	0.01096	0.00612	0.00177	0.00308	0.20465	0.02943	0.00493
8	0.01169	0.01336	0.17561	0.02263	0.03552	0.02461	0.05742	0.15876	0.15227	0.02051	0.18768	0.02141	0.04549	0.03202	0.00596	0.00172	0.00511	0.01725	0.00419	0.00681
9	0.01356	0.01074	0.01604	0.04786	0.40195	0.01039	0.01150	0.05508	0.05980	0.11918	0.02870	0.01368	0.00981	0.00495	0.00480	0.00138	0.00513	0.00446	0.00344	0.17752
10	0.83219	0.03471	0.00801	0.00671	0.00988	0.01161	0.00557	0.01487	0.00866	0.02236	0.00704	0.00821	0.00551	0.00468	0.00313	0.00155	0.00396	0.00274	0.00310	0.00551
11	0.01336	0.78763	0.06280	0.00892	0.01340	0.01962	0.00913	0.01518	0.01029	0.01209	0.00713	0.00823	0.00649	0.00435	0.00332	0.00111	0.00551	0.00275	0.00216	0.00654
12	0.00679	0.00485	0.00659	0.00776	0.00833	0.00465	0.00579	0.00813	0.01031	0.01362	0.02752	0.57642	0.03206	0.01525	0.00662	0.00214	0.00348	0.25070	0.00468	0.00428
13	0.00613	0.00496	0.00546	0.00576	0.00707	0.00429	0.00420	0.00739	0.01120	0.01382	0.07998	0.24247	0.54567	0.01348	0.00612	0.00180	0.00269	0.02851	0.00474	0.00426
14	0.00954	0.00762	0.00845	0.00764	0.00971	0.00788	0.00589	0.08975	0.22651	0.01988	0.29942	0.03295	0.23541	0.00962	0.00565	0.00165	0.00320	0.00815	0.00516	0.00591
15	0.00626	0.00478	0.00575	0.00627	0.00720	0.00427	0.00441	0.00752	0.01108	0.01437	0.15997	0.42468	0.29742	0.01389	0.00621	0.00186	0.00272	0.01224	0.00484	0.00427
16	0.01049	0.00899	0.01049	0.00749	0.01198	0.00674	0.00599	0.01273	0.01049	0.01648	0.00899	0.01049	0.00749	0.00374	0.00374	0.00075	0.00374	0.00300	0.00300	0.85320
17	0.03863	0.00995	0.01249	0.00984	0.02746	0.00939	0.00793	0.18982	0.01611	0.54675	0.01708	0.01540	0.01111	0.00600	0.00495	0.00150	0.00457	0.00478	0.00566	0.06059
18	0.85801	0.00978	0.00743	0.00665	0.00978	0.01134	0.00548	0.01486	0.00861	0.02269	0.00704	0.00821	0.00548	0.00469	0.00313	0.00156	0.00391	0.00274	0.00313	0.00548
19	0.00625	0.00506	0.00528	0.00543	0.00697	0.00434	0.00406	0.00759	0.01132	0.01391	0.04648	0.11551	0.65391	0.01277	0.00593	0.00173	0.00266	0.03893	0.04757	0.00429
20	0.00722	0.00542	0.00813	0.00813	0.00903	0.00632	0.00632	0.00903	0.00813	0.01174	0.01354	0.01987	0.01264	0.03792	0.80225	0.00813	0.01354	0.00542	0.00271	0.00451
21	0.01106	0.01106	0.01549	0.01328	0.01328	0.01549	0.01106	0.01217	0.00774	0.01217	0.00664	0.01106	0.00664	0.00885	0.01659	0.00221	0.81303	0.00443	0.00221	0.00553
22	0.00955	0.00899	0.01517	0.81013	0.03483	0.01123	0.01404	0.01292	0.01011	0.01292	0.00899	0.01348	0.00674	0.00506	0.00506	0.00169	0.00674	0.00449	0.00225	0.00562
23	0.00735	0.00490	0.00552	0.00552	0.00552	0.00490	0.00306	0.00735	0.00735	0.00980	0.01593	0.03309	0.01838	0.82229	0.02574	0.00490	0.00490	0.00735	0.00306	0.00306
24	0.01235	0.01061	0.01127	0.01024	0.01301	0.01223	0.00801	0.02604	0.74257	0.02085	0.02090	0.02080	0.01613	0.00722	0.00524	0.00175	0.00404	0.04380	0.00512	0.00783
25	0.00674	0.00494	0.00640	0.00729	0.00786	0.00477	0.00507	0.00865	0.05777	0.01417	0.09430	0.66405	0.03338	0.01471	0.00636	0.00201	0.00303	0.04926	0.00480	0.00443
26	0.01361	0.79227	0.02594	0.00878	0.01304	0.03610	0.00866	0.01548	0.02590	0.01209	0.00732	0.00835	0.00667	0.00440	0.00331	0.00110	0.00546	0.00278	0.00223	0.00651
27	0.01296	0.10826	0.26462	0.01225	0.04879	0.02924	0.01192	0.12503	0.12002	0.06818	0.04962	0.01603	0.03545	0.00629	0.00548	0.00159	0.04663	0.02682	0.00358	0.00725
28	0.01521	0.01660	0.01607	0.01923	0.30857	0.32831	0.01155	0.04777	0.13960	0.01613	0.01110	0.02746	0.00914	0.00545	0.00488	0.00147	0.00685	0.00439	0.00312	0.00710
29	0.01717	0.13865	0.01588	0.01254	0.04409	0.56145	0.00948	0.06868	0.01410	0.01383	0.01047	0.01150	0.05027	0.00554	0.00450	0.00131	0.00786	0.00372	0.00282	0.00613
30	0.00717	0.00528	0.00761	0.00769	0.00843	0.00598	0.00576	0.00866	0.00812	0.01155	0.01483	0.07485	0.01483	0.14604	0.64084	0.00727	0.01163	0.00628	0.00289	0.00429
31	0.00927	0.00629	0.00710	0.00654	0.00840	0.00591	0.00491	0.01240	0.11279	0.11259	0.16767	0.03729	0.37997	0.09692	0.00786	0.00201	0.00319	0.00871	0.00493	0.00526
32	0.01241	0.01238	0.01873	0.12853	0.53654	0.06995	0.01434	0.01509	0.01105	0.01519	0.00895	0.01221	0.00756	0.00519	0.00647	0.00160	0.10975	0.00440	0.00244	0.00723
33	0.01803	0.00789	0.01040	0.00837	0.01152	0.00700	0.00666	0.02040	0.04809	0.54167	0.09307	0.06936	0.01742	0.06139	0.00656	0.00178	0.00403	0.00611	0.00565	0.05461
34	0.01102	0.00898	0.01434	0.08789	0.36593	0.00904	0.01150	0.01364	0.01173	0.06755	0.06032	0.05077	0.04641	0.00821	0.00569	0.00178	0.00517	0.20990	0.00363	0.00650
35	0.00927	0.00852	0.01418	0.71215	0.03168	0.01048	0.01313	0.01243	0.01019	0.01307	0.01122	0.06125	0.00972	0.00625	0.00526	0.00175	0.00639	0.05506	0.00254	0.00547
36	0.00784	0.00510	0.00684	0.00711	0.00780	0.00512	0.00499	0.00894	0.00937	0.06434	0.06346	0.35029	0.02426	0.18363	0.22253	0.00419	0.00622	0.00966	0.00399	0.00434
37	0.00771	0.00654	0.05836	0.00622	0.00696	0.00546	0.00427	0.00823	0.00775	0.01059	0.01509	0.03034	0.01698	0.72233	0.02312	0.00445	0.00501	0.00687	0.00300	0.05071
38	0.00797	0.00628	0.00865	0.06067	0.01064	0.00608	0.05263	0.01086	0.05565	0.02899	0.43503	0.03475	0.18113	0.05090	0.00679	0.00179	0.00333	0.00849	0.02435	0.00500
39	0.70722	0.00977	0.00888	0.06146	0.05124	0.01113	0.00668	0.01537	0.00921	0.06929	0.00809	0.00934	0.00612	0.00480	0.00347	0.00157	0.00423	0.00309	0.00323	0.00581
40	0.03383	0.10071	0.54971	0.01287	0.01889	0.01253	0.01539	0.06227	0.01150	0.03449	0.04930	0.01202	0.00881	0.00538	0.00535	0.00158	0.05159	0.00401	0.00262	0.00717

[dist]
# distance from previous block
# <min> <max>
0	5

[block]
# block no. 6 follows, 49 sequences, length 9
# corresponding to MSA columns:
# 817-825
name=unknown_G
#
# <colnr> <probs for GDERKNQSTAVLIFYWHMCP>
#	G	D	E	R	K	N	Q	S	T	A	V	L	I	F	Y	W	H	M	C	P
0	0.01100	0.00903	0.01036	0.00808	0.01166	0.00808	0.00640	0.08896	0.12377	0.01940	0.16122	0.01712	0.01650	0.00569	0.00450	0.00113	0.00370	0.00473	0.00400	0.48463
1	0.01181	0.04901	0.08759	0.00886	0.01151	0.00871	0.00779	0.01599	0.12383	0.16791	0.32130	0.02518	0.05556	0.00819	0.00631	0.00164	0.07091	0.00669	0.00482	0.00637
2	0.13066	0.00526	0.00670	0.00681	0.00739	0.00550	0.00477	0.00807	0.00760	0.01183	0.01261	0.16969	0.01338	0.01707	0.07973	0.49588	0.00480	0.00616	0.00285	0.00323
3	0.01097	0.01003	0.01494	0.01326	0.07425	0.01030	0.18949	0.01833	0.32169	0.03647	0.02364	0.07522	0.16326	0.00778	0.00557	0.00171	0.00489	0.00719	0.00424	0.00676
4	0.01428	0.16618	0.01367	0.00842	0.01209	0.00997	0.00702	0.09008	0.01261	0.20591	0.01431	0.12846	0.01237	0.00644	0.00449	0.00128	0.00426	0.00524	0.00408	0.27882
5	0.01061	0.00622	0.00851	0.00777	0.00907	0.00650	0.00593	0.01164	0.00987	0.16297	0.08177	0.02364	0.09129	0.09896	0.25401	0.12678	0.06967	0.00614	0.00375	0.00490
6	0.17708	0.09587	0.07734	0.00999	0.01283	0.31629	0.00833	0.01604	0.02609	0.02909	0.00967	0.01339	0.00865	0.12479	0.05286	0.00228	0.00707	0.00394	0.00281	0.00560
7	0.00893	0.00794	0.01277	0.60904	0.02760	0.00961	0.01139	0.01151	0.00955	0.01232	0.01141	0.06332	0.01051	0.16328	0.00912	0.00233	0.00617	0.00561	0.00254	0.00504
8	0.01401	0.01131	0.03951	0.00920	0.01362	0.00996	0.00772	0.27002	0.01517	0.05940	0.01059	0.01138	0.00807	0.00469	0.00429	0.00108	0.00452	0.00365	0.00382	0.49800

[dist]
# distance from previous block
# <min> <max>
1	3

[block]
# block no. 7 follows, 49 sequences, length 12
# corresponding to MSA columns:
# 830-841
name=unknown_H
#
# <colnr> <probs for GDERKNQSTAVLIFYWHMCP>
#	G	D	E	R	K	N	Q	S	T	A	V	L	I	F	Y	W	H	M	C	P
0	0.07624	0.58512	0.05118	0.00902	0.01311	0.01769	0.00867	0.01730	0.15162	0.01455	0.00959	0.01019	0.00805	0.00484	0.00364	0.00125	0.00512	0.00330	0.00278	0.00673
1	0.02740	0.23201	0.21484	0.01110	0.01499	0.10058	0.01101	0.05153	0.09025	0.01511	0.01106	0.07176	0.00987	0.03195	0.00631	0.00163	0.08457	0.00461	0.00289	0.00653
2	0.00948	0.00657	0.00875	0.00879	0.02317	0.00716	0.00667	0.01076	0.00979	0.07593	0.03638	0.09596	0.02079	0.26315	0.01403	0.00297	0.13578	0.23564	0.02357	0.00464
3	0.07972	0.15863	0.23575	0.01136	0.04239	0.01230	0.02474	0.03553	0.01050	0.01602	0.00840	0.01017	0.00681	0.00485	0.00535	0.00133	0.08843	0.00343	0.00257	0.24174
4	0.01309	0.00796	0.05157	0.00730	0.00984	0.00692	0.00617	0.09773	0.01359	0.20510	0.13164	0.02244	0.07978	0.00715	0.00469	0.00143	0.00348	0.00586	0.31805	0.00619
5	0.00943	0.00866	0.01393	0.66797	0.03039	0.01060	0.01263	0.01336	0.06764	0.01353	0.01179	0.09660	0.01013	0.00630	0.00521	0.00173	0.00615	0.00560	0.00271	0.00564
6	0.04138	0.01204	0.12893	0.06127	0.28392	0.01001	0.10818	0.01345	0.01132	0.01629	0.10809	0.10977	0.04244	0.00696	0.00559	0.00165	0.02256	0.00643	0.00316	0.00653
7	0.01261	0.08558	0.22126	0.03591	0.19709	0.08905	0.16945	0.03178	0.04976	0.02926	0.01028	0.02686	0.00815	0.00498	0.00500	0.00154	0.00697	0.00459	0.00268	0.00719
8	0.00701	0.00529	0.00765	0.00777	0.00868	0.00593	0.00595	0.00868	0.00856	0.01201	0.01806	0.10425	0.07740	0.03363	0.65627	0.00699	0.01157	0.00676	0.00307	0.00445
9	0.00856	0.00720	0.01033	0.00972	0.03534	0.03363	0.10212	0.01038	0.01127	0.03762	0.13139	0.37313	0.09092	0.01131	0.00593	0.00176	0.00401	0.03765	0.00431	0.07341
10	0.02774	0.06234	0.05929	0.09799	0.21796	0.06612	0.09999	0.06405	0.05357	0.15438	0.01171	0.01317	0.00870	0.00528	0.00539	0.00156	0.03541	0.00458	0.00341	0.00737
11	0.02893	0.03408	0.01423	0.11454	0.14735	0.02495	0.05084	0.07018	0.25065	0.01726	0.01425	0.03611	0.01215	0.12747	0.00850	0.00213	0.03065	0.00550	0.00360	0.00665

[dist]
# distance from previous block
# <min> <max>
3	52

# created by:
# /home/cegg/simao/soft/augustus-3.2.1/scripts/msa2prfl.pl ./align_prep/EOG091G0OM4.fa
