[name]
unknown

[dist]
# distance from previous block
# <min> <max>
0	23

[block]
# block no. 0 follows, 55 sequences, length 22
# corresponding to MSA columns:
# 23-44
name=unknown_A
#
# <colnr> <probs for GDERKNQSTAVLIFYWHMCP>
#	G	D	E	R	K	N	Q	S	T	A	V	L	I	F	Y	W	H	M	C	P
0	0.00783	0.00533	0.00728	0.00811	0.00927	0.00520	0.00693	0.00979	0.01069	0.05061	0.02615	0.10677	0.08631	0.01257	0.00624	0.00205	0.00401	0.62614	0.00436	0.00439
1	0.00991	0.06470	0.68586	0.01340	0.01981	0.04107	0.07245	0.01485	0.01001	0.01443	0.00829	0.00985	0.00599	0.00438	0.00442	0.00145	0.00690	0.00352	0.00201	0.00673
2	0.01349	0.00885	0.01092	0.03337	0.02858	0.00937	0.02919	0.18011	0.19870	0.18864	0.04206	0.01755	0.03435	0.06291	0.09156	0.01826	0.00515	0.00513	0.01528	0.00654
3	0.00595	0.00425	0.00542	0.00608	0.00649	0.00398	0.00405	0.00685	0.00924	0.01239	0.13073	0.55656	0.07271	0.14226	0.00863	0.00222	0.00290	0.01138	0.00419	0.00372
4	0.00666	0.00489	0.00700	0.00699	0.00768	0.00553	0.00523	0.00805	0.00756	0.01078	0.04266	0.02106	0.01378	0.17654	0.64618	0.00672	0.01066	0.00543	0.00265	0.00393
5	0.15358	0.01204	0.06989	0.15509	0.04711	0.08831	0.00930	0.17888	0.09211	0.12035	0.01087	0.01171	0.00789	0.00525	0.00451	0.01402	0.00521	0.00391	0.00351	0.00648
6	0.00700	0.00472	0.00600	0.00637	0.00726	0.00440	0.00455	0.00846	0.02843	0.06492	0.13442	0.46058	0.15234	0.03034	0.03304	0.00199	0.00309	0.03341	0.00444	0.00425
7	0.00970	0.00843	0.01031	0.00736	0.01152	0.00641	0.03473	0.01183	0.00970	0.01515	0.00831	0.00975	0.00690	0.00346	0.00352	0.00072	0.00361	0.00286	0.00274	0.83299
8	0.00676	0.00455	0.00526	0.00526	0.00533	0.00461	0.00306	0.00689	0.00682	0.00916	0.01448	0.02948	0.01650	0.77309	0.08652	0.00474	0.00514	0.00662	0.00279	0.00292
9	0.01074	0.00858	0.04019	0.00985	0.04639	0.00891	0.02800	0.09764	0.14479	0.08625	0.05667	0.14575	0.01562	0.03888	0.08608	0.00230	0.10624	0.01994	0.04140	0.00577
10	0.00657	0.00465	0.00577	0.00573	0.00663	0.00428	0.00406	0.00803	0.01108	0.03087	0.41962	0.17798	0.15050	0.13355	0.00826	0.00201	0.00269	0.00916	0.00453	0.00405
11	0.00574	0.00413	0.00540	0.00632	0.00668	0.00384	0.00424	0.00660	0.00911	0.01212	0.06234	0.73507	0.06482	0.04171	0.00649	0.00194	0.00272	0.01264	0.00431	0.00378
12	0.00915	0.05690	0.53768	0.01194	0.01704	0.01039	0.04825	0.01340	0.01021	0.01494	0.14414	0.01412	0.01245	0.00555	0.00548	0.00150	0.07371	0.00439	0.00253	0.00624
13	0.00856	0.00583	0.00725	0.00615	0.00821	0.00511	0.03471	0.01062	0.01089	0.05117	0.22195	0.04215	0.10553	0.00690	0.00433	0.00120	0.00279	0.00590	0.26395	0.19681
14	0.00965	0.00827	0.00965	0.00689	0.01102	0.00620	0.00551	0.01171	0.00965	0.01516	0.00827	0.00965	0.00689	0.00345	0.00345	0.00069	0.00345	0.00276	0.00276	0.86494
15	0.01673	0.02107	0.01358	0.01212	0.01451	0.74574	0.03912	0.01805	0.01285	0.01164	0.00741	0.00879	0.00616	0.00487	0.00455	0.00124	0.03244	0.00315	0.02056	0.00540
16	0.00578	0.00430	0.00536	0.00606	0.00670	0.00392	0.00421	0.00680	0.00962	0.01256	0.09231	0.55444	0.20259	0.03293	0.00624	0.00185	0.00267	0.03346	0.00435	0.00385
17	0.01112	0.01065	0.01817	0.14351	0.69560	0.01095	0.01408	0.01393	0.01041	0.01472	0.00868	0.01164	0.00720	0.00422	0.00461	0.00141	0.00562	0.00414	0.00227	0.00705
18	0.00568	0.00421	0.00531	0.00611	0.00667	0.00384	0.00417	0.00663	0.00945	0.01235	0.06925	0.64138	0.18039	0.01378	0.00583	0.00181	0.00261	0.01233	0.00436	0.00384
19	0.01095	0.01048	0.01787	0.19182	0.64859	0.01091	0.01400	0.01379	0.01033	0.01452	0.00865	0.01170	0.00713	0.00425	0.00461	0.00142	0.00567	0.00414	0.00225	0.00692
20	0.00991	0.00929	0.01560	0.39542	0.39065	0.01025	0.01282	0.01263	0.00972	0.01322	0.00896	0.01330	0.00752	0.06468	0.00601	0.00169	0.00577	0.00433	0.00223	0.00602
21	0.00949	0.00827	0.01059	0.00771	0.01157	0.00645	0.06222	0.01155	0.00958	0.01474	0.00916	0.03368	0.00807	0.04599	0.00469	0.00098	0.00380	0.00345	0.00277	0.73526

[dist]
# distance from previous block
# <min> <max>
0	2

[block]
# block no. 1 follows, 55 sequences, length 22
# corresponding to MSA columns:
# 47-68
name=unknown_B
#
# <colnr> <probs for GDERKNQSTAVLIFYWHMCP>
#	G	D	E	R	K	N	Q	S	T	A	V	L	I	F	Y	W	H	M	C	P
0	0.00635	0.00444	0.00556	0.00592	0.00654	0.00413	0.00403	0.00739	0.00977	0.02857	0.20413	0.40237	0.11687	0.16133	0.00896	0.00222	0.00290	0.01041	0.00426	0.00384
1	0.00987	0.00950	0.01487	0.08894	0.16437	0.01089	0.08751	0.01196	0.00941	0.01378	0.10894	0.01393	0.01134	0.00630	0.00874	0.00160	0.31877	0.00464	0.00259	0.10206
2	0.01085	0.00850	0.01452	0.01414	0.14932	0.00806	0.19600	0.01360	0.03175	0.12822	0.03040	0.08947	0.05728	0.00774	0.00539	0.00165	0.00500	0.18905	0.00367	0.03541
3	0.00965	0.00827	0.00965	0.00689	0.01102	0.00620	0.00551	0.01171	0.00965	0.01516	0.00827	0.00965	0.00689	0.00345	0.00345	0.00069	0.00345	0.00276	0.00276	0.86494
4	0.06269	0.01282	0.01359	0.01046	0.01414	0.01422	0.00864	0.75085	0.02114	0.02887	0.01092	0.01098	0.00776	0.00552	0.00456	0.00140	0.00504	0.00410	0.00456	0.00776
5	0.01846	0.00826	0.01073	0.00813	0.01184	0.00711	0.00668	0.06077	0.01303	0.61044	0.01596	0.01435	0.01040	0.00529	0.00443	0.00129	0.00392	0.00427	0.00510	0.17957
6	0.00795	0.00594	0.00831	0.00979	0.06188	0.00602	0.00775	0.01062	0.05184	0.01411	0.02291	0.04710	0.02446	0.04384	0.00689	0.00215	0.00434	0.65539	0.00412	0.00459
7	0.00959	0.00716	0.00816	0.00750	0.00920	0.00767	0.00560	0.01616	0.35662	0.06361	0.25478	0.06757	0.02425	0.13191	0.00786	0.00199	0.00332	0.00682	0.00460	0.00563
8	0.00687	0.00509	0.00649	0.00637	0.00757	0.00484	0.00496	0.00947	0.04872	0.01737	0.57236	0.03777	0.10731	0.01012	0.00561	0.00159	0.00262	0.13549	0.00489	0.00447
9	0.00672	0.00470	0.00603	0.00603	0.00636	0.00503	0.00401	0.00738	0.00705	0.00973	0.01378	0.02560	0.01481	0.51721	0.34010	0.00569	0.00768	0.00606	0.00269	0.00335
10	0.03576	0.00972	0.01147	0.00894	0.01227	0.00981	0.00728	0.32564	0.03230	0.40207	0.01498	0.01482	0.01037	0.05906	0.00583	0.00162	0.00441	0.00458	0.02165	0.00745
11	0.00698	0.00462	0.00573	0.00602	0.00687	0.00426	0.00429	0.00801	0.00977	0.05448	0.11853	0.32798	0.18749	0.11053	0.00826	0.03547	0.00299	0.06191	0.03181	0.00397
12	0.00639	0.00475	0.00594	0.00564	0.00683	0.00430	0.00423	0.00839	0.01270	0.01754	0.66630	0.03659	0.18332	0.00993	0.00549	0.00148	0.00222	0.00867	0.00497	0.00430
13	0.00603	0.00440	0.00573	0.00650	0.00713	0.00410	0.00469	0.00725	0.00992	0.01316	0.13372	0.53351	0.11291	0.01335	0.00590	0.00183	0.00282	0.11869	0.00442	0.00395
14	0.00718	0.00488	0.00627	0.00639	0.00727	0.00466	0.00458	0.00916	0.04793	0.05158	0.34406	0.33096	0.03312	0.08495	0.00724	0.00192	0.00281	0.03610	0.00460	0.00432
15	0.01768	0.01303	0.01396	0.01070	0.01443	0.01443	0.00884	0.79197	0.02187	0.02932	0.01117	0.01117	0.00791	0.00558	0.00465	0.00140	0.00512	0.00419	0.00465	0.00791
16	0.00665	0.00498	0.00748	0.00748	0.00831	0.00582	0.00582	0.00831	0.00748	0.01080	0.01246	0.01828	0.01163	0.03489	0.81807	0.00748	0.01246	0.00498	0.00249	0.00415
17	0.00677	0.00451	0.00507	0.00507	0.00507	0.00451	0.00282	0.00677	0.00677	0.00902	0.01466	0.03044	0.01691	0.83650	0.02368	0.00451	0.00451	0.00677	0.00282	0.00282
18	0.00576	0.00411	0.00550	0.00658	0.00689	0.00386	0.00448	0.00664	0.00900	0.01198	0.02559	0.79408	0.03057	0.01449	0.00596	0.00190	0.00278	0.05170	0.00432	0.00380
19	0.00636	0.00477	0.00591	0.00569	0.00690	0.00432	0.00431	0.00831	0.01245	0.01700	0.59087	0.03789	0.22632	0.01019	0.00553	0.00152	0.00232	0.04018	0.00489	0.00427
20	0.01112	0.00931	0.00977	0.00885	0.01131	0.01067	0.00687	0.02290	0.70249	0.01906	0.01943	0.01818	0.03776	0.00639	0.00462	0.00153	0.00350	0.00531	0.08394	0.00698
21	0.80029	0.00891	0.00716	0.00629	0.00923	0.01014	0.00518	0.01441	0.00836	0.08518	0.00744	0.00823	0.00557	0.00444	0.00303	0.00144	0.00363	0.00269	0.00311	0.00527

[dist]
# distance from previous block
# <min> <max>
0	52

[block]
# block no. 2 follows, 55 sequences, length 17
# corresponding to MSA columns:
# 121-137
name=unknown_C
#
# <colnr> <probs for GDERKNQSTAVLIFYWHMCP>
#	G	D	E	R	K	N	Q	S	T	A	V	L	I	F	Y	W	H	M	C	P
0	0.86937	0.00900	0.00684	0.00612	0.00900	0.01044	0.00504	0.01368	0.00792	0.02087	0.00648	0.00756	0.00504	0.00432	0.00288	0.00144	0.00360	0.00252	0.00288	0.00504
1	0.00602	0.00508	0.00525	0.00515	0.00675	0.00450	0.00388	0.00812	0.06524	0.01361	0.11578	0.04195	0.68004	0.01119	0.00544	0.00156	0.00243	0.00937	0.00442	0.00421
2	0.00550	0.00471	0.00471	0.00471	0.00628	0.00393	0.00353	0.00668	0.01060	0.01257	0.04713	0.04477	0.80560	0.01178	0.00550	0.00157	0.00236	0.00982	0.00432	0.00393
3	0.00665	0.00498	0.00748	0.00748	0.00831	0.00582	0.00582	0.00831	0.00748	0.01080	0.01246	0.01828	0.01163	0.03489	0.81807	0.00748	0.01246	0.00498	0.00249	0.00415
4	0.01244	0.83930	0.02438	0.00796	0.01194	0.01841	0.00796	0.01393	0.00945	0.01095	0.00647	0.00746	0.00597	0.00398	0.00299	0.00100	0.00498	0.00249	0.00199	0.00597
5	0.00646	0.00475	0.00604	0.00572	0.00687	0.00434	0.00429	0.00853	0.01287	0.01794	0.71569	0.03593	0.13368	0.00978	0.00549	0.00148	0.00221	0.00858	0.00503	0.00434
6	0.00550	0.00471	0.00471	0.00471	0.00628	0.00393	0.00353	0.00668	0.01060	0.01257	0.04713	0.04477	0.80560	0.01178	0.00550	0.00157	0.00236	0.00982	0.00432	0.00393
7	0.00684	0.00525	0.00635	0.00603	0.00715	0.02872	0.00450	0.00892	0.01292	0.01798	0.72669	0.06794	0.06387	0.00965	0.00547	0.00148	0.00241	0.00849	0.00498	0.00438
8	0.00933	0.02406	0.81240	0.01326	0.02014	0.01080	0.01719	0.01473	0.00982	0.01473	0.00835	0.00982	0.00589	0.00442	0.00442	0.00147	0.00688	0.00344	0.00196	0.00688
9	0.00965	0.00827	0.00965	0.00689	0.01102	0.00620	0.00551	0.01171	0.00965	0.01516	0.00827	0.00965	0.00689	0.00345	0.00345	0.00069	0.00345	0.00276	0.00276	0.86494
10	0.00965	0.00827	0.00965	0.00689	0.01102	0.00620	0.00551	0.01171	0.00965	0.01516	0.00827	0.00965	0.00689	0.00345	0.00345	0.00069	0.00345	0.00276	0.00276	0.86494
11	0.01768	0.01303	0.01396	0.01070	0.01443	0.01443	0.00884	0.79197	0.02187	0.02932	0.01117	0.01117	0.00791	0.00558	0.00465	0.00140	0.00512	0.00419	0.00465	0.00791
12	0.00631	0.00472	0.00586	0.00563	0.00680	0.00426	0.00420	0.00823	0.01243	0.01705	0.60777	0.07025	0.20892	0.01022	0.00551	0.00150	0.00225	0.00892	0.00491	0.00426
13	0.86937	0.00900	0.00684	0.00612	0.00900	0.01044	0.00504	0.01368	0.00792	0.02087	0.00648	0.00756	0.00504	0.00432	0.00288	0.00144	0.00360	0.00252	0.00288	0.00504
14	0.01750	0.01255	0.01462	0.01111	0.01489	0.01358	0.06260	0.67155	0.02038	0.09619	0.01167	0.01167	0.00817	0.00548	0.00471	0.00141	0.00521	0.00432	0.00459	0.00780
15	0.01038	0.00863	0.00963	0.00920	0.01138	0.00975	0.00740	0.02030	0.56798	0.01784	0.02060	0.02765	0.01789	0.00823	0.00523	0.00174	0.00386	0.23124	0.00460	0.00646
16	0.01021	0.00862	0.00932	0.00846	0.01072	0.00967	0.00654	0.02044	0.59303	0.01895	0.18786	0.02240	0.05922	0.00726	0.00493	0.00155	0.00330	0.00615	0.00480	0.00656

[dist]
# distance from previous block
# <min> <max>
0	1

[block]
# block no. 3 follows, 55 sequences, length 13
# corresponding to MSA columns:
# 139-145,156-161
name=unknown_D
#
# <colnr> <probs for GDERKNQSTAVLIFYWHMCP>
#	G	D	E	R	K	N	Q	S	T	A	V	L	I	F	Y	W	H	M	C	P
0	0.00957	0.08799	0.75061	0.01284	0.01949	0.01140	0.01646	0.01467	0.00979	0.01444	0.00820	0.00964	0.00590	0.00439	0.00431	0.00144	0.00673	0.00336	0.00197	0.00680
1	0.01065	0.01093	0.01399	0.12742	0.07726	0.09814	0.01041	0.01210	0.00834	0.01155	0.00717	0.01128	0.00670	0.03492	0.03231	0.00205	0.51336	0.00408	0.00214	0.00521
2	0.86937	0.00900	0.00684	0.00612	0.00900	0.01044	0.00504	0.01368	0.00792	0.02087	0.00648	0.00756	0.00504	0.00432	0.00288	0.00144	0.00360	0.00252	0.00288	0.00504
3	0.01136	0.01215	0.01359	0.01182	0.01227	0.16460	0.00959	0.01236	0.00824	0.01112	0.00674	0.01085	0.00662	0.04877	0.01361	0.00200	0.63313	0.00400	0.00214	0.00503
4	0.01563	0.01218	0.01757	0.01311	0.01706	0.01266	0.24795	0.43099	0.06070	0.10613	0.01181	0.01242	0.00838	0.00513	0.00492	0.00146	0.00575	0.00470	0.00407	0.00738
5	0.00972	0.00923	0.01565	0.55105	0.29898	0.01058	0.01339	0.01271	0.00975	0.01303	0.00843	0.01210	0.00660	0.00448	0.00464	0.00149	0.00597	0.00414	0.00215	0.00593
6	0.00965	0.00827	0.00965	0.00689	0.01102	0.00620	0.00551	0.01171	0.00965	0.01516	0.00827	0.00965	0.00689	0.00345	0.00345	0.00069	0.00345	0.00276	0.00276	0.86494
7	0.00658	0.00476	0.00622	0.00585	0.00695	0.00439	0.00439	0.00878	0.01317	0.01866	0.80503	0.03475	0.04390	0.00951	0.00549	0.00146	0.00219	0.00841	0.00512	0.00439
8	0.02087	0.00792	0.01080	0.00828	0.01188	0.00684	0.00684	0.02267	0.01332	0.81071	0.01835	0.01583	0.01152	0.00576	0.00468	0.00144	0.00396	0.00468	0.00576	0.00792
9	0.00677	0.00451	0.00507	0.00507	0.00507	0.00451	0.00282	0.00677	0.00677	0.00902	0.01466	0.03044	0.01691	0.83650	0.02368	0.00451	0.00451	0.00677	0.00282	0.00282
10	0.00678	0.00484	0.00667	0.00774	0.00850	0.00473	0.00624	0.00839	0.01000	0.01312	0.02503	0.36048	0.02835	0.01353	0.00623	0.00204	0.00366	0.47529	0.00430	0.00408
11	0.01420	0.00861	0.01208	0.00885	0.01284	0.00707	0.09330	0.01637	0.01123	0.32723	0.01235	0.01240	0.00872	0.00441	0.00416	0.00108	0.00414	0.00381	0.00389	0.43328
12	0.00745	0.00625	0.00809	0.00794	0.00883	0.05677	0.00618	0.00906	0.00782	0.01085	0.01189	0.01735	0.01107	0.03200	0.73690	0.00688	0.04310	0.00483	0.00247	0.00427

[dist]
# distance from previous block
# <min> <max>
0	1

[block]
# block no. 4 follows, 55 sequences, length 30
# corresponding to MSA columns:
# 163-175,178-191,224-226
name=unknown_E
#
# <colnr> <probs for GDERKNQSTAVLIFYWHMCP>
#	G	D	E	R	K	N	Q	S	T	A	V	L	I	F	Y	W	H	M	C	P
0	0.00879	0.00827	0.01395	0.82532	0.03204	0.01034	0.01292	0.01189	0.00930	0.01189	0.00827	0.01240	0.00620	0.00465	0.00465	0.00155	0.00620	0.00413	0.00207	0.00517
1	0.00655	0.00475	0.00617	0.00582	0.00693	0.00438	0.00436	0.00871	0.01309	0.01847	0.78189	0.03506	0.06715	0.00958	0.00549	0.00147	0.00220	0.00846	0.00510	0.00438
2	0.01738	0.02217	0.01318	0.01199	0.01438	0.81783	0.00899	0.01858	0.01318	0.01139	0.00719	0.00839	0.00599	0.00479	0.00419	0.00120	0.00839	0.00300	0.00240	0.00539
3	0.86937	0.00900	0.00684	0.00612	0.00900	0.01044	0.00504	0.01368	0.00792	0.02087	0.00648	0.00756	0.00504	0.00432	0.00288	0.00144	0.00360	0.00252	0.00288	0.00504
4	0.01098	0.01255	0.02745	0.01961	0.02431	0.01176	0.79059	0.01490	0.01098	0.01490	0.00941	0.01255	0.00706	0.00392	0.00549	0.00157	0.00784	0.00549	0.00235	0.00627
5	0.00665	0.00498	0.00748	0.00748	0.00831	0.00582	0.00582	0.00831	0.00748	0.01080	0.01246	0.01828	0.01163	0.03489	0.81807	0.00748	0.01246	0.00498	0.00249	0.00415
6	0.00550	0.00471	0.00471	0.00471	0.00628	0.00393	0.00353	0.00668	0.01060	0.01257	0.04713	0.04477	0.80560	0.01178	0.00550	0.00157	0.00236	0.00982	0.00432	0.00393
7	0.00737	0.00530	0.00732	0.00828	0.00938	0.00525	0.00719	0.00948	0.01081	0.01408	0.06043	0.05136	0.06019	0.01266	0.00634	0.00209	0.00411	0.70976	0.00432	0.00427
8	0.00933	0.02406	0.81240	0.01326	0.02014	0.01080	0.01719	0.01473	0.00982	0.01473	0.00835	0.00982	0.00589	0.00442	0.00442	0.00147	0.00688	0.00344	0.00196	0.00688
9	0.86937	0.00900	0.00684	0.00612	0.00900	0.01044	0.00504	0.01368	0.00792	0.02087	0.00648	0.00756	0.00504	0.00432	0.00288	0.00144	0.00360	0.00252	0.00288	0.00504
10	0.00566	0.00408	0.00537	0.00640	0.00673	0.00379	0.00428	0.00649	0.00898	0.01191	0.02660	0.79824	0.06538	0.01445	0.00592	0.00188	0.00268	0.01307	0.00432	0.00379
11	0.02027	0.00778	0.01060	0.00818	0.01167	0.00673	0.00673	0.02209	0.01331	0.77750	0.05133	0.01663	0.01287	0.00592	0.00471	0.00144	0.00388	0.00483	0.00573	0.00777
12	0.01794	0.01262	0.01371	0.01051	0.01422	0.01381	0.00868	0.72975	0.02118	0.09252	0.01175	0.01155	0.00820	0.00560	0.00466	0.00140	0.00503	0.00423	0.00474	0.00791
13	0.01768	0.01303	0.01396	0.01070	0.01443	0.01443	0.00884	0.79197	0.02187	0.02932	0.01117	0.01117	0.00791	0.00558	0.00465	0.00140	0.00512	0.00419	0.00465	0.00791
14	0.00677	0.00451	0.00507	0.00507	0.00507	0.00451	0.00282	0.00677	0.00677	0.00902	0.01466	0.03044	0.01691	0.83650	0.02368	0.00451	0.00451	0.00677	0.00282	0.00282
15	0.00567	0.00405	0.00540	0.00648	0.00675	0.00378	0.00432	0.00648	0.00891	0.01188	0.02564	0.83347	0.03077	0.01457	0.00594	0.00189	0.00270	0.01323	0.00432	0.00378
16	0.00677	0.00451	0.00507	0.00507	0.00507	0.00451	0.00282	0.00677	0.00677	0.00902	0.01466	0.03044	0.01691	0.83650	0.02368	0.00451	0.00451	0.00677	0.00282	0.00282
17	0.01265	0.01042	0.01101	0.00957	0.01237	0.01193	0.00754	0.16874	0.63314	0.02126	0.01738	0.01619	0.01296	0.00615	0.00468	0.00153	0.00391	0.00504	0.02613	0.00739
18	0.00750	0.00517	0.00666	0.00716	0.00827	0.00492	0.00566	0.03355	0.01074	0.05231	0.07362	0.29536	0.15631	0.01245	0.00592	0.00187	0.00335	0.30039	0.00443	0.00436
19	0.86937	0.00900	0.00684	0.00612	0.00900	0.01044	0.00504	0.01368	0.00792	0.02087	0.00648	0.00756	0.00504	0.00432	0.00288	0.00144	0.00360	0.00252	0.00288	0.00504
20	0.82493	0.00894	0.00704	0.00623	0.00915	0.01025	0.00513	0.01415	0.00820	0.06224	0.00710	0.00799	0.00538	0.00439	0.00297	0.00144	0.00362	0.00263	0.00303	0.00519
21	0.00565	0.00412	0.00532	0.00629	0.00670	0.00379	0.00423	0.00650	0.00909	0.01195	0.02796	0.74847	0.11428	0.01427	0.00589	0.00186	0.00266	0.01286	0.00432	0.00379
22	0.84301	0.00912	0.00706	0.00626	0.00916	0.01056	0.00516	0.03776	0.00835	0.02113	0.00662	0.00767	0.00513	0.00436	0.00293	0.00144	0.00365	0.00257	0.00293	0.00513
23	0.00676	0.00454	0.00522	0.00522	0.00527	0.00459	0.00300	0.00686	0.00681	0.00913	0.01453	0.02972	0.01660	0.78910	0.07066	0.00469	0.00498	0.00666	0.00280	0.00290
24	0.00587	0.00473	0.00523	0.00511	0.00651	0.00409	0.00383	0.00740	0.01149	0.01467	0.30883	0.04131	0.54258	0.01100	0.00549	0.00153	0.00230	0.00933	0.00460	0.00409
25	0.00585	0.00472	0.00522	0.00517	0.00656	0.00408	0.00389	0.00732	0.01127	0.01427	0.25679	0.06718	0.55135	0.01126	0.00553	0.00156	0.00237	0.02700	0.00454	0.00406
26	0.00583	0.00417	0.00559	0.00667	0.00701	0.00392	0.00461	0.00676	0.00907	0.01206	0.02555	0.76253	0.03041	0.01442	0.00598	0.00191	0.00284	0.08253	0.00432	0.00382
27	0.01228	0.79661	0.06565	0.00824	0.01237	0.01801	0.00844	0.01397	0.00947	0.01114	0.00657	0.00759	0.00597	0.00400	0.00306	0.00102	0.00507	0.00254	0.00199	0.00602
28	0.02854	0.00962	0.01689	0.32622	0.14715	0.01079	0.18049	0.01261	0.00983	0.01366	0.06301	0.01414	0.00948	0.00536	0.00632	0.00160	0.11746	0.01872	0.00243	0.00567
29	0.01472	0.01071	0.01166	0.00957	0.01267	0.01178	0.00770	0.35738	0.32346	0.10113	0.04531	0.01624	0.04369	0.00627	0.00475	0.00148	0.00423	0.00503	0.00480	0.00741

[dist]
# distance from previous block
# <min> <max>
2	4

[block]
# block no. 5 follows, 55 sequences, length 33
# corresponding to MSA columns:
# 231-263
name=unknown_F
#
# <colnr> <probs for GDERKNQSTAVLIFYWHMCP>
#	G	D	E	R	K	N	Q	S	T	A	V	L	I	F	Y	W	H	M	C	P
0	0.17936	0.01337	0.01090	0.00950	0.01215	0.23820	0.00742	0.22103	0.13073	0.01935	0.03033	0.08548	0.01067	0.00613	0.00433	0.00142	0.00525	0.00461	0.00367	0.00611
1	0.00903	0.00746	0.00924	0.01040	0.11523	0.00777	0.00707	0.01465	0.28045	0.03159	0.02578	0.11685	0.20072	0.00925	0.00530	0.00167	0.00362	0.13401	0.00422	0.00568
2	0.01076	0.00865	0.01002	0.00735	0.01134	0.00708	0.00590	0.05987	0.06331	0.05185	0.00961	0.01053	0.00765	0.00387	0.00366	0.00082	0.00358	0.00310	0.00314	0.71791
3	0.01119	0.01096	0.01757	0.19892	0.60520	0.04727	0.01375	0.01396	0.01043	0.01432	0.00858	0.01156	0.00706	0.00428	0.00460	0.00141	0.00580	0.00409	0.00226	0.00681
4	0.00579	0.00412	0.00534	0.00626	0.00654	0.00387	0.00412	0.00652	0.00872	0.01157	0.02510	0.71482	0.05526	0.10875	0.00796	0.00218	0.00290	0.01237	0.00415	0.00367
5	0.01717	0.02130	0.01312	0.01183	0.01430	0.75134	0.00892	0.05337	0.04339	0.01249	0.00781	0.00885	0.00639	0.00489	0.00424	0.00122	0.00806	0.00314	0.00259	0.00558
6	0.00908	0.00857	0.01449	0.73855	0.11650	0.01041	0.01307	0.01215	0.00944	0.01225	0.00832	0.01231	0.00633	0.00460	0.00465	0.00153	0.00613	0.00414	0.00209	0.00541
7	0.00648	0.00485	0.00554	0.00564	0.00655	0.00458	0.00393	0.03550	0.00962	0.01238	0.06290	0.20063	0.31750	0.22299	0.05462	0.00270	0.00365	0.02093	0.01524	0.00380
8	0.00582	0.00416	0.00557	0.00665	0.00699	0.00391	0.00459	0.00674	0.00906	0.01205	0.02556	0.76768	0.03043	0.01443	0.00598	0.00191	0.00283	0.07749	0.00432	0.00382
9	0.00572	0.00411	0.00550	0.00649	0.00682	0.00389	0.00438	0.00658	0.00887	0.01183	0.02541	0.77094	0.04734	0.01562	0.05036	0.00219	0.00323	0.01270	0.00422	0.00380
10	0.00705	0.00558	0.00643	0.00669	0.00795	0.00550	0.00500	0.02698	0.13786	0.01406	0.04550	0.32471	0.28098	0.01185	0.00562	0.00174	0.00296	0.09455	0.00440	0.00456
11	0.03382	0.00818	0.00916	0.00765	0.00970	0.00854	0.00578	0.29368	0.01357	0.13813	0.01445	0.06798	0.01305	0.28612	0.01101	0.00246	0.00436	0.00564	0.06106	0.00564
12	0.00649	0.00474	0.00567	0.00568	0.00675	0.00437	0.00425	0.00807	0.01103	0.01487	0.33097	0.05942	0.25423	0.11624	0.00782	0.00195	0.00280	0.09926	0.05137	0.00402
13	0.78737	0.00906	0.00733	0.00641	0.00936	0.01034	0.00528	0.04044	0.00873	0.07080	0.00738	0.00820	0.00554	0.00445	0.00305	0.00144	0.00367	0.00271	0.00312	0.00532
14	0.03807	0.00465	0.00516	0.00520	0.00532	0.00468	0.00299	0.00700	0.00694	0.00962	0.01502	0.07778	0.01731	0.75694	0.02186	0.00424	0.00437	0.00700	0.00291	0.00296
15	0.00590	0.00458	0.00527	0.00539	0.00648	0.00406	0.00388	0.00720	0.01072	0.01384	0.24267	0.19954	0.39996	0.06121	0.00667	0.00178	0.00251	0.00994	0.00444	0.00395
16	0.03164	0.00711	0.00748	0.00644	0.00826	0.00753	0.00497	0.24074	0.01297	0.03820	0.01380	0.01700	0.01123	0.11565	0.00640	0.00165	0.00342	0.00458	0.45565	0.00529
17	0.00606	0.00473	0.00550	0.00531	0.00663	0.00417	0.00398	0.00777	0.01194	0.01574	0.44165	0.03956	0.40909	0.01060	0.00549	0.00151	0.00227	0.00909	0.00474	0.00417
18	0.00569	0.00421	0.00532	0.00613	0.00668	0.00384	0.00418	0.00665	0.00945	0.01239	0.07420	0.64812	0.16855	0.01379	0.00583	0.00181	0.00261	0.01235	0.00436	0.00384
19	0.00634	0.00465	0.00592	0.00603	0.00691	0.00434	0.00433	0.00823	0.03003	0.01587	0.46693	0.28385	0.09688	0.03067	0.00604	0.00168	0.00245	0.00991	0.00475	0.00420
20	0.01741	0.01287	0.01381	0.01057	0.01431	0.01415	0.00873	0.76524	0.02145	0.02883	0.01107	0.01112	0.00788	0.00551	0.00461	0.00137	0.00506	0.00414	0.00459	0.03728
21	0.00677	0.00451	0.00507	0.00507	0.00507	0.00451	0.00282	0.00677	0.00677	0.00902	0.01466	0.03044	0.01691	0.83650	0.02368	0.00451	0.00451	0.00677	0.00282	0.00282
22	0.03818	0.00483	0.00528	0.00522	0.00551	0.00487	0.00309	0.00752	0.02762	0.01013	0.03365	0.03018	0.06166	0.71996	0.02100	0.00409	0.00428	0.00678	0.00301	0.00311
23	0.01122	0.00808	0.00952	0.00905	0.01121	0.00874	0.00744	0.06041	0.35851	0.09870	0.02075	0.03101	0.01865	0.00885	0.00541	0.00178	0.00403	0.31579	0.00465	0.00621
24	0.01243	0.00687	0.00765	0.00669	0.00880	0.00708	0.00526	0.06551	0.18411	0.18471	0.01641	0.01664	0.01208	0.00570	0.00396	0.00129	0.00306	0.00460	0.44119	0.00597
25	0.00845	0.00623	0.01015	0.43015	0.01951	0.00730	0.00864	0.00908	0.00774	0.01005	0.00818	0.01324	0.00711	0.01020	0.01118	0.41787	0.00516	0.00409	0.00204	0.00365
26	0.00700	0.00487	0.00601	0.00584	0.00713	0.00437	0.00441	0.00874	0.01190	0.05934	0.43085	0.11814	0.25859	0.01062	0.00553	0.00157	0.00248	0.04341	0.00481	0.00438
27	0.00677	0.00451	0.00507	0.00507	0.00507	0.00451	0.00282	0.00677	0.00677	0.00902	0.01466	0.03044	0.01691	0.83650	0.02368	0.00451	0.00451	0.00677	0.00282	0.00282
28	0.00750	0.00535	0.00750	0.00857	0.00964	0.00535	0.00750	0.00964	0.01071	0.01392	0.02463	0.05248	0.02677	0.01285	0.00643	0.00214	0.00428	0.77617	0.00428	0.00428
29	0.04770	0.00863	0.01348	0.65631	0.06651	0.01052	0.01200	0.01355	0.09988	0.01332	0.00944	0.01271	0.00712	0.00480	0.00458	0.00154	0.00576	0.00419	0.00242	0.00552
30	0.00726	0.00528	0.00717	0.00811	0.00924	0.00519	0.00703	0.00929	0.01070	0.01376	0.02728	0.05157	0.11860	0.01273	0.00632	0.00207	0.00406	0.68581	0.00429	0.00424
31	0.01151	0.01105	0.01888	0.02855	0.80748	0.01105	0.01428	0.01428	0.01059	0.01520	0.00875	0.01151	0.00737	0.00415	0.00461	0.00138	0.00553	0.00415	0.00230	0.00737
32	0.00567	0.00405	0.00540	0.00648	0.00675	0.00378	0.00432	0.00648	0.00891	0.01188	0.02564	0.83347	0.03077	0.01457	0.00594	0.00189	0.00270	0.01323	0.00432	0.00378

[dist]
# distance from previous block
# <min> <max>
0	28

# created by:
# /home/cegg/simao/soft/augustus-3.2.1/scripts/msa2prfl.pl ./align_prep/EOG091G0RRT.fa
