[name]
unknown

[dist]
# distance from previous block
# <min> <max>
0	63

[block]
# block no. 0 follows, 50 sequences, length 33
# corresponding to MSA columns:
# 66-98
name=unknown_A
#
# <colnr> <probs for GDERKNQSTAVLIFYWHMCP>
#	G	D	E	R	K	N	Q	S	T	A	V	L	I	F	Y	W	H	M	C	P
0	0.01165	0.03583	0.03435	0.01108	0.07030	0.06805	0.06336	0.07371	0.01237	0.08161	0.08091	0.19410	0.01783	0.00800	0.00516	0.00149	0.00470	0.04430	0.00390	0.17729
1	0.03476	0.07695	0.04195	0.21648	0.01829	0.00960	0.04154	0.04587	0.01090	0.03224	0.03626	0.05994	0.01013	0.00613	0.02593	0.00145	0.00519	0.00449	0.00298	0.31892
2	0.05320	0.01984	0.01355	0.01263	0.05080	0.57756	0.00923	0.07688	0.01405	0.01474	0.03063	0.01057	0.00802	0.00628	0.03108	0.00152	0.00801	0.00357	0.00288	0.05497
3	0.02666	0.00869	0.00961	0.00760	0.01102	0.03332	0.00591	0.04192	0.04408	0.05598	0.01555	0.10435	0.07408	0.03127	0.00502	0.00123	0.00383	0.00521	0.00360	0.51108
4	0.00968	0.00679	0.03005	0.04465	0.00988	0.02482	0.00580	0.01111	0.01066	0.13319	0.06922	0.18747	0.15723	0.17577	0.02496	0.00247	0.00418	0.05470	0.00426	0.03311
5	0.05680	0.06488	0.16466	0.06409	0.01426	0.07377	0.00931	0.02833	0.05892	0.08203	0.10123	0.09778	0.03278	0.04612	0.02844	0.00189	0.01835	0.01606	0.00359	0.03668
6	0.03582	0.00821	0.02598	0.20316	0.09052	0.00860	0.00872	0.07631	0.03917	0.05451	0.01842	0.11381	0.10706	0.09195	0.09354	0.00266	0.00580	0.00668	0.00350	0.00558
7	0.00867	0.00536	0.00635	0.00620	0.00710	0.00506	0.00416	0.00970	0.02617	0.10149	0.06298	0.15830	0.15059	0.39744	0.01510	0.00322	0.00393	0.01987	0.00409	0.00422
8	0.05525	0.00917	0.05013	0.00919	0.01165	0.00880	0.03480	0.14348	0.11008	0.06327	0.07536	0.05405	0.09186	0.08446	0.02138	0.00216	0.00465	0.15988	0.00442	0.00596
9	0.02766	0.05179	0.02778	0.07388	0.28002	0.23673	0.05565	0.02744	0.02486	0.05568	0.01029	0.02803	0.00866	0.01813	0.02979	0.01263	0.00694	0.01460	0.00283	0.00662
10	0.08880	0.00947	0.01058	0.03275	0.04377	0.05971	0.00723	0.13507	0.02623	0.25731	0.06843	0.11997	0.05359	0.03480	0.00571	0.00169	0.00443	0.00634	0.02750	0.00662
11	0.00719	0.00511	0.00608	0.00606	0.00667	0.00499	0.00402	0.00855	0.03556	0.01354	0.22848	0.09801	0.08682	0.41444	0.02895	0.00336	0.00394	0.03031	0.00404	0.00388
12	0.06655	0.06832	0.01107	0.00964	0.04693	0.02210	0.01649	0.07369	0.01041	0.06900	0.01349	0.04714	0.01233	0.04423	0.38380	0.00471	0.03532	0.04146	0.01786	0.00546
13	0.01096	0.02394	0.03591	0.06365	0.02649	0.18245	0.00794	0.04034	0.02277	0.03974	0.01400	0.13959	0.01355	0.03835	0.31282	0.00412	0.00894	0.00607	0.00314	0.00524
14	0.03374	0.00735	0.00853	0.00778	0.00987	0.00739	0.00602	0.07243	0.16067	0.12901	0.17976	0.14855	0.15966	0.00988	0.00557	0.00170	0.00340	0.03765	0.00509	0.00596
15	0.00699	0.00518	0.00630	0.00623	0.00734	0.00485	0.00451	0.00907	0.04797	0.01633	0.39252	0.15293	0.20593	0.06369	0.00778	0.04070	0.00279	0.00963	0.00484	0.00442
16	0.01252	0.64991	0.17744	0.00959	0.01439	0.01775	0.01038	0.01496	0.01030	0.01273	0.02675	0.00922	0.00739	0.00450	0.00357	0.00118	0.00566	0.00302	0.00221	0.00655
17	0.17335	0.03243	0.01170	0.11268	0.10533	0.00945	0.02210	0.04079	0.07307	0.13890	0.10082	0.11451	0.01595	0.00726	0.00510	0.01590	0.00442	0.00597	0.00401	0.00625
18	0.01034	0.00886	0.01034	0.00738	0.01181	0.00664	0.00591	0.01255	0.01034	0.01624	0.00886	0.01034	0.00738	0.00369	0.00369	0.00074	0.00369	0.00295	0.00295	0.85530
19	0.00787	0.00549	0.00690	0.00641	0.00785	0.00510	0.00485	0.01057	0.04651	0.05640	0.63157	0.03678	0.13442	0.01015	0.00580	0.00159	0.00253	0.00886	0.00540	0.00496
20	0.01085	0.00959	0.03191	0.00903	0.01159	0.01017	0.00720	0.04537	0.51243	0.02008	0.16352	0.02480	0.10630	0.00795	0.00530	0.00166	0.00364	0.00670	0.00501	0.00691
21	0.00870	0.00566	0.00808	0.00823	0.03945	0.00582	0.02583	0.00949	0.06104	0.02978	0.03753	0.09867	0.01484	0.15346	0.13028	0.34442	0.00566	0.00623	0.00304	0.00379
22	0.00731	0.00490	0.00586	0.00585	0.00622	0.00478	0.00367	0.00789	0.00898	0.02334	0.16358	0.10355	0.04817	0.52842	0.03777	0.01999	0.00431	0.00817	0.00370	0.00356
23	0.00969	0.00915	0.01538	0.72889	0.09448	0.01125	0.01388	0.01292	0.01001	0.01300	0.00884	0.01315	0.00674	0.00504	0.00528	0.00166	0.02825	0.00443	0.00223	0.00572
24	0.05807	0.13206	0.62842	0.01349	0.04215	0.01265	0.01627	0.01559	0.01038	0.01562	0.00858	0.01010	0.00632	0.00466	0.00444	0.00150	0.00686	0.00351	0.00217	0.00714
25	0.01174	0.01023	0.01258	0.04833	0.24705	0.09789	0.00909	0.07079	0.05699	0.02791	0.01384	0.04812	0.05291	0.10334	0.00978	0.14402	0.00536	0.00540	0.01895	0.00569
26	0.00636	0.00511	0.00567	0.00567	0.00715	0.00446	0.00431	0.00794	0.01195	0.01507	0.22726	0.04566	0.53679	0.02981	0.00639	0.00177	0.00269	0.06682	0.00480	0.00433
27	0.00893	0.12199	0.22325	0.00882	0.01216	0.00883	0.00900	0.03229	0.01256	0.01748	0.39095	0.05436	0.06373	0.00812	0.00520	0.00152	0.00422	0.00685	0.00404	0.00571
28	0.06369	0.04504	0.25943	0.17594	0.01933	0.07977	0.01211	0.07496	0.01205	0.03040	0.11683	0.03945	0.01302	0.00613	0.00520	0.00157	0.03088	0.00486	0.00307	0.00628
29	0.01013	0.00947	0.01478	0.01084	0.01487	0.00791	0.21612	0.01261	0.01061	0.01549	0.01314	0.03979	0.06809	0.03186	0.00555	0.01758	0.00492	0.00484	0.00300	0.48841
30	0.01410	0.01656	0.01519	0.13315	0.01813	0.39663	0.08262	0.01591	0.01175	0.01267	0.01036	0.04971	0.03632	0.00646	0.00706	0.00159	0.15892	0.00464	0.00261	0.00563
31	0.05979	0.01159	0.01876	0.21041	0.04487	0.02875	0.25814	0.13514	0.03711	0.12862	0.01151	0.01342	0.00826	0.00508	0.00517	0.00161	0.00649	0.00491	0.00345	0.00693
32	0.07066	0.03817	0.01894	0.11498	0.35387	0.02573	0.13517	0.06157	0.02420	0.05340	0.00994	0.01233	0.00778	0.00466	0.00485	0.00149	0.00605	0.00445	0.00287	0.04887

[dist]
# distance from previous block
# <min> <max>
0	3

[block]
# block no. 1 follows, 50 sequences, length 38
# corresponding to MSA columns:
# 102-139
name=unknown_B
#
# <colnr> <probs for GDERKNQSTAVLIFYWHMCP>
#	G	D	E	R	K	N	Q	S	T	A	V	L	I	F	Y	W	H	M	C	P
0	0.01196	0.07439	0.05340	0.09359	0.34842	0.01223	0.05507	0.05287	0.07595	0.01650	0.02684	0.01285	0.00893	0.00507	0.00548	0.00148	0.05562	0.00441	0.00284	0.08212
1	0.00861	0.00688	0.00941	0.00868	0.01006	0.02649	0.04322	0.02316	0.05960	0.02787	0.01512	0.02137	0.04048	0.11652	0.49958	0.00590	0.02679	0.01731	0.00306	0.02990
2	0.00965	0.00767	0.00980	0.00903	0.04534	0.03239	0.00672	0.01164	0.00994	0.05415	0.07991	0.01708	0.01326	0.01913	0.34912	0.00408	0.03502	0.00474	0.00316	0.27816
3	0.00782	0.00488	0.00732	0.00732	0.00780	0.00536	0.00536	0.00780	0.00732	0.01024	0.01121	0.01756	0.01072	0.02821	0.44587	0.39528	0.00923	0.00488	0.00244	0.00341
4	0.00712	0.00534	0.00801	0.00801	0.00890	0.00623	0.00623	0.00890	0.00801	0.01157	0.01335	0.01958	0.01246	0.03738	0.80507	0.00801	0.01335	0.00534	0.00267	0.00445
5	0.01091	0.01091	0.01527	0.01309	0.01309	0.01527	0.01091	0.01200	0.00763	0.01200	0.00654	0.01091	0.00654	0.00872	0.01636	0.00218	0.81570	0.00436	0.00218	0.00545
6	0.01067	0.01246	0.07924	0.34507	0.02912	0.01190	0.40854	0.01463	0.01094	0.01463	0.00950	0.01317	0.00710	0.00456	0.00543	0.00167	0.00761	0.00513	0.00237	0.00628
7	0.01172	0.01216	0.03508	0.13353	0.42902	0.02612	0.21545	0.01503	0.01129	0.01563	0.02521	0.01314	0.00835	0.00467	0.00542	0.00157	0.02214	0.00488	0.00250	0.00711
8	0.00730	0.00518	0.00673	0.04282	0.00797	0.00554	0.00466	0.00807	0.00778	0.01061	0.01531	0.05104	0.01661	0.50441	0.25915	0.00550	0.00743	0.02729	0.00297	0.00364
9	0.00976	0.00914	0.01489	0.60823	0.04685	0.01034	0.04836	0.01291	0.01015	0.01362	0.00893	0.01273	0.00685	0.00469	0.00478	0.00149	0.00616	0.00422	0.00237	0.16351
10	0.00941	0.00886	0.01495	0.81285	0.03433	0.01107	0.01384	0.01274	0.00997	0.01274	0.00886	0.01329	0.00664	0.00498	0.00498	0.00166	0.00664	0.00443	0.00221	0.00554
11	0.00705	0.00510	0.00666	0.00627	0.00745	0.00470	0.00470	0.00941	0.01411	0.01999	0.79110	0.03723	0.04703	0.01019	0.00588	0.00157	0.00235	0.00901	0.00549	0.00470
12	0.01040	0.00896	0.01066	0.00815	0.03758	0.00682	0.00622	0.01264	0.01037	0.01624	0.00888	0.01040	0.00740	0.00372	0.00373	0.00076	0.00376	0.00300	0.00294	0.82737
13	0.01282	0.28968	0.05413	0.00981	0.01335	0.01487	0.00865	0.06105	0.42547	0.01784	0.01459	0.01428	0.01137	0.00650	0.02346	0.00161	0.00489	0.00446	0.00387	0.00731
14	0.00610	0.00495	0.00534	0.00551	0.00687	0.00428	0.00402	0.00733	0.01107	0.01360	0.08975	0.16118	0.58109	0.05117	0.00690	0.00189	0.00272	0.02746	0.00460	0.00417
15	0.01328	0.52893	0.05064	0.00935	0.01333	0.01718	0.00878	0.06257	0.22053	0.01550	0.01091	0.01119	0.00890	0.00506	0.00387	0.00128	0.00504	0.00361	0.00309	0.00696
16	0.01056	0.02189	0.55954	0.01608	0.02268	0.01189	0.23679	0.01607	0.02786	0.01595	0.00952	0.01154	0.00687	0.00463	0.00507	0.00161	0.00759	0.00436	0.00229	0.00719
17	0.00929	0.00465	0.00465	0.00465	0.00581	0.00465	0.00348	0.01161	0.01045	0.01858	0.01626	0.01858	0.01278	0.00581	0.00348	0.00116	0.00232	0.00465	0.85250	0.00465
18	0.03186	0.04314	0.04779	0.01096	0.06206	0.03493	0.06466	0.01212	0.03311	0.04299	0.02692	0.06094	0.01248	0.04088	0.39245	0.00475	0.03693	0.00548	0.00297	0.03259
19	0.01044	0.02598	0.22762	0.01088	0.01470	0.01042	0.05354	0.03186	0.30895	0.01800	0.10092	0.02178	0.07568	0.03516	0.00590	0.00176	0.00496	0.03071	0.00399	0.00677
20	0.16893	0.45250	0.05709	0.01018	0.05338	0.12718	0.00887	0.01569	0.01051	0.02898	0.00763	0.00890	0.00652	0.00518	0.01951	0.00138	0.00584	0.00299	0.00247	0.00625
21	0.01322	0.80216	0.05085	0.00871	0.01307	0.01946	0.00885	0.01495	0.01014	0.01186	0.00699	0.00808	0.00639	0.00428	0.00325	0.00108	0.00540	0.00270	0.00213	0.00643
22	0.00921	0.00692	0.00838	0.02707	0.00990	0.03182	0.00592	0.02705	0.04579	0.06508	0.15155	0.06539	0.10390	0.05992	0.25015	0.00363	0.00662	0.00667	0.00389	0.11113
23	0.00787	0.00530	0.00678	0.00681	0.00799	0.00491	0.00507	0.02591	0.01241	0.06372	0.35392	0.28052	0.12261	0.01206	0.00603	0.00177	0.00288	0.06361	0.00509	0.00475
24	0.00929	0.00465	0.00465	0.00465	0.00581	0.00465	0.00348	0.01161	0.01045	0.01858	0.01626	0.01858	0.01278	0.00581	0.00348	0.00116	0.00232	0.00465	0.85250	0.00465
25	0.00833	0.03474	0.03200	0.11390	0.01420	0.00811	0.07877	0.01085	0.03205	0.01327	0.02101	0.03983	0.16107	0.04324	0.22923	0.00363	0.04530	0.10220	0.00327	0.00501
26	0.00754	0.00546	0.00735	0.00719	0.00782	0.00587	0.02027	0.00892	0.03550	0.01120	0.01507	0.02688	0.01566	0.39066	0.35062	0.02817	0.00842	0.04049	0.00299	0.00392
27	0.01000	0.02578	0.79900	0.01421	0.02157	0.01158	0.01842	0.01579	0.01052	0.01579	0.00895	0.01052	0.00631	0.00474	0.00474	0.00158	0.00737	0.00368	0.00210	0.00737
28	0.05400	0.00853	0.01141	0.00878	0.01261	0.00747	0.00725	0.02393	0.01405	0.76792	0.01918	0.01663	0.01208	0.00611	0.00494	0.00154	0.00423	0.00493	0.00605	0.00837
29	0.01379	0.17280	0.30154	0.01340	0.01828	0.28836	0.09381	0.01707	0.01183	0.01381	0.00826	0.00983	0.00650	0.00473	0.00449	0.00139	0.00766	0.00356	0.00231	0.00657
30	0.01030	0.00974	0.10021	0.01129	0.01401	0.02081	0.15071	0.01309	0.01123	0.08560	0.03075	0.06966	0.01854	0.04755	0.04924	0.00234	0.00586	0.28411	0.05940	0.00557
31	0.01176	0.01345	0.02941	0.02101	0.02605	0.01261	0.77563	0.01597	0.01176	0.01597	0.01008	0.01345	0.00756	0.00420	0.00588	0.00168	0.00840	0.00588	0.00252	0.00672
32	0.00768	0.00473	0.00626	0.00630	0.00646	0.00487	0.00408	0.00726	0.00719	0.00974	0.01322	0.05049	0.01433	0.37983	0.15656	0.30310	0.00605	0.00613	0.00271	0.00300
33	0.01135	0.06614	0.01657	0.26554	0.32834	0.03041	0.01251	0.01401	0.01087	0.04971	0.02984	0.07159	0.01092	0.00605	0.00535	0.00159	0.02963	0.03023	0.00282	0.00651
34	0.00925	0.00869	0.01450	0.77637	0.03308	0.01076	0.01339	0.01248	0.01003	0.01277	0.01074	0.01486	0.04210	0.00533	0.00502	0.00166	0.00646	0.00470	0.00232	0.00548
35	0.01333	0.82783	0.02612	0.00853	0.01279	0.01972	0.00853	0.01493	0.01013	0.01173	0.00693	0.00800	0.00640	0.00426	0.00320	0.00107	0.00533	0.00267	0.00213	0.00640
36	0.01001	0.00923	0.01527	0.34017	0.25463	0.01049	0.03226	0.01270	0.00992	0.01368	0.01027	0.03095	0.00892	0.04796	0.09834	0.00252	0.06048	0.00491	0.02131	0.00597
37	0.01049	0.03262	0.01436	0.06976	0.24633	0.03868	0.06784	0.03649	0.01148	0.02939	0.03926	0.13767	0.01757	0.02567	0.02549	0.00198	0.00553	0.17991	0.00349	0.00598

[dist]
# distance from previous block
# <min> <max>
0	26

[block]
# block no. 2 follows, 50 sequences, length 23
# corresponding to MSA columns:
# 166-188
name=unknown_C
#
# <colnr> <probs for GDERKNQSTAVLIFYWHMCP>
#	G	D	E	R	K	N	Q	S	T	A	V	L	I	F	Y	W	H	M	C	P
0	0.00700	0.00509	0.00658	0.00621	0.00741	0.00468	0.00466	0.00929	0.01397	0.01967	0.75440	0.03777	0.08393	0.01031	0.00588	0.00157	0.00236	0.00909	0.00544	0.00468
1	0.01313	0.77975	0.07245	0.00887	0.01332	0.01923	0.00912	0.01498	0.01015	0.01197	0.00705	0.00815	0.00639	0.00429	0.00329	0.00110	0.00545	0.00273	0.00213	0.00645
2	0.07196	0.12397	0.06195	0.03655	0.01716	0.13537	0.18916	0.10841	0.09143	0.01734	0.01293	0.01569	0.04421	0.00581	0.00489	0.00153	0.00638	0.04547	0.00325	0.00654
3	0.01058	0.06053	0.59731	0.04454	0.06002	0.02669	0.08525	0.01563	0.01065	0.01539	0.00890	0.01084	0.00653	0.00474	0.00500	0.00157	0.02261	0.00390	0.00218	0.00716
4	0.00589	0.00505	0.00505	0.00505	0.00673	0.00421	0.00379	0.00715	0.01136	0.01347	0.05049	0.04797	0.79171	0.01262	0.00589	0.00168	0.00252	0.01052	0.00463	0.00421
5	0.00666	0.00490	0.00627	0.00666	0.00750	0.00459	0.00475	0.00854	0.03403	0.01587	0.32381	0.41718	0.10022	0.01298	0.00611	0.00182	0.00272	0.02598	0.00497	0.00444
6	0.01478	0.01397	0.03982	0.10572	0.22772	0.14054	0.07394	0.19034	0.01435	0.06400	0.01049	0.01292	0.00823	0.03861	0.00601	0.00165	0.02204	0.00449	0.00326	0.00710
7	0.00628	0.00535	0.00578	0.00567	0.00716	0.00485	0.00429	0.00763	0.01137	0.01400	0.11999	0.07054	0.65107	0.01227	0.00647	0.00171	0.04651	0.01016	0.00458	0.00432
8	0.00635	0.00461	0.00603	0.00691	0.00750	0.00429	0.00488	0.00755	0.01039	0.01381	0.11575	0.59563	0.09890	0.01457	0.00632	0.00197	0.00296	0.08266	0.00472	0.00419
9	0.01087	0.01108	0.01921	0.51236	0.03033	0.04732	0.23982	0.04199	0.01118	0.01435	0.00929	0.01309	0.00697	0.00479	0.00523	0.00164	0.00723	0.00481	0.00242	0.00601
10	0.02152	0.09172	0.18694	0.15095	0.09381	0.02491	0.18944	0.04615	0.03111	0.02996	0.01112	0.04249	0.00927	0.00554	0.00508	0.00160	0.00663	0.04236	0.00275	0.00664
11	0.00929	0.00866	0.01450	0.76921	0.03288	0.01073	0.01335	0.01256	0.01019	0.01313	0.05117	0.01458	0.00883	0.00527	0.00503	0.00166	0.00641	0.00468	0.00239	0.00549
12	0.00862	0.00614	0.00830	0.09215	0.01102	0.00663	0.00638	0.03708	0.00967	0.05155	0.01875	0.24803	0.02037	0.23143	0.08539	0.00329	0.05397	0.09305	0.00370	0.00449
13	0.05003	0.07430	0.33551	0.06785	0.19113	0.01180	0.01403	0.03691	0.06032	0.07052	0.01160	0.01294	0.03129	0.00515	0.00470	0.00153	0.00607	0.00423	0.00286	0.00725
14	0.01489	0.33812	0.11895	0.01014	0.01415	0.04914	0.04066	0.01714	0.01137	0.21828	0.03423	0.01286	0.00963	0.03484	0.00571	0.00151	0.05419	0.00402	0.00336	0.00682
15	0.00929	0.00465	0.00465	0.00465	0.00581	0.00465	0.00348	0.01161	0.01045	0.01858	0.01626	0.01858	0.01278	0.00581	0.00348	0.00116	0.00232	0.00465	0.85250	0.00465
16	0.02723	0.00996	0.03745	0.02722	0.03714	0.06377	0.18514	0.01395	0.07958	0.04787	0.15231	0.08818	0.06825	0.00974	0.05119	0.02682	0.01834	0.02474	0.02540	0.00572
17	0.00947	0.00885	0.01350	0.04008	0.01403	0.06423	0.20727	0.01143	0.01066	0.03358	0.05692	0.20476	0.09546	0.08459	0.04680	0.01922	0.03320	0.03737	0.00355	0.00504
18	0.00869	0.00864	0.09312	0.22196	0.03258	0.00808	0.00971	0.01124	0.00931	0.03859	0.01349	0.01942	0.03362	0.02116	0.37947	0.02766	0.00947	0.04585	0.00275	0.00518
19	0.01089	0.07164	0.58318	0.01335	0.01921	0.08262	0.01586	0.01547	0.01047	0.01472	0.00875	0.01072	0.00665	0.00668	0.04538	0.00189	0.06976	0.00371	0.00218	0.00687
20	0.47072	0.01048	0.03437	0.05231	0.01332	0.03139	0.06697	0.06777	0.01052	0.08153	0.00944	0.01154	0.00733	0.00667	0.03178	0.04008	0.00510	0.01791	0.00330	0.02748
21	0.04175	0.08560	0.14449	0.01021	0.03490	0.04835	0.02239	0.02450	0.01054	0.02761	0.02386	0.01122	0.00804	0.00611	0.04085	0.00147	0.06197	0.00352	0.00276	0.38987
22	0.01568	0.28820	0.06393	0.01212	0.01615	0.22144	0.10627	0.16526	0.01411	0.03974	0.00900	0.01012	0.00713	0.00490	0.00436	0.00133	0.00678	0.00369	0.00297	0.00680

[dist]
# distance from previous block
# <min> <max>
1	5

[block]
# block no. 3 follows, 50 sequences, length 21
# corresponding to MSA columns:
# 194-214
name=unknown_D
#
# <colnr> <probs for GDERKNQSTAVLIFYWHMCP>
#	G	D	E	R	K	N	Q	S	T	A	V	L	I	F	Y	W	H	M	C	P
0	0.01208	0.06868	0.12610	0.06972	0.10635	0.01252	0.29109	0.06292	0.06524	0.03719	0.03584	0.01350	0.00923	0.00508	0.00568	0.00159	0.04349	0.00496	0.00293	0.02581
1	0.01470	0.01532	0.02883	0.07507	0.26755	0.29555	0.01127	0.03856	0.03042	0.06727	0.02398	0.03767	0.00952	0.03531	0.00588	0.00159	0.02740	0.00453	0.00299	0.00660
2	0.00929	0.00465	0.00465	0.00465	0.00581	0.00465	0.00348	0.01161	0.01045	0.01858	0.01626	0.01858	0.01278	0.00581	0.00348	0.00116	0.00232	0.00465	0.85250	0.00465
3	0.01558	0.11226	0.05397	0.04296	0.23277	0.07411	0.03055	0.03700	0.04066	0.24659	0.02817	0.01500	0.02118	0.00556	0.00481	0.00148	0.00553	0.02064	0.00379	0.00741
4	0.03407	0.10406	0.06549	0.03529	0.27075	0.04386	0.03089	0.05561	0.01136	0.05547	0.00918	0.01127	0.00748	0.00505	0.00590	0.00142	0.10491	0.00393	0.00279	0.14123
5	0.00770	0.02920	0.23689	0.00933	0.01234	0.00712	0.04405	0.01037	0.01057	0.01434	0.07676	0.29223	0.17807	0.01151	0.03469	0.00198	0.00476	0.00909	0.00373	0.00527
6	0.00812	0.00657	0.00997	0.02523	0.12602	0.00664	0.03927	0.00996	0.02667	0.01396	0.09476	0.22254	0.09040	0.01584	0.14068	0.07126	0.01909	0.06442	0.00370	0.00490
7	0.01286	0.24774	0.22713	0.03992	0.11301	0.05812	0.14695	0.01624	0.01117	0.06870	0.00930	0.01099	0.00718	0.00460	0.00454	0.00142	0.00665	0.00396	0.00254	0.00697
8	0.01182	0.11416	0.07046	0.01441	0.04893	0.03103	0.29201	0.01573	0.07474	0.07183	0.03476	0.03190	0.06300	0.00846	0.07251	0.00212	0.02687	0.00560	0.00318	0.00648
9	0.00705	0.00506	0.00689	0.00701	0.00753	0.00551	0.00496	0.00812	0.00792	0.01105	0.01570	0.11157	0.01663	0.30413	0.45142	0.00627	0.00930	0.00696	0.00300	0.00392
10	0.01228	0.06704	0.28389	0.03828	0.10311	0.14690	0.02395	0.02804	0.07899	0.04196	0.01273	0.03653	0.03773	0.02739	0.02243	0.00175	0.00663	0.02076	0.00293	0.00669
11	0.01160	0.15006	0.31293	0.04118	0.17575	0.03150	0.12713	0.01624	0.05854	0.01539	0.00954	0.01145	0.00739	0.00466	0.00472	0.00149	0.00670	0.00413	0.00244	0.00716
12	0.03372	0.00886	0.03484	0.00915	0.01238	0.02816	0.05428	0.01919	0.03381	0.45645	0.22955	0.02176	0.02115	0.00706	0.00524	0.00156	0.00418	0.00604	0.00545	0.00716
13	0.01816	0.01213	0.12572	0.01165	0.06266	0.00982	0.02473	0.10299	0.11040	0.44336	0.01656	0.01536	0.01105	0.00587	0.00499	0.00156	0.00497	0.00483	0.00502	0.00818
14	0.05986	0.03627	0.16073	0.02964	0.20419	0.02453	0.03020	0.01799	0.14069	0.14089	0.05921	0.04932	0.01266	0.00599	0.00491	0.00157	0.00525	0.00514	0.00371	0.00725
15	0.08143	0.01766	0.06560	0.01112	0.01449	0.42178	0.00913	0.02073	0.01351	0.27998	0.01180	0.01174	0.00835	0.00542	0.00458	0.00141	0.00689	0.00382	0.00380	0.00678
16	0.00785	0.00473	0.00671	0.00674	0.00701	0.00498	0.00464	0.00737	0.00718	0.00983	0.01197	0.04246	0.01234	0.18350	0.25177	0.41278	0.00705	0.00548	0.00255	0.00306
17	0.00912	0.00851	0.02900	0.02758	0.01215	0.05066	0.19296	0.01055	0.00909	0.01197	0.01412	0.04520	0.01483	0.48538	0.01714	0.00351	0.00591	0.02198	0.02600	0.00433
18	0.05458	0.11765	0.01095	0.00775	0.01040	0.00962	0.00638	0.13058	0.09746	0.08532	0.04981	0.06030	0.25019	0.00869	0.00505	0.00157	0.00382	0.04252	0.04133	0.00603
19	0.01134	0.01097	0.01911	0.28720	0.49231	0.01164	0.06601	0.01450	0.01092	0.01510	0.00925	0.01272	0.00746	0.00460	0.00501	0.00155	0.00633	0.00453	0.00239	0.00704
20	0.00731	0.00565	0.00836	0.00829	0.00908	0.00670	0.00645	0.00899	0.00808	0.01167	0.01376	0.06837	0.01333	0.03411	0.70279	0.00725	0.06673	0.00582	0.00276	0.00449

[dist]
# distance from previous block
# <min> <max>
0	2

[block]
# block no. 4 follows, 50 sequences, length 26
# corresponding to MSA columns:
# 217-242
name=unknown_E
#
# <colnr> <probs for GDERKNQSTAVLIFYWHMCP>
#	G	D	E	R	K	N	Q	S	T	A	V	L	I	F	Y	W	H	M	C	P
0	0.68762	0.02425	0.00920	0.00765	0.01071	0.01092	0.04852	0.01471	0.00902	0.05815	0.00910	0.02546	0.02159	0.00590	0.02307	0.00172	0.02019	0.00345	0.00322	0.00557
1	0.01306	0.66969	0.14264	0.00959	0.01424	0.05427	0.01008	0.01528	0.01037	0.01236	0.00727	0.00842	0.00639	0.00438	0.00349	0.00115	0.00581	0.00284	0.00215	0.00652
2	0.00619	0.00444	0.00590	0.00703	0.00741	0.00416	0.00482	0.00715	0.00971	0.01288	0.02799	0.75490	0.05182	0.01543	0.00638	0.00203	0.00299	0.06006	0.00462	0.00409
3	0.77755	0.03586	0.00833	0.03745	0.01077	0.01148	0.00589	0.01491	0.02959	0.02161	0.00737	0.00858	0.00574	0.00469	0.00321	0.00154	0.00401	0.00284	0.00307	0.00550
4	0.17095	0.00800	0.00962	0.00786	0.01101	0.00750	0.00639	0.01785	0.01201	0.39983	0.06692	0.01887	0.04149	0.02598	0.06188	0.00202	0.00460	0.02911	0.00481	0.09331
5	0.00936	0.00783	0.01055	0.02750	0.05336	0.02810	0.00787	0.01228	0.08944	0.03311	0.01338	0.04508	0.01242	0.05952	0.39733	0.00500	0.15833	0.02126	0.00302	0.00526
6	0.28341	0.04080	0.01106	0.06314	0.01309	0.03380	0.01823	0.07878	0.02091	0.16985	0.03335	0.01448	0.02971	0.00759	0.05087	0.00188	0.03295	0.02020	0.00382	0.07207
7	0.09355	0.06574	0.01473	0.04352	0.05683	0.26710	0.00948	0.30156	0.06534	0.02105	0.01011	0.01091	0.00774	0.00541	0.00455	0.00142	0.00642	0.00387	0.00363	0.00703
8	0.06273	0.00804	0.01031	0.00825	0.01139	0.00740	0.00670	0.06970	0.01452	0.50698	0.21547	0.02134	0.02057	0.00710	0.00513	0.00155	0.00382	0.00588	0.00575	0.00735
9	0.00982	0.00956	0.03067	0.48383	0.14320	0.01063	0.06997	0.01323	0.02658	0.01436	0.08290	0.01566	0.01109	0.00666	0.03582	0.00188	0.02054	0.00502	0.00266	0.00594
10	0.01271	0.14139	0.08670	0.10611	0.29195	0.05451	0.03695	0.03349	0.07535	0.05144	0.01082	0.01373	0.00884	0.00526	0.00498	0.00150	0.02295	0.03137	0.00287	0.00707
11	0.01458	0.00624	0.00756	0.00644	0.00871	0.00575	0.00511	0.01674	0.01215	0.33843	0.04545	0.01859	0.01383	0.00611	0.00420	0.00133	0.00311	0.00495	0.47450	0.00622
12	0.00662	0.00478	0.00658	0.00722	0.00771	0.00493	0.00512	0.00775	0.00884	0.01208	0.02136	0.43973	0.02425	0.10758	0.28233	0.00438	0.00674	0.03412	0.00379	0.00410
13	0.01028	0.00617	0.00859	0.00913	0.01070	0.00599	0.00792	0.01251	0.01191	0.13742	0.02534	0.05008	0.02613	0.01258	0.00659	0.00218	0.00454	0.64192	0.00484	0.00520
14	0.01234	0.01184	0.02023	0.03059	0.79373	0.01184	0.01530	0.01530	0.01135	0.01628	0.00938	0.01234	0.00790	0.00444	0.00493	0.00148	0.00592	0.00444	0.00247	0.00790
15	0.01176	0.01345	0.02941	0.02101	0.02605	0.01261	0.77563	0.01597	0.01176	0.01597	0.01008	0.01345	0.00756	0.00420	0.00588	0.00168	0.00840	0.00588	0.00252	0.00672
16	0.01222	0.01172	0.02002	0.06179	0.76345	0.01181	0.01524	0.01520	0.01129	0.01614	0.00936	0.01237	0.00785	0.00446	0.00494	0.00149	0.00595	0.00444	0.00246	0.00780
17	0.01103	0.01353	0.15693	0.01383	0.01589	0.01364	0.09976	0.01338	0.00885	0.03805	0.00811	0.01172	0.00707	0.00871	0.04865	0.00226	0.51574	0.00448	0.00236	0.00599
18	0.00949	0.00894	0.01510	0.79101	0.05553	0.01110	0.01388	0.01281	0.01001	0.01283	0.00887	0.01326	0.00668	0.00497	0.00498	0.00166	0.00662	0.00443	0.00222	0.00560
19	0.00761	0.00543	0.00755	0.00869	0.00966	0.00537	0.00729	0.00959	0.01106	0.01444	0.02663	0.22196	0.02961	0.01417	0.00677	0.00224	0.00422	0.59864	0.00460	0.00447
20	0.00707	0.00519	0.00614	0.00635	0.00774	0.00463	0.00489	0.00863	0.01161	0.04441	0.14859	0.16363	0.41183	0.01267	0.00609	0.00182	0.00297	0.13644	0.00480	0.00448
21	0.01160	0.03334	0.21121	0.01057	0.04584	0.00780	0.03984	0.01293	0.00951	0.14133	0.01141	0.01584	0.00951	0.03257	0.01145	0.35018	0.00537	0.03156	0.00295	0.00518
22	0.01111	0.02389	0.70576	0.01398	0.02097	0.01125	0.04326	0.01652	0.01088	0.08230	0.00990	0.01117	0.00687	0.00484	0.00480	0.00158	0.00714	0.00387	0.00246	0.00744
23	0.01024	0.00973	0.01610	0.69797	0.03246	0.03651	0.07996	0.01354	0.01036	0.03275	0.00920	0.01326	0.00686	0.00495	0.00505	0.00165	0.00681	0.00453	0.00235	0.00572
24	0.01150	0.01086	0.03050	0.46418	0.23019	0.04733	0.05886	0.01465	0.01088	0.05959	0.00965	0.01302	0.00734	0.00487	0.00500	0.00159	0.00654	0.00448	0.00254	0.00644
25	0.01354	0.01045	0.01636	0.03816	0.19488	0.01190	0.07512	0.01555	0.01043	0.18405	0.01136	0.04978	0.00941	0.00701	0.00961	0.00182	0.32549	0.00510	0.00326	0.00672

[dist]
# distance from previous block
# <min> <max>
1	65

# created by:
# /home/cegg/simao/soft/augustus-3.2.1/scripts/msa2prfl.pl ./align_prep/EOG091G1BQN.fa
