[name]
unknown

[dist]
# distance from previous block
# <min> <max>
0	625

[block]
# block no. 0 follows, 43 sequences, length 15
# corresponding to MSA columns:
# 1476-1486,1501-1503,1505
name=unknown_A
#
# <colnr> <probs for GDERKNQSTAVLIFYWHMCP>
#	G	D	E	R	K	N	Q	S	T	A	V	L	I	F	Y	W	H	M	C	P
0	0.10307	0.00697	0.00800	0.00833	0.04215	0.00739	0.00535	0.02817	0.00945	0.01403	0.01797	0.03339	0.04693	0.52549	0.02078	0.00419	0.04118	0.06922	0.00356	0.00437
1	0.00860	0.00752	0.03631	0.01037	0.03245	0.00663	0.07467	0.01119	0.01345	0.01835	0.30333	0.17561	0.07420	0.01252	0.00683	0.00205	0.00426	0.19111	0.00511	0.00544
2	0.01994	0.01510	0.01594	0.01248	0.01657	0.04363	0.01023	0.66439	0.02424	0.03230	0.01326	0.01388	0.00971	0.00952	0.07039	0.00226	0.00696	0.00501	0.00523	0.00894
3	0.01481	0.80869	0.02902	0.00948	0.01421	0.02191	0.00948	0.01658	0.01125	0.01303	0.00770	0.00888	0.00711	0.00474	0.00355	0.00118	0.00592	0.00296	0.00237	0.00711
4	0.00805	0.00537	0.00604	0.00604	0.00604	0.00537	0.00336	0.00805	0.00805	0.01074	0.01745	0.03624	0.02013	0.80536	0.02819	0.00537	0.00537	0.00805	0.00336	0.00336
5	0.01384	0.60568	0.22360	0.01112	0.01675	0.01956	0.01234	0.01683	0.01137	0.01420	0.00828	0.00962	0.00708	0.00487	0.00400	0.00133	0.00651	0.00326	0.00236	0.00739
6	0.01006	0.00879	0.07881	0.08398	0.01390	0.00733	0.00861	0.01328	0.05547	0.08549	0.11236	0.21134	0.12537	0.01209	0.00652	0.00205	0.00451	0.14923	0.00491	0.00591
7	0.00871	0.00631	0.00862	0.00978	0.01111	0.00622	0.00850	0.01115	0.01274	0.01643	0.03176	0.06164	0.09882	0.01518	0.00755	0.00249	0.00489	0.66794	0.00510	0.00506
8	0.00723	0.00520	0.00695	0.00818	0.00878	0.00493	0.00595	0.00856	0.01117	0.01472	0.03135	0.60411	0.06697	0.01675	0.00718	0.00230	0.00362	0.17628	0.00513	0.00464
9	0.01747	0.01309	0.09904	0.01535	0.02019	0.01053	0.28447	0.02094	0.01398	0.34630	0.01742	0.06582	0.01299	0.00677	0.00605	0.00183	0.00671	0.02817	0.00473	0.00814
10	0.01099	0.01039	0.01757	0.66801	0.15803	0.01244	0.01565	0.01462	0.01133	0.01480	0.00994	0.01459	0.00761	0.00544	0.00553	0.00181	0.00725	0.00492	0.00251	0.00658
11	0.01319	0.01216	0.02014	0.08113	0.62378	0.01240	0.01538	0.01691	0.04076	0.01825	0.01153	0.01467	0.00948	0.00521	0.00535	0.00163	0.00619	0.00500	0.07856	0.00827
12	0.01300	0.01243	0.02120	0.19956	0.61079	0.01297	0.01664	0.01638	0.01228	0.01723	0.01029	0.01394	0.00847	0.00507	0.00549	0.00169	0.00675	0.00493	0.00268	0.00820
13	0.04320	0.05531	0.44060	0.01439	0.02080	0.07401	0.04738	0.12140	0.01442	0.10050	0.01146	0.01248	0.00810	0.00561	0.00523	0.00169	0.00749	0.00435	0.00337	0.00820
14	0.08782	0.04254	0.39762	0.01380	0.01947	0.01143	0.08048	0.01692	0.01212	0.08321	0.01475	0.03992	0.01275	0.00739	0.00565	0.00189	0.00690	0.13453	0.00343	0.00736

[dist]
# distance from previous block
# <min> <max>
1	3

[block]
# block no. 1 follows, 43 sequences, length 176
# corresponding to MSA columns:
# 1509-1528,1580-1591,1600-1610,1626-1635,1639-1694,1700-1706,1708-1742,1749-1755,1765-1782
name=unknown_B
#
# <colnr> <probs for GDERKNQSTAVLIFYWHMCP>
#	G	D	E	R	K	N	Q	S	T	A	V	L	I	F	Y	W	H	M	C	P
0	0.11584	0.01047	0.01622	0.43223	0.14369	0.01190	0.04038	0.01615	0.03210	0.07194	0.04849	0.01566	0.01040	0.00580	0.00536	0.00179	0.00643	0.00508	0.00322	0.00685
1	0.01094	0.01033	0.01748	0.67983	0.14661	0.01243	0.01562	0.01457	0.01130	0.01473	0.00993	0.01461	0.00759	0.00545	0.00553	0.00182	0.00726	0.00492	0.00250	0.00654
2	0.01053	0.00992	0.01674	0.77540	0.05423	0.01232	0.01542	0.01421	0.01111	0.01424	0.00986	0.01474	0.00741	0.00552	0.00554	0.00184	0.00737	0.00492	0.00247	0.00621
3	0.01461	0.01556	0.01939	0.19383	0.40518	0.19681	0.01497	0.01747	0.01287	0.01599	0.00974	0.01300	0.00803	0.00541	0.00582	0.00166	0.03482	0.00460	0.00270	0.00755
4	0.01110	0.01049	0.01776	0.64357	0.18165	0.01247	0.01570	0.01471	0.01138	0.01492	0.00996	0.01456	0.00766	0.00542	0.00553	0.00181	0.00723	0.00492	0.00252	0.00667
5	0.03115	0.26846	0.02261	0.14739	0.31443	0.09670	0.01344	0.01692	0.01218	0.01549	0.00920	0.01185	0.00778	0.00506	0.00478	0.00151	0.00681	0.00412	0.00260	0.00751
6	0.30673	0.43305	0.02006	0.00929	0.01334	0.11157	0.00841	0.01715	0.01115	0.01724	0.00781	0.00906	0.00672	0.00500	0.00369	0.00140	0.00584	0.00305	0.00280	0.00663
7	0.27616	0.13029	0.01020	0.00688	0.00960	0.00988	0.00569	0.01241	0.01171	0.01888	0.11438	0.02973	0.29700	0.00917	0.00499	0.00168	0.00373	0.00714	0.03494	0.00555
8	0.03077	0.40316	0.04330	0.01062	0.01484	0.01810	0.00961	0.10612	0.27254	0.01943	0.01355	0.01356	0.01074	0.00594	0.00455	0.00151	0.00544	0.00437	0.00389	0.00796
9	0.00781	0.06355	0.00772	0.00658	0.00766	0.00620	0.00459	0.00867	0.01046	0.01315	0.03269	0.18568	0.27676	0.30653	0.01446	0.00321	0.00412	0.03155	0.00428	0.00434
10	0.00760	0.00633	0.00641	0.00613	0.00818	0.00558	0.00467	0.06185	0.01360	0.01641	0.05301	0.05040	0.71360	0.01349	0.00647	0.00186	0.00304	0.01120	0.00517	0.00502
11	0.02032	0.02145	0.01580	0.01350	0.01694	0.45301	0.01050	0.28425	0.07336	0.02190	0.01127	0.01195	0.00866	0.00618	0.00524	0.00154	0.00819	0.00427	0.00402	0.00766
12	0.01553	0.75082	0.02785	0.00950	0.01421	0.02092	0.00938	0.01734	0.01159	0.06818	0.00872	0.00961	0.00759	0.00489	0.00370	0.00122	0.00584	0.00315	0.00269	0.00728
13	0.02085	0.01839	0.01422	0.01228	0.01554	0.41140	0.00953	0.05939	0.04434	0.25841	0.01404	0.01425	0.01021	0.00878	0.06160	0.00209	0.00824	0.00455	0.00438	0.00751
14	0.01481	0.80869	0.02902	0.00948	0.01421	0.02191	0.00948	0.01658	0.01125	0.01303	0.00770	0.00888	0.00711	0.00474	0.00355	0.00118	0.00592	0.00296	0.00237	0.00711
15	0.01481	0.80869	0.02902	0.00948	0.01421	0.02191	0.00948	0.01658	0.01125	0.01303	0.00770	0.00888	0.00711	0.00474	0.00355	0.00118	0.00592	0.00296	0.00237	0.00711
16	0.00762	0.00637	0.00910	0.00837	0.01005	0.00574	0.08136	0.00957	0.01296	0.01700	0.23903	0.24755	0.29788	0.01322	0.00668	0.00194	0.00353	0.01179	0.00516	0.00506
17	0.00695	0.00563	0.00617	0.00603	0.00773	0.00485	0.00452	0.00872	0.01357	0.01721	0.27679	0.04960	0.54648	0.01319	0.00654	0.00183	0.00275	0.01117	0.00544	0.00485
18	0.01953	0.07277	0.01430	0.01065	0.01423	0.05966	0.00875	0.22764	0.01745	0.31500	0.01859	0.07682	0.01494	0.03747	0.00648	0.00188	0.00547	0.06474	0.00549	0.00813
19	0.01772	0.04163	0.05026	0.01530	0.01993	0.01118	0.30056	0.02101	0.01420	0.34316	0.07028	0.01810	0.01373	0.00626	0.00630	0.00178	0.02964	0.00610	0.00474	0.00812
20	0.00791	0.00569	0.00774	0.00897	0.00987	0.00552	0.00715	0.00975	0.01184	0.01548	0.03086	0.37440	0.06213	0.01612	0.00736	0.00240	0.00421	0.40265	0.00512	0.00483
21	0.00662	0.00531	0.00592	0.00640	0.00769	0.00461	0.00456	0.00786	0.01186	0.01465	0.04648	0.33493	0.49315	0.01528	0.00674	0.00201	0.00296	0.01321	0.00514	0.00461
22	0.03200	0.01045	0.01550	0.07100	0.11107	0.01070	0.10681	0.05044	0.16363	0.12812	0.15601	0.03877	0.03432	0.00783	0.00596	0.00182	0.00530	0.03794	0.00484	0.00750
23	0.03335	0.20852	0.05302	0.04488	0.26001	0.05992	0.13184	0.05653	0.01280	0.01711	0.00960	0.01223	0.00797	0.00536	0.00602	0.00163	0.06417	0.00455	0.00279	0.00769
24	0.00892	0.00637	0.00892	0.01020	0.01147	0.00637	0.00892	0.01147	0.01275	0.01657	0.02932	0.06247	0.03187	0.01530	0.00765	0.00255	0.00510	0.73354	0.00510	0.00510
25	0.01476	0.01589	0.01816	0.24582	0.29217	0.23252	0.01417	0.01849	0.06452	0.01601	0.01056	0.01343	0.00846	0.00551	0.00537	0.00166	0.00763	0.00463	0.00289	0.00734
26	0.03143	0.02051	0.35143	0.03644	0.01963	0.11631	0.05935	0.06390	0.03104	0.04741	0.07567	0.01797	0.07140	0.00678	0.00584	0.00174	0.02691	0.00543	0.00344	0.00736
27	0.02400	0.00924	0.01258	0.00971	0.01385	0.00800	0.00800	0.02617	0.01584	0.73722	0.05896	0.01997	0.01563	0.00708	0.00562	0.00172	0.00461	0.00579	0.00682	0.00922
28	0.02431	0.01030	0.01339	0.01027	0.01457	0.00943	0.00848	0.13082	0.01731	0.66876	0.02063	0.01806	0.01310	0.00683	0.00557	0.00171	0.00491	0.00549	0.00667	0.00942
29	0.01165	0.16148	0.57045	0.01481	0.04456	0.01396	0.01758	0.01691	0.01178	0.01682	0.02562	0.01439	0.00922	0.00578	0.00512	0.00169	0.00748	0.04032	0.00257	0.00780
30	0.01233	0.14399	0.60609	0.01453	0.02177	0.01412	0.01799	0.01771	0.01172	0.05214	0.01008	0.01162	0.00735	0.00539	0.00541	0.00169	0.03148	0.00402	0.00256	0.00802
31	0.01481	0.80869	0.02902	0.00948	0.01421	0.02191	0.00948	0.01658	0.01125	0.01303	0.00770	0.00888	0.00711	0.00474	0.00355	0.00118	0.00592	0.00296	0.00237	0.00711
32	0.01072	0.01023	0.01766	0.72379	0.06577	0.01242	0.05293	0.01444	0.01123	0.01448	0.00994	0.01473	0.00749	0.00547	0.00559	0.00184	0.00745	0.00500	0.00249	0.00632
33	0.04313	0.03653	0.14661	0.16724	0.09887	0.02544	0.26703	0.01799	0.08933	0.01766	0.01199	0.01549	0.00929	0.00553	0.00575	0.00181	0.00763	0.02220	0.00301	0.00746
34	0.00906	0.00592	0.00759	0.00817	0.00905	0.00569	0.00568	0.06296	0.01201	0.06749	0.02830	0.66882	0.03261	0.03887	0.00747	0.00226	0.00359	0.01405	0.00523	0.00516
35	0.02069	0.02640	0.01569	0.01427	0.01712	0.78313	0.01070	0.02212	0.01569	0.01355	0.00856	0.00999	0.00713	0.00571	0.00499	0.00143	0.00999	0.00357	0.00285	0.00642
36	0.03034	0.01328	0.01749	0.05939	0.13757	0.12898	0.15046	0.06793	0.06521	0.04398	0.03930	0.12243	0.02737	0.00815	0.00601	0.00184	0.00664	0.06266	0.00393	0.00702
37	0.01321	0.01577	0.15080	0.06159	0.06597	0.02946	0.31863	0.04565	0.06509	0.05587	0.03578	0.03488	0.03117	0.00621	0.00658	0.00184	0.04443	0.00613	0.00340	0.00755
38	0.12937	0.01429	0.01803	0.18274	0.25607	0.13653	0.06647	0.06355	0.01330	0.03604	0.01054	0.01394	0.00847	0.00557	0.00526	0.00170	0.00707	0.02058	0.00312	0.00734
39	0.01323	0.01318	0.02398	0.11173	0.53906	0.01325	0.16961	0.01685	0.01254	0.01760	0.01052	0.01408	0.00855	0.00494	0.00571	0.00171	0.00724	0.00527	0.00272	0.00822
40	0.01454	0.00975	0.01180	0.00858	0.01336	0.00756	0.00692	0.01693	0.01248	0.19091	0.01259	0.01317	0.00946	0.00473	0.00444	0.00102	0.00424	0.00380	0.00410	0.64964
41	0.02485	0.00943	0.01285	0.00985	0.01414	0.00814	0.00814	0.02699	0.01585	0.77465	0.02185	0.01885	0.01371	0.00685	0.00557	0.00171	0.00471	0.00557	0.00685	0.00943
42	0.01097	0.00909	0.01007	0.00972	0.01181	0.01005	0.00727	0.02076	0.45612	0.01997	0.06759	0.27270	0.04854	0.01108	0.00617	0.00199	0.00386	0.00967	0.00549	0.00708
43	0.01462	0.01518	0.02071	0.10441	0.56617	0.14917	0.01573	0.01762	0.01301	0.01691	0.01003	0.01315	0.00835	0.00513	0.00540	0.00163	0.00726	0.00469	0.00273	0.00810
44	0.01371	0.01316	0.02248	0.03399	0.77081	0.01316	0.01700	0.01700	0.01261	0.01809	0.01042	0.01371	0.00877	0.00493	0.00548	0.00164	0.00658	0.00493	0.00274	0.00877
45	0.00672	0.00521	0.00613	0.00676	0.00781	0.00462	0.00474	0.00797	0.01176	0.01494	0.08261	0.43545	0.35435	0.01558	0.00681	0.00206	0.00300	0.01367	0.00520	0.00462
46	0.07291	0.01312	0.01619	0.01552	0.13159	0.05138	0.06390	0.16979	0.20636	0.16223	0.01632	0.01684	0.01202	0.00651	0.00550	0.00175	0.00577	0.01884	0.00490	0.00856
47	0.00802	0.00575	0.00764	0.00870	0.00958	0.00559	0.00687	0.00974	0.01157	0.01509	0.03003	0.28252	0.07768	0.10335	0.00968	0.00273	0.00442	0.39141	0.00492	0.00470
48	0.00680	0.00486	0.00648	0.00777	0.00811	0.00454	0.00523	0.00780	0.01065	0.01419	0.03050	0.78464	0.03652	0.01730	0.00708	0.00226	0.00326	0.03236	0.00514	0.00451
49	0.01257	0.01091	0.01411	0.01386	0.17096	0.00923	0.00899	0.06305	0.01267	0.01916	0.01019	0.01207	0.00840	0.00444	0.00448	0.00105	0.00475	0.00374	0.00332	0.61205
50	0.01393	0.01141	0.01523	0.03781	0.12438	0.01250	0.06119	0.03776	0.37703	0.08198	0.05893	0.02098	0.01630	0.03676	0.00729	0.00199	0.04890	0.02279	0.00478	0.00804
51	0.01007	0.00616	0.00807	0.00730	0.00903	0.00560	0.00558	0.01258	0.01559	0.12284	0.64159	0.03879	0.07352	0.01082	0.00640	0.00174	0.00290	0.00948	0.00616	0.00577
52	0.00800	0.00588	0.00769	0.00819	0.00948	0.00556	0.00662	0.01026	0.01353	0.01803	0.28502	0.12091	0.14856	0.01394	0.00705	0.00215	0.00374	0.31490	0.00545	0.00503
53	0.05868	0.01200	0.01378	0.04794	0.01602	0.01298	0.00985	0.40547	0.03352	0.10372	0.01798	0.02638	0.01545	0.00876	0.00598	0.00191	0.00564	0.19066	0.00531	0.00798
54	0.01270	0.01383	0.02651	0.01989	0.02329	0.01517	0.46094	0.01601	0.01127	0.01601	0.00966	0.01383	0.00796	0.00664	0.01110	0.00209	0.31766	0.00587	0.00265	0.00692
55	0.00675	0.00482	0.00643	0.00771	0.00803	0.00450	0.00514	0.00771	0.01060	0.01414	0.03053	0.80175	0.03663	0.01735	0.00707	0.00225	0.00321	0.01574	0.00514	0.00450
56	0.01315	0.01216	0.01925	0.06816	0.56063	0.01192	0.01456	0.01570	0.01323	0.01826	0.02103	0.02355	0.16779	0.00763	0.00619	0.00191	0.00620	0.00670	0.00363	0.00833
57	0.01481	0.01390	0.02306	0.03432	0.75779	0.01373	0.01731	0.01773	0.01331	0.01912	0.01156	0.01526	0.00985	0.00571	0.00597	0.00186	0.00694	0.00530	0.00314	0.00932
58	0.01389	0.01339	0.02249	0.05849	0.14045	0.01481	0.24895	0.13283	0.01369	0.01909	0.01096	0.01552	0.00916	0.00686	0.00940	0.00198	0.22404	0.03337	0.00319	0.00744
59	0.01447	0.73096	0.08284	0.01007	0.01493	0.02113	0.01034	0.01657	0.01121	0.01336	0.00785	0.00917	0.00711	0.00491	0.00407	0.00126	0.02714	0.00309	0.00237	0.00716
60	0.00684	0.00486	0.00640	0.00759	0.00789	0.00456	0.00501	0.00774	0.01042	0.01389	0.02958	0.74632	0.03544	0.07441	0.00860	0.00248	0.00337	0.01519	0.00501	0.00442
61	0.01278	0.01338	0.02606	0.02543	0.29223	0.01321	0.38366	0.01645	0.01242	0.01731	0.01205	0.07128	0.01050	0.00602	0.00699	0.00185	0.06133	0.00651	0.00292	0.00763
62	0.00974	0.02998	0.23912	0.01094	0.01414	0.06428	0.01069	0.01317	0.03949	0.01613	0.06725	0.35275	0.02485	0.01172	0.00627	0.00200	0.00542	0.07186	0.00415	0.00605
63	0.02146	0.01069	0.01313	0.01052	0.01450	0.01055	0.00854	0.09765	0.22032	0.49800	0.02121	0.01881	0.01417	0.00701	0.00558	0.00175	0.00476	0.00570	0.00639	0.00924
64	0.00796	0.00533	0.00607	0.00616	0.00618	0.00531	0.00349	0.00803	0.00824	0.01098	0.01840	0.09168	0.02133	0.74830	0.02666	0.00514	0.00521	0.00861	0.00349	0.00344
65	0.00675	0.00533	0.00610	0.00661	0.00784	0.00468	0.00474	0.00807	0.01199	0.01503	0.07882	0.34103	0.43339	0.01521	0.00678	0.00203	0.00302	0.03276	0.00519	0.00464
66	0.01268	0.36112	0.45800	0.01310	0.01981	0.01672	0.01578	0.01713	0.01151	0.01562	0.00898	0.01050	0.00705	0.00504	0.00453	0.00151	0.00722	0.00361	0.00235	0.00773
67	0.01501	0.01164	0.01502	0.01244	0.01440	0.01402	0.03833	0.21611	0.01462	0.07098	0.01272	0.01665	0.01054	0.00825	0.01076	0.00198	0.33890	0.03912	0.13145	0.00707
68	0.47244	0.01779	0.01155	0.01044	0.01361	0.36049	0.00812	0.01892	0.01226	0.01975	0.00810	0.00944	0.00651	0.00540	0.00413	0.00158	0.00686	0.00326	0.00317	0.00619
69	0.00754	0.00568	0.00699	0.00675	0.00821	0.00513	0.00512	0.00982	0.01471	0.01998	0.54003	0.04560	0.24586	0.01224	0.00659	0.00181	0.00278	0.04430	0.00579	0.00507
70	0.00759	0.00531	0.00698	0.00811	0.00883	0.00507	0.00604	0.00913	0.01136	0.01531	0.03049	0.50826	0.06793	0.01585	0.00697	0.00224	0.00366	0.21085	0.06530	0.00472
71	0.01970	0.01676	0.01565	0.05152	0.01755	0.19742	0.01047	0.37456	0.09625	0.09384	0.01349	0.01380	0.00985	0.00659	0.00591	0.00167	0.03704	0.00482	0.00476	0.00835
72	0.01573	0.00779	0.01023	0.00845	0.01131	0.00696	0.00671	0.04078	0.01587	0.34535	0.38652	0.02935	0.03219	0.00890	0.00597	0.00168	0.00370	0.00762	0.00626	0.04864
73	0.00693	0.00524	0.00644	0.00724	0.00818	0.00475	0.00519	0.00824	0.01166	0.01499	0.07283	0.46902	0.26387	0.01586	0.00693	0.00213	0.00322	0.07745	0.00518	0.00464
74	0.01531	0.04861	0.01580	0.01739	0.24384	0.01239	0.01082	0.02335	0.31957	0.14156	0.01770	0.01770	0.01325	0.00641	0.00534	0.00170	0.00503	0.00551	0.07021	0.00851
75	0.01322	0.47390	0.34991	0.01218	0.01840	0.01803	0.01419	0.01699	0.01144	0.01497	0.00866	0.01009	0.00707	0.00496	0.00429	0.00143	0.00689	0.00345	0.00236	0.00757
76	0.00962	0.00481	0.00722	0.00722	0.00722	0.00481	0.00481	0.00722	0.00722	0.00962	0.00962	0.01684	0.00962	0.01924	0.02165	0.83886	0.00481	0.00481	0.00241	0.00241
77	0.00678	0.00496	0.00638	0.00749	0.00805	0.00457	0.00511	0.00784	0.01093	0.01431	0.03390	0.68326	0.13407	0.01686	0.00701	0.00221	0.00321	0.03338	0.00514	0.00454
78	0.06485	0.01162	0.01461	0.01347	0.10705	0.01166	0.00971	0.22600	0.05562	0.37533	0.01763	0.04058	0.01238	0.00683	0.00549	0.00172	0.00524	0.00554	0.00569	0.00898
79	0.01126	0.00961	0.01125	0.00818	0.01289	0.00725	0.00650	0.01365	0.01144	0.01786	0.01081	0.04844	0.00953	0.00472	0.00424	0.00089	0.00406	0.00386	0.00337	0.80019
80	0.00740	0.00529	0.00717	0.00846	0.00906	0.00506	0.00627	0.00884	0.01125	0.01487	0.03017	0.58050	0.03521	0.01674	0.00724	0.00234	0.00378	0.23056	0.00513	0.00468
81	0.01148	0.00984	0.01148	0.00820	0.01312	0.00738	0.00656	0.01395	0.01148	0.01805	0.00984	0.01148	0.00820	0.00410	0.00410	0.00082	0.00410	0.00328	0.00328	0.83922
82	0.01603	0.64601	0.02625	0.01047	0.01482	0.18022	0.00973	0.01773	0.01218	0.01314	0.00788	0.00911	0.00711	0.00494	0.00385	0.00123	0.00677	0.00309	0.00247	0.00696
83	0.01184	0.01130	0.01891	0.44149	0.32084	0.01297	0.01577	0.01520	0.01148	0.01562	0.00988	0.01416	0.00791	0.00560	0.00643	0.00181	0.06412	0.00492	0.00257	0.00716
84	0.02138	0.01499	0.01630	0.01249	0.01691	0.01640	0.01032	0.69008	0.02516	0.09841	0.01403	0.01377	0.00979	0.00667	0.00554	0.00167	0.00598	0.00504	0.00565	0.00942
85	0.00684	0.00489	0.00654	0.00782	0.00818	0.00458	0.00531	0.00788	0.01070	0.01424	0.03047	0.76952	0.03642	0.01726	0.00709	0.00226	0.00330	0.04704	0.00514	0.00452
86	0.01148	0.00984	0.01148	0.00820	0.01312	0.00738	0.00656	0.01395	0.01148	0.01805	0.00984	0.01148	0.00820	0.00410	0.00410	0.00082	0.00410	0.00328	0.00328	0.83922
87	0.01744	0.01034	0.01309	0.01074	0.01316	0.01162	0.00882	0.14043	0.01449	0.27036	0.01534	0.01632	0.01120	0.00757	0.00893	0.00183	0.23781	0.00517	0.17778	0.00754
88	0.00738	0.00574	0.00849	0.00882	0.00972	0.00531	0.05920	0.00872	0.01101	0.01474	0.04614	0.67583	0.05402	0.01584	0.00694	0.00217	0.00368	0.02542	0.00495	0.02588
89	0.01280	0.01248	0.02250	0.14972	0.35618	0.01270	0.20460	0.05040	0.01300	0.01788	0.01248	0.05980	0.01089	0.00612	0.00593	0.00180	0.00715	0.03283	0.00306	0.00767
90	0.00663	0.00561	0.00573	0.00570	0.00753	0.00471	0.00428	0.00812	0.01283	0.01545	0.10385	0.05250	0.72052	0.01384	0.00654	0.00186	0.00279	0.01158	0.00521	0.00471
91	0.01046	0.00984	0.01661	0.79205	0.03814	0.01230	0.01538	0.01415	0.01107	0.01415	0.00984	0.01477	0.00738	0.00554	0.00554	0.00185	0.00738	0.00492	0.00246	0.00615
92	0.02699	0.12158	0.60564	0.01496	0.02230	0.01404	0.04833	0.01796	0.04669	0.01740	0.01027	0.01186	0.00753	0.00528	0.00509	0.00169	0.00771	0.00414	0.00254	0.00801
93	0.04301	0.02063	0.25968	0.01400	0.01925	0.11971	0.03516	0.31189	0.01801	0.05848	0.01150	0.01245	0.00832	0.00610	0.00583	0.00170	0.03753	0.00451	0.00394	0.00832
94	0.00684	0.00528	0.00617	0.00676	0.00783	0.00471	0.00478	0.00806	0.01161	0.01467	0.06278	0.37866	0.36317	0.05481	0.00789	0.00223	0.00319	0.04091	0.00508	0.00456
95	0.00679	0.00492	0.00643	0.00762	0.00808	0.00456	0.00517	0.00782	0.01080	0.01426	0.03232	0.72967	0.08869	0.01706	0.00705	0.00223	0.00323	0.03363	0.00514	0.00453
96	0.01354	0.07132	0.04534	0.12547	0.53432	0.04212	0.03206	0.01719	0.03427	0.01719	0.01044	0.01352	0.00859	0.00510	0.00535	0.00164	0.00681	0.00479	0.00276	0.00819
97	0.00803	0.00554	0.00661	0.00702	0.00833	0.00489	0.00506	0.00932	0.01193	0.06964	0.04106	0.39593	0.35514	0.01508	0.00675	0.00205	0.00320	0.03420	0.00526	0.00495
98	0.00675	0.00482	0.00643	0.00771	0.00803	0.00450	0.00514	0.00771	0.01060	0.01414	0.03053	0.80175	0.03663	0.01735	0.00707	0.00225	0.00321	0.01574	0.00514	0.00450
99	0.06892	0.01234	0.02063	0.03501	0.07432	0.01260	0.28008	0.13477	0.01410	0.07117	0.01251	0.01702	0.01012	0.00755	0.00826	0.08464	0.05822	0.04591	0.00362	0.02822
100	0.05317	0.20607	0.48217	0.01360	0.02008	0.01437	0.04303	0.01655	0.01145	0.01662	0.01085	0.06824	0.00918	0.00599	0.00495	0.00166	0.00715	0.00471	0.00262	0.00753
101	0.00883	0.00607	0.00705	0.00743	0.00765	0.00580	0.00451	0.00884	0.00968	0.01303	0.02282	0.29208	0.02650	0.52933	0.02123	0.00447	0.00503	0.01092	0.00434	0.00438
102	0.01148	0.00984	0.01148	0.00820	0.01312	0.00738	0.00656	0.01395	0.01148	0.01805	0.00984	0.01148	0.00820	0.00410	0.00410	0.00082	0.00410	0.00328	0.00328	0.83922
103	0.05393	0.01151	0.01379	0.10920	0.04920	0.01212	0.00957	0.24063	0.09093	0.06526	0.01440	0.07122	0.01175	0.00679	0.00555	0.00159	0.02523	0.00548	0.02530	0.17655
104	0.00765	0.00589	0.00688	0.00674	0.00825	0.00534	0.00500	0.03643	0.01412	0.01862	0.34959	0.15157	0.33757	0.01308	0.00658	0.00186	0.00290	0.01131	0.00556	0.00506
105	0.01701	0.46139	0.06286	0.01117	0.01586	0.07167	0.01046	0.25238	0.01631	0.02030	0.00966	0.01052	0.00784	0.00544	0.00438	0.00138	0.00637	0.00371	0.00341	0.00786
106	0.07380	0.01394	0.02644	0.06327	0.14150	0.01367	0.45903	0.07437	0.01358	0.01947	0.01087	0.01405	0.00830	0.00492	0.00593	0.00177	0.00799	0.00571	0.00305	0.03833
107	0.10775	0.01901	0.28755	0.01391	0.01893	0.01478	0.04604	0.25012	0.01563	0.03642	0.01061	0.01223	0.00788	0.00637	0.00719	0.00183	0.12768	0.00450	0.00359	0.00800
108	0.01230	0.00957	0.01085	0.01002	0.01240	0.01056	0.00780	0.10304	0.33668	0.04258	0.02414	0.11031	0.07346	0.04442	0.10461	0.00296	0.00576	0.06631	0.00511	0.00712
109	0.00683	0.00494	0.00667	0.02613	0.00874	0.00468	0.00538	0.00786	0.01061	0.01414	0.03004	0.78326	0.03594	0.01707	0.00703	0.00224	0.00331	0.01549	0.00508	0.00454
110	0.01361	0.01306	0.02230	0.05691	0.74866	0.01313	0.01695	0.01691	0.01256	0.01797	0.01040	0.01374	0.00873	0.00495	0.00548	0.00165	0.00660	0.00493	0.00273	0.00869
111	0.01331	0.01346	0.03971	0.01626	0.01908	0.01518	0.22633	0.07351	0.16176	0.01837	0.01240	0.01566	0.01014	0.00756	0.01081	0.00208	0.31449	0.01914	0.00346	0.00730
112	0.02105	0.01551	0.01662	0.01274	0.01717	0.01717	0.01053	0.75235	0.02604	0.03490	0.01330	0.01330	0.00942	0.00665	0.00554	0.00166	0.00609	0.00499	0.00554	0.00942
113	0.80303	0.01160	0.04637	0.00771	0.01137	0.01245	0.00672	0.01634	0.00954	0.02448	0.00782	0.00913	0.00605	0.00515	0.00352	0.00172	0.00448	0.00305	0.00337	0.00611
114	0.00656	0.00555	0.00567	0.00576	0.00752	0.00466	0.00428	0.00793	0.01248	0.01490	0.05425	0.10750	0.71557	0.01427	0.00658	0.00190	0.00283	0.01198	0.00514	0.00466
115	0.84448	0.01071	0.00814	0.00728	0.01071	0.01242	0.00600	0.01628	0.00943	0.02485	0.00771	0.00900	0.00600	0.00514	0.00343	0.00171	0.00428	0.00300	0.00343	0.00600
116	0.01270	0.01213	0.02065	0.27012	0.54260	0.01289	0.01649	0.01611	0.01213	0.01687	0.01024	0.01404	0.00834	0.00512	0.00550	0.00171	0.00683	0.00493	0.00265	0.00796
117	0.02438	0.00963	0.01288	0.00990	0.01413	0.00850	0.00817	0.06063	0.01624	0.72505	0.02137	0.01863	0.01352	0.00684	0.00553	0.00170	0.00473	0.00553	0.02330	0.00934
118	0.00772	0.00566	0.00723	0.00684	0.00820	0.00517	0.00513	0.01022	0.01539	0.02153	0.70072	0.04250	0.11986	0.01158	0.00653	0.00175	0.00263	0.01017	0.00601	0.00517
119	0.00892	0.00637	0.00892	0.01020	0.01147	0.00637	0.00892	0.01147	0.01275	0.01657	0.02932	0.06247	0.03187	0.01530	0.00765	0.00255	0.00510	0.73354	0.00510	0.00510
120	0.00808	0.00595	0.00865	0.04500	0.01057	0.00678	0.00672	0.00992	0.00919	0.01321	0.01613	0.07913	0.01576	0.10332	0.58583	0.00740	0.01221	0.00674	0.04457	0.00484
121	0.00675	0.00482	0.00643	0.00771	0.00803	0.00450	0.00514	0.00771	0.01060	0.01414	0.03053	0.80175	0.03663	0.01735	0.00707	0.00225	0.00321	0.01574	0.00514	0.00450
122	0.00799	0.00588	0.00866	0.00866	0.00961	0.00680	0.00667	0.00989	0.00894	0.01299	0.01505	0.02240	0.01415	0.07623	0.72533	0.00851	0.01403	0.00601	0.02732	0.00488
123	0.01331	0.01275	0.02176	0.12659	0.68132	0.01305	0.01680	0.01665	0.01242	0.01761	0.01035	0.01384	0.00860	0.00501	0.00549	0.00167	0.00668	0.00493	0.00271	0.00845
124	0.01212	0.01212	0.01696	0.01454	0.01454	0.01696	0.01212	0.01333	0.00848	0.01333	0.00727	0.01212	0.00727	0.00969	0.01818	0.00242	0.79523	0.00485	0.00242	0.00606
125	0.01148	0.00984	0.01148	0.00820	0.01312	0.00738	0.00656	0.01395	0.01148	0.01805	0.00984	0.01148	0.00820	0.00410	0.00410	0.00082	0.00410	0.00328	0.00328	0.83922
126	0.01360	0.01335	0.02226	0.10051	0.64589	0.03640	0.05302	0.01693	0.01259	0.01759	0.01035	0.01375	0.00858	0.00500	0.00553	0.00167	0.00689	0.00497	0.00272	0.00840
127	0.01111	0.02865	0.77667	0.01579	0.02397	0.01286	0.02046	0.01754	0.01169	0.01754	0.00994	0.01169	0.00702	0.00526	0.00526	0.00175	0.00818	0.00409	0.00234	0.00818
128	0.01465	0.01174	0.01251	0.01074	0.01394	0.01303	0.00848	0.25039	0.38339	0.02531	0.04074	0.06181	0.11158	0.00864	0.00581	0.00183	0.00462	0.00711	0.00553	0.00816
129	0.01229	0.01171	0.01991	0.36573	0.45018	0.01279	0.01629	0.01575	0.01194	0.01637	0.01017	0.01417	0.00816	0.00520	0.00551	0.00173	0.00693	0.00493	0.00262	0.00763
130	0.02997	0.03290	0.22845	0.01496	0.13422	0.01135	0.01259	0.10358	0.03391	0.07322	0.03622	0.01609	0.03417	0.02321	0.04474	0.02301	0.00646	0.00493	0.00361	0.13242
131	0.01998	0.02536	0.01519	0.01384	0.01664	0.74441	0.01038	0.02141	0.01554	0.01362	0.01093	0.01214	0.04501	0.00612	0.00507	0.00145	0.00963	0.00397	0.00297	0.00633
132	0.01216	0.01158	0.01969	0.39449	0.42239	0.01275	0.01623	0.01564	0.01188	0.01622	0.01014	0.01421	0.00811	0.00522	0.00551	0.00174	0.00696	0.00493	0.00261	0.00753
133	0.01259	0.31867	0.46584	0.01320	0.01984	0.03073	0.01583	0.01711	0.01170	0.01589	0.02662	0.01130	0.00810	0.00522	0.00465	0.00154	0.00725	0.00380	0.00245	0.00768
134	0.01027	0.00893	0.01402	0.41129	0.10175	0.01018	0.01226	0.04722	0.01206	0.01582	0.01738	0.18310	0.02853	0.00926	0.00612	0.00198	0.00604	0.09418	0.00354	0.00608
135	0.02485	0.00943	0.01285	0.00985	0.01414	0.00814	0.00814	0.02699	0.01585	0.77465	0.02185	0.01885	0.01371	0.00685	0.00557	0.00171	0.00471	0.00557	0.00685	0.00943
136	0.75815	0.01010	0.00796	0.00733	0.01043	0.01161	0.00591	0.01540	0.00955	0.02374	0.01006	0.09070	0.00915	0.00640	0.00380	0.00177	0.00417	0.00431	0.00360	0.00584
137	0.01245	0.01188	0.02022	0.32630	0.48829	0.01283	0.01637	0.01590	0.01202	0.01657	0.01020	0.01412	0.00824	0.00517	0.00550	0.00172	0.00689	0.00493	0.00263	0.00776
138	0.00673	0.00489	0.00636	0.00753	0.00799	0.00451	0.00506	0.00773	0.01078	0.01421	0.03274	0.73691	0.10004	0.01706	0.00702	0.00222	0.00318	0.01539	0.00514	0.00451
139	0.00655	0.00561	0.00561	0.00561	0.00748	0.00468	0.00421	0.00795	0.01262	0.01496	0.05610	0.05330	0.76857	0.01403	0.00655	0.00187	0.00281	0.01169	0.00514	0.00468
140	0.02092	0.02265	0.01588	0.01368	0.01705	0.53203	0.01057	0.23932	0.01877	0.04291	0.01037	0.01124	0.00801	0.00602	0.00517	0.00151	0.00867	0.00405	0.00377	0.00740
141	0.01162	0.06850	0.64682	0.01762	0.11245	0.01338	0.01946	0.01742	0.01178	0.01736	0.00988	0.01178	0.00723	0.00519	0.00520	0.00171	0.00787	0.00413	0.00239	0.00820
142	0.00962	0.00481	0.00722	0.00722	0.00722	0.00481	0.00481	0.00722	0.00722	0.00962	0.00962	0.01684	0.00962	0.01924	0.02165	0.83886	0.00481	0.00481	0.00241	0.00241
143	0.02235	0.01187	0.01414	0.01091	0.01510	0.01194	0.00899	0.34361	0.02018	0.41046	0.03551	0.01700	0.01275	0.00686	0.00553	0.00168	0.00520	0.00541	0.03133	0.00919
144	0.01046	0.00984	0.01661	0.79205	0.03814	0.01230	0.01538	0.01415	0.01107	0.01415	0.00984	0.01477	0.00738	0.00554	0.00554	0.00185	0.00738	0.00492	0.00246	0.00615
145	0.01148	0.00984	0.01148	0.00820	0.01312	0.00738	0.00656	0.01395	0.01148	0.01805	0.00984	0.01148	0.00820	0.00410	0.00410	0.00082	0.00410	0.00328	0.00328	0.83922
146	0.00664	0.00561	0.00574	0.00571	0.00754	0.00472	0.00428	0.00813	0.01284	0.01549	0.10765	0.05244	0.71670	0.01383	0.00654	0.00186	0.00279	0.01157	0.00521	0.00472
147	0.00805	0.00537	0.00604	0.00604	0.00604	0.00537	0.00336	0.00805	0.00805	0.01074	0.01745	0.03624	0.02013	0.80536	0.02819	0.00537	0.00537	0.00805	0.00336	0.00336
148	0.41046	0.01897	0.01212	0.01096	0.01409	0.41848	0.00848	0.01935	0.01273	0.01890	0.00816	0.00952	0.00660	0.00544	0.00425	0.00156	0.00729	0.00330	0.00313	0.00622
149	0.00689	0.00493	0.00655	0.00761	0.00806	0.00459	0.00515	0.00807	0.01127	0.01519	0.12691	0.70235	0.03867	0.01656	0.00700	0.00218	0.00313	0.01500	0.00527	0.00459
150	0.01730	0.01605	0.07632	0.01253	0.01661	0.08065	0.01064	0.34079	0.31878	0.02698	0.01633	0.01584	0.01203	0.00680	0.00551	0.00174	0.00591	0.00530	0.00509	0.00880
151	0.01784	0.10687	0.01508	0.01063	0.01438	0.01392	0.00879	0.25912	0.22223	0.15865	0.01719	0.01656	0.01246	0.00667	0.00516	0.00163	0.00499	0.00522	0.09410	0.00851
152	0.01776	0.41548	0.02232	0.01188	0.01568	0.40453	0.01009	0.01936	0.01349	0.01329	0.00813	0.00944	0.00712	0.00523	0.00428	0.00131	0.00797	0.00327	0.00261	0.00676
153	0.00798	0.00553	0.00694	0.00697	0.00729	0.00583	0.00451	0.00862	0.00838	0.01148	0.01697	0.05112	0.01859	0.54748	0.26290	0.00639	0.00826	0.00759	0.00328	0.00388
154	0.01384	0.01293	0.02125	0.11249	0.62653	0.01334	0.01621	0.06480	0.03070	0.01889	0.01083	0.01395	0.00886	0.00517	0.00550	0.00167	0.00658	0.00497	0.00296	0.00854
155	0.29127	0.01155	0.01203	0.00967	0.01359	0.03978	0.00793	0.16020	0.01567	0.34750	0.02934	0.01468	0.01087	0.00630	0.00486	0.00169	0.00499	0.00463	0.00532	0.00811
156	0.00819	0.00593	0.00803	0.00920	0.01029	0.00577	0.00760	0.01026	0.01222	0.01585	0.03197	0.23967	0.09791	0.01568	0.00741	0.00242	0.00444	0.49712	0.00511	0.00492
157	0.01729	0.01364	0.01450	0.01198	0.01574	0.01542	0.00962	0.37829	0.40623	0.02883	0.01808	0.01711	0.01329	0.00710	0.00559	0.00177	0.00521	0.00565	0.00559	0.00908
158	0.01155	0.01095	0.01858	0.53815	0.28355	0.01259	0.01592	0.01510	0.01159	0.01547	0.01004	0.01441	0.00785	0.00534	0.00552	0.00178	0.00711	0.00493	0.00255	0.00703
159	0.05035	0.08429	0.68659	0.01493	0.02264	0.01350	0.01899	0.01741	0.01155	0.01755	0.00967	0.01136	0.00697	0.00522	0.00505	0.00171	0.00784	0.00396	0.00239	0.00800
160	0.01147	0.10392	0.70452	0.01518	0.02303	0.01374	0.01940	0.01745	0.01165	0.01710	0.00972	0.01142	0.00702	0.00521	0.00510	0.00170	0.00797	0.00398	0.00234	0.00808
161	0.01046	0.00984	0.01661	0.79205	0.03814	0.01230	0.01538	0.01415	0.01107	0.01415	0.00984	0.01477	0.00738	0.00554	0.00554	0.00185	0.00738	0.00492	0.00246	0.00615
162	0.01152	0.01907	0.36564	0.03591	0.02267	0.01158	0.23361	0.01631	0.01226	0.04512	0.02950	0.10157	0.01324	0.00716	0.00602	0.00189	0.00755	0.04886	0.00318	0.00733
163	0.01365	0.01684	0.17463	0.02093	0.06319	0.01306	0.49061	0.01832	0.01301	0.08331	0.01226	0.01569	0.00916	0.00523	0.00618	0.00184	0.00848	0.02272	0.00311	0.00779
164	0.01058	0.00997	0.01684	0.76298	0.06624	0.01234	0.01544	0.01426	0.01113	0.01430	0.00987	0.01473	0.00744	0.00551	0.00554	0.00184	0.00735	0.00492	0.00247	0.00625
165	0.01471	0.78912	0.04779	0.00963	0.01446	0.02169	0.00975	0.01661	0.01126	0.01314	0.00776	0.00895	0.00711	0.00475	0.00360	0.00120	0.00598	0.00299	0.00237	0.00713
166	0.00753	0.00647	0.04985	0.02950	0.00988	0.00549	0.00646	0.00874	0.01036	0.01391	0.02624	0.54625	0.04597	0.04819	0.06158	0.06337	0.00467	0.04644	0.00450	0.00462
167	0.01462	0.13001	0.39953	0.01461	0.03937	0.01303	0.08908	0.01913	0.01269	0.17486	0.01351	0.01430	0.02928	0.00569	0.00526	0.00168	0.00708	0.00472	0.00342	0.00814
168	0.01261	0.01357	0.02746	0.05017	0.02552	0.01360	0.54563	0.03630	0.01269	0.01735	0.01246	0.04622	0.01060	0.00641	0.00794	0.00198	0.10237	0.04700	0.00303	0.00706
169	0.01019	0.00817	0.01174	0.01168	0.03639	0.02468	0.08456	0.03454	0.05311	0.03714	0.04414	0.20421	0.06502	0.01305	0.00698	0.00223	0.00510	0.33642	0.00486	0.00578
170	0.05905	0.01004	0.01164	0.02997	0.01377	0.00863	0.00727	0.08754	0.01325	0.05763	0.03860	0.01634	0.02527	0.00558	0.00463	0.00116	0.00440	0.04054	0.00389	0.56080
171	0.01453	0.01336	0.02294	0.08441	0.25064	0.03537	0.25701	0.05014	0.02825	0.08425	0.01178	0.01445	0.00901	0.00535	0.00626	0.00172	0.03942	0.00540	0.00330	0.06239
172	0.01320	0.01088	0.01802	0.37081	0.22948	0.01178	0.05092	0.01649	0.01224	0.10645	0.03357	0.01551	0.00991	0.00569	0.00587	0.00173	0.02765	0.00514	0.00323	0.05143
173	0.03158	0.01043	0.01745	0.51897	0.12629	0.01203	0.05833	0.01548	0.01166	0.07022	0.01165	0.03312	0.00925	0.00609	0.00596	0.00185	0.02781	0.02212	0.00298	0.00673
174	0.01136	0.01101	0.01799	0.60905	0.15195	0.03298	0.03690	0.01489	0.01143	0.01484	0.00987	0.01441	0.00762	0.00553	0.00588	0.00182	0.02840	0.00493	0.00252	0.00661
175	0.04315	0.02949	0.05357	0.19695	0.11559	0.02888	0.03292	0.06642	0.03313	0.05407	0.01766	0.14715	0.04418	0.00865	0.00602	0.00187	0.01781	0.06675	0.00384	0.03188

[dist]
# distance from previous block
# <min> <max>
7	36

[block]
# block no. 2 follows, 43 sequences, length 41
# corresponding to MSA columns:
# 1822-1827,1829-1847,1858-1873
name=unknown_C
#
# <colnr> <probs for GDERKNQSTAVLIFYWHMCP>
#	G	D	E	R	K	N	Q	S	T	A	V	L	I	F	Y	W	H	M	C	P
0	0.33843	0.10439	0.10165	0.00985	0.01379	0.06630	0.00901	0.05032	0.04898	0.11019	0.01120	0.01238	0.00855	0.00831	0.05323	0.03273	0.00613	0.00396	0.00368	0.00691
1	0.05154	0.21454	0.39068	0.01263	0.01875	0.01391	0.04118	0.01663	0.01172	0.04728	0.01310	0.03017	0.05519	0.00590	0.00487	0.00158	0.00667	0.00458	0.00288	0.05622
2	0.08141	0.04063	0.35504	0.01503	0.08351	0.01241	0.05094	0.10196	0.01341	0.08977	0.01259	0.04587	0.01006	0.05556	0.00670	0.00196	0.00679	0.00512	0.00345	0.00780
3	0.08744	0.01497	0.11572	0.06095	0.44787	0.03701	0.01505	0.06272	0.04040	0.01938	0.01139	0.04203	0.00954	0.00570	0.00533	0.00170	0.00649	0.00506	0.00311	0.00814
4	0.05383	0.01053	0.01407	0.01089	0.01512	0.00981	0.06184	0.07725	0.08784	0.45105	0.01871	0.01824	0.01284	0.00657	0.00544	0.00165	0.00504	0.02502	0.00573	0.10854
5	0.00702	0.00510	0.00691	0.03562	0.00914	0.00487	0.00552	0.00828	0.01125	0.01514	0.12168	0.67889	0.03753	0.01618	0.00695	0.00217	0.00329	0.01464	0.00516	0.00465
6	0.01044	0.00977	0.01643	0.72978	0.06638	0.01202	0.01503	0.01400	0.01112	0.01431	0.01071	0.04662	0.00862	0.00599	0.00560	0.00185	0.00718	0.00536	0.00258	0.00619
7	0.01148	0.00984	0.01148	0.00820	0.01312	0.00738	0.00656	0.01395	0.01148	0.01805	0.00984	0.01148	0.00820	0.00410	0.00410	0.00082	0.00410	0.00328	0.00328	0.83922
8	0.84448	0.01071	0.00814	0.00728	0.01071	0.01242	0.00600	0.01628	0.00943	0.02485	0.00771	0.00900	0.00600	0.00514	0.00343	0.00171	0.00428	0.00300	0.00343	0.00600
9	0.01402	0.66087	0.13872	0.01044	0.01555	0.01995	0.01108	0.01652	0.01138	0.01384	0.00891	0.01147	0.00810	0.00524	0.00397	0.00132	0.00622	0.03274	0.00248	0.00719
10	0.01269	0.01099	0.01564	0.05414	0.28065	0.00967	0.01070	0.01549	0.01202	0.04489	0.01047	0.01268	0.00856	0.00456	0.00471	0.00119	0.00515	0.00402	0.00318	0.47858
11	0.81431	0.01129	0.00842	0.00754	0.01095	0.04065	0.00617	0.01649	0.00965	0.02443	0.00774	0.00903	0.00604	0.00516	0.00348	0.00170	0.00449	0.00302	0.00341	0.00601
12	0.00898	0.00506	0.00683	0.00683	0.00686	0.00509	0.00433	0.00762	0.00758	0.01015	0.01273	0.02428	0.01370	0.31490	0.04889	0.49914	0.00535	0.00606	0.00278	0.00284
13	0.00820	0.00552	0.00640	0.00618	0.00761	0.00508	0.00463	0.01053	0.01390	0.02013	0.40501	0.03859	0.20641	0.01065	0.00583	0.00165	0.00265	0.00911	0.22686	0.00508
14	0.19998	0.01027	0.01294	0.01037	0.01427	0.01000	0.05626	0.08361	0.01457	0.37612	0.01752	0.02034	0.01300	0.00710	0.00531	0.00176	0.00505	0.08421	0.00535	0.05197
15	0.01046	0.00984	0.01661	0.79205	0.03814	0.01230	0.01538	0.01415	0.01107	0.01415	0.00984	0.01477	0.00738	0.00554	0.00554	0.00185	0.00738	0.00492	0.00246	0.00615
16	0.02485	0.00943	0.01285	0.00985	0.01414	0.00814	0.00814	0.02699	0.01585	0.77465	0.02185	0.01885	0.01371	0.00685	0.00557	0.00171	0.00471	0.00557	0.00685	0.00943
17	0.01046	0.00984	0.01661	0.79205	0.03814	0.01230	0.01538	0.01415	0.01107	0.01415	0.00984	0.01477	0.00738	0.00554	0.00554	0.00185	0.00738	0.00492	0.00246	0.00615
18	0.00784	0.00566	0.00740	0.00697	0.00827	0.00523	0.00523	0.01045	0.01568	0.02221	0.76789	0.04137	0.05226	0.01132	0.00653	0.00174	0.00261	0.01002	0.00610	0.00523
19	0.01148	0.00984	0.01148	0.00820	0.01312	0.00738	0.00656	0.01395	0.01148	0.01805	0.00984	0.01148	0.00820	0.00410	0.00410	0.00082	0.00410	0.00328	0.00328	0.83922
20	0.01107	0.00736	0.01081	0.06566	0.01389	0.00727	0.04893	0.01392	0.04018	0.11880	0.06256	0.18589	0.04642	0.01276	0.00689	0.00221	0.00488	0.32948	0.00510	0.00591
21	0.01148	0.00984	0.01148	0.00820	0.01312	0.00738	0.00656	0.01395	0.01148	0.01805	0.00984	0.01148	0.00820	0.00410	0.00410	0.00082	0.00410	0.00328	0.00328	0.83922
22	0.02105	0.01551	0.01662	0.01274	0.01717	0.01717	0.01053	0.75235	0.02604	0.03490	0.01330	0.01330	0.00942	0.00665	0.00554	0.00166	0.00609	0.00499	0.00554	0.00942
23	0.01805	0.07327	0.03978	0.01337	0.01643	0.48296	0.01062	0.04164	0.16670	0.01614	0.01143	0.01237	0.00919	0.00628	0.00591	0.00158	0.05960	0.00421	0.00341	0.00705
24	0.01358	0.01303	0.02225	0.06408	0.74173	0.01313	0.01693	0.01688	0.01255	0.01794	0.01039	0.01375	0.00872	0.00496	0.00549	0.00165	0.00661	0.00493	0.00273	0.00867
25	0.01436	0.71506	0.11877	0.01023	0.01539	0.02083	0.01080	0.01670	0.01131	0.01357	0.00797	0.00922	0.00710	0.00480	0.00376	0.00125	0.00619	0.00310	0.00237	0.00724
26	0.00791	0.00593	0.00890	0.00890	0.00989	0.00692	0.00692	0.00989	0.00890	0.01286	0.01483	0.02176	0.01385	0.04154	0.78341	0.00890	0.01483	0.00593	0.00297	0.00494
27	0.00778	0.00563	0.00728	0.00691	0.00817	0.00520	0.00513	0.01023	0.01521	0.02142	0.70320	0.05923	0.07472	0.03685	0.00723	0.00187	0.00272	0.01014	0.00596	0.00513
28	0.00956	0.00866	0.00868	0.00811	0.00963	0.11012	0.00613	0.01181	0.01486	0.01960	0.53322	0.03686	0.12489	0.01190	0.03444	0.00199	0.02986	0.00903	0.00532	0.00534
29	0.01046	0.00984	0.01661	0.79205	0.03814	0.01230	0.01538	0.01415	0.01107	0.01415	0.00984	0.01477	0.00738	0.00554	0.00554	0.00185	0.00738	0.00492	0.00246	0.00615
30	0.01148	0.00984	0.01148	0.00820	0.01312	0.00738	0.00656	0.01395	0.01148	0.01805	0.00984	0.01148	0.00820	0.00410	0.00410	0.00082	0.00410	0.00328	0.00328	0.83922
31	0.01355	0.04522	0.04219	0.03067	0.62714	0.01379	0.06374	0.01681	0.01231	0.01756	0.01015	0.01345	0.00854	0.00521	0.00626	0.00169	0.05565	0.00493	0.00270	0.00844
32	0.01299	0.00866	0.00995	0.00895	0.01017	0.05595	0.00652	0.18311	0.01216	0.01580	0.01042	0.01558	0.00942	0.01544	0.01683	0.59038	0.00543	0.00477	0.00317	0.00430
33	0.01669	0.01989	0.06399	0.01796	0.17149	0.36435	0.03155	0.02214	0.18505	0.01703	0.01226	0.01347	0.00973	0.00600	0.00559	0.00163	0.02556	0.00460	0.00342	0.00757
34	0.01180	0.00873	0.01039	0.00969	0.04148	0.00897	0.00727	0.19799	0.05192	0.02431	0.36965	0.03312	0.08588	0.00985	0.00610	0.00176	0.00389	0.05303	0.05764	0.00653
35	0.01270	0.34638	0.44169	0.01351	0.02019	0.01660	0.04534	0.01716	0.01157	0.01571	0.00908	0.01068	0.00711	0.00502	0.00462	0.00153	0.00731	0.00373	0.00237	0.00772
36	0.09029	0.00778	0.00947	0.04043	0.01163	0.00828	0.00720	0.04763	0.07977	0.05011	0.27649	0.08952	0.06102	0.01264	0.05483	0.00237	0.03637	0.10315	0.00508	0.00593
37	0.01245	0.37249	0.36100	0.01218	0.01808	0.01610	0.01410	0.01639	0.01179	0.01578	0.05683	0.01467	0.01103	0.00588	0.00469	0.00154	0.00669	0.03822	0.00271	0.00738
38	0.01120	0.00943	0.04569	0.00917	0.01172	0.00871	0.00769	0.16708	0.04282	0.02003	0.06586	0.03871	0.19839	0.10423	0.00889	0.00232	0.00473	0.18082	0.00483	0.05768
39	0.02021	0.05263	0.01667	0.02662	0.01698	0.05603	0.01029	0.61170	0.02377	0.06024	0.04067	0.01419	0.01089	0.00667	0.00546	0.00164	0.00613	0.00502	0.00527	0.00894
40	0.01235	0.01182	0.05323	0.50822	0.17795	0.01277	0.01520	0.06640	0.03597	0.03740	0.01092	0.01461	0.00825	0.00558	0.00552	0.00179	0.00701	0.00495	0.00294	0.00715

[dist]
# distance from previous block
# <min> <max>
0	12

[block]
# block no. 3 follows, 43 sequences, length 22
# corresponding to MSA columns:
# 1886-1907
name=unknown_D
#
# <colnr> <probs for GDERKNQSTAVLIFYWHMCP>
#	G	D	E	R	K	N	Q	S	T	A	V	L	I	F	Y	W	H	M	C	P
0	0.04719	0.01200	0.01400	0.01151	0.01497	0.01302	0.04759	0.28893	0.23312	0.07374	0.13099	0.02206	0.01911	0.00783	0.00578	0.00179	0.00505	0.03766	0.00549	0.00818
1	0.05712	0.01284	0.02086	0.05403	0.65604	0.01314	0.01580	0.01774	0.06455	0.01868	0.01110	0.01398	0.00915	0.00514	0.00539	0.00167	0.00633	0.00493	0.00297	0.00855
2	0.01351	0.01296	0.02213	0.07947	0.72686	0.01311	0.01690	0.01683	0.01252	0.01786	0.01038	0.01377	0.00869	0.00497	0.00549	0.00166	0.00663	0.00493	0.00272	0.00862
3	0.19480	0.01282	0.01795	0.01909	0.23995	0.03632	0.13471	0.02007	0.18183	0.03893	0.01291	0.01439	0.01000	0.00556	0.00518	0.00171	0.00601	0.00499	0.00368	0.03909
4	0.00912	0.04876	0.01006	0.00996	0.06285	0.00717	0.00715	0.03191	0.01302	0.01761	0.19854	0.22176	0.09040	0.02721	0.00686	0.00200	0.00400	0.16021	0.00488	0.06651
