[name]
unknown

[dist]
# distance from previous block
# <min> <max>
0	33

[block]
# block no. 0 follows, 39 sequences, length 30
# corresponding to MSA columns:
# 876-903,909,910
name=unknown_A
#
# <colnr> <probs for GDERKNQSTAVLIFYWHMCP>
#	G	D	E	R	K	N	Q	S	T	A	V	L	I	F	Y	W	H	M	C	P
0	0.08704	0.15122	0.13530	0.01367	0.06923	0.04501	0.02307	0.15858	0.03204	0.05880	0.07438	0.05026	0.01455	0.00714	0.00543	0.00172	0.00625	0.01722	0.00421	0.04490
1	0.12515	0.01481	0.11253	0.01379	0.06733	0.05056	0.06586	0.11442	0.05746	0.09296	0.07819	0.01956	0.01504	0.09282	0.00829	0.00221	0.00628	0.00583	0.00439	0.05250
2	0.08188	0.07548	0.07072	0.03855	0.11653	0.05869	0.08978	0.06412	0.12098	0.07504	0.01432	0.01763	0.01166	0.09240	0.00853	0.00222	0.02299	0.00555	0.00397	0.02896
3	0.07585	0.01552	0.05336	0.01718	0.12038	0.11586	0.10203	0.10336	0.01537	0.08878	0.08198	0.01697	0.01366	0.00791	0.02599	0.00203	0.09219	0.00562	0.00407	0.04191
4	0.06174	0.07223	0.20842	0.04213	0.07685	0.03728	0.01270	0.09400	0.05163	0.09790	0.05559	0.01847	0.01348	0.09262	0.00820	0.00219	0.00657	0.00548	0.00405	0.03848
5	0.01457	0.06752	0.14069	0.03006	0.04547	0.09425	0.05358	0.03537	0.03832	0.09865	0.03863	0.02306	0.06785	0.09358	0.00897	0.00221	0.03517	0.03705	0.00400	0.07098
6	0.04045	0.65914	0.02742	0.01069	0.03830	0.02074	0.00975	0.01667	0.01193	0.01461	0.01099	0.09508	0.01107	0.00656	0.00427	0.00142	0.00597	0.00473	0.00290	0.00730
7	0.01440	0.05580	0.16773	0.07084	0.10124	0.04036	0.03842	0.04355	0.08780	0.08252	0.01399	0.01740	0.01131	0.09209	0.00818	0.00210	0.00666	0.00528	0.00376	0.13657
8	0.10232	0.08473	0.62525	0.01536	0.02328	0.01439	0.01929	0.01851	0.01219	0.01923	0.01018	0.01195	0.00738	0.00556	0.00527	0.00182	0.00811	0.00415	0.00263	0.00840
9	0.09795	0.00588	0.00713	0.00825	0.00899	0.00578	0.00569	0.00934	0.01124	0.01642	0.02989	0.68439	0.03540	0.01704	0.00714	0.00235	0.00361	0.03324	0.00529	0.00500
10	0.01687	0.38290	0.11651	0.09641	0.02011	0.15382	0.01256	0.08057	0.01443	0.04196	0.00996	0.01153	0.00806	0.00566	0.00479	0.00153	0.00755	0.00394	0.00308	0.00778
11	0.01437	0.26427	0.32283	0.01442	0.07285	0.01542	0.01462	0.01824	0.01242	0.08864	0.01202	0.01532	0.00989	0.09186	0.00778	0.00209	0.00717	0.00468	0.00313	0.00799
12	0.00734	0.00528	0.00715	0.00837	0.00879	0.00509	0.00570	0.00849	0.01112	0.01495	0.03076	0.70439	0.03644	0.02136	0.09104	0.00318	0.00479	0.01566	0.00523	0.00486
13	0.00888	0.00640	0.00806	0.00882	0.00965	0.00629	0.00612	0.08801	0.01313	0.01753	0.03058	0.70340	0.03593	0.01727	0.00737	0.00233	0.00377	0.01555	0.00554	0.00538
14	0.01582	0.52850	0.13374	0.01163	0.01690	0.06642	0.01178	0.02005	0.09287	0.03770	0.01081	0.01169	0.00893	0.00560	0.00446	0.00147	0.00672	0.00385	0.00308	0.00798
15	0.02172	0.10330	0.01914	0.01334	0.01799	0.07108	0.01113	0.60686	0.02530	0.03311	0.01319	0.01343	0.00962	0.00680	0.00564	0.00170	0.00678	0.00498	0.00534	0.00956
16	0.02624	0.01054	0.01402	0.01075	0.01533	0.00940	0.00888	0.08077	0.01773	0.70629	0.02266	0.01969	0.01430	0.00730	0.00594	0.00183	0.00514	0.00590	0.00722	0.01006
17	0.00721	0.00515	0.00686	0.00823	0.00858	0.00480	0.00549	0.00823	0.01132	0.01510	0.03259	0.78831	0.03911	0.01853	0.00755	0.00240	0.00343	0.01681	0.00549	0.00480
18	0.03501	0.30581	0.22567	0.01705	0.09215	0.07305	0.12122	0.03449	0.01322	0.01734	0.00990	0.01194	0.00797	0.00535	0.00511	0.00163	0.00786	0.00435	0.00277	0.00810
19	0.01538	0.71134	0.11155	0.01086	0.01633	0.02233	0.01141	0.01782	0.01207	0.01444	0.00849	0.00982	0.00758	0.00512	0.00400	0.00133	0.00659	0.00330	0.00253	0.00772
20	0.00864	0.00578	0.00658	0.00664	0.00670	0.00578	0.00384	0.00876	0.00882	0.01174	0.01919	0.03993	0.02205	0.75819	0.02914	0.00560	0.00572	0.03955	0.00366	0.00366
21	0.09581	0.45633	0.07861	0.01179	0.03681	0.08178	0.01084	0.07141	0.04571	0.01825	0.03736	0.01215	0.00995	0.00578	0.00447	0.00149	0.00652	0.00396	0.00324	0.00773
22	0.01481	0.04043	0.02364	0.05249	0.67338	0.01448	0.01742	0.03871	0.03191	0.01968	0.01142	0.01466	0.00951	0.00540	0.00579	0.00175	0.00695	0.00523	0.00307	0.00926
23	0.01595	0.04221	0.05311	0.01408	0.08282	0.02684	0.02490	0.07527	0.13945	0.13249	0.05073	0.03345	0.01404	0.00725	0.00724	0.00174	0.09802	0.00565	0.00461	0.17015
24	0.04224	0.05932	0.05011	0.03591	0.17509	0.07058	0.02723	0.16033	0.01661	0.09217	0.06810	0.06090	0.01461	0.00708	0.00569	0.00169	0.00625	0.00592	0.00439	0.09576
25	0.01465	0.03828	0.03383	0.01466	0.11999	0.01117	0.06276	0.13006	0.03222	0.08708	0.10925	0.04875	0.08017	0.00772	0.00586	0.00164	0.00539	0.00671	0.00471	0.18509
26	0.04183	0.03079	0.05910	0.01445	0.09982	0.01268	0.03745	0.15641	0.12463	0.09036	0.04166	0.01624	0.01255	0.00623	0.00545	0.00157	0.00564	0.00517	0.00463	0.23336
27	0.09207	0.10837	0.04885	0.02657	0.06802	0.04752	0.02397	0.04912	0.01384	0.11630	0.04570	0.01448	0.01129	0.00566	0.00491	0.00140	0.00559	0.00444	0.00400	0.30790
28	0.03813	0.03688	0.07208	0.01476	0.10183	0.05611	0.04464	0.09814	0.04627	0.25568	0.09681	0.01908	0.01613	0.00697	0.00580	0.00173	0.00598	0.00582	0.00518	0.07199
29	0.12751	0.01384	0.07566	0.01544	0.14396	0.03998	0.01119	0.08839	0.05362	0.20883	0.03373	0.04431	0.01277	0.00685	0.00573	0.00176	0.01835	0.00550	0.00478	0.08781

[dist]
# distance from previous block
# <min> <max>
4	30

[block]
# block no. 1 follows, 39 sequences, length 11
# corresponding to MSA columns:
# 949-953,957-962
name=unknown_B
#
# <colnr> <probs for GDERKNQSTAVLIFYWHMCP>
#	G	D	E	R	K	N	Q	S	T	A	V	L	I	F	Y	W	H	M	C	P
0	0.09298	0.12288	0.10348	0.03361	0.17200	0.04286	0.09549	0.04046	0.04616	0.05272	0.03159	0.01429	0.01031	0.00565	0.00530	0.00164	0.00672	0.00484	0.00350	0.11351
1	0.01263	0.04538	0.07684	0.00952	0.01259	0.00887	0.00804	0.05180	0.04571	0.10254	0.04130	0.12702	0.06425	0.17251	0.01104	0.00261	0.00515	0.05616	0.00465	0.14138
2	0.07876	0.06810	0.09759	0.00950	0.01234	0.00982	0.00819	0.05483	0.04090	0.06028	0.07875	0.12185	0.02129	0.22294	0.01244	0.00292	0.00537	0.03655	0.00438	0.05321
3	0.09426	0.14958	0.31915	0.01529	0.02140	0.06309	0.12447	0.01963	0.07975	0.01891	0.01198	0.03584	0.00953	0.00605	0.00541	0.00179	0.00772	0.00500	0.00314	0.00803
4	0.01694	0.09022	0.19015	0.01452	0.06092	0.07484	0.04073	0.11213	0.07641	0.14014	0.05560	0.01752	0.03379	0.00678	0.00567	0.00174	0.00672	0.00547	0.00444	0.04525
5	0.01081	0.00986	0.08264	0.01147	0.04666	0.00772	0.04451	0.01387	0.04095	0.07709	0.11955	0.32226	0.06177	0.01252	0.00676	0.00205	0.00468	0.04937	0.00510	0.07034
6	0.01033	0.10095	0.01006	0.00754	0.00815	0.00756	0.00517	0.00924	0.00855	0.01115	0.01307	0.02451	0.01404	0.30019	0.02333	0.42801	0.00550	0.00616	0.00293	0.00355
7	0.06483	0.09715	0.09731	0.01271	0.01739	0.10893	0.01124	0.24275	0.17337	0.02521	0.01401	0.01434	0.01061	0.00647	0.00535	0.00168	0.00656	0.00482	0.00453	0.08075
8	0.13947	0.19737	0.30724	0.01404	0.02026	0.01647	0.07397	0.09190	0.05124	0.02104	0.01088	0.01232	0.00827	0.00569	0.00507	0.00174	0.00722	0.00435	0.00325	0.00823
9	0.01451	0.16958	0.47044	0.01476	0.02190	0.01464	0.04633	0.01962	0.01319	0.11599	0.03740	0.01417	0.01018	0.00594	0.00542	0.00176	0.00764	0.00468	0.00330	0.00856
10	0.00833	0.00573	0.00677	0.00714	0.00744	0.00561	0.00451	0.00885	0.00982	0.01294	0.02471	0.18110	0.06802	0.53611	0.02267	0.00464	0.00512	0.07221	0.00421	0.00405

[dist]
# distance from previous block
# <min> <max>
0	2

[block]
# block no. 2 follows, 39 sequences, length 15
# corresponding to MSA columns:
# 965,966,975-985,989,990
name=unknown_C
#
# <colnr> <probs for GDERKNQSTAVLIFYWHMCP>
#	G	D	E	R	K	N	Q	S	T	A	V	L	I	F	Y	W	H	M	C	P
0	0.01351	0.02167	0.31657	0.02130	0.02830	0.01463	0.42569	0.05000	0.01399	0.01966	0.01154	0.01453	0.00844	0.00532	0.00640	0.00194	0.00934	0.00589	0.00293	0.00836
1	0.02046	0.01219	0.01705	0.01334	0.01747	0.07128	0.14463	0.02408	0.06385	0.41045	0.06661	0.07700	0.01763	0.00796	0.00628	0.00189	0.00613	0.00712	0.00589	0.00870
2	0.02068	0.01296	0.06312	0.03889	0.05685	0.01209	0.04952	0.07442	0.12414	0.39115	0.01908	0.01829	0.01302	0.00727	0.00707	0.00193	0.06862	0.00585	0.00573	0.00932
3	0.12819	0.07065	0.11438	0.01713	0.17220	0.03579	0.05881	0.03654	0.01368	0.15173	0.01512	0.04637	0.03521	0.00653	0.00544	0.00173	0.00631	0.00546	0.00404	0.07469
4	0.01244	0.08095	0.22730	0.03971	0.02399	0.01352	0.29810	0.01754	0.03864	0.01855	0.05994	0.06656	0.01510	0.00730	0.00640	0.00197	0.00796	0.05297	0.00344	0.00766
5	0.00849	0.00570	0.00684	0.00716	0.00747	0.00557	0.00456	0.00875	0.00971	0.01276	0.02413	0.15523	0.07831	0.48764	0.02257	0.07493	0.00510	0.06707	0.00408	0.00394
6	0.01497	0.02448	0.48379	0.01613	0.02322	0.06012	0.09161	0.02038	0.01382	0.14020	0.04564	0.01539	0.01097	0.00615	0.00585	0.00186	0.00812	0.00514	0.00355	0.00862
7	0.01428	0.10051	0.19132	0.07585	0.19247	0.04144	0.18053	0.04487	0.06617	0.01909	0.01182	0.01437	0.00915	0.00560	0.00584	0.00181	0.00801	0.00529	0.00311	0.00846
8	0.01908	0.05996	0.07212	0.08331	0.05152	0.25838	0.03511	0.05313	0.01543	0.19043	0.01491	0.07691	0.01205	0.00735	0.00606	0.00178	0.02459	0.00576	0.00425	0.00787
9	0.00845	0.00619	0.00789	0.00873	0.00987	0.00591	0.00689	0.01027	0.01263	0.01627	0.05954	0.18624	0.18012	0.11819	0.01066	0.00289	0.00455	0.33448	0.00525	0.00500
10	0.01663	0.01698	0.14839	0.08477	0.17385	0.05800	0.15164	0.05916	0.03975	0.15387	0.02979	0.01624	0.01103	0.00609	0.00605	0.00185	0.00761	0.00564	0.00399	0.00869
11	0.01658	0.04192	0.16874	0.05595	0.08660	0.07214	0.01292	0.07731	0.14000	0.15847	0.01768	0.09561	0.01429	0.00779	0.00593	0.00188	0.00650	0.00646	0.00466	0.00855
12	0.00902	0.00584	0.00761	0.00830	0.00924	0.00542	0.00591	0.01041	0.01237	0.07088	0.09116	0.50003	0.09025	0.06748	0.00888	0.00253	0.00380	0.08003	0.00558	0.00525
13	0.01259	0.00734	0.00915	0.00888	0.01055	0.00710	0.00678	0.05889	0.01340	0.14392	0.02708	0.15297	0.07222	0.20876	0.01277	0.00310	0.00491	0.18439	0.04927	0.00594
14	0.25769	0.07858	0.10024	0.05345	0.07440	0.01498	0.14219	0.10213	0.05379	0.05263	0.01165	0.01337	0.00876	0.00578	0.00524	0.00182	0.00674	0.00481	0.00375	0.00800

[dist]
# distance from previous block
# <min> <max>
2	16

[block]
# block no. 3 follows, 39 sequences, length 16
# corresponding to MSA columns:
# 1037-1052
name=unknown_D
#
# <colnr> <probs for GDERKNQSTAVLIFYWHMCP>
#	G	D	E	R	K	N	Q	S	T	A	V	L	I	F	Y	W	H	M	C	P
0	0.01566	0.19308	0.19058	0.01227	0.01809	0.03995	0.01225	0.18384	0.01601	0.02196	0.01083	0.01209	0.00847	0.00550	0.00492	0.00142	0.00652	0.00406	0.00360	0.23891
1	0.03411	0.16344	0.23374	0.01817	0.02417	0.01610	0.29679	0.01869	0.01285	0.05052	0.01099	0.01359	0.00840	0.00570	0.00684	0.00186	0.06777	0.00527	0.00294	0.00806
2	0.00753	0.00547	0.00670	0.00743	0.00806	0.00508	0.00493	0.00855	0.01149	0.01506	0.08169	0.46011	0.15835	0.17694	0.01206	0.00298	0.00379	0.01398	0.00516	0.00464
3	0.21081	0.01165	0.08860	0.01111	0.01441	0.01020	0.07907	0.04916	0.03052	0.07719	0.09396	0.14993	0.02137	0.06915	0.00782	0.00231	0.00543	0.05601	0.00463	0.00669
4	0.05260	0.06772	0.25288	0.01770	0.12233	0.01310	0.11056	0.01977	0.07147	0.10706	0.04752	0.06360	0.01368	0.00692	0.00587	0.00187	0.00697	0.00613	0.00389	0.00837
5	0.10875	0.01558	0.02228	0.01757	0.04582	0.06706	0.25703	0.19671	0.05352	0.07078	0.01284	0.01472	0.00958	0.00641	0.00715	0.00192	0.07410	0.00564	0.00418	0.00836
6	0.00836	0.00581	0.00680	0.00698	0.00737	0.00557	0.00424	0.00878	0.00960	0.01287	0.02311	0.22516	0.04940	0.53849	0.02257	0.00456	0.00501	0.01055	0.00412	0.04063
7	0.01367	0.01709	0.13157	0.02327	0.10569	0.01443	0.45822	0.04584	0.01387	0.01924	0.01266	0.05581	0.01038	0.00615	0.00724	0.00199	0.04483	0.00680	0.00314	0.00808
8	0.01448	0.01368	0.02313	0.18343	0.49702	0.01427	0.07447	0.07218	0.01426	0.01981	0.01130	0.01494	0.00909	0.00552	0.00596	0.00182	0.00739	0.00541	0.00310	0.00874
9	0.00823	0.00599	0.00764	0.00850	0.00947	0.00570	0.00646	0.00987	0.01237	0.01609	0.07257	0.27724	0.15193	0.12415	0.01077	0.00288	0.00434	0.25563	0.00526	0.00493
10	0.07667	0.01172	0.01438	0.01109	0.01565	0.01132	0.00916	0.19908	0.01912	0.53827	0.02017	0.01803	0.01301	0.00715	0.00579	0.00182	0.00536	0.00562	0.00675	0.00983
11	0.01269	0.04528	0.45045	0.01888	0.02578	0.01482	0.22806	0.01828	0.01254	0.01818	0.01064	0.01346	0.00795	0.00592	0.00744	0.00197	0.09157	0.00518	0.00265	0.00824
12	0.07188	0.01408	0.11518	0.01182	0.01661	0.01187	0.01069	0.08114	0.19515	0.37784	0.02015	0.01846	0.01364	0.00713	0.00577	0.00187	0.00553	0.00569	0.00601	0.00948
13	0.02114	0.00972	0.01256	0.01021	0.01390	0.00904	0.00820	0.06959	0.07689	0.48744	0.13180	0.08193	0.02261	0.00892	0.00623	0.00189	0.00464	0.00750	0.00686	0.00894
14	0.17714	0.01228	0.02766	0.04712	0.07304	0.04072	0.04924	0.02455	0.08439	0.37791	0.01763	0.01696	0.01199	0.00661	0.00553	0.00185	0.00574	0.00536	0.00547	0.00883
15	0.11435	0.01412	0.01980	0.09974	0.18072	0.08181	0.14936	0.06618	0.06010	0.05949	0.01433	0.04632	0.01204	0.00693	0.00598	0.00191	0.00720	0.04783	0.00387	0.00790

[dist]
# distance from previous block
# <min> <max>
3	21

[block]
# block no. 4 follows, 39 sequences, length 11
# corresponding to MSA columns:
# 1082-1092
name=unknown_E
#
# <colnr> <probs for GDERKNQSTAVLIFYWHMCP>
#	G	D	E	R	K	N	Q	S	T	A	V	L	I	F	Y	W	H	M	C	P
0	0.12991	0.11650	0.17834	0.01207	0.01736	0.01433	0.01185	0.11835	0.10669	0.21495	0.01545	0.01512	0.01088	0.00647	0.00529	0.00178	0.00609	0.00488	0.00481	0.00887
1	0.04239	0.09392	0.07811	0.07257	0.06699	0.03684	0.01107	0.18112	0.07221	0.02303	0.06315	0.04385	0.03642	0.00704	0.00548	0.00164	0.00592	0.00566	0.00428	0.14831
2	0.05511	0.15524	0.04104	0.01387	0.01813	0.08649	0.17102	0.07494	0.05938	0.01997	0.09033	0.01932	0.06338	0.00700	0.00605	0.00170	0.02957	0.00598	0.00391	0.07757
3	0.07316	0.01372	0.06625	0.05887	0.01921	0.03208	0.11510	0.07975	0.08215	0.08620	0.03595	0.01553	0.01138	0.00583	0.00541	0.00155	0.00609	0.00504	0.00417	0.28255
4	0.01419	0.18164	0.31578	0.08207	0.08548	0.03704	0.06427	0.06887	0.06158	0.01906	0.01133	0.01326	0.00867	0.00573	0.00542	0.00175	0.00774	0.00465	0.00307	0.00840
5	0.00930	0.00717	0.00961	0.00878	0.00987	0.00723	0.06153	0.01166	0.07302	0.01475	0.07105	0.08660	0.07418	0.44205	0.08408	0.00470	0.00629	0.00909	0.00417	0.00488
6	0.08298	0.01451	0.01870	0.01600	0.08157	0.01545	0.10738	0.32803	0.13948	0.11151	0.01582	0.01607	0.01139	0.00671	0.00590	0.00185	0.00640	0.00567	0.00527	0.00932
7	0.09028	0.08119	0.06322	0.01327	0.01813	0.03403	0.08322	0.24838	0.06602	0.22014	0.01566	0.01546	0.01094	0.00658	0.00563	0.00179	0.00641	0.00528	0.00524	0.00912
8	0.02006	0.01220	0.01374	0.01108	0.01495	0.01281	0.00897	0.29624	0.14435	0.22609	0.02061	0.01971	0.03839	0.00755	0.00572	0.00178	0.00514	0.00599	0.12551	0.00911
9	0.00718	0.00572	0.00628	0.00669	0.00804	0.00499	0.00472	0.00842	0.01247	0.01537	0.04867	0.27049	0.48618	0.07648	0.00895	0.00241	0.00334	0.01345	0.00534	0.00483
10	0.02022	0.01474	0.08076	0.01740	0.16925	0.01362	0.01254	0.21863	0.11140	0.25360	0.01734	0.01698	0.01213	0.00678	0.00590	0.00183	0.00612	0.00560	0.00546	0.00972

[dist]
# distance from previous block
# <min> <max>
0	3

[block]
# block no. 5 follows, 39 sequences, length 12
# corresponding to MSA columns:
# 1096,1097,1102-1111
name=unknown_F
#
# <colnr> <probs for GDERKNQSTAVLIFYWHMCP>
#	G	D	E	R	K	N	Q	S	T	A	V	L	I	F	Y	W	H	M	C	P
0	0.03735	0.01405	0.02088	0.10949	0.33819	0.04749	0.08024	0.13516	0.01583	0.02190	0.07556	0.01699	0.01308	0.00647	0.00658	0.00184	0.04102	0.00578	0.00371	0.00839
1	0.34334	0.16048	0.01499	0.00988	0.01354	0.10691	0.00830	0.08980	0.01364	0.05297	0.01433	0.01517	0.07247	0.00675	0.00507	0.00171	0.03308	0.00453	0.02597	0.00706
2	0.00737	0.00532	0.00701	0.00831	0.00882	0.00496	0.00574	0.00855	0.01161	0.01534	0.03401	0.69356	0.07832	0.01817	0.00756	0.00240	0.00356	0.06903	0.00549	0.00486
3	0.02167	0.01617	0.08216	0.01389	0.01888	0.04762	0.06889	0.34602	0.05626	0.24222	0.01661	0.01613	0.01136	0.00687	0.00596	0.00182	0.00664	0.00555	0.00567	0.00961
4	0.01472	0.02174	0.38287	0.02044	0.16625	0.01337	0.10283	0.02084	0.06613	0.11354	0.01346	0.01498	0.00970	0.00587	0.00590	0.00187	0.00779	0.00522	0.00351	0.00898
5	0.33346	0.01831	0.01290	0.01165	0.01500	0.31089	0.00903	0.02294	0.17486	0.02139	0.01209	0.01277	0.00945	0.00629	0.00484	0.00175	0.00700	0.00421	0.00394	0.00723
6	0.02031	0.01245	0.01576	0.05977	0.01801	0.01290	0.04772	0.24349	0.12990	0.27765	0.08242	0.02019	0.01660	0.00756	0.00609	0.00186	0.00567	0.00629	0.00610	0.00924
7	0.01303	0.11510	0.48435	0.08203	0.02487	0.04756	0.05585	0.01950	0.06939	0.01815	0.01138	0.01327	0.00844	0.00575	0.00552	0.00181	0.00822	0.00460	0.00283	0.00835
8	0.03970	0.09450	0.08198	0.10124	0.02068	0.44469	0.01244	0.04679	0.05582	0.01653	0.01047	0.01230	0.00842	0.00689	0.02184	0.00180	0.00926	0.00421	0.00319	0.00726
9	0.00722	0.00530	0.00679	0.00790	0.00851	0.00486	0.00536	0.00839	0.01183	0.01556	0.06509	0.66098	0.13492	0.01780	0.00745	0.00233	0.00335	0.01599	0.00553	0.00486
10	0.04092	0.01575	0.05122	0.04737	0.02930	0.01460	0.61086	0.04106	0.01429	0.05606	0.01239	0.01580	0.00913	0.00523	0.00672	0.00197	0.00935	0.00663	0.00329	0.00807
11	0.02115	0.02013	0.01706	0.01428	0.01812	0.33749	0.04852	0.19892	0.13257	0.11131	0.01455	0.01471	0.01075	0.00673	0.00574	0.00172	0.00801	0.00505	0.00472	0.00847

[dist]
# distance from previous block
# <min> <max>
0	9

[block]
# block no. 6 follows, 39 sequences, length 11
# corresponding to MSA columns:
# 1129,1130,1153,1155-1162
name=unknown_G
#
# <colnr> <probs for GDERKNQSTAVLIFYWHMCP>
#	G	D	E	R	K	N	Q	S	T	A	V	L	I	F	Y	W	H	M	C	P
0	0.09644	0.15865	0.42460	0.01339	0.02033	0.01437	0.01567	0.01830	0.01231	0.04892	0.01046	0.01195	0.00786	0.00541	0.00495	0.00162	0.00715	0.00399	0.00295	0.12070
1	0.01593	0.16050	0.30253	0.01513	0.02150	0.04745	0.11668	0.04026	0.03620	0.13068	0.01274	0.01385	0.00926	0.00576	0.00548	0.00171	0.00761	0.00479	0.00358	0.04835
2	0.01550	0.52347	0.17365	0.01297	0.05323	0.04241	0.01279	0.01906	0.04183	0.04256	0.01005	0.01125	0.00833	0.00541	0.00447	0.00147	0.00685	0.00376	0.00287	0.00804
3	0.00728	0.00541	0.00679	0.00769	0.00848	0.00492	0.00529	0.00859	0.01233	0.01617	0.11283	0.55981	0.18856	0.01713	0.00737	0.00226	0.00327	0.01528	0.00560	0.00492
4	0.02027	0.00981	0.01259	0.01058	0.01409	0.00931	0.00859	0.10107	0.06301	0.42657	0.06168	0.11198	0.02146	0.00989	0.00644	0.00200	0.00493	0.09046	0.00662	0.00866
5	0.07443	0.01850	0.05306	0.04094	0.25933	0.22277	0.01361	0.13791	0.01672	0.08982	0.01197	0.01356	0.00916	0.00603	0.00557	0.00172	0.00770	0.00475	0.00388	0.00855
6	0.01248	0.00782	0.01033	0.01068	0.01265	0.00781	0.00893	0.01661	0.10041	0.13164	0.02938	0.13434	0.02974	0.01422	0.00751	0.00247	0.00507	0.44558	0.00580	0.00654
7	0.00846	0.00583	0.00726	0.00793	0.00833	0.00574	0.00544	0.00935	0.01045	0.01383	0.02513	0.23745	0.02890	0.41510	0.01927	0.00419	0.00508	0.17343	0.00450	0.00432
8	0.37154	0.01831	0.22775	0.01186	0.01716	0.03921	0.01201	0.13159	0.04585	0.05806	0.01124	0.01220	0.00820	0.00599	0.00484	0.00183	0.00631	0.00416	0.00392	0.00796
9	0.39122	0.07098	0.01598	0.01286	0.04536	0.13106	0.09363	0.07056	0.04241	0.02276	0.01112	0.04768	0.00934	0.00631	0.00484	0.00179	0.00646	0.00474	0.00372	0.00717
10	0.04559	0.00730	0.00987	0.00968	0.01127	0.00711	0.05354	0.01287	0.06507	0.06633	0.03035	0.39550	0.09720	0.07158	0.00879	0.00252	0.00445	0.08995	0.00526	0.00576

[dist]
# distance from previous block
# <min> <max>
32	352

[block]
# block no. 7 follows, 39 sequences, length 29
# corresponding to MSA columns:
# 1588-1607,1628-1636
name=unknown_H
#
# <colnr> <probs for GDERKNQSTAVLIFYWHMCP>
#	G	D	E	R	K	N	Q	S	T	A	V	L	I	F	Y	W	H	M	C	P
0	0.01588	0.01503	0.02541	0.06040	0.65552	0.01482	0.07716	0.01905	0.01434	0.02046	0.01264	0.01679	0.01068	0.00627	0.00657	0.00206	0.00775	0.00588	0.00344	0.00986
1	0.01003	0.00741	0.01030	0.01023	0.01132	0.00813	0.00769	0.01150	0.01041	0.01496	0.01745	0.02642	0.01665	0.11138	0.68507	0.00925	0.01518	0.00698	0.00372	0.00592
2	0.01374	0.01154	0.01326	0.00978	0.01506	0.00876	0.00765	0.01590	0.01318	0.02058	0.01200	0.01433	0.01017	0.00540	0.00504	0.00117	0.00490	0.00401	0.00401	0.80953
3	0.13675	0.09363	0.27852	0.01645	0.09322	0.05393	0.03224	0.02125	0.05446	0.11509	0.01451	0.03727	0.01139	0.00723	0.00595	0.00207	0.00743	0.00538	0.00417	0.00904
4	0.01161	0.00641	0.00899	0.00893	0.00918	0.00630	0.00605	0.00917	0.00891	0.01214	0.01232	0.02043	0.01209	0.02355	0.09745	0.72719	0.00670	0.00573	0.00315	0.00370
5	0.00886	0.00633	0.00797	0.00919	0.00966	0.00579	0.00609	0.00942	0.01214	0.01634	0.03294	0.73893	0.03903	0.05325	0.00913	0.00281	0.00407	0.01664	0.00586	0.00556
6	0.01455	0.08067	0.32393	0.08923	0.02426	0.04212	0.11249	0.09187	0.03212	0.05536	0.03244	0.01465	0.00996	0.00623	0.00643	0.00186	0.04502	0.00514	0.00338	0.00829
7	0.06693	0.05462	0.29402	0.01685	0.08145	0.01487	0.08515	0.18006	0.04835	0.05860	0.03479	0.01480	0.01055	0.00621	0.00571	0.00183	0.00732	0.00515	0.00392	0.00881
8	0.01769	0.02058	0.01842	0.01881	0.13872	0.38425	0.01306	0.01946	0.01355	0.01519	0.00899	0.01211	0.00796	0.00743	0.01029	0.00193	0.27704	0.00452	0.00287	0.00714
9	0.10840	0.03700	0.04360	0.25094	0.30852	0.01390	0.03926	0.05241	0.01341	0.06132	0.01137	0.01451	0.00879	0.00569	0.00560	0.00183	0.00700	0.00503	0.00329	0.00814
10	0.06372	0.17343	0.15264	0.01308	0.01858	0.01616	0.05261	0.23607	0.03638	0.10734	0.01293	0.01353	0.00947	0.00608	0.00527	0.00166	0.00660	0.00468	0.00433	0.06546
11	0.01720	0.01492	0.01856	0.02144	0.29169	0.06205	0.01309	0.25469	0.13633	0.02610	0.07109	0.01771	0.01445	0.00689	0.00595	0.00180	0.00638	0.00584	0.00469	0.00914
12	0.00741	0.00557	0.00690	0.00790	0.00869	0.00517	0.00542	0.00906	0.03632	0.01560	0.03787	0.61375	0.18371	0.01745	0.00738	0.00231	0.00338	0.01559	0.00551	0.00499
13	0.01788	0.01640	0.09415	0.01262	0.01789	0.05159	0.02968	0.34578	0.01981	0.05050	0.01258	0.01343	0.00935	0.00595	0.00538	0.00148	0.00629	0.00461	0.00459	0.28004
14	0.01596	0.01451	0.09130	0.01463	0.05172	0.01194	0.13358	0.12273	0.05793	0.11150	0.01366	0.01482	0.01013	0.00560	0.00552	0.00151	0.00628	0.00500	0.00425	0.30743
15	0.01494	0.09207	0.47953	0.01503	0.02207	0.03863	0.01740	0.13324	0.03264	0.06047	0.01250	0.03349	0.00937	0.00631	0.00558	0.00181	0.00780	0.00487	0.00348	0.00877
16	0.01406	0.35054	0.27023	0.01603	0.02252	0.01813	0.19552	0.01835	0.01266	0.01675	0.00994	0.01209	0.00790	0.00522	0.00519	0.00165	0.00803	0.00451	0.00263	0.00806
17	0.01052	0.00964	0.05844	0.09537	0.12233	0.02464	0.00948	0.01255	0.01103	0.03494	0.03794	0.12328	0.01899	0.25938	0.14179	0.00441	0.00775	0.00804	0.00366	0.00581
18	0.01380	0.04775	0.41649	0.03977	0.02418	0.04239	0.13953	0.03947	0.06464	0.05582	0.01302	0.03854	0.00993	0.00631	0.00617	0.00190	0.02315	0.00545	0.00328	0.00842
19	0.01352	0.01369	0.01949	0.46502	0.25108	0.10432	0.01634	0.01704	0.01291	0.01629	0.01053	0.01482	0.00829	0.00574	0.00583	0.00185	0.00796	0.00509	0.00277	0.00744
20	0.00849	0.00617	0.00864	0.00864	0.00940	0.00692	0.00632	0.01001	0.00925	0.01309	0.01663	0.02760	0.01668	0.25529	0.56039	0.00844	0.01299	0.00697	0.00329	0.00480
21	0.03439	0.02174	0.34122	0.08395	0.02462	0.07263	0.14004	0.05093	0.07314	0.04020	0.05070	0.01586	0.01143	0.00621	0.00593	0.00188	0.00809	0.00542	0.00344	0.00819
22	0.01468	0.01634	0.09365	0.08047	0.37152	0.05617	0.17050	0.01856	0.01338	0.04191	0.01128	0.01464	0.00898	0.00571	0.00690	0.00187	0.05640	0.00548	0.00301	0.00852
23	0.01396	0.01595	0.03490	0.02493	0.03091	0.01496	0.73380	0.01894	0.01396	0.01894	0.01196	0.01595	0.00897	0.00499	0.00698	0.00199	0.00997	0.00698	0.00299	0.00798
24	0.01130	0.01061	0.03578	0.03266	0.03602	0.03171	0.09522	0.03187	0.01149	0.03003	0.01764	0.20068	0.01838	0.06726	0.14159	0.00374	0.18394	0.03015	0.00377	0.00616
25	0.02961	0.06584	0.23773	0.06243	0.16433	0.02876	0.05215	0.07957	0.08070	0.07968	0.01441	0.01586	0.02587	0.00622	0.00567	0.00181	0.00709	0.00525	0.02840	0.00864
26	0.00736	0.00550	0.00685	0.00758	0.00849	0.00498	0.00528	0.00881	0.01277	0.01682	0.16596	0.48993	0.20494	0.01658	0.00732	0.00221	0.00322	0.01474	0.00567	0.00498
27	0.00928	0.00666	0.00936	0.01059	0.01185	0.00674	0.00906	0.01183	0.01306	0.01714	0.02985	0.10748	0.03244	0.01926	0.08374	0.00338	0.00635	0.60131	0.00522	0.00539
28	0.21049	0.03383	0.09778	0.03883	0.20478	0.01329	0.11688	0.01859	0.08254	0.02134	0.03751	0.03999	0.01190	0.00631	0.00545	0.00185	0.00639	0.00557	0.03887	0.00783

[dist]
# distance from previous block
# <min> <max>
0	2

[block]
# block no. 8 follows, 39 sequences, length 12
# corresponding to MSA columns:
# 1639-1650
name=unknown_I
#
# <colnr> <probs for GDERKNQSTAVLIFYWHMCP>
#	G	D	E	R	K	N	Q	S	T	A	V	L	I	F	Y	W	H	M	C	P
0	0.01255	0.07367	0.22396	0.05485	0.17076	0.01337	0.17133	0.01735	0.03296	0.01892	0.09388	0.01985	0.05690	0.00669	0.00608	0.00185	0.00737	0.00628	0.00340	0.00798
1	0.00742	0.00595	0.00662	0.00658	0.00828	0.00515	0.00489	0.00926	0.01430	0.01822	0.26393	0.10418	0.49568	0.01437	0.00702	0.00198	0.00296	0.01225	0.00579	0.00515
2	0.01102	0.00969	0.13085	0.00749	0.01009	0.00688	0.00715	0.01446	0.01265	0.02159	0.05748	0.02166	0.01609	0.00696	0.00453	0.00149	0.00375	0.00560	0.64452	0.00605
3	0.18786	0.03248	0.11641	0.07069	0.10479	0.08595	0.03776	0.06071	0.05804	0.09180	0.02883	0.04074	0.01179	0.00691	0.00573	0.00187	0.02117	0.02461	0.00400	0.00785
4	0.01242	0.02267	0.40903	0.01875	0.02513	0.01425	0.23743	0.01773	0.01244	0.01805	0.01169	0.05001	0.00946	0.00664	0.00789	0.00203	0.10771	0.00585	0.00280	0.00803
5	0.00800	0.00553	0.00684	0.00749	0.00773	0.00541	0.00476	0.00862	0.01001	0.01337	0.02520	0.37475	0.02957	0.39586	0.04381	0.00427	0.00503	0.03504	0.00448	0.00425
6	0.01242	0.09127	0.62641	0.01753	0.04968	0.01462	0.07059	0.01864	0.01258	0.01837	0.01053	0.01256	0.00767	0.00552	0.00557	0.00183	0.00857	0.00448	0.00255	0.00861
7	0.01598	0.01495	0.10610	0.09569	0.32679	0.03055	0.01497	0.09827	0.01513	0.11955	0.01460	0.07553	0.01206	0.00688	0.00594	0.00183	0.00673	0.00609	0.00399	0.02840
8	0.01226	0.08806	0.67159	0.01673	0.02506	0.01453	0.05467	0.01866	0.01252	0.01837	0.01049	0.01242	0.00757	0.00555	0.00554	0.00183	0.00861	0.00440	0.00252	0.00862
9	0.10190	0.01613	0.08212	0.04263	0.25880	0.05831	0.08092	0.12167	0.12111	0.03938	0.01330	0.01499	0.01019	0.00606	0.00572	0.00183	0.00696	0.00528	0.00394	0.00876
10	0.01398	0.18446	0.24123	0.01273	0.01884	0.01426	0.04661	0.05279	0.06446	0.03691	0.01155	0.01288	0.00899	0.00538	0.00497	0.00145	0.00650	0.00422	0.00335	0.25442
11	0.11644	0.14860	0.08416	0.06358	0.04584	0.05909	0.03944	0.10904	0.13731	0.10396	0.01442	0.02936	0.01101	0.00653	0.00531	0.00177	0.00640	0.00510	0.00432	0.00834

[dist]
# distance from previous block
# <min> <max>
0	6

[block]
# block no. 9 follows, 39 sequences, length 26
# corresponding to MSA columns:
# 1657-1682
name=unknown_J
#
# <colnr> <probs for GDERKNQSTAVLIFYWHMCP>
#	G	D	E	R	K	N	Q	S	T	A	V	L	I	F	Y	W	H	M	C	P
0	0.01467	0.03221	0.07576	0.22300	0.33556	0.05531	0.08221	0.04977	0.01392	0.04477	0.01140	0.01474	0.00889	0.00563	0.00589	0.00182	0.00773	0.00526	0.00311	0.00835
1	0.03947	0.04418	0.22717	0.10107	0.10619	0.01360	0.10079	0.08779	0.05285	0.10052	0.03304	0.04185	0.01178	0.00657	0.00590	0.00187	0.00723	0.00577	0.00389	0.00846
2	0.01251	0.01118	0.01847	0.59144	0.16013	0.01318	0.01613	0.01681	0.04096	0.04583	0.01166	0.01599	0.00880	0.00594	0.00591	0.00193	0.00750	0.00534	0.00300	0.00729
3	0.00878	0.00616	0.00772	0.00734	0.00762	0.00610	0.03586	0.00904	0.00895	0.01195	0.01892	0.06876	0.02168	0.72541	0.02815	0.00543	0.00582	0.00887	0.00364	0.00383
4	0.01415	0.16340	0.40401	0.06885	0.06601	0.03672	0.05442	0.09096	0.01416	0.01942	0.01060	0.01260	0.00798	0.00565	0.00542	0.00175	0.00804	0.00448	0.00292	0.00846
5	0.01545	0.01302	0.01655	0.04464	0.23285	0.08866	0.03920	0.06950	0.09252	0.09364	0.06970	0.03552	0.06939	0.00801	0.00610	0.00185	0.00613	0.04365	0.04559	0.00804
6	0.00818	0.00644	0.00745	0.00730	0.00900	0.00595	0.00547	0.01128	0.06644	0.01975	0.33908	0.10595	0.34310	0.01360	0.00698	0.00199	0.00312	0.02744	0.00595	0.00554
7	0.00742	0.00533	0.00700	0.00825	0.00873	0.00500	0.00566	0.00856	0.01148	0.01518	0.03323	0.66980	0.07187	0.04980	0.00849	0.00254	0.00365	0.06778	0.00541	0.00481
8	0.04891	0.30863	0.13085	0.01389	0.05494	0.04330	0.04409	0.15760	0.03163	0.09622	0.01194	0.01277	0.00910	0.00589	0.00502	0.00161	0.00682	0.00441	0.00384	0.00856
9	0.00863	0.06016	0.01002	0.03065	0.02944	0.00746	0.00694	0.00995	0.01146	0.01530	0.05196	0.55833	0.03305	0.05283	0.00896	0.00246	0.04870	0.04352	0.00492	0.00525
10	0.00953	0.00681	0.00953	0.01089	0.01225	0.00681	0.00953	0.01225	0.01361	0.01770	0.03131	0.06671	0.03403	0.01634	0.00817	0.00272	0.00545	0.71547	0.00545	0.00545
11	0.01343	0.01659	0.10521	0.11821	0.03083	0.01459	0.53527	0.01906	0.05006	0.01873	0.01225	0.01588	0.00914	0.00532	0.00666	0.00198	0.00932	0.00648	0.00305	0.00795
12	0.01386	0.01932	0.24315	0.06918	0.28168	0.01435	0.19645	0.05524	0.01394	0.01973	0.01130	0.01437	0.00867	0.00543	0.00607	0.00186	0.00828	0.00543	0.00295	0.00871
13	0.00817	0.00588	0.00794	0.00916	0.01002	0.00564	0.00706	0.00998	0.01257	0.01657	0.06726	0.43893	0.06515	0.01722	0.00775	0.00249	0.00418	0.29341	0.00552	0.00510
14	0.01396	0.01595	0.03490	0.02493	0.03091	0.01496	0.73380	0.01894	0.01396	0.01894	0.01196	0.01595	0.00897	0.00499	0.00698	0.00199	0.00997	0.00698	0.00299	0.00798
15	0.04433	0.40505	0.16403	0.01446	0.09220	0.08707	0.01300	0.01948	0.01306	0.08305	0.01041	0.01164	0.00835	0.00550	0.00468	0.00152	0.00707	0.00391	0.00308	0.00810
16	0.01020	0.00626	0.00790	0.00811	0.00925	0.00632	0.00587	0.04136	0.01208	0.06206	0.02418	0.34302	0.02522	0.06414	0.15513	0.00367	0.00603	0.01059	0.19308	0.00552
17	0.83394	0.01144	0.00869	0.00778	0.01144	0.01327	0.00640	0.01738	0.01006	0.02653	0.00823	0.00961	0.00640	0.00549	0.00366	0.00183	0.00457	0.00320	0.00366	0.00640
18	0.01427	0.01595	0.02989	0.02321	0.07088	0.05880	0.50726	0.01824	0.01312	0.01778	0.01092	0.01498	0.00868	0.00612	0.00926	0.00207	0.16162	0.00634	0.00291	0.00770
19	0.01243	0.00991	0.01175	0.00879	0.01348	0.00759	0.00693	0.01487	0.01239	0.05581	0.01353	0.09631	0.01233	0.00605	0.00480	0.00109	0.00431	0.00506	0.00391	0.69865
20	0.01226	0.01051	0.01226	0.00876	0.01401	0.00788	0.00701	0.01489	0.01226	0.01927	0.01051	0.01226	0.00876	0.00438	0.00438	0.00088	0.00438	0.00350	0.00350	0.82832
21	0.01574	0.13267	0.16617	0.02280	0.31272	0.01453	0.05894	0.01998	0.03684	0.11731	0.01267	0.01442	0.00968	0.00562	0.00554	0.00171	0.00700	0.00496	0.00349	0.03721
22	0.01310	0.27118	0.53182	0.01474	0.02232	0.01677	0.01816	0.01841	0.01234	0.01721	0.00986	0.01154	0.00752	0.00544	0.00504	0.00168	0.00798	0.00399	0.00251	0.00838
23	0.00715	0.00536	0.00665	0.00768	0.00843	0.00485	0.00524	0.00830	0.01186	0.01531	0.03935	0.60731	0.21575	0.01765	0.00741	0.00230	0.00332	0.01574	0.00549	0.00485
24	0.04950	0.00752	0.00936	0.00843	0.01070	0.00699	0.00644	0.04268	0.01550	0.20525	0.30217	0.16296	0.10992	0.02666	0.00707	0.00203	0.00376	0.01016	0.00623	0.00667
25	0.60344	0.01264	0.07104	0.00896	0.01299	0.01247	0.00794	0.01905	0.03606	0.11742	0.01129	0.01278	0.00854	0.03795	0.00527	0.00200	0.00502	0.00398	0.00410	0.00704

[dist]
# distance from previous block
# <min> <max>
13	29

[block]
# block no. 10 follows, 39 sequences, length 7
# corresponding to MSA columns:
# 1714-1720
name=unknown_K
#
# <colnr> <probs for GDERKNQSTAVLIFYWHMCP>
#	G	D	E	R	K	N	Q	S	T	A	V	L	I	F	Y	W	H	M	C	P
0	0.17773	0.04907	0.01702	0.01382	0.06567	0.08344	0.10298	0.06261	0.03603	0.11206	0.01277	0.01482	0.00990	0.00586	0.00516	0.00160	0.00624	0.02206	0.00408	0.19707
1	0.05325	0.10108	0.24710	0.01524	0.02100	0.18583	0.10449	0.07301	0.01473	0.04012	0.01072	0.01240	0.00818	0.00563	0.00537	0.00164	0.00822	0.00443	0.00322	0.08435
2	0.01549	0.05580	0.02971	0.02100	0.02649	0.08867	0.51504	0.04782	0.01465	0.04468	0.01187	0.01489	0.00899	0.00521	0.00637	0.00181	0.00910	0.00610	0.00328	0.07303
3	0.01102	0.00551	0.00551	0.00551	0.00689	0.00551	0.00413	0.01378	0.01240	0.02205	0.01929	0.02205	0.01516	0.00689	0.00413	0.00138	0.00276	0.00551	0.82500	0.00551
4	0.01615	0.01209	0.01341	0.07145	0.01636	0.04711	0.00907	0.24019	0.06645	0.07913	0.07813	0.08526	0.01718	0.00796	0.00572	0.00167	0.00533	0.00653	0.07144	0.14935
5	0.00880	0.00730	0.00951	0.00884	0.01084	0.00690	0.05406	0.01246	0.08926	0.01914	0.23289	0.13645	0.30965	0.01335	0.00703	0.00206	0.00378	0.05622	0.00565	0.00580
6	0.01151	0.00830	0.01078	0.01131	0.01318	0.00857	0.00979	0.12259	0.01578	0.02068	0.02870	0.05870	0.03038	0.01493	0.00782	0.00258	0.00561	0.60714	0.00552	0.00615

[dist]
# distance from previous block
# <min> <max>
0	0

# created by:
# /home/cegg/simao/soft/augustus-3.2.1/scripts/msa2prfl.pl ./align_prep/EOG091G0IMB.fa
