[name]
unknown

[dist]
# distance from previous block
# <min> <max>
5	59

[block]
# block no. 0 follows, 39 sequences, length 46
# corresponding to MSA columns:
# 337-349,353-361,428-450,456
name=unknown_A
#
# <colnr> <probs for GDERKNQSTAVLIFYWHMCP>
#	G	D	E	R	K	N	Q	S	T	A	V	L	I	F	Y	W	H	M	C	P
0	0.06616	0.19243	0.13575	0.01365	0.01847	0.08314	0.12589	0.01904	0.07438	0.05717	0.01529	0.08579	0.03408	0.00712	0.00548	0.00173	0.00690	0.00601	0.00367	0.04786
1	0.09737	0.11766	0.29888	0.01305	0.01893	0.04485	0.05344	0.02723	0.01280	0.04177	0.03165	0.02578	0.04078	0.00730	0.02789	0.00188	0.00715	0.00488	0.00329	0.12341
2	0.10772	0.08031	0.29440	0.01375	0.05360	0.02838	0.04480	0.01727	0.03499	0.03465	0.04872	0.01916	0.04124	0.05025	0.00676	0.00198	0.00664	0.02636	0.03060	0.05844
3	0.03054	0.00936	0.01090	0.00965	0.01213	0.00966	0.00762	0.13025	0.08636	0.04463	0.20283	0.09957	0.14232	0.01119	0.00732	0.00195	0.05289	0.05506	0.00553	0.07025
4	0.03580	0.28503	0.02174	0.01502	0.11058	0.23020	0.01113	0.09810	0.01550	0.01847	0.04827	0.01298	0.01065	0.00594	0.00493	0.00148	0.00732	0.00427	0.00339	0.05922
5	0.00965	0.00737	0.01069	0.00996	0.01120	0.00831	0.03872	0.04581	0.01051	0.01501	0.01587	0.02464	0.01518	0.16363	0.52113	0.00764	0.04193	0.00662	0.03073	0.00540
6	0.01440	0.01381	0.02358	0.08641	0.70700	0.01399	0.01803	0.01794	0.01335	0.01904	0.01108	0.01471	0.00927	0.00531	0.00586	0.00177	0.00708	0.00527	0.00291	0.00918
7	0.01592	0.07618	0.06384	0.10351	0.16513	0.01413	0.07631	0.09311	0.02731	0.12838	0.06074	0.03470	0.01338	0.00716	0.00742	0.00190	0.09259	0.00593	0.00410	0.00826
8	0.01343	0.01530	0.09210	0.12886	0.33811	0.01397	0.22706	0.01760	0.01312	0.01832	0.01186	0.04051	0.00983	0.00587	0.00658	0.00191	0.02826	0.00607	0.00294	0.00830
9	0.00845	0.00634	0.00950	0.00950	0.01056	0.00739	0.00739	0.01056	0.00950	0.01373	0.01584	0.02323	0.01478	0.04435	0.76873	0.00950	0.01584	0.00634	0.00317	0.00528
10	0.01242	0.01165	0.01967	0.40013	0.28880	0.01295	0.04721	0.01646	0.03433	0.01725	0.01254	0.05368	0.01051	0.00636	0.00597	0.00190	0.00721	0.00595	0.02743	0.00758
11	0.01815	0.04189	0.06262	0.04310	0.01768	0.29506	0.04210	0.09175	0.06991	0.09771	0.01402	0.01750	0.01153	0.10850	0.04078	0.00254	0.00840	0.00533	0.00402	0.00740
12	0.00725	0.00517	0.00685	0.00818	0.00851	0.00483	0.00543	0.00825	0.01123	0.01498	0.03214	0.76415	0.03855	0.04346	0.00827	0.00251	0.00351	0.01655	0.00543	0.00476
13	0.01464	0.01405	0.02400	0.03630	0.75528	0.01405	0.01815	0.01815	0.01347	0.01932	0.01112	0.01464	0.00937	0.00527	0.00585	0.00176	0.00703	0.00527	0.00293	0.00937
14	0.04285	0.01115	0.01846	0.62268	0.16118	0.01330	0.01634	0.01571	0.01204	0.01626	0.01053	0.01534	0.00808	0.00579	0.00582	0.00193	0.00761	0.00518	0.00272	0.00704
15	0.01476	0.01453	0.02307	0.09818	0.65362	0.05585	0.01763	0.01819	0.01351	0.01869	0.01096	0.01451	0.00914	0.00537	0.00583	0.00176	0.00730	0.00519	0.00291	0.00899
16	0.00735	0.00522	0.00691	0.00820	0.00855	0.00491	0.00549	0.00836	0.01123	0.01496	0.03177	0.72646	0.03798	0.06240	0.00885	0.00260	0.00362	0.03501	0.00538	0.00475
17	0.01425	0.01370	0.02315	0.09611	0.65451	0.01421	0.01771	0.01768	0.01308	0.01869	0.01088	0.01463	0.00915	0.00561	0.00663	0.00182	0.05107	0.00526	0.00288	0.00897
18	0.00960	0.00758	0.00830	0.00817	0.00868	0.05005	0.00542	0.01076	0.03398	0.01287	0.01841	0.08947	0.02018	0.49618	0.16122	0.00569	0.03697	0.00834	0.00366	0.00447
19	0.00721	0.00515	0.00686	0.00823	0.00858	0.00480	0.00549	0.00823	0.01132	0.01510	0.03259	0.78831	0.03911	0.01853	0.00755	0.00240	0.00343	0.01681	0.00549	0.00480
20	0.00735	0.00589	0.00658	0.00665	0.00828	0.00511	0.00489	0.00910	0.01398	0.01774	0.22451	0.15462	0.48496	0.01476	0.00706	0.00202	0.00301	0.01264	0.00574	0.00511
21	0.00846	0.00629	0.00928	0.00928	0.01025	0.00727	0.00711	0.01041	0.00944	0.01356	0.01605	0.02439	0.01528	0.10010	0.71366	0.00922	0.01509	0.00650	0.00320	0.00515
22	0.01186	0.03059	0.76153	0.01686	0.02560	0.01373	0.02185	0.01873	0.01249	0.01873	0.01061	0.01249	0.00749	0.00562	0.00562	0.00187	0.00874	0.00437	0.00250	0.00874
23	0.01965	0.02442	0.02105	0.01750	0.02105	0.54800	0.17922	0.02196	0.01564	0.01550	0.00971	0.01203	0.00794	0.00609	0.00657	0.00170	0.05724	0.00463	0.00301	0.00709
24	0.01186	0.03059	0.76153	0.01686	0.02560	0.01373	0.02185	0.01873	0.01249	0.01873	0.01061	0.01249	0.00749	0.00562	0.00562	0.00187	0.00874	0.00437	0.00250	0.00874
25	0.01197	0.00616	0.00657	0.00626	0.00779	0.00617	0.00467	0.03642	0.01272	0.06322	0.01920	0.02316	0.01550	0.07533	0.03112	0.00205	0.00368	0.00582	0.65648	0.00574
26	0.00851	0.00572	0.00659	0.00667	0.00673	0.00575	0.00384	0.00866	0.00879	0.01176	0.01932	0.08067	0.02224	0.71905	0.05764	0.00569	0.00600	0.00898	0.00368	0.00372
27	0.01362	0.01564	0.07594	0.08372	0.02900	0.01416	0.53050	0.05520	0.01447	0.01964	0.03504	0.01935	0.01167	0.00607	0.00682	0.00201	0.00907	0.04693	0.00333	0.00780
28	0.01353	0.16334	0.47566	0.01535	0.02230	0.01502	0.05838	0.01869	0.01269	0.06411	0.01203	0.01546	0.00943	0.00632	0.00604	0.00184	0.03717	0.04134	0.00299	0.00832
29	0.01748	0.07011	0.36267	0.01366	0.01985	0.07452	0.01493	0.02179	0.01435	0.25967	0.03814	0.04059	0.01235	0.00679	0.00569	0.00181	0.00718	0.00536	0.00434	0.00872
30	0.00718	0.00524	0.00676	0.00798	0.00851	0.00483	0.00538	0.00826	0.01157	0.01520	0.03573	0.70448	0.12092	0.01812	0.00748	0.00236	0.00338	0.01632	0.00549	0.00483
31	0.01119	0.01048	0.01746	0.69415	0.05968	0.01296	0.01584	0.01498	0.01202	0.01562	0.04621	0.01701	0.01023	0.00633	0.00640	0.00198	0.03250	0.00552	0.00282	0.00660
32	0.01727	0.06356	0.01947	0.10948	0.21343	0.08310	0.04436	0.15019	0.09107	0.08865	0.01411	0.01568	0.01068	0.00627	0.00569	0.00176	0.00682	0.00530	0.04449	0.00863
33	0.02207	0.01385	0.01426	0.01174	0.01569	0.12471	0.00947	0.15163	0.09554	0.36764	0.02184	0.02206	0.04974	0.00801	0.00602	0.00185	0.00602	0.04273	0.00611	0.00902
34	0.01357	0.01616	0.07086	0.10112	0.03163	0.01471	0.62386	0.01854	0.01366	0.01854	0.01175	0.01575	0.00879	0.00511	0.00680	0.00199	0.00969	0.00667	0.00293	0.00787
35	0.01375	0.01244	0.05215	0.37030	0.23318	0.01276	0.06176	0.01750	0.01284	0.09233	0.01238	0.01618	0.00942	0.00794	0.04830	0.00231	0.00797	0.00546	0.00324	0.00781
36	0.01366	0.01358	0.02185	0.32280	0.39085	0.05563	0.06223	0.01732	0.01304	0.01739	0.01083	0.01494	0.00867	0.00555	0.00592	0.00184	0.00775	0.00529	0.00282	0.00805
37	0.00735	0.00527	0.00688	0.00811	0.00855	0.00493	0.00547	0.00840	0.01135	0.01502	0.03310	0.68817	0.07239	0.06123	0.00879	0.00258	0.00360	0.03866	0.00538	0.00477
38	0.00727	0.00520	0.00692	0.00819	0.00859	0.00485	0.00549	0.00840	0.01162	0.01557	0.07254	0.74700	0.04004	0.01817	0.00752	0.00237	0.00340	0.01647	0.00555	0.00485
39	0.01477	0.01442	0.05114	0.10461	0.47420	0.01421	0.06144	0.09866	0.04253	0.02096	0.01356	0.01639	0.03431	0.00596	0.00597	0.00182	0.00708	0.00564	0.00342	0.00891
40	0.01006	0.00648	0.00810	0.00744	0.00933	0.00579	0.00567	0.01249	0.01599	0.10340	0.50813	0.04452	0.21566	0.01224	0.00686	0.00189	0.00309	0.01059	0.00636	0.00594
41	0.04680	0.01522	0.01554	0.01264	0.01666	0.05952	0.01018	0.44305	0.17863	0.05970	0.01721	0.05606	0.01328	0.00778	0.00589	0.00184	0.00602	0.00608	0.01864	0.00926
42	0.01142	0.01067	0.01794	0.67012	0.10761	0.01292	0.01626	0.01526	0.01207	0.01564	0.01157	0.01812	0.00929	0.00635	0.00602	0.00199	0.00768	0.03951	0.00279	0.00678
43	0.01556	0.74774	0.07681	0.01054	0.01583	0.02279	0.01085	0.01777	0.01205	0.01422	0.00837	0.00967	0.00758	0.00509	0.00391	0.00130	0.00648	0.00324	0.00253	0.00766
44	0.01295	0.01217	0.02056	0.37060	0.40747	0.01336	0.01691	0.01663	0.01269	0.01751	0.01112	0.01539	0.00889	0.00561	0.00582	0.00184	0.00727	0.00527	0.02996	0.00797
45	0.02125	0.01784	0.01664	0.01352	0.01769	0.15959	0.01085	0.45067	0.14760	0.06111	0.01531	0.01512	0.01115	0.00708	0.00582	0.00177	0.00692	0.00530	0.00545	0.00933

[dist]
# distance from previous block
# <min> <max>
0	18

[block]
# block no. 1 follows, 39 sequences, length 15
# corresponding to MSA columns:
# 475-489
name=unknown_B
#
# <colnr> <probs for GDERKNQSTAVLIFYWHMCP>
#	G	D	E	R	K	N	Q	S	T	A	V	L	I	F	Y	W	H	M	C	P
0	0.00860	0.00573	0.00645	0.00645	0.00645	0.00573	0.00358	0.00860	0.00860	0.01147	0.01863	0.03870	0.02150	0.79217	0.03010	0.00573	0.00573	0.00860	0.00358	0.00358
1	0.00721	0.00515	0.00686	0.00823	0.00858	0.00480	0.00549	0.00823	0.01132	0.01510	0.03259	0.78831	0.03911	0.01853	0.00755	0.00240	0.00343	0.01681	0.00549	0.00480
2	0.00721	0.00515	0.00686	0.00823	0.00858	0.00480	0.00549	0.00823	0.01132	0.01510	0.03259	0.78831	0.03911	0.01853	0.00755	0.00240	0.00343	0.01681	0.00549	0.00480
3	0.01581	0.79572	0.03099	0.01012	0.01518	0.02340	0.01012	0.01771	0.01202	0.01391	0.00822	0.00949	0.00759	0.00506	0.00379	0.00126	0.00632	0.00316	0.00253	0.00759
4	0.01131	0.01066	0.01796	0.60426	0.03554	0.01304	0.05579	0.01499	0.01189	0.01550	0.01232	0.02031	0.01038	0.00718	0.00724	0.00209	0.06845	0.07164	0.00291	0.00654
5	0.00718	0.00525	0.00675	0.00796	0.00850	0.00483	0.00537	0.00827	0.01159	0.01521	0.03598	0.69752	0.12771	0.01809	0.00748	0.00235	0.00338	0.01627	0.00549	0.00483
6	0.00826	0.00602	0.00766	0.00868	0.00945	0.00593	0.00612	0.01100	0.08015	0.01671	0.05356	0.61048	0.03643	0.01677	0.00732	0.00234	0.00366	0.07009	0.03403	0.00533
7	0.01429	0.01504	0.02901	0.02301	0.09917	0.03233	0.50561	0.07424	0.01499	0.02030	0.04074	0.05678	0.01238	0.00616	0.00671	0.00193	0.00868	0.00717	0.00349	0.02797
8	0.00944	0.00780	0.01141	0.01084	0.01166	0.00976	0.00862	0.01137	0.00941	0.01384	0.01405	0.02096	0.01323	0.03683	0.60304	0.00797	0.18511	0.00608	0.00304	0.00554
9	0.01186	0.03059	0.76153	0.01686	0.02560	0.01373	0.02185	0.01873	0.01249	0.01873	0.01061	0.01249	0.00749	0.00562	0.00562	0.00187	0.00874	0.00437	0.00250	0.00874
10	0.01661	0.01508	0.01963	0.15353	0.34337	0.12008	0.01482	0.06063	0.07202	0.08831	0.01299	0.01530	0.01004	0.00613	0.00614	0.00181	0.02600	0.00524	0.00371	0.00857
11	0.01115	0.00779	0.00966	0.00833	0.01084	0.00711	0.00646	0.01455	0.05910	0.09077	0.43303	0.03514	0.09651	0.01022	0.00669	0.00172	0.02391	0.00873	0.00584	0.15246
12	0.01520	0.36238	0.18841	0.01254	0.01806	0.01771	0.04346	0.08588	0.07135	0.04637	0.01348	0.03631	0.03041	0.00633	0.00500	0.00160	0.00663	0.00484	0.00351	0.03051
13	0.07464	0.09678	0.18122	0.01263	0.04429	0.08172	0.01169	0.09095	0.01489	0.10541	0.03596	0.05227	0.08218	0.00744	0.00548	0.00170	0.00632	0.00582	0.00416	0.08448
14	0.01899	0.20975	0.03817	0.01194	0.01666	0.01728	0.01039	0.31097	0.13407	0.09514	0.01476	0.01463	0.01097	0.00653	0.00529	0.00163	0.00594	0.00490	0.00496	0.06702

[dist]
# distance from previous block
# <min> <max>
3	5

[block]
# block no. 2 follows, 39 sequences, length 6
# corresponding to MSA columns:
# 495-500
name=unknown_C
#
# <colnr> <probs for GDERKNQSTAVLIFYWHMCP>
#	G	D	E	R	K	N	Q	S	T	A	V	L	I	F	Y	W	H	M	C	P
0	0.06772	0.11214	0.06369	0.01231	0.01701	0.01712	0.01083	0.49154	0.02251	0.03060	0.01720	0.01727	0.07950	0.00740	0.00560	0.00174	0.00618	0.00555	0.00511	0.00898
1	0.01452	0.54614	0.26928	0.01232	0.01858	0.02025	0.01395	0.01804	0.01217	0.01548	0.00900	0.01046	0.00756	0.00524	0.00439	0.00146	0.00711	0.00356	0.00252	0.00796
2	0.06793	0.18041	0.22139	0.01236	0.01785	0.04806	0.01265	0.12560	0.01570	0.16082	0.03701	0.01634	0.04583	0.00669	0.00532	0.00171	0.00659	0.00503	0.00428	0.00845
3	0.01552	0.01357	0.01662	0.01386	0.01770	0.01516	0.10190	0.11182	0.56801	0.02546	0.02138	0.02037	0.01596	0.00753	0.00613	0.00198	0.00557	0.00656	0.00562	0.00927
4	0.01555	0.20042	0.20564	0.01162	0.01667	0.01361	0.01183	0.02067	0.10690	0.17667	0.06073	0.04892	0.07092	0.00772	0.00556	0.00177	0.00589	0.00616	0.00455	0.00822
5	0.01972	0.11567	0.05980	0.01295	0.01760	0.01770	0.01132	0.53598	0.02322	0.03105	0.01339	0.01436	0.01005	0.01027	0.07764	0.00244	0.00749	0.00509	0.00504	0.00922

[dist]
# distance from previous block
# <min> <max>
0	1

[block]
# block no. 3 follows, 39 sequences, length 9
# corresponding to MSA columns:
# 502-510
name=unknown_D
#
# <colnr> <probs for GDERKNQSTAVLIFYWHMCP>
#	G	D	E	R	K	N	Q	S	T	A	V	L	I	F	Y	W	H	M	C	P
0	0.01610	0.53661	0.16318	0.01189	0.01757	0.02085	0.01244	0.12711	0.01450	0.01835	0.00957	0.01075	0.00795	0.00547	0.00445	0.00145	0.00680	0.00371	0.00304	0.00818
1	0.08642	0.30531	0.18477	0.01275	0.01806	0.16512	0.01269	0.08887	0.01460	0.04746	0.01009	0.01126	0.00799	0.00571	0.00477	0.00157	0.00752	0.00387	0.00323	0.00793
2	0.09016	0.09648	0.33128	0.01421	0.02048	0.01558	0.03859	0.18457	0.07800	0.05708	0.01275	0.01360	0.00926	0.00615	0.00543	0.00180	0.00715	0.00472	0.00392	0.00881
3	0.04821	0.14000	0.23640	0.01157	0.01679	0.01254	0.01205	0.04082	0.04643	0.08372	0.06196	0.04090	0.04340	0.00733	0.00540	0.00168	0.00594	0.03792	0.03155	0.11539
4	0.15860	0.08510	0.10921	0.01351	0.09291	0.01308	0.01091	0.06349	0.11403	0.09857	0.06767	0.01720	0.01396	0.00928	0.05986	0.00229	0.00636	0.00524	0.00434	0.05439
5	0.04763	0.01606	0.18512	0.10253	0.06129	0.06568	0.01300	0.06459	0.05935	0.04177	0.02015	0.07199	0.08753	0.00888	0.00651	0.00197	0.03027	0.07758	0.00403	0.03406
6	0.14768	0.01428	0.05729	0.10448	0.16664	0.09652	0.04501	0.01913	0.06805	0.08002	0.03882	0.06491	0.01335	0.00709	0.00564	0.00184	0.00652	0.01928	0.00394	0.03953
7	0.02994	0.08352	0.06760	0.07470	0.04126	0.06562	0.01011	0.04736	0.07029	0.09372	0.12352	0.05522	0.05996	0.02323	0.00683	0.00183	0.04111	0.00662	0.00449	0.09310
8	0.04862	0.08129	0.13264	0.10442	0.18869	0.04315	0.01375	0.04939	0.07816	0.06269	0.04023	0.01543	0.01134	0.00601	0.00544	0.00168	0.00656	0.00498	0.00368	0.10186

[dist]
# distance from previous block
# <min> <max>
50	185

[block]
# block no. 4 follows, 39 sequences, length 22
# corresponding to MSA columns:
# 748-769
name=unknown_E
#
# <colnr> <probs for GDERKNQSTAVLIFYWHMCP>
#	G	D	E	R	K	N	Q	S	T	A	V	L	I	F	Y	W	H	M	C	P
0	0.03368	0.00848	0.02883	0.06523	0.01362	0.00779	0.00793	0.04769	0.03099	0.03471	0.02328	0.31683	0.02516	0.06466	0.00814	0.00228	0.00477	0.11579	0.00474	0.15542
1	0.10462	0.01195	0.07594	0.01038	0.01425	0.01037	0.00893	0.09108	0.10890	0.10633	0.07308	0.12659	0.01916	0.00872	0.00574	0.00177	0.00490	0.03642	0.00502	0.17585
2	0.03329	0.01135	0.04922	0.01032	0.01462	0.00954	0.01838	0.08697	0.04099	0.19977	0.01986	0.08554	0.05985	0.00786	0.00585	0.00160	0.01928	0.02405	0.00502	0.29666
3	0.03634	0.14957	0.14835	0.01177	0.01639	0.01376	0.01123	0.11320	0.08626	0.09855	0.01650	0.10013	0.01438	0.00801	0.00594	0.00177	0.02746	0.03846	0.00440	0.09753
4	0.09534	0.07031	0.01752	0.07957	0.19820	0.05114	0.01188	0.09818	0.16488	0.10004	0.01508	0.01603	0.01139	0.00641	0.00545	0.00178	0.00607	0.00522	0.03692	0.00860
5	0.01955	0.04633	0.01360	0.01025	0.01430	0.01044	0.00837	0.04962	0.14161	0.38084	0.02501	0.02312	0.10272	0.00799	0.00613	0.00176	0.02325	0.00641	0.00606	0.10266
6	0.01166	0.06692	0.01530	0.01121	0.01455	0.00991	0.11643	0.04268	0.04804	0.01759	0.01685	0.15714	0.01695	0.13733	0.03694	0.00254	0.00592	0.00755	0.00393	0.26057
7	0.01824	0.09465	0.01556	0.01097	0.01480	0.03993	0.00905	0.22176	0.01775	0.19146	0.02127	0.06861	0.10035	0.00847	0.00659	0.00175	0.05347	0.00656	0.00524	0.09353
8	0.07371	0.01112	0.01302	0.01327	0.09134	0.01220	0.00914	0.06659	0.36346	0.03503	0.01863	0.06417	0.01535	0.01017	0.00883	0.14551	0.00504	0.00642	0.00483	0.03215
9	0.00811	0.00592	0.00762	0.00744	0.00874	0.00543	0.00549	0.01056	0.01576	0.02197	0.60293	0.14538	0.10622	0.01318	0.00705	0.00194	0.00289	0.01165	0.00630	0.00543
10	0.01451	0.01309	0.01339	0.01002	0.01498	0.08914	0.00797	0.10122	0.01458	0.02090	0.01080	0.01232	0.00879	0.00488	0.00466	0.00105	0.00529	0.00375	0.00374	0.64491
11	0.01515	0.01478	0.06750	0.17233	0.05951	0.02833	0.20831	0.08525	0.17838	0.06810	0.01503	0.01695	0.01112	0.00639	0.00652	0.00195	0.02594	0.00601	0.00409	0.00837
12	0.01356	0.14891	0.30356	0.01716	0.02347	0.01540	0.22711	0.06082	0.04266	0.01909	0.01283	0.06536	0.01063	0.00639	0.00588	0.00184	0.00806	0.00592	0.00319	0.00817
13	0.01116	0.00839	0.01049	0.09111	0.01498	0.05223	0.00937	0.01357	0.01349	0.07069	0.02920	0.16638	0.07363	0.01423	0.00743	0.00241	0.00552	0.39472	0.00515	0.00586
14	0.00966	0.00673	0.00785	0.00776	0.00844	0.00680	0.00504	0.08516	0.01191	0.01599	0.07102	0.24081	0.02739	0.44654	0.01986	0.00415	0.00499	0.01063	0.00454	0.00473
15	0.07591	0.01596	0.01780	0.01560	0.09541	0.01755	0.01164	0.61206	0.02511	0.03466	0.01348	0.01394	0.00974	0.00680	0.00576	0.00178	0.00643	0.00518	0.00545	0.00974
16	0.19016	0.19873	0.03970	0.01434	0.09297	0.20566	0.01087	0.01825	0.01259	0.01755	0.01022	0.05688	0.00941	0.00683	0.00637	0.00173	0.09290	0.00462	0.00312	0.00708
17	0.08996	0.28529	0.19345	0.01434	0.09475	0.01633	0.01291	0.01955	0.09268	0.06151	0.01314	0.05880	0.01107	0.00650	0.00501	0.00169	0.00637	0.00502	0.00350	0.00811
18	0.11728	0.01369	0.01339	0.01074	0.01479	0.10879	0.00852	0.16622	0.03535	0.18234	0.02428	0.01642	0.01165	0.06344	0.00701	0.00186	0.00587	0.00495	0.00489	0.18852
19	0.10101	0.05219	0.05252	0.01389	0.09360	0.01395	0.01055	0.28379	0.01827	0.12139	0.01380	0.01562	0.01056	0.05874	0.00698	0.00191	0.00595	0.00501	0.00475	0.11549
20	0.12383	0.01638	0.19769	0.06570	0.09570	0.05847	0.01272	0.08666	0.01371	0.02034	0.01580	0.19615	0.01537	0.00875	0.00581	0.00191	0.00637	0.00733	0.00384	0.04748
21	0.01461	0.38739	0.20614	0.01472	0.10090	0.01786	0.01357	0.05277	0.01310	0.01749	0.00970	0.01137	0.00803	0.00524	0.00465	0.00145	0.00677	0.00384	0.00285	0.10757

[dist]
# distance from previous block
# <min> <max>
0	175

# created by:
# /home/cegg/simao/soft/augustus-3.2.1/scripts/msa2prfl.pl ./align_prep/EOG091G0WUF.fa
