[name]
unknown

[dist]
# distance from previous block
# <min> <max>
0	80

[block]
# block no. 0 follows, 50 sequences, length 25
# corresponding to MSA columns:
# 106-130
name=unknown_A
#
# <colnr> <probs for GDERKNQSTAVLIFYWHMCP>
#	G	D	E	R	K	N	Q	S	T	A	V	L	I	F	Y	W	H	M	C	P
0	0.00941	0.00708	0.00951	0.00974	0.01135	0.04190	0.04992	0.01168	0.01176	0.05962	0.02565	0.04904	0.06921	0.01236	0.00656	0.00214	0.00486	0.59878	0.00448	0.00496
1	0.05028	0.20493	0.43516	0.01202	0.01757	0.03351	0.01381	0.05954	0.01121	0.05860	0.00899	0.01026	0.00676	0.00501	0.00500	0.00148	0.05271	0.00355	0.00256	0.00703
2	0.05841	0.05058	0.01239	0.01053	0.05693	0.02952	0.02847	0.12487	0.13177	0.15051	0.04896	0.10352	0.07188	0.00755	0.00563	0.00159	0.04886	0.00615	0.00439	0.04747
3	0.00660	0.00580	0.04952	0.00728	0.00818	0.00466	0.00536	0.00776	0.00951	0.01292	0.02472	0.68549	0.02919	0.06059	0.00721	0.00209	0.00329	0.01256	0.00430	0.05298
4	0.00749	0.00570	0.00882	0.00849	0.00959	0.00631	0.04822	0.00938	0.00864	0.01245	0.01498	0.07006	0.01447	0.04319	0.60930	0.00653	0.01118	0.04904	0.05162	0.00455
5	0.01063	0.01059	0.01484	0.04464	0.01444	0.05026	0.09329	0.01311	0.06785	0.01318	0.01121	0.11887	0.01115	0.02632	0.02881	0.00218	0.45436	0.00594	0.00281	0.00554
6	0.06019	0.01188	0.02296	0.07676	0.05352	0.02632	0.50554	0.03242	0.01156	0.03719	0.01199	0.10357	0.01036	0.00568	0.00560	0.00169	0.00713	0.00636	0.00292	0.00638
7	0.01280	0.01101	0.01161	0.01022	0.01294	0.02761	0.00804	0.10928	0.59515	0.02095	0.02005	0.01891	0.05831	0.00709	0.00574	0.00169	0.05053	0.00567	0.00482	0.00757
8	0.01545	0.01923	0.05723	0.05314	0.04717	0.51193	0.04423	0.03529	0.01281	0.01309	0.00965	0.05771	0.00878	0.05266	0.00641	0.00163	0.04070	0.00440	0.00271	0.00577
9	0.05854	0.01094	0.03538	0.15554	0.38199	0.03250	0.01228	0.06072	0.01161	0.05453	0.01218	0.09943	0.02083	0.00616	0.00527	0.00159	0.02519	0.00544	0.00304	0.00683
10	0.02813	0.00823	0.02452	0.01164	0.01387	0.00779	0.23684	0.03538	0.04962	0.01531	0.04203	0.39541	0.04025	0.01071	0.00602	0.00187	0.00485	0.05823	0.00398	0.00531
11	0.00688	0.00524	0.00656	0.00639	0.00777	0.00464	0.02669	0.00847	0.01183	0.03646	0.25480	0.21801	0.36362	0.01219	0.00597	0.00172	0.00278	0.01063	0.00485	0.00450
12	0.01058	0.04487	0.09488	0.01599	0.07710	0.01214	0.25932	0.01333	0.01006	0.01421	0.01167	0.11065	0.01124	0.00744	0.00875	0.00185	0.24248	0.04464	0.00272	0.00606
13	0.01070	0.14127	0.60214	0.01460	0.05910	0.01284	0.06141	0.01565	0.01058	0.01523	0.00874	0.01042	0.00648	0.00462	0.00459	0.00150	0.00706	0.00370	0.00215	0.00721
14	0.00756	0.00595	0.00694	0.00673	0.00819	0.00582	0.00502	0.01147	0.14583	0.01756	0.37385	0.14084	0.22347	0.01092	0.00581	0.00168	0.00274	0.00949	0.00509	0.00504
15	0.01203	0.01475	0.07881	0.01878	0.02323	0.08374	0.57301	0.01574	0.01151	0.01521	0.01002	0.03605	0.00803	0.00501	0.00651	0.00169	0.07124	0.00561	0.00253	0.00651
16	0.13031	0.03711	0.05064	0.05374	0.01727	0.04776	0.13789	0.31550	0.03035	0.02210	0.00988	0.01145	0.00747	0.00564	0.00612	0.00161	0.10025	0.00434	0.00354	0.00703
17	0.02327	0.05667	0.01277	0.04068	0.03256	0.07840	0.06626	0.11403	0.08148	0.01664	0.01496	0.10167	0.03911	0.01262	0.14707	0.00272	0.05928	0.00585	0.08809	0.00586
18	0.00734	0.00508	0.00645	0.00707	0.00754	0.00503	0.00514	0.00833	0.00920	0.01212	0.02164	0.17472	0.02453	0.38879	0.01534	0.00342	0.00441	0.28620	0.00387	0.00377
19	0.28290	0.03699	0.06266	0.01145	0.03413	0.02815	0.18025	0.06966	0.01181	0.03724	0.12735	0.01553	0.03250	0.00566	0.00460	0.00152	0.00517	0.00487	0.00344	0.04414
20	0.02249	0.01035	0.01729	0.39767	0.11090	0.01924	0.13910	0.03037	0.04920	0.02682	0.02881	0.02458	0.00879	0.00556	0.00627	0.00169	0.08709	0.00494	0.00268	0.00617
21	0.00615	0.00443	0.00570	0.00669	0.00706	0.00412	0.00445	0.00698	0.00951	0.01255	0.02830	0.70589	0.08799	0.07536	0.00774	0.00221	0.00301	0.01339	0.00451	0.00398
22	0.03057	0.08861	0.53673	0.01257	0.01855	0.06047	0.01486	0.05287	0.01173	0.06701	0.05299	0.01214	0.00907	0.00518	0.00465	0.00151	0.00665	0.00397	0.00275	0.00712
23	0.01184	0.01078	0.01528	0.18091	0.21349	0.03555	0.05661	0.03393	0.25107	0.03447	0.01388	0.01613	0.02144	0.02468	0.02915	0.00188	0.02540	0.01315	0.00343	0.00695
24	0.01448	0.01053	0.01171	0.01041	0.04259	0.08904	0.03001	0.14825	0.11276	0.17035	0.07649	0.08202	0.02830	0.00870	0.04514	0.00187	0.02544	0.00589	0.05975	0.02628

[dist]
# distance from previous block
# <min> <max>
1	8

[block]
# block no. 1 follows, 50 sequences, length 18
# corresponding to MSA columns:
# 139-156
name=unknown_B
#
# <colnr> <probs for GDERKNQSTAVLIFYWHMCP>
#	G	D	E	R	K	N	Q	S	T	A	V	L	I	F	Y	W	H	M	C	P
0	0.07524	0.26105	0.21907	0.01152	0.01611	0.09692	0.04750	0.12539	0.01253	0.04107	0.00878	0.01000	0.00685	0.00501	0.00477	0.00141	0.04361	0.00355	0.00280	0.00684
1	0.01201	0.00904	0.06393	0.00833	0.01096	0.02383	0.00699	0.10590	0.06673	0.15321	0.29375	0.09831	0.04650	0.00842	0.00534	0.00155	0.00376	0.00718	0.02752	0.04677
2	0.01196	0.05118	0.14579	0.01360	0.08643	0.04803	0.04051	0.01498	0.05077	0.08316	0.03204	0.04753	0.02756	0.00768	0.02514	0.00188	0.27868	0.00497	0.00300	0.02510
3	0.01191	0.10632	0.23875	0.00988	0.01366	0.03207	0.00993	0.06529	0.01214	0.13978	0.08105	0.20185	0.04031	0.00820	0.00512	0.00161	0.00497	0.00688	0.00390	0.00638
4	0.00729	0.00537	0.00654	0.00648	0.00759	0.00506	0.00474	0.04474	0.01241	0.01675	0.36647	0.18921	0.17118	0.09000	0.00785	0.00202	0.00297	0.04396	0.00487	0.00450
5	0.01014	0.07990	0.67890	0.01411	0.04998	0.01180	0.01697	0.01530	0.01048	0.01538	0.00968	0.04780	0.00761	0.00519	0.00471	0.00156	0.00696	0.00413	0.00224	0.00717
6	0.01509	0.01694	0.03541	0.12424	0.01794	0.39551	0.07038	0.07513	0.01353	0.04792	0.04763	0.01435	0.05751	0.00599	0.00540	0.00148	0.04189	0.00455	0.00309	0.00602
7	0.07404	0.14468	0.35085	0.01195	0.01693	0.02707	0.05985	0.07724	0.03107	0.04663	0.01131	0.06751	0.02067	0.00584	0.00500	0.00154	0.03352	0.00460	0.00290	0.00681
8	0.00602	0.00499	0.00527	0.00533	0.00684	0.00424	0.00395	0.00735	0.01146	0.01402	0.11942	0.11538	0.65324	0.01266	0.00593	0.00170	0.00254	0.01070	0.00471	0.00424
9	0.01134	0.04093	0.08112	0.04712	0.05825	0.01223	0.52532	0.01574	0.04815	0.01600	0.04618	0.01522	0.01003	0.00500	0.00588	0.00166	0.02789	0.02252	0.00276	0.00665
10	0.07437	0.01111	0.09251	0.02917	0.04963	0.02527	0.04460	0.06072	0.10895	0.30838	0.01709	0.03842	0.03268	0.00648	0.00495	0.00159	0.00483	0.03718	0.04478	0.00727
11	0.01145	0.04839	0.07161	0.28543	0.30641	0.01151	0.04059	0.03271	0.01112	0.05054	0.01179	0.01448	0.05025	0.00530	0.00525	0.00157	0.02746	0.00471	0.00268	0.00674
12	0.00625	0.00506	0.00560	0.00591	0.00725	0.00447	0.00439	0.00781	0.02863	0.01369	0.05686	0.22603	0.53204	0.01321	0.00605	0.00180	0.00278	0.06323	0.00465	0.00429
13	0.04259	0.22929	0.20286	0.01190	0.01646	0.13180	0.07006	0.09586	0.10191	0.03724	0.01016	0.01103	0.00783	0.00503	0.00440	0.00141	0.00637	0.00383	0.00299	0.00697
14	0.01204	0.02968	0.13651	0.05652	0.06058	0.08697	0.24487	0.03289	0.14028	0.03332	0.01356	0.06490	0.03122	0.00599	0.00557	0.00163	0.02797	0.00560	0.00317	0.00673
15	0.00688	0.00512	0.00579	0.00573	0.00721	0.00444	0.00425	0.00838	0.01190	0.04807	0.21923	0.13802	0.49287	0.01215	0.00591	0.00169	0.00260	0.01038	0.00489	0.00449
16	0.01246	0.04926	0.01129	0.00940	0.01143	0.19698	0.03074	0.09221	0.09453	0.03718	0.03652	0.02196	0.06016	0.20253	0.08254	0.00288	0.00647	0.03245	0.00355	0.00548
17	0.04639	0.06699	0.05055	0.06479	0.05442	0.03381	0.00984	0.37902	0.14300	0.08212	0.01281	0.01298	0.00931	0.00574	0.00479	0.00151	0.00535	0.00445	0.00433	0.00779

[dist]
# distance from previous block
# <min> <max>
0	9

[block]
# block no. 2 follows, 50 sequences, length 28
# corresponding to MSA columns:
# 166-193
name=unknown_C
#
# <colnr> <probs for GDERKNQSTAVLIFYWHMCP>
#	G	D	E	R	K	N	Q	S	T	A	V	L	I	F	Y	W	H	M	C	P
0	0.02979	0.02114	0.01441	0.02553	0.01551	0.63210	0.01940	0.07031	0.01388	0.01369	0.00791	0.00951	0.00658	0.00556	0.00581	0.00141	0.09537	0.00347	0.00269	0.00593
1	0.00875	0.00524	0.00525	0.00544	0.00649	0.03118	0.00396	0.01069	0.01048	0.01695	0.03279	0.18778	0.05019	0.00820	0.00426	0.00137	0.00267	0.00691	0.59684	0.00454
2	0.01136	0.20627	0.51548	0.01287	0.01906	0.01369	0.04714	0.05150	0.04941	0.01585	0.00924	0.01054	0.00693	0.00476	0.00446	0.00147	0.00669	0.00368	0.00241	0.00720
3	0.01026	0.00979	0.01681	0.58203	0.23250	0.01133	0.03962	0.01351	0.01039	0.01377	0.00904	0.01305	0.00700	0.00482	0.00500	0.00161	0.00651	0.00448	0.00229	0.00619
4	0.00619	0.00442	0.00592	0.00708	0.00742	0.00415	0.00484	0.00715	0.00966	0.01286	0.02741	0.77407	0.03270	0.01550	0.00639	0.00204	0.00300	0.06047	0.00462	0.00408
5	0.01244	0.40679	0.32768	0.01146	0.01687	0.04360	0.04368	0.01604	0.02645	0.04095	0.00859	0.00977	0.00680	0.00459	0.00406	0.00133	0.00632	0.00336	0.00235	0.00687
6	0.00790	0.04694	0.00820	0.03460	0.00944	0.00666	0.02009	0.05723	0.06232	0.01581	0.13939	0.09633	0.45497	0.01089	0.00565	0.00165	0.00320	0.00921	0.00455	0.00497
7	0.00662	0.00486	0.00707	0.00766	0.00821	0.00469	0.03632	0.00761	0.00940	0.01261	0.02443	0.63745	0.02860	0.02832	0.07818	0.04207	0.00421	0.04335	0.00423	0.00411
8	0.01104	0.00655	0.00813	0.00722	0.00916	0.00620	0.00554	0.06409	0.04608	0.15757	0.34730	0.13852	0.02967	0.00907	0.00536	0.00155	0.00310	0.00786	0.09096	0.04503
9	0.03414	0.04140	0.01188	0.02185	0.01243	0.23516	0.00777	0.19964	0.01360	0.01668	0.01174	0.03230	0.01081	0.14008	0.15024	0.00315	0.02697	0.02115	0.00331	0.00571
10	0.01216	0.01166	0.01990	0.07915	0.74660	0.01180	0.01521	0.01514	0.01126	0.01606	0.00934	0.01240	0.00782	0.00447	0.00494	0.00149	0.00597	0.00444	0.00245	0.00775
11	0.06596	0.05116	0.53626	0.01170	0.01719	0.01024	0.01402	0.01395	0.01071	0.01621	0.09986	0.08491	0.03425	0.00649	0.00487	0.00160	0.00597	0.00528	0.00284	0.00652
12	0.01050	0.00851	0.01041	0.00786	0.01169	0.00680	0.02169	0.01275	0.02247	0.05210	0.01156	0.10024	0.01054	0.00530	0.00441	0.00099	0.02281	0.00442	0.00329	0.67165
13	0.01223	0.00785	0.00944	0.00750	0.01077	0.00660	0.00593	0.05172	0.02228	0.19068	0.07996	0.08732	0.12394	0.00716	0.00477	0.00127	0.00357	0.00600	0.00437	0.35665
14	0.06773	0.03006	0.01264	0.01031	0.01337	0.20800	0.00821	0.18790	0.09739	0.14551	0.04641	0.01464	0.03842	0.00620	0.00529	0.00147	0.04566	0.00455	0.00418	0.05209
15	0.01039	0.01030	0.01872	0.51639	0.12938	0.01155	0.18178	0.01415	0.03133	0.01412	0.00950	0.01334	0.00724	0.00479	0.00518	0.00164	0.00687	0.00478	0.00239	0.00616
16	0.00993	0.00934	0.01553	0.67424	0.13773	0.01123	0.01381	0.01362	0.04031	0.01354	0.00937	0.01336	0.00715	0.00498	0.00498	0.00164	0.00644	0.00448	0.00236	0.00595
17	0.01235	0.01196	0.02417	0.05125	0.02281	0.01125	0.55405	0.01598	0.01183	0.09248	0.04708	0.01459	0.00979	0.00477	0.00584	0.00160	0.02650	0.00562	0.00303	0.07307
18	0.04806	0.01866	0.04638	0.01163	0.01477	0.45624	0.00930	0.12775	0.06455	0.11953	0.02937	0.01178	0.00898	0.00558	0.00466	0.00140	0.00713	0.00392	0.00361	0.00668
19	0.01981	0.00961	0.01150	0.00912	0.01259	0.05467	0.00741	0.08912	0.05071	0.56772	0.09766	0.01822	0.01535	0.00653	0.00507	0.00153	0.00442	0.00530	0.00573	0.00791
20	0.01187	0.01137	0.01940	0.15440	0.67354	0.01172	0.01507	0.01489	0.01113	0.01572	0.00929	0.01249	0.00770	0.00453	0.00494	0.00151	0.00604	0.00444	0.00243	0.00752
21	0.00729	0.00527	0.00676	0.00741	0.00815	0.00520	0.00543	0.03820	0.02543	0.01404	0.06101	0.44298	0.05609	0.09956	0.04091	0.00255	0.00394	0.16098	0.00443	0.00435
22	0.01046	0.01003	0.01731	0.52624	0.27646	0.01139	0.04970	0.01370	0.01049	0.01402	0.00908	0.01299	0.00709	0.00477	0.00501	0.00160	0.00650	0.00450	0.00231	0.00635
23	0.00802	0.00527	0.00668	0.00621	0.00760	0.00481	0.00470	0.01023	0.01361	0.06774	0.61790	0.03598	0.12169	0.00993	0.00568	0.00155	0.00249	0.00866	0.05636	0.00488
24	0.01346	0.80778	0.02582	0.00864	0.01286	0.03929	0.00856	0.01505	0.01023	0.01174	0.00695	0.00802	0.00640	0.00429	0.00323	0.00107	0.00542	0.00268	0.00214	0.00638
25	0.01196	0.01372	0.02819	0.02032	0.02515	0.04909	0.72337	0.01595	0.01183	0.01572	0.01035	0.03086	0.00806	0.00449	0.00583	0.00167	0.00831	0.00594	0.00257	0.00662
26	0.00720	0.00474	0.00623	0.00696	0.00766	0.00436	0.00486	0.00831	0.01032	0.06201	0.07764	0.64110	0.08495	0.01441	0.00623	0.00195	0.00297	0.03891	0.00478	0.00440
27	0.01152	0.01085	0.01829	0.05512	0.66800	0.01088	0.01391	0.01434	0.01142	0.01627	0.06996	0.05433	0.01208	0.00545	0.00508	0.00152	0.00552	0.00527	0.00280	0.00738

[dist]
# distance from previous block
# <min> <max>
1	40

[block]
# block no. 3 follows, 50 sequences, length 38
# corresponding to MSA columns:
# 236-273
name=unknown_D
#
# <colnr> <probs for GDERKNQSTAVLIFYWHMCP>
#	G	D	E	R	K	N	Q	S	T	A	V	L	I	F	Y	W	H	M	C	P
0	0.01308	0.76936	0.08246	0.00894	0.01343	0.01913	0.00925	0.01499	0.01016	0.01202	0.00708	0.00818	0.00639	0.00430	0.00331	0.00110	0.00548	0.00274	0.00213	0.00647
1	0.01159	0.00927	0.00913	0.04537	0.01099	0.11949	0.00644	0.11600	0.02900	0.06006	0.22239	0.07449	0.05925	0.02513	0.03649	0.00180	0.00456	0.00659	0.14641	0.00555
2	0.01062	0.01091	0.02091	0.33586	0.12964	0.01158	0.31281	0.01405	0.01076	0.01445	0.01020	0.05072	0.00839	0.00522	0.00575	0.00168	0.03227	0.00545	0.00248	0.00624
3	0.01077	0.01066	0.01493	0.01290	0.01296	0.01482	0.01077	0.01192	0.00781	0.01213	0.00747	0.01301	0.00757	0.00896	0.01592	0.00219	0.77800	0.03950	0.00229	0.00541
4	0.00634	0.00466	0.00618	0.00710	0.00756	0.00450	0.00495	0.00738	0.00978	0.01304	0.05124	0.66462	0.07694	0.01588	0.03782	0.00224	0.02193	0.04918	0.00452	0.00415
5	0.01222	0.01340	0.05499	0.03120	0.10727	0.01238	0.57482	0.03525	0.05360	0.03763	0.01080	0.01355	0.00810	0.00449	0.00564	0.00165	0.00765	0.00556	0.00279	0.00701
6	0.01914	0.01098	0.01242	0.00995	0.01355	0.04745	0.00807	0.20194	0.18987	0.40551	0.01744	0.01578	0.01180	0.00621	0.00500	0.00155	0.00469	0.00495	0.00548	0.00822
7	0.09862	0.00936	0.01153	0.00898	0.01267	0.00892	0.00739	0.14815	0.01525	0.56453	0.05040	0.01618	0.01255	0.00617	0.00487	0.00154	0.00433	0.00488	0.00566	0.00803
8	0.00647	0.00489	0.00700	0.00758	0.00820	0.00466	0.03795	0.00760	0.00962	0.01281	0.02644	0.65000	0.06515	0.03341	0.06738	0.00251	0.00400	0.03577	0.00435	0.00420
9	0.01233	0.03955	0.05043	0.31884	0.06450	0.15568	0.09686	0.02840	0.03594	0.03342	0.02582	0.01269	0.00804	0.00547	0.00613	0.00161	0.09112	0.00443	0.00262	0.00612
10	0.01559	0.01565	0.01369	0.01231	0.04257	0.34889	0.06459	0.13306	0.03065	0.07732	0.01546	0.06604	0.06436	0.00716	0.00515	0.00154	0.00665	0.06935	0.00370	0.00628
11	0.00802	0.00565	0.02636	0.00692	0.00771	0.00537	0.00499	0.02470	0.00876	0.04326	0.01877	0.18522	0.06866	0.25034	0.19286	0.12107	0.00619	0.00779	0.00340	0.00395
12	0.01076	0.01178	0.04579	0.17838	0.07348	0.01128	0.44154	0.03283	0.01151	0.01538	0.01371	0.04734	0.07111	0.00555	0.00561	0.00167	0.00711	0.00609	0.00275	0.00632
13	0.01165	0.03104	0.06013	0.07780	0.01748	0.06474	0.16179	0.07349	0.01067	0.01454	0.01035	0.02904	0.03647	0.00808	0.03152	0.02942	0.31827	0.00497	0.00264	0.00589
14	0.01121	0.01009	0.01666	0.39523	0.34193	0.01123	0.01375	0.01465	0.03871	0.04496	0.01033	0.01434	0.00828	0.00518	0.00525	0.00161	0.02242	0.02485	0.00264	0.00667
15	0.00944	0.00883	0.01477	0.55143	0.13967	0.01021	0.03638	0.01245	0.01042	0.01361	0.03194	0.05564	0.05903	0.00616	0.00518	0.00166	0.00601	0.01878	0.00265	0.00572
16	0.00999	0.00943	0.07733	0.01266	0.09010	0.00852	0.11631	0.01240	0.01039	0.08003	0.05281	0.08442	0.08052	0.03149	0.19504	0.00329	0.07652	0.03967	0.00338	0.00571
17	0.01168	0.01195	0.11233	0.17235	0.08281	0.02588	0.13782	0.04357	0.10616	0.08367	0.03143	0.08557	0.01976	0.00668	0.00535	0.00168	0.00588	0.04533	0.00349	0.00660
18	0.01002	0.00957	0.01661	0.52268	0.18518	0.01097	0.07536	0.01319	0.01038	0.01381	0.02488	0.03184	0.00853	0.00620	0.03015	0.00184	0.01545	0.00489	0.00242	0.00603
19	0.01000	0.03158	0.51607	0.03949	0.02094	0.01121	0.15399	0.01473	0.01058	0.01527	0.01100	0.08153	0.00931	0.00588	0.00546	0.00166	0.03131	0.02077	0.00245	0.00678
20	0.01140	0.01193	0.11459	0.23505	0.04057	0.01044	0.23292	0.04263	0.01165	0.08774	0.01426	0.04418	0.04517	0.00627	0.00546	0.00170	0.00649	0.06806	0.00315	0.00635
21	0.01126	0.07470	0.43676	0.01588	0.04931	0.01200	0.23315	0.01587	0.01102	0.05149	0.01023	0.03745	0.00786	0.00495	0.00503	0.00158	0.00719	0.00467	0.00251	0.00708
22	0.01106	0.09314	0.36149	0.05219	0.03715	0.01070	0.06972	0.03248	0.01139	0.08401	0.03157	0.03671	0.09803	0.00649	0.00502	0.00159	0.00598	0.04152	0.00311	0.00665
23	0.01318	0.03235	0.01485	0.35027	0.08578	0.05709	0.04396	0.08195	0.04963	0.14001	0.01277	0.07410	0.01022	0.00605	0.00505	0.00160	0.00587	0.00526	0.00346	0.00654
24	0.01196	0.07641	0.54130	0.04344	0.02067	0.04589	0.07859	0.01666	0.01111	0.09382	0.00992	0.01128	0.00705	0.00483	0.00475	0.00154	0.00704	0.00394	0.00257	0.00722
25	0.00941	0.00886	0.01495	0.81285	0.03433	0.01107	0.01384	0.01274	0.00997	0.01274	0.00886	0.01329	0.00664	0.00498	0.00498	0.00166	0.00664	0.00443	0.00221	0.00554
26	0.01071	0.07311	0.66524	0.01458	0.04560	0.04624	0.04545	0.01590	0.01073	0.01541	0.00883	0.01047	0.00642	0.00470	0.00468	0.00154	0.00731	0.00371	0.00215	0.00723
27	0.01205	0.04885	0.44321	0.01448	0.02036	0.01132	0.18552	0.03377	0.01153	0.11024	0.01145	0.03729	0.00869	0.00534	0.00507	0.00161	0.00691	0.02226	0.00289	0.00718
28	0.00607	0.00434	0.00578	0.00694	0.00723	0.00405	0.00463	0.00694	0.00954	0.01272	0.02747	0.82157	0.03297	0.01562	0.00636	0.00202	0.00289	0.01417	0.00463	0.00405
29	0.00637	0.00455	0.00613	0.00728	0.00770	0.00431	0.00515	0.00746	0.00984	0.01306	0.02731	0.70421	0.03231	0.01533	0.00644	0.00207	0.00315	0.12857	0.00462	0.00413
30	0.01687	0.01510	0.03983	0.03634	0.03404	0.17904	0.03786	0.31925	0.12969	0.08788	0.01239	0.01275	0.00910	0.00588	0.00541	0.00153	0.04096	0.00445	0.00415	0.00749
31	0.01027	0.00986	0.01619	0.52224	0.07697	0.01188	0.07798	0.01443	0.08575	0.01394	0.00984	0.01348	0.00763	0.00550	0.00642	0.00172	0.10269	0.00466	0.00253	0.00601
32	0.01197	0.04286	0.02822	0.30531	0.17690	0.03666	0.01189	0.07300	0.22787	0.01706	0.01227	0.01410	0.00940	0.00542	0.00491	0.00159	0.00569	0.00465	0.00327	0.00695
33	0.00731	0.00483	0.00562	0.00562	0.00566	0.00488	0.00325	0.00730	0.00725	0.00971	0.01525	0.03111	0.01738	0.74564	0.06496	0.04597	0.00524	0.00701	0.00296	0.00305
34	0.04046	0.01115	0.05127	0.04732	0.09749	0.01130	0.05801	0.04592	0.40235	0.11191	0.04052	0.03352	0.01363	0.00630	0.00507	0.00164	0.00473	0.00545	0.00444	0.00752
35	0.01433	0.01002	0.01170	0.04820	0.01389	0.01043	0.00787	0.07386	0.35602	0.18234	0.01634	0.01567	0.01191	0.00595	0.00513	0.00147	0.02949	0.00480	0.00465	0.17593
36	0.01734	0.06142	0.03944	0.01233	0.01499	0.69374	0.00956	0.01876	0.01354	0.01232	0.00889	0.05743	0.00800	0.00571	0.00455	0.00133	0.00840	0.00385	0.00266	0.00576
37	0.01431	0.31531	0.08154	0.04028	0.01576	0.11909	0.06383	0.09727	0.04981	0.06254	0.00962	0.01061	0.00758	0.00480	0.00418	0.00127	0.00597	0.00362	0.00298	0.08965

[dist]
# distance from previous block
# <min> <max>
0	7

[block]
# block no. 4 follows, 50 sequences, length 6
# corresponding to MSA columns:
# 281-286
name=unknown_E
#
# <colnr> <probs for GDERKNQSTAVLIFYWHMCP>
#	G	D	E	R	K	N	Q	S	T	A	V	L	I	F	Y	W	H	M	C	P
0	0.01291	0.27115	0.27605	0.01137	0.01576	0.05188	0.01198	0.04493	0.01095	0.08482	0.00962	0.03825	0.00792	0.00575	0.00605	0.00150	0.12571	0.00395	0.00271	0.00673
1	0.01161	0.00988	0.01059	0.00957	0.01215	0.01126	0.00742	0.02396	0.67089	0.02072	0.13415	0.02135	0.01992	0.00727	0.00519	0.00167	0.00371	0.00613	0.00513	0.00742
2	0.01456	0.13138	0.01443	0.05235	0.04600	0.01287	0.00864	0.25245	0.19355	0.07974	0.03792	0.01659	0.01227	0.00627	0.00475	0.00150	0.00473	0.03872	0.06396	0.00730
3	0.00600	0.00491	0.00530	0.00550	0.00688	0.00421	0.00401	0.00726	0.01118	0.01374	0.09333	0.20137	0.59289	0.01306	0.00598	0.00174	0.00259	0.01115	0.00468	0.00421
4	0.01139	0.15147	0.01403	0.00976	0.01236	0.06992	0.06760	0.01362	0.03371	0.06365	0.01534	0.04075	0.03019	0.07849	0.03278	0.00205	0.05041	0.17436	0.00341	0.12472
5	0.00653	0.00513	0.00601	0.00652	0.00783	0.00462	0.00513	0.00802	0.01111	0.01376	0.04005	0.17062	0.45641	0.01342	0.00625	0.00191	0.00317	0.22459	0.00462	0.00429

[dist]
# distance from previous block
# <min> <max>
0	1

[block]
# block no. 5 follows, 50 sequences, length 82
# corresponding to MSA columns:
# 288-296,312,313,340-410
name=unknown_F
#
# <colnr> <probs for GDERKNQSTAVLIFYWHMCP>
#	G	D	E	R	K	N	Q	S	T	A	V	L	I	F	Y	W	H	M	C	P
0	0.01333	0.82783	0.02612	0.00853	0.01279	0.01972	0.00853	0.01493	0.01013	0.01173	0.00693	0.00800	0.00640	0.00426	0.00320	0.00107	0.00533	0.00267	0.00213	0.00640
1	0.01083	0.06611	0.19060	0.03212	0.01494	0.04502	0.04320	0.01340	0.00950	0.05730	0.01038	0.01478	0.00906	0.03655	0.18226	0.00321	0.22741	0.02483	0.00261	0.00587
2	0.01758	0.01266	0.04815	0.01096	0.01476	0.03090	0.02662	0.37975	0.16740	0.19431	0.01535	0.01537	0.01097	0.00626	0.00506	0.00157	0.00512	0.02408	0.00501	0.00811
3	0.00650	0.00454	0.00597	0.00683	0.00734	0.00420	0.00466	0.00758	0.01025	0.02894	0.11968	0.68229	0.06329	0.01467	0.00626	0.00195	0.00284	0.01323	0.00476	0.00422
4	0.01183	0.01347	0.02720	0.01975	0.02431	0.05070	0.68061	0.01564	0.01165	0.01552	0.01059	0.04741	0.00855	0.00488	0.00618	0.00169	0.03483	0.00605	0.00260	0.00652
5	0.00983	0.00917	0.01292	0.01120	0.01144	0.01199	0.04014	0.01079	0.00784	0.01163	0.00994	0.02763	0.01060	0.22495	0.01792	0.00286	0.53462	0.02717	0.00252	0.00482
6	0.01554	0.01845	0.01587	0.01361	0.01560	0.45967	0.07778	0.03696	0.01207	0.01297	0.00765	0.01008	0.00662	0.00623	0.00845	0.00161	0.26865	0.00385	0.00250	0.00583
7	0.01523	0.07108	0.06159	0.04578	0.01631	0.09680	0.06168	0.26476	0.22824	0.04894	0.01317	0.01343	0.00980	0.00582	0.00514	0.00154	0.02451	0.00460	0.00408	0.00751
8	0.03337	0.01335	0.01604	0.05060	0.01715	0.06471	0.10497	0.46484	0.01902	0.14692	0.01242	0.01273	0.00869	0.00566	0.00504	0.00152	0.00591	0.00463	0.00454	0.00789
9	0.00725	0.00480	0.00644	0.00735	0.00799	0.00450	0.00528	0.00843	0.01020	0.05482	0.04086	0.63608	0.04259	0.01469	0.00636	0.00203	0.00321	0.12804	0.00472	0.00438
10	0.05331	0.01459	0.02050	0.06561	0.02043	0.18628	0.34622	0.01684	0.06195	0.03086	0.00968	0.01224	0.00760	0.00535	0.00686	0.00166	0.12621	0.00480	0.00273	0.00631
11	0.06164	0.01968	0.02469	0.06248	0.06513	0.53152	0.00999	0.12019	0.01446	0.01560	0.00859	0.01032	0.00699	0.02182	0.00497	0.00144	0.00781	0.00360	0.00289	0.00620
12	0.01916	0.00853	0.01095	0.00861	0.01207	0.00779	0.00704	0.10413	0.02488	0.57100	0.07951	0.02089	0.08819	0.00707	0.00516	0.00155	0.00407	0.00578	0.00583	0.00779
13	0.01200	0.04365	0.01430	0.01196	0.01281	0.17263	0.00975	0.01321	0.00959	0.01248	0.04367	0.01438	0.06848	0.00820	0.01223	0.00189	0.52602	0.00474	0.00259	0.00543
14	0.01102	0.01095	0.01742	0.44566	0.16414	0.05108	0.09490	0.03152	0.01067	0.01404	0.00885	0.01264	0.00698	0.00524	0.00627	0.00166	0.09391	0.00452	0.00237	0.00615
15	0.64993	0.01194	0.04757	0.00859	0.01202	0.06774	0.05358	0.06788	0.01021	0.02157	0.00763	0.00887	0.00586	0.00474	0.00357	0.00153	0.00478	0.00310	0.00310	0.00581
16	0.00713	0.00525	0.00684	0.00735	0.00849	0.00496	0.00591	0.00909	0.01197	0.01586	0.25223	0.14872	0.16292	0.01278	0.00636	0.00195	0.00337	0.31947	0.00486	0.00449
17	0.04545	0.77689	0.02511	0.00856	0.01274	0.03895	0.00844	0.01504	0.01017	0.01214	0.00695	0.00802	0.00636	0.00430	0.00323	0.00109	0.00537	0.00268	0.00218	0.00634
18	0.01275	0.55230	0.21642	0.01065	0.01561	0.06303	0.04001	0.01547	0.01052	0.01292	0.00759	0.00888	0.00642	0.00443	0.00375	0.00123	0.00616	0.00307	0.00217	0.00661
19	0.00674	0.00486	0.00652	0.00761	0.00827	0.00464	0.00576	0.00812	0.01031	0.01352	0.02831	0.51656	0.07142	0.01482	0.00652	0.00210	0.00346	0.27160	0.00461	0.00424
20	0.00615	0.00459	0.00556	0.00625	0.00702	0.00412	0.00432	0.00699	0.01002	0.01277	0.03457	0.50721	0.29839	0.01465	0.00689	0.04679	0.00284	0.01237	0.00450	0.00401
21	0.29258	0.01031	0.05215	0.03948	0.01309	0.02061	0.04415	0.10983	0.05859	0.07766	0.01222	0.03542	0.01021	0.01064	0.11376	0.01958	0.02134	0.04870	0.00359	0.00607
22	0.06894	0.03280	0.01451	0.01137	0.01474	0.01414	0.05650	0.37407	0.26080	0.02475	0.01367	0.01374	0.01017	0.00617	0.00567	0.00161	0.05938	0.00477	0.00448	0.00773
23	0.83229	0.00978	0.00758	0.00672	0.00983	0.01132	0.00553	0.03980	0.00898	0.02266	0.00711	0.00822	0.00550	0.00467	0.00315	0.00154	0.00391	0.00276	0.00315	0.00550
24	0.05848	0.01268	0.01351	0.01144	0.03958	0.07196	0.00895	0.36683	0.11240	0.10847	0.02742	0.01380	0.01016	0.02619	0.00661	0.00167	0.09327	0.00464	0.00443	0.00750
25	0.17831	0.05502	0.03582	0.01054	0.01410	0.20286	0.00873	0.31313	0.02768	0.09277	0.01048	0.01083	0.00768	0.00543	0.00442	0.00144	0.00593	0.00379	0.00393	0.00711
26	0.00768	0.00560	0.00618	0.00585	0.00764	0.00496	0.00445	0.00988	0.05163	0.07317	0.20022	0.04195	0.54002	0.01134	0.00578	0.00165	0.00269	0.00955	0.00494	0.00481
27	0.00623	0.00451	0.00592	0.00700	0.00746	0.00420	0.00486	0.00724	0.00984	0.01296	0.02900	0.70188	0.08597	0.01525	0.00637	0.00202	0.00301	0.07755	0.00462	0.00411
28	0.05282	0.26107	0.19117	0.01164	0.01624	0.11326	0.06433	0.13006	0.05608	0.04508	0.00964	0.01056	0.00743	0.00495	0.00432	0.00139	0.00629	0.00370	0.00298	0.00698
29	0.30753	0.04970	0.01312	0.01040	0.01373	0.23442	0.03702	0.24251	0.01469	0.02152	0.00876	0.00969	0.00672	0.00514	0.00415	0.00144	0.00601	0.00349	0.00344	0.00651
30	0.00617	0.00445	0.00588	0.00698	0.00738	0.00415	0.00478	0.00714	0.00973	0.01288	0.02839	0.74663	0.06490	0.01539	0.00637	0.00202	0.00297	0.05509	0.00462	0.00409
31	0.00996	0.00975	0.01561	0.60845	0.09043	0.04441	0.06296	0.01310	0.01053	0.01340	0.02803	0.01528	0.04642	0.00539	0.00508	0.00163	0.00651	0.00487	0.00246	0.00573
32	0.03144	0.25152	0.10189	0.01085	0.01480	0.16357	0.00990	0.19308	0.07431	0.06738	0.01029	0.01084	0.00792	0.00531	0.00461	0.00138	0.02675	0.00372	0.00337	0.00707
33	0.01176	0.01345	0.02941	0.02101	0.02605	0.01261	0.77563	0.01597	0.01176	0.01597	0.01008	0.01345	0.00756	0.00420	0.00588	0.00168	0.00840	0.00588	0.00252	0.00672
34	0.03313	0.00920	0.01525	0.70204	0.10544	0.01123	0.01370	0.01302	0.01002	0.01332	0.00881	0.01301	0.00673	0.00499	0.00513	0.00165	0.02094	0.00438	0.00226	0.00576
35	0.17486	0.04576	0.04447	0.00880	0.02239	0.02386	0.00728	0.15436	0.02946	0.01890	0.04955	0.10920	0.07514	0.04566	0.04533	0.00216	0.00487	0.12833	0.00398	0.00566
36	0.01129	0.00956	0.01049	0.04612	0.01291	0.01080	0.00760	0.05036	0.55435	0.01982	0.07725	0.02404	0.09371	0.00779	0.00529	0.00170	0.00390	0.04105	0.00490	0.00706
37	0.00613	0.00436	0.00577	0.00686	0.00714	0.00409	0.00454	0.00696	0.00942	0.01256	0.02685	0.78005	0.03219	0.05820	0.00736	0.00217	0.00299	0.01381	0.00454	0.00399
38	0.03399	0.01182	0.01983	0.02972	0.76293	0.01188	0.01496	0.02592	0.01145	0.01665	0.00935	0.01222	0.00784	0.00447	0.00489	0.00148	0.00586	0.00440	0.00252	0.00784
39	0.71201	0.02037	0.00902	0.00847	0.05159	0.05765	0.00642	0.05545	0.00977	0.02181	0.00738	0.00858	0.00576	0.00471	0.00337	0.00152	0.00437	0.00291	0.00311	0.00573
40	0.01694	0.00888	0.01088	0.00899	0.01215	0.00882	0.00720	0.03945	0.26789	0.41998	0.12402	0.02013	0.01789	0.00690	0.00515	0.00159	0.00392	0.00575	0.00569	0.00778
41	0.01113	0.01155	0.01984	0.09039	0.07350	0.01384	0.24165	0.01349	0.00935	0.01356	0.00802	0.01199	0.00695	0.00672	0.01136	0.00193	0.44158	0.00483	0.00231	0.00601
42	0.01169	0.01112	0.01859	0.20398	0.58397	0.01170	0.01459	0.01531	0.05107	0.01573	0.00983	0.01287	0.00800	0.00468	0.00495	0.00153	0.00598	0.00450	0.00255	0.00737
43	0.01079	0.01026	0.01744	0.44460	0.39182	0.01144	0.01453	0.01394	0.01062	0.01441	0.00910	0.01284	0.00723	0.00473	0.00496	0.00158	0.00630	0.00444	0.00233	0.00665
44	0.00650	0.00502	0.00603	0.00658	0.00774	0.00455	0.00505	0.00796	0.01105	0.01397	0.07989	0.25714	0.36937	0.01356	0.00625	0.00191	0.00309	0.18540	0.00467	0.00428
45	0.00655	0.00500	0.00679	0.00746	0.00816	0.00476	0.02469	0.00774	0.01004	0.01316	0.02953	0.58210	0.13440	0.01453	0.00659	0.00201	0.02264	0.10510	0.00451	0.00424
46	0.01420	0.70144	0.02406	0.00895	0.01302	0.08548	0.00855	0.01606	0.02755	0.05074	0.00791	0.00875	0.00688	0.00449	0.00344	0.00112	0.00556	0.00289	0.00243	0.00648
47	0.00653	0.00506	0.00592	0.00593	0.00724	0.00451	0.00446	0.00821	0.01214	0.01583	0.32258	0.09592	0.38393	0.03879	0.00663	0.00181	0.00271	0.06255	0.00489	0.00437
48	0.27182	0.00885	0.01005	0.00814	0.01155	0.00875	0.00666	0.03568	0.05326	0.46201	0.06224	0.01552	0.01242	0.00598	0.00449	0.00155	0.00402	0.00458	0.00512	0.00730
49	0.04136	0.02188	0.01407	0.01246	0.01526	0.66294	0.00949	0.13533	0.01539	0.01541	0.00833	0.00942	0.00671	0.00525	0.00453	0.00132	0.00832	0.00339	0.00295	0.00618
50	0.01064	0.00889	0.00988	0.00962	0.01172	0.02973	0.00778	0.01940	0.43703	0.01843	0.07106	0.03312	0.02187	0.00947	0.00576	0.00189	0.00421	0.27819	0.00486	0.00644
51	0.00607	0.00434	0.00578	0.00694	0.00723	0.00405	0.00463	0.00694	0.00954	0.01272	0.02747	0.82157	0.03297	0.01562	0.00636	0.00202	0.00289	0.01417	0.00463	0.00405
52	0.81577	0.00987	0.00773	0.00681	0.00995	0.01141	0.00561	0.05478	0.00927	0.02284	0.00720	0.00830	0.00556	0.00470	0.00318	0.00154	0.00394	0.00279	0.00318	0.00556
53	0.00619	0.00442	0.00591	0.00707	0.00741	0.00415	0.00482	0.00714	0.00966	0.01285	0.02741	0.77722	0.03272	0.01551	0.00639	0.00204	0.00299	0.05740	0.00462	0.00408
54	0.01895	0.01396	0.01496	0.01147	0.01546	0.01546	0.00947	0.77711	0.02344	0.03141	0.01197	0.01197	0.00848	0.00598	0.00499	0.00150	0.00548	0.00449	0.00499	0.00848
55	0.01775	0.06335	0.01489	0.01262	0.01535	0.69049	0.02720	0.02003	0.06849	0.01288	0.00861	0.00972	0.00707	0.00519	0.00450	0.00131	0.00843	0.00342	0.00272	0.00598
56	0.01224	0.01059	0.01211	0.01069	0.01312	0.01252	0.02362	0.02368	0.62037	0.03620	0.01793	0.01740	0.01369	0.00785	0.02946	0.00194	0.11916	0.00544	0.00457	0.00744
57	0.00917	0.00732	0.00849	0.00781	0.00963	0.00776	0.00597	0.01618	0.31977	0.02033	0.48536	0.02984	0.03441	0.00883	0.00556	0.00162	0.00298	0.00767	0.00532	0.00597
58	0.00793	0.00569	0.00790	0.00901	0.01015	0.00565	0.00783	0.01016	0.01143	0.01483	0.02711	0.07327	0.05079	0.01378	0.00684	0.00227	0.00449	0.72172	0.00459	0.00457
59	0.00978	0.00922	0.01551	0.70597	0.12480	0.01109	0.01389	0.01304	0.01014	0.01322	0.00892	0.01313	0.00681	0.00490	0.00496	0.00162	0.00651	0.00441	0.00226	0.01985
60	0.00646	0.00461	0.00622	0.00738	0.00783	0.00438	0.00529	0.00760	0.00992	0.01315	0.02726	0.67207	0.03213	0.01526	0.00646	0.00208	0.00322	0.15989	0.00462	0.00415
61	0.00592	0.00505	0.00509	0.00508	0.00675	0.00422	0.00381	0.00721	0.01144	0.01364	0.07047	0.04768	0.77163	0.01256	0.00589	0.00168	0.00252	0.01048	0.00465	0.00422
62	0.01072	0.11091	0.68360	0.01355	0.02038	0.04608	0.01699	0.01587	0.01063	0.01520	0.00868	0.01019	0.00633	0.00470	0.00456	0.00151	0.00722	0.00356	0.00213	0.00720
63	0.01164	0.01159	0.01866	0.30237	0.43179	0.05705	0.06587	0.01471	0.01105	0.01479	0.00915	0.01255	0.00735	0.00465	0.00499	0.00155	0.00652	0.00446	0.00239	0.00687
64	0.00941	0.00886	0.01495	0.81285	0.03433	0.01107	0.01384	0.01274	0.00997	0.01274	0.00886	0.01329	0.00664	0.00498	0.00498	0.00166	0.00664	0.00443	0.00221	0.00554
65	0.08555	0.00846	0.01022	0.00850	0.01146	0.00832	0.00675	0.06013	0.14042	0.40458	0.08535	0.07848	0.01684	0.04461	0.00597	0.00175	0.00399	0.00603	0.00536	0.00723
66	0.02794	0.00842	0.01065	0.06048	0.05327	0.00895	0.02627	0.06658	0.21230	0.12133	0.07233	0.03634	0.03819	0.17429	0.05839	0.00266	0.00505	0.00613	0.00424	0.00619
67	0.01175	0.03908	0.17002	0.01868	0.02400	0.01264	0.56197	0.05322	0.01199	0.01649	0.00994	0.01279	0.00744	0.00501	0.02042	0.00175	0.00807	0.00531	0.00256	0.00688
68	0.01333	0.82783	0.02612	0.00853	0.01279	0.01972	0.00853	0.01493	0.01013	0.01173	0.00693	0.00800	0.00640	0.00426	0.00320	0.00107	0.00533	0.00267	0.00213	0.00640
69	0.08951	0.01074	0.01741	0.13656	0.56013	0.01123	0.01350	0.01436	0.01062	0.01594	0.00923	0.01247	0.00770	0.00629	0.03910	0.02528	0.00610	0.00431	0.00249	0.00703
70	0.00737	0.00532	0.00738	0.06155	0.00925	0.00580	0.00549	0.00848	0.00838	0.01155	0.06176	0.05282	0.02856	0.28091	0.34985	0.05309	0.00826	0.02721	0.00304	0.00394
71	0.00631	0.00497	0.00550	0.00552	0.00677	0.00437	0.00396	0.00761	0.01128	0.01430	0.19822	0.11422	0.47590	0.10903	0.00825	0.00206	0.00280	0.01015	0.00462	0.00416
72	0.00728	0.00501	0.00667	0.00753	0.00818	0.00485	0.00566	0.00860	0.01015	0.02756	0.05405	0.38749	0.02940	0.13434	0.00932	0.00251	0.00379	0.27898	0.00444	0.00419
73	0.00654	0.00499	0.00581	0.00591	0.00691	0.00468	0.00419	0.00767	0.01007	0.01291	0.10364	0.11018	0.35551	0.20369	0.11381	0.00326	0.00453	0.02761	0.00408	0.00401
74	0.67824	0.02686	0.00833	0.00699	0.01007	0.01070	0.00572	0.02568	0.02548	0.11261	0.00938	0.02539	0.00731	0.02499	0.00398	0.00162	0.00396	0.00338	0.00352	0.00579
75	0.72617	0.00907	0.00727	0.00660	0.00943	0.01037	0.00535	0.01456	0.02821	0.03766	0.00917	0.05198	0.00768	0.00536	0.00337	0.00155	0.00372	0.00354	0.05353	0.00541
76	0.02631	0.00610	0.00834	0.00864	0.01010	0.00601	0.02632	0.01091	0.01167	0.05657	0.09243	0.04752	0.11661	0.01218	0.00659	0.00206	0.02150	0.49780	0.02749	0.00485
77	0.02859	0.00526	0.00619	0.02335	0.00779	0.00494	0.00452	0.00891	0.02587	0.04318	0.16044	0.24552	0.26014	0.12231	0.00846	0.00216	0.00311	0.01003	0.02482	0.00439
78	0.00722	0.00533	0.00653	0.00665	0.02357	0.00494	0.00464	0.02773	0.01209	0.02520	0.35400	0.16358	0.22001	0.10632	0.00818	0.00205	0.00294	0.00975	0.00479	0.00449
79	0.01222	0.01025	0.01081	0.00972	0.01242	0.01178	0.00756	0.04118	0.70026	0.02091	0.03582	0.01884	0.01557	0.00675	0.00498	0.00165	0.00384	0.00561	0.06223	0.00762
80	0.02426	0.00527	0.00644	0.00678	0.02413	0.00520	0.02381	0.02770	0.01059	0.01675	0.04191	0.29378	0.02070	0.00945	0.00476	0.00154	0.00292	0.03293	0.43639	0.00467
81	0.02495	0.00546	0.00636	0.00645	0.00765	0.00520	0.00466	0.03092	0.04830	0.02501	0.19988	0.29595	0.23472	0.04874	0.00672	0.00189	0.00291	0.01044	0.02922	0.00460

[dist]
# distance from previous block
# <min> <max>
0	2

[block]
# block no. 6 follows, 50 sequences, length 7
# corresponding to MSA columns:
# 413-419
name=unknown_G
#
# <colnr> <probs for GDERKNQSTAVLIFYWHMCP>
#	G	D	E	R	K	N	Q	S	T	A	V	L	I	F	Y	W	H	M	C	P
0	0.00897	0.00896	0.14208	0.00739	0.00999	0.00602	0.00686	0.01131	0.01192	0.10264	0.23650	0.03292	0.27885	0.07476	0.00707	0.00185	0.00367	0.00786	0.03511	0.00528
1	0.10009	0.00645	0.00772	0.00786	0.00922	0.00682	0.00650	0.00988	0.01080	0.01522	0.07644	0.06425	0.25182	0.01171	0.00715	0.00197	0.09389	0.30333	0.00423	0.00465
2	0.09426	0.00640	0.00780	0.05737	0.00941	0.00707	0.00549	0.00978	0.00878	0.04719	0.05569	0.10968	0.06483	0.33879	0.06632	0.00342	0.09293	0.00710	0.00339	0.00428
3	0.10225	0.05758	0.00982	0.00824	0.00978	0.00688	0.08852	0.00958	0.01019	0.01476	0.10782	0.41068	0.07297	0.05959	0.00679	0.00197	0.00378	0.01007	0.00407	0.00466
4	0.19567	0.00655	0.00707	0.00658	0.00843	0.00661	0.00506	0.01210	0.05404	0.07165	0.35218	0.09251	0.11852	0.00909	0.00513	0.00160	0.00296	0.00763	0.03146	0.00517
5	0.00730	0.00578	0.00722	0.09563	0.01041	0.00538	0.00535	0.00875	0.01083	0.01428	0.17946	0.09506	0.29792	0.07939	0.00810	0.05674	0.00341	0.00834	0.00405	0.09660
6	0.06349	0.00853	0.01266	0.05361	0.16697	0.00891	0.06915	0.09623	0.01143	0.01635	0.09550	0.04657	0.05463	0.03108	0.10070	0.13029	0.01935	0.00574	0.00327	0.00551

[dist]
# distance from previous block
# <min> <max>
0	15

# created by:
# /home/cegg/simao/soft/augustus-3.2.1/scripts/msa2prfl.pl ./align_prep/EOG091G0KS8.fa
