[name]
unknown

[dist]
# distance from previous block
# <min> <max>
0	104

[block]
# block no. 0 follows, 47 sequences, length 19
# corresponding to MSA columns:
# 213-217,220-233
name=unknown_A
#
# <colnr> <probs for GDERKNQSTAVLIFYWHMCP>
#	G	D	E	R	K	N	Q	S	T	A	V	L	I	F	Y	W	H	M	C	P
0	0.12076	0.14993	0.06096	0.06893	0.12659	0.06631	0.04336	0.02723	0.02338	0.05252	0.00962	0.02420	0.00793	0.00527	0.00530	0.00145	0.06352	0.00399	0.00293	0.13582
1	0.03898	0.13811	0.12874	0.07958	0.24299	0.06811	0.03215	0.03584	0.07354	0.04272	0.01033	0.01223	0.00819	0.00524	0.00534	0.00154	0.04392	0.00422	0.00289	0.02533
2	0.01329	0.01388	0.10963	0.09764	0.48139	0.03032	0.04796	0.04584	0.01245	0.06646	0.02494	0.01351	0.00897	0.00503	0.00519	0.00159	0.00642	0.00471	0.00292	0.00785
3	0.01169	0.01109	0.01289	0.01105	0.07570	0.08678	0.04408	0.01404	0.01141	0.01650	0.04516	0.01251	0.00968	0.00530	0.02152	0.00118	0.02541	0.00377	0.00308	0.57716
4	0.00971	0.00485	0.00485	0.00485	0.00607	0.00485	0.00364	0.01213	0.01092	0.01942	0.01699	0.01942	0.01335	0.00607	0.00364	0.00121	0.00243	0.00485	0.84589	0.00485
5	0.00983	0.00926	0.01562	0.80447	0.03587	0.01157	0.01446	0.01331	0.01041	0.01331	0.00926	0.01388	0.00694	0.00521	0.00521	0.00174	0.00694	0.00463	0.00231	0.00579
6	0.01821	0.01019	0.01445	0.01133	0.01512	0.00993	0.11330	0.04297	0.21779	0.42112	0.05448	0.01852	0.01458	0.00651	0.00542	0.00167	0.00490	0.00572	0.00554	0.00826
7	0.00971	0.00485	0.00485	0.00485	0.00607	0.00485	0.00364	0.01213	0.01092	0.01942	0.01699	0.01942	0.01335	0.00607	0.00364	0.00121	0.00243	0.00485	0.84589	0.00485
8	0.01236	0.04793	0.01178	0.01001	0.01267	0.03038	0.00800	0.08041	0.46662	0.02098	0.10889	0.02579	0.03427	0.00827	0.00553	0.00177	0.00430	0.09769	0.00507	0.00729
9	0.01485	0.63419	0.05955	0.00982	0.01430	0.05654	0.00957	0.12055	0.01274	0.01533	0.00811	0.00910	0.00698	0.00477	0.00374	0.00121	0.00587	0.00312	0.00266	0.00700
10	0.00757	0.00505	0.00568	0.00568	0.00568	0.00505	0.00316	0.00757	0.00757	0.01010	0.01641	0.03408	0.01893	0.81698	0.02651	0.00505	0.00505	0.00757	0.00316	0.00316
11	0.01328	0.01242	0.02063	0.09021	0.61686	0.01271	0.05048	0.08750	0.01297	0.01822	0.01005	0.01298	0.00819	0.00483	0.00521	0.00157	0.00632	0.00471	0.00281	0.00806
12	0.01668	0.12598	0.01592	0.01111	0.01480	0.05081	0.00920	0.40634	0.21528	0.02534	0.01387	0.01390	0.01045	0.00753	0.03775	0.00183	0.00580	0.00471	0.00460	0.00809
13	0.00861	0.00468	0.00679	0.00685	0.00695	0.00475	0.00459	0.00713	0.00717	0.00965	0.01120	0.05613	0.01164	0.10140	0.09439	0.64206	0.00540	0.00542	0.00253	0.00267
14	0.01451	0.00862	0.01069	0.04622	0.01306	0.00872	0.00782	0.12179	0.11715	0.24002	0.02419	0.12164	0.08852	0.00968	0.00585	0.00185	0.00442	0.14301	0.00529	0.00693
15	0.04109	0.01152	0.01939	0.19535	0.53650	0.01198	0.03980	0.01585	0.01160	0.05263	0.01012	0.01322	0.00809	0.00484	0.00514	0.00160	0.00628	0.00465	0.00273	0.00762
16	0.06506	0.03914	0.06952	0.03023	0.12007	0.08370	0.12311	0.05984	0.05698	0.01706	0.03714	0.15678	0.05984	0.01845	0.00578	0.00177	0.00576	0.03977	0.00362	0.00636
17	0.04976	0.01314	0.02353	0.03952	0.12943	0.06509	0.43804	0.01662	0.02586	0.05296	0.01237	0.05315	0.01037	0.00569	0.00577	0.00173	0.00746	0.03953	0.00308	0.00691
18	0.09626	0.02484	0.04242	0.26748	0.21146	0.07923	0.04687	0.05140	0.04622	0.01667	0.01012	0.01355	0.00818	0.04067	0.00587	0.00175	0.00644	0.00451	0.00284	0.02323

[dist]
# distance from previous block
# <min> <max>
0	33

[block]
# block no. 1 follows, 47 sequences, length 64
# corresponding to MSA columns:
# 267-330
name=unknown_B
#
# <colnr> <probs for GDERKNQSTAVLIFYWHMCP>
#	G	D	E	R	K	N	Q	S	T	A	V	L	I	F	Y	W	H	M	C	P
0	0.01413	0.16453	0.15364	0.02630	0.07070	0.04034	0.05601	0.12023	0.03323	0.09898	0.03254	0.03753	0.01080	0.02178	0.00526	0.00154	0.00587	0.01995	0.00354	0.08310
1	0.07741	0.04474	0.12895	0.05398	0.08815	0.11479	0.02737	0.12209	0.05038	0.05443	0.03449	0.02985	0.03860	0.00586	0.00483	0.00148	0.00592	0.00466	0.00352	0.10848
2	0.07919	0.01255	0.13495	0.02821	0.08692	0.02990	0.02571	0.05027	0.08959	0.11477	0.04384	0.07935	0.03382	0.00692	0.00532	0.00159	0.02281	0.02480	0.01978	0.10970
3	0.01153	0.01111	0.06056	0.11002	0.19555	0.01043	0.07756	0.09238	0.06143	0.01778	0.06352	0.07571	0.01388	0.06436	0.00713	0.01951	0.00558	0.00593	0.00344	0.09260
4	0.01196	0.11947	0.03402	0.28144	0.06679	0.08274	0.04587	0.03461	0.01147	0.01500	0.00965	0.03599	0.00808	0.00507	0.00465	0.00137	0.00611	0.00424	0.00271	0.21875
5	0.01199	0.06148	0.11636	0.07296	0.17969	0.03402	0.02526	0.03490	0.02551	0.05653	0.07507	0.06604	0.01309	0.00620	0.00549	0.00148	0.04056	0.00522	0.00330	0.16485
6	0.07518	0.33921	0.25045	0.01224	0.01732	0.08862	0.07434	0.03643	0.01140	0.01530	0.00834	0.00991	0.00675	0.00490	0.00463	0.00143	0.03067	0.00354	0.00245	0.00690
7	0.00971	0.00485	0.00485	0.00485	0.00607	0.00485	0.00364	0.01213	0.01092	0.01942	0.01699	0.01942	0.01335	0.00607	0.00364	0.00121	0.00243	0.00485	0.84589	0.00485
8	0.01080	0.00926	0.01080	0.00771	0.01234	0.00694	0.00617	0.01311	0.01080	0.01697	0.00926	0.01080	0.00771	0.00386	0.00386	0.00077	0.00386	0.00309	0.00309	0.84882
9	0.00663	0.00497	0.00696	0.00771	0.00831	0.00459	0.03108	0.00769	0.01013	0.01350	0.02846	0.74711	0.05625	0.01557	0.00656	0.00207	0.00322	0.01417	0.00473	0.02030
10	0.01383	0.75630	0.02595	0.00896	0.01320	0.03737	0.00875	0.01579	0.03092	0.01245	0.00790	0.00944	0.00730	0.02889	0.00412	0.00125	0.00560	0.00302	0.00235	0.00660
11	0.01176	0.01084	0.01771	0.39150	0.35572	0.01202	0.01450	0.06821	0.01203	0.01630	0.01030	0.03732	0.00847	0.00537	0.00523	0.00165	0.00641	0.00494	0.00271	0.00702
12	0.05487	0.32472	0.30960	0.01151	0.01679	0.05518	0.03169	0.03541	0.02590	0.01575	0.05129	0.01231	0.02401	0.00530	0.00437	0.00143	0.00632	0.00392	0.00268	0.00693
13	0.01131	0.02236	0.55486	0.09634	0.02412	0.01218	0.12650	0.03832	0.01163	0.03967	0.00994	0.01198	0.00708	0.00498	0.00516	0.00167	0.00762	0.00433	0.00249	0.00747
14	0.00634	0.00453	0.00604	0.00725	0.00755	0.00423	0.00483	0.00725	0.00997	0.01329	0.02870	0.81358	0.03444	0.01632	0.00665	0.00211	0.00302	0.01480	0.00483	0.00423
15	0.85377	0.01007	0.00765	0.00685	0.01007	0.01168	0.00564	0.01531	0.00886	0.02336	0.00725	0.00846	0.00564	0.00483	0.00322	0.00161	0.00403	0.00282	0.00322	0.00564
16	0.01242	0.01207	0.01632	0.47798	0.08111	0.10501	0.05447	0.10851	0.01288	0.01611	0.01079	0.01414	0.02623	0.00622	0.02281	0.00180	0.00718	0.00474	0.00283	0.00638
17	0.01646	0.01465	0.01580	0.04380	0.09132	0.17727	0.05190	0.23559	0.04915	0.08301	0.01164	0.01318	0.00894	0.00789	0.04862	0.00198	0.09720	0.00462	0.01967	0.00731
18	0.01409	0.01175	0.01241	0.01083	0.01397	0.01348	0.00852	0.15017	0.65074	0.02361	0.01976	0.01828	0.01473	0.00693	0.00528	0.00173	0.00439	0.00569	0.00528	0.00834
19	0.00905	0.00452	0.00678	0.00678	0.00678	0.00452	0.00452	0.00678	0.00678	0.00905	0.00905	0.01583	0.00905	0.01809	0.02035	0.84848	0.00452	0.00452	0.00226	0.00226
20	0.34876	0.01186	0.01190	0.00951	0.01328	0.01299	0.00785	0.34871	0.01675	0.15372	0.01176	0.01177	0.00826	0.00573	0.00443	0.00159	0.00485	0.00404	0.00463	0.00759
21	0.00723	0.00495	0.00593	0.00619	0.00642	0.00482	0.00380	0.00776	0.00906	0.01223	0.11228	0.23723	0.02662	0.51127	0.01888	0.00387	0.00421	0.00968	0.00390	0.00365
22	0.00638	0.00458	0.00606	0.00724	0.00760	0.00427	0.00487	0.00732	0.01006	0.01336	0.02933	0.77953	0.05438	0.01620	0.00664	0.00211	0.00304	0.02796	0.00483	0.00424
23	0.01139	0.01139	0.01595	0.01367	0.01367	0.01595	0.01139	0.01253	0.00798	0.01253	0.00684	0.01139	0.00684	0.00911	0.01709	0.00228	0.80745	0.00456	0.00228	0.00570
24	0.01336	0.01139	0.01201	0.01068	0.01370	0.01315	0.00834	0.07214	0.72995	0.02245	0.02067	0.01901	0.01547	0.00702	0.00529	0.00175	0.00422	0.00582	0.00529	0.00828
25	0.00820	0.00606	0.00800	0.00886	0.01017	0.00601	0.00750	0.01101	0.05083	0.01583	0.06386	0.09512	0.12201	0.01380	0.00689	0.00224	0.00430	0.54955	0.00487	0.00490
26	0.02336	0.00886	0.01209	0.00927	0.01329	0.00765	0.00765	0.02538	0.01491	0.78810	0.02055	0.01773	0.01289	0.00645	0.00524	0.00161	0.00443	0.00524	0.00645	0.00886
27	0.02325	0.00904	0.01220	0.00935	0.01338	0.00792	0.00773	0.04889	0.01521	0.76416	0.02029	0.01756	0.01276	0.00644	0.00524	0.00161	0.00447	0.00522	0.00641	0.00886
28	0.00837	0.00677	0.00945	0.01027	0.07235	0.03001	0.00715	0.01045	0.02574	0.01256	0.01380	0.02059	0.01298	0.09674	0.62991	0.00720	0.01226	0.00560	0.00285	0.00494
29	0.00746	0.00551	0.00799	0.00799	0.00879	0.00631	0.00604	0.00906	0.00826	0.01181	0.01429	0.02236	0.01385	0.14786	0.68868	0.00790	0.01270	0.00586	0.00284	0.00444
30	0.01124	0.01005	0.03427	0.00814	0.01284	0.00756	0.00675	0.05100	0.01149	0.01775	0.00942	0.01089	0.00774	0.00401	0.00396	0.00084	0.00407	0.00319	0.00317	0.78165
31	0.01247	0.46919	0.28084	0.03286	0.03951	0.01674	0.01262	0.01611	0.03457	0.01430	0.02311	0.01044	0.00779	0.00484	0.00409	0.00135	0.00623	0.00347	0.00239	0.00706
32	0.01397	0.03833	0.01897	0.06944	0.29728	0.15793	0.11545	0.04697	0.07342	0.02933	0.01139	0.04233	0.00951	0.00565	0.00556	0.00159	0.03156	0.00504	0.01905	0.00721
33	0.01080	0.00926	0.01080	0.00771	0.01234	0.00694	0.00617	0.01311	0.01080	0.01697	0.00926	0.01080	0.00771	0.00386	0.00386	0.00077	0.00386	0.00309	0.00309	0.84882
34	0.01568	0.01254	0.01331	0.01115	0.01458	0.01423	0.00890	0.32244	0.47588	0.02618	0.01773	0.01667	0.01309	0.00674	0.00526	0.00169	0.00476	0.00541	0.00526	0.00849
35	0.04938	0.13643	0.06595	0.04203	0.05645	0.03742	0.08506	0.06538	0.03591	0.04931	0.07831	0.05291	0.01289	0.00611	0.00533	0.00145	0.04262	0.00504	0.02001	0.15201
36	0.01422	0.03197	0.22437	0.02952	0.06974	0.07038	0.12283	0.09222	0.11380	0.11220	0.04472	0.01528	0.02314	0.00582	0.00527	0.00163	0.00648	0.00505	0.00373	0.00762
37	0.01208	0.06382	0.15847	0.01998	0.02561	0.01343	0.59513	0.01659	0.01197	0.01639	0.01014	0.01320	0.00761	0.00449	0.00578	0.00170	0.00841	0.00556	0.00254	0.00712
38	0.01265	0.01342	0.04875	0.09744	0.21234	0.01285	0.40745	0.07629	0.01294	0.01770	0.01078	0.01465	0.00849	0.00495	0.00573	0.00170	0.00759	0.02413	0.00284	0.00732
39	0.01310	0.06377	0.11517	0.10614	0.09271	0.07563	0.17143	0.08612	0.06741	0.04019	0.04126	0.04069	0.01088	0.00587	0.00553	0.00163	0.02437	0.00528	0.02580	0.00703
40	0.05937	0.48083	0.22169	0.01076	0.01587	0.06494	0.01152	0.05536	0.01157	0.01505	0.00811	0.00932	0.00672	0.00475	0.00393	0.00132	0.00628	0.00320	0.00246	0.00696
41	0.00814	0.00588	0.00805	0.00899	0.01023	0.00578	0.00774	0.01048	0.01229	0.01610	0.11459	0.05598	0.07660	0.01389	0.00701	0.00227	0.00440	0.62190	0.00490	0.00479
42	0.05844	0.01246	0.01700	0.09702	0.30022	0.04960	0.03468	0.14349	0.07729	0.09507	0.01184	0.01350	0.00901	0.00563	0.00577	0.00163	0.05127	0.00469	0.00362	0.00775
43	0.01329	0.05856	0.03443	0.01865	0.13912	0.04644	0.32047	0.07014	0.19042	0.01855	0.01358	0.01518	0.02535	0.00541	0.00550	0.00166	0.00679	0.00551	0.00344	0.00752
44	0.00757	0.00505	0.00568	0.00568	0.00568	0.00505	0.00316	0.00757	0.00757	0.01010	0.01641	0.03408	0.01893	0.81698	0.02651	0.00505	0.00505	0.00757	0.00316	0.00316
45	0.00691	0.00519	0.00578	0.00589	0.00685	0.00476	0.00405	0.00788	0.01044	0.01323	0.09727	0.08894	0.35643	0.30618	0.01366	0.00300	0.00365	0.05160	0.00430	0.00400
46	0.01450	0.11506	0.07904	0.04639	0.03651	0.23622	0.01106	0.06976	0.08335	0.01530	0.00955	0.01166	0.00797	0.00735	0.03091	0.00186	0.20994	0.00411	0.00289	0.00657
47	0.00867	0.00629	0.00776	0.00814	0.02606	0.00617	0.00571	0.07561	0.05645	0.03984	0.13208	0.46210	0.11851	0.01321	0.00624	0.00191	0.00331	0.01172	0.00501	0.00520
48	0.00734	0.00497	0.00573	0.00594	0.00602	0.00490	0.00346	0.00752	0.00807	0.01072	0.01924	0.16644	0.03725	0.66485	0.02272	0.00448	0.00466	0.00887	0.00347	0.00336
49	0.04443	0.01374	0.01491	0.01150	0.01559	0.01500	0.00948	0.64427	0.04213	0.11574	0.01346	0.01314	0.00939	0.00625	0.00516	0.00157	0.00550	0.00473	0.00529	0.00875
50	0.01224	0.01229	0.04000	0.16111	0.57718	0.01235	0.06079	0.01551	0.01154	0.01626	0.00968	0.01305	0.00794	0.00482	0.00547	0.00161	0.02324	0.00471	0.00252	0.00769
51	0.00742	0.00501	0.00582	0.00592	0.00605	0.00495	0.00347	0.00771	0.00838	0.01127	0.07610	0.12042	0.02295	0.66722	0.02276	0.00447	0.00463	0.00851	0.00354	0.00341
52	0.00747	0.00546	0.00774	0.00774	0.00846	0.00617	0.00573	0.00890	0.00818	0.01163	0.01452	0.02362	0.01439	0.21967	0.61761	0.00760	0.01188	0.00604	0.00287	0.00430
53	0.01080	0.00926	0.01080	0.00771	0.01234	0.00694	0.00617	0.01311	0.01080	0.01697	0.00926	0.01080	0.00771	0.00386	0.00386	0.00077	0.00386	0.00309	0.00309	0.84882
54	0.00971	0.00485	0.00485	0.00485	0.00607	0.00485	0.00364	0.01213	0.01092	0.01942	0.01699	0.01942	0.01335	0.00607	0.00364	0.00121	0.00243	0.00485	0.84589	0.00485
55	0.01245	0.18926	0.43427	0.02901	0.01896	0.05950	0.01463	0.08270	0.02921	0.01685	0.03006	0.01164	0.00828	0.00584	0.01805	0.00164	0.02374	0.00393	0.00268	0.00730
56	0.01003	0.09782	0.24180	0.01072	0.01424	0.01093	0.01086	0.01319	0.02575	0.01505	0.10293	0.01740	0.02934	0.04535	0.11447	0.01888	0.13193	0.00504	0.00295	0.08131
57	0.00971	0.00485	0.00485	0.00485	0.00607	0.00485	0.00364	0.01213	0.01092	0.01942	0.01699	0.01942	0.01335	0.00607	0.00364	0.00121	0.00243	0.00485	0.84589	0.00485
58	0.02329	0.00899	0.01216	0.00932	0.01336	0.00784	0.00770	0.04149	0.01511	0.77170	0.02037	0.01761	0.01280	0.00644	0.00524	0.00161	0.00446	0.00523	0.00642	0.00886
59	0.01162	0.01864	0.39477	0.01771	0.18721	0.01140	0.06422	0.01707	0.07956	0.05481	0.03483	0.06177	0.01110	0.00596	0.00525	0.00167	0.00652	0.00524	0.00306	0.00759
60	0.01365	0.74204	0.04877	0.00941	0.01365	0.02004	0.00938	0.01541	0.01042	0.01239	0.00727	0.00864	0.00669	0.00479	0.00432	0.00121	0.06010	0.00294	0.00223	0.00665
61	0.00687	0.00481	0.00589	0.00655	0.00682	0.00460	0.00417	0.00745	0.00913	0.01208	0.02498	0.44335	0.06808	0.34135	0.01470	0.00329	0.00385	0.02407	0.00415	0.00381
62	0.01067	0.01074	0.02006	0.54830	0.07390	0.01205	0.22041	0.01438	0.01101	0.01443	0.00964	0.01388	0.00728	0.00495	0.00546	0.00173	0.00740	0.00504	0.00242	0.00626
63	0.03875	0.04140	0.29779	0.03368	0.22316	0.03540	0.07224	0.05064	0.09255	0.04820	0.01122	0.01280	0.00844	0.00516	0.00505	0.00161	0.00665	0.00448	0.00301	0.00777

[dist]
# distance from previous block
# <min> <max>
0	1

[block]
# block no. 2 follows, 47 sequences, length 54
# corresponding to MSA columns:
# 334-387
name=unknown_C
#
# <colnr> <probs for GDERKNQSTAVLIFYWHMCP>
#	G	D	E	R	K	N	Q	S	T	A	V	L	I	F	Y	W	H	M	C	P
0	0.01181	0.15750	0.13952	0.31382	0.06807	0.04070	0.11903	0.03982	0.01140	0.01480	0.00918	0.01227	0.00716	0.00527	0.00535	0.02393	0.00701	0.00435	0.00245	0.00657
1	0.00643	0.00479	0.00601	0.00694	0.00763	0.00437	0.00485	0.00752	0.01052	0.01361	0.03411	0.59417	0.20442	0.01549	0.00657	0.00205	0.00304	0.05835	0.00483	0.00430
2	0.02690	0.04819	0.09097	0.07236	0.46841	0.03471	0.02925	0.01684	0.03816	0.07387	0.01175	0.01391	0.02443	0.00514	0.00504	0.00156	0.00611	0.00467	0.02000	0.00774
3	0.01264	0.07006	0.12573	0.09212	0.08304	0.01208	0.03660	0.09957	0.19560	0.05912	0.05243	0.04561	0.06368	0.00690	0.00547	0.00167	0.02064	0.00577	0.00398	0.00727
4	0.01698	0.07184	0.01535	0.01236	0.01508	0.40516	0.03025	0.13502	0.05364	0.03292	0.01068	0.02771	0.00902	0.02483	0.00651	0.00160	0.08462	0.01573	0.02415	0.00654
5	0.01101	0.01032	0.01571	0.02573	0.01617	0.00884	0.18797	0.01379	0.01120	0.01681	0.04472	0.01294	0.00959	0.00456	0.00515	0.00113	0.04262	0.00420	0.00305	0.55446
6	0.01080	0.00896	0.01050	0.00763	0.01201	0.00680	0.00609	0.01309	0.01111	0.03494	0.04690	0.01333	0.03053	0.00449	0.00406	0.00086	0.00377	0.00364	0.00333	0.76717
7	0.01370	0.32006	0.07922	0.03411	0.21072	0.08067	0.11826	0.01644	0.01168	0.03886	0.00995	0.01184	0.02318	0.00486	0.00458	0.00141	0.00658	0.00413	0.00260	0.00715
8	0.01274	0.00961	0.01068	0.00951	0.01219	0.01057	0.00740	0.02333	0.52351	0.10070	0.17891	0.02391	0.03839	0.00787	0.00548	0.00172	0.00378	0.00666	0.00550	0.00754
9	0.07564	0.08959	0.14616	0.10293	0.07609	0.09531	0.01186	0.22224	0.06060	0.05495	0.01096	0.01209	0.00816	0.00549	0.00480	0.00155	0.00632	0.00419	0.00356	0.00751
10	0.04810	0.02969	0.01522	0.01176	0.01570	0.07636	0.00963	0.61677	0.07638	0.02977	0.01250	0.01254	0.00904	0.00616	0.00507	0.00155	0.00584	0.00457	0.00490	0.00844
11	0.01145	0.01157	0.02088	0.41808	0.02997	0.03194	0.29089	0.05765	0.01194	0.01560	0.01007	0.01402	0.00765	0.00635	0.03785	0.00199	0.00790	0.00520	0.00263	0.00638
12	0.01338	0.05368	0.10653	0.04206	0.07154	0.09453	0.05310	0.09572	0.01248	0.06224	0.06910	0.01485	0.01132	0.02616	0.04509	0.00213	0.21133	0.00490	0.00322	0.00664
13	0.01461	0.10404	0.12125	0.06531	0.08713	0.13124	0.05627	0.06693	0.04754	0.11575	0.01260	0.04046	0.01011	0.00699	0.02817	0.00176	0.02555	0.01983	0.03742	0.00705
14	0.00668	0.00467	0.00594	0.00682	0.00704	0.00446	0.00437	0.00734	0.00931	0.01241	0.02530	0.59815	0.03016	0.23760	0.01214	0.00293	0.00358	0.01281	0.00437	0.00393
15	0.01943	0.01397	0.01511	0.01167	0.01572	0.01536	0.00961	0.68401	0.05436	0.06941	0.02990	0.01361	0.01021	0.00639	0.00523	0.00158	0.00553	0.00487	0.00529	0.00875
16	0.01218	0.01405	0.05149	0.04890	0.10040	0.03847	0.58341	0.01620	0.01212	0.01631	0.01112	0.04960	0.00901	0.00503	0.00595	0.00173	0.00819	0.00617	0.00270	0.00696
17	0.00905	0.00452	0.00678	0.00678	0.00678	0.00452	0.00452	0.00678	0.00678	0.00905	0.00905	0.01583	0.00905	0.01809	0.02035	0.84848	0.00452	0.00452	0.00226	0.00226
18	0.00694	0.00490	0.00646	0.00749	0.00793	0.00471	0.00531	0.00801	0.01002	0.01328	0.02665	0.54535	0.03124	0.13455	0.00970	0.00261	0.00368	0.16239	0.00458	0.00419
19	0.00971	0.00485	0.00485	0.00485	0.00607	0.00485	0.00364	0.01213	0.01092	0.01942	0.01699	0.01942	0.01335	0.00607	0.00364	0.00121	0.00243	0.00485	0.84589	0.00485
20	0.03206	0.10316	0.18205	0.25076	0.07902	0.01191	0.02639	0.01413	0.01082	0.03203	0.04675	0.03936	0.02357	0.00722	0.02671	0.00186	0.05928	0.03064	0.01591	0.00637
21	0.00829	0.00664	0.02751	0.07008	0.01197	0.00610	0.05861	0.01005	0.01091	0.05081	0.04631	0.36094	0.12884	0.06742	0.00774	0.00220	0.00421	0.11207	0.00441	0.00489
22	0.01139	0.01139	0.01595	0.01367	0.01367	0.01595	0.01139	0.01253	0.00798	0.01253	0.00684	0.01139	0.00684	0.00911	0.01709	0.00228	0.80745	0.00456	0.00228	0.00570
23	0.01945	0.02482	0.01476	0.01342	0.01610	0.79608	0.01006	0.02079	0.01476	0.01275	0.00805	0.00939	0.00671	0.00537	0.00470	0.00134	0.00939	0.00335	0.00268	0.00604
24	0.05095	0.16272	0.23879	0.14629	0.08249	0.04740	0.03657	0.03049	0.04516	0.01572	0.01363	0.01523	0.08190	0.00578	0.00480	0.00156	0.00631	0.00465	0.00279	0.00678
25	0.00723	0.00532	0.00677	0.00641	0.00770	0.00486	0.00481	0.00956	0.01442	0.02011	0.69955	0.04016	0.13181	0.01093	0.00614	0.00165	0.00248	0.00960	0.00563	0.00486
26	0.01948	0.02389	0.01484	0.01329	0.01610	0.72554	0.01005	0.08830	0.01564	0.01456	0.00845	0.00967	0.00690	0.00545	0.00474	0.00136	0.00906	0.00347	0.00291	0.00629
27	0.03210	0.03062	0.02730	0.24291	0.14657	0.02542	0.02953	0.01255	0.01181	0.03496	0.16136	0.10045	0.10731	0.00812	0.00553	0.00169	0.00503	0.00717	0.00367	0.00589
28	0.01185	0.01133	0.01942	0.24995	0.53319	0.01199	0.03184	0.01505	0.01136	0.01581	0.00978	0.01342	0.00801	0.00579	0.02811	0.00180	0.00668	0.00470	0.00251	0.00742
29	0.00634	0.00468	0.00593	0.00689	0.00747	0.00428	0.00468	0.00735	0.01042	0.01362	0.05151	0.66160	0.16494	0.01563	0.00655	0.00204	0.00294	0.01401	0.00486	0.00428
30	0.78113	0.01080	0.00832	0.00734	0.01060	0.03784	0.00602	0.05612	0.00990	0.02353	0.00756	0.00871	0.00585	0.00493	0.00338	0.00160	0.00430	0.00294	0.00331	0.00583
31	0.01289	0.01237	0.02114	0.03196	0.78450	0.01237	0.01598	0.01598	0.01186	0.01701	0.00980	0.01289	0.00825	0.00464	0.00516	0.00155	0.00619	0.00464	0.00258	0.00825
32	0.01146	0.01111	0.06269	0.01105	0.08159	0.00851	0.03442	0.04704	0.02926	0.01774	0.00977	0.01138	0.00793	0.00419	0.00421	0.00099	0.00457	0.00351	0.00311	0.63545
33	0.01037	0.06353	0.41477	0.01282	0.03211	0.01048	0.06873	0.01488	0.03255	0.04493	0.10157	0.11177	0.04471	0.00730	0.00535	0.00168	0.00607	0.00628	0.00330	0.00681
34	0.00757	0.00505	0.00568	0.00568	0.00568	0.00505	0.00316	0.00757	0.00757	0.01010	0.01641	0.03408	0.01893	0.81698	0.02651	0.00505	0.00505	0.00757	0.00316	0.00316
35	0.01392	0.82012	0.02729	0.00891	0.01337	0.02061	0.00891	0.01559	0.01058	0.01225	0.00724	0.00835	0.00668	0.00446	0.00334	0.00111	0.00557	0.00278	0.00223	0.00668
36	0.00971	0.00485	0.00485	0.00485	0.00607	0.00485	0.00364	0.01213	0.01092	0.01942	0.01699	0.01942	0.01335	0.00607	0.00364	0.00121	0.00243	0.00485	0.84589	0.00485
37	0.03259	0.01440	0.01571	0.01406	0.10238	0.05451	0.01035	0.56064	0.07936	0.04451	0.01271	0.01296	0.00925	0.00607	0.00515	0.00157	0.00579	0.00469	0.00478	0.00855
38	0.01101	0.01028	0.01719	0.21859	0.43451	0.01083	0.02863	0.01412	0.02866	0.01557	0.01314	0.14884	0.01253	0.00681	0.00544	0.00170	0.00584	0.00642	0.00296	0.00693
39	0.00731	0.00532	0.00687	0.00649	0.00774	0.00489	0.00486	0.00971	0.01459	0.02053	0.74404	0.03948	0.08706	0.01078	0.00614	0.00164	0.00247	0.00950	0.00569	0.00489
40	0.01503	0.35118	0.04322	0.01082	0.01403	0.33187	0.00924	0.01659	0.01215	0.01272	0.01036	0.11159	0.01023	0.00646	0.00467	0.00138	0.02498	0.00462	0.00274	0.00612
41	0.01065	0.02552	0.70625	0.01563	0.02306	0.01221	0.10156	0.01651	0.01114	0.01651	0.00948	0.01133	0.00674	0.00489	0.00508	0.00166	0.00782	0.00410	0.00225	0.00762
42	0.00983	0.00926	0.01562	0.80447	0.03587	0.01157	0.01446	0.01331	0.01041	0.01331	0.00926	0.01388	0.00694	0.00521	0.00521	0.00174	0.00694	0.00463	0.00231	0.00579
43	0.00905	0.00452	0.00678	0.00678	0.00678	0.00452	0.00452	0.00678	0.00678	0.00905	0.00905	0.01583	0.00905	0.01809	0.02035	0.84848	0.00452	0.00452	0.00226	0.00226
44	0.00988	0.00914	0.01524	0.55297	0.16538	0.01067	0.01336	0.01292	0.01061	0.01397	0.01213	0.12775	0.01110	0.00669	0.00540	0.00176	0.00625	0.00608	0.00272	0.00600
45	0.01393	0.68933	0.02515	0.00945	0.01343	0.04660	0.00906	0.03899	0.01093	0.01293	0.00763	0.00911	0.00697	0.00598	0.03052	0.00145	0.05653	0.00307	0.00236	0.00660
46	0.85377	0.01007	0.00765	0.00685	0.01007	0.01168	0.00564	0.01531	0.00886	0.02336	0.00725	0.00846	0.00564	0.00483	0.00322	0.00161	0.00403	0.00282	0.00322	0.00564
47	0.00914	0.00478	0.00700	0.00683	0.00708	0.00465	0.00461	0.00712	0.00700	0.00947	0.00906	0.01556	0.00897	0.01733	0.01947	0.80293	0.00449	0.00445	0.00231	0.04775
48	0.01148	0.01021	0.04178	0.03688	0.43331	0.00961	0.01187	0.03238	0.01187	0.06163	0.03776	0.22593	0.03639	0.00827	0.00560	0.00172	0.00511	0.00762	0.00359	0.00698
49	0.01406	0.79999	0.02697	0.00902	0.01344	0.04023	0.00894	0.01573	0.01069	0.01226	0.00726	0.00838	0.00668	0.00448	0.00338	0.00112	0.00567	0.00280	0.00224	0.00667
50	0.85377	0.01007	0.00765	0.00685	0.01007	0.01168	0.00564	0.01531	0.00886	0.02336	0.00725	0.00846	0.00564	0.00483	0.00322	0.00161	0.00403	0.00282	0.00322	0.00564
51	0.01980	0.01459	0.01563	0.01198	0.01615	0.01615	0.00990	0.76713	0.02448	0.03282	0.01250	0.01250	0.00886	0.00625	0.00521	0.00156	0.00573	0.00469	0.00521	0.00886
52	0.00971	0.00485	0.00485	0.00485	0.00607	0.00485	0.00364	0.01213	0.01092	0.01942	0.01699	0.01942	0.01335	0.00607	0.00364	0.00121	0.00243	0.00485	0.84589	0.00485
53	0.06267	0.73280	0.02552	0.00902	0.01332	0.05965	0.00878	0.01584	0.01070	0.01292	0.00728	0.00841	0.00662	0.00452	0.00340	0.00115	0.00568	0.00282	0.00231	0.00659

[dist]
# distance from previous block
# <min> <max>
0	8

# created by:
# /home/cegg/simao/soft/augustus-3.2.1/scripts/msa2prfl.pl ./align_prep/EOG091G0TRW.fa
