[name]
unknown

[dist]
# distance from previous block
# <min> <max>
0	51

[block]
# block no. 0 follows, 48 sequences, length 23
# corresponding to MSA columns:
# 770-783,789-797
name=unknown_A
#
# <colnr> <probs for GDERKNQSTAVLIFYWHMCP>
#	G	D	E	R	K	N	Q	S	T	A	V	L	I	F	Y	W	H	M	C	P
0	0.00878	0.00832	0.08706	0.01004	0.01197	0.00698	0.00933	0.01233	0.06399	0.01586	0.02494	0.05053	0.02628	0.01275	0.00674	0.00225	0.00497	0.62716	0.00450	0.00524
1	0.06562	0.00642	0.00925	0.00799	0.00974	0.00611	0.08138	0.01073	0.01389	0.02033	0.65438	0.03383	0.04142	0.00948	0.00586	0.00162	0.00315	0.00851	0.00517	0.00510
2	0.00972	0.00518	0.00544	0.00536	0.00655	0.00529	0.00398	0.01247	0.06270	0.01827	0.01624	0.01878	0.01290	0.00723	0.00535	0.08627	0.00271	0.00482	0.70600	0.00475
3	0.03531	0.20957	0.42912	0.09256	0.05047	0.01349	0.01471	0.01545	0.01064	0.01520	0.00866	0.01050	0.00667	0.00470	0.00441	0.00145	0.00660	0.00357	0.00229	0.06464
4	0.09700	0.04373	0.01869	0.05860	0.58040	0.02694	0.01362	0.01545	0.01126	0.01697	0.00921	0.01192	0.00769	0.00457	0.00473	0.00147	0.00579	0.00419	0.00262	0.06515
5	0.09428	0.00530	0.00506	0.00498	0.00637	0.00546	0.00378	0.01227	0.01056	0.01952	0.01578	0.01805	0.01239	0.00586	0.00355	0.00123	0.00255	0.00458	0.76358	0.00486
6	0.01044	0.02547	0.72872	0.01522	0.02260	0.01201	0.08225	0.01627	0.01094	0.01627	0.00931	0.01109	0.00661	0.00483	0.00497	0.00163	0.00767	0.00398	0.00220	0.00753
7	0.01429	0.01186	0.03597	0.04518	0.62519	0.01140	0.01442	0.01724	0.01213	0.14530	0.01139	0.01347	0.00882	0.00489	0.00509	0.00154	0.00586	0.00465	0.00316	0.00816
8	0.01270	0.01219	0.02083	0.03149	0.78767	0.01219	0.01575	0.01575	0.01168	0.01676	0.00965	0.01270	0.00813	0.00457	0.00508	0.00152	0.00610	0.00457	0.00254	0.00813
9	0.00625	0.00447	0.00595	0.00714	0.00744	0.00417	0.00476	0.00714	0.00982	0.01310	0.02828	0.81633	0.03394	0.01608	0.00655	0.00208	0.00298	0.01459	0.00476	0.00417
10	0.68056	0.01052	0.00905	0.02517	0.01149	0.01200	0.00645	0.12742	0.01128	0.05443	0.00847	0.00940	0.00634	0.00504	0.00359	0.00158	0.00430	0.00318	0.00357	0.00615
11	0.01153	0.01080	0.01724	0.33248	0.37073	0.01197	0.01396	0.01653	0.13179	0.01607	0.01121	0.01410	0.00881	0.00517	0.00512	0.00163	0.00607	0.00476	0.00286	0.00717
12	0.00716	0.00524	0.00671	0.00634	0.00760	0.00480	0.00476	0.00948	0.01427	0.01998	0.71992	0.03931	0.11383	0.01071	0.00605	0.00162	0.00244	0.00942	0.00557	0.00480
13	0.02699	0.00636	0.00673	0.00617	0.00828	0.00576	0.00477	0.07395	0.01305	0.07917	0.08094	0.04166	0.58936	0.01145	0.00580	0.00169	0.00302	0.00948	0.02024	0.00512
14	0.01351	0.01058	0.01136	0.01011	0.01303	0.01201	0.00789	0.02647	0.68337	0.08672	0.02067	0.01900	0.01531	0.00687	0.00515	0.00171	0.00402	0.00571	0.03847	0.00804
15	0.01064	0.00912	0.01064	0.00760	0.01216	0.00684	0.00608	0.01292	0.01064	0.01672	0.00912	0.01064	0.00760	0.00380	0.00380	0.00076	0.00380	0.00304	0.00304	0.85104
16	0.01444	0.71727	0.02526	0.00937	0.01353	0.12322	0.00893	0.01604	0.01097	0.01214	0.00724	0.00837	0.00659	0.00451	0.00347	0.00113	0.00598	0.00282	0.00225	0.00650
17	0.01149	0.00989	0.01103	0.00874	0.01264	0.00922	0.00690	0.01869	0.31966	0.01863	0.01385	0.01406	0.01085	0.00507	0.00437	0.00115	0.00390	0.00415	0.00392	0.51177
18	0.00891	0.00446	0.00668	0.00668	0.00668	0.00446	0.00446	0.00668	0.00668	0.00891	0.00891	0.01560	0.00891	0.01783	0.02005	0.85071	0.00446	0.00446	0.00223	0.00223
19	0.01242	0.01201	0.02081	0.09689	0.68784	0.01216	0.05122	0.01556	0.01158	0.01644	0.00964	0.01284	0.00800	0.00461	0.00513	0.00155	0.00628	0.00464	0.00252	0.00786
20	0.01631	0.32918	0.01872	0.01044	0.03032	0.04846	0.00887	0.17537	0.16136	0.13326	0.01287	0.01267	0.00971	0.00558	0.00441	0.00140	0.00525	0.00414	0.00402	0.00765
21	0.74539	0.01051	0.00858	0.00742	0.01071	0.01209	0.00611	0.11492	0.01077	0.02425	0.00783	0.00886	0.00598	0.00495	0.00343	0.00158	0.00419	0.00302	0.00343	0.00598
22	0.02131	0.00951	0.01218	0.00945	0.01336	0.00879	0.00775	0.09935	0.08031	0.61942	0.01907	0.01682	0.01235	0.00628	0.00511	0.00156	0.00445	0.00508	0.00600	0.04184

[dist]
# distance from previous block
# <min> <max>
0	7

[block]
# block no. 1 follows, 48 sequences, length 13
# corresponding to MSA columns:
# 808-820
name=unknown_B
#
# <colnr> <probs for GDERKNQSTAVLIFYWHMCP>
#	G	D	E	R	K	N	Q	S	T	A	V	L	I	F	Y	W	H	M	C	P
0	0.75123	0.00999	0.00871	0.03277	0.05588	0.01140	0.00648	0.01542	0.00916	0.04996	0.00782	0.00908	0.00600	0.00482	0.00342	0.00159	0.00419	0.00302	0.00323	0.00582
1	0.00969	0.00912	0.01539	0.80734	0.03534	0.01140	0.01425	0.01311	0.01026	0.01311	0.00912	0.01368	0.00684	0.00513	0.00513	0.00171	0.00684	0.00456	0.00228	0.00570
2	0.01236	0.01184	0.02014	0.06612	0.68642	0.01197	0.03585	0.01575	0.03471	0.01662	0.01051	0.03548	0.00901	0.00499	0.00515	0.00156	0.00605	0.00493	0.00267	0.00787
3	0.00657	0.00500	0.00605	0.00624	0.00736	0.00448	0.00451	0.00818	0.01222	0.01618	0.32254	0.26883	0.28735	0.01294	0.00620	0.00179	0.00264	0.01134	0.00510	0.00448
4	0.34540	0.01879	0.01181	0.01070	0.01355	0.49202	0.00822	0.01838	0.01228	0.01664	0.00762	0.00890	0.00620	0.00508	0.00406	0.00143	0.00719	0.00310	0.00285	0.00580
5	0.01029	0.02654	0.79309	0.01462	0.02221	0.01192	0.01896	0.01625	0.01083	0.01625	0.00921	0.01083	0.00650	0.00487	0.00487	0.00162	0.00758	0.00379	0.00217	0.00758
6	0.01917	0.02445	0.01454	0.01322	0.01586	0.79907	0.00991	0.02049	0.01454	0.01256	0.00793	0.00925	0.00661	0.00529	0.00463	0.00132	0.00925	0.00330	0.00264	0.00595
7	0.01270	0.01219	0.02083	0.03149	0.78767	0.01219	0.01575	0.01575	0.01168	0.01676	0.00965	0.01270	0.00813	0.00457	0.00508	0.00152	0.00610	0.00457	0.00254	0.00813
8	0.01887	0.00776	0.01049	0.00861	0.01169	0.00683	0.00691	0.02065	0.01357	0.58881	0.05129	0.11048	0.01769	0.05513	0.00666	0.00188	0.00419	0.04509	0.00587	0.00754
9	0.00632	0.00458	0.00597	0.00695	0.00742	0.00423	0.00471	0.00736	0.01032	0.01374	0.08894	0.70074	0.08894	0.01542	0.00648	0.00202	0.00291	0.01390	0.00483	0.00423
10	0.08042	0.01191	0.01239	0.01055	0.01382	0.01358	0.00840	0.24215	0.49941	0.02474	0.01733	0.01632	0.01286	0.00656	0.00504	0.00167	0.00451	0.00522	0.00504	0.00810
11	0.16471	0.01322	0.01539	0.01226	0.01624	0.01363	0.07277	0.32670	0.07937	0.20237	0.01561	0.01613	0.01137	0.00713	0.00571	0.00195	0.00582	0.00526	0.00546	0.00890
12	0.08792	0.01184	0.01660	0.05210	0.41339	0.04423	0.01205	0.08685	0.01300	0.13155	0.01109	0.01272	0.00847	0.00499	0.00481	0.00148	0.00560	0.00433	0.00342	0.07354

[dist]
# distance from previous block
# <min> <max>
0	2

[block]
# block no. 2 follows, 48 sequences, length 8
# corresponding to MSA columns:
# 848-855
name=unknown_C
#
# <colnr> <probs for GDERKNQSTAVLIFYWHMCP>
#	G	D	E	R	K	N	Q	S	T	A	V	L	I	F	Y	W	H	M	C	P
0	0.01248	0.01164	0.01901	0.19027	0.55559	0.01227	0.01478	0.06013	0.04253	0.01711	0.01014	0.01314	0.00819	0.00488	0.00510	0.00157	0.00614	0.00462	0.00275	0.00766
1	0.04615	0.10024	0.05393	0.01055	0.01432	0.16238	0.00904	0.13636	0.03882	0.31689	0.01463	0.01547	0.01062	0.00617	0.00487	0.00152	0.00578	0.04009	0.00458	0.00760
2	0.00990	0.00934	0.01578	0.75221	0.08880	0.01146	0.01436	0.01330	0.01036	0.01337	0.00916	0.01361	0.00693	0.00509	0.00513	0.00170	0.00679	0.00456	0.00230	0.00587
3	0.00776	0.00569	0.00779	0.00715	0.00772	0.00574	0.05777	0.00846	0.00829	0.01127	0.05750	0.03053	0.01869	0.60637	0.13388	0.00503	0.00635	0.00718	0.00316	0.00368
4	0.01727	0.17439	0.06295	0.01304	0.05085	0.48416	0.01038	0.06111	0.03372	0.03451	0.00883	0.00995	0.00718	0.00518	0.00447	0.00134	0.00783	0.00347	0.00283	0.00655
5	0.01064	0.00912	0.01064	0.00760	0.01216	0.00684	0.00608	0.01292	0.01064	0.01672	0.00912	0.01064	0.00760	0.00380	0.00380	0.00076	0.00380	0.00304	0.00304	0.85104
6	0.00721	0.00549	0.00777	0.00787	0.00894	0.00604	0.00618	0.00901	0.00910	0.01252	0.02094	0.02806	0.13592	0.03234	0.60504	0.00671	0.01120	0.07187	0.00324	0.00455
7	0.31889	0.01045	0.01138	0.00956	0.01290	0.01140	0.04806	0.08852	0.22494	0.15497	0.01477	0.01582	0.01109	0.00618	0.00459	0.00167	0.00450	0.03865	0.00451	0.00714

[dist]
# distance from previous block
# <min> <max>
1	6

[block]
# block no. 3 follows, 48 sequences, length 47
# corresponding to MSA columns:
# 862-865,870-889,895-906,921-931
name=unknown_D
#
# <colnr> <probs for GDERKNQSTAVLIFYWHMCP>
#	G	D	E	R	K	N	Q	S	T	A	V	L	I	F	Y	W	H	M	C	P
0	0.00738	0.00494	0.00562	0.00570	0.00572	0.00492	0.00322	0.00744	0.00761	0.01015	0.01695	0.08427	0.01964	0.76763	0.02485	0.00479	0.00485	0.00792	0.00322	0.00318
1	0.08573	0.05746	0.17454	0.03755	0.07322	0.03736	0.02346	0.11603	0.01366	0.20559	0.06018	0.01439	0.01115	0.00634	0.02110	0.00166	0.00571	0.00453	0.00397	0.04636
2	0.03273	0.01106	0.06715	0.01499	0.22686	0.02322	0.00978	0.02920	0.18032	0.04943	0.02208	0.02216	0.18718	0.00708	0.00514	0.00155	0.00463	0.00601	0.00388	0.09554
3	0.00956	0.00478	0.00478	0.00478	0.00598	0.00478	0.00359	0.01196	0.01076	0.01913	0.01674	0.01913	0.01315	0.00598	0.00359	0.00120	0.00239	0.00478	0.84816	0.00478
4	0.01052	0.00975	0.01607	0.67291	0.12906	0.01171	0.01423	0.04853	0.01108	0.01446	0.00933	0.01349	0.00709	0.00511	0.00512	0.00168	0.00669	0.00456	0.00244	0.00615
5	0.00614	0.00520	0.00530	0.00528	0.00698	0.00436	0.00396	0.00751	0.01187	0.01428	0.09742	0.04870	0.73988	0.01284	0.00606	0.00173	0.00259	0.01073	0.00482	0.00436
6	0.00956	0.00478	0.00478	0.00478	0.00598	0.00478	0.00359	0.01196	0.01076	0.01913	0.01674	0.01913	0.01315	0.00598	0.00359	0.00120	0.00239	0.00478	0.84816	0.00478
7	0.01141	0.01088	0.01850	0.36352	0.46571	0.01185	0.01511	0.01462	0.01107	0.01520	0.00942	0.01312	0.00758	0.00481	0.00510	0.00160	0.00641	0.00457	0.00243	0.00709
8	0.01528	0.04241	0.02173	0.01575	0.02018	0.01441	0.33581	0.32739	0.11214	0.02343	0.01237	0.01368	0.00911	0.00541	0.00547	0.00163	0.00673	0.00532	0.00395	0.00780
9	0.01434	0.01227	0.01628	0.01964	0.34644	0.03202	0.01162	0.24397	0.13118	0.02195	0.03793	0.06411	0.01229	0.00633	0.00523	0.00159	0.00542	0.00551	0.00396	0.00790
10	0.00719	0.00524	0.00675	0.00638	0.00762	0.00481	0.00478	0.00954	0.01434	0.02015	0.73842	0.03903	0.09522	0.01065	0.00605	0.00162	0.00243	0.00938	0.00559	0.00481
11	0.01159	0.01184	0.01566	0.01346	0.01358	0.05201	0.01117	0.01273	0.00817	0.01236	0.00679	0.01113	0.00673	0.00881	0.01627	0.00220	0.77317	0.00444	0.00226	0.00563
12	0.01211	0.01384	0.03028	0.02163	0.02682	0.01298	0.76903	0.01644	0.01211	0.01644	0.01038	0.01384	0.00779	0.00433	0.00606	0.00173	0.00865	0.00606	0.00260	0.00692
13	0.01345	0.00813	0.01018	0.00864	0.03575	0.00718	0.00661	0.07606	0.01394	0.22868	0.20782	0.02434	0.09504	0.00748	0.00517	0.00141	0.00374	0.02318	0.00494	0.21825
14	0.82594	0.00997	0.00783	0.00699	0.01005	0.01166	0.00576	0.01499	0.00870	0.02264	0.00713	0.00844	0.00560	0.00491	0.00366	0.00161	0.03258	0.00284	0.00314	0.00556
15	0.01962	0.01411	0.01505	0.01164	0.01559	0.04149	0.00959	0.65710	0.02252	0.10199	0.01277	0.01267	0.00898	0.00622	0.00541	0.00155	0.02544	0.00462	0.00509	0.00856
16	0.01219	0.01276	0.01570	0.01443	0.06165	0.11117	0.01122	0.01348	0.00892	0.01264	0.00724	0.01130	0.00696	0.00900	0.03434	0.00224	0.64227	0.00438	0.00232	0.00578
17	0.00734	0.00547	0.00808	0.00808	0.00894	0.00632	0.00621	0.00906	0.00820	0.01179	0.01389	0.02099	0.01319	0.08692	0.75140	0.00804	0.01320	0.00562	0.00277	0.00449
18	0.00956	0.00478	0.00478	0.00478	0.00598	0.00478	0.00359	0.01196	0.01076	0.01913	0.01674	0.01913	0.01315	0.00598	0.00359	0.00120	0.00239	0.00478	0.84816	0.00478
19	0.01211	0.01384	0.03028	0.02163	0.02682	0.01298	0.76903	0.01644	0.01211	0.01644	0.01038	0.01384	0.00779	0.00433	0.00606	0.00173	0.00865	0.00606	0.00260	0.00692
20	0.46931	0.01032	0.01123	0.00896	0.01266	0.01082	0.06667	0.08615	0.01183	0.18757	0.01083	0.01127	0.00771	0.00512	0.00406	0.00153	0.00456	0.00374	0.00398	0.07169
21	0.00956	0.00478	0.00478	0.00478	0.00598	0.00478	0.00359	0.01196	0.01076	0.01913	0.01674	0.01913	0.01315	0.00598	0.00359	0.00120	0.00239	0.00478	0.84816	0.00478
22	0.02288	0.00895	0.01204	0.00923	0.01321	0.00787	0.00763	0.05396	0.01505	0.76174	0.01994	0.01726	0.01255	0.00634	0.00516	0.00159	0.00442	0.00514	0.00630	0.00873
23	0.00733	0.00550	0.00825	0.00825	0.00916	0.00641	0.00641	0.00916	0.00825	0.01191	0.01374	0.02016	0.01283	0.03848	0.79934	0.00825	0.01374	0.00550	0.00275	0.00458
24	0.01268	0.01226	0.02119	0.03111	0.75811	0.01222	0.04501	0.01577	0.01170	0.01675	0.00968	0.01274	0.00811	0.00456	0.00512	0.00153	0.00619	0.00463	0.00254	0.00808
25	0.01270	0.01219	0.02083	0.03149	0.78767	0.01219	0.01575	0.01575	0.01168	0.01676	0.00965	0.01270	0.00813	0.00457	0.00508	0.00152	0.00610	0.00457	0.00254	0.00813
26	0.67754	0.00967	0.00848	0.00726	0.01060	0.01066	0.00598	0.01721	0.01001	0.18755	0.00995	0.01029	0.00709	0.00510	0.00360	0.00159	0.00405	0.00329	0.00386	0.00624
27	0.00606	0.00520	0.00520	0.00520	0.00693	0.00433	0.00390	0.00736	0.01170	0.01386	0.05198	0.04938	0.78558	0.01299	0.00606	0.00173	0.00260	0.01083	0.00476	0.00433
28	0.00956	0.00478	0.00478	0.00478	0.00598	0.00478	0.00359	0.01196	0.01076	0.01913	0.01674	0.01913	0.01315	0.00598	0.00359	0.00120	0.00239	0.00478	0.84816	0.00478
29	0.02253	0.00952	0.01240	0.00950	0.01349	0.00871	0.00785	0.12945	0.01601	0.68491	0.01913	0.01674	0.01214	0.00632	0.00516	0.00158	0.00455	0.00508	0.00618	0.00873
30	0.00821	0.00586	0.00820	0.00938	0.01053	0.00585	0.00816	0.01052	0.01175	0.01528	0.02720	0.08162	0.02967	0.01423	0.00707	0.00235	0.00467	0.73001	0.00473	0.00471
31	0.00956	0.00478	0.00478	0.00478	0.00598	0.00478	0.00359	0.01196	0.01076	0.01913	0.01674	0.01913	0.01315	0.00598	0.00359	0.00120	0.00239	0.00478	0.84816	0.00478
32	0.81674	0.01069	0.04393	0.00711	0.01049	0.01153	0.00618	0.01514	0.00883	0.02271	0.00724	0.00845	0.00560	0.00477	0.00325	0.00159	0.00414	0.00283	0.00313	0.00565
33	0.01252	0.01196	0.02036	0.03065	0.76141	0.01194	0.01538	0.01554	0.01178	0.01689	0.03575	0.01356	0.00948	0.00477	0.00511	0.00153	0.00597	0.00473	0.00264	0.00802
34	0.01267	0.01226	0.02123	0.03107	0.75501	0.01223	0.04808	0.01578	0.01170	0.01675	0.00968	0.01275	0.00811	0.00456	0.00512	0.00153	0.00621	0.00464	0.00254	0.00808
35	0.00668	0.00504	0.00622	0.00656	0.00762	0.00457	0.00483	0.00830	0.01201	0.01588	0.27681	0.29165	0.24921	0.01327	0.00630	0.00186	0.00283	0.07085	0.00504	0.00447
36	0.00675	0.00491	0.00631	0.00721	0.00796	0.00457	0.00530	0.00788	0.01046	0.01352	0.03185	0.47113	0.18093	0.01515	0.00719	0.04138	0.00333	0.16529	0.00464	0.00422
37	0.01436	0.44358	0.19480	0.01105	0.01587	0.13248	0.01132	0.09496	0.01255	0.01519	0.00825	0.00939	0.00679	0.00481	0.00403	0.00129	0.00653	0.00326	0.00256	0.00694
38	0.01193	0.01020	0.01086	0.00982	0.01250	0.01161	0.00761	0.02466	0.66951	0.02105	0.09875	0.02234	0.05144	0.00757	0.00534	0.00173	0.00383	0.00636	0.00524	0.00763
39	0.01341	0.01213	0.01967	0.02838	0.67180	0.01229	0.01468	0.05902	0.06001	0.04257	0.01083	0.01323	0.00877	0.00487	0.00509	0.00154	0.00589	0.00467	0.00297	0.00818
40	0.04673	0.03585	0.01469	0.01345	0.04858	0.63668	0.00988	0.08914	0.01494	0.01492	0.00879	0.02612	0.00739	0.00552	0.00466	0.00137	0.00841	0.00368	0.00292	0.00626
41	0.00733	0.00550	0.00825	0.00825	0.00916	0.00641	0.00641	0.00916	0.00825	0.01191	0.01374	0.02016	0.01283	0.03848	0.79934	0.00825	0.01374	0.00550	0.00275	0.00458
42	0.01134	0.01074	0.01819	0.32090	0.47251	0.01158	0.01472	0.01450	0.01127	0.01556	0.04273	0.01417	0.00937	0.00503	0.00514	0.00160	0.00622	0.00477	0.00258	0.00708
43	0.01211	0.01384	0.03028	0.02163	0.02682	0.01298	0.76903	0.01644	0.01211	0.01644	0.01038	0.01384	0.00779	0.00433	0.00606	0.00173	0.00865	0.00606	0.00260	0.00692
44	0.01715	0.01320	0.01407	0.01133	0.01501	0.01481	0.00918	0.51049	0.28804	0.02853	0.01532	0.01471	0.01115	0.00644	0.00516	0.00161	0.00509	0.00503	0.00516	0.00851
45	0.01938	0.01351	0.01474	0.01142	0.01542	0.01477	0.00939	0.63467	0.07948	0.11329	0.01381	0.01338	0.00967	0.00624	0.00514	0.00156	0.00539	0.00477	0.00527	0.00868
46	0.01282	0.00839	0.00992	0.00862	0.01109	0.00868	0.00675	0.06560	0.26969	0.16685	0.33831	0.02639	0.02831	0.00827	0.00555	0.00165	0.00353	0.00706	0.00561	0.00691

[dist]
# distance from previous block
# <min> <max>
0	0

# created by:
# /home/cegg/simao/soft/augustus-3.2.1/scripts/msa2prfl.pl ./align_prep/EOG091G0YCT.fa
