[name]
unknown

[dist]
# distance from previous block
# <min> <max>
16	161

[block]
# block no. 0 follows, 47 sequences, length 36
# corresponding to MSA columns:
# 300-335
name=unknown_A
#
# <colnr> <probs for GDERKNQSTAVLIFYWHMCP>
#	G	D	E	R	K	N	Q	S	T	A	V	L	I	F	Y	W	H	M	C	P
0	0.02854	0.06239	0.16944	0.04348	0.07841	0.01187	0.12259	0.11163	0.06922	0.01937	0.15905	0.01802	0.01630	0.00760	0.03466	0.00189	0.02934	0.00560	0.00363	0.00695
1	0.02752	0.04007	0.06046	0.17518	0.11107	0.05747	0.03800	0.13442	0.05389	0.10405	0.09003	0.04642	0.01378	0.00650	0.00543	0.00164	0.01763	0.00548	0.00389	0.00708
2	0.05787	0.06873	0.06371	0.11709	0.11214	0.07205	0.02575	0.17961	0.06104	0.03472	0.11152	0.03118	0.01419	0.00696	0.01981	0.00171	0.00586	0.00523	0.00381	0.00702
3	0.10007	0.07492	0.08561	0.04170	0.19808	0.01361	0.13527	0.14999	0.04993	0.04353	0.01064	0.01245	0.00818	0.00526	0.00540	0.00160	0.03559	0.00455	0.00330	0.02031
4	0.07740	0.02988	0.12984	0.15637	0.06781	0.07408	0.07566	0.11868	0.03293	0.04953	0.08543	0.04042	0.02709	0.00628	0.00517	0.00163	0.00614	0.00532	0.00353	0.00680
5	0.13631	0.08285	0.17113	0.02312	0.04612	0.08837	0.01050	0.12924	0.05144	0.04585	0.02552	0.01270	0.02766	0.00543	0.00452	0.00144	0.00574	0.00405	0.00342	0.12462
6	0.13946	0.07024	0.12290	0.02737	0.04349	0.04007	0.06839	0.04299	0.14464	0.08292	0.03357	0.01553	0.04011	0.00768	0.04845	0.00194	0.00590	0.00479	0.00369	0.05587
7	0.12132	0.08882	0.06130	0.01107	0.04326	0.03588	0.05377	0.14978	0.11821	0.04328	0.09903	0.01676	0.04175	0.00625	0.00482	0.00150	0.00501	0.00504	0.00404	0.08911
8	0.13047	0.01170	0.08242	0.02435	0.02967	0.02473	0.13790	0.07708	0.06926	0.11354	0.13758	0.03117	0.06617	0.00693	0.00544	0.00166	0.01642	0.00600	0.00421	0.02331
9	0.00959	0.00730	0.00996	0.08492	0.05492	0.00729	0.02210	0.06092	0.05237	0.04716	0.20726	0.26972	0.05412	0.01060	0.00592	0.00177	0.00392	0.03152	0.00466	0.05398
10	0.09290	0.01189	0.01290	0.01108	0.04765	0.01270	0.00849	0.27102	0.26812	0.02447	0.01413	0.01410	0.01063	0.00585	0.00479	0.00148	0.00469	0.00459	0.00452	0.17398
11	0.01189	0.00749	0.00893	0.00817	0.01026	0.00748	0.00618	0.01687	0.21248	0.17414	0.12882	0.16646	0.09666	0.08137	0.00761	0.00206	0.00371	0.02391	0.00523	0.02028
12	0.36496	0.01037	0.03656	0.00912	0.03529	0.01034	0.00733	0.10576	0.01282	0.25285	0.04348	0.01478	0.01089	0.05748	0.00578	0.00183	0.00454	0.00442	0.00447	0.00695
13	0.04651	0.04620	0.26381	0.06075	0.07179	0.01215	0.23391	0.01749	0.01179	0.13676	0.01121	0.01304	0.00806	0.00515	0.00572	0.00168	0.03873	0.00478	0.00306	0.00741
14	0.01202	0.01201	0.04982	0.06048	0.58426	0.01152	0.03351	0.01565	0.04138	0.01745	0.09857	0.01611	0.01309	0.00545	0.00529	0.00158	0.00584	0.00524	0.00302	0.00771
15	0.00730	0.00531	0.00681	0.00644	0.00766	0.00488	0.00479	0.00960	0.01431	0.02007	0.70813	0.03947	0.09621	0.03801	0.00683	0.00176	0.00256	0.00946	0.00559	0.00482
16	0.01261	0.01123	0.01878	0.06999	0.61753	0.01125	0.01423	0.01560	0.01226	0.05524	0.09800	0.01614	0.01305	0.00544	0.00527	0.00157	0.00572	0.00521	0.00311	0.00777
17	0.01102	0.08020	0.52399	0.08233	0.05073	0.01284	0.13472	0.01617	0.01115	0.01597	0.00939	0.01159	0.00689	0.00484	0.00505	0.00163	0.00760	0.00422	0.00229	0.00738
18	0.01937	0.01289	0.01243	0.01043	0.01379	0.18547	0.00824	0.02438	0.20253	0.39879	0.04415	0.01701	0.01350	0.00650	0.00516	0.00159	0.00540	0.00512	0.00530	0.00794
19	0.44640	0.01036	0.00952	0.00850	0.01154	0.01187	0.00677	0.04522	0.30089	0.03817	0.03267	0.03465	0.01162	0.00620	0.00428	0.00168	0.00406	0.00457	0.00425	0.00675
20	0.01228	0.01172	0.01976	0.18470	0.61247	0.01223	0.01545	0.01581	0.03472	0.01642	0.01003	0.01328	0.00822	0.00483	0.00517	0.00159	0.00627	0.00468	0.00261	0.00776
21	0.01427	0.45622	0.02074	0.00983	0.01374	0.01753	0.00880	0.10567	0.26894	0.01781	0.01253	0.01255	0.01003	0.00554	0.00421	0.00138	0.00510	0.00404	0.00360	0.00746
22	0.01526	0.00708	0.00913	0.00774	0.01002	0.00643	0.00583	0.01703	0.03133	0.39155	0.12212	0.06974	0.04875	0.22132	0.01107	0.00256	0.00418	0.00716	0.00531	0.00640
23	0.12824	0.01113	0.01181	0.00996	0.01298	0.01246	0.00791	0.27600	0.27317	0.04706	0.03003	0.01552	0.01183	0.00843	0.02196	0.09974	0.00487	0.00495	0.00463	0.00729
24	0.00790	0.00632	0.00861	0.00856	0.00956	0.03679	0.00665	0.00974	0.00861	0.01211	0.01372	0.02003	0.01278	0.03776	0.76598	0.00810	0.01377	0.00549	0.00279	0.00470
25	0.03366	0.00633	0.00751	0.00785	0.00892	0.00647	0.00563	0.05895	0.10159	0.01602	0.05392	0.46967	0.05550	0.08571	0.00807	0.00227	0.00362	0.05857	0.00475	0.00501
26	0.41393	0.00910	0.00851	0.00747	0.01043	0.00974	0.00607	0.09128	0.03510	0.10327	0.02156	0.02238	0.19785	0.00764	0.00458	0.00168	0.00394	0.03515	0.00429	0.00605
27	0.00770	0.00545	0.00677	0.00636	0.00782	0.00490	0.00480	0.00988	0.01409	0.04845	0.58471	0.04068	0.21687	0.01107	0.00611	0.00166	0.00257	0.00962	0.00555	0.00494
28	0.00661	0.00527	0.00592	0.00581	0.00733	0.00458	0.00434	0.00833	0.01286	0.01655	0.31991	0.07232	0.48705	0.01236	0.00617	0.00173	0.00258	0.01054	0.00517	0.00458
29	0.00661	0.00489	0.00606	0.00660	0.00737	0.00447	0.00456	0.00787	0.01121	0.01487	0.19503	0.44169	0.18535	0.06888	0.00779	0.00214	0.00296	0.01239	0.00491	0.00434
30	0.06376	0.00631	0.00749	0.00682	0.00866	0.00580	0.00508	0.01260	0.01211	0.19450	0.18710	0.10940	0.20640	0.14005	0.00907	0.00225	0.00353	0.00864	0.00503	0.00540
31	0.85377	0.01007	0.00765	0.00685	0.01007	0.01168	0.00564	0.01531	0.00886	0.02336	0.00725	0.00846	0.00564	0.00483	0.00322	0.00161	0.00403	0.00282	0.00322	0.00564
32	0.03721	0.00530	0.00603	0.00609	0.00725	0.00487	0.00432	0.00840	0.01162	0.01562	0.24822	0.17442	0.30714	0.12954	0.00909	0.00226	0.00305	0.01041	0.00479	0.00438
33	0.72012	0.01006	0.00836	0.00732	0.01056	0.01141	0.00600	0.05881	0.01021	0.07646	0.00919	0.03634	0.00729	0.00541	0.00359	0.00163	0.00412	0.00350	0.00361	0.00600
34	0.03312	0.00550	0.00672	0.00645	0.00786	0.00504	0.00482	0.00978	0.01352	0.04456	0.51019	0.11303	0.19734	0.01139	0.00607	0.00171	0.00266	0.00992	0.00541	0.00490
35	0.01245	0.01068	0.01135	0.01035	0.01315	0.01224	0.00810	0.02597	0.70369	0.02115	0.02270	0.02280	0.04426	0.00771	0.00544	0.00180	0.00411	0.04891	0.00525	0.00791

[dist]
# distance from previous block
# <min> <max>
0	1

[block]
# block no. 1 follows, 47 sequences, length 33
# corresponding to MSA columns:
# 342-374
name=unknown_B
#
# <colnr> <probs for GDERKNQSTAVLIFYWHMCP>
#	G	D	E	R	K	N	Q	S	T	A	V	L	I	F	Y	W	H	M	C	P
0	0.62289	0.00954	0.00847	0.00735	0.01056	0.01050	0.00600	0.03053	0.01038	0.16547	0.01102	0.04459	0.00850	0.00568	0.00379	0.00162	0.00404	0.00387	0.02899	0.00622
1	0.16518	0.00710	0.00795	0.00729	0.00921	0.00723	0.00554	0.03693	0.03595	0.12492	0.15730	0.08615	0.10500	0.12672	0.07926	0.00278	0.00468	0.02083	0.00453	0.00545
2	0.00679	0.00509	0.00640	0.00727	0.00819	0.00470	0.00545	0.00816	0.01097	0.01406	0.03500	0.42336	0.23771	0.01500	0.00664	0.00209	0.00334	0.19054	0.00483	0.00441
3	0.00711	0.00492	0.00575	0.00610	0.00632	0.00476	0.00370	0.00747	0.00861	0.01133	0.02287	0.25807	0.08530	0.52304	0.01918	0.00394	0.00427	0.00992	0.00377	0.00356
4	0.00764	0.00542	0.00799	0.00799	0.00875	0.00617	0.00604	0.00888	0.00813	0.01159	0.01356	0.02090	0.01298	0.09227	0.65113	0.10573	0.01222	0.00560	0.00275	0.00427
5	0.01652	0.00989	0.01186	0.00982	0.01282	0.06662	0.03599	0.09278	0.06943	0.32916	0.14072	0.02176	0.03051	0.01107	0.09733	0.00241	0.00583	0.02300	0.00522	0.00725
6	0.00667	0.00521	0.00605	0.00602	0.00740	0.00459	0.00445	0.00841	0.01283	0.01677	0.34802	0.13310	0.39683	0.01251	0.00621	0.00175	0.00261	0.01079	0.00520	0.00459
7	0.13129	0.00594	0.00638	0.00621	0.00707	0.00615	0.00409	0.00979	0.00861	0.04436	0.01723	0.06784	0.04868	0.48728	0.07591	0.00415	0.00518	0.00699	0.05280	0.00406
8	0.01345	0.03140	0.02973	0.24375	0.19313	0.04906	0.16650	0.15950	0.01396	0.01847	0.01015	0.01310	0.00781	0.00534	0.00559	0.01708	0.00696	0.00484	0.00301	0.00716
9	0.01045	0.02694	0.79000	0.01484	0.02254	0.01209	0.01924	0.01649	0.01099	0.01649	0.00935	0.01099	0.00660	0.00495	0.00495	0.00165	0.00770	0.00385	0.00220	0.00770
10	0.00641	0.00456	0.00602	0.00717	0.00746	0.00427	0.00475	0.00727	0.00985	0.01313	0.02809	0.77474	0.03367	0.05621	0.00764	0.00226	0.00312	0.01444	0.00475	0.00418
11	0.00757	0.00500	0.00563	0.00573	0.00592	0.00494	0.00336	0.00788	0.00819	0.01121	0.01895	0.09914	0.05055	0.65749	0.02233	0.00439	0.00459	0.00812	0.06558	0.00342
12	0.01846	0.01286	0.01410	0.01104	0.01465	0.01400	0.00894	0.61147	0.02157	0.08561	0.01366	0.03752	0.01053	0.05739	0.00721	0.03719	0.00546	0.00519	0.00504	0.00809
13	0.16109	0.01407	0.01422	0.01212	0.05462	0.06219	0.00937	0.50036	0.07600	0.02836	0.01184	0.01216	0.00867	0.00593	0.00484	0.00157	0.00557	0.00438	0.00459	0.00806
14	0.03869	0.11515	0.07243	0.01476	0.13551	0.14645	0.04423	0.17587	0.05121	0.05731	0.01129	0.01354	0.00911	0.06156	0.00647	0.00174	0.01766	0.00446	0.01533	0.00724
15	0.08137	0.01425	0.01504	0.01160	0.01570	0.01582	0.00958	0.71163	0.02333	0.03212	0.01212	0.01220	0.00862	0.00615	0.00506	0.00157	0.00560	0.00455	0.00506	0.00862
16	0.01272	0.01004	0.04391	0.00832	0.01290	0.00753	0.00701	0.04315	0.01192	0.12337	0.01213	0.01291	0.02980	0.00461	0.00421	0.00098	0.00413	0.00369	0.00364	0.64303
17	0.01813	0.02040	0.01538	0.01322	0.01629	0.50808	0.05390	0.16619	0.07238	0.01753	0.01028	0.01146	0.00813	0.00698	0.03728	0.00173	0.00844	0.00406	0.00337	0.00675
18	0.12180	0.01503	0.01476	0.03739	0.13956	0.18765	0.01017	0.27529	0.01672	0.09749	0.01199	0.01274	0.02511	0.00576	0.00486	0.00153	0.00625	0.00434	0.00400	0.00755
19	0.00670	0.00525	0.00607	0.00595	0.00739	0.00462	0.00443	0.00851	0.01304	0.01705	0.37475	0.08856	0.41460	0.01224	0.00618	0.00173	0.00258	0.01051	0.00523	0.00462
20	0.00745	0.00555	0.00824	0.00824	0.00912	0.00644	0.00634	0.00921	0.00833	0.01199	0.01407	0.02114	0.01331	0.07782	0.75798	0.00820	0.01351	0.00568	0.00281	0.00458
21	0.19038	0.01289	0.01294	0.01051	0.01418	0.03619	0.00854	0.39132	0.17688	0.07443	0.01360	0.01335	0.00985	0.00612	0.00481	0.00161	0.00507	0.00455	0.00482	0.00799
22	0.01414	0.18965	0.11262	0.07021	0.25093	0.03572	0.04016	0.01751	0.04054	0.12515	0.02278	0.01296	0.00909	0.00527	0.00517	0.00152	0.03155	0.00436	0.00313	0.00753
23	0.02290	0.00915	0.01221	0.00941	0.01341	0.00814	0.00776	0.05335	0.03943	0.73534	0.02026	0.01758	0.01283	0.00646	0.00524	0.00161	0.00447	0.00524	0.00636	0.00884
24	0.00832	0.00530	0.00712	0.03988	0.00913	0.00513	0.00541	0.00943	0.01021	0.08214	0.04787	0.51576	0.02849	0.13210	0.04546	0.00276	0.00413	0.03218	0.00456	0.00461
25	0.03056	0.08921	0.26799	0.04355	0.31628	0.07427	0.01487	0.01590	0.01170	0.01619	0.04199	0.01365	0.03101	0.00529	0.00492	0.00154	0.00659	0.00445	0.00263	0.00738
26	0.01002	0.00925	0.01500	0.31524	0.29625	0.00997	0.01241	0.01277	0.01112	0.01479	0.01785	0.10437	0.11544	0.00749	0.00552	0.00173	0.00562	0.02578	0.00308	0.00629
27	0.00899	0.00513	0.00563	0.00549	0.00675	0.00502	0.00412	0.01164	0.02704	0.01979	0.24841	0.02594	0.04053	0.00762	0.00448	0.00136	0.00247	0.00638	0.55827	0.00493
28	0.01062	0.00945	0.01495	0.20330	0.33642	0.01000	0.01201	0.01410	0.05508	0.01629	0.05992	0.08158	0.04590	0.00720	0.00543	0.00169	0.00534	0.05231	0.05179	0.00660
29	0.01576	0.09805	0.14083	0.03801	0.15434	0.14316	0.03141	0.10416	0.03058	0.13961	0.01254	0.03887	0.01814	0.00580	0.00497	0.00153	0.00647	0.00468	0.00357	0.00752
30	0.01359	0.35918	0.07314	0.01146	0.01437	0.14773	0.01044	0.01535	0.01044	0.01270	0.00768	0.01011	0.00699	0.00747	0.04089	0.00184	0.24441	0.00359	0.00234	0.00627
31	0.07408	0.04610	0.07342	0.00982	0.01438	0.03512	0.06482	0.06774	0.03616	0.01822	0.01117	0.01247	0.03407	0.00472	0.00429	0.00113	0.00489	0.00382	0.00322	0.48038
32	0.01126	0.06108	0.20368	0.31172	0.15101	0.01240	0.07224	0.05222	0.01163	0.01585	0.01029	0.04484	0.00833	0.00545	0.00516	0.00166	0.00684	0.00487	0.00259	0.00688

[dist]
# distance from previous block
# <min> <max>
0	11

[block]
# block no. 2 follows, 47 sequences, length 30
# corresponding to MSA columns:
# 386-409,432-437
name=unknown_C
#
# <colnr> <probs for GDERKNQSTAVLIFYWHMCP>
#	G	D	E	R	K	N	Q	S	T	A	V	L	I	F	Y	W	H	M	C	P
0	0.00728	0.00537	0.00684	0.00661	0.00791	0.00493	0.00505	0.00958	0.01414	0.01956	0.62539	0.04194	0.14691	0.01128	0.00622	0.00171	0.00266	0.06625	0.00554	0.00483
1	0.00966	0.00931	0.04522	0.03271	0.14185	0.00836	0.13448	0.01289	0.05066	0.03733	0.09255	0.04267	0.27657	0.00997	0.03611	0.00197	0.00515	0.02445	0.02206	0.00603
2	0.17085	0.45549	0.05622	0.00896	0.01301	0.04379	0.00850	0.04840	0.01162	0.06987	0.06285	0.01151	0.00999	0.00523	0.00385	0.00133	0.00523	0.00358	0.00309	0.00663
3	0.01578	0.00895	0.04784	0.01072	0.07435	0.00773	0.00811	0.02943	0.03564	0.37996	0.15516	0.11273	0.04458	0.00848	0.00588	0.00170	0.02336	0.01694	0.00540	0.00725
4	0.00677	0.00483	0.00610	0.00691	0.00736	0.00457	0.00467	0.00768	0.00991	0.01307	0.05076	0.50591	0.09222	0.18661	0.01087	0.00272	0.00354	0.06694	0.00450	0.00408
5	0.85377	0.01007	0.00765	0.00685	0.01007	0.01168	0.00564	0.01531	0.00886	0.02336	0.00725	0.00846	0.00564	0.00483	0.00322	0.00161	0.00403	0.00282	0.00322	0.00564
6	0.02579	0.04275	0.45384	0.01295	0.01858	0.03260	0.03167	0.03042	0.08183	0.09701	0.01269	0.06376	0.00998	0.00616	0.00551	0.00167	0.03721	0.00490	0.00321	0.02746
7	0.01153	0.00969	0.01119	0.00806	0.01265	0.00769	0.00647	0.07429	0.01191	0.01826	0.00952	0.01094	0.00781	0.00405	0.00397	0.00084	0.00401	0.00322	0.00326	0.78066
8	0.00627	0.00524	0.00547	0.00551	0.00713	0.00443	0.00409	0.00767	0.01201	0.01463	0.11598	0.09424	0.67316	0.01315	0.00618	0.00177	0.00264	0.01108	0.00492	0.00443
9	0.01283	0.01157	0.01784	0.05859	0.47028	0.01204	0.03591	0.01890	0.20921	0.04251	0.01447	0.01663	0.02915	0.00574	0.00529	0.00164	0.00560	0.02035	0.00349	0.00796
10	0.50871	0.00945	0.00911	0.00765	0.01099	0.01005	0.00627	0.04002	0.01147	0.25876	0.03931	0.01296	0.00983	0.00563	0.00402	0.00159	0.00408	0.00394	0.03950	0.00667
11	0.00808	0.00629	0.00865	0.00830	0.00879	0.00747	0.00616	0.00923	0.00805	0.01151	0.01367	0.02350	0.01400	0.28703	0.42821	0.00637	0.13146	0.00607	0.00283	0.00432
12	0.78919	0.00967	0.00744	0.00670	0.00976	0.01116	0.00549	0.01507	0.00902	0.02306	0.00800	0.00930	0.00623	0.00493	0.00325	0.00158	0.00391	0.00298	0.06769	0.00558
13	0.01137	0.13473	0.65868	0.01384	0.02096	0.01310	0.01743	0.01668	0.01107	0.04275	0.00945	0.01087	0.00683	0.00493	0.00474	0.00157	0.00729	0.00375	0.00235	0.00760
14	0.07610	0.01769	0.36669	0.01255	0.01765	0.01134	0.05833	0.01890	0.20090	0.06298	0.03094	0.06254	0.01232	0.00651	0.00516	0.00172	0.00595	0.02075	0.00361	0.00738
15	0.01584	0.04236	0.01386	0.01128	0.01463	0.09930	0.00898	0.25827	0.43018	0.02392	0.01655	0.01578	0.01237	0.00653	0.00514	0.00163	0.00525	0.00513	0.00488	0.00814
16	0.18512	0.00997	0.01377	0.49899	0.04439	0.01191	0.01181	0.06509	0.06092	0.03582	0.01012	0.01310	0.00756	0.00534	0.00480	0.00169	0.00600	0.00436	0.00299	0.00625
17	0.00983	0.00926	0.01562	0.80447	0.03587	0.01157	0.01446	0.01331	0.01041	0.01331	0.00926	0.01388	0.00694	0.00521	0.00521	0.00174	0.00694	0.00463	0.00231	0.00579
18	0.67025	0.01083	0.00934	0.13323	0.01451	0.05888	0.00730	0.01532	0.00946	0.02114	0.00762	0.00937	0.00591	0.00492	0.00362	0.00161	0.00481	0.00314	0.00305	0.00569
19	0.07440	0.00932	0.01501	0.74344	0.03389	0.01158	0.01379	0.01346	0.01029	0.01408	0.00910	0.01347	0.00684	0.00518	0.00505	0.00173	0.00672	0.00449	0.00238	0.00577
20	0.00969	0.00903	0.01518	0.75655	0.03427	0.01127	0.01398	0.01306	0.01029	0.01323	0.00954	0.01428	0.00731	0.00724	0.05282	0.00213	0.00736	0.00469	0.00234	0.00572
21	0.04052	0.01159	0.01994	0.35887	0.04791	0.02563	0.26153	0.03202	0.11710	0.01642	0.01132	0.01439	0.00852	0.00519	0.00545	0.00173	0.00706	0.00522	0.00294	0.00666
22	0.01224	0.01298	0.01639	0.03878	0.01543	0.12159	0.06945	0.01375	0.00939	0.01292	0.00824	0.03592	0.00793	0.00924	0.03755	0.00227	0.56283	0.00486	0.00246	0.00577
23	0.00725	0.00536	0.00682	0.00653	0.00783	0.00485	0.00485	0.00942	0.01383	0.01928	0.60474	0.11872	0.12185	0.01127	0.00612	0.00167	0.00258	0.00993	0.00546	0.03164
24	0.01769	0.01393	0.01583	0.13053	0.01928	0.09078	0.05549	0.42308	0.04916	0.09819	0.01284	0.01410	0.00935	0.00609	0.00526	0.00161	0.00625	0.01815	0.00449	0.00792
25	0.01132	0.01030	0.01384	0.01196	0.01248	0.01361	0.00972	0.08592	0.00960	0.01419	0.00933	0.01521	0.00917	0.10749	0.10589	0.00323	0.54338	0.00504	0.00273	0.00559
26	0.01167	0.01016	0.04012	0.02348	0.01394	0.03323	0.10634	0.14506	0.09295	0.04986	0.08932	0.15574	0.11563	0.01001	0.01643	0.00189	0.00503	0.06823	0.00457	0.00633
27	0.00979	0.04816	0.39619	0.01275	0.05131	0.01011	0.04466	0.02553	0.03696	0.01666	0.11228	0.09927	0.06834	0.02024	0.02347	0.00189	0.00607	0.00641	0.00330	0.00663
28	0.00746	0.00548	0.00786	0.00786	0.00862	0.00623	0.00588	0.00897	0.00822	0.01171	0.01441	0.02302	0.01413	0.18531	0.65161	0.00775	0.01228	0.00595	0.00286	0.00437
29	0.00872	0.01168	0.19744	0.02679	0.03509	0.03471	0.00919	0.01215	0.03698	0.01752	0.31153	0.08278	0.14506	0.00959	0.00581	0.00172	0.00439	0.03876	0.00436	0.00572

[dist]
# distance from previous block
# <min> <max>
2	3

[block]
# block no. 3 follows, 47 sequences, length 13
# corresponding to MSA columns:
# 441-453
name=unknown_D
#
# <colnr> <probs for GDERKNQSTAVLIFYWHMCP>
#	G	D	E	R	K	N	Q	S	T	A	V	L	I	F	Y	W	H	M	C	P
0	0.70621	0.09969	0.03770	0.00756	0.01106	0.03703	0.00662	0.01555	0.00931	0.02158	0.00735	0.00857	0.00582	0.00481	0.00334	0.00155	0.00449	0.00287	0.00306	0.00584
1	0.00902	0.00773	0.04456	0.05751	0.07492	0.00683	0.03740	0.01182	0.04209	0.05992	0.28273	0.15831	0.16587	0.01033	0.00595	0.00174	0.00381	0.00915	0.00470	0.00559
2	0.04212	0.05161	0.06466	0.03321	0.31136	0.17107	0.14232	0.01710	0.03783	0.01607	0.01017	0.03189	0.00849	0.00511	0.00507	0.00153	0.00705	0.00469	0.00275	0.03588
3	0.00932	0.00814	0.01148	0.03707	0.01161	0.01049	0.00844	0.01086	0.00875	0.01307	0.06446	0.01850	0.01307	0.07536	0.29437	0.00454	0.35528	0.00548	0.03464	0.00506
4	0.00800	0.00591	0.00778	0.00866	0.00987	0.00584	0.00718	0.01066	0.04944	0.01559	0.06333	0.17350	0.11453	0.01403	0.00685	0.00222	0.00414	0.48276	0.00487	0.00484
5	0.01061	0.01041	0.01596	0.64773	0.03209	0.06590	0.06477	0.01386	0.01078	0.01361	0.00971	0.01431	0.00753	0.02712	0.00576	0.00178	0.00704	0.00473	0.03051	0.00579
6	0.00740	0.00542	0.00713	0.00794	0.00899	0.00516	0.00634	0.00926	0.01183	0.01551	0.13672	0.25068	0.14206	0.01419	0.00676	0.00213	0.00370	0.34924	0.00494	0.00461
7	0.01201	0.01288	0.07435	0.13230	0.46689	0.01209	0.11878	0.01595	0.04002	0.01675	0.04005	0.01430	0.00977	0.00503	0.00533	0.00162	0.00653	0.00502	0.00275	0.00758
8	0.00756	0.00509	0.00591	0.00591	0.00599	0.00517	0.00344	0.00772	0.00764	0.01027	0.01620	0.03292	0.01843	0.75063	0.09217	0.00533	0.00581	0.00740	0.00312	0.00328
9	0.00783	0.00615	0.00912	0.00889	0.00973	0.00744	0.00699	0.00962	0.00833	0.01213	0.01325	0.01956	0.01241	0.03610	0.71935	0.00777	0.09235	0.00548	0.00274	0.00475
10	0.00743	0.00539	0.00636	0.00639	0.00785	0.00476	0.00481	0.00909	0.01249	0.05041	0.23837	0.16012	0.39065	0.01277	0.00626	0.00182	0.00288	0.06230	0.00514	0.00474
11	0.01264	0.03479	0.26517	0.02000	0.14177	0.05226	0.31775	0.06101	0.01263	0.01734	0.00997	0.01247	0.00752	0.00476	0.00543	0.00164	0.00782	0.00490	0.00264	0.00748
12	0.80748	0.01032	0.00810	0.00713	0.01041	0.01193	0.00588	0.05704	0.00973	0.02389	0.00754	0.00868	0.00582	0.00491	0.00333	0.00161	0.00412	0.00292	0.00333	0.00582

[dist]
# distance from previous block
# <min> <max>
7	9

[block]
# block no. 4 follows, 47 sequences, length 6
# corresponding to MSA columns:
# 464-469
name=unknown_E
#
# <colnr> <probs for GDERKNQSTAVLIFYWHMCP>
#	G	D	E	R	K	N	Q	S	T	A	V	L	I	F	Y	W	H	M	C	P
0	0.01218	0.01125	0.04260	0.01278	0.01434	0.04766	0.09053	0.01406	0.00988	0.09357	0.04071	0.01548	0.01058	0.04258	0.12684	0.00305	0.39777	0.00517	0.00301	0.00597
1	0.01044	0.00621	0.00789	0.00767	0.00914	0.00593	0.00564	0.04693	0.04811	0.14273	0.19878	0.39284	0.03123	0.01200	0.00602	0.00184	0.00327	0.01064	0.04712	0.00557
2	0.01093	0.15964	0.53838	0.01366	0.02000	0.01297	0.05604	0.01576	0.01110	0.01568	0.01094	0.01565	0.00910	0.00581	0.00497	0.00164	0.00709	0.08096	0.00250	0.00719
3	0.01164	0.00952	0.09073	0.01064	0.05899	0.00783	0.00876	0.08987	0.01424	0.12433	0.24789	0.08381	0.02778	0.00991	0.00602	0.00183	0.00441	0.18059	0.00494	0.00627
4	0.01139	0.01118	0.03885	0.18893	0.45161	0.01123	0.04302	0.01481	0.02932	0.01618	0.03590	0.03917	0.02931	0.00609	0.00542	0.00168	0.00607	0.04976	0.00292	0.00717
5	0.01128	0.01878	0.39011	0.12032	0.10400	0.01189	0.14817	0.01588	0.01124	0.04393	0.01070	0.04481	0.00841	0.00550	0.00568	0.00171	0.03283	0.00495	0.00259	0.00723

[dist]
# distance from previous block
# <min> <max>
0	22

[block]
# block no. 5 follows, 47 sequences, length 14
# corresponding to MSA columns:
# 513-526
name=unknown_F
#
# <colnr> <probs for GDERKNQSTAVLIFYWHMCP>
#	G	D	E	R	K	N	Q	S	T	A	V	L	I	F	Y	W	H	M	C	P
0	0.05057	0.13030	0.01726	0.15822	0.11225	0.02721	0.02641	0.23503	0.04981	0.08937	0.01155	0.01301	0.00870	0.00658	0.02909	0.00176	0.01720	0.00445	0.00375	0.00748
1	0.64949	0.01046	0.01063	0.05457	0.15772	0.01181	0.00807	0.01533	0.00951	0.02162	0.00784	0.00959	0.00620	0.00482	0.00369	0.00161	0.00459	0.00326	0.00305	0.00614
2	0.07317	0.06785	0.08449	0.07222	0.30110	0.19015	0.02599	0.04882	0.01240	0.01630	0.00924	0.01170	0.00759	0.00644	0.03812	0.00180	0.01877	0.00410	0.00269	0.00707
3	0.00875	0.04009	0.00868	0.00773	0.00872	0.00714	0.00575	0.06116	0.00947	0.01312	0.01482	0.04162	0.01492	0.25001	0.38927	0.05143	0.00921	0.02914	0.02451	0.00448
4	0.01180	0.12354	0.40381	0.01323	0.01887	0.01214	0.09877	0.04730	0.01224	0.06279	0.06925	0.01721	0.03675	0.00613	0.00514	0.00163	0.00657	0.04258	0.00311	0.00715
5	0.00750	0.00553	0.00750	0.05445	0.00944	0.00600	0.00561	0.00887	0.00889	0.01226	0.03374	0.07409	0.08692	0.24539	0.37892	0.00574	0.00883	0.00717	0.02887	0.00427
6	0.01174	0.01080	0.01545	0.55025	0.06793	0.05837	0.02593	0.10819	0.01274	0.01645	0.04230	0.01460	0.00920	0.00556	0.00519	0.00166	0.00662	0.00479	0.02596	0.00627
7	0.00727	0.00542	0.00772	0.00784	0.00867	0.00604	0.00590	0.00884	0.00865	0.01213	0.01784	0.09631	0.06126	0.10703	0.60600	0.00710	0.01145	0.00693	0.00313	0.00446
8	0.00654	0.00491	0.00609	0.00678	0.00763	0.00446	0.00482	0.00782	0.01115	0.01453	0.12328	0.47542	0.23419	0.01471	0.00649	0.00198	0.00296	0.05691	0.00494	0.00439
9	0.00832	0.00533	0.00641	0.00626	0.00686	0.00519	0.00404	0.00904	0.00947	0.05842	0.12828	0.08317	0.06603	0.50909	0.06885	0.00420	0.00495	0.00822	0.00389	0.00398
10	0.00809	0.00547	0.00695	0.00650	0.00780	0.00502	0.00481	0.01020	0.01384	0.05808	0.60850	0.03838	0.10939	0.08471	0.00797	0.00196	0.00281	0.00918	0.00545	0.00491
11	0.01143	0.15045	0.42510	0.01531	0.02149	0.01353	0.20573	0.01649	0.03677	0.01594	0.01029	0.03578	0.00809	0.00514	0.00505	0.00161	0.00737	0.00466	0.00250	0.00728
12	0.00871	0.00720	0.00756	0.00781	0.00895	0.07778	0.00568	0.01083	0.05050	0.03621	0.19074	0.36949	0.10253	0.03486	0.00679	0.00198	0.00371	0.05892	0.00485	0.00489
13	0.01474	0.33302	0.13021	0.01301	0.08940	0.09549	0.02824	0.08618	0.03837	0.06215	0.00980	0.01085	0.00779	0.00497	0.00433	0.00134	0.00619	0.00369	0.00299	0.05723

[dist]
# distance from previous block
# <min> <max>
4	7

[block]
# block no. 6 follows, 47 sequences, length 7
# corresponding to MSA columns:
# 534-540
name=unknown_G
#
# <colnr> <probs for GDERKNQSTAVLIFYWHMCP>
#	G	D	E	R	K	N	Q	S	T	A	V	L	I	F	Y	W	H	M	C	P
0	0.00654	0.00531	0.00575	0.00572	0.00728	0.00459	0.00429	0.00807	0.01224	0.01527	0.18942	0.04766	0.57746	0.04713	0.00707	0.00190	0.00280	0.04212	0.00493	0.00446
1	0.00800	0.00641	0.00746	0.00751	0.03217	0.00622	0.00538	0.01172	0.12820	0.01739	0.29288	0.03944	0.30418	0.07693	0.00769	0.00200	0.00318	0.03306	0.00501	0.00519
2	0.00663	0.00511	0.00606	0.00621	0.00742	0.00454	0.00451	0.00824	0.01241	0.01627	0.30230	0.23420	0.34123	0.01307	0.00627	0.00180	0.00267	0.01138	0.00515	0.00454
3	0.00928	0.01871	0.48397	0.01270	0.04176	0.00976	0.01422	0.01366	0.01064	0.01542	0.03897	0.05515	0.07406	0.01312	0.16262	0.00301	0.00809	0.00550	0.00278	0.00659
4	0.01500	0.66530	0.02485	0.00979	0.01390	0.17156	0.00913	0.01661	0.01139	0.01235	0.00740	0.00856	0.00669	0.00463	0.00361	0.00116	0.00631	0.00290	0.00232	0.00656
5	0.01741	0.02310	0.13263	0.05167	0.04675	0.54696	0.01187	0.08067	0.01467	0.01514	0.00873	0.01023	0.00694	0.00534	0.00482	0.00143	0.00860	0.00365	0.00280	0.00659
6	0.01030	0.00977	0.01675	0.61743	0.14773	0.01147	0.04781	0.01371	0.01091	0.01435	0.04327	0.01484	0.00903	0.00532	0.00528	0.00170	0.00671	0.00491	0.00252	0.00618

[dist]
# distance from previous block
# <min> <max>
0	35

# created by:
# /home/cegg/simao/soft/augustus-3.2.1/scripts/msa2prfl.pl ./align_prep/EOG091G0M24.fa
