[name]
unknown

[dist]
# distance from previous block
# <min> <max>
0	68

[block]
# block no. 0 follows, 50 sequences, length 32
# corresponding to MSA columns:
# 68-99
name=unknown_A
#
# <colnr> <probs for GDERKNQSTAVLIFYWHMCP>
#	G	D	E	R	K	N	Q	S	T	A	V	L	I	F	Y	W	H	M	C	P
0	0.00803	0.00574	0.00803	0.00918	0.01033	0.00574	0.00803	0.01033	0.01147	0.01492	0.02639	0.05622	0.02869	0.01377	0.00688	0.00229	0.00459	0.76018	0.00459	0.00459
1	0.01333	0.82783	0.02612	0.00853	0.01279	0.01972	0.00853	0.01493	0.01013	0.01173	0.00693	0.00800	0.00640	0.00426	0.00320	0.00107	0.00533	0.00267	0.00213	0.00640
2	0.01060	0.00981	0.05509	0.00781	0.01239	0.00694	0.00665	0.01301	0.01044	0.03484	0.00912	0.01050	0.00744	0.00381	0.00378	0.00081	0.00391	0.00304	0.00298	0.78701
3	0.02117	0.01064	0.01273	0.00981	0.01367	0.02992	0.00808	0.26744	0.01723	0.53009	0.01688	0.01515	0.01094	0.00608	0.00499	0.00152	0.00476	0.00480	0.00570	0.00841
4	0.00607	0.00434	0.00578	0.00694	0.00723	0.00405	0.00463	0.00694	0.00954	0.01272	0.02747	0.82157	0.03297	0.01562	0.00636	0.00202	0.00289	0.01417	0.00463	0.00405
5	0.00623	0.00446	0.00595	0.00702	0.00741	0.00418	0.00481	0.00726	0.00991	0.01327	0.07252	0.73482	0.03357	0.01520	0.00636	0.00201	0.00295	0.05326	0.00468	0.00412
6	0.01034	0.00980	0.01662	0.56517	0.27478	0.01132	0.01430	0.01355	0.01040	0.01386	0.00902	0.01299	0.00704	0.00481	0.00497	0.00160	0.00642	0.00443	0.00229	0.00628
7	0.01058	0.14147	0.64320	0.01377	0.02055	0.01282	0.05992	0.01567	0.01054	0.01521	0.00872	0.01032	0.00640	0.00464	0.00458	0.00151	0.00713	0.00366	0.00213	0.00719
8	0.00921	0.00855	0.01409	0.70904	0.03107	0.01058	0.01286	0.01248	0.02478	0.01287	0.01065	0.08398	0.00911	0.00603	0.00536	0.00171	0.02441	0.00530	0.00248	0.00545
9	0.01123	0.06028	0.60192	0.01483	0.04405	0.05381	0.08797	0.01623	0.01095	0.04016	0.00925	0.01086	0.00668	0.00472	0.00477	0.00155	0.00731	0.00388	0.00231	0.00723
10	0.01443	0.03574	0.01021	0.00945	0.05662	0.03186	0.00677	0.01594	0.01194	0.36629	0.02155	0.35744	0.02043	0.00998	0.00550	0.00172	0.00396	0.00873	0.00504	0.00641
11	0.00725	0.00483	0.00544	0.00544	0.00544	0.00483	0.00302	0.00725	0.00725	0.00966	0.01571	0.03262	0.01812	0.82483	0.02537	0.00483	0.00483	0.00725	0.00302	0.00302
12	0.01127	0.01060	0.01773	0.07379	0.62563	0.01067	0.01366	0.01402	0.01119	0.01567	0.01347	0.05521	0.05634	0.00595	0.00516	0.00157	0.00555	0.04253	0.00279	0.00719
13	0.01281	0.03669	0.01991	0.08493	0.60059	0.05876	0.05752	0.01569	0.01149	0.04033	0.00953	0.01229	0.00779	0.00456	0.00492	0.00148	0.00623	0.00441	0.00256	0.00750
14	0.00951	0.00896	0.01512	0.78746	0.05897	0.01110	0.01389	0.01282	0.01001	0.01285	0.00888	0.01326	0.00669	0.00497	0.00498	0.00166	0.00662	0.00443	0.00222	0.00561
15	0.02144	0.00925	0.01292	0.00981	0.01375	0.00835	0.05290	0.08959	0.01492	0.68412	0.01843	0.01632	0.01172	0.00604	0.00506	0.00155	0.00460	0.00502	0.00585	0.00838
16	0.00800	0.00531	0.00730	0.00845	0.04557	0.00502	0.00582	0.00932	0.01038	0.07459	0.04813	0.52156	0.05493	0.03163	0.02920	0.00220	0.00369	0.11965	0.00457	0.00467
17	0.01873	0.01125	0.01246	0.00995	0.01348	0.05276	0.00807	0.27155	0.13695	0.34144	0.03830	0.01577	0.01219	0.00625	0.00497	0.00153	0.00475	0.00495	0.02659	0.00804
18	0.01191	0.01134	0.01504	0.01251	0.01556	0.05902	0.18405	0.02122	0.44903	0.01844	0.04028	0.04277	0.01553	0.00704	0.00544	0.00172	0.00525	0.07254	0.00429	0.00701
19	0.01034	0.00886	0.01034	0.00738	0.01181	0.00664	0.00591	0.01255	0.01034	0.01624	0.00886	0.01034	0.00738	0.00369	0.00369	0.00074	0.00369	0.00295	0.00295	0.85530
20	0.01446	0.00898	0.01056	0.00889	0.01169	0.00930	0.00706	0.12746	0.25309	0.22858	0.23780	0.02251	0.02253	0.00747	0.00527	0.00159	0.00379	0.00627	0.00547	0.00723
21	0.00699	0.00509	0.00657	0.00620	0.00741	0.00467	0.00465	0.00928	0.01395	0.01962	0.74900	0.03784	0.08937	0.01033	0.00588	0.00157	0.00236	0.00910	0.00544	0.00467
22	0.01009	0.04756	0.77801	0.01405	0.02133	0.01180	0.01815	0.01576	0.01051	0.01568	0.00889	0.01045	0.00632	0.00472	0.00469	0.00156	0.00731	0.00366	0.00211	0.00734
23	0.01338	0.01228	0.01850	0.09231	0.58406	0.06315	0.01395	0.05628	0.02544	0.05790	0.01009	0.01253	0.00809	0.00474	0.00492	0.00149	0.00604	0.00441	0.00283	0.00762
24	0.01127	0.01050	0.01734	0.41424	0.37611	0.01167	0.01425	0.05724	0.01135	0.01540	0.00927	0.01278	0.00731	0.00480	0.00496	0.00157	0.00625	0.00444	0.00249	0.00677
25	0.01215	0.01067	0.01645	0.06074	0.44761	0.01052	0.02318	0.04227	0.05545	0.05007	0.02166	0.03277	0.02228	0.00514	0.00499	0.00141	0.01817	0.00468	0.00306	0.15674
26	0.01386	0.01016	0.01604	0.11065	0.20725	0.01036	0.10345	0.07350	0.04741	0.18687	0.10789	0.01680	0.01377	0.00595	0.00568	0.00158	0.04047	0.00533	0.00392	0.01909
27	0.03771	0.09612	0.14377	0.05919	0.13696	0.02371	0.05593	0.06111	0.06017	0.08321	0.06327	0.03532	0.01157	0.02127	0.00511	0.00151	0.00542	0.00474	0.00333	0.09058
28	0.01323	0.08968	0.14106	0.02742	0.10367	0.01185	0.02128	0.20407	0.03636	0.05455	0.03337	0.05503	0.01034	0.00575	0.00498	0.00140	0.02753	0.00464	0.00352	0.15029
29	0.01409	0.15940	0.19469	0.03588	0.05169	0.09412	0.03543	0.18062	0.03652	0.05885	0.05625	0.01263	0.00994	0.00536	0.00460	0.00141	0.00604	0.00417	0.00334	0.03497
30	0.03828	0.06049	0.02619	0.02439	0.07247	0.01197	0.03237	0.23839	0.15585	0.09106	0.06426	0.01608	0.02482	0.03266	0.00582	0.00160	0.02708	0.00498	0.00427	0.06698
31	0.02672	0.07815	0.06134	0.01409	0.17766	0.01180	0.00988	0.22383	0.06877	0.09338	0.02925	0.04971	0.01113	0.03990	0.01878	0.00169	0.00522	0.00492	0.00387	0.06992

[dist]
# distance from previous block
# <min> <max>
9	31

[block]
# block no. 1 follows, 50 sequences, length 6
# corresponding to MSA columns:
# 137-142
name=unknown_B
#
# <colnr> <probs for GDERKNQSTAVLIFYWHMCP>
#	G	D	E	R	K	N	Q	S	T	A	V	L	I	F	Y	W	H	M	C	P
0	0.01335	0.02733	0.05770	0.00944	0.01286	0.05579	0.02738	0.23010	0.03535	0.08811	0.09961	0.02162	0.12708	0.00718	0.00504	0.00144	0.00465	0.03497	0.00434	0.13666
1	0.00975	0.00776	0.00810	0.00746	0.00885	0.06114	0.00527	0.04249	0.11359	0.03323	0.08181	0.07233	0.01871	0.35472	0.05728	0.00326	0.00504	0.02441	0.00373	0.08106
2	0.04360	0.06581	0.01377	0.03654	0.01473	0.43051	0.00892	0.12439	0.09185	0.04527	0.01141	0.07006	0.00972	0.00615	0.00467	0.00143	0.00692	0.00449	0.00342	0.00636
3	0.00731	0.06517	0.00865	0.00760	0.00861	0.00663	0.00584	0.00880	0.00860	0.01183	0.01751	0.18471	0.05099	0.05940	0.51782	0.00588	0.00982	0.00726	0.00313	0.00445
4	0.01163	0.01101	0.01870	0.09307	0.66064	0.01128	0.01436	0.01451	0.01094	0.01557	0.00969	0.01307	0.00820	0.00744	0.07679	0.00208	0.00665	0.00452	0.00246	0.00739
5	0.08496	0.01159	0.01153	0.00992	0.01288	0.08815	0.00783	0.16112	0.31870	0.13226	0.01623	0.04794	0.01246	0.00835	0.05169	0.00197	0.00526	0.00519	0.00465	0.00732

[dist]
# distance from previous block
# <min> <max>
1	5

[block]
# block no. 2 follows, 50 sequences, length 38
# corresponding to MSA columns:
# 148-163,181-202
name=unknown_C
#
# <colnr> <probs for GDERKNQSTAVLIFYWHMCP>
#	G	D	E	R	K	N	Q	S	T	A	V	L	I	F	Y	W	H	M	C	P
0	0.03332	0.01429	0.01431	0.01133	0.01505	0.07932	0.00922	0.61123	0.11412	0.02841	0.01253	0.01245	0.00907	0.00598	0.00492	0.00150	0.00556	0.00449	0.00477	0.00813
1	0.20194	0.01376	0.01938	0.05906	0.15642	0.14042	0.29207	0.03012	0.01147	0.01696	0.00884	0.01130	0.00692	0.00456	0.00480	0.00155	0.00690	0.00438	0.00267	0.00645
2	0.01043	0.00904	0.01130	0.01172	0.09881	0.06936	0.00825	0.11103	0.01107	0.01510	0.04176	0.01694	0.01182	0.02375	0.45473	0.00519	0.07610	0.00503	0.00301	0.00556
3	0.01151	0.01102	0.01770	0.35441	0.43131	0.03507	0.01435	0.03784	0.01123	0.01516	0.00919	0.01262	0.00735	0.00473	0.00494	0.00155	0.00630	0.00440	0.00244	0.00687
4	0.00725	0.00483	0.00544	0.00544	0.00544	0.00483	0.00302	0.00725	0.00725	0.00966	0.01571	0.03262	0.01812	0.82483	0.02537	0.00483	0.00483	0.00725	0.00302	0.00302
5	0.56048	0.01013	0.00924	0.02002	0.01125	0.01138	0.00644	0.17428	0.01238	0.06884	0.06584	0.01162	0.00949	0.00541	0.00383	0.00154	0.00415	0.00369	0.00382	0.00617
6	0.00680	0.00501	0.00615	0.00598	0.00720	0.00453	0.00444	0.00878	0.01297	0.01785	0.53000	0.10286	0.21435	0.01102	0.00583	0.00162	0.00243	0.00961	0.03805	0.00453
7	0.00612	0.00443	0.00580	0.00687	0.00729	0.00411	0.00467	0.00706	0.00973	0.01284	0.02912	0.74244	0.08807	0.01534	0.00634	0.00201	0.00292	0.03615	0.00463	0.00408
8	0.02112	0.00988	0.01194	0.00938	0.01310	0.04974	0.00766	0.08347	0.07530	0.63543	0.01849	0.01629	0.01195	0.00615	0.00499	0.00154	0.00456	0.00493	0.00580	0.00830
9	0.01261	0.01193	0.02020	0.08257	0.61727	0.01214	0.07668	0.07512	0.01224	0.01720	0.00960	0.01246	0.00783	0.00458	0.00502	0.00151	0.00614	0.00456	0.00265	0.00768
10	0.00596	0.00499	0.00518	0.00526	0.00681	0.00422	0.00390	0.00724	0.01134	0.01370	0.08224	0.11051	0.69609	0.01276	0.00593	0.00171	0.00255	0.01075	0.00467	0.00422
11	0.00702	0.00509	0.00661	0.00623	0.00743	0.00469	0.00468	0.00934	0.01403	0.01979	0.76911	0.03755	0.06914	0.01026	0.00588	0.00157	0.00236	0.00906	0.00546	0.00469
12	0.01507	0.14055	0.01864	0.04907	0.28055	0.35563	0.04112	0.01716	0.01233	0.01368	0.00829	0.01031	0.00697	0.00473	0.00452	0.00135	0.00728	0.00370	0.00245	0.00662
13	0.00879	0.00777	0.01094	0.01003	0.01039	0.01008	0.00797	0.01002	0.00789	0.01169	0.01154	0.07984	0.01185	0.09111	0.31237	0.00459	0.37998	0.00575	0.00263	0.00475
14	0.00786	0.00562	0.00782	0.00885	0.00996	0.00558	0.00761	0.01010	0.01159	0.01521	0.08662	0.09021	0.03033	0.01357	0.00678	0.00223	0.00433	0.66649	0.00466	0.00457
15	0.01205	0.01155	0.01971	0.10850	0.71810	0.01177	0.01515	0.01504	0.01121	0.01593	0.00932	0.01243	0.00777	0.00450	0.00494	0.00150	0.00599	0.00444	0.00244	0.00766
16	0.01497	0.01447	0.08584	0.01205	0.02686	0.13220	0.06675	0.13726	0.32321	0.09712	0.02771	0.01506	0.01160	0.00598	0.00501	0.00157	0.00562	0.00491	0.00429	0.00753
17	0.00950	0.00892	0.01503	0.74376	0.07978	0.01093	0.01369	0.01274	0.01004	0.01295	0.00939	0.03482	0.00742	0.00523	0.00502	0.00166	0.00650	0.00469	0.00229	0.00564
18	0.01033	0.01006	0.01416	0.01231	0.01245	0.01389	0.01019	0.01152	0.00769	0.01193	0.00758	0.01222	0.00744	0.01308	0.13633	0.00307	0.69366	0.00451	0.00226	0.00530
19	0.01050	0.01138	0.02383	0.01770	0.02156	0.01082	0.58457	0.01388	0.01116	0.01514	0.01377	0.18973	0.01308	0.00683	0.00630	0.00177	0.03127	0.00765	0.00297	0.00610
20	0.01294	0.14213	0.17120	0.15586	0.03144	0.21051	0.02782	0.04661	0.06802	0.01445	0.00985	0.02610	0.00800	0.00688	0.04610	0.00179	0.00723	0.00405	0.00266	0.00636
21	0.73141	0.00976	0.00890	0.06714	0.07314	0.01123	0.00679	0.01456	0.00882	0.02118	0.00727	0.00881	0.00569	0.00464	0.00337	0.00155	0.00422	0.00296	0.00297	0.00560
22	0.01202	0.47407	0.19828	0.01046	0.01502	0.01542	0.06605	0.01464	0.01015	0.03376	0.00886	0.01155	0.00776	0.07225	0.02941	0.00175	0.00618	0.00364	0.00235	0.00636
23	0.01216	0.25688	0.01480	0.00891	0.01164	0.07093	0.00729	0.01884	0.33994	0.01569	0.03072	0.01721	0.01296	0.12986	0.00751	0.00193	0.00479	0.00485	0.02669	0.00639
24	0.01085	0.01282	0.13333	0.01272	0.01412	0.01391	0.01155	0.05199	0.00892	0.01354	0.00780	0.01168	0.00714	0.01053	0.08434	0.00257	0.57967	0.00435	0.00236	0.00581
25	0.02532	0.00940	0.03483	0.00794	0.01214	0.00730	0.00658	0.03005	0.01093	0.11363	0.01036	0.01176	0.00822	0.02546	0.00478	0.00103	0.02399	0.00341	0.00335	0.64953
26	0.00607	0.00437	0.00575	0.00687	0.00721	0.00405	0.00459	0.00695	0.00962	0.01275	0.02839	0.79087	0.06308	0.01550	0.00634	0.00201	0.00288	0.01403	0.00463	0.00405
27	0.01416	0.01162	0.01217	0.01044	0.01349	0.02697	0.00825	0.24628	0.51408	0.02346	0.01792	0.05079	0.01384	0.00688	0.00509	0.00164	0.00444	0.00562	0.00498	0.00786
28	0.00608	0.00446	0.00566	0.00661	0.00711	0.00409	0.00446	0.00698	0.00976	0.01275	0.03065	0.68272	0.14776	0.03711	0.00681	0.00205	0.00289	0.01343	0.00458	0.00404
29	0.01184	0.46988	0.37105	0.01106	0.01671	0.01609	0.01294	0.01531	0.01030	0.01354	0.00783	0.00912	0.00636	0.00447	0.00388	0.00129	0.00624	0.00312	0.00212	0.00683
30	0.01016	0.06424	0.76194	0.01393	0.02115	0.01197	0.01794	0.01574	0.01050	0.01559	0.00885	0.01040	0.00632	0.00471	0.00466	0.00155	0.00727	0.00363	0.00211	0.00732
31	0.00609	0.00500	0.00540	0.00567	0.00710	0.00431	0.00426	0.00738	0.01110	0.01347	0.04507	0.16485	0.61557	0.01317	0.00604	0.00178	0.00275	0.07214	0.00463	0.00422
32	0.00607	0.00434	0.00578	0.00694	0.00723	0.00405	0.00463	0.00694	0.00954	0.01272	0.02747	0.82157	0.03297	0.01562	0.00636	0.00202	0.00289	0.01417	0.00463	0.00405
33	0.01306	0.76248	0.08909	0.00899	0.01351	0.01906	0.00933	0.01500	0.01016	0.01206	0.00709	0.00820	0.00639	0.00430	0.00332	0.00111	0.00550	0.00275	0.00213	0.00648
34	0.00983	0.02220	0.63922	0.05626	0.07731	0.01098	0.01687	0.01490	0.01048	0.01542	0.01043	0.07462	0.00854	0.00558	0.00489	0.00161	0.00687	0.00460	0.00234	0.00705
35	0.01167	0.00980	0.01028	0.00932	0.01193	0.01117	0.00723	0.02387	0.66535	0.02013	0.02216	0.02073	0.07154	0.00711	0.00500	0.00165	0.00371	0.00591	0.07408	0.00736
36	0.01633	0.01949	0.01765	0.01765	0.17699	0.50132	0.12310	0.04170	0.01350	0.01418	0.00853	0.01042	0.00695	0.00488	0.00480	0.00139	0.00816	0.00389	0.00262	0.00644
37	0.01106	0.01177	0.02033	0.01577	0.01895	0.07333	0.40958	0.01459	0.05115	0.01483	0.01335	0.09562	0.01232	0.00914	0.06503	0.00224	0.08421	0.06773	0.00301	0.00599

[dist]
# distance from previous block
# <min> <max>
0	1

[block]
# block no. 3 follows, 50 sequences, length 25
# corresponding to MSA columns:
# 204-228
name=unknown_D
#
# <colnr> <probs for GDERKNQSTAVLIFYWHMCP>
#	G	D	E	R	K	N	Q	S	T	A	V	L	I	F	Y	W	H	M	C	P
0	0.00758	0.00583	0.00710	0.00774	0.00863	0.00601	0.00547	0.01151	0.18659	0.01465	0.02580	0.61522	0.02879	0.01354	0.00608	0.00196	0.00318	0.03465	0.00473	0.00494
1	0.01326	0.77029	0.02507	0.00864	0.01281	0.01921	0.00848	0.01574	0.06467	0.01237	0.00787	0.00874	0.00702	0.00444	0.00333	0.00111	0.00523	0.00287	0.00234	0.00650
2	0.00624	0.00504	0.00555	0.00548	0.00696	0.00435	0.00409	0.00781	0.01210	0.01536	0.26741	0.07238	0.54574	0.01201	0.00590	0.00166	0.00249	0.01021	0.00488	0.00435
3	0.62692	0.01187	0.06165	0.00888	0.04398	0.05638	0.00727	0.05107	0.05972	0.02142	0.00831	0.00934	0.00640	0.00486	0.00357	0.00153	0.00455	0.00314	0.00318	0.00596
4	0.01250	0.00998	0.01144	0.00977	0.01248	0.03661	0.04387	0.24172	0.14778	0.03703	0.05968	0.11599	0.09844	0.00869	0.00545	0.00165	0.00449	0.08328	0.00462	0.05454
5	0.01310	0.01211	0.01695	0.12400	0.39385	0.08460	0.03460	0.08281	0.06404	0.04487	0.01125	0.01455	0.00920	0.00662	0.03842	0.00181	0.00640	0.03059	0.00305	0.00718
6	0.01086	0.15911	0.01894	0.01258	0.01585	0.03180	0.27491	0.01418	0.05404	0.03249	0.15655	0.02266	0.08395	0.00701	0.00572	0.00159	0.03353	0.05475	0.00351	0.00598
7	0.01222	0.01161	0.01957	0.10690	0.69854	0.01186	0.01500	0.03524	0.01153	0.01634	0.00939	0.01242	0.00779	0.00454	0.00494	0.00150	0.00598	0.00444	0.00251	0.00768
8	0.01257	0.06821	0.05438	0.04439	0.02026	0.07953	0.35340	0.05960	0.09480	0.01606	0.01055	0.01340	0.00838	0.00552	0.00689	0.00167	0.12338	0.01753	0.00287	0.00661
9	0.00866	0.00433	0.00649	0.00649	0.00649	0.00433	0.00433	0.00649	0.00649	0.00866	0.00866	0.01515	0.00866	0.01732	0.01948	0.85498	0.00433	0.00433	0.00216	0.00216
10	0.00607	0.00434	0.00578	0.00694	0.00723	0.00405	0.00463	0.00694	0.00954	0.01272	0.02747	0.82157	0.03297	0.01562	0.00636	0.00202	0.00289	0.01417	0.00463	0.00405
11	0.05499	0.00962	0.07938	0.03156	0.01354	0.03082	0.08629	0.03919	0.03399	0.12579	0.06308	0.13596	0.04404	0.00955	0.00575	0.00184	0.00491	0.21960	0.00427	0.00584
12	0.05155	0.04735	0.01411	0.01228	0.06617	0.11638	0.03203	0.21809	0.32588	0.02155	0.01448	0.01513	0.01116	0.00610	0.00487	0.00156	0.00534	0.02425	0.00425	0.00748
13	0.01055	0.02468	0.70236	0.01405	0.02066	0.05667	0.01742	0.01577	0.01053	0.01533	0.00871	0.01046	0.00634	0.00502	0.00550	0.00160	0.06136	0.00370	0.00214	0.00715
14	0.02042	0.00866	0.01139	0.00885	0.01244	0.00785	0.00726	0.09639	0.01515	0.64081	0.09976	0.01860	0.01560	0.00657	0.00510	0.00154	0.00416	0.00538	0.00598	0.00809
15	0.00674	0.00501	0.00636	0.00728	0.00783	0.00492	0.00497	0.00899	0.09079	0.01358	0.02672	0.73742	0.03111	0.01469	0.00623	0.00199	0.00300	0.01328	0.00467	0.00445
16	0.01140	0.00958	0.01241	0.13620	0.11534	0.06571	0.03581	0.03045	0.06663	0.08020	0.18429	0.02102	0.06064	0.00677	0.00530	0.00149	0.01995	0.01754	0.01588	0.10341
17	0.03193	0.03244	0.05949	0.02838	0.02684	0.52460	0.04924	0.13776	0.03495	0.01606	0.00891	0.01011	0.00703	0.00521	0.00464	0.00138	0.00796	0.00366	0.00298	0.00642
18	0.01741	0.02180	0.01334	0.01215	0.01457	0.72096	0.00911	0.01880	0.01412	0.01302	0.08981	0.01195	0.01068	0.00567	0.00464	0.00131	0.00829	0.00382	0.00287	0.00567
19	0.00997	0.00959	0.06254	0.00772	0.01201	0.00677	0.00661	0.01244	0.01074	0.01660	0.09085	0.01317	0.01147	0.00444	0.00399	0.00088	0.00380	0.00364	0.00316	0.70961
20	0.01166	0.01113	0.01864	0.02792	0.71125	0.01104	0.01409	0.01444	0.01135	0.01599	0.01369	0.01607	0.09004	0.00530	0.00503	0.00150	0.00557	0.00508	0.00269	0.00751
21	0.00601	0.00495	0.00529	0.00542	0.00686	0.00423	0.00398	0.00731	0.01133	0.01390	0.10859	0.15894	0.62023	0.01285	0.00596	0.00172	0.00256	0.01092	0.00470	0.00423
22	0.01127	0.10080	0.32273	0.02576	0.01742	0.01143	0.10801	0.06564	0.03408	0.06032	0.03732	0.04993	0.09182	0.00642	0.00540	0.00159	0.03484	0.00538	0.00314	0.00669
23	0.00845	0.00603	0.00812	0.03611	0.00951	0.00585	0.03291	0.02049	0.04108	0.06423	0.41803	0.11558	0.10007	0.09019	0.00787	0.00196	0.01500	0.00874	0.00483	0.00493
24	0.01245	0.01105	0.01354	0.06313	0.11353	0.05587	0.06002	0.16093	0.22809	0.01959	0.05041	0.06958	0.08975	0.00716	0.00522	0.00160	0.00496	0.00618	0.00414	0.02279

[dist]
# distance from previous block
# <min> <max>
8	13

[block]
# block no. 4 follows, 50 sequences, length 43
# corresponding to MSA columns:
# 242,245-257,259-268,279-297
name=unknown_E
#
# <colnr> <probs for GDERKNQSTAVLIFYWHMCP>
#	G	D	E	R	K	N	Q	S	T	A	V	L	I	F	Y	W	H	M	C	P
0	0.05544	0.00543	0.00736	0.00738	0.00819	0.00613	0.00549	0.00881	0.00797	0.01188	0.01417	0.06326	0.01421	0.18462	0.56919	0.00673	0.01064	0.00602	0.00286	0.00421
1	0.01469	0.08999	0.05784	0.04111	0.23808	0.29079	0.01171	0.02782	0.04751	0.03894	0.00911	0.01099	0.00747	0.00531	0.00577	0.00147	0.08814	0.00388	0.00269	0.00670
2	0.00644	0.00524	0.00631	0.00723	0.05162	0.00466	0.00485	0.00779	0.01104	0.01394	0.09771	0.27166	0.45206	0.01287	0.00599	0.00178	0.00286	0.02695	0.00457	0.00442
3	0.01136	0.01084	0.01846	0.29237	0.53961	0.01159	0.01481	0.01444	0.01089	0.01510	0.00920	0.01266	0.00748	0.00462	0.00495	0.00154	0.00616	0.00444	0.00238	0.00711
4	0.07129	0.67563	0.02305	0.00844	0.01244	0.01803	0.00816	0.06098	0.01105	0.01412	0.05169	0.00990	0.00876	0.00473	0.00345	0.00115	0.00507	0.00314	0.00256	0.00636
5	0.08104	0.01120	0.01872	0.17258	0.54587	0.01169	0.05732	0.01481	0.01088	0.01611	0.00912	0.01223	0.00744	0.00454	0.00485	0.00153	0.00603	0.00438	0.00247	0.00719
6	0.01199	0.04898	0.02010	0.12626	0.59653	0.01217	0.05769	0.01533	0.03380	0.01575	0.00956	0.01250	0.00787	0.00456	0.00492	0.00150	0.00607	0.00447	0.00250	0.00747
7	0.10231	0.02992	0.01447	0.01087	0.01460	0.01216	0.08569	0.36384	0.02898	0.21786	0.01342	0.01416	0.00964	0.05210	0.00601	0.00171	0.00524	0.00471	0.00467	0.00763
8	0.00618	0.00440	0.00584	0.00695	0.00725	0.00413	0.00467	0.00705	0.00951	0.01267	0.02699	0.76857	0.03227	0.04665	0.00711	0.00214	0.00302	0.03602	0.00456	0.00403
9	0.00728	0.00536	0.00704	0.04422	0.00918	0.00536	0.00556	0.05143	0.01070	0.01429	0.08086	0.50977	0.06131	0.05159	0.05566	0.00244	0.00400	0.06510	0.00441	0.00444
10	0.01036	0.01076	0.06106	0.52185	0.27216	0.01134	0.01456	0.01371	0.01043	0.01402	0.00903	0.01283	0.00702	0.00480	0.00495	0.00160	0.00646	0.00439	0.00229	0.00638
11	0.00614	0.00437	0.00576	0.00685	0.00712	0.00410	0.00453	0.00696	0.00940	0.01254	0.02676	0.77356	0.03206	0.06486	0.00752	0.00220	0.00301	0.01375	0.00453	0.00399
12	0.00607	0.00434	0.00578	0.00694	0.00723	0.00405	0.00463	0.00694	0.00954	0.01272	0.02747	0.82157	0.03297	0.01562	0.00636	0.00202	0.00289	0.01417	0.00463	0.00405
13	0.01220	0.30084	0.14913	0.04439	0.34835	0.01457	0.03465	0.01518	0.01075	0.01448	0.00845	0.01058	0.00706	0.00444	0.00432	0.00136	0.00604	0.00373	0.00228	0.00718
14	0.01269	0.01354	0.02177	0.07657	0.39518	0.10775	0.24370	0.01579	0.01161	0.01533	0.00927	0.01229	0.00749	0.00462	0.00551	0.00155	0.03109	0.00472	0.00247	0.00706
15	0.01054	0.01040	0.01544	0.09848	0.01585	0.01383	0.05989	0.01254	0.03250	0.01257	0.00799	0.01226	0.00737	0.01027	0.07733	0.00255	0.58774	0.00459	0.00234	0.00554
16	0.01263	0.70760	0.05524	0.00855	0.01259	0.01788	0.00856	0.01444	0.01003	0.01220	0.00783	0.00929	0.00706	0.00637	0.05207	0.00151	0.00576	0.00296	0.04120	0.00624
17	0.00915	0.01073	0.09696	0.01419	0.01740	0.00879	0.35767	0.01211	0.01074	0.01461	0.01762	0.33591	0.01849	0.00923	0.00600	0.00183	0.00594	0.04357	0.00341	0.00563
18	0.01135	0.01114	0.01623	0.33284	0.27675	0.07640	0.02512	0.03787	0.01099	0.01443	0.01015	0.06815	0.00892	0.00588	0.00596	0.00163	0.07224	0.00502	0.00258	0.00633
19	0.86003	0.00964	0.00733	0.00655	0.00964	0.01118	0.00540	0.01465	0.00848	0.02236	0.00694	0.00810	0.00540	0.00463	0.00308	0.00154	0.00386	0.00270	0.00308	0.00540
20	0.00687	0.00538	0.00795	0.05007	0.01001	0.00544	0.04103	0.00815	0.00967	0.01296	0.02434	0.63274	0.02843	0.01482	0.03171	0.00220	0.03661	0.06303	0.00424	0.00435
21	0.86003	0.00964	0.00733	0.00655	0.00964	0.01118	0.00540	0.01465	0.00848	0.02236	0.00694	0.00810	0.00540	0.00463	0.00308	0.00154	0.00386	0.00270	0.00308	0.00540
22	0.86003	0.00964	0.00733	0.00655	0.00964	0.01118	0.00540	0.01465	0.00848	0.02236	0.00694	0.00810	0.00540	0.00463	0.00308	0.00154	0.00386	0.00270	0.00308	0.00540
23	0.00631	0.00505	0.00555	0.00543	0.00687	0.00439	0.00401	0.00783	0.01194	0.01518	0.26776	0.04392	0.52741	0.05794	0.00699	0.00183	0.00260	0.00989	0.00479	0.00429
24	0.00769	0.00553	0.00722	0.02961	0.00911	0.00560	0.00569	0.04893	0.04592	0.02967	0.02418	0.57056	0.02743	0.02716	0.07742	0.00255	0.00428	0.06238	0.00443	0.00464
25	0.00650	0.00479	0.00650	0.00780	0.03063	0.00457	0.00531	0.00764	0.00982	0.01303	0.02750	0.63235	0.07691	0.01606	0.04801	0.00233	0.00367	0.08787	0.00446	0.00425
26	0.01153	0.37265	0.43431	0.01238	0.04744	0.01511	0.01401	0.01539	0.01038	0.01405	0.00809	0.00950	0.00641	0.00452	0.00408	0.00135	0.00643	0.00327	0.00213	0.00697
27	0.01326	0.80589	0.02583	0.00865	0.01280	0.01960	0.00859	0.01485	0.01006	0.01173	0.00692	0.00807	0.00640	0.00438	0.00355	0.00110	0.02709	0.00271	0.00213	0.00637
28	0.00655	0.00508	0.00596	0.00574	0.00714	0.00449	0.00431	0.00843	0.01292	0.01716	0.46957	0.04189	0.37033	0.01125	0.00588	0.00162	0.00243	0.00967	0.00511	0.00449
29	0.01072	0.01817	0.36544	0.11090	0.07140	0.01200	0.28573	0.01536	0.01087	0.01542	0.00930	0.01200	0.00690	0.00467	0.00551	0.00164	0.03018	0.00461	0.00229	0.00690
30	0.01013	0.05660	0.76931	0.01399	0.02124	0.01189	0.01804	0.01575	0.01051	0.01563	0.00887	0.01043	0.00632	0.00472	0.00468	0.00156	0.00729	0.00364	0.00211	0.00733
31	0.28093	0.01224	0.01235	0.00976	0.01346	0.01357	0.00806	0.48871	0.01816	0.08060	0.01093	0.01110	0.00778	0.00557	0.00440	0.00151	0.00489	0.00397	0.00447	0.00752
32	0.00615	0.00445	0.00583	0.00690	0.00733	0.00414	0.00472	0.00711	0.00976	0.01288	0.02908	0.73147	0.08744	0.01532	0.00635	0.00201	0.00294	0.04741	0.00463	0.00408
33	0.01088	0.00884	0.01039	0.00745	0.01185	0.00668	0.00597	0.01308	0.01051	0.05131	0.00934	0.01063	0.00761	0.00380	0.00375	0.00077	0.00372	0.00305	0.00310	0.81727
34	0.01540	0.09361	0.01556	0.03467	0.03136	0.46047	0.01007	0.01678	0.01175	0.01226	0.00780	0.01067	0.00699	0.00621	0.00768	0.00155	0.22831	0.02062	0.00246	0.00576
35	0.01618	0.00854	0.01035	0.00842	0.01120	0.00862	0.00682	0.19629	0.01498	0.31132	0.07679	0.01770	0.01407	0.00830	0.05271	0.00185	0.02990	0.00512	0.19383	0.00700
36	0.01233	0.25267	0.32816	0.01410	0.04046	0.01384	0.17977	0.01620	0.01098	0.07311	0.00943	0.01096	0.00710	0.00458	0.00457	0.00145	0.00673	0.00399	0.00252	0.00704
37	0.01225	0.01255	0.04354	0.06934	0.64647	0.05973	0.01450	0.01519	0.01154	0.01600	0.04434	0.01324	0.00945	0.00478	0.00495	0.00149	0.00603	0.00455	0.00258	0.00748
38	0.01544	0.00754	0.00976	0.00806	0.01064	0.00717	0.00650	0.03940	0.01318	0.41332	0.13236	0.03755	0.14359	0.00814	0.00620	0.00161	0.07409	0.00653	0.05223	0.00671
39	0.00623	0.00477	0.00572	0.00610	0.00710	0.00426	0.00434	0.00758	0.01125	0.01466	0.21119	0.36134	0.31091	0.01329	0.00608	0.00180	0.00263	0.01166	0.00483	0.00426
40	0.01198	0.01148	0.01959	0.12619	0.70093	0.01175	0.01512	0.01498	0.01118	0.01585	0.00931	0.01245	0.00774	0.00451	0.00494	0.00150	0.00601	0.00444	0.00244	0.00761
41	0.01651	0.01267	0.01290	0.01138	0.04849	0.20222	0.04819	0.09400	0.04556	0.25971	0.04254	0.04078	0.08436	0.00703	0.00542	0.00155	0.02633	0.02908	0.00442	0.00685
42	0.00638	0.00476	0.00655	0.07271	0.00944	0.00465	0.00536	0.00752	0.00982	0.01304	0.05752	0.69944	0.05532	0.01443	0.00622	0.00197	0.00317	0.01305	0.00446	0.00420

[dist]
# distance from previous block
# <min> <max>
1	3

[block]
# block no. 5 follows, 50 sequences, length 9
# corresponding to MSA columns:
# 301-306,309-311
name=unknown_F
#
# <colnr> <probs for GDERKNQSTAVLIFYWHMCP>
#	G	D	E	R	K	N	Q	S	T	A	V	L	I	F	Y	W	H	M	C	P
0	0.01503	0.41442	0.07975	0.01157	0.04475	0.21033	0.03625	0.08791	0.01259	0.03390	0.00826	0.00938	0.00684	0.00473	0.00400	0.00125	0.00650	0.00328	0.00263	0.00663
1	0.01230	0.04876	0.27388	0.06440	0.05725	0.08125	0.20056	0.07115	0.01196	0.03223	0.00981	0.01282	0.00766	0.00530	0.00592	0.00162	0.06805	0.02564	0.00264	0.00683
2	0.00620	0.00497	0.00555	0.00560	0.00698	0.00431	0.00413	0.00768	0.01180	0.01498	0.23081	0.14780	0.50682	0.01242	0.00595	0.00170	0.00253	0.01063	0.00484	0.00431
3	0.00674	0.00532	0.00617	0.00652	0.00773	0.00498	0.00479	0.00909	0.07425	0.01450	0.10497	0.31056	0.34697	0.01303	0.00605	0.00183	0.00290	0.06432	0.00474	0.00453
4	0.00827	0.00680	0.00990	0.00871	0.00992	0.00724	0.09468	0.01063	0.07669	0.01229	0.01685	0.02560	0.06976	0.34181	0.23603	0.00472	0.04599	0.00651	0.00312	0.00448
5	0.00641	0.00500	0.00581	0.00574	0.00708	0.00441	0.00426	0.00810	0.01238	0.01619	0.36570	0.11292	0.40448	0.01185	0.00593	0.00166	0.00248	0.01020	0.00500	0.00441
6	0.01141	0.01007	0.01063	0.00950	0.01202	0.05080	0.02653	0.05207	0.48517	0.01962	0.12433	0.02446	0.10694	0.00788	0.00531	0.00166	0.00402	0.02588	0.00487	0.00685
7	0.00962	0.00926	0.01620	0.74414	0.03361	0.01121	0.07994	0.01302	0.01012	0.01302	0.00897	0.01330	0.00672	0.00492	0.00506	0.00166	0.00680	0.00456	0.00224	0.00564
8	0.01187	0.00935	0.01087	0.00788	0.01223	0.00757	0.00634	0.09046	0.01188	0.06068	0.00977	0.01087	0.00777	0.00406	0.00389	0.00086	0.00390	0.00322	0.00334	0.72319

[dist]
# distance from previous block
# <min> <max>
0	1

[block]
# block no. 6 follows, 50 sequences, length 32
# corresponding to MSA columns:
# 313-344
name=unknown_G
#
# <colnr> <probs for GDERKNQSTAVLIFYWHMCP>
#	G	D	E	R	K	N	Q	S	T	A	V	L	I	F	Y	W	H	M	C	P
0	0.01351	0.80148	0.02576	0.00862	0.01288	0.01958	0.00856	0.03960	0.01056	0.01236	0.00709	0.00812	0.00646	0.00432	0.00326	0.00108	0.00534	0.00272	0.00222	0.00646
1	0.01234	0.01184	0.02023	0.03059	0.79373	0.01184	0.01530	0.01530	0.01135	0.01628	0.00938	0.01234	0.00790	0.00444	0.00493	0.00148	0.00592	0.00444	0.00247	0.00790
2	0.01216	0.01172	0.02019	0.07300	0.73153	0.01182	0.03581	0.01518	0.01129	0.01608	0.00937	0.01242	0.00782	0.00446	0.00496	0.00150	0.00603	0.00448	0.00245	0.00774
3	0.01199	0.01136	0.04876	0.02395	0.51242	0.01059	0.10062	0.01505	0.01195	0.06340	0.12621	0.01637	0.01388	0.00538	0.00518	0.00152	0.00563	0.00529	0.00313	0.00730
4	0.00627	0.00503	0.00561	0.00554	0.00699	0.00436	0.00413	0.00787	0.01215	0.01553	0.28761	0.08440	0.51298	0.01199	0.00591	0.00166	0.00249	0.01022	0.00490	0.00436
5	0.00617	0.00449	0.00581	0.00669	0.00721	0.00414	0.00456	0.00724	0.01022	0.01360	0.11488	0.66185	0.10531	0.01473	0.00626	0.00194	0.00280	0.01325	0.00472	0.00414
6	0.00723	0.00489	0.00575	0.00575	0.00586	0.00500	0.00341	0.00745	0.00734	0.00990	0.01542	0.03103	0.01743	0.72917	0.12009	0.00522	0.00587	0.00702	0.00298	0.00319
7	0.00714	0.00526	0.00760	0.00760	0.00835	0.00601	0.00572	0.00864	0.00789	0.01127	0.01372	0.02164	0.01335	0.16165	0.68202	0.00751	0.01201	0.00564	0.00273	0.00422
8	0.01793	0.02266	0.01376	0.01255	0.01502	0.75714	0.00943	0.01925	0.01376	0.01216	0.00804	0.00962	0.00678	0.00706	0.05229	0.00169	0.00925	0.00334	0.00257	0.00570
9	0.01360	0.78637	0.02550	0.00875	0.01293	0.06020	0.00859	0.01518	0.01033	0.01175	0.00697	0.00805	0.00640	0.00431	0.00327	0.00108	0.00552	0.00269	0.00215	0.00636
10	0.01208	0.01081	0.01747	0.13411	0.54183	0.01108	0.01340	0.05998	0.01198	0.04381	0.01366	0.01593	0.08102	0.00543	0.00504	0.00153	0.00562	0.00503	0.00291	0.00728
11	0.05847	0.03062	0.01391	0.01253	0.08645	0.03356	0.00928	0.32152	0.22698	0.02307	0.01317	0.01380	0.01008	0.00792	0.05128	0.00196	0.06900	0.00467	0.00420	0.00752
12	0.01350	0.00785	0.00836	0.00746	0.00951	0.08048	0.00583	0.01583	0.03368	0.24118	0.07005	0.03178	0.01534	0.02195	0.09388	0.00219	0.00489	0.02965	0.30067	0.00590
13	0.01349	0.01505	0.09067	0.04947	0.14748	0.12888	0.31032	0.02903	0.04041	0.07266	0.01041	0.01265	0.00790	0.00493	0.00576	0.00159	0.04467	0.00484	0.00285	0.00693
14	0.00706	0.00485	0.00587	0.00615	0.00642	0.00480	0.00395	0.00763	0.00851	0.01139	0.06551	0.17657	0.03736	0.52092	0.04900	0.00400	0.00460	0.06831	0.00360	0.00351
15	0.01239	0.10850	0.09085	0.01193	0.06929	0.08417	0.04034	0.06280	0.14441	0.03299	0.06324	0.02431	0.01198	0.00663	0.02451	0.00158	0.05386	0.01686	0.00340	0.13595
16	0.00675	0.00510	0.00624	0.00599	0.00731	0.00459	0.00452	0.00879	0.01328	0.01805	0.56654	0.04066	0.25593	0.01095	0.00590	0.00162	0.00245	0.02555	0.00523	0.00456
17	0.01365	0.70459	0.07068	0.00914	0.01356	0.01884	0.00920	0.08607	0.01139	0.01380	0.00752	0.00852	0.00659	0.00445	0.00346	0.00114	0.00547	0.00290	0.00240	0.00665
18	0.01033	0.10557	0.72212	0.01364	0.02070	0.01239	0.01743	0.01570	0.01048	0.01538	0.00874	0.01027	0.00632	0.00469	0.00458	0.00153	0.00716	0.00358	0.00211	0.00727
19	0.01001	0.07502	0.69575	0.01342	0.02015	0.01172	0.01695	0.01526	0.01033	0.01524	0.00912	0.01099	0.00674	0.00695	0.05973	0.00199	0.00765	0.00373	0.00215	0.00710
20	0.00778	0.00592	0.00598	0.00602	0.00624	0.05250	0.00359	0.00797	0.00798	0.01020	0.01716	0.10811	0.03640	0.67895	0.02184	0.00428	0.00484	0.00775	0.00319	0.00331
21	0.01162	0.01279	0.02684	0.02135	0.12345	0.01213	0.62806	0.01575	0.02505	0.01628	0.04751	0.01453	0.00962	0.00456	0.00575	0.00165	0.00772	0.00584	0.00270	0.00680
22	0.01227	0.01203	0.02129	0.02949	0.70564	0.01193	0.10255	0.01537	0.01140	0.01625	0.00946	0.01246	0.00786	0.00441	0.00504	0.00150	0.00621	0.00461	0.00247	0.00776
23	0.00675	0.00517	0.00699	0.00766	0.00802	0.00541	0.00546	0.00780	0.00972	0.01323	0.07766	0.64790	0.03083	0.01440	0.00746	0.00202	0.09335	0.04147	0.00441	0.00427
24	0.00848	0.00433	0.00644	0.00652	0.00654	0.00431	0.00435	0.00652	0.00670	0.00894	0.00995	0.07066	0.01033	0.01720	0.01858	0.79627	0.00423	0.00501	0.00233	0.00229
25	0.00920	0.00853	0.01430	0.73777	0.03196	0.01062	0.01313	0.01238	0.00978	0.01263	0.00928	0.01388	0.00719	0.00801	0.07961	0.00225	0.00727	0.00451	0.00226	0.00544
26	0.10928	0.01216	0.01332	0.01031	0.01417	0.01301	0.00851	0.51176	0.01960	0.21785	0.01332	0.01278	0.00909	0.00588	0.00479	0.00151	0.00501	0.00443	0.00507	0.00815
27	0.00781	0.00541	0.00675	0.00628	0.00774	0.00494	0.00475	0.01022	0.03200	0.06147	0.59415	0.03765	0.18133	0.01034	0.00581	0.00159	0.00253	0.00899	0.00536	0.00490
28	0.03978	0.01004	0.01174	0.00920	0.01298	0.00976	0.00746	0.15986	0.16484	0.30944	0.01560	0.01464	0.01089	0.00565	0.00467	0.00138	0.00428	0.00451	0.00493	0.19834
29	0.00742	0.00548	0.00698	0.00654	0.00783	0.00523	0.00492	0.01058	0.06715	0.02005	0.73805	0.03595	0.04484	0.00995	0.00582	0.00158	0.00246	0.00878	0.00546	0.00492
30	0.01267	0.66915	0.17902	0.00965	0.01453	0.01811	0.01048	0.01510	0.01021	0.01253	0.00733	0.00850	0.00638	0.00436	0.00350	0.00117	0.00573	0.00287	0.00213	0.00659
31	0.29348	0.01071	0.01106	0.00890	0.01230	0.01155	0.00730	0.31709	0.01598	0.16889	0.08442	0.01398	0.01178	0.00597	0.00445	0.00153	0.00443	0.00442	0.00463	0.00712

[dist]
# distance from previous block
# <min> <max>
0	1

[block]
# block no. 7 follows, 50 sequences, length 21
# corresponding to MSA columns:
# 346-366
name=unknown_H
#
# <colnr> <probs for GDERKNQSTAVLIFYWHMCP>
#	G	D	E	R	K	N	Q	S	T	A	V	L	I	F	Y	W	H	M	C	P
0	0.05709	0.64756	0.02295	0.00868	0.01283	0.01778	0.00833	0.07223	0.01143	0.08942	0.00853	0.00916	0.00707	0.00459	0.00350	0.00117	0.00516	0.00303	0.00278	0.00670
1	0.01143	0.37029	0.46702	0.01177	0.01780	0.01508	0.01417	0.01542	0.01035	0.01404	0.00808	0.00944	0.00635	0.00453	0.00408	0.00136	0.00649	0.00325	0.00212	0.00695
2	0.02852	0.04468	0.20399	0.01484	0.15105	0.06182	0.08331	0.01670	0.01177	0.17361	0.01417	0.01493	0.06616	0.00541	0.00482	0.00145	0.00584	0.00464	0.00335	0.08894
3	0.01255	0.19183	0.02153	0.02573	0.62148	0.01358	0.01380	0.01522	0.01108	0.01528	0.00884	0.01138	0.00756	0.00440	0.00455	0.00139	0.00579	0.00405	0.00239	0.00756
4	0.00609	0.00510	0.00532	0.00539	0.00701	0.00433	0.00412	0.00746	0.01147	0.01380	0.07524	0.04818	0.71064	0.01262	0.00596	0.00172	0.00267	0.06397	0.00466	0.00425
5	0.01051	0.14931	0.67996	0.01333	0.02022	0.01283	0.01689	0.01565	0.01046	0.01516	0.00863	0.01013	0.00633	0.00466	0.00450	0.00150	0.00705	0.00353	0.00211	0.00722
6	0.01023	0.04758	0.60177	0.01584	0.13341	0.01136	0.01663	0.01521	0.01090	0.01604	0.06684	0.01269	0.00956	0.00508	0.00480	0.00155	0.00672	0.00416	0.00241	0.00722
7	0.00724	0.00552	0.00825	0.00818	0.00904	0.00653	0.00638	0.00900	0.00800	0.01158	0.01313	0.01930	0.01227	0.03645	0.77934	0.00782	0.03953	0.00531	0.00265	0.00448
8	0.00607	0.00434	0.00578	0.00694	0.00723	0.00405	0.00463	0.00694	0.00954	0.01272	0.02747	0.82157	0.03297	0.01562	0.00636	0.00202	0.00289	0.01417	0.00463	0.00405
9	0.01238	0.05075	0.24565	0.07568	0.26440	0.08061	0.04975	0.08880	0.01252	0.01697	0.04847	0.01267	0.00916	0.00504	0.00487	0.00150	0.00653	0.00434	0.00274	0.00717
10	0.01267	0.01264	0.01816	0.20080	0.50657	0.10314	0.01410	0.04424	0.01182	0.01560	0.00917	0.01215	0.00747	0.00470	0.00490	0.00150	0.00642	0.00430	0.00252	0.00715
11	0.01260	0.01141	0.02234	0.06749	0.02155	0.01138	0.47361	0.01594	0.01138	0.11260	0.01140	0.01409	0.00849	0.00515	0.00663	0.00167	0.09551	0.00540	0.08484	0.00653
12	0.86003	0.00964	0.00733	0.00655	0.00964	0.01118	0.00540	0.01465	0.00848	0.02236	0.00694	0.00810	0.00540	0.00463	0.00308	0.00154	0.00386	0.00270	0.00308	0.00540
13	0.00634	0.00550	0.00590	0.00580	0.00734	0.00506	0.00447	0.00763	0.01110	0.01342	0.04635	0.04567	0.70380	0.01239	0.00668	0.00174	0.06064	0.04140	0.00445	0.00431
14	0.01475	0.01196	0.01406	0.18086	0.04402	0.03025	0.01012	0.37442	0.17759	0.02354	0.04059	0.01445	0.01076	0.00608	0.00527	0.00158	0.02313	0.00484	0.00424	0.00746
15	0.01654	0.01241	0.01347	0.01072	0.01418	0.01377	0.00873	0.57310	0.13357	0.02806	0.07092	0.01518	0.01251	0.00793	0.04379	0.00185	0.00541	0.00503	0.00492	0.00792
16	0.00798	0.00571	0.00797	0.00904	0.01019	0.00569	0.00787	0.01028	0.01160	0.01516	0.06341	0.05531	0.02957	0.01360	0.00684	0.00226	0.00448	0.72382	0.00463	0.00460
17	0.01174	0.01398	0.08397	0.02014	0.07924	0.01245	0.59133	0.01692	0.08614	0.01645	0.01093	0.01365	0.00823	0.00451	0.00565	0.00166	0.00772	0.00559	0.00273	0.00697
18	0.09433	0.60363	0.16436	0.00937	0.01408	0.01742	0.01002	0.01505	0.01004	0.01349	0.00730	0.00846	0.00629	0.00438	0.00347	0.00120	0.00556	0.00285	0.00222	0.00648
19	0.01298	0.01141	0.01219	0.01058	0.01265	0.08773	0.00851	0.17456	0.19186	0.03162	0.10794	0.02041	0.04904	0.00798	0.00778	0.00174	0.18718	0.05313	0.00418	0.00652
20	0.59707	0.03137	0.00958	0.00785	0.01110	0.02818	0.00645	0.13565	0.06660	0.05267	0.00918	0.00981	0.00689	0.00505	0.00363	0.00153	0.00427	0.00329	0.00361	0.00621

[dist]
# distance from previous block
# <min> <max>
6	8

[block]
# block no. 8 follows, 50 sequences, length 6
# corresponding to MSA columns:
# 378-383
name=unknown_I
#
# <colnr> <probs for GDERKNQSTAVLIFYWHMCP>
#	G	D	E	R	K	N	Q	S	T	A	V	L	I	F	Y	W	H	M	C	P
0	0.01152	0.01105	0.01878	0.19242	0.52442	0.01128	0.05615	0.01456	0.01099	0.01552	0.00926	0.01243	0.00757	0.00448	0.00489	0.00147	0.00602	0.00439	0.00246	0.08036
1	0.01067	0.00953	0.01495	0.70735	0.03185	0.01165	0.01327	0.11336	0.01174	0.01519	0.00927	0.01312	0.00689	0.00512	0.00498	0.00164	0.00649	0.00444	0.00258	0.00592
2	0.01175	0.01128	0.01902	0.15938	0.61466	0.01195	0.01476	0.01465	0.01087	0.01540	0.00910	0.01240	0.00760	0.00482	0.00572	0.00156	0.06091	0.00443	0.00241	0.00734
3	0.05472	0.01203	0.01765	0.17642	0.50586	0.07978	0.01367	0.01560	0.01132	0.05237	0.00950	0.01224	0.00762	0.00470	0.00482	0.00150	0.00614	0.00427	0.00263	0.00717
4	0.08518	0.00965	0.01137	0.00890	0.01256	0.04095	0.04105	0.03735	0.08864	0.24554	0.04720	0.03856	0.01191	0.00558	0.00450	0.00129	0.00428	0.00458	0.00429	0.29663
5	0.08781	0.01291	0.01421	0.11980	0.09843	0.16150	0.05225	0.13574	0.04237	0.13791	0.03979	0.01397	0.02574	0.00559	0.00479	0.00149	0.00590	0.00452	0.00373	0.03154

[dist]
# distance from previous block
# <min> <max>
2	6

[block]
# block no. 9 follows, 50 sequences, length 13
# corresponding to MSA columns:
# 390-402
name=unknown_J
#
# <colnr> <probs for GDERKNQSTAVLIFYWHMCP>
#	G	D	E	R	K	N	Q	S	T	A	V	L	I	F	Y	W	H	M	C	P
0	0.00987	0.00874	0.01284	0.31641	0.16170	0.03159	0.01047	0.05626	0.01069	0.01410	0.01373	0.16130	0.01375	0.11428	0.00812	0.00211	0.01985	0.02562	0.00303	0.00553
1	0.01229	0.01307	0.01997	0.15235	0.24105	0.12006	0.23451	0.01604	0.05791	0.01538	0.04307	0.01376	0.00946	0.00503	0.00546	0.00157	0.02464	0.00495	0.00273	0.00668
2	0.00879	0.00716	0.01065	0.16006	0.17971	0.00760	0.00814	0.01027	0.00897	0.01211	0.01379	0.02597	0.01438	0.40676	0.04670	0.00347	0.00572	0.06219	0.00286	0.00470
3	0.01271	0.01285	0.01653	0.08065	0.42649	0.13521	0.01212	0.01576	0.04433	0.01556	0.00944	0.01175	0.00778	0.00454	0.00463	0.00132	0.00593	0.00400	0.00267	0.17572
4	0.01002	0.00877	0.01257	0.20375	0.18638	0.00962	0.00984	0.01536	0.20148	0.01644	0.13638	0.07971	0.01810	0.06206	0.00661	0.00185	0.00475	0.00636	0.00372	0.00622
5	0.00983	0.20549	0.01417	0.00955	0.01088	0.01207	0.00785	0.01184	0.06121	0.01279	0.01517	0.30550	0.01670	0.01002	0.00879	0.00182	0.27013	0.00761	0.00325	0.00533
6	0.01764	0.02171	0.01368	0.01242	0.01503	0.68047	0.00936	0.02094	0.13505	0.01356	0.00968	0.01050	0.00780	0.00539	0.00458	0.00135	0.00820	0.00359	0.00296	0.00611
7	0.01186	0.22712	0.24379	0.13740	0.01932	0.04223	0.04452	0.07231	0.06365	0.01574	0.04701	0.01232	0.00917	0.00525	0.00483	0.00147	0.02850	0.00408	0.00274	0.00668
8	0.01212	0.01292	0.01509	0.01305	0.01345	0.13916	0.01071	0.01324	0.00865	0.01203	0.00673	0.01060	0.00652	0.00816	0.01450	0.00204	0.68912	0.00418	0.00224	0.00550
9	0.00637	0.00455	0.00613	0.00728	0.00770	0.00431	0.00515	0.00746	0.00984	0.01306	0.02731	0.70474	0.03231	0.01533	0.00644	0.00207	0.00315	0.12805	0.00462	0.00413
10	0.14800	0.14673	0.01240	0.00807	0.01118	0.03748	0.00676	0.04918	0.01301	0.29484	0.20238	0.01850	0.01832	0.00654	0.00460	0.00146	0.00412	0.00514	0.00466	0.00663
11	0.29265	0.29061	0.05378	0.01014	0.06482	0.03654	0.00842	0.01677	0.13128	0.01719	0.00930	0.01022	0.00755	0.00496	0.00405	0.00141	0.02759	0.00337	0.00294	0.00641
12	0.00845	0.12227	0.00975	0.00713	0.00892	0.00741	0.00585	0.04687	0.01298	0.01728	0.37760	0.06604	0.15267	0.01029	0.00563	0.00164	0.00332	0.12620	0.00468	0.00501

[dist]
# distance from previous block
# <min> <max>
6	51

# created by:
# /home/cegg/simao/soft/augustus-3.2.1/scripts/msa2prfl.pl ./align_prep/EOG091G0HXJ.fa
