[name]
unknown

[dist]
# distance from previous block
# <min> <max>
0	15

[block]
# block no. 0 follows, 48 sequences, length 27
# corresponding to MSA columns:
# 96-122
name=unknown_A
#
# <colnr> <probs for GDERKNQSTAVLIFYWHMCP>
#	G	D	E	R	K	N	Q	S	T	A	V	L	I	F	Y	W	H	M	C	P
0	0.00969	0.00912	0.01539	0.80734	0.03534	0.01140	0.01425	0.01311	0.01026	0.01311	0.00912	0.01368	0.00684	0.00513	0.00513	0.00171	0.00684	0.00456	0.00228	0.00570
1	0.00746	0.00497	0.00560	0.00560	0.00560	0.00497	0.00311	0.00746	0.00746	0.00995	0.01617	0.03358	0.01865	0.81967	0.02612	0.00497	0.00497	0.00746	0.00311	0.00311
2	0.00625	0.00447	0.00595	0.00714	0.00744	0.00417	0.00476	0.00714	0.00982	0.01310	0.02828	0.81633	0.03394	0.01608	0.00655	0.00208	0.00298	0.01459	0.00476	0.00417
3	0.00827	0.00591	0.00827	0.00945	0.01063	0.00591	0.00827	0.01063	0.01181	0.01536	0.02717	0.05788	0.02953	0.01417	0.00709	0.00236	0.00472	0.75313	0.00472	0.00472
4	0.01259	0.01208	0.02064	0.05846	0.76151	0.01216	0.01570	0.01566	0.01163	0.01664	0.00963	0.01273	0.00808	0.00459	0.00508	0.00153	0.00612	0.00457	0.00253	0.00804
5	0.00624	0.00452	0.00589	0.00699	0.00740	0.00418	0.00469	0.00716	0.00997	0.01316	0.03017	0.75530	0.09375	0.01583	0.00651	0.00206	0.00295	0.01429	0.00476	0.00418
6	0.01948	0.01517	0.01533	0.01192	0.01591	0.07823	0.00977	0.71087	0.02336	0.03076	0.01197	0.01208	0.00856	0.00609	0.00509	0.00152	0.00593	0.00452	0.00493	0.00850
7	0.01123	0.01123	0.01572	0.01347	0.01347	0.01572	0.01123	0.01235	0.00786	0.01235	0.00674	0.01123	0.00674	0.00898	0.01684	0.00225	0.81028	0.00449	0.00225	0.00561
8	0.01029	0.02654	0.79309	0.01462	0.02221	0.01192	0.01896	0.01625	0.01083	0.01625	0.00921	0.01083	0.00650	0.00487	0.00487	0.00162	0.00758	0.00379	0.00217	0.00758
9	0.01276	0.01102	0.01160	0.01044	0.01334	0.01276	0.00812	0.02727	0.77840	0.02146	0.02088	0.01914	0.01566	0.00696	0.00522	0.00174	0.00406	0.00580	0.00522	0.00812
10	0.00726	0.00524	0.00686	0.00646	0.00767	0.00484	0.00484	0.00968	0.01452	0.02058	0.78496	0.03833	0.04841	0.01049	0.00605	0.00161	0.00242	0.00928	0.00565	0.00484
11	0.01276	0.01102	0.01160	0.01044	0.01334	0.01276	0.00812	0.02727	0.77840	0.02146	0.02088	0.01914	0.01566	0.00696	0.00522	0.00174	0.00406	0.00580	0.00522	0.00812
12	0.00629	0.00524	0.00551	0.00553	0.00718	0.00446	0.00420	0.00775	0.01198	0.01459	0.12285	0.04871	0.67614	0.01281	0.00611	0.00175	0.00269	0.04695	0.00485	0.00440
13	0.01029	0.02654	0.79309	0.01462	0.02221	0.01192	0.01896	0.01625	0.01083	0.01625	0.00921	0.01083	0.00650	0.00487	0.00487	0.00162	0.00758	0.00379	0.00217	0.00758
14	0.00625	0.00447	0.00595	0.00714	0.00744	0.00417	0.00476	0.00714	0.00982	0.01310	0.02828	0.81633	0.03394	0.01608	0.00655	0.00208	0.00298	0.01459	0.00476	0.00417
15	0.01270	0.01219	0.02083	0.03149	0.78767	0.01219	0.01575	0.01575	0.01168	0.01676	0.00965	0.01270	0.00813	0.00457	0.00508	0.00152	0.00610	0.00457	0.00254	0.00813
16	0.01917	0.02445	0.01454	0.01322	0.01586	0.79907	0.00991	0.02049	0.01454	0.01256	0.00793	0.00925	0.00661	0.00529	0.00463	0.00132	0.00925	0.00330	0.00264	0.00595
17	0.85592	0.00992	0.00754	0.00675	0.00992	0.01151	0.00556	0.01508	0.00873	0.02302	0.00714	0.00834	0.00556	0.00476	0.00318	0.00159	0.00397	0.00278	0.00318	0.00556
18	0.01314	0.01121	0.01182	0.01052	0.01349	0.01294	0.00821	0.06933	0.73571	0.02208	0.02040	0.01876	0.01527	0.00692	0.00522	0.00173	0.00415	0.00573	0.00522	0.00816
19	0.01117	0.01215	0.02565	0.01869	0.02309	0.01139	0.61694	0.01512	0.01251	0.01711	0.14289	0.01928	0.01533	0.00566	0.00608	0.00173	0.00748	0.02804	0.00318	0.00650
20	0.00772	0.00536	0.00692	0.00646	0.00780	0.00490	0.00487	0.01005	0.01434	0.04655	0.70941	0.03836	0.09680	0.01052	0.00602	0.00162	0.00250	0.00924	0.00561	0.00494
21	0.01116	0.01106	0.01538	0.01323	0.01334	0.01536	0.01100	0.01269	0.03000	0.01260	0.00734	0.01171	0.00717	0.00977	0.03897	0.00240	0.76426	0.00456	0.00235	0.00566
22	0.85592	0.00992	0.00754	0.00675	0.00992	0.01151	0.00556	0.01508	0.00873	0.02302	0.00714	0.00834	0.00556	0.00476	0.00318	0.00159	0.00397	0.00278	0.00318	0.00556
23	0.01276	0.01102	0.01160	0.01044	0.01334	0.01276	0.00812	0.02727	0.77840	0.02146	0.02088	0.01914	0.01566	0.00696	0.00522	0.00174	0.00406	0.00580	0.00522	0.00812
24	0.00622	0.00520	0.00541	0.00536	0.00702	0.00440	0.00402	0.00766	0.01206	0.01472	0.14519	0.04798	0.69184	0.01268	0.00606	0.00172	0.00258	0.01063	0.00488	0.00440
25	0.01246	0.01050	0.01121	0.01014	0.01281	0.01210	0.00783	0.02563	0.71699	0.02047	0.01993	0.01886	0.01513	0.00783	0.00640	0.06929	0.00409	0.00569	0.00498	0.00765
26	0.85592	0.00992	0.00754	0.00675	0.00992	0.01151	0.00556	0.01508	0.00873	0.02302	0.00714	0.00834	0.00556	0.00476	0.00318	0.00159	0.00397	0.00278	0.00318	0.00556

[dist]
# distance from previous block
# <min> <max>
0	3

[block]
# block no. 1 follows, 48 sequences, length 66
# corresponding to MSA columns:
# 130-147,149-196
name=unknown_B
#
# <colnr> <probs for GDERKNQSTAVLIFYWHMCP>
#	G	D	E	R	K	N	Q	S	T	A	V	L	I	F	Y	W	H	M	C	P
0	0.00726	0.00524	0.00686	0.00646	0.00767	0.00484	0.00484	0.00968	0.01452	0.02058	0.78496	0.03833	0.04841	0.01049	0.00605	0.00161	0.00242	0.00928	0.00565	0.00484
1	0.01372	0.82276	0.02689	0.00878	0.01317	0.02030	0.00878	0.01536	0.01043	0.01207	0.00713	0.00823	0.00658	0.00439	0.00329	0.00110	0.00549	0.00274	0.00219	0.00658
2	0.00728	0.00530	0.00689	0.00665	0.00789	0.00491	0.00510	0.00964	0.01412	0.01972	0.67419	0.04074	0.08900	0.01097	0.00615	0.00169	0.00264	0.07682	0.00551	0.00480
3	0.01995	0.01104	0.01285	0.00997	0.01372	0.01128	0.00820	0.38206	0.01882	0.34689	0.01607	0.01516	0.01084	0.00622	0.00498	0.00152	0.00478	0.00486	0.09247	0.00832
4	0.00827	0.00591	0.00827	0.00945	0.01063	0.00591	0.00827	0.01063	0.01181	0.01536	0.02717	0.05788	0.02953	0.01417	0.00709	0.00236	0.00472	0.75313	0.00472	0.00472
5	0.01917	0.02445	0.01454	0.01322	0.01586	0.79907	0.00991	0.02049	0.01454	0.01256	0.00793	0.00925	0.00661	0.00529	0.00463	0.00132	0.00925	0.00330	0.00264	0.00595
6	0.01276	0.01102	0.01160	0.01044	0.01334	0.01276	0.00812	0.02727	0.77840	0.02146	0.02088	0.01914	0.01566	0.00696	0.00522	0.00174	0.00406	0.00580	0.00522	0.00812
7	0.01123	0.01123	0.01572	0.01347	0.01347	0.01572	0.01123	0.01235	0.00786	0.01235	0.00674	0.01123	0.00674	0.00898	0.01684	0.00225	0.81028	0.00449	0.00225	0.00561
8	0.00625	0.00447	0.00595	0.00714	0.00744	0.00417	0.00476	0.00714	0.00982	0.01310	0.02828	0.81633	0.03394	0.01608	0.00655	0.00208	0.00298	0.01459	0.00476	0.00417
9	0.01270	0.01219	0.02083	0.03149	0.78767	0.01219	0.01575	0.01575	0.01168	0.01676	0.00965	0.01270	0.00813	0.00457	0.00508	0.00152	0.00610	0.00457	0.00254	0.00813
10	0.02132	0.01031	0.01274	0.00989	0.01381	0.01003	0.00813	0.20843	0.07938	0.54183	0.01835	0.01634	0.01197	0.00635	0.00516	0.00159	0.00466	0.00508	0.00596	0.00868
11	0.00726	0.00524	0.00686	0.00646	0.00767	0.00484	0.00484	0.00968	0.01452	0.02058	0.78496	0.03833	0.04841	0.01049	0.00605	0.00161	0.00242	0.00928	0.00565	0.00484
12	0.01257	0.01206	0.02059	0.06504	0.75514	0.01216	0.01568	0.01563	0.01162	0.01661	0.00963	0.01274	0.00807	0.00460	0.00508	0.00153	0.00613	0.00457	0.00253	0.00802
13	0.00806	0.00576	0.00800	0.00898	0.01013	0.00570	0.00770	0.01037	0.01206	0.01591	0.12091	0.08741	0.03205	0.01380	0.00694	0.00226	0.00437	0.63004	0.00484	0.00472
14	0.01276	0.01102	0.01160	0.01044	0.01334	0.01276	0.00812	0.02727	0.77840	0.02146	0.02088	0.01914	0.01566	0.00696	0.00522	0.00174	0.00406	0.00580	0.00522	0.00812
15	0.00659	0.00510	0.00608	0.00641	0.00759	0.00450	0.00462	0.00797	0.01134	0.01476	0.15264	0.35466	0.31320	0.01350	0.00619	0.00183	0.00284	0.03534	0.00483	0.04003
16	0.01270	0.01219	0.02083	0.03149	0.78767	0.01219	0.01575	0.01575	0.01168	0.01676	0.00965	0.01270	0.00813	0.00457	0.00508	0.00152	0.00610	0.00457	0.00254	0.00813
17	0.07121	0.02355	0.01411	0.01282	0.01549	0.75009	0.00964	0.02015	0.01418	0.01321	0.00788	0.00920	0.00654	0.00525	0.00454	0.00134	0.00892	0.00327	0.00268	0.00592
18	0.01005	0.00949	0.01604	0.71440	0.12546	0.01149	0.01443	0.01343	0.01043	0.01355	0.00918	0.01356	0.00699	0.00506	0.00512	0.00169	0.00675	0.00456	0.00231	0.00599
19	0.01237	0.35431	0.42954	0.01200	0.01801	0.03822	0.01413	0.01629	0.01090	0.03902	0.00867	0.00992	0.00673	0.00473	0.00422	0.00140	0.00667	0.00339	0.00233	0.00716
20	0.01071	0.01020	0.05558	0.00812	0.01279	0.00738	0.00690	0.01372	0.04299	0.01689	0.00962	0.01101	0.00788	0.00399	0.00392	0.00085	0.00403	0.00320	0.00308	0.76713
21	0.00811	0.00703	0.03566	0.00793	0.00977	0.00628	0.04929	0.02388	0.07438	0.01941	0.52977	0.07969	0.10837	0.01014	0.00596	0.00167	0.00319	0.00900	0.00518	0.00529
22	0.01268	0.01434	0.02669	0.01960	0.02418	0.08293	0.61121	0.01734	0.06686	0.01632	0.01120	0.01473	0.00870	0.00494	0.00616	0.00172	0.02822	0.02250	0.00283	0.00684
23	0.00625	0.00449	0.00593	0.00709	0.00743	0.00417	0.00474	0.00715	0.00988	0.01312	0.02900	0.79318	0.05662	0.01598	0.00653	0.00207	0.00297	0.01447	0.00476	0.00417
24	0.01138	0.27844	0.55068	0.01278	0.01935	0.01457	0.01574	0.01597	0.01070	0.01493	0.00855	0.01001	0.00653	0.00472	0.00437	0.00146	0.00692	0.00346	0.00218	0.00727
25	0.01436	0.01182	0.01250	0.01077	0.01395	0.01351	0.00851	0.20330	0.59976	0.02404	0.01886	0.01753	0.01402	0.00677	0.00520	0.00169	0.00444	0.00552	0.00520	0.00826
26	0.00625	0.00447	0.00595	0.00714	0.00744	0.00417	0.00476	0.00714	0.00982	0.01310	0.02828	0.81633	0.03394	0.01608	0.00655	0.00208	0.00298	0.01459	0.00476	0.00417
27	0.01932	0.01390	0.01501	0.01159	0.01563	0.01530	0.00955	0.69125	0.06448	0.07149	0.01320	0.01296	0.00931	0.00621	0.00514	0.00155	0.00549	0.00471	0.00520	0.00869
28	0.00615	0.00514	0.00535	0.00543	0.00701	0.00435	0.00402	0.00747	0.01170	0.01417	0.09083	0.11141	0.68317	0.01311	0.00610	0.00175	0.00262	0.01105	0.00481	0.00435
29	0.00969	0.00912	0.01539	0.80734	0.03534	0.01140	0.01425	0.01311	0.01026	0.01311	0.00912	0.01368	0.00684	0.00513	0.00513	0.00171	0.00684	0.00456	0.00228	0.00570
30	0.85592	0.00992	0.00754	0.00675	0.00992	0.01151	0.00556	0.01508	0.00873	0.02302	0.00714	0.00834	0.00556	0.00476	0.00318	0.00159	0.00397	0.00278	0.00318	0.00556
31	0.01917	0.02445	0.01454	0.01322	0.01586	0.79907	0.00991	0.02049	0.01454	0.01256	0.00793	0.00925	0.00661	0.00529	0.00463	0.00132	0.00925	0.00330	0.00264	0.00595
32	0.01917	0.02445	0.01454	0.01322	0.01586	0.79907	0.00991	0.02049	0.01454	0.01256	0.00793	0.00925	0.00661	0.00529	0.00463	0.00132	0.00925	0.00330	0.00264	0.00595
33	0.00607	0.00518	0.00521	0.00524	0.00694	0.00433	0.00392	0.00736	0.01166	0.01385	0.05148	0.06559	0.76970	0.01306	0.00607	0.00174	0.00261	0.01091	0.00476	0.00433
34	0.00969	0.00912	0.01539	0.80734	0.03534	0.01140	0.01425	0.01311	0.01026	0.01311	0.00912	0.01368	0.00684	0.00513	0.00513	0.00171	0.00684	0.00456	0.00228	0.00570
35	0.00733	0.00550	0.00825	0.00825	0.00916	0.00641	0.00641	0.00916	0.00825	0.01191	0.01374	0.02016	0.01283	0.03848	0.79934	0.00825	0.01374	0.00550	0.00275	0.00458
36	0.00737	0.00514	0.00655	0.00659	0.00692	0.00546	0.00433	0.00805	0.00782	0.01075	0.01573	0.05586	0.01712	0.51573	0.29883	0.00603	0.00801	0.00701	0.00304	0.00367
37	0.00614	0.00514	0.00534	0.00542	0.00701	0.00434	0.00402	0.00746	0.01167	0.01412	0.08506	0.11379	0.68666	0.01314	0.00610	0.00176	0.00262	0.01107	0.00481	0.00434
38	0.00625	0.00447	0.00595	0.00714	0.00744	0.00417	0.00476	0.00714	0.00982	0.01310	0.02828	0.81633	0.03394	0.01608	0.00655	0.00208	0.00298	0.01459	0.00476	0.00417
39	0.01064	0.00912	0.01064	0.00760	0.01216	0.00684	0.00608	0.01292	0.01064	0.01672	0.00912	0.01064	0.00760	0.00380	0.00380	0.00076	0.00380	0.00304	0.00304	0.85104
40	0.01359	0.79227	0.05623	0.00900	0.01352	0.01998	0.00917	0.01540	0.01044	0.01223	0.00721	0.00833	0.00658	0.00441	0.00335	0.00112	0.00557	0.00278	0.00219	0.00662
41	0.04837	0.01475	0.01508	0.01171	0.01570	0.05678	0.00962	0.70519	0.02309	0.03098	0.01191	0.01202	0.00851	0.00607	0.00504	0.00153	0.00578	0.00449	0.00493	0.00847
42	0.00625	0.00447	0.00595	0.00714	0.00744	0.00417	0.00476	0.00714	0.00982	0.01310	0.02828	0.81633	0.03394	0.01608	0.00655	0.00208	0.00298	0.01459	0.00476	0.00417
43	0.01129	0.00910	0.01071	0.00768	0.01221	0.00688	0.00616	0.01355	0.01085	0.05728	0.00970	0.01100	0.00787	0.00393	0.00387	0.00080	0.00383	0.00315	0.00321	0.80693
44	0.00625	0.00447	0.00595	0.00714	0.00744	0.00417	0.00476	0.00714	0.00982	0.01310	0.02828	0.81633	0.03394	0.01608	0.00655	0.00208	0.00298	0.01459	0.00476	0.00417
45	0.01229	0.49131	0.34585	0.01121	0.01693	0.01681	0.01302	0.01573	0.01060	0.01381	0.00800	0.00931	0.00655	0.00459	0.00395	0.00132	0.00636	0.00318	0.00218	0.00700
46	0.01270	0.01129	0.01337	0.01150	0.01462	0.01278	0.08003	0.02624	0.70598	0.02099	0.01989	0.01864	0.01492	0.00671	0.00530	0.00174	0.00449	0.00583	0.00497	0.00801
47	0.00631	0.00451	0.00602	0.00721	0.00754	0.00422	0.00487	0.00725	0.00988	0.01316	0.02825	0.79418	0.03381	0.01602	0.00656	0.00209	0.00303	0.03615	0.00476	0.00418
48	0.00625	0.00447	0.00595	0.00714	0.00744	0.00417	0.00476	0.00714	0.00982	0.01310	0.02828	0.81633	0.03394	0.01608	0.00655	0.00208	0.00298	0.01459	0.00476	0.00417
49	0.00675	0.00522	0.00614	0.00591	0.00735	0.00462	0.00444	0.00868	0.01331	0.01768	0.46928	0.04309	0.36590	0.01157	0.00606	0.00166	0.00250	0.00995	0.00527	0.00462
50	0.01360	0.79527	0.05334	0.00898	0.01348	0.02001	0.00913	0.01539	0.01044	0.01222	0.00721	0.00832	0.00658	0.00441	0.00335	0.00112	0.00556	0.00278	0.00219	0.00662
51	0.01132	0.51501	0.06425	0.00823	0.01184	0.01481	0.00800	0.01334	0.01145	0.01429	0.17513	0.01926	0.10191	0.00665	0.00427	0.00131	0.00464	0.00507	0.00320	0.00603
52	0.06128	0.01655	0.29202	0.01172	0.01645	0.01221	0.01191	0.06139	0.36938	0.07055	0.01542	0.01507	0.01124	0.00600	0.00497	0.00167	0.00542	0.00480	0.00408	0.00785
53	0.01064	0.00912	0.01064	0.00760	0.01216	0.00684	0.00608	0.01292	0.01064	0.01672	0.00912	0.01064	0.00760	0.00380	0.00380	0.00076	0.00380	0.00304	0.00304	0.85104
54	0.01270	0.01219	0.02083	0.03149	0.78767	0.01219	0.01575	0.01575	0.01168	0.01676	0.00965	0.01270	0.00813	0.00457	0.00508	0.00152	0.00610	0.00457	0.00254	0.00813
55	0.07860	0.00899	0.01149	0.00940	0.01240	0.00892	0.05072	0.13401	0.06544	0.25988	0.22447	0.02415	0.03475	0.00776	0.00542	0.00165	0.00423	0.04537	0.00533	0.00702
56	0.01217	0.01159	0.01950	0.13659	0.63993	0.01178	0.01499	0.01522	0.01143	0.01626	0.00955	0.01272	0.00792	0.00460	0.00501	0.00151	0.00607	0.00448	0.00253	0.05616
57	0.09035	0.01111	0.01364	0.01158	0.05857	0.01135	0.03164	0.27967	0.04968	0.33141	0.01582	0.01631	0.01115	0.00634	0.00509	0.00161	0.00500	0.03630	0.00521	0.00818
58	0.06062	0.01158	0.01922	0.15096	0.62582	0.01203	0.01493	0.01530	0.01129	0.01655	0.00942	0.01260	0.00778	0.00467	0.00498	0.00156	0.00609	0.00447	0.00254	0.00760
59	0.11622	0.01174	0.01888	0.07297	0.64886	0.01206	0.01441	0.01551	0.01124	0.01732	0.00931	0.01222	0.00774	0.00463	0.00485	0.00154	0.00588	0.00435	0.00260	0.00767
60	0.01095	0.04227	0.06206	0.37561	0.33229	0.01172	0.01427	0.01410	0.01071	0.01453	0.00967	0.01406	0.00800	0.05161	0.00623	0.00179	0.00643	0.00462	0.00242	0.00666
61	0.08294	0.07937	0.52423	0.05968	0.05031	0.01228	0.04770	0.01635	0.01088	0.05696	0.00952	0.01114	0.00689	0.00489	0.00470	0.00159	0.00690	0.00387	0.00251	0.00728
62	0.10110	0.05730	0.05408	0.03157	0.01430	0.02862	0.04025	0.07673	0.01371	0.45708	0.01580	0.01578	0.01086	0.05252	0.00607	0.00176	0.00506	0.00479	0.00495	0.00769
63	0.11246	0.00912	0.01066	0.05495	0.03524	0.05571	0.02422	0.06106	0.01365	0.22405	0.22408	0.05285	0.06145	0.00769	0.00521	0.00159	0.00429	0.00641	0.00483	0.03050
64	0.06319	0.03148	0.01357	0.36389	0.02274	0.01047	0.01048	0.06130	0.05280	0.26156	0.04788	0.01573	0.01104	0.00587	0.00502	0.00164	0.00544	0.00488	0.00408	0.00694
65	0.62246	0.00914	0.00824	0.05314	0.01151	0.01039	0.00646	0.01464	0.02344	0.04231	0.04828	0.01672	0.01109	0.00632	0.00401	0.00170	0.00417	0.09686	0.00356	0.00556

[dist]
# distance from previous block
# <min> <max>
2	9

[block]
# block no. 2 follows, 48 sequences, length 6
# corresponding to MSA columns:
# 206-211
name=unknown_C
#
# <colnr> <probs for GDERKNQSTAVLIFYWHMCP>
#	G	D	E	R	K	N	Q	S	T	A	V	L	I	F	Y	W	H	M	C	P
0	0.10631	0.00909	0.01348	0.47827	0.02583	0.01024	0.01127	0.01692	0.01143	0.24959	0.01227	0.01424	0.00847	0.00546	0.00493	0.00166	0.00578	0.00455	0.00361	0.00660
1	0.50686	0.00851	0.00778	0.00726	0.00975	0.00949	0.00589	0.01431	0.06951	0.02151	0.18594	0.02136	0.01863	0.00725	0.00441	0.00169	0.00371	0.08658	0.00406	0.00550
2	0.00914	0.00825	0.01346	0.62659	0.02909	0.00992	0.01213	0.01234	0.01122	0.01479	0.18422	0.01924	0.01622	0.00634	0.00534	0.00169	0.00584	0.00563	0.00304	0.00551
3	0.85592	0.00992	0.00754	0.00675	0.00992	0.01151	0.00556	0.01508	0.00873	0.02302	0.00714	0.00834	0.00556	0.00476	0.00318	0.00159	0.00397	0.00278	0.00318	0.00556
4	0.17862	0.01303	0.01324	0.34724	0.02263	0.18922	0.01064	0.04560	0.05698	0.06200	0.00994	0.01213	0.00747	0.00531	0.00464	0.00159	0.00647	0.00404	0.00306	0.00616
5	0.32536	0.00858	0.01068	0.28863	0.01884	0.01012	0.00891	0.01355	0.00946	0.05537	0.00998	0.01334	0.00801	0.01258	0.18365	0.00313	0.00720	0.00414	0.00292	0.00555

[dist]
# distance from previous block
# <min> <max>
10	34

# created by:
# /home/cegg/simao/soft/augustus-3.2.1/scripts/msa2prfl.pl ./align_prep/EOG091G11O6.fa
