[name]
unknown

[dist]
# distance from previous block
# <min> <max>
0	129

[block]
# block no. 0 follows, 51 sequences, length 47
# corresponding to MSA columns:
# 200-246
name=unknown_A
#
# <colnr> <probs for GDERKNQSTAVLIFYWHMCP>
#	G	D	E	R	K	N	Q	S	T	A	V	L	I	F	Y	W	H	M	C	P
0	0.01072	0.01071	0.08182	0.45577	0.18245	0.01094	0.01345	0.01386	0.01029	0.06026	0.00989	0.01398	0.00778	0.00535	0.00567	0.00163	0.06037	0.02534	0.01350	0.00621
1	0.01186	0.01994	0.04779	0.12444	0.15922	0.01006	0.21921	0.01533	0.04097	0.11242	0.05940	0.04552	0.02457	0.00586	0.00536	0.00159	0.01881	0.01858	0.05253	0.00653
2	0.08312	0.01120	0.03789	0.05098	0.43758	0.05349	0.05446	0.01385	0.01055	0.01534	0.01106	0.06255	0.01028	0.05239	0.03670	0.00197	0.01584	0.03149	0.00271	0.00653
3	0.00607	0.00434	0.00578	0.00679	0.00715	0.00405	0.00457	0.00705	0.00979	0.01315	0.09191	0.75753	0.03367	0.01494	0.00623	0.00196	0.00281	0.01354	0.00463	0.00405
4	0.02867	0.01683	0.30516	0.24924	0.02370	0.07864	0.10763	0.06540	0.01137	0.01542	0.00915	0.01177	0.00683	0.00554	0.01900	0.01396	0.00711	0.00416	0.01401	0.00640
5	0.07366	0.01260	0.01334	0.04507	0.04695	0.07746	0.00891	0.41636	0.05806	0.14682	0.01309	0.04341	0.00975	0.00607	0.00481	0.00150	0.00528	0.00470	0.00455	0.00760
6	0.00788	0.00609	0.07340	0.00710	0.00786	0.00480	0.00550	0.00732	0.00770	0.01035	0.01494	0.22577	0.04448	0.01541	0.01411	0.53026	0.00409	0.00696	0.00285	0.00313
7	0.00658	0.07412	0.00737	0.00690	0.00757	0.00530	0.00485	0.00752	0.00953	0.01249	0.02628	0.72392	0.06088	0.01433	0.00599	0.00190	0.00304	0.01287	0.00435	0.00419
8	0.08431	0.02078	0.01289	0.01177	0.01420	0.67665	0.00888	0.01830	0.01298	0.01277	0.00801	0.00968	0.00675	0.00771	0.07223	0.00185	0.00882	0.00330	0.00258	0.00556
9	0.01226	0.01209	0.01784	0.21895	0.44013	0.09795	0.04434	0.01504	0.01115	0.03470	0.00942	0.01285	0.00772	0.00488	0.00520	0.00152	0.02816	0.01646	0.00250	0.00684
10	0.01338	0.01286	0.01252	0.08807	0.01497	0.19373	0.02208	0.16737	0.12543	0.01758	0.03257	0.09963	0.01227	0.01881	0.01939	0.00172	0.08729	0.00545	0.02542	0.02946
11	0.00794	0.00564	0.00717	0.00772	0.00855	0.00566	0.00584	0.07342	0.01082	0.01431	0.02334	0.34758	0.02637	0.16000	0.00971	0.00254	0.00399	0.27076	0.00429	0.00436
12	0.00994	0.00931	0.01569	0.51601	0.25631	0.01074	0.01344	0.01298	0.01006	0.01349	0.00926	0.01335	0.00740	0.00746	0.07276	0.00211	0.00690	0.00445	0.00229	0.00605
13	0.00602	0.00496	0.00529	0.00527	0.00678	0.00423	0.00393	0.00745	0.01162	0.01441	0.18324	0.07495	0.63059	0.01213	0.00582	0.00165	0.00247	0.01024	0.00472	0.00423
14	0.01044	0.01361	0.22884	0.15077	0.13223	0.01033	0.02677	0.07117	0.09925	0.01707	0.07640	0.01769	0.07776	0.00610	0.00495	0.00156	0.00544	0.00521	0.03784	0.00658
15	0.00777	0.07517	0.00861	0.00786	0.00940	0.00640	0.00680	0.00969	0.01117	0.01404	0.03100	0.04915	0.23950	0.01247	0.00621	0.00199	0.00402	0.48983	0.00433	0.00457
16	0.01258	0.01090	0.03191	0.01101	0.05628	0.01184	0.00833	0.13642	0.52986	0.02146	0.08323	0.01863	0.01609	0.02234	0.00542	0.00167	0.00420	0.00558	0.00477	0.00749
17	0.01358	0.76205	0.02475	0.00877	0.01283	0.08606	0.00850	0.01513	0.01032	0.01160	0.00690	0.00797	0.00631	0.00428	0.00326	0.00107	0.00556	0.00267	0.00214	0.00625
18	0.86201	0.00950	0.00722	0.00646	0.00950	0.01102	0.00532	0.01445	0.00836	0.02205	0.00684	0.00798	0.00532	0.00456	0.00304	0.00152	0.00380	0.00266	0.00304	0.00532
19	0.00928	0.00873	0.01474	0.81548	0.03385	0.01092	0.01365	0.01256	0.00983	0.01256	0.00873	0.01310	0.00655	0.00491	0.00491	0.00164	0.00655	0.00437	0.00218	0.00546
20	0.00880	0.00719	0.00811	0.02271	0.00975	0.00752	0.00580	0.02720	0.28901	0.01858	0.32070	0.03174	0.20491	0.00923	0.00548	0.00162	0.00305	0.00788	0.00500	0.00572
21	0.00598	0.00432	0.00566	0.00674	0.00710	0.00400	0.00452	0.00685	0.00951	0.01259	0.02835	0.78097	0.07481	0.01523	0.00625	0.00198	0.00283	0.01377	0.00456	0.00400
22	0.00751	0.05150	0.00758	0.00646	0.02027	0.00608	0.00489	0.03903	0.04710	0.01652	0.30943	0.03812	0.40663	0.01050	0.00557	0.00158	0.00281	0.00887	0.00473	0.00482
23	0.86201	0.00950	0.00722	0.00646	0.00950	0.01102	0.00532	0.01445	0.00836	0.02205	0.00684	0.00798	0.00532	0.00456	0.00304	0.00152	0.00380	0.00266	0.00304	0.00532
24	0.00929	0.00653	0.00886	0.00798	0.00959	0.00655	0.05471	0.03257	0.04298	0.08392	0.15369	0.12033	0.15350	0.05450	0.05955	0.00225	0.04937	0.05651	0.08221	0.00509
25	0.00710	0.00474	0.00537	0.00542	0.00543	0.00473	0.00304	0.00713	0.00724	0.00965	0.01595	0.06394	0.01845	0.79471	0.02426	0.00465	0.00469	0.00742	0.00304	0.00302
26	0.00718	0.00595	0.00650	0.00729	0.00787	0.06789	0.00506	0.00821	0.01010	0.01297	0.07361	0.61958	0.04617	0.04667	0.00687	0.00203	0.00346	0.05406	0.00439	0.00416
27	0.00916	0.00458	0.00458	0.00458	0.00573	0.00458	0.00344	0.01145	0.01031	0.01832	0.01603	0.01832	0.01260	0.00573	0.00344	0.00115	0.00229	0.00458	0.85457	0.00458
28	0.01195	0.01027	0.01088	0.00980	0.01250	0.01183	0.00762	0.02524	0.74761	0.02051	0.06016	0.01929	0.01663	0.00684	0.00504	0.00166	0.00381	0.00573	0.00502	0.00762
29	0.01314	0.83025	0.02575	0.00841	0.01261	0.01945	0.00841	0.01472	0.00999	0.01156	0.00683	0.00788	0.00631	0.00420	0.00315	0.00105	0.00526	0.00263	0.00210	0.00631
30	0.01105	0.01006	0.01559	0.58941	0.13839	0.05506	0.03304	0.01410	0.01056	0.06252	0.00944	0.01297	0.00709	0.00490	0.00490	0.00159	0.00648	0.00438	0.00249	0.00601
31	0.01345	0.75022	0.04505	0.00879	0.01303	0.03253	0.00873	0.05732	0.01079	0.01275	0.00717	0.00818	0.00642	0.00433	0.00331	0.00109	0.00538	0.00276	0.00227	0.00643
32	0.03884	0.00808	0.03964	0.07130	0.03804	0.00730	0.00710	0.05018	0.01243	0.34761	0.01769	0.01767	0.05173	0.00605	0.00446	0.00142	0.00391	0.00491	0.26502	0.00661
33	0.01836	0.02342	0.01393	0.01266	0.01519	0.80756	0.00950	0.01962	0.01393	0.01203	0.00760	0.00886	0.00633	0.00506	0.00443	0.00127	0.00886	0.00317	0.00253	0.00570
34	0.00664	0.00497	0.00616	0.00594	0.00717	0.00449	0.00443	0.00864	0.01306	0.01787	0.58462	0.07997	0.21619	0.01087	0.00582	0.00159	0.00238	0.00949	0.00517	0.00449
35	0.00601	0.00499	0.00525	0.00519	0.00676	0.00423	0.00389	0.00744	0.01167	0.01439	0.17880	0.04546	0.66493	0.01203	0.00581	0.00164	0.00246	0.01011	0.00471	0.00423
36	0.00598	0.00431	0.00566	0.00675	0.00710	0.00400	0.00452	0.00685	0.00950	0.01258	0.02826	0.78378	0.07204	0.01524	0.00625	0.00198	0.00283	0.01378	0.00456	0.00400
37	0.70213	0.01029	0.00920	0.00774	0.01099	0.01171	0.03573	0.12993	0.01071	0.02315	0.00771	0.00876	0.00586	0.00475	0.00343	0.00152	0.00422	0.00305	0.00330	0.00583
38	0.01726	0.01301	0.01323	0.01080	0.01411	0.09805	0.00884	0.50886	0.01940	0.09918	0.01428	0.04226	0.01168	0.00706	0.00514	0.00157	0.00548	0.09764	0.00471	0.00747
39	0.01176	0.00566	0.00626	0.00570	0.00744	0.00555	0.00441	0.01470	0.05979	0.16434	0.01691	0.01802	0.01267	0.00585	0.00381	0.00125	0.00274	0.00471	0.64292	0.00549
40	0.02737	0.01429	0.10386	0.01353	0.01771	0.06504	0.20704	0.27128	0.05603	0.10517	0.01217	0.02954	0.00904	0.00633	0.02582	0.00172	0.01804	0.00491	0.00382	0.00731
41	0.00986	0.02542	0.80183	0.01401	0.02127	0.01141	0.01816	0.01556	0.01038	0.01556	0.00882	0.01038	0.00623	0.00467	0.00467	0.00156	0.00726	0.00363	0.00208	0.00726
42	0.00708	0.00505	0.00679	0.00679	0.00728	0.00554	0.00476	0.00806	0.00757	0.01058	0.01418	0.02494	0.01473	0.38314	0.46488	0.00653	0.00948	0.00609	0.00278	0.00377
43	0.00740	0.00553	0.00693	0.02264	0.00864	0.00546	0.00527	0.05920	0.05933	0.01455	0.04510	0.64934	0.04293	0.01353	0.00599	0.00188	0.00315	0.01215	0.00455	0.02643
44	0.04441	0.01300	0.10717	0.09742	0.24625	0.05801	0.04353	0.09675	0.05530	0.01749	0.03014	0.03497	0.00941	0.00517	0.00470	0.00143	0.00564	0.00449	0.01563	0.10911
45	0.01172	0.03078	0.28853	0.01112	0.01612	0.04445	0.05364	0.10374	0.03413	0.04387	0.01187	0.03490	0.03840	0.00519	0.00453	0.00131	0.00558	0.00424	0.00307	0.25278
46	0.13299	0.12307	0.24723	0.01076	0.01536	0.03682	0.03989	0.12380	0.08681	0.01843	0.01099	0.03387	0.02183	0.00530	0.00432	0.00143	0.00552	0.00407	0.00311	0.07441

[dist]
# distance from previous block
# <min> <max>
0	14

[block]
# block no. 1 follows, 51 sequences, length 23
# corresponding to MSA columns:
# 261-283
name=unknown_B
#
# <colnr> <probs for GDERKNQSTAVLIFYWHMCP>
#	G	D	E	R	K	N	Q	S	T	A	V	L	I	F	Y	W	H	M	C	P
0	0.20666	0.02920	0.27805	0.02287	0.03574	0.09297	0.04141	0.04597	0.03499	0.03652	0.08459	0.01373	0.01097	0.04011	0.00530	0.00165	0.00576	0.00424	0.00303	0.00626
1	0.01142	0.18599	0.53897	0.01255	0.01861	0.06319	0.01495	0.03943	0.04379	0.01522	0.00891	0.01016	0.00668	0.00472	0.00437	0.00144	0.00676	0.00351	0.00232	0.00703
2	0.01333	0.00936	0.04589	0.00799	0.01215	0.00716	0.00676	0.04766	0.01181	0.21920	0.01420	0.01429	0.05800	0.00497	0.00421	0.00106	0.00394	0.00400	0.00388	0.51014
3	0.00928	0.00873	0.01474	0.81548	0.03385	0.01092	0.01365	0.01256	0.00983	0.01256	0.00873	0.01310	0.00655	0.00491	0.00491	0.00164	0.00655	0.00437	0.00218	0.00546
4	0.02776	0.00763	0.00769	0.00722	0.00890	0.08850	0.00551	0.01205	0.07421	0.05940	0.36084	0.06414	0.18721	0.01062	0.03210	0.00180	0.00374	0.03087	0.00474	0.00508
5	0.00599	0.00428	0.00570	0.00684	0.00713	0.00399	0.00456	0.00684	0.00941	0.01254	0.02709	0.82409	0.03250	0.01540	0.00627	0.00200	0.00285	0.01397	0.00456	0.00399
6	0.86201	0.00950	0.00722	0.00646	0.00950	0.01102	0.00532	0.01445	0.00836	0.02205	0.00684	0.00798	0.00532	0.00456	0.00304	0.00152	0.00380	0.00266	0.00304	0.00532
7	0.00718	0.00612	0.00650	0.00740	0.00791	0.08153	0.00504	0.00808	0.00984	0.01249	0.02520	0.74542	0.02998	0.01440	0.00609	0.00193	0.00343	0.01293	0.00437	0.00416
8	0.01435	0.00666	0.00894	0.00744	0.00989	0.00590	0.00590	0.01646	0.01399	0.40179	0.41474	0.02692	0.02962	0.00811	0.00538	0.00153	0.00323	0.00696	0.00574	0.00646
9	0.00757	0.00554	0.00743	0.00837	0.00959	0.00541	0.00722	0.00966	0.01129	0.01447	0.02997	0.05408	0.15567	0.01339	0.00662	0.00216	0.00419	0.63836	0.00453	0.00446
10	0.00647	0.00500	0.00590	0.00567	0.00704	0.00443	0.00425	0.00833	0.01276	0.01698	0.47895	0.04119	0.36316	0.01106	0.00580	0.00159	0.00239	0.00952	0.00505	0.00443
11	0.01039	0.00904	0.01120	0.00965	0.09282	0.00708	0.00678	0.01265	0.01029	0.01602	0.00879	0.01039	0.00733	0.00372	0.00377	0.00080	0.00387	0.00306	0.00286	0.76949
12	0.77413	0.00973	0.00854	0.00891	0.09090	0.01109	0.00633	0.01451	0.00866	0.02143	0.00709	0.00842	0.00558	0.00454	0.00323	0.00151	0.00401	0.00284	0.00298	0.00558
13	0.01150	0.06216	0.01709	0.27663	0.14042	0.01335	0.05342	0.09241	0.01082	0.01488	0.00839	0.01179	0.00693	0.00596	0.00823	0.00171	0.25127	0.00432	0.00251	0.00621
14	0.01175	0.01033	0.01512	0.01266	0.01342	0.01355	0.05836	0.01314	0.00848	0.09356	0.00841	0.01204	0.00745	0.00974	0.06150	0.00240	0.63525	0.00452	0.00261	0.00570
15	0.00595	0.00498	0.00517	0.00512	0.00672	0.00421	0.00384	0.00732	0.01153	0.01405	0.13925	0.04602	0.70470	0.01216	0.00581	0.00165	0.00247	0.01019	0.00467	0.00421
16	0.00745	0.00591	0.00874	0.09134	0.03614	0.00579	0.04086	0.00980	0.01278	0.01782	0.55995	0.11460	0.05036	0.00966	0.00572	0.00161	0.00320	0.00869	0.00475	0.00484
17	0.01654	0.01328	0.01525	0.01384	0.11411	0.04085	0.03529	0.50757	0.14754	0.02622	0.01263	0.01288	0.00929	0.00575	0.00494	0.00150	0.00542	0.00461	0.00445	0.00804
18	0.00597	0.00498	0.00522	0.00527	0.00682	0.00423	0.00397	0.00731	0.01133	0.01377	0.10346	0.07768	0.68414	0.01242	0.00586	0.00168	0.00256	0.03451	0.00463	0.00419
19	0.01264	0.02894	0.32289	0.02443	0.01713	0.02399	0.05191	0.16303	0.01258	0.06208	0.01000	0.01173	0.00750	0.00581	0.00696	0.00162	0.16709	0.00415	0.05861	0.00689
20	0.00704	0.00653	0.05436	0.00720	0.00869	0.00550	0.02244	0.00911	0.01203	0.01657	0.42587	0.16807	0.16217	0.01146	0.02486	0.00182	0.03763	0.00933	0.00466	0.00467
21	0.01242	0.49477	0.14511	0.03236	0.01608	0.04023	0.10064	0.01498	0.01035	0.02560	0.00824	0.01050	0.00708	0.00476	0.00445	0.00131	0.04042	0.02201	0.00228	0.00640
22	0.01153	0.13090	0.09765	0.05541	0.04469	0.05057	0.09798	0.04171	0.04784	0.07801	0.08378	0.11056	0.01625	0.00739	0.00511	0.00158	0.00530	0.08314	0.00357	0.02703

[dist]
# distance from previous block
# <min> <max>
0	29

# created by:
# /home/cegg/simao/soft/augustus-3.2.1/scripts/msa2prfl.pl ./align_prep/EOG091G146E.fa
