[name]
unknown

[dist]
# distance from previous block
# <min> <max>
0	929

[block]
# block no. 0 follows, 59 sequences, length 64
# corresponding to MSA columns:
# 929-992
name=unknown_A
#
# <colnr> <probs for GDERKNQSTAVLIFYWHMCP>
#	G	D	E	R	K	N	Q	S	T	A	V	L	I	F	Y	W	H	M	C	P
0	0.00712	0.00508	0.00712	0.00813	0.00915	0.00508	0.00712	0.00915	0.01017	0.01322	0.02338	0.04982	0.02542	0.01220	0.00610	0.00203	0.00407	0.78750	0.00407	0.00407
1	0.01093	0.01049	0.01793	0.02711	0.81723	0.01049	0.01355	0.01355	0.01006	0.01443	0.00831	0.01093	0.00700	0.00394	0.00437	0.00131	0.00525	0.00394	0.00219	0.00700
2	0.00673	0.00526	0.00756	0.08445	0.03845	0.00534	0.05149	0.00769	0.00781	0.01036	0.01706	0.19575	0.06355	0.39847	0.05048	0.00311	0.00451	0.03534	0.00298	0.00359
3	0.01650	0.02088	0.01253	0.01135	0.01365	0.81153	0.00853	0.03262	0.01267	0.01113	0.00690	0.00802	0.00572	0.00457	0.00399	0.00114	0.00791	0.00287	0.00232	0.00517
4	0.01111	0.01044	0.04743	0.05914	0.40676	0.00972	0.01059	0.12841	0.02127	0.01626	0.00861	0.01047	0.00692	0.00402	0.00409	0.00116	0.00474	0.00358	0.00263	0.23267
5	0.00820	0.00629	0.02462	0.00672	0.00761	0.05924	0.01492	0.02970	0.00877	0.07334	0.01756	0.29797	0.01936	0.31538	0.03057	0.00274	0.00418	0.06547	0.00346	0.00390
6	0.00643	0.00478	0.00633	0.00639	0.03570	0.00447	0.00453	0.00862	0.02512	0.01719	0.72025	0.06826	0.05701	0.00906	0.00519	0.00141	0.00224	0.00803	0.00471	0.00428
7	0.01401	0.01099	0.01169	0.00960	0.01264	0.01240	0.00772	0.42923	0.39857	0.02335	0.01414	0.01342	0.01037	0.00563	0.00445	0.00141	0.00421	0.00446	0.00445	0.00726
8	0.03942	0.01167	0.01272	0.00998	0.02411	0.01274	0.00810	0.68726	0.01929	0.09790	0.01112	0.01123	0.00789	0.01999	0.00469	0.00138	0.00472	0.00402	0.00441	0.00735
9	0.01612	0.12509	0.01459	0.00981	0.01338	0.01421	0.00828	0.69596	0.01917	0.02548	0.01000	0.01013	0.00726	0.00510	0.00420	0.00127	0.00484	0.00376	0.00408	0.00726
10	0.00838	0.00793	0.01348	0.81909	0.03028	0.00984	0.02685	0.01134	0.00886	0.01134	0.00787	0.01178	0.00590	0.00440	0.00443	0.00147	0.00592	0.00395	0.00197	0.00493
11	0.00973	0.00862	0.01335	0.68654	0.04531	0.01044	0.01169	0.13583	0.01074	0.01396	0.00829	0.01157	0.00617	0.00454	0.00442	0.00145	0.00571	0.00393	0.00235	0.00536
12	0.01093	0.01045	0.01760	0.02637	0.78435	0.01051	0.01329	0.01396	0.04267	0.01459	0.00870	0.01116	0.00726	0.00402	0.00438	0.00132	0.00518	0.00398	0.00228	0.00700
13	0.01592	0.01785	0.01277	0.01102	0.01362	0.56343	0.03481	0.19678	0.03428	0.01521	0.00832	0.00922	0.00654	0.00475	0.00410	0.00120	0.00691	0.00328	0.03427	0.00571
14	0.00834	0.00785	0.01325	0.83417	0.03042	0.00981	0.01227	0.01128	0.00883	0.01128	0.00785	0.01178	0.00589	0.00442	0.00442	0.00147	0.00589	0.00393	0.00196	0.00491
15	0.01081	0.01051	0.01743	0.08044	0.71853	0.03092	0.02683	0.01341	0.01002	0.01408	0.00849	0.02314	0.00721	0.00412	0.00440	0.00133	0.00536	0.00406	0.00220	0.00674
16	0.01019	0.00833	0.04175	0.67289	0.02696	0.00930	0.01149	0.01302	0.00946	0.14046	0.00938	0.01221	0.00668	0.00458	0.00441	0.00145	0.00557	0.00398	0.00252	0.00538
17	0.00946	0.00936	0.01314	0.01132	0.01137	0.01304	0.00941	0.01046	0.00678	0.01061	0.00617	0.01013	0.00612	0.00928	0.06409	0.00225	0.78637	0.00392	0.00196	0.00478
18	0.00642	0.00428	0.00482	0.00482	0.00482	0.00428	0.00268	0.00642	0.00642	0.00856	0.01392	0.02890	0.01606	0.84478	0.02248	0.00428	0.00428	0.00642	0.00268	0.00268
19	0.08077	0.01524	0.01257	0.01078	0.01346	0.38864	0.07578	0.09079	0.23784	0.01552	0.01045	0.01089	0.00808	0.00492	0.00418	0.00130	0.00602	0.00372	0.00313	0.00591
20	0.01958	0.00789	0.01048	0.00804	0.01146	0.00705	0.00664	0.08179	0.01327	0.75914	0.01690	0.01469	0.01067	0.00545	0.00444	0.00136	0.00384	0.00441	0.00539	0.00752
21	0.00920	0.00799	0.00950	0.00693	0.01055	0.00648	0.00558	0.01108	0.00897	0.01410	0.00769	0.00920	0.00648	0.00361	0.00414	0.00075	0.06759	0.00271	0.00256	0.80488
22	0.01679	0.01237	0.01325	0.01016	0.01370	0.01370	0.00839	0.80251	0.02077	0.02783	0.01060	0.01060	0.00751	0.00530	0.00442	0.00133	0.00486	0.00398	0.00442	0.00751
23	0.01080	0.01031	0.01319	0.01122	0.01189	0.03818	0.00928	0.10359	0.07049	0.01323	0.00733	0.01025	0.00659	0.00722	0.01223	0.00180	0.65071	0.00393	0.00243	0.00532
24	0.00669	0.00478	0.00551	0.02392	0.00711	0.00419	0.00403	0.00815	0.01084	0.07581	0.24484	0.05730	0.51064	0.01009	0.00515	0.00146	0.00241	0.00855	0.00436	0.00416
25	0.00834	0.00785	0.01325	0.83417	0.03042	0.00981	0.01227	0.01128	0.00883	0.01128	0.00785	0.01178	0.00589	0.00442	0.00442	0.00147	0.00589	0.00393	0.00196	0.00491
26	0.00834	0.00785	0.01325	0.83417	0.03042	0.00981	0.01227	0.01128	0.00883	0.01128	0.00785	0.01178	0.00589	0.00442	0.00442	0.00147	0.00589	0.00393	0.00196	0.00491
27	0.00971	0.00914	0.01542	0.17860	0.52978	0.00944	0.02945	0.01232	0.01013	0.01417	0.10891	0.01456	0.02945	0.00482	0.00452	0.00136	0.00496	0.00459	0.00252	0.00615
28	0.00537	0.00418	0.00484	0.00534	0.00619	0.00371	0.00375	0.00630	0.00918	0.01152	0.03370	0.41713	0.40432	0.04232	0.00605	0.00174	0.00249	0.02419	0.00405	0.00363
29	0.00708	0.00505	0.00707	0.00809	0.00908	0.00505	0.00704	0.00908	0.01013	0.01317	0.02341	0.06883	0.02551	0.01224	0.00609	0.00203	0.00403	0.76890	0.00407	0.00406
30	0.04758	0.01223	0.01301	0.01001	0.01351	0.01356	0.00827	0.77421	0.02029	0.02755	0.01044	0.01048	0.00741	0.00526	0.00436	0.00133	0.00481	0.00392	0.00436	0.00741
31	0.01840	0.00978	0.01165	0.00893	0.01241	0.00986	0.00738	0.38634	0.01644	0.45011	0.01424	0.01296	0.00933	0.00539	0.00443	0.00135	0.00427	0.00422	0.00498	0.00751
32	0.00923	0.00792	0.00919	0.00664	0.01051	0.00610	0.00531	0.01162	0.04181	0.01456	0.00826	0.00946	0.00682	0.00338	0.00332	0.00069	0.00328	0.00271	0.00269	0.83649
33	0.00541	0.00386	0.00515	0.00613	0.00641	0.00361	0.00410	0.00622	0.00858	0.01147	0.04847	0.81721	0.02959	0.01369	0.00562	0.00178	0.00255	0.01242	0.00412	0.00361
34	0.01656	0.01215	0.01301	0.01000	0.01347	0.01344	0.00825	0.78165	0.02046	0.02754	0.01070	0.01076	0.00761	0.00530	0.00438	0.00132	0.00479	0.00398	0.02719	0.00742
35	0.01093	0.01049	0.01793	0.02711	0.81723	0.01049	0.01355	0.01355	0.01006	0.01443	0.00831	0.01093	0.00700	0.00394	0.00437	0.00131	0.00525	0.00394	0.00219	0.00700
36	0.00912	0.09593	0.75110	0.01214	0.01843	0.01090	0.01554	0.01392	0.00929	0.01367	0.00777	0.00913	0.00560	0.00416	0.00408	0.00136	0.00637	0.00318	0.00187	0.00645
37	0.00538	0.00384	0.00512	0.00615	0.00641	0.00359	0.00410	0.00615	0.00846	0.01127	0.02434	0.84190	0.02921	0.01384	0.00564	0.00179	0.00256	0.01256	0.00410	0.00359
38	0.00872	0.00839	0.01464	0.70167	0.09767	0.00998	0.07326	0.01170	0.00906	0.01178	0.00797	0.01171	0.00605	0.00432	0.00447	0.00146	0.00595	0.00403	0.00200	0.00517
39	0.01069	0.01155	0.02404	0.01841	0.08336	0.01101	0.67135	0.01487	0.06380	0.03070	0.00966	0.01221	0.00726	0.00393	0.00508	0.00147	0.00694	0.00508	0.00245	0.00614
40	0.01093	0.01049	0.01793	0.02711	0.81723	0.01049	0.01355	0.01355	0.01006	0.01443	0.00831	0.01093	0.00700	0.00394	0.00437	0.00131	0.00525	0.00394	0.00219	0.00700
41	0.00642	0.00487	0.00722	0.00716	0.00790	0.00572	0.00555	0.00792	0.00707	0.01021	0.01172	0.01750	0.01105	0.05959	0.77546	0.00685	0.03675	0.00476	0.00236	0.00393
42	0.04708	0.01881	0.01230	0.01090	0.01338	0.64307	0.00833	0.14346	0.02583	0.01402	0.00781	0.00908	0.00635	0.00479	0.00405	0.00119	0.00718	0.01417	0.00270	0.00551
43	0.00641	0.00468	0.00604	0.00567	0.00676	0.00440	0.00426	0.00884	0.03919	0.01774	0.78821	0.03244	0.04073	0.00893	0.00519	0.00139	0.00213	0.00789	0.00485	0.00426
44	0.00853	0.00804	0.01359	0.77495	0.08815	0.00986	0.01236	0.01145	0.00892	0.01152	0.00788	0.01171	0.00597	0.00438	0.00441	0.00146	0.00584	0.00393	0.00198	0.00506
45	0.01642	0.01206	0.01295	0.01003	0.01348	0.01335	0.00825	0.72861	0.07948	0.04310	0.01129	0.01113	0.00803	0.00536	0.00442	0.00134	0.00474	0.00406	0.00445	0.00747
46	0.00663	0.00483	0.00649	0.00729	0.00827	0.00469	0.00611	0.00841	0.01012	0.01315	0.08110	0.13762	0.12292	0.01204	0.00588	0.00190	0.00354	0.55090	0.00413	0.00398
47	0.00916	0.00785	0.00916	0.00654	0.01047	0.00589	0.00523	0.01112	0.00916	0.01439	0.00785	0.00916	0.00654	0.00327	0.00327	0.00065	0.00327	0.00262	0.00262	0.87178
48	0.00530	0.00448	0.00458	0.00456	0.00601	0.00376	0.00342	0.00649	0.01025	0.01237	0.10321	0.04178	0.75670	0.01102	0.00522	0.00148	0.00223	0.00922	0.00416	0.00376
49	0.00834	0.00785	0.01325	0.83417	0.03042	0.00981	0.01227	0.01128	0.00883	0.01128	0.00785	0.01178	0.00589	0.00442	0.00442	0.00147	0.00589	0.00393	0.00196	0.00491
50	0.01087	0.01043	0.01782	0.04553	0.79927	0.01048	0.01353	0.01350	0.01003	0.01436	0.00830	0.01095	0.00697	0.00395	0.00437	0.00132	0.00526	0.00393	0.00218	0.00695
51	0.07850	0.78270	0.02186	0.00742	0.01112	0.01689	0.00734	0.01321	0.00886	0.01112	0.00614	0.00709	0.00560	0.00380	0.00283	0.00098	0.00462	0.00236	0.00195	0.00560
52	0.01181	0.84744	0.02314	0.00756	0.01134	0.01748	0.00756	0.01323	0.00897	0.01039	0.00614	0.00708	0.00567	0.00378	0.00283	0.00094	0.00472	0.00236	0.00189	0.00567
53	0.00886	0.02285	0.82190	0.01259	0.01912	0.01026	0.01632	0.01399	0.00932	0.01399	0.00793	0.00932	0.00559	0.00420	0.00420	0.00140	0.00653	0.00326	0.00186	0.00653
54	0.00701	0.00506	0.00644	0.00607	0.00717	0.00462	0.00450	0.00888	0.01293	0.01834	0.80663	0.03373	0.04197	0.00946	0.00551	0.00152	0.00235	0.00818	0.00508	0.00455
55	0.01082	0.01167	0.02363	0.01725	0.02138	0.01101	0.67569	0.01480	0.07250	0.01500	0.01285	0.01537	0.06433	0.00491	0.00546	0.00162	0.00699	0.00570	0.00279	0.00625
56	0.00607	0.00451	0.00565	0.00536	0.00649	0.00409	0.00402	0.00798	0.01207	0.01668	0.67796	0.03468	0.17926	0.00941	0.00521	0.00141	0.00211	0.00822	0.00473	0.00409
57	0.00717	0.00569	0.00663	0.00624	0.00751	0.03257	0.00475	0.01044	0.10765	0.01726	0.64264	0.03108	0.05409	0.00869	0.00512	0.00142	0.00253	0.03930	0.00468	0.00452
58	0.00834	0.00785	0.01325	0.83417	0.03042	0.00981	0.01227	0.01128	0.00883	0.01128	0.00785	0.01178	0.00589	0.00442	0.00442	0.00147	0.00589	0.00393	0.00196	0.00491
59	0.87598	0.00854	0.00649	0.00581	0.00854	0.00991	0.00478	0.01298	0.00752	0.01982	0.00615	0.00717	0.00478	0.00410	0.00273	0.00137	0.00342	0.00239	0.00273	0.00478
60	0.01019	0.00981	0.01335	0.01130	0.01172	0.01326	0.00940	0.07176	0.00793	0.01209	0.00624	0.00972	0.00596	0.00738	0.01331	0.00184	0.74227	0.00383	0.00215	0.03649
61	0.00681	0.00538	0.00771	0.00743	0.00800	0.00651	0.00573	0.00808	0.00696	0.01007	0.01125	0.01784	0.01098	0.14144	0.59896	0.00596	0.12982	0.00484	0.00235	0.00390
62	0.01093	0.01049	0.01793	0.02711	0.81723	0.01049	0.01355	0.01355	0.01006	0.01443	0.00831	0.01093	0.00700	0.00394	0.00437	0.00131	0.00525	0.00394	0.00219	0.00700
63	0.72444	0.00989	0.00763	0.00667	0.00945	0.07334	0.00543	0.09165	0.00922	0.01992	0.00664	0.00758	0.00512	0.00425	0.00300	0.00134	0.00391	0.00258	0.00287	0.00508

[dist]
# distance from previous block
# <min> <max>
0	1

[block]
# block no. 1 follows, 59 sequences, length 62
# corresponding to MSA columns:
# 994-1055
name=unknown_B
#
# <colnr> <probs for GDERKNQSTAVLIFYWHMCP>
#	G	D	E	R	K	N	Q	S	T	A	V	L	I	F	Y	W	H	M	C	P
0	0.01029	0.01166	0.02525	0.07049	0.02355	0.01108	0.75101	0.01397	0.01032	0.01397	0.00887	0.01190	0.00665	0.00377	0.00516	0.00149	0.00735	0.00513	0.00222	0.00589
1	0.00682	0.00593	0.05775	0.00589	0.00760	0.00460	0.00488	0.00880	0.01144	0.04808	0.48187	0.05409	0.22784	0.00898	0.00504	0.00139	0.00254	0.00775	0.00438	0.04433
2	0.87598	0.00854	0.00649	0.00581	0.00854	0.00991	0.00478	0.01298	0.00752	0.01982	0.00615	0.00717	0.00478	0.00410	0.00273	0.00137	0.00342	0.00239	0.00273	0.00478
3	0.01137	0.01018	0.01722	0.06432	0.72850	0.01021	0.01304	0.01395	0.01016	0.06553	0.00887	0.01123	0.00719	0.00406	0.00438	0.00132	0.00518	0.00397	0.00238	0.00693
4	0.00617	0.00451	0.00579	0.00547	0.00655	0.00413	0.00410	0.00817	0.01230	0.01724	0.75171	0.03377	0.10516	0.00921	0.00521	0.00140	0.00210	0.00810	0.00480	0.00413
5	0.00640	0.00488	0.00593	0.00566	0.00687	0.00461	0.00424	0.00909	0.07645	0.01640	0.57106	0.07192	0.18105	0.00941	0.00517	0.00144	0.00225	0.00821	0.00466	0.00429
6	0.01091	0.01167	0.02342	0.01698	0.02117	0.01132	0.66030	0.06744	0.09996	0.01554	0.01005	0.01233	0.00751	0.00408	0.00508	0.00148	0.00684	0.00511	0.00263	0.00617
7	0.00767	0.00498	0.00647	0.00587	0.00718	0.00462	0.00448	0.03100	0.01274	0.08496	0.72651	0.03088	0.03818	0.00863	0.00512	0.00139	0.00230	0.00758	0.00490	0.00454
8	0.00631	0.00473	0.00710	0.00710	0.00789	0.00552	0.00552	0.00789	0.00710	0.01025	0.01183	0.01735	0.01104	0.03312	0.82728	0.00710	0.01183	0.00473	0.00237	0.00394
9	0.00834	0.00785	0.01325	0.83417	0.03042	0.00981	0.01227	0.01128	0.00883	0.01128	0.00785	0.01178	0.00589	0.00442	0.00442	0.00147	0.00589	0.00393	0.00196	0.00491
10	0.01093	0.01049	0.01793	0.02711	0.81723	0.01049	0.01355	0.01355	0.01006	0.01443	0.00831	0.01093	0.00700	0.00394	0.00437	0.00131	0.00525	0.00394	0.00219	0.00700
11	0.01093	0.01049	0.01793	0.02711	0.81723	0.01049	0.01355	0.01355	0.01006	0.01443	0.00831	0.01093	0.00700	0.00394	0.00437	0.00131	0.00525	0.00394	0.00219	0.00700
12	0.00659	0.00440	0.00589	0.00591	0.00623	0.00471	0.00404	0.00694	0.00666	0.00917	0.01235	0.02252	0.01304	0.38651	0.33013	0.13986	0.00710	0.02239	0.00247	0.00308
13	0.00625	0.00450	0.00574	0.00543	0.00650	0.00414	0.00407	0.00827	0.01222	0.01728	0.73363	0.03303	0.09284	0.00903	0.00513	0.00138	0.00209	0.00794	0.03638	0.00414
14	0.00559	0.00445	0.00492	0.00486	0.00616	0.00386	0.00362	0.00700	0.01070	0.01370	0.27089	0.07602	0.53419	0.01055	0.00519	0.00147	0.00220	0.00897	0.02179	0.00386
15	0.00723	0.00608	0.00885	0.00833	0.00890	0.00771	0.00665	0.00864	0.00701	0.01036	0.01018	0.01525	0.00961	0.02619	0.60532	0.00569	0.23709	0.00450	0.00225	0.00419
16	0.00539	0.00448	0.00471	0.00466	0.00607	0.00380	0.00349	0.00667	0.01048	0.01290	0.17396	0.04091	0.68561	0.01082	0.00522	0.00147	0.00221	0.00910	0.00423	0.00380
17	0.00904	0.07349	0.77284	0.01228	0.01864	0.01070	0.01578	0.01394	0.00930	0.01377	0.00782	0.00919	0.00560	0.00417	0.00411	0.00137	0.00642	0.00321	0.00187	0.00647
18	0.00850	0.00796	0.01343	0.76952	0.08079	0.00977	0.01222	0.01135	0.00886	0.01143	0.00788	0.01175	0.00599	0.00455	0.00461	0.01469	0.00582	0.00392	0.00198	0.00500
19	0.00558	0.00449	0.00497	0.00485	0.00619	0.00388	0.00364	0.00704	0.01092	0.01395	0.31425	0.03918	0.54467	0.01043	0.00522	0.00146	0.00218	0.00885	0.00437	0.00388
20	0.01012	0.01134	0.02404	0.01733	0.02153	0.01069	0.71842	0.01403	0.04262	0.01418	0.01158	0.01404	0.05841	0.00429	0.00518	0.00149	0.00696	0.00546	0.00244	0.00586
21	0.00834	0.00785	0.01325	0.83417	0.03042	0.00981	0.01227	0.01128	0.00883	0.01128	0.00785	0.01178	0.00589	0.00442	0.00442	0.00147	0.00589	0.00393	0.00196	0.00491
22	0.00886	0.02285	0.82190	0.01259	0.01912	0.01026	0.01632	0.01399	0.00932	0.01399	0.00793	0.00932	0.00559	0.00420	0.00420	0.00140	0.00653	0.00326	0.00186	0.00653
23	0.01129	0.01117	0.01758	0.02609	0.76540	0.06316	0.01323	0.01382	0.01022	0.01420	0.00821	0.01074	0.00691	0.00397	0.00435	0.00130	0.00542	0.00386	0.00219	0.00687
24	0.01917	0.00738	0.01007	0.00782	0.01112	0.00640	0.00646	0.02090	0.01257	0.78041	0.03351	0.01642	0.01197	0.00574	0.00451	0.00139	0.00373	0.02768	0.00541	0.00735
25	0.01650	0.02105	0.01252	0.01138	0.01365	0.82705	0.00853	0.01764	0.01252	0.01081	0.00683	0.00796	0.00569	0.00455	0.00398	0.00114	0.00796	0.00284	0.00228	0.00512
26	0.83553	0.00867	0.00675	0.00599	0.00875	0.01004	0.00493	0.03657	0.02179	0.02003	0.00649	0.00744	0.00501	0.00417	0.00281	0.00137	0.00346	0.00248	0.00281	0.00490
27	0.01625	0.00818	0.01010	0.00830	0.01131	0.00808	0.00674	0.04288	0.27223	0.49905	0.01770	0.01704	0.01236	0.00595	0.00454	0.00144	0.00372	0.04190	0.00505	0.00718
28	0.01354	0.01205	0.01157	0.00982	0.01263	0.12833	0.01880	0.26079	0.44311	0.02018	0.01400	0.01340	0.01045	0.00554	0.00441	0.00139	0.00461	0.00438	0.00412	0.00687
29	0.00743	0.00496	0.00640	0.00588	0.00716	0.00466	0.00447	0.00999	0.05045	0.07441	0.72065	0.03094	0.03816	0.00863	0.00512	0.00139	0.00227	0.00759	0.00489	0.00454
30	0.00871	0.00773	0.00987	0.00885	0.00985	0.04767	0.00711	0.06279	0.00830	0.01184	0.00941	0.01357	0.00865	0.02020	0.43102	0.00443	0.26369	0.00419	0.00238	0.05971
31	0.00621	0.00451	0.00585	0.00551	0.00657	0.00415	0.00413	0.00825	0.01240	0.01748	0.78384	0.03337	0.07288	0.00912	0.00521	0.00139	0.00209	0.00804	0.00483	0.00415
32	0.84432	0.00852	0.00659	0.00583	0.00861	0.00976	0.00480	0.01291	0.00758	0.01962	0.00621	0.00725	0.00485	0.00407	0.00275	0.00134	0.00341	0.00240	0.00273	0.03645
33	0.00525	0.00448	0.00452	0.00451	0.00599	0.00374	0.00338	0.00640	0.01015	0.01212	0.06975	0.04220	0.79032	0.01112	0.00522	0.00149	0.00223	0.00928	0.00413	0.00374
34	0.00996	0.12708	0.01488	0.01103	0.01156	0.01408	0.00937	0.01099	0.00707	0.01060	0.00585	0.00930	0.00578	0.00718	0.01286	0.00179	0.72010	0.00365	0.00193	0.00495
35	0.00995	0.00790	0.00929	0.00668	0.01057	0.00605	0.00536	0.02396	0.00956	0.06586	0.00850	0.00955	0.00684	0.00344	0.00336	0.00071	0.00333	0.00275	0.00283	0.80351
36	0.01679	0.01237	0.01325	0.01016	0.01370	0.01370	0.00839	0.80251	0.02077	0.02783	0.01060	0.01060	0.00751	0.00530	0.00442	0.00133	0.00486	0.00398	0.00442	0.00751
37	0.01155	0.01167	0.01732	0.02536	0.72779	0.10138	0.01300	0.01401	0.01033	0.01403	0.00814	0.01060	0.00685	0.00400	0.00433	0.00129	0.00555	0.00381	0.00220	0.00679
38	0.00718	0.00504	0.00620	0.00586	0.00707	0.00493	0.00446	0.01034	0.09636	0.02749	0.58483	0.04071	0.03384	0.00835	0.00489	0.00138	0.00232	0.03218	0.11207	0.00449
39	0.00667	0.00719	0.11672	0.00704	0.00887	0.00519	0.03491	0.00910	0.01161	0.01646	0.60029	0.10703	0.03432	0.00865	0.00511	0.00143	0.00293	0.00769	0.00429	0.00450
40	0.00530	0.00444	0.00462	0.00465	0.00604	0.00375	0.00346	0.00647	0.01015	0.01231	0.09976	0.08884	0.71270	0.01118	0.00524	0.00150	0.00225	0.00941	0.00416	0.00375
41	0.00824	0.00639	0.00752	0.00686	0.00846	0.00667	0.00529	0.06302	0.23163	0.01844	0.52343	0.02749	0.03132	0.00805	0.00499	0.00143	0.00270	0.02818	0.00471	0.00515
42	0.01041	0.00997	0.01699	0.18844	0.65995	0.01036	0.01330	0.01310	0.00981	0.01380	0.00822	0.01110	0.00677	0.00403	0.00438	0.00134	0.00537	0.00393	0.00214	0.00658
43	0.00540	0.00390	0.00508	0.00601	0.00633	0.00362	0.00401	0.00617	0.00850	0.01124	0.02536	0.76887	0.07886	0.03634	0.00607	0.00184	0.00259	0.01218	0.00406	0.00357
44	0.01093	0.01049	0.01793	0.02711	0.81723	0.01049	0.01355	0.01355	0.01006	0.01443	0.00831	0.01093	0.00700	0.00394	0.00437	0.00131	0.00525	0.00394	0.00219	0.00700
45	0.00608	0.00444	0.00586	0.00675	0.00748	0.00423	0.00525	0.00742	0.00937	0.01216	0.02661	0.40957	0.13036	0.01281	0.00577	0.00185	0.00314	0.33293	0.00409	0.00380
46	0.01197	0.81928	0.02278	0.00769	0.01141	0.04507	0.00759	0.01338	0.00909	0.01041	0.00616	0.00711	0.00567	0.00380	0.00287	0.00095	0.00483	0.00238	0.00190	0.00565
47	0.01079	0.01031	0.01742	0.04390	0.76274	0.01027	0.01314	0.01339	0.00999	0.01436	0.00828	0.01087	0.00695	0.00392	0.00432	0.00128	0.00517	0.00387	0.00220	0.04682
48	0.01190	0.83190	0.02294	0.00763	0.01138	0.03270	0.00758	0.01331	0.00904	0.01040	0.00615	0.00710	0.00567	0.00379	0.00286	0.00095	0.00478	0.00237	0.00190	0.00566
49	0.00834	0.00785	0.01325	0.83417	0.03042	0.00981	0.01227	0.01128	0.00883	0.01128	0.00785	0.01178	0.00589	0.00442	0.00442	0.00147	0.00589	0.00393	0.00196	0.00491
50	0.01093	0.01049	0.01793	0.02711	0.81723	0.01049	0.01355	0.01355	0.01006	0.01443	0.00831	0.01093	0.00700	0.00394	0.00437	0.00131	0.00525	0.00394	0.00219	0.00700
51	0.05291	0.01986	0.01541	0.08303	0.48473	0.04972	0.03848	0.04727	0.01055	0.08841	0.01001	0.06194	0.00846	0.00481	0.00438	0.00136	0.00509	0.00441	0.00271	0.00645
52	0.00523	0.00444	0.00451	0.00457	0.00599	0.00372	0.00340	0.00633	0.00997	0.01189	0.04355	0.08927	0.76944	0.01134	0.00524	0.00151	0.00226	0.00951	0.00410	0.00372
53	0.00535	0.00398	0.00498	0.00578	0.00631	0.00362	0.00394	0.00619	0.00881	0.01142	0.02879	0.66758	0.20066	0.01326	0.00555	0.00173	0.00249	0.01185	0.00410	0.00362
54	0.01021	0.30213	0.51397	0.01083	0.01623	0.05036	0.01299	0.01390	0.00935	0.01262	0.00727	0.00850	0.00562	0.00407	0.00372	0.00123	0.00598	0.00294	0.00189	0.00617
55	0.00842	0.00794	0.01335	0.80081	0.04720	0.00990	0.01224	0.01132	0.00882	0.01134	0.00782	0.01172	0.00591	0.00447	0.00461	0.00148	0.02180	0.00392	0.00197	0.00495
56	0.00991	0.00946	0.01609	0.34373	0.50855	0.01023	0.01305	0.01266	0.00958	0.01320	0.00813	0.01126	0.00656	0.00412	0.00439	0.00137	0.00550	0.00393	0.00210	0.00618
57	0.09682	0.01023	0.01062	0.00849	0.01162	0.11669	0.00688	0.17200	0.01373	0.45280	0.04582	0.01324	0.01025	0.00533	0.00425	0.00133	0.00443	0.00409	0.00456	0.00681
58	0.01110	0.00973	0.01640	0.18684	0.59759	0.01005	0.01275	0.01372	0.01001	0.07626	0.00892	0.01142	0.00708	0.00415	0.00439	0.00135	0.00526	0.00397	0.00240	0.00662
59	0.38482	0.01022	0.01031	0.00888	0.04832	0.01129	0.00692	0.35925	0.01388	0.09348	0.00919	0.00954	0.00662	0.00474	0.00370	0.00135	0.00416	0.00334	0.00369	0.00632
60	0.00893	0.00860	0.01338	0.63509	0.13385	0.04723	0.01175	0.01169	0.00940	0.01209	0.05919	0.01284	0.00830	0.00465	0.00444	0.00143	0.00566	0.00413	0.00219	0.00515
61	0.00918	0.00757	0.01321	0.02594	0.02728	0.00733	0.25293	0.06104	0.01038	0.07897	0.03438	0.35890	0.01819	0.00883	0.00546	0.00163	0.01949	0.05070	0.00355	0.00504

[dist]
# distance from previous block
# <min> <max>
3	7

[block]
# block no. 2 follows, 59 sequences, length 9
# corresponding to MSA columns:
# 1063-1071
name=unknown_C
#
# <colnr> <probs for GDERKNQSTAVLIFYWHMCP>
#	G	D	E	R	K	N	Q	S	T	A	V	L	I	F	Y	W	H	M	C	P
0	0.87598	0.00854	0.00649	0.00581	0.00854	0.00991	0.00478	0.01298	0.00752	0.01982	0.00615	0.00717	0.00478	0.00410	0.00273	0.00137	0.00342	0.00239	0.00273	0.00478
1	0.01093	0.01049	0.01793	0.02711	0.81723	0.01049	0.01355	0.01355	0.01006	0.01443	0.00831	0.01093	0.00700	0.00394	0.00437	0.00131	0.00525	0.00394	0.00219	0.00700
2	0.00722	0.00612	0.00864	0.00808	0.00863	0.00765	0.00639	0.00848	0.00715	0.01036	0.01243	0.01759	0.06397	0.08011	0.47941	0.00502	0.25137	0.00490	0.00238	0.00410
3	0.01141	0.01017	0.01358	0.01485	0.23994	0.01108	0.06238	0.08375	0.46540	0.01781	0.01404	0.01412	0.01071	0.00520	0.00450	0.00143	0.00437	0.00463	0.00368	0.00697
4	0.00899	0.02194	0.75600	0.01309	0.01944	0.01033	0.08131	0.01400	0.00942	0.01400	0.00801	0.00954	0.00569	0.00416	0.00428	0.00141	0.00660	0.00342	0.00190	0.00648
5	0.01016	0.06891	0.67686	0.01188	0.01788	0.01071	0.01474	0.06862	0.01027	0.05771	0.00851	0.00959	0.00602	0.00432	0.00415	0.00137	0.00616	0.00332	0.00223	0.00660
6	0.01218	0.20753	0.05059	0.00915	0.01235	0.01261	0.03472	0.22387	0.28185	0.01862	0.08128	0.01367	0.01192	0.00539	0.00416	0.00131	0.00429	0.00430	0.00370	0.00652
7	0.00943	0.00605	0.00700	0.00626	0.00822	0.00577	0.00486	0.01309	0.16566	0.17254	0.21449	0.02988	0.32204	0.00856	0.00492	0.00144	0.00274	0.00722	0.00462	0.00520
8	0.01366	0.01177	0.21475	0.01121	0.08028	0.00826	0.05334	0.04356	0.05160	0.34177	0.07120	0.01605	0.01198	0.00554	0.00456	0.00142	0.00470	0.04373	0.00392	0.00670

[dist]
# distance from previous block
# <min> <max>
0	10

# created by:
# /home/cegg/simao/soft/augustus-3.2.1/scripts/msa2prfl.pl ./align_prep/EOG091G0TZX.fa
