[name]
unknown

[dist]
# distance from previous block
# <min> <max>
2	53

[block]
# block no. 0 follows, 45 sequences, length 9
# corresponding to MSA columns:
# 53-61
name=unknown_A
#
# <colnr> <probs for GDERKNQSTAVLIFYWHMCP>
#	G	D	E	R	K	N	Q	S	T	A	V	L	I	F	Y	W	H	M	C	P
0	0.05718	0.03134	0.05686	0.03064	0.05596	0.14401	0.02074	0.01553	0.06568	0.01654	0.06321	0.05042	0.03475	0.03544	0.03498	0.00184	0.05251	0.00517	0.00340	0.22381
1	0.01002	0.00905	0.05028	0.00830	0.01084	0.05222	0.00673	0.03935	0.01290	0.04819	0.17648	0.20414	0.12662	0.01032	0.00576	0.00163	0.00400	0.03543	0.00459	0.18315
2	0.01006	0.00715	0.00853	0.00719	0.01000	0.00593	0.00558	0.01201	0.01234	0.09719	0.14335	0.07797	0.24574	0.01093	0.04754	0.00183	0.00395	0.00773	0.00460	0.28037
3	0.01166	0.03294	0.10150	0.01113	0.06085	0.13936	0.02562	0.01430	0.03502	0.01548	0.05605	0.03555	0.07170	0.14508	0.00880	0.00203	0.00570	0.00561	0.02025	0.20136
4	0.01029	0.00800	0.01109	0.06116	0.20821	0.00788	0.00846	0.01335	0.05361	0.04927	0.08244	0.03014	0.25106	0.00873	0.00550	0.00166	0.00409	0.02583	0.15304	0.00618
5	0.01252	0.01213	0.01997	0.02635	0.52784	0.04008	0.10207	0.01525	0.01162	0.01611	0.01130	0.01706	0.01030	0.14377	0.00921	0.00223	0.00661	0.00544	0.00277	0.00736
6	0.00770	0.00562	0.00799	0.00799	0.00872	0.00636	0.00591	0.00917	0.00844	0.01199	0.01496	0.02433	0.01483	0.21830	0.61396	0.00784	0.01226	0.00623	0.00296	0.00444
7	0.01243	0.02557	0.65129	0.01479	0.02210	0.01319	0.01817	0.14503	0.01373	0.01990	0.01019	0.01160	0.00720	0.00533	0.00515	0.00168	0.00758	0.00412	0.00280	0.00814
8	0.00896	0.14509	0.01177	0.00851	0.01011	0.00911	0.00696	0.01087	0.00917	0.01293	0.01337	0.01887	0.01231	0.03212	0.60837	0.00691	0.01219	0.00521	0.05197	0.00517

[dist]
# distance from previous block
# <min> <max>
0	7

[block]
# block no. 1 follows, 45 sequences, length 8
# corresponding to MSA columns:
# 69-76
name=unknown_B
#
# <colnr> <probs for GDERKNQSTAVLIFYWHMCP>
#	G	D	E	R	K	N	Q	S	T	A	V	L	I	F	Y	W	H	M	C	P
0	0.00654	0.00467	0.00623	0.00747	0.00779	0.00436	0.00498	0.00747	0.01028	0.01370	0.02959	0.80785	0.03550	0.01682	0.00685	0.00218	0.00311	0.01526	0.00498	0.00436
1	0.01435	0.81458	0.02813	0.00918	0.01378	0.02124	0.00918	0.01607	0.01091	0.01263	0.00746	0.00861	0.00689	0.00459	0.00344	0.00115	0.00574	0.00287	0.00230	0.00689
2	0.01174	0.01174	0.01644	0.01409	0.01409	0.01644	0.01174	0.01292	0.00822	0.01292	0.00705	0.01174	0.00705	0.00940	0.01762	0.00235	0.80153	0.00470	0.00235	0.00587
3	0.01335	0.01153	0.01214	0.01092	0.01396	0.01335	0.00850	0.02852	0.76817	0.02245	0.02185	0.02003	0.01639	0.00728	0.00546	0.00182	0.00425	0.00607	0.00546	0.00850
4	0.02408	0.00914	0.01246	0.00955	0.01370	0.00789	0.00789	0.02616	0.01536	0.78158	0.02118	0.01827	0.01329	0.00664	0.00540	0.00166	0.00457	0.00540	0.00664	0.00914
5	0.01406	0.75011	0.09003	0.00969	0.01455	0.02052	0.01006	0.01615	0.01094	0.01299	0.00764	0.00883	0.00688	0.00463	0.00358	0.00119	0.00592	0.00296	0.00229	0.00697
6	0.00760	0.00549	0.00718	0.00675	0.00802	0.00506	0.00506	0.01013	0.01519	0.02153	0.77503	0.04010	0.05065	0.01097	0.00633	0.00169	0.00253	0.00971	0.00591	0.00506
7	0.01267	0.01448	0.03167	0.02262	0.02805	0.01357	0.75837	0.01719	0.01267	0.01719	0.01086	0.01448	0.00814	0.00452	0.00633	0.00181	0.00905	0.00633	0.00271	0.00724

[dist]
# distance from previous block
# <min> <max>
0	1

[block]
# block no. 2 follows, 45 sequences, length 30
# corresponding to MSA columns:
# 78,114-136,138-143
name=unknown_C
#
# <colnr> <probs for GDERKNQSTAVLIFYWHMCP>
#	G	D	E	R	K	N	Q	S	T	A	V	L	I	F	Y	W	H	M	C	P
0	0.00650	0.00483	0.00607	0.00706	0.00768	0.00439	0.00480	0.00752	0.01067	0.01386	0.03459	0.65533	0.18479	0.01617	0.00675	0.00211	0.00303	0.01447	0.00498	0.00439
1	0.01134	0.01115	0.01567	0.01355	0.01365	0.01548	0.01125	0.01259	0.00826	0.01287	0.00777	0.01267	0.00768	0.01245	0.09415	0.00297	0.72354	0.00480	0.00240	0.00577
2	0.04728	0.01089	0.01339	0.01029	0.01446	0.01057	0.00850	0.24009	0.01806	0.54100	0.01835	0.01642	0.01185	0.00654	0.00533	0.00165	0.00495	0.00516	0.00617	0.00904
3	0.00932	0.00466	0.00699	0.00699	0.00699	0.00466	0.00466	0.00699	0.00699	0.00932	0.00932	0.01632	0.00932	0.01865	0.02098	0.84382	0.00466	0.00466	0.00233	0.00233
4	0.84927	0.01038	0.00789	0.00706	0.01038	0.01204	0.00581	0.01578	0.00914	0.02408	0.00747	0.00872	0.00581	0.00498	0.00332	0.00166	0.00415	0.00291	0.00332	0.00581
5	0.05744	0.48401	0.14611	0.01084	0.01571	0.08561	0.01095	0.10461	0.01295	0.01647	0.00853	0.00965	0.00709	0.00499	0.00405	0.00134	0.00637	0.00333	0.00275	0.00721
6	0.01511	0.03199	0.01331	0.01143	0.01452	0.11492	0.00909	0.16318	0.43769	0.02252	0.01871	0.02108	0.01500	0.00758	0.00551	0.00177	0.00537	0.07831	0.00497	0.00793
7	0.00674	0.00486	0.00642	0.00756	0.00805	0.00454	0.00526	0.00787	0.01068	0.01414	0.04863	0.68409	0.07502	0.01633	0.00686	0.00217	0.00324	0.07809	0.00500	0.00444
8	0.01169	0.03752	0.43744	0.02063	0.21316	0.01272	0.13826	0.01667	0.01174	0.01700	0.01034	0.02981	0.00808	0.00517	0.00536	0.00169	0.00757	0.00478	0.00250	0.00786
9	0.01077	0.02777	0.78354	0.01530	0.02323	0.01247	0.01983	0.01700	0.01133	0.01700	0.00963	0.01133	0.00680	0.00510	0.00510	0.00170	0.00793	0.00397	0.00227	0.00793
10	0.10517	0.00954	0.01208	0.00945	0.01346	0.00882	0.00778	0.04400	0.05523	0.64686	0.01964	0.01728	0.01261	0.00651	0.00520	0.00167	0.00454	0.00517	0.00622	0.00877
11	0.00780	0.00523	0.00599	0.00599	0.00604	0.00528	0.00342	0.00789	0.00785	0.01051	0.01679	0.03444	0.01922	0.77377	0.06449	0.00537	0.00565	0.00771	0.00323	0.00333
12	0.01095	0.02645	0.70904	0.01603	0.02371	0.01258	0.09301	0.01702	0.01147	0.01702	0.00975	0.01164	0.00693	0.00504	0.00522	0.00171	0.00804	0.00420	0.00231	0.00786
13	0.01267	0.01448	0.03167	0.02262	0.02805	0.01357	0.75837	0.01719	0.01267	0.01719	0.01086	0.01448	0.00814	0.00452	0.00633	0.00181	0.00905	0.00633	0.00271	0.00724
14	0.01104	0.00574	0.00612	0.00575	0.00730	0.00572	0.00440	0.04851	0.01249	0.06150	0.08502	0.02137	0.01680	0.00670	0.00415	0.00133	0.00278	0.00544	0.68242	0.00543
15	0.29883	0.00947	0.01081	0.00866	0.01247	0.00921	0.00713	0.02234	0.01328	0.51179	0.03370	0.01558	0.01164	0.00619	0.00473	0.00166	0.00438	0.00467	0.00552	0.00794
16	0.00878	0.00655	0.02287	0.00903	0.01052	0.00611	0.00772	0.01144	0.02993	0.03902	0.14203	0.09141	0.09724	0.01365	0.00698	0.00223	0.00433	0.47991	0.00510	0.00516
17	0.09917	0.00973	0.01234	0.00955	0.01364	0.00899	0.00789	0.08531	0.01560	0.65114	0.01925	0.01696	0.01226	0.00648	0.00521	0.00166	0.00464	0.00512	0.00624	0.00883
18	0.00857	0.00608	0.00837	0.00949	0.01060	0.00608	0.00812	0.01079	0.01191	0.01550	0.02728	0.05803	0.02977	0.09375	0.00939	0.00274	0.00497	0.66902	0.00478	0.00478
19	0.00782	0.00529	0.00622	0.00627	0.00640	0.00539	0.00378	0.00809	0.00804	0.01080	0.01705	0.03458	0.01929	0.70800	0.10251	0.00545	0.00611	0.03218	0.00327	0.00346
20	0.67171	0.06028	0.01003	0.00789	0.01131	0.07078	0.00652	0.01703	0.01019	0.08174	0.00861	0.00953	0.00655	0.00513	0.00361	0.00161	0.00470	0.00314	0.00348	0.00617
21	0.00767	0.00575	0.00863	0.00863	0.00959	0.00671	0.00671	0.00959	0.00863	0.01246	0.01438	0.02109	0.01342	0.04026	0.79008	0.00863	0.01438	0.00575	0.00288	0.00479
22	0.00854	0.00614	0.00849	0.00967	0.01093	0.00610	0.00843	0.01095	0.01235	0.01599	0.02969	0.06011	0.06734	0.01477	0.00736	0.00244	0.00483	0.70600	0.00494	0.00492
23	0.01334	0.01165	0.01309	0.01311	0.08965	0.01329	0.00929	0.02733	0.69327	0.02197	0.02068	0.01936	0.01560	0.00703	0.00545	0.00180	0.00446	0.00594	0.00518	0.00850
24	0.01264	0.43860	0.38910	0.01211	0.01830	0.01705	0.01427	0.01652	0.01111	0.01472	0.00850	0.00991	0.00685	0.00483	0.00424	0.00141	0.00679	0.00339	0.00228	0.00739
25	0.00947	0.00757	0.00836	0.00813	0.00998	0.00775	0.00609	0.08705	0.18778	0.01804	0.03438	0.27945	0.27499	0.01247	0.00623	0.00192	0.00356	0.02579	0.00513	0.00586
26	0.12845	0.23903	0.40734	0.01220	0.01826	0.03719	0.01413	0.04078	0.01147	0.01724	0.00881	0.01023	0.00679	0.00498	0.00438	0.00151	0.00672	0.00352	0.00255	0.02442
27	0.05680	0.01022	0.01211	0.07216	0.06414	0.01174	0.00895	0.04425	0.43126	0.01989	0.01754	0.01853	0.01374	0.01323	0.15838	0.00310	0.00659	0.00559	0.02439	0.00737
28	0.00760	0.00549	0.00718	0.00675	0.00802	0.00506	0.00506	0.01013	0.01519	0.02153	0.77503	0.04010	0.05065	0.01097	0.00633	0.00169	0.00253	0.00971	0.00591	0.00506
29	0.01204	0.05651	0.53486	0.05739	0.02321	0.01324	0.10243	0.06681	0.01236	0.03292	0.01005	0.01199	0.00727	0.00528	0.00559	0.00171	0.03162	0.00434	0.00262	0.00775

[dist]
# distance from previous block
# <min> <max>
0	8

[block]
# block no. 3 follows, 45 sequences, length 9
# corresponding to MSA columns:
# 152-160
name=unknown_D
#
# <colnr> <probs for GDERKNQSTAVLIFYWHMCP>
#	G	D	E	R	K	N	Q	S	T	A	V	L	I	F	Y	W	H	M	C	P
0	0.00905	0.00760	0.00963	0.00988	0.09203	0.00648	0.00673	0.01119	0.01223	0.01696	0.14076	0.07092	0.23270	0.00936	0.00557	0.00151	0.00370	0.06869	0.00428	0.28073
1	0.01129	0.01124	0.05591	0.10067	0.20969	0.02821	0.03916	0.04113	0.13598	0.01751	0.05760	0.15066	0.06126	0.00842	0.00635	0.00181	0.04503	0.00737	0.00384	0.00689
2	0.12563	0.20292	0.12777	0.03197	0.09650	0.01466	0.19581	0.01680	0.05485	0.01700	0.01003	0.01230	0.00804	0.00651	0.03832	0.00190	0.02465	0.00446	0.00278	0.00710
3	0.01190	0.00866	0.01005	0.00971	0.04112	0.00937	0.00719	0.06406	0.28781	0.05837	0.08957	0.05445	0.05101	0.01159	0.08937	0.00243	0.00496	0.02329	0.15828	0.00681
4	0.01021	0.00827	0.01208	0.01130	0.04410	0.00925	0.05448	0.03855	0.01197	0.04536	0.20975	0.06411	0.03925	0.05471	0.10549	0.00297	0.18247	0.08593	0.00412	0.00564
5	0.01173	0.21120	0.37829	0.01390	0.01961	0.01443	0.10848	0.01638	0.03957	0.01569	0.01145	0.01332	0.03646	0.00692	0.03649	0.00190	0.04989	0.00447	0.00258	0.00726
6	0.00705	0.00555	0.00633	0.00628	0.00772	0.00498	0.00462	0.00913	0.03540	0.01691	0.29507	0.12719	0.40108	0.03992	0.00708	0.00192	0.00283	0.01092	0.00525	0.00477
7	0.01095	0.04895	0.63195	0.01542	0.04469	0.01242	0.05663	0.01694	0.03476	0.01731	0.05241	0.01333	0.00965	0.00544	0.00520	0.00169	0.00747	0.00446	0.00260	0.00774
8	0.02027	0.00973	0.01222	0.00975	0.01344	0.00934	0.00792	0.10070	0.13354	0.50471	0.10115	0.02032	0.01734	0.00719	0.00551	0.00168	0.00444	0.00591	0.00625	0.00860

[dist]
# distance from previous block
# <min> <max>
1	2

[block]
# block no. 4 follows, 45 sequences, length 37
# corresponding to MSA columns:
# 184-187,201-203,207-219,221-237
name=unknown_E
#
# <colnr> <probs for GDERKNQSTAVLIFYWHMCP>
#	G	D	E	R	K	N	Q	S	T	A	V	L	I	F	Y	W	H	M	C	P
0	0.70442	0.01047	0.00878	0.00765	0.01106	0.01188	0.00628	0.03999	0.05157	0.09234	0.00965	0.01032	0.00716	0.00530	0.00369	0.00167	0.00425	0.00336	0.00380	0.00636
1	0.01334	0.35515	0.13143	0.01183	0.01541	0.01767	0.01147	0.05940	0.07223	0.01537	0.00913	0.01109	0.00782	0.00640	0.00810	0.00166	0.23882	0.00394	0.00274	0.00700
2	0.01435	0.81458	0.02813	0.00918	0.01378	0.02124	0.00918	0.01607	0.01091	0.01263	0.00746	0.00861	0.00689	0.00459	0.00344	0.00115	0.00574	0.00287	0.00230	0.00689
3	0.00841	0.00689	0.00866	0.00919	0.01028	0.05103	0.03206	0.01022	0.01164	0.01506	0.07342	0.35313	0.04890	0.01602	0.05464	0.00258	0.00499	0.27331	0.00469	0.00485
4	0.00934	0.03710	0.30381	0.01239	0.01647	0.00918	0.09122	0.01296	0.01139	0.01572	0.02045	0.24069	0.05590	0.01026	0.00611	0.00196	0.00592	0.12933	0.00363	0.00619
5	0.15771	0.01577	0.01462	0.01168	0.01560	0.12596	0.00950	0.53149	0.02114	0.02927	0.01134	0.01174	0.00826	0.00607	0.00496	0.00159	0.00615	0.00432	0.00466	0.00817
6	0.00653	0.00470	0.00620	0.00740	0.00777	0.00437	0.00495	0.00748	0.01035	0.01373	0.03047	0.78082	0.06196	0.01670	0.00683	0.00217	0.00310	0.01512	0.00498	0.00437
7	0.00654	0.00467	0.00623	0.00747	0.00779	0.00436	0.00498	0.00747	0.01028	0.01370	0.02959	0.80785	0.03550	0.01682	0.00685	0.00218	0.00311	0.01526	0.00498	0.00436
8	0.00776	0.00541	0.00687	0.00687	0.00723	0.00576	0.00452	0.00846	0.00811	0.01116	0.01598	0.02997	0.01727	0.52782	0.30779	0.00646	0.00858	0.00705	0.00311	0.00382
9	0.01271	0.01336	0.01689	0.05764	0.03880	0.10693	0.03422	0.01420	0.00943	0.01325	0.00753	0.01177	0.00711	0.00844	0.01474	0.00217	0.61774	0.00461	0.00242	0.00604
10	0.00777	0.00522	0.00602	0.00605	0.00611	0.00527	0.00349	0.00790	0.00791	0.01060	0.01704	0.05124	0.01951	0.74926	0.07108	0.00534	0.00569	0.00785	0.00327	0.00337
11	0.00667	0.00476	0.00638	0.00762	0.00799	0.00447	0.00521	0.00770	0.01040	0.01385	0.02951	0.76227	0.03522	0.01670	0.00689	0.00220	0.00323	0.05957	0.00498	0.00440
12	0.01474	0.76032	0.02724	0.00950	0.01397	0.07410	0.00927	0.01644	0.01120	0.01266	0.00752	0.00868	0.00689	0.00466	0.00354	0.00116	0.00601	0.00291	0.00233	0.00684
13	0.01118	0.11782	0.69708	0.01460	0.02215	0.01347	0.01861	0.01689	0.01128	0.01650	0.00938	0.01102	0.00681	0.00504	0.00491	0.00164	0.00768	0.00384	0.00227	0.00781
14	0.00788	0.00478	0.00639	0.00692	0.00709	0.00465	0.00450	0.00752	0.00867	0.01171	0.01959	0.35452	0.02247	0.16893	0.01568	0.30167	0.00404	0.00975	0.02977	0.00345
15	0.00654	0.00467	0.00623	0.00747	0.00779	0.00436	0.00498	0.00747	0.01028	0.01370	0.02959	0.80785	0.03550	0.01682	0.00685	0.00218	0.00311	0.01526	0.00498	0.00436
16	0.00776	0.00540	0.00686	0.00686	0.00721	0.00575	0.00451	0.00845	0.00811	0.01116	0.01599	0.03001	0.01729	0.53043	0.30521	0.00645	0.00855	0.00706	0.00312	0.00381
17	0.01020	0.00811	0.01191	0.03650	0.22208	0.00810	0.00925	0.05517	0.02920	0.03936	0.02299	0.37460	0.04909	0.01175	0.00627	0.00197	0.00454	0.08845	0.00435	0.00613
18	0.00857	0.00580	0.00648	0.00625	0.00651	0.00590	0.00368	0.05368	0.00887	0.01184	0.01667	0.03377	0.01888	0.76226	0.02598	0.00498	0.00525	0.00762	0.00338	0.00361
19	0.01902	0.01370	0.01463	0.01137	0.01526	0.01510	0.00934	0.66039	0.02338	0.03199	0.01350	0.01384	0.00975	0.00642	0.00515	0.00156	0.00545	0.00486	0.11672	0.00858
20	0.01992	0.00805	0.01066	0.00850	0.01186	0.00710	0.00690	0.02212	0.01470	0.57198	0.10947	0.02112	0.01777	0.00709	0.00525	0.00160	0.00400	0.00584	0.13805	0.00800
21	0.01265	0.30285	0.46732	0.01306	0.01948	0.06811	0.01547	0.01698	0.01145	0.01521	0.00878	0.01027	0.00684	0.00495	0.00450	0.00149	0.00728	0.00355	0.00231	0.00745
22	0.01091	0.06080	0.10924	0.01019	0.01474	0.00918	0.06432	0.01375	0.01124	0.01671	0.02695	0.06423	0.02381	0.00578	0.00508	0.00122	0.03172	0.02455	0.00320	0.49239
23	0.00849	0.00650	0.00696	0.00688	0.00724	0.05098	0.00437	0.00896	0.00840	0.01098	0.01590	0.03080	0.01755	0.60782	0.18115	0.00568	0.00733	0.00714	0.00315	0.00374
24	0.00728	0.00501	0.00598	0.00645	0.00663	0.00487	0.00393	0.00768	0.00889	0.01178	0.02296	0.32444	0.05205	0.48644	0.01894	0.00395	0.00434	0.01072	0.00396	0.00371
25	0.00679	0.00549	0.00605	0.00603	0.00767	0.00476	0.00459	0.00850	0.01296	0.01629	0.22647	0.04942	0.55553	0.01304	0.00641	0.00182	0.00281	0.05548	0.00520	0.00469
26	0.01557	0.00820	0.01001	0.00776	0.01139	0.00686	0.00624	0.01787	0.01271	0.29736	0.01588	0.01607	0.01142	0.00555	0.00444	0.00123	0.00381	0.00447	0.22399	0.31918
27	0.01229	0.01112	0.01774	0.50143	0.20256	0.01279	0.03094	0.11492	0.01307	0.01737	0.01015	0.01389	0.00775	0.00536	0.00538	0.00172	0.00685	0.00482	0.00286	0.00700
28	0.01161	0.04169	0.31455	0.07625	0.34737	0.01218	0.01646	0.01587	0.01190	0.01704	0.05228	0.01507	0.03325	0.00554	0.00527	0.00165	0.00670	0.00487	0.00272	0.00775
29	0.00718	0.00529	0.00672	0.00674	0.00786	0.00483	0.00491	0.00918	0.01365	0.01874	0.50292	0.21996	0.14675	0.01269	0.00645	0.00182	0.00269	0.01122	0.00557	0.00483
30	0.01205	0.01417	0.14417	0.02574	0.52507	0.01165	0.01518	0.01597	0.03491	0.01793	0.09367	0.01723	0.03689	0.00585	0.00542	0.00164	0.00604	0.00542	0.00310	0.00792
31	0.00677	0.00545	0.00603	0.00588	0.00751	0.00471	0.00441	0.00853	0.01324	0.01689	0.29933	0.04773	0.52924	0.01270	0.00634	0.00177	0.00266	0.01078	0.00530	0.00471
32	0.00994	0.00893	0.03360	0.00940	0.01137	0.02436	0.02168	0.01713	0.32316	0.01811	0.08337	0.32680	0.06728	0.01143	0.00611	0.00194	0.00391	0.01007	0.00508	0.00633
33	0.01309	0.06688	0.34911	0.03553	0.08058	0.09990	0.02700	0.07971	0.01242	0.01692	0.00945	0.01181	0.00745	0.00710	0.03420	0.00196	0.13268	0.00422	0.00266	0.00734
34	0.00734	0.00525	0.00586	0.00594	0.00647	0.00503	0.00369	0.00782	0.00915	0.01176	0.02747	0.08725	0.21906	0.52609	0.04621	0.00424	0.00473	0.00913	0.00380	0.00371
35	0.01455	0.66524	0.04843	0.03271	0.05245	0.08345	0.01011	0.01650	0.01133	0.01307	0.00778	0.00916	0.00697	0.00472	0.00375	0.00122	0.00620	0.00310	0.00235	0.00692
36	0.01105	0.00975	0.01569	0.38192	0.09312	0.01103	0.07412	0.01564	0.10298	0.04158	0.02865	0.08518	0.01382	0.00745	0.00601	0.00187	0.02197	0.06825	0.00345	0.00647

[dist]
# distance from previous block
# <min> <max>
0	2

[block]
# block no. 5 follows, 45 sequences, length 12
# corresponding to MSA columns:
# 240,241,246-255
name=unknown_F
#
# <colnr> <probs for GDERKNQSTAVLIFYWHMCP>
#	G	D	E	R	K	N	Q	S	T	A	V	L	I	F	Y	W	H	M	C	P
0	0.04535	0.05635	0.37021	0.04304	0.04832	0.01081	0.04405	0.01488	0.03077	0.01681	0.03920	0.04567	0.07430	0.00789	0.00559	0.00183	0.00633	0.12855	0.00327	0.00678
1	0.04990	0.02097	0.10094	0.08358	0.01953	0.42670	0.07172	0.04987	0.06184	0.01580	0.00972	0.01150	0.00768	0.00569	0.00560	0.00158	0.04360	0.00412	0.00295	0.00670
2	0.00781	0.00514	0.00610	0.00621	0.00629	0.00515	0.00368	0.00779	0.00799	0.01070	0.01730	0.10115	0.01982	0.64171	0.05904	0.07397	0.00538	0.00811	0.00331	0.00334
3	0.01245	0.01299	0.07732	0.25449	0.44269	0.01266	0.01570	0.04487	0.04309	0.01720	0.01049	0.01370	0.00832	0.00514	0.00532	0.00167	0.00662	0.00477	0.00277	0.00774
4	0.00665	0.00544	0.00592	0.00622	0.00778	0.00471	0.00474	0.00809	0.01202	0.01460	0.04829	0.14265	0.59761	0.01413	0.00653	0.00194	0.00303	0.10012	0.00498	0.00456
5	0.01147	0.01252	0.10893	0.29592	0.26668	0.01157	0.01428	0.06425	0.01260	0.01726	0.06741	0.04959	0.03192	0.00632	0.00548	0.00171	0.00630	0.00565	0.00309	0.00705
6	0.01842	0.01003	0.01151	0.00918	0.01250	0.01021	0.00747	0.29071	0.01772	0.27446	0.01702	0.01683	0.01191	0.00645	0.00488	0.00152	0.00443	0.00507	0.26181	0.00787
7	0.00992	0.00925	0.01240	0.19588	0.12234	0.04102	0.02857	0.01354	0.09229	0.01547	0.04087	0.07419	0.24572	0.04264	0.00707	0.00194	0.02939	0.00774	0.00382	0.00596
8	0.39856	0.00876	0.00832	0.00719	0.01011	0.00936	0.00582	0.05255	0.01176	0.17175	0.01340	0.01415	0.00980	0.00576	0.00395	0.00154	0.00383	0.00411	0.25292	0.00638
9	0.00906	0.00545	0.00786	0.00776	0.00842	0.00581	0.00562	0.00926	0.00838	0.05061	0.01381	0.04944	0.01347	0.11487	0.37089	0.29730	0.00909	0.00593	0.00300	0.00398
10	0.84927	0.01038	0.00789	0.00706	0.01038	0.01204	0.00581	0.01578	0.00914	0.02408	0.00747	0.00872	0.00581	0.00498	0.00332	0.00166	0.00415	0.00291	0.00332	0.00581
11	0.01077	0.02777	0.78354	0.01530	0.02323	0.01247	0.01983	0.01700	0.01133	0.01700	0.00963	0.01133	0.00680	0.00510	0.00510	0.00170	0.00793	0.00397	0.00227	0.00793

[dist]
# distance from previous block
# <min> <max>
0	1

[block]
# block no. 6 follows, 45 sequences, length 7
# corresponding to MSA columns:
# 257-263
name=unknown_G
#
# <colnr> <probs for GDERKNQSTAVLIFYWHMCP>
#	G	D	E	R	K	N	Q	S	T	A	V	L	I	F	Y	W	H	M	C	P
0	0.00781	0.00520	0.00585	0.00585	0.00585	0.00520	0.00325	0.00781	0.00781	0.01041	0.01691	0.03513	0.01952	0.81135	0.02732	0.00520	0.00520	0.00781	0.00325	0.00325
1	0.01581	0.13913	0.07817	0.04611	0.01724	0.17653	0.05892	0.20111	0.09955	0.02038	0.04127	0.01489	0.01109	0.00617	0.00506	0.00156	0.00664	0.02378	0.02922	0.00737
2	0.00763	0.00675	0.01077	0.00969	0.01143	0.00615	0.14641	0.00937	0.01133	0.01461	0.03373	0.42490	0.25913	0.01351	0.00660	0.00200	0.00411	0.01237	0.00456	0.00495
3	0.29210	0.06758	0.17288	0.01100	0.03659	0.05346	0.01029	0.09891	0.03361	0.09483	0.01052	0.01132	0.00777	0.00531	0.00437	0.00155	0.00562	0.00377	0.00358	0.07496
4	0.01269	0.01215	0.02072	0.17694	0.63851	0.01260	0.01618	0.01596	0.01194	0.01682	0.00999	0.01348	0.00825	0.00489	0.00532	0.00163	0.00652	0.00478	0.00261	0.00803
5	0.01174	0.01174	0.01644	0.01409	0.01409	0.01644	0.01174	0.01292	0.00822	0.01292	0.00705	0.01174	0.00705	0.00940	0.01762	0.00235	0.80153	0.00470	0.00235	0.00587
6	0.16905	0.00994	0.01064	0.00814	0.01243	0.00882	0.00651	0.01574	0.10141	0.01933	0.01063	0.01174	0.00856	0.00456	0.00403	0.00108	0.00404	0.00347	0.00348	0.58640

[dist]
# distance from previous block
# <min> <max>
0	1

[block]
# block no. 7 follows, 45 sequences, length 18
# corresponding to MSA columns:
# 265-282
name=unknown_H
#
# <colnr> <probs for GDERKNQSTAVLIFYWHMCP>
#	G	D	E	R	K	N	Q	S	T	A	V	L	I	F	Y	W	H	M	C	P
0	0.01270	0.01440	0.03119	0.02313	0.06483	0.01353	0.72199	0.01716	0.01265	0.01721	0.01082	0.01442	0.00816	0.00454	0.00628	0.00180	0.00892	0.00626	0.00271	0.00730
1	0.80810	0.01114	0.00825	0.00740	0.01069	0.05066	0.00604	0.01606	0.00944	0.02354	0.00752	0.00877	0.00587	0.00501	0.00340	0.00165	0.00443	0.00293	0.00329	0.00583
2	0.01588	0.01097	0.01221	0.01060	0.01390	0.01207	0.00835	0.02797	0.59110	0.20101	0.02169	0.01961	0.01566	0.00713	0.00545	0.00178	0.00432	0.00591	0.00574	0.00865
3	0.01095	0.06702	0.74585	0.01499	0.02276	0.01290	0.01930	0.01695	0.01131	0.01678	0.00952	0.01120	0.00680	0.00507	0.00502	0.00167	0.00782	0.00391	0.00227	0.00788
4	0.00753	0.00548	0.00709	0.00669	0.00798	0.00504	0.00502	0.01001	0.01505	0.02117	0.73879	0.04068	0.08711	0.01111	0.00633	0.00169	0.00254	0.00979	0.00586	0.00504
5	0.01329	0.01275	0.02179	0.03295	0.77787	0.01275	0.01647	0.01647	0.01222	0.01754	0.01010	0.01329	0.00850	0.00478	0.00531	0.00159	0.00638	0.00478	0.00266	0.00850
6	0.02408	0.00914	0.01246	0.00955	0.01370	0.00789	0.00789	0.02616	0.01536	0.78158	0.02118	0.01827	0.01329	0.00664	0.00540	0.00166	0.00457	0.00540	0.00664	0.00914
7	0.00634	0.00544	0.00544	0.00544	0.00725	0.00453	0.00408	0.00770	0.01224	0.01450	0.05438	0.05166	0.77569	0.01359	0.00634	0.00181	0.00272	0.01133	0.00498	0.00453
8	0.01335	0.01153	0.01214	0.01092	0.01396	0.01335	0.00850	0.02852	0.76817	0.02245	0.02185	0.02003	0.01639	0.00728	0.00546	0.00182	0.00425	0.00607	0.00546	0.00850
9	0.00767	0.00575	0.00863	0.00863	0.00959	0.00671	0.00671	0.00959	0.00863	0.01246	0.01438	0.02109	0.01342	0.04026	0.79008	0.00863	0.01438	0.00575	0.00288	0.00479
10	0.02041	0.01504	0.01611	0.01235	0.01665	0.01665	0.01020	0.75997	0.02524	0.03383	0.01289	0.01289	0.00913	0.00644	0.00537	0.00161	0.00591	0.00483	0.00537	0.00913
11	0.02319	0.01280	0.01307	0.01050	0.01435	0.18204	0.00844	0.02511	0.01533	0.61043	0.01831	0.01636	0.01187	0.00640	0.00527	0.00160	0.00571	0.00497	0.00578	0.00849
12	0.00855	0.00611	0.00853	0.00977	0.01096	0.00609	0.00847	0.01095	0.01226	0.01595	0.02848	0.09631	0.03111	0.01492	0.00739	0.00246	0.00486	0.70697	0.00494	0.00491
13	0.01267	0.01448	0.03167	0.02262	0.02805	0.01357	0.75837	0.01719	0.01267	0.01719	0.01086	0.01448	0.00814	0.00452	0.00633	0.00181	0.00905	0.00633	0.00271	0.00724
14	0.00692	0.00546	0.00624	0.00604	0.00760	0.00478	0.00453	0.00882	0.01360	0.01773	0.38581	0.04634	0.44225	0.01239	0.00634	0.00176	0.00263	0.01058	0.00541	0.00478
15	0.01015	0.00961	0.01165	0.02772	0.01181	0.06407	0.00849	0.01148	0.01006	0.01378	0.04881	0.10067	0.14874	0.01350	0.08247	0.02388	0.35617	0.00715	0.03455	0.00526
16	0.01341	0.28995	0.30302	0.01381	0.01938	0.12256	0.11109	0.01711	0.01182	0.01489	0.00901	0.01088	0.00721	0.00591	0.02702	0.00168	0.00777	0.00389	0.00242	0.00717
17	0.01291	0.15045	0.21385	0.14238	0.14812	0.07694	0.03240	0.05326	0.05327	0.01652	0.01144	0.03008	0.02453	0.00564	0.00501	0.00160	0.00684	0.00462	0.00285	0.00732

[dist]
# distance from previous block
# <min> <max>
0	4

[block]
# block no. 8 follows, 45 sequences, length 10
# corresponding to MSA columns:
# 287,288,292-299
name=unknown_I
#
# <colnr> <probs for GDERKNQSTAVLIFYWHMCP>
#	G	D	E	R	K	N	Q	S	T	A	V	L	I	F	Y	W	H	M	C	P
0	0.01277	0.01235	0.01856	0.10433	0.45355	0.04950	0.03323	0.01733	0.11495	0.01711	0.01267	0.06513	0.01101	0.00622	0.00607	0.00172	0.04705	0.00560	0.00315	0.00770
1	0.01460	0.01273	0.01263	0.01032	0.01350	0.13809	0.00819	0.14829	0.03730	0.05794	0.01168	0.01377	0.00948	0.02590	0.07497	0.00207	0.08345	0.00429	0.04962	0.27117
2	0.01220	0.13745	0.59972	0.01433	0.02146	0.01345	0.04445	0.01746	0.01158	0.06550	0.01011	0.01151	0.00728	0.00511	0.00493	0.00162	0.00745	0.00399	0.00257	0.00784
3	0.00710	0.00539	0.00653	0.00641	0.00775	0.00483	0.00475	0.00910	0.01378	0.01854	0.47450	0.11976	0.27725	0.01238	0.00639	0.00178	0.00265	0.01077	0.00553	0.00483
4	0.00772	0.00530	0.00646	0.00651	0.00673	0.00548	0.00406	0.00817	0.00809	0.01099	0.01696	0.06764	0.01896	0.61192	0.18758	0.00579	0.00705	0.00771	0.00325	0.00363
5	0.00884	0.00597	0.00771	0.00711	0.00862	0.00560	0.00539	0.01191	0.04886	0.06694	0.69637	0.03790	0.04689	0.01055	0.00624	0.00169	0.00273	0.00929	0.00593	0.00546
6	0.00649	0.00544	0.00564	0.00559	0.00734	0.00459	0.00419	0.00798	0.01257	0.01530	0.13683	0.05034	0.69274	0.01329	0.00634	0.00180	0.00270	0.01114	0.00509	0.00459
7	0.00668	0.00539	0.00596	0.00607	0.00759	0.00467	0.00453	0.00824	0.01255	0.01573	0.18061	0.13641	0.53317	0.01354	0.00644	0.00186	0.00281	0.03800	0.00515	0.00462
8	0.01435	0.81458	0.02813	0.00918	0.01378	0.02124	0.00918	0.01607	0.01091	0.01263	0.00746	0.00861	0.00689	0.00459	0.00344	0.00115	0.00574	0.00287	0.00230	0.00689
9	0.00634	0.00544	0.00544	0.00544	0.00725	0.00453	0.00408	0.00770	0.01224	0.01450	0.05438	0.05166	0.77569	0.01359	0.00634	0.00181	0.00272	0.01133	0.00498	0.00453

[dist]
# distance from previous block
# <min> <max>
0	0

# created by:
# /home/cegg/simao/soft/augustus-3.2.1/scripts/msa2prfl.pl ./align_prep/EOG091G0QBN.fa
