[name]
unknown

[dist]
# distance from previous block
# <min> <max>
2	255

[block]
# block no. 0 follows, 50 sequences, length 27
# corresponding to MSA columns:
# 338-364
name=unknown_A
#
# <colnr> <probs for GDERKNQSTAVLIFYWHMCP>
#	G	D	E	R	K	N	Q	S	T	A	V	L	I	F	Y	W	H	M	C	P
0	0.19606	0.10454	0.05709	0.03216	0.03566	0.06762	0.10070	0.10744	0.01189	0.02717	0.01114	0.04655	0.02532	0.03919	0.00517	0.00156	0.00534	0.00446	0.04611	0.07483
1	0.08225	0.05801	0.04991	0.06807	0.09439	0.08932	0.00914	0.06594	0.04677	0.20600	0.02405	0.07824	0.01189	0.03278	0.02749	0.00184	0.02896	0.01435	0.00390	0.00669
2	0.04523	0.05224	0.05838	0.01286	0.09952	0.11387	0.05062	0.14396	0.06672	0.03801	0.03429	0.04769	0.01100	0.01519	0.00533	0.00147	0.03110	0.02931	0.00349	0.13974
3	0.08412	0.03676	0.05034	0.01298	0.11595	0.13614	0.06047	0.09557	0.08692	0.03521	0.12613	0.01753	0.03863	0.00623	0.00485	0.00147	0.00536	0.01950	0.01483	0.05101
4	0.12488	0.03885	0.12313	0.18844	0.03031	0.09079	0.07962	0.06457	0.02669	0.03992	0.06081	0.01340	0.00985	0.00611	0.02323	0.00168	0.02850	0.00438	0.01618	0.02865
5	0.02569	0.11685	0.03739	0.07427	0.05210	0.02799	0.02634	0.10993	0.01928	0.03675	0.06588	0.06313	0.13520	0.00788	0.00659	0.01964	0.10023	0.01580	0.01234	0.04672
6	0.01133	0.02746	0.05151	0.01064	0.05372	0.04622	0.06350	0.07339	0.13891	0.05858	0.14483	0.09349	0.06112	0.01906	0.00546	0.00157	0.00446	0.01799	0.02735	0.08942
7	0.11383	0.01350	0.06872	0.01002	0.01325	0.14876	0.02931	0.19848	0.07745	0.03353	0.04043	0.03501	0.05342	0.00624	0.00476	0.00146	0.01663	0.00478	0.07282	0.05762
8	0.08497	0.01234	0.01413	0.03807	0.18271	0.12851	0.04588	0.13132	0.07862	0.01885	0.09818	0.03141	0.03086	0.00632	0.00556	0.00155	0.05299	0.00512	0.02600	0.00659
9	0.09582	0.01357	0.05845	0.04088	0.55438	0.10509	0.01362	0.01563	0.01126	0.01621	0.00898	0.01159	0.00746	0.00520	0.02007	0.00160	0.00631	0.00410	0.00252	0.00726
10	0.01034	0.01033	0.01461	0.57003	0.11950	0.08829	0.01270	0.01324	0.01066	0.01317	0.01253	0.01586	0.07701	0.00562	0.00501	0.00160	0.00642	0.00486	0.00250	0.00572
11	0.01257	0.09719	0.22121	0.01322	0.05363	0.10493	0.06248	0.07446	0.10103	0.03120	0.02647	0.06099	0.01023	0.00627	0.00619	0.00160	0.10165	0.00484	0.00307	0.00676
12	0.03288	0.47617	0.12117	0.00950	0.01358	0.09377	0.00939	0.04413	0.01162	0.03502	0.10021	0.01226	0.01139	0.00523	0.00395	0.00125	0.00555	0.00373	0.00280	0.00637
13	0.00894	0.00694	0.00974	0.00886	0.01041	0.00754	0.04634	0.10016	0.03322	0.01458	0.01459	0.09738	0.01400	0.07873	0.48671	0.00566	0.00995	0.00618	0.00323	0.03685
14	0.00637	0.00484	0.00642	0.00787	0.04809	0.00448	0.00505	0.00741	0.00993	0.01303	0.03019	0.65642	0.15233	0.01456	0.00621	0.00194	0.00299	0.01308	0.00451	0.00427
15	0.01314	0.19850	0.17696	0.03384	0.01559	0.02966	0.01050	0.14570	0.08843	0.04096	0.01025	0.01122	0.00795	0.00516	0.00497	0.00135	0.05211	0.00375	0.00317	0.14678
16	0.00912	0.08498	0.00842	0.00669	0.00711	0.00584	0.00474	0.00732	0.00685	0.00896	0.00849	0.01445	0.00844	0.01604	0.01789	0.77135	0.00443	0.00417	0.00216	0.00258
17	0.01332	0.18322	0.18387	0.02215	0.02560	0.02725	0.01026	0.05601	0.02319	0.13081	0.01052	0.01158	0.00801	0.00522	0.00538	0.00136	0.08464	0.00374	0.04418	0.14968
18	0.11172	0.39566	0.34744	0.01067	0.01610	0.01531	0.01230	0.01525	0.01010	0.01468	0.00777	0.00907	0.00624	0.00450	0.00383	0.00134	0.00601	0.00310	0.00223	0.00668
19	0.00772	0.00583	0.00802	0.00764	0.00892	0.00626	0.00584	0.00973	0.02947	0.01240	0.01333	0.01971	0.01250	0.10876	0.58870	0.00647	0.01080	0.00523	0.02798	0.10468
20	0.00851	0.00586	0.00659	0.00629	0.00679	0.00601	0.00394	0.09795	0.00938	0.01253	0.01642	0.10745	0.01844	0.64907	0.02111	0.00416	0.00472	0.00760	0.00341	0.00376
21	0.00932	0.00671	0.00885	0.00945	0.01093	0.00688	0.00820	0.10069	0.01288	0.01686	0.02469	0.05101	0.02630	0.01285	0.00666	0.00220	0.00470	0.67112	0.00464	0.00505
22	0.06304	0.01059	0.01156	0.00940	0.01270	0.08679	0.00754	0.16395	0.01513	0.44243	0.01729	0.10960	0.01310	0.00707	0.00502	0.00157	0.00476	0.00570	0.00525	0.00753
23	0.10830	0.00682	0.00719	0.00693	0.00860	0.02836	0.00529	0.01187	0.11197	0.01791	0.31882	0.10898	0.18659	0.01013	0.00550	0.00167	0.00310	0.04214	0.00477	0.00506
24	0.02177	0.00851	0.01141	0.00879	0.01255	0.00748	0.00725	0.04728	0.01441	0.74419	0.01930	0.01687	0.01223	0.00615	0.00495	0.00153	0.00421	0.00498	0.03780	0.00834
25	0.00961	0.00681	0.00772	0.00716	0.00822	0.00705	0.00493	0.18141	0.01182	0.01583	0.05663	0.19952	0.03485	0.40868	0.01531	0.00325	0.00439	0.00827	0.00397	0.00458
26	0.00689	0.00535	0.00718	0.08582	0.01040	0.00505	0.00563	0.00818	0.00978	0.01318	0.02475	0.60328	0.07007	0.01300	0.00589	0.00182	0.00333	0.01169	0.00419	0.10452

[dist]
# distance from previous block
# <min> <max>
0	3

[block]
# block no. 1 follows, 50 sequences, length 36
# corresponding to MSA columns:
# 368-376,379-405
name=unknown_B
#
# <colnr> <probs for GDERKNQSTAVLIFYWHMCP>
#	G	D	E	R	K	N	Q	S	T	A	V	L	I	F	Y	W	H	M	C	P
0	0.01790	0.01094	0.01247	0.00979	0.01334	0.01135	0.00801	0.41335	0.05117	0.25608	0.05608	0.01830	0.08436	0.00689	0.00512	0.00154	0.00462	0.00547	0.00533	0.00787
1	0.02133	0.01100	0.01249	0.00976	0.01352	0.08286	0.00797	0.17509	0.01609	0.57064	0.01701	0.01522	0.01101	0.00604	0.00496	0.00151	0.00493	0.00474	0.00560	0.00823
2	0.01088	0.01017	0.01831	0.03398	0.21906	0.02571	0.26457	0.01371	0.01133	0.04803	0.01574	0.16620	0.01547	0.00784	0.00579	0.00177	0.00601	0.11583	0.00334	0.00627
3	0.00934	0.00866	0.01444	0.70004	0.06879	0.01052	0.01307	0.01255	0.01042	0.01358	0.08137	0.01546	0.01045	0.00544	0.00506	0.00164	0.00621	0.00486	0.00253	0.00557
4	0.01812	0.01506	0.08761	0.01172	0.01602	0.01510	0.01030	0.70657	0.02224	0.02997	0.01169	0.01183	0.00828	0.00587	0.00496	0.00150	0.00566	0.00441	0.00472	0.00837
5	0.01183	0.08384	0.01935	0.02626	0.65130	0.01184	0.01363	0.01451	0.01124	0.01562	0.01297	0.01525	0.08039	0.00518	0.00487	0.00146	0.00555	0.00485	0.00264	0.00742
6	0.01265	0.75152	0.02424	0.00838	0.01228	0.01827	0.00817	0.01419	0.01007	0.01182	0.00883	0.08338	0.00886	0.00532	0.00349	0.00115	0.00510	0.00373	0.00236	0.00618
7	0.01113	0.00933	0.01076	0.00776	0.01215	0.00746	0.00624	0.08340	0.01155	0.01765	0.00915	0.01049	0.00748	0.00390	0.00381	0.00081	0.00386	0.00310	0.00314	0.77683
8	0.01430	0.01294	0.01248	0.05207	0.10233	0.20714	0.00864	0.17054	0.01471	0.05222	0.11165	0.01545	0.01336	0.00587	0.00468	0.00135	0.00546	0.00465	0.10507	0.08512
9	0.01375	0.01136	0.01258	0.01107	0.03124	0.01316	0.00862	0.21195	0.47669	0.02238	0.01649	0.01610	0.01247	0.00714	0.01823	0.00177	0.07970	0.00518	0.02244	0.00769
10	0.01184	0.01324	0.02821	0.02226	0.12668	0.01251	0.67597	0.01588	0.01171	0.01601	0.00999	0.01330	0.00761	0.00423	0.00576	0.00165	0.00808	0.00569	0.00251	0.00688
11	0.00705	0.00510	0.00666	0.00627	0.00745	0.00470	0.00470	0.00941	0.01411	0.01999	0.79110	0.03723	0.04703	0.01019	0.00588	0.00157	0.00235	0.00901	0.00549	0.00470
12	0.86003	0.00964	0.00733	0.00655	0.00964	0.01118	0.00540	0.01465	0.00848	0.02236	0.00694	0.00810	0.00540	0.00463	0.00308	0.00154	0.00386	0.00270	0.00308	0.00540
13	0.02236	0.00848	0.01157	0.00887	0.01272	0.00733	0.00733	0.02429	0.01427	0.79719	0.01966	0.01697	0.01234	0.00617	0.00501	0.00154	0.00424	0.00501	0.00617	0.00848
14	0.00984	0.00485	0.00507	0.00492	0.00621	0.00478	0.00372	0.01215	0.01079	0.05672	0.04767	0.01926	0.01414	0.00600	0.00366	0.00120	0.00242	0.00484	0.77695	0.00484
15	0.00598	0.00503	0.00518	0.00518	0.00680	0.00424	0.00387	0.00731	0.01151	0.01391	0.10308	0.06650	0.71933	0.01252	0.00590	0.00168	0.00252	0.01050	0.00469	0.00424
16	0.00713	0.00523	0.00670	0.00631	0.00755	0.00487	0.00474	0.00972	0.03331	0.01969	0.73554	0.03729	0.08265	0.01022	0.00586	0.00158	0.00240	0.00900	0.00543	0.00476
17	0.01759	0.13440	0.01567	0.01208	0.01493	0.63914	0.00939	0.03685	0.05147	0.01300	0.00831	0.00939	0.00689	0.00511	0.00435	0.00128	0.00815	0.00328	0.00269	0.00603
18	0.03042	0.07435	0.14673	0.12440	0.12584	0.03062	0.04844	0.18817	0.02278	0.07297	0.01091	0.02162	0.00825	0.00522	0.00471	0.00148	0.00587	0.00433	0.03902	0.03386
19	0.01144	0.19900	0.44886	0.01470	0.08811	0.05302	0.06758	0.01564	0.01080	0.01475	0.00897	0.01135	0.00710	0.00481	0.00453	0.00147	0.00688	0.02173	0.00225	0.00701
20	0.01476	0.01700	0.01688	0.04361	0.26399	0.38592	0.07935	0.01682	0.01234	0.01373	0.00925	0.02829	0.00811	0.04520	0.00607	0.00160	0.02380	0.00432	0.00258	0.00635
21	0.01125	0.01072	0.01825	0.21000	0.54406	0.01117	0.03273	0.01426	0.01117	0.01558	0.04832	0.01455	0.02593	0.00501	0.00504	0.00154	0.00590	0.00482	0.00260	0.00709
22	0.00598	0.00505	0.00517	0.00514	0.00678	0.00424	0.00385	0.00732	0.01156	0.01394	0.10476	0.04718	0.73715	0.01245	0.00589	0.00167	0.00251	0.01041	0.00469	0.00424
23	0.00695	0.00509	0.00652	0.00616	0.00738	0.00466	0.00462	0.00921	0.01386	0.01941	0.72518	0.03819	0.11331	0.01041	0.00588	0.00158	0.00237	0.00915	0.00541	0.00466
24	0.76480	0.00964	0.00789	0.00688	0.01006	0.01095	0.00567	0.03442	0.00937	0.09138	0.00819	0.00898	0.00609	0.00480	0.00330	0.00154	0.00393	0.00295	0.00341	0.00575
25	0.00683	0.00559	0.00610	0.00603	0.00759	0.00516	0.00449	0.00963	0.09446	0.01541	0.18478	0.12513	0.48711	0.01185	0.00585	0.00170	0.00268	0.01010	0.00484	0.00468
26	0.86003	0.00964	0.00733	0.00655	0.00964	0.01118	0.00540	0.01465	0.00848	0.02236	0.00694	0.00810	0.00540	0.00463	0.00308	0.00154	0.00386	0.00270	0.00308	0.00540
27	0.00713	0.00532	0.00789	0.00789	0.00873	0.00616	0.00607	0.00882	0.00797	0.01148	0.01347	0.02022	0.01274	0.07570	0.76713	0.00786	0.01294	0.00543	0.00269	0.00438
28	0.01862	0.02376	0.01413	0.01284	0.01541	0.80482	0.00963	0.01990	0.01413	0.01220	0.00770	0.00899	0.00642	0.00514	0.00449	0.00128	0.00899	0.00321	0.00257	0.00578
29	0.78445	0.00975	0.00803	0.00714	0.00995	0.01155	0.00589	0.01442	0.00841	0.02144	0.00691	0.00835	0.00550	0.00499	0.00427	0.00160	0.07612	0.00285	0.00300	0.00540
30	0.00787	0.00555	0.00751	0.00842	0.00934	0.00555	0.00702	0.00970	0.01062	0.01385	0.02422	0.05144	0.02654	0.17823	0.01063	0.00281	0.00464	0.60751	0.00427	0.00427
31	0.01034	0.00886	0.01034	0.00738	0.01181	0.00664	0.00591	0.01255	0.01034	0.01624	0.00886	0.01034	0.00738	0.00369	0.00369	0.00074	0.00369	0.00295	0.00295	0.85530
32	0.01325	0.01476	0.01205	0.10372	0.06043	0.35178	0.00873	0.04573	0.02830	0.01411	0.01789	0.04483	0.16439	0.00697	0.00491	0.00142	0.00628	0.01599	0.00321	0.08125
33	0.73017	0.01121	0.00841	0.03978	0.01129	0.10132	0.00622	0.01517	0.00918	0.02082	0.00710	0.00841	0.00556	0.00470	0.00332	0.00152	0.00455	0.00283	0.00299	0.00545
34	0.00896	0.00493	0.00546	0.04429	0.00751	0.00508	0.00425	0.01124	0.01025	0.01746	0.01708	0.01965	0.04522	0.00886	0.07501	0.00182	0.00352	0.00494	0.69981	0.00465
35	0.01592	0.13633	0.04803	0.01198	0.04752	0.06132	0.00987	0.40013	0.08585	0.02296	0.01089	0.01161	0.00832	0.00585	0.00576	0.00149	0.08379	0.00417	0.00389	0.02433

[dist]
# distance from previous block
# <min> <max>
0	1

[block]
# block no. 2 follows, 50 sequences, length 9
# corresponding to MSA columns:
# 407-415
name=unknown_C
#
# <colnr> <probs for GDERKNQSTAVLIFYWHMCP>
#	G	D	E	R	K	N	Q	S	T	A	V	L	I	F	Y	W	H	M	C	P
0	0.04680	0.61874	0.15126	0.00962	0.01425	0.06213	0.01009	0.01533	0.01035	0.01284	0.00730	0.00847	0.00634	0.00440	0.00352	0.00118	0.00581	0.00286	0.00219	0.00648
1	0.00996	0.16375	0.23503	0.01008	0.03700	0.02901	0.00988	0.01319	0.03361	0.03125	0.14883	0.12772	0.06213	0.00754	0.00489	0.00149	0.00484	0.00628	0.00343	0.06010
2	0.00682	0.00472	0.00591	0.00645	0.00670	0.00466	0.00420	0.00743	0.00850	0.01137	0.02102	0.35249	0.02446	0.39403	0.06611	0.00373	0.00457	0.05942	0.00375	0.00363
3	0.01097	0.00927	0.01067	0.00778	0.01210	0.00750	0.00623	0.05995	0.05359	0.01742	0.00968	0.01089	0.00788	0.00400	0.00385	0.00084	0.00381	0.00319	0.00319	0.75718
4	0.00866	0.00433	0.00649	0.00649	0.00649	0.00433	0.00433	0.00649	0.00649	0.00866	0.00866	0.01515	0.00866	0.01732	0.01948	0.85498	0.00433	0.00433	0.00216	0.00216
5	0.18566	0.06245	0.01318	0.05083	0.08574	0.03830	0.04372	0.13337	0.05991	0.14360	0.03329	0.01364	0.01001	0.00608	0.01998	0.00160	0.00498	0.00433	0.08254	0.00678
6	0.01110	0.01061	0.01788	0.34078	0.45197	0.01171	0.01450	0.01411	0.01061	0.01465	0.00903	0.01264	0.00733	0.00487	0.00554	0.00159	0.04747	0.00443	0.00235	0.00683
7	0.10628	0.07497	0.07886	0.03541	0.10734	0.08321	0.00972	0.06338	0.14461	0.10102	0.03656	0.01591	0.03012	0.00667	0.01818	0.00167	0.04380	0.03179	0.00368	0.00683
8	0.09039	0.02818	0.04152	0.01203	0.07543	0.07488	0.02988	0.20084	0.04775	0.24636	0.01301	0.01310	0.00921	0.00576	0.00541	0.00152	0.05470	0.00437	0.02077	0.02490

[dist]
# distance from previous block
# <min> <max>
0	12

[block]
# block no. 3 follows, 50 sequences, length 9
# corresponding to MSA columns:
# 428-436
name=unknown_D
#
# <colnr> <probs for GDERKNQSTAVLIFYWHMCP>
#	G	D	E	R	K	N	Q	S	T	A	V	L	I	F	Y	W	H	M	C	P
0	0.01442	0.39158	0.09526	0.01169	0.06305	0.18377	0.01010	0.09977	0.01240	0.01461	0.00830	0.01010	0.00713	0.03382	0.00501	0.00139	0.02508	0.00339	0.00259	0.00654
1	0.04130	0.07016	0.06348	0.08681	0.12629	0.04365	0.00904	0.06112	0.01149	0.04154	0.05389	0.06891	0.04280	0.03388	0.00564	0.02151	0.00489	0.00505	0.00322	0.20532
2	0.00761	0.03705	0.00752	0.00736	0.00833	0.00571	0.00532	0.05924	0.01063	0.01413	0.02491	0.57077	0.05363	0.05673	0.00707	0.00206	0.00342	0.07309	0.00439	0.04104
3	0.03425	0.34951	0.18417	0.01184	0.05666	0.16016	0.01108	0.06224	0.01202	0.06337	0.00872	0.00974	0.00694	0.00476	0.00407	0.00130	0.00637	0.00333	0.00267	0.00680
4	0.01518	0.12111	0.01440	0.01064	0.01383	0.17247	0.00856	0.14497	0.37801	0.04724	0.01464	0.01415	0.01110	0.00596	0.00469	0.00149	0.00540	0.00455	0.00421	0.00739
5	0.01234	0.01184	0.02023	0.03059	0.79373	0.01184	0.01530	0.01530	0.01135	0.01628	0.00938	0.01234	0.00790	0.00444	0.00493	0.00148	0.00592	0.00444	0.00247	0.00790
6	0.00880	0.00765	0.01044	0.01122	0.09545	0.03945	0.00777	0.01072	0.02773	0.01229	0.01258	0.04772	0.01214	0.08996	0.45854	0.00554	0.12878	0.00550	0.00273	0.00498
7	0.06579	0.00666	0.00802	0.00767	0.00965	0.00613	0.00586	0.01157	0.06000	0.05905	0.02044	0.35774	0.02188	0.01057	0.00540	0.00167	0.00355	0.11905	0.00422	0.21511
8	0.00714	0.00526	0.00761	0.00761	0.00837	0.00601	0.00573	0.00865	0.00789	0.01128	0.01372	0.02160	0.01334	0.15913	0.68452	0.00752	0.01203	0.00564	0.00272	0.00423

[dist]
# distance from previous block
# <min> <max>
0	9

[block]
# block no. 4 follows, 50 sequences, length 52
# corresponding to MSA columns:
# 446-497
name=unknown_E
#
# <colnr> <probs for GDERKNQSTAVLIFYWHMCP>
#	G	D	E	R	K	N	Q	S	T	A	V	L	I	F	Y	W	H	M	C	P
0	0.00703	0.00509	0.00663	0.00625	0.00743	0.00469	0.00468	0.00936	0.01405	0.01985	0.77553	0.03746	0.06269	0.01024	0.00588	0.00157	0.00236	0.00905	0.00547	0.00469
1	0.00886	0.00471	0.00482	0.00480	0.00600	0.00461	0.00360	0.01110	0.01079	0.01828	0.07487	0.02228	0.07750	0.00667	0.00385	0.00123	0.00234	0.00543	0.72366	0.00461
2	0.01091	0.01091	0.01527	0.01309	0.01309	0.01527	0.01091	0.01200	0.00763	0.01200	0.00654	0.01091	0.00654	0.00872	0.01636	0.00218	0.81570	0.00436	0.00218	0.00545
3	0.02236	0.00848	0.01157	0.00887	0.01272	0.00733	0.00733	0.02429	0.01427	0.79719	0.01966	0.01697	0.01234	0.00617	0.00501	0.00154	0.00424	0.00501	0.00617	0.00848
4	0.01000	0.02578	0.79900	0.01421	0.02157	0.01158	0.01842	0.01579	0.01052	0.01579	0.00895	0.01052	0.00631	0.00474	0.00474	0.00158	0.00737	0.00368	0.00210	0.00737
5	0.00925	0.00619	0.00794	0.00816	0.00950	0.00613	0.00640	0.07184	0.04147	0.07263	0.11330	0.31875	0.04553	0.01256	0.00621	0.00196	0.00371	0.24849	0.00487	0.00512
6	0.01820	0.08802	0.01508	0.01250	0.01520	0.74207	0.00954	0.01951	0.01381	0.01216	0.00764	0.00891	0.00642	0.00507	0.00439	0.00127	0.00870	0.00317	0.00253	0.00583
7	0.02236	0.00848	0.01157	0.00887	0.01272	0.00733	0.00733	0.02429	0.01427	0.79719	0.01966	0.01697	0.01234	0.00617	0.00501	0.00154	0.00424	0.00501	0.00617	0.00848
8	0.00600	0.00505	0.00519	0.00516	0.00680	0.00425	0.00387	0.00736	0.01161	0.01405	0.11703	0.04701	0.72481	0.01240	0.00589	0.00167	0.00251	0.01038	0.00471	0.00425
9	0.00708	0.00515	0.00693	0.00776	0.00837	0.00515	0.00589	0.00847	0.01027	0.01371	0.08048	0.41364	0.03036	0.07901	0.00840	0.00231	0.03430	0.26401	0.00446	0.00425
10	0.01865	0.02297	0.01419	0.01273	0.01541	0.74173	0.00962	0.08042	0.01487	0.01373	0.00805	0.00923	0.00658	0.00520	0.00453	0.00130	0.00871	0.00331	0.00276	0.00599
11	0.01249	0.01138	0.01796	0.05547	0.59322	0.01174	0.01349	0.06347	0.09512	0.01770	0.01104	0.01334	0.00892	0.00488	0.00488	0.00149	0.00553	0.00458	0.04565	0.00768
12	0.04006	0.02078	0.01466	0.01281	0.01555	0.63787	0.08377	0.01830	0.01351	0.01295	0.01154	0.01270	0.07297	0.00566	0.00471	0.00136	0.00824	0.00408	0.00275	0.00573
13	0.09117	0.01218	0.01320	0.01044	0.01399	0.01341	0.02686	0.50448	0.11570	0.05933	0.01319	0.01324	0.00954	0.00591	0.00473	0.00150	0.00491	0.00454	0.07390	0.00778
14	0.01681	0.02619	0.03858	0.07073	0.04935	0.01026	0.00900	0.18169	0.04657	0.32072	0.01492	0.01609	0.01078	0.01806	0.02082	0.00169	0.03476	0.03295	0.00463	0.07540
15	0.01521	0.59068	0.02251	0.00932	0.01335	0.09657	0.00865	0.10181	0.01235	0.07676	0.00859	0.00926	0.00711	0.00470	0.00367	0.00117	0.00563	0.00311	0.00282	0.00674
16	0.00667	0.00485	0.00628	0.00640	0.00733	0.00446	0.00462	0.00848	0.01249	0.01727	0.50205	0.28598	0.09039	0.01206	0.00603	0.00172	0.00253	0.01074	0.00516	0.00446
17	0.01333	0.01206	0.03785	0.13765	0.47145	0.01220	0.04762	0.14357	0.01329	0.04781	0.01015	0.01259	0.00793	0.00484	0.00499	0.00152	0.00603	0.00451	0.00299	0.00761
18	0.54264	0.12840	0.01158	0.00831	0.01144	0.19909	0.00684	0.01593	0.01004	0.01847	0.00712	0.00829	0.00578	0.00470	0.00343	0.00141	0.00527	0.00281	0.00283	0.00563
19	0.01106	0.00587	0.00621	0.00573	0.00737	0.00598	0.00442	0.05311	0.06725	0.08163	0.01660	0.01811	0.01270	0.00591	0.00380	0.00125	0.00276	0.00474	0.68012	0.00538
20	0.01275	0.01029	0.01172	0.11811	0.01561	0.01167	0.00851	0.12762	0.46842	0.05507	0.02033	0.01958	0.08443	0.00693	0.00512	0.00165	0.00441	0.00573	0.00468	0.00734
21	0.00667	0.00519	0.00620	0.00673	0.00803	0.00472	0.00536	0.00826	0.01124	0.01405	0.06125	0.15316	0.41113	0.01334	0.00629	0.00193	0.00327	0.26421	0.00464	0.00433
22	0.00713	0.00531	0.00787	0.00787	0.00871	0.00616	0.00606	0.00881	0.00797	0.01147	0.01348	0.02029	0.01277	0.07988	0.76300	0.00784	0.01289	0.00544	0.00269	0.00437
23	0.00884	0.00668	0.00804	0.00729	0.00894	0.00676	0.00558	0.07342	0.13473	0.02104	0.60893	0.03231	0.03900	0.00932	0.00568	0.00158	0.00285	0.00813	0.00538	0.00550
24	0.10256	0.01038	0.01139	0.00938	0.01279	0.04986	0.00755	0.07037	0.24776	0.39767	0.01751	0.01586	0.01198	0.00613	0.00481	0.00157	0.00443	0.00485	0.00527	0.00786
25	0.00667	0.00503	0.00698	0.00847	0.04717	0.00494	0.00557	0.00773	0.00967	0.01299	0.02574	0.71054	0.03051	0.01470	0.00668	0.00202	0.03292	0.05291	0.00443	0.00432
26	0.00744	0.00511	0.00598	0.00600	0.00609	0.00526	0.00369	0.00766	0.00760	0.01016	0.01624	0.03376	0.01857	0.73198	0.02358	0.00454	0.03266	0.06732	0.00312	0.00323
27	0.01034	0.00886	0.01034	0.00738	0.01181	0.00664	0.00591	0.01255	0.01034	0.01624	0.00886	0.01034	0.00738	0.00369	0.00369	0.00074	0.00369	0.00295	0.00295	0.85530
28	0.00929	0.00465	0.00465	0.00465	0.00581	0.00465	0.00348	0.01161	0.01045	0.01858	0.01626	0.01858	0.01278	0.00581	0.00348	0.00116	0.00232	0.00465	0.85250	0.00465
29	0.01833	0.02248	0.01385	0.01243	0.01514	0.73728	0.00936	0.01968	0.01394	0.03936	0.00817	0.00933	0.00667	0.00510	0.00447	0.00127	0.00856	0.00326	0.00271	0.04860
30	0.01008	0.02521	0.76339	0.01452	0.02178	0.01162	0.05346	0.01579	0.01058	0.01579	0.00900	0.01066	0.00637	0.00471	0.00479	0.00158	0.00741	0.00379	0.00212	0.00734
31	0.00929	0.00465	0.00465	0.00465	0.00581	0.00465	0.00348	0.01161	0.01045	0.01858	0.01626	0.01858	0.01278	0.00581	0.00348	0.00116	0.00232	0.00465	0.85250	0.00465
32	0.02226	0.00865	0.01167	0.00895	0.01281	0.00757	0.00739	0.04661	0.01454	0.77448	0.01944	0.01682	0.01222	0.00616	0.00501	0.00154	0.00428	0.00500	0.00613	0.00848
33	0.01234	0.01184	0.02023	0.03059	0.79373	0.01184	0.01530	0.01530	0.01135	0.01628	0.00938	0.01234	0.00790	0.00444	0.00493	0.00148	0.00592	0.00444	0.00247	0.00790
34	0.00637	0.00490	0.00609	0.00655	0.00735	0.00462	0.00465	0.00759	0.01070	0.01407	0.15652	0.45462	0.23957	0.01367	0.00653	0.00186	0.03342	0.01198	0.00467	0.00425
35	0.00596	0.00505	0.00515	0.00512	0.00677	0.00424	0.00384	0.00729	0.01152	0.01385	0.09436	0.04733	0.74760	0.01248	0.00589	0.00168	0.00251	0.01043	0.00468	0.00424
36	0.00613	0.00520	0.00531	0.00530	0.00696	0.00447	0.00397	0.00781	0.03461	0.01389	0.07456	0.06823	0.72156	0.01245	0.00588	0.00169	0.00257	0.01042	0.00467	0.00433
37	0.01176	0.01345	0.02941	0.02101	0.02605	0.01261	0.77563	0.01597	0.01176	0.01597	0.01008	0.01345	0.00756	0.00420	0.00588	0.00168	0.00840	0.00588	0.00252	0.00672
38	0.01926	0.01241	0.01389	0.01069	0.01455	0.01324	0.00882	0.58021	0.02104	0.20197	0.04292	0.01403	0.01079	0.00618	0.00503	0.00151	0.00509	0.00477	0.00527	0.00834
39	0.74536	0.00962	0.00845	0.07904	0.03493	0.01113	0.00647	0.01466	0.00880	0.03435	0.00740	0.00883	0.00570	0.00468	0.00334	0.00155	0.00417	0.00294	0.00304	0.00554
40	0.00590	0.00502	0.00508	0.00513	0.00675	0.00420	0.00382	0.00714	0.01128	0.01343	0.04947	0.08230	0.75804	0.01276	0.00591	0.00170	0.00254	0.01068	0.00463	0.00420
41	0.01215	0.01157	0.03667	0.16822	0.49626	0.01188	0.01383	0.07308	0.07931	0.01724	0.02505	0.01345	0.00904	0.00497	0.00497	0.00154	0.00582	0.00461	0.00289	0.00744
42	0.01109	0.05446	0.34658	0.10290	0.16676	0.01201	0.05771	0.03520	0.11093	0.01641	0.01087	0.02340	0.00837	0.00511	0.00485	0.00156	0.00637	0.00441	0.01379	0.00720
43	0.00690	0.00509	0.00644	0.00611	0.00735	0.00464	0.00458	0.00910	0.01374	0.01911	0.69099	0.03868	0.14769	0.01052	0.00588	0.00158	0.00237	0.00922	0.00537	0.00464
44	0.00691	0.00529	0.00676	0.00699	0.02916	0.00502	0.00504	0.00871	0.01171	0.01578	0.34350	0.06703	0.24190	0.05885	0.12450	0.00277	0.00438	0.04664	0.00454	0.00450
45	0.00714	0.00525	0.00754	0.00754	0.00826	0.00597	0.00564	0.00860	0.00787	0.01122	0.01378	0.02198	0.01350	0.18235	0.66153	0.00743	0.01178	0.00569	0.00273	0.00419
46	0.00767	0.00586	0.00843	0.07355	0.05674	0.00594	0.00741	0.00961	0.01083	0.01439	0.09137	0.24690	0.05391	0.02948	0.04159	0.00234	0.00451	0.32053	0.00425	0.00468
47	0.01756	0.11963	0.01642	0.04143	0.01574	0.01584	0.00957	0.62094	0.02061	0.02743	0.01099	0.01146	0.00807	0.00582	0.00517	0.00147	0.03520	0.00424	0.00441	0.00798
48	0.01297	0.63716	0.10520	0.00942	0.01379	0.05289	0.00957	0.01501	0.01027	0.01241	0.00726	0.00853	0.00644	0.00449	0.00392	0.00115	0.03532	0.00287	0.00219	0.04913
49	0.01203	0.01219	0.04991	0.04290	0.71687	0.01165	0.02977	0.01509	0.01130	0.01613	0.01036	0.01317	0.02675	0.00466	0.00497	0.00150	0.00596	0.00459	0.00250	0.00772
50	0.01074	0.01087	0.01128	0.01121	0.05507	0.18847	0.00826	0.01231	0.00964	0.01229	0.01133	0.05543	0.01074	0.02087	0.36794	0.00454	0.16529	0.00505	0.02357	0.00512
51	0.03038	0.00923	0.01258	0.01175	0.08670	0.00993	0.02191	0.06258	0.03838	0.22420	0.07213	0.08021	0.01414	0.02276	0.00817	0.00173	0.20101	0.00567	0.01670	0.06982

[dist]
# distance from previous block
# <min> <max>
0	2

[block]
# block no. 5 follows, 50 sequences, length 19
# corresponding to MSA columns:
# 500-518
name=unknown_F
#
# <colnr> <probs for GDERKNQSTAVLIFYWHMCP>
#	G	D	E	R	K	N	Q	S	T	A	V	L	I	F	Y	W	H	M	C	P
0	0.01370	0.34471	0.11859	0.01239	0.05780	0.05739	0.06278	0.03643	0.01094	0.09304	0.00894	0.01047	0.00723	0.00535	0.00614	0.00145	0.13955	0.00371	0.00269	0.00670
1	0.01249	0.04470	0.01728	0.07669	0.35151	0.02440	0.06183	0.11590	0.10810	0.01806	0.03540	0.01513	0.01062	0.00764	0.06145	0.00199	0.00625	0.02009	0.00324	0.00722
2	0.01119	0.12221	0.05207	0.00944	0.06629	0.02088	0.00740	0.01365	0.03715	0.08160	0.07403	0.04219	0.09442	0.00643	0.00490	0.02739	0.00417	0.00497	0.00350	0.31614
3	0.02709	0.03498	0.42326	0.02658	0.08679	0.01094	0.01378	0.06465	0.05153	0.08022	0.01475	0.01558	0.08638	0.00643	0.01871	0.00169	0.02173	0.00471	0.00309	0.00711
4	0.00994	0.00759	0.00899	0.00861	0.01040	0.00827	0.00678	0.03932	0.28226	0.04147	0.06166	0.03040	0.06724	0.09243	0.14385	0.00318	0.00565	0.16177	0.00439	0.00580
5	0.00971	0.00966	0.05148	0.05098	0.16392	0.00918	0.09516	0.01471	0.16925	0.01634	0.09196	0.04213	0.16763	0.00978	0.06183	0.00209	0.00534	0.01883	0.00377	0.00623
6	0.02152	0.00851	0.01148	0.00876	0.01266	0.00728	0.00723	0.02346	0.01399	0.74210	0.01890	0.01650	0.01199	0.00599	0.00492	0.00149	0.00420	0.00487	0.00594	0.06821
7	0.02037	0.01168	0.01355	0.01039	0.01432	0.01208	0.00858	0.46430	0.01963	0.34961	0.01517	0.01404	0.01008	0.00606	0.00500	0.00152	0.00497	0.00471	0.00548	0.00848
8	0.01110	0.01053	0.03760	0.44751	0.30941	0.01127	0.03995	0.01433	0.01072	0.04636	0.00953	0.01303	0.00736	0.00480	0.00499	0.00159	0.00636	0.00449	0.00248	0.00660
9	0.00939	0.00854	0.01379	0.39286	0.20681	0.00963	0.01160	0.01212	0.02351	0.01360	0.01406	0.16151	0.03626	0.04071	0.00632	0.00183	0.02235	0.00652	0.00287	0.00572
10	0.00737	0.00532	0.00724	0.00831	0.00926	0.00519	0.00684	0.00921	0.01095	0.01424	0.02826	0.26028	0.07979	0.01419	0.00668	0.00218	0.00400	0.51167	0.00460	0.00442
11	0.00698	0.00472	0.00552	0.00579	0.00585	0.00465	0.00339	0.00718	0.00778	0.01038	0.01844	0.21598	0.02157	0.63676	0.02095	0.00418	0.00438	0.00886	0.00339	0.00326
12	0.01349	0.50592	0.08477	0.01125	0.05258	0.08870	0.03355	0.01609	0.04653	0.03536	0.00834	0.00963	0.00709	0.00488	0.00468	0.00129	0.06352	0.00331	0.00245	0.00656
13	0.01284	0.00722	0.00940	0.03195	0.03487	0.00713	0.00693	0.04922	0.09439	0.24392	0.02148	0.25212	0.02013	0.01034	0.02051	0.00188	0.00408	0.10061	0.06477	0.00622
14	0.02021	0.00841	0.01116	0.00878	0.01227	0.00754	0.00716	0.07544	0.01460	0.64909	0.06204	0.07041	0.01532	0.00700	0.00515	0.00157	0.00414	0.00580	0.00595	0.00798
15	0.70708	0.01053	0.00908	0.03359	0.07251	0.04670	0.00673	0.03544	0.00941	0.02138	0.00736	0.00873	0.00576	0.00468	0.00340	0.00153	0.00438	0.00296	0.00304	0.00570
16	0.00655	0.00508	0.00596	0.00574	0.00713	0.00449	0.00430	0.00842	0.01291	0.01714	0.46734	0.04193	0.37257	0.01125	0.00588	0.00162	0.00243	0.00967	0.00511	0.00449
17	0.01171	0.03873	0.14678	0.03237	0.25718	0.03388	0.02576	0.05497	0.21645	0.01750	0.01644	0.02841	0.08572	0.00615	0.00501	0.00157	0.00538	0.00530	0.00345	0.00725
18	0.00781	0.00590	0.00807	0.00777	0.00868	0.00664	0.00591	0.00932	0.00840	0.01244	0.01419	0.09149	0.01406	0.11558	0.44569	0.00546	0.08729	0.00603	0.07918	0.06008

[dist]
# distance from previous block
# <min> <max>
0	74

# created by:
# /home/cegg/simao/soft/augustus-3.2.1/scripts/msa2prfl.pl ./align_prep/EOG091G0JEC.fa
