[name]
unknown

[dist]
# distance from previous block
# <min> <max>
8	120

[block]
# block no. 0 follows, 45 sequences, length 7
# corresponding to MSA columns:
# 316-322
name=unknown_A
#
# <colnr> <probs for GDERKNQSTAVLIFYWHMCP>
#	G	D	E	R	K	N	Q	S	T	A	V	L	I	F	Y	W	H	M	C	P
0	0.20721	0.01118	0.02878	0.03889	0.04846	0.02982	0.00827	0.14515	0.12415	0.09908	0.06301	0.01758	0.01342	0.04650	0.00597	0.00181	0.00485	0.02292	0.02697	0.05599
1	0.07411	0.16546	0.09195	0.01134	0.07749	0.03053	0.02738	0.04982	0.01185	0.01660	0.05484	0.27798	0.04759	0.00955	0.00535	0.00172	0.00486	0.00816	0.02733	0.00609
2	0.08063	0.04836	0.03731	0.00770	0.01043	0.00778	0.00627	0.05289	0.01206	0.01783	0.11385	0.11875	0.12581	0.05927	0.02544	0.00190	0.00416	0.02497	0.03875	0.20583
3	0.18159	0.08552	0.07551	0.04058	0.07584	0.06841	0.02590	0.05070	0.08173	0.04336	0.01249	0.08976	0.01096	0.00646	0.00503	0.00157	0.02531	0.00507	0.00352	0.11069
4	0.03833	0.00691	0.03580	0.00755	0.00914	0.00616	0.00576	0.01086	0.08494	0.01609	0.11638	0.32942	0.19031	0.04776	0.03504	0.00228	0.00381	0.01089	0.00476	0.03781
5	0.05775	0.03714	0.03698	0.06964	0.20580	0.02637	0.12438	0.06117	0.01198	0.01695	0.01533	0.05839	0.06704	0.09302	0.03595	0.00232	0.03358	0.00617	0.03353	0.00652
6	0.00969	0.00801	0.01081	0.01002	0.01063	0.00994	0.00783	0.04617	0.00968	0.01423	0.01481	0.15496	0.01535	0.08709	0.22311	0.00414	0.28687	0.00711	0.06435	0.00519

[dist]
# distance from previous block
# <min> <max>
7	20

[block]
# block no. 1 follows, 45 sequences, length 35
# corresponding to MSA columns:
# 348-368,377-382,408-410,417-421
name=unknown_B
#
# <colnr> <probs for GDERKNQSTAVLIFYWHMCP>
#	G	D	E	R	K	N	Q	S	T	A	V	L	I	F	Y	W	H	M	C	P
0	0.05153	0.11259	0.31956	0.01277	0.05100	0.06689	0.01288	0.08299	0.04368	0.01811	0.02691	0.03193	0.03602	0.03418	0.00590	0.00172	0.02275	0.00477	0.05669	0.00711
1	0.06429	0.09007	0.18265	0.03820	0.07912	0.18204	0.04734	0.05160	0.08561	0.01723	0.01265	0.04667	0.02645	0.00622	0.00504	0.00160	0.00685	0.02160	0.00320	0.03156
2	0.01244	0.14007	0.02898	0.00989	0.04063	0.17290	0.00764	0.05288	0.04425	0.03392	0.02635	0.09206	0.25613	0.03023	0.00592	0.00170	0.00527	0.00731	0.02546	0.00596
3	0.00698	0.00618	0.03593	0.03263	0.00928	0.00520	0.00567	0.00867	0.01180	0.01531	0.14960	0.30808	0.31441	0.01470	0.03440	0.00217	0.00363	0.02576	0.00486	0.00475
4	0.01400	0.01127	0.05616	0.05175	0.08111	0.02489	0.00941	0.23322	0.03460	0.08858	0.04850	0.17104	0.04342	0.03639	0.00683	0.00188	0.03344	0.00738	0.03910	0.00704
5	0.01276	0.01411	0.14749	0.05121	0.28404	0.01171	0.08966	0.04617	0.08254	0.06593	0.01561	0.07290	0.05110	0.00667	0.00583	0.00174	0.02332	0.00605	0.00348	0.00768
6	0.02044	0.01117	0.01300	0.01050	0.01429	0.03727	0.00854	0.15442	0.18414	0.43209	0.01966	0.01875	0.01358	0.00697	0.00545	0.00170	0.00492	0.02839	0.00597	0.00876
7	0.01086	0.08846	0.35250	0.01090	0.01576	0.01015	0.01207	0.01484	0.02919	0.07389	0.09078	0.06348	0.12885	0.04070	0.00625	0.00181	0.00561	0.00639	0.00364	0.03390
8	0.04336	0.03159	0.11024	0.06091	0.10554	0.05347	0.02748	0.19786	0.06061	0.15208	0.01423	0.04524	0.01108	0.01851	0.00597	0.00175	0.02647	0.02146	0.00426	0.00789
9	0.01568	0.05248	0.09446	0.01507	0.04505	0.09808	0.19009	0.21672	0.03228	0.07154	0.01356	0.05909	0.01107	0.00650	0.00554	0.00168	0.00688	0.03119	0.02543	0.00759
10	0.07928	0.01241	0.01594	0.09461	0.05675	0.06692	0.02583	0.04232	0.01003	0.01518	0.00811	0.01199	0.00728	0.00785	0.01272	0.00207	0.49823	0.00453	0.02177	0.00617
11	0.01896	0.01408	0.01508	0.01184	0.01581	0.01561	0.00968	0.63840	0.10461	0.03165	0.01444	0.03478	0.01075	0.00680	0.00537	0.00164	0.00555	0.00525	0.03090	0.00881
12	0.01435	0.81458	0.02813	0.00918	0.01378	0.02124	0.00918	0.01607	0.01091	0.01263	0.00746	0.00861	0.00689	0.00459	0.00344	0.00115	0.00574	0.00287	0.00230	0.00689
13	0.00658	0.00470	0.00626	0.00745	0.00779	0.00438	0.00499	0.00757	0.01045	0.01398	0.05557	0.78109	0.03603	0.01661	0.00683	0.00216	0.00309	0.01507	0.00502	0.00438
14	0.00685	0.00636	0.03282	0.00719	0.03707	0.00511	0.00527	0.00844	0.01205	0.01493	0.08386	0.16402	0.57041	0.01333	0.00634	0.00185	0.00309	0.01135	0.00485	0.00480
15	0.01509	0.01108	0.01260	0.00960	0.01389	0.01041	0.00775	0.21231	0.10607	0.10204	0.03161	0.01410	0.01086	0.00547	0.00472	0.00124	0.00454	0.00435	0.00445	0.41781
16	0.63063	0.01106	0.01018	0.00914	0.03909	0.03055	0.02522	0.06146	0.01118	0.11506	0.00964	0.01044	0.00709	0.00526	0.00387	0.00165	0.00464	0.00348	0.00379	0.00655
17	0.00957	0.00759	0.01102	0.04922	0.18001	0.00742	0.00819	0.01262	0.04245	0.04278	0.44344	0.05827	0.08707	0.00945	0.00602	0.00170	0.00376	0.00842	0.00494	0.00606
18	0.00767	0.00575	0.00863	0.00863	0.00959	0.00671	0.00671	0.00959	0.00863	0.01246	0.01438	0.02109	0.01342	0.04026	0.79008	0.00863	0.01438	0.00575	0.00288	0.00479
19	0.01077	0.02777	0.78354	0.01530	0.02323	0.01247	0.01983	0.01700	0.01133	0.01700	0.00963	0.01133	0.00680	0.00510	0.00510	0.00170	0.00793	0.00397	0.00227	0.00793
20	0.84927	0.01038	0.00789	0.00706	0.01038	0.01204	0.00581	0.01578	0.00914	0.02408	0.00747	0.00872	0.00581	0.00498	0.00332	0.00166	0.00415	0.00291	0.00332	0.00581
21	0.84927	0.01038	0.00789	0.00706	0.01038	0.01204	0.00581	0.01578	0.00914	0.02408	0.00747	0.00872	0.00581	0.00498	0.00332	0.00166	0.00415	0.00291	0.00332	0.00581
22	0.00789	0.00511	0.00670	0.00753	0.00809	0.00480	0.00516	0.00886	0.01037	0.05881	0.02728	0.60692	0.03170	0.12482	0.00960	0.00258	0.00360	0.06080	0.00484	0.00453
23	0.01311	0.01257	0.02147	0.07605	0.73615	0.01271	0.01639	0.01632	0.01214	0.01732	0.01007	0.01334	0.00843	0.00482	0.00532	0.00161	0.00642	0.00478	0.00264	0.00836
24	0.00677	0.00545	0.00603	0.00589	0.00751	0.00471	0.00441	0.00853	0.01324	0.01689	0.29980	0.04772	0.52877	0.01270	0.00634	0.00177	0.00266	0.01078	0.00530	0.00471
25	0.00932	0.00466	0.00699	0.00699	0.00699	0.00466	0.00466	0.00699	0.00699	0.00932	0.00932	0.01632	0.00932	0.01865	0.02098	0.84382	0.00466	0.00466	0.00233	0.00233
26	0.01077	0.02777	0.78354	0.01530	0.02323	0.01247	0.01983	0.01700	0.01133	0.01700	0.00963	0.01133	0.00680	0.00510	0.00510	0.00170	0.00793	0.00397	0.00227	0.00793
27	0.04463	0.00522	0.00512	0.00509	0.00642	0.00529	0.00384	0.01264	0.01117	0.02018	0.01710	0.01955	0.01343	0.00620	0.00373	0.00127	0.00257	0.00492	0.80659	0.00504
28	0.01406	0.01156	0.01226	0.01086	0.01397	0.01324	0.00849	0.07619	0.68171	0.04535	0.02115	0.01951	0.01576	0.00719	0.00542	0.00179	0.00433	0.00595	0.02274	0.00848
29	0.00854	0.02512	0.05859	0.02991	0.02723	0.00763	0.03247	0.01013	0.00948	0.01312	0.06645	0.07919	0.04523	0.29595	0.21332	0.00475	0.05755	0.00730	0.00332	0.00474
30	0.01435	0.81458	0.02813	0.00918	0.01378	0.02124	0.00918	0.01607	0.01091	0.01263	0.00746	0.00861	0.00689	0.00459	0.00344	0.00115	0.00574	0.00287	0.00230	0.00689
31	0.00653	0.00470	0.00620	0.00741	0.00777	0.00437	0.00495	0.00748	0.01034	0.01373	0.03042	0.78233	0.06048	0.01671	0.00683	0.00217	0.00310	0.01513	0.00498	0.00437
32	0.08034	0.00702	0.02772	0.00775	0.00967	0.00628	0.00600	0.02807	0.01227	0.16453	0.09701	0.34235	0.12079	0.01194	0.00597	0.00189	0.00356	0.02143	0.03968	0.00572
33	0.03455	0.17656	0.21121	0.02766	0.06345	0.09605	0.08653	0.04137	0.04517	0.04942	0.01247	0.02986	0.02610	0.00606	0.00525	0.00160	0.02329	0.03161	0.02461	0.00717
34	0.00789	0.00597	0.00882	0.00862	0.00950	0.00678	0.02057	0.00952	0.00888	0.01266	0.04204	0.05807	0.01599	0.11620	0.59211	0.02540	0.03678	0.00649	0.00309	0.00465

[dist]
# distance from previous block
# <min> <max>
4	10

[block]
# block no. 2 follows, 45 sequences, length 26
# corresponding to MSA columns:
# 434-459
name=unknown_C
#
# <colnr> <probs for GDERKNQSTAVLIFYWHMCP>
#	G	D	E	R	K	N	Q	S	T	A	V	L	I	F	Y	W	H	M	C	P
0	0.01324	0.16836	0.12665	0.02476	0.06911	0.06513	0.10014	0.05185	0.07221	0.05440	0.02408	0.06486	0.04076	0.02488	0.00557	0.00163	0.00609	0.00548	0.02617	0.05462
1	0.00789	0.00543	0.00675	0.00743	0.03628	0.00533	0.00446	0.00824	0.00889	0.01185	0.04014	0.16211	0.05106	0.50993	0.02045	0.05993	0.00469	0.04173	0.00366	0.00375
2	0.06743	0.03734	0.08875	0.09095	0.10129	0.03234	0.05081	0.11228	0.10159	0.16458	0.02581	0.03774	0.01181	0.00656	0.00561	0.00172	0.02456	0.02689	0.00422	0.00773
3	0.31206	0.15651	0.09950	0.01103	0.03331	0.16569	0.02336	0.08804	0.01261	0.01970	0.00878	0.01009	0.00696	0.00519	0.00415	0.00151	0.00619	0.00347	0.02516	0.00670
4	0.01363	0.04303	0.02069	0.04967	0.61504	0.01252	0.03113	0.03611	0.01259	0.05643	0.01206	0.03818	0.02393	0.00545	0.00534	0.00161	0.00616	0.00522	0.00303	0.00819
5	0.01335	0.05401	0.01514	0.17608	0.15537	0.01133	0.02865	0.11156	0.07163	0.09240	0.01657	0.05701	0.05650	0.04188	0.02671	0.00200	0.00573	0.00594	0.05108	0.00705
6	0.00743	0.00548	0.00694	0.00658	0.00792	0.00499	0.00493	0.00981	0.01480	0.02059	0.67858	0.04164	0.14769	0.01132	0.00633	0.00170	0.00256	0.00992	0.00579	0.00499
7	0.00680	0.00476	0.00629	0.00748	0.00788	0.00448	0.00511	0.00788	0.01042	0.01410	0.02899	0.73629	0.03431	0.01625	0.00674	0.00215	0.00318	0.05049	0.04197	0.00442
8	0.01404	0.74608	0.09389	0.00972	0.01460	0.02048	0.01011	0.01615	0.01094	0.01301	0.00765	0.00885	0.00688	0.00464	0.00359	0.00120	0.00593	0.00297	0.00229	0.00698
9	0.00654	0.00467	0.00623	0.00747	0.00779	0.00436	0.00498	0.00747	0.01028	0.01370	0.02959	0.80785	0.03550	0.01682	0.00685	0.00218	0.00311	0.01526	0.00498	0.00436
10	0.84927	0.01038	0.00789	0.00706	0.01038	0.01204	0.00581	0.01578	0.00914	0.02408	0.00747	0.00872	0.00581	0.00498	0.00332	0.00166	0.00415	0.00291	0.00332	0.00581
11	0.01001	0.00500	0.00500	0.00500	0.00625	0.00500	0.00375	0.01251	0.01126	0.02001	0.01751	0.02001	0.01376	0.00625	0.00375	0.00125	0.00250	0.00500	0.84115	0.00500
12	0.81260	0.01059	0.00825	0.00729	0.01066	0.01225	0.00601	0.04870	0.00985	0.02452	0.00771	0.00890	0.00596	0.00505	0.00341	0.00166	0.00423	0.00299	0.00341	0.00596
13	0.02119	0.00995	0.01254	0.00988	0.01369	0.00949	0.00811	0.15972	0.05332	0.52460	0.06185	0.01988	0.01529	0.00711	0.00547	0.00168	0.00465	0.02748	0.02543	0.00866
14	0.84927	0.01038	0.00789	0.00706	0.01038	0.01204	0.00581	0.01578	0.00914	0.02408	0.00747	0.00872	0.00581	0.00498	0.00332	0.00166	0.00415	0.00291	0.00332	0.00581
15	0.00655	0.00493	0.00602	0.00682	0.00758	0.00446	0.00468	0.00763	0.01091	0.01407	0.05892	0.54603	0.24661	0.03918	0.00730	0.00215	0.00305	0.01375	0.00496	0.00440
16	0.00741	0.00536	0.00677	0.00725	0.00830	0.00476	0.00506	0.00866	0.01107	0.03336	0.08113	0.56739	0.13163	0.01463	0.00646	0.00197	0.00313	0.01307	0.00493	0.07766
17	0.84927	0.01038	0.00789	0.00706	0.01038	0.01204	0.00581	0.01578	0.00914	0.02408	0.00747	0.00872	0.00581	0.00498	0.00332	0.00166	0.00415	0.00291	0.00332	0.00581
18	0.00650	0.00527	0.00578	0.00612	0.00752	0.00455	0.00447	0.00782	0.01182	0.01454	0.06699	0.24284	0.54617	0.01438	0.00650	0.00192	0.00288	0.03439	0.00501	0.00452
19	0.00778	0.00613	0.01930	0.00807	0.00899	0.00613	0.00609	0.00978	0.03953	0.01507	0.15154	0.29705	0.07539	0.06019	0.14434	0.02812	0.04424	0.06304	0.00445	0.00477
20	0.02260	0.00934	0.01221	0.00949	0.01343	0.00846	0.00780	0.07541	0.03819	0.65865	0.02039	0.01807	0.01313	0.00662	0.00529	0.00164	0.00452	0.00535	0.06056	0.00885
21	0.00855	0.00553	0.00713	0.00763	0.00845	0.00534	0.00542	0.02580	0.01086	0.06388	0.04452	0.44008	0.05092	0.14063	0.05361	0.00295	0.00437	0.08452	0.02509	0.00472
22	0.01110	0.01065	0.04501	0.13800	0.29773	0.03018	0.05810	0.01379	0.01156	0.03873	0.01687	0.18265	0.04445	0.03082	0.02539	0.00206	0.00605	0.02685	0.00338	0.00664
23	0.11868	0.01215	0.05285	0.11054	0.19025	0.06655	0.05271	0.03499	0.01153	0.02819	0.01269	0.10740	0.01178	0.00727	0.00656	0.00178	0.09206	0.02550	0.04996	0.00656
24	0.62622	0.01208	0.02542	0.02529	0.10792	0.05599	0.00805	0.05272	0.01072	0.02281	0.00819	0.00970	0.00642	0.00507	0.00383	0.00164	0.00495	0.00332	0.00327	0.00638
25	0.02344	0.01017	0.01310	0.01004	0.01422	0.00942	0.00829	0.15477	0.01709	0.65053	0.01972	0.01733	0.01256	0.00661	0.00539	0.00165	0.00480	0.00530	0.00642	0.00913

[dist]
# distance from previous block
# <min> <max>
0	1

[block]
# block no. 3 follows, 45 sequences, length 26
# corresponding to MSA columns:
# 461-464,468-470,480,481,491-507
name=unknown_D
#
# <colnr> <probs for GDERKNQSTAVLIFYWHMCP>
#	G	D	E	R	K	N	Q	S	T	A	V	L	I	F	Y	W	H	M	C	P
0	0.01332	0.01543	0.17743	0.06849	0.16321	0.05142	0.06409	0.13870	0.06030	0.03351	0.06319	0.01722	0.04787	0.00627	0.00536	0.00165	0.00622	0.00539	0.05344	0.00751
1	0.00762	0.00568	0.00711	0.00672	0.00812	0.00527	0.00505	0.01042	0.04002	0.02062	0.65367	0.04097	0.14622	0.01120	0.00630	0.00171	0.00261	0.00980	0.00577	0.00511
2	0.01186	0.07402	0.01461	0.01152	0.01260	0.01383	0.00955	0.01488	0.09093	0.03864	0.07342	0.01603	0.01268	0.00933	0.03314	0.00217	0.45796	0.00519	0.09148	0.00615
3	0.00770	0.00516	0.00589	0.00599	0.00601	0.00513	0.00340	0.00778	0.00801	0.01068	0.01796	0.09876	0.02083	0.74592	0.02564	0.00496	0.00503	0.00842	0.00340	0.00334
4	0.01260	0.01427	0.03053	0.02198	0.02700	0.01379	0.70217	0.01687	0.01233	0.01687	0.01057	0.01427	0.00806	0.00489	0.00718	0.00185	0.06870	0.00621	0.00269	0.00714
5	0.01435	0.81458	0.02813	0.00918	0.01378	0.02124	0.00918	0.01607	0.01091	0.01263	0.00746	0.00861	0.00689	0.00459	0.00344	0.00115	0.00574	0.00287	0.00230	0.00689
6	0.00764	0.00569	0.00840	0.00844	0.00932	0.00655	0.00646	0.00942	0.00863	0.01238	0.01498	0.04570	0.01443	0.08299	0.72339	0.00824	0.01352	0.00615	0.00296	0.00469
7	0.02005	0.02558	0.01521	0.01383	0.01659	0.78980	0.01037	0.02143	0.01521	0.01314	0.00830	0.00968	0.00691	0.00553	0.00484	0.00138	0.00968	0.00346	0.00277	0.00622
8	0.07010	0.03433	0.05450	0.05068	0.14659	0.01330	0.01084	0.32613	0.03823	0.11120	0.02907	0.01591	0.03603	0.03208	0.00593	0.00175	0.00564	0.00511	0.00448	0.00811
9	0.02967	0.18060	0.36082	0.01212	0.01767	0.01372	0.01345	0.04421	0.13875	0.01765	0.01335	0.02894	0.02849	0.00608	0.00488	0.00159	0.00621	0.02807	0.00319	0.05054
10	0.00755	0.00548	0.00711	0.00670	0.00799	0.00504	0.00503	0.01003	0.01508	0.02124	0.74600	0.04056	0.07986	0.01108	0.00633	0.00169	0.00254	0.00977	0.00587	0.00504
11	0.00645	0.00515	0.00579	0.00625	0.00748	0.00448	0.00445	0.00768	0.01157	0.01439	0.06433	0.33963	0.47399	0.01475	0.00654	0.00195	0.00286	0.01278	0.00501	0.00448
12	0.01223	0.12846	0.39728	0.08729	0.08006	0.03611	0.09532	0.03751	0.04547	0.01677	0.01009	0.01210	0.00761	0.00512	0.00506	0.00163	0.00740	0.00431	0.00260	0.00759
13	0.01207	0.01514	0.21201	0.03112	0.07960	0.04596	0.07335	0.06202	0.05083	0.05301	0.01355	0.09138	0.01189	0.01258	0.13447	0.00292	0.08197	0.00590	0.00330	0.00692
14	0.00829	0.00570	0.00702	0.00703	0.00827	0.00535	0.00515	0.02946	0.01254	0.05085	0.24058	0.22542	0.19009	0.07977	0.03968	0.00242	0.00370	0.04580	0.02796	0.00490
15	0.01335	0.01153	0.01214	0.01092	0.01396	0.01335	0.00850	0.02852	0.76817	0.02245	0.02185	0.02003	0.01639	0.00728	0.00546	0.00182	0.00425	0.00607	0.00546	0.00850
16	0.00849	0.00616	0.00707	0.00700	0.00856	0.00578	0.00520	0.03126	0.05807	0.05511	0.10227	0.18312	0.35209	0.07931	0.02367	0.00231	0.00361	0.05084	0.00500	0.00507
17	0.01094	0.00935	0.01125	0.03074	0.03649	0.00752	0.00684	0.01380	0.04165	0.01740	0.03181	0.03584	0.01055	0.02612	0.00488	0.00107	0.00412	0.00404	0.00336	0.69222
18	0.02008	0.02471	0.01529	0.01371	0.01660	0.72613	0.01036	0.08226	0.01604	0.01484	0.00868	0.00994	0.00710	0.00561	0.00488	0.00140	0.00937	0.00357	0.00298	0.00646
19	0.00900	0.00597	0.00758	0.00718	0.00865	0.00569	0.00543	0.01182	0.04853	0.07086	0.48180	0.07802	0.08657	0.03097	0.05220	0.00221	0.00361	0.03006	0.04848	0.00536
20	0.00930	0.02977	0.01204	0.01150	0.06762	0.00801	0.08901	0.04747	0.03169	0.01656	0.11505	0.25859	0.09319	0.03394	0.06833	0.00255	0.02358	0.07185	0.00436	0.00558
21	0.00927	0.00610	0.00907	0.00885	0.01016	0.00562	0.06738	0.01079	0.01138	0.10412	0.05307	0.55847	0.05495	0.01394	0.00652	0.00204	0.00376	0.02859	0.03070	0.00522
22	0.01939	0.02364	0.01482	0.01338	0.01615	0.68577	0.01008	0.08154	0.01578	0.01487	0.00977	0.05096	0.00857	0.00619	0.00499	0.00144	0.00903	0.00418	0.00309	0.00637
23	0.03981	0.00872	0.00979	0.04946	0.03306	0.03005	0.01881	0.11345	0.11684	0.04073	0.06148	0.10327	0.10313	0.02401	0.00563	0.00171	0.00409	0.00709	0.22262	0.00623
24	0.03263	0.07011	0.19572	0.07716	0.03156	0.10543	0.04167	0.10053	0.07378	0.12106	0.01378	0.05142	0.02102	0.00627	0.00516	0.00162	0.00647	0.00505	0.00377	0.03579
25	0.05799	0.09869	0.23993	0.04016	0.11015	0.02389	0.01235	0.07201	0.07981	0.01806	0.01438	0.09978	0.03606	0.02212	0.00551	0.00170	0.00587	0.00565	0.00335	0.05252

[dist]
# distance from previous block
# <min> <max>
0	92

[block]
# block no. 4 follows, 45 sequences, length 16
# corresponding to MSA columns:
# 621-636
name=unknown_E
#
# <colnr> <probs for GDERKNQSTAVLIFYWHMCP>
#	G	D	E	R	K	N	Q	S	T	A	V	L	I	F	Y	W	H	M	C	P
0	0.01083	0.08706	0.04586	0.02580	0.09037	0.03895	0.04007	0.03342	0.01186	0.05839	0.07738	0.24259	0.06264	0.09454	0.00797	0.00210	0.00482	0.00856	0.02276	0.03404
1	0.07401	0.04987	0.10657	0.01329	0.07718	0.08832	0.06958	0.12568	0.06661	0.06895	0.05190	0.04990	0.02966	0.00713	0.01624	0.00173	0.01990	0.00547	0.07087	0.00716
2	0.02656	0.01362	0.05106	0.17291	0.38276	0.07141	0.04634	0.05981	0.04536	0.01749	0.01165	0.01441	0.02984	0.00553	0.00567	0.00167	0.02847	0.00492	0.00295	0.00758
3	0.01074	0.00652	0.00703	0.00666	0.00828	0.00675	0.00500	0.03609	0.12841	0.04898	0.05216	0.05706	0.05284	0.05923	0.02802	0.00191	0.00349	0.00631	0.46884	0.00566
4	0.03566	0.01264	0.06814	0.36411	0.16267	0.03897	0.07336	0.04705	0.05365	0.05856	0.01105	0.01405	0.00833	0.00548	0.00561	0.00173	0.02397	0.00486	0.00301	0.00709
5	0.00771	0.00519	0.00601	0.00609	0.00616	0.00522	0.00353	0.00787	0.00801	0.01073	0.01765	0.08639	0.02030	0.72155	0.06197	0.00516	0.00550	0.00821	0.00335	0.00340
6	0.00763	0.00532	0.00659	0.00667	0.00701	0.00552	0.00430	0.00825	0.00835	0.01131	0.01848	0.07981	0.04817	0.52774	0.22667	0.00579	0.00740	0.00786	0.00333	0.00378
7	0.01991	0.01318	0.01447	0.01121	0.01519	0.01421	0.00923	0.57857	0.02241	0.14179	0.01456	0.01438	0.01020	0.00645	0.00521	0.00158	0.00537	0.00493	0.08841	0.00872
8	0.84927	0.01038	0.00789	0.00706	0.01038	0.01204	0.00581	0.01578	0.00914	0.02408	0.00747	0.00872	0.00581	0.00498	0.00332	0.00166	0.00415	0.00291	0.00332	0.00581
9	0.01365	0.63691	0.16503	0.01133	0.04865	0.01928	0.01143	0.01626	0.01104	0.01364	0.00797	0.00931	0.00694	0.00469	0.00383	0.00127	0.00617	0.00315	0.00231	0.00715
10	0.00932	0.00466	0.00699	0.00699	0.00699	0.00466	0.00466	0.00699	0.00699	0.00932	0.00932	0.01632	0.00932	0.01865	0.02098	0.84382	0.00466	0.00466	0.00233	0.00233
11	0.07819	0.06429	0.13202	0.03191	0.05426	0.03417	0.01079	0.21603	0.08019	0.12384	0.01355	0.04257	0.01045	0.00769	0.02356	0.03815	0.02151	0.00496	0.00419	0.00769
12	0.01621	0.07415	0.13518	0.03301	0.05325	0.07643	0.03235	0.33580	0.04453	0.03672	0.01230	0.03490	0.00957	0.00689	0.01984	0.00174	0.02993	0.00485	0.03445	0.00791
13	0.00777	0.00525	0.00628	0.00638	0.00664	0.00523	0.00399	0.00813	0.00873	0.01169	0.06190	0.07939	0.04932	0.57367	0.06902	0.04440	0.00536	0.03970	0.00357	0.00359
14	0.03438	0.02621	0.04807	0.05449	0.04679	0.02194	0.02911	0.11654	0.04280	0.13716	0.06222	0.16915	0.01775	0.00850	0.00580	0.00172	0.03185	0.00716	0.13161	0.00673
15	0.03265	0.10013	0.10023	0.04880	0.18591	0.09207	0.07781	0.08591	0.03937	0.07102	0.04370	0.01381	0.01024	0.00563	0.00552	0.00157	0.03368	0.00468	0.00337	0.04390

[dist]
# distance from previous block
# <min> <max>
1	72

[block]
# block no. 5 follows, 45 sequences, length 34
# corresponding to MSA columns:
# 709-714,717-740,742-745
name=unknown_F
#
# <colnr> <probs for GDERKNQSTAVLIFYWHMCP>
#	G	D	E	R	K	N	Q	S	T	A	V	L	I	F	Y	W	H	M	C	P
0	0.01267	0.08899	0.12943	0.03442	0.05313	0.05658	0.07460	0.04901	0.08168	0.06171	0.08705	0.06470	0.01563	0.03586	0.00631	0.00174	0.01987	0.02907	0.00377	0.09377
1	0.03290	0.01200	0.03270	0.10021	0.49480	0.01206	0.05197	0.03884	0.05758	0.01776	0.01336	0.06730	0.03256	0.00608	0.00546	0.00169	0.00610	0.00576	0.00311	0.00775
2	0.00778	0.00561	0.00793	0.00793	0.00870	0.00634	0.00589	0.00932	0.00855	0.01231	0.01501	0.02394	0.01469	0.19786	0.60471	0.00766	0.01206	0.00615	0.03308	0.00448
3	0.01435	0.81458	0.02813	0.00918	0.01378	0.02124	0.00918	0.01607	0.01091	0.01263	0.00746	0.00861	0.00689	0.00459	0.00344	0.00115	0.00574	0.00287	0.00230	0.00689
4	0.00724	0.00548	0.00652	0.00672	0.00785	0.00518	0.00487	0.00900	0.03011	0.01505	0.14207	0.18615	0.29107	0.11518	0.08638	0.00298	0.00437	0.04603	0.02319	0.00457
5	0.00634	0.00544	0.00544	0.00544	0.00725	0.00453	0.00408	0.00770	0.01224	0.01450	0.05438	0.05166	0.77569	0.01359	0.00634	0.00181	0.00272	0.01133	0.00498	0.00453
6	0.00685	0.00484	0.00625	0.00713	0.00748	0.00457	0.00469	0.00777	0.01030	0.01384	0.09461	0.60657	0.03414	0.15210	0.01030	0.00265	0.00342	0.01349	0.00477	0.00423
7	0.01455	0.01212	0.01281	0.01117	0.01441	0.01391	0.00879	0.15248	0.64227	0.02438	0.02033	0.01882	0.01516	0.00714	0.00545	0.00179	0.00453	0.00586	0.00545	0.00860
8	0.01999	0.01463	0.01566	0.01206	0.01623	0.01618	0.00994	0.73001	0.02468	0.03328	0.01307	0.01317	0.00931	0.00644	0.00531	0.00160	0.00577	0.00484	0.03887	0.00896
9	0.01077	0.02777	0.78354	0.01530	0.02323	0.01247	0.01983	0.01700	0.01133	0.01700	0.00963	0.01133	0.00680	0.00510	0.00510	0.00170	0.00793	0.00397	0.00227	0.00793
10	0.01335	0.01153	0.01214	0.01092	0.01396	0.01335	0.00850	0.02852	0.76817	0.02245	0.02185	0.02003	0.01639	0.00728	0.00546	0.00182	0.00425	0.00607	0.00546	0.00850
11	0.00641	0.00544	0.00553	0.00550	0.00729	0.00456	0.00413	0.00783	0.01238	0.01485	0.09061	0.05108	0.73924	0.01346	0.00634	0.00181	0.00271	0.01125	0.00503	0.00456
12	0.00767	0.00575	0.00863	0.00863	0.00959	0.00671	0.00671	0.00959	0.00863	0.01246	0.01438	0.02109	0.01342	0.04026	0.79008	0.00863	0.01438	0.00575	0.00288	0.00479
13	0.01919	0.02429	0.04587	0.03574	0.01735	0.67752	0.01081	0.05306	0.04071	0.01451	0.00904	0.01036	0.00733	0.00561	0.00491	0.00143	0.00919	0.00366	0.00294	0.00649
14	0.01221	0.03328	0.01326	0.02751	0.05614	0.00974	0.04349	0.05390	0.16016	0.03446	0.06231	0.01617	0.02654	0.00559	0.00475	0.00126	0.00448	0.00474	0.02438	0.40563
15	0.04932	0.28968	0.14114	0.01229	0.01708	0.10126	0.08883	0.09146	0.01364	0.11550	0.02585	0.01206	0.00888	0.00536	0.00465	0.00147	0.00660	0.00412	0.00336	0.00745
16	0.01517	0.01666	0.01248	0.01146	0.01363	0.40926	0.00876	0.07763	0.01348	0.01487	0.01126	0.01452	0.00974	0.01829	0.29098	0.00404	0.01079	0.00447	0.03663	0.00589
17	0.00904	0.00795	0.01288	0.01136	0.01265	0.00938	0.09874	0.01110	0.00909	0.01316	0.01297	0.04226	0.01220	0.02916	0.51976	0.00637	0.16791	0.00590	0.00282	0.00529
18	0.06879	0.03851	0.11408	0.05305	0.11204	0.06194	0.07162	0.12815	0.01420	0.09000	0.05920	0.04289	0.01190	0.00613	0.00538	0.00158	0.02041	0.00512	0.00374	0.09128
19	0.01577	0.01288	0.04287	0.02405	0.46442	0.02489	0.01372	0.10182	0.03698	0.14773	0.02639	0.01460	0.01025	0.00565	0.00577	0.00164	0.03338	0.00497	0.00375	0.00847
20	0.00658	0.00471	0.00619	0.00735	0.00769	0.00440	0.00489	0.00749	0.01023	0.01359	0.02977	0.75619	0.05541	0.04827	0.00765	0.00229	0.00319	0.01486	0.00491	0.00432
21	0.00916	0.00819	0.01098	0.01032	0.01087	0.01016	0.00808	0.01105	0.04665	0.01376	0.02095	0.26172	0.10588	0.01539	0.09598	0.00289	0.34014	0.00888	0.00367	0.00527
22	0.01567	0.20059	0.11132	0.04146	0.07177	0.17625	0.12717	0.09140	0.01390	0.06592	0.01063	0.03114	0.00853	0.00549	0.00497	0.00152	0.00730	0.00451	0.00313	0.00731
23	0.00894	0.00701	0.00805	0.00777	0.00945	0.00714	0.00581	0.02912	0.20208	0.01923	0.28139	0.18482	0.16364	0.01142	0.00613	0.00183	0.00317	0.00993	0.02728	0.00577
24	0.00741	0.00514	0.00614	0.00659	0.00690	0.00499	0.00421	0.00795	0.00915	0.01205	0.02390	0.26097	0.07503	0.47014	0.01855	0.00390	0.00442	0.06479	0.00399	0.00378
25	0.01337	0.03222	0.08201	0.06029	0.26969	0.02933	0.06845	0.07650	0.04709	0.06874	0.01379	0.05199	0.03244	0.00817	0.04578	0.00207	0.06492	0.00558	0.02010	0.00748
26	0.05088	0.06801	0.09259	0.18207	0.13560	0.05674	0.08419	0.10946	0.01339	0.08272	0.01073	0.01306	0.00813	0.00580	0.00610	0.01661	0.04877	0.00462	0.00323	0.00732
27	0.00992	0.00770	0.01114	0.10685	0.09459	0.00812	0.03348	0.01338	0.09419	0.04674	0.04715	0.33901	0.02287	0.01086	0.00635	0.00191	0.02961	0.03195	0.07829	0.00588
28	0.00657	0.00472	0.00623	0.00738	0.00777	0.00439	0.00495	0.00756	0.01049	0.01397	0.05322	0.75833	0.06146	0.01653	0.00682	0.00215	0.00308	0.01495	0.00501	0.00439
29	0.01641	0.11924	0.03798	0.02119	0.37269	0.04329	0.01279	0.11745	0.03985	0.14914	0.01232	0.01351	0.00935	0.00542	0.00507	0.00155	0.00601	0.00461	0.00374	0.00838
30	0.03101	0.08117	0.09204	0.05254	0.18862	0.02840	0.01096	0.07448	0.01286	0.06405	0.01348	0.01485	0.06102	0.00546	0.00478	0.00136	0.00545	0.00450	0.00336	0.24962
31	0.06758	0.28461	0.05025	0.03726	0.04274	0.24984	0.03168	0.08848	0.05396	0.01671	0.02506	0.01122	0.00854	0.00540	0.00448	0.00142	0.00695	0.00382	0.00306	0.00696
32	0.84927	0.01038	0.00789	0.00706	0.01038	0.01204	0.00581	0.01578	0.00914	0.02408	0.00747	0.00872	0.00581	0.00498	0.00332	0.00166	0.00415	0.00291	0.00332	0.00581
33	0.00970	0.00804	0.01073	0.06235	0.04807	0.02140	0.05018	0.02881	0.11154	0.03089	0.27251	0.07940	0.13748	0.03594	0.02356	0.00204	0.01586	0.02881	0.01684	0.00585

[dist]
# distance from previous block
# <min> <max>
1	25

[block]
# block no. 6 follows, 45 sequences, length 24
# corresponding to MSA columns:
# 771-782,785-796
name=unknown_G
#
# <colnr> <probs for GDERKNQSTAVLIFYWHMCP>
#	G	D	E	R	K	N	Q	S	T	A	V	L	I	F	Y	W	H	M	C	P
0	0.00738	0.00537	0.00732	0.00760	0.00824	0.00574	0.00543	0.00862	0.00899	0.01239	0.02030	0.20647	0.05548	0.20357	0.40527	0.00607	0.00922	0.00865	0.00354	0.00434
1	0.00687	0.00503	0.00640	0.00695	0.00773	0.00462	0.00484	0.00831	0.01192	0.01605	0.25517	0.46046	0.13300	0.03775	0.00723	0.00207	0.00295	0.01289	0.00521	0.00456
2	0.05589	0.00918	0.01228	0.00945	0.01357	0.00805	0.00781	0.02576	0.01512	0.75238	0.02065	0.01790	0.01300	0.00658	0.00532	0.00166	0.00455	0.00530	0.00652	0.00901
3	0.13344	0.01048	0.01223	0.00978	0.01360	0.01055	0.00799	0.14130	0.12356	0.43085	0.03868	0.01697	0.01308	0.00660	0.00515	0.00168	0.00462	0.00518	0.00580	0.00848
4	0.01329	0.01275	0.02179	0.03295	0.77787	0.01275	0.01647	0.01647	0.01222	0.01754	0.01010	0.01329	0.00850	0.00478	0.00531	0.00159	0.00638	0.00478	0.00266	0.00850
5	0.01711	0.01129	0.01287	0.01058	0.01396	0.01215	0.00853	0.25021	0.24479	0.19881	0.05248	0.01992	0.05934	0.00839	0.02761	0.00192	0.03030	0.00595	0.00552	0.00827
6	0.01000	0.00907	0.01275	0.01144	0.01182	0.01200	0.00926	0.01144	0.00879	0.01329	0.04645	0.04428	0.01250	0.04427	0.24492	0.00423	0.46049	0.00571	0.02190	0.00536
7	0.00767	0.00575	0.00863	0.00863	0.00959	0.00671	0.00671	0.00959	0.00863	0.01246	0.01438	0.02109	0.01342	0.04026	0.79008	0.00863	0.01438	0.00575	0.00288	0.00479
8	0.00781	0.00520	0.00585	0.00585	0.00585	0.00520	0.00325	0.00781	0.00781	0.01041	0.01691	0.03513	0.01952	0.81135	0.02732	0.00520	0.00520	0.00781	0.00325	0.00325
9	0.84927	0.01038	0.00789	0.00706	0.01038	0.01204	0.00581	0.01578	0.00914	0.02408	0.00747	0.00872	0.00581	0.00498	0.00332	0.00166	0.00415	0.00291	0.00332	0.00581
10	0.00761	0.00543	0.00706	0.00674	0.00795	0.00502	0.00502	0.01005	0.01480	0.02104	0.71084	0.08280	0.04872	0.01117	0.00629	0.00170	0.00256	0.00988	0.03029	0.00502
11	0.81642	0.01057	0.00822	0.00727	0.01063	0.01222	0.00599	0.04527	0.00977	0.02447	0.00769	0.00889	0.00594	0.00504	0.00340	0.00166	0.00422	0.00298	0.00340	0.00594
12	0.84927	0.01038	0.00789	0.00706	0.01038	0.01204	0.00581	0.01578	0.00914	0.02408	0.00747	0.00872	0.00581	0.00498	0.00332	0.00166	0.00415	0.00291	0.00332	0.00581
13	0.62539	0.01274	0.00987	0.00861	0.01197	0.10284	0.00696	0.10608	0.03751	0.02393	0.00871	0.00971	0.00670	0.00530	0.00382	0.00163	0.00501	0.00331	0.00358	0.00635
14	0.00877	0.00641	0.00778	0.00789	0.00938	0.00630	0.00600	0.01254	0.12564	0.04815	0.20260	0.24232	0.16681	0.01279	0.00646	0.00197	0.00340	0.11403	0.00533	0.00544
15	0.03889	0.01011	0.03746	0.26289	0.04037	0.01160	0.04604	0.03840	0.01034	0.01472	0.01190	0.09454	0.01134	0.06187	0.06821	0.00265	0.20074	0.00602	0.00290	0.02901
16	0.01040	0.11711	0.10372	0.01429	0.01794	0.01097	0.28640	0.01343	0.01147	0.01534	0.01751	0.28406	0.01824	0.00928	0.00605	0.00187	0.00628	0.04599	0.00349	0.00618
17	0.00780	0.00523	0.00597	0.00597	0.00600	0.00526	0.00339	0.00788	0.00784	0.01049	0.01681	0.03456	0.01927	0.78034	0.05799	0.00534	0.00557	0.00772	0.00324	0.00331
18	0.01138	0.01978	0.40799	0.01572	0.04451	0.01195	0.17469	0.03943	0.08079	0.01817	0.04043	0.01653	0.05446	0.00594	0.00548	0.00172	0.00706	0.00538	0.03110	0.00749
19	0.01420	0.09898	0.14187	0.03469	0.24215	0.07597	0.14123	0.10322	0.06220	0.01866	0.01080	0.01282	0.00843	0.00519	0.00524	0.00161	0.00710	0.00471	0.00306	0.00788
20	0.00894	0.00693	0.03137	0.00782	0.00866	0.02943	0.00561	0.01017	0.02372	0.05486	0.04070	0.31264	0.02454	0.30550	0.05517	0.00354	0.03165	0.03005	0.00413	0.00457
21	0.00704	0.00527	0.00626	0.00637	0.00762	0.00472	0.00464	0.00882	0.01292	0.01732	0.32748	0.20821	0.29912	0.01293	0.00633	0.00182	0.00272	0.01125	0.04444	0.00472
22	0.01225	0.04837	0.31447	0.10866	0.10704	0.06022	0.06848	0.01669	0.03745	0.06292	0.01361	0.08334	0.03013	0.00647	0.00538	0.00171	0.00689	0.00559	0.00307	0.00726
23	0.02851	0.04565	0.28999	0.04443	0.14605	0.07641	0.15727	0.03864	0.02746	0.03133	0.01139	0.03768	0.00925	0.00569	0.00541	0.00170	0.00744	0.02533	0.00287	0.00749

[dist]
# distance from previous block
# <min> <max>
0	1

[block]
# block no. 7 follows, 45 sequences, length 24
# corresponding to MSA columns:
# 798-803,815-832
name=unknown_H
#
# <colnr> <probs for GDERKNQSTAVLIFYWHMCP>
#	G	D	E	R	K	N	Q	S	T	A	V	L	I	F	Y	W	H	M	C	P
0	0.29743	0.08102	0.09045	0.01255	0.07687	0.19903	0.01007	0.11558	0.01352	0.04509	0.00925	0.01043	0.00716	0.00532	0.00437	0.00155	0.00640	0.00363	0.00332	0.00697
1	0.01027	0.00806	0.00960	0.08134	0.04313	0.04796	0.00711	0.02912	0.08351	0.05598	0.31011	0.08286	0.09260	0.03850	0.03416	0.00208	0.00438	0.00816	0.04531	0.00578
2	0.00783	0.00509	0.00602	0.00616	0.00619	0.00505	0.00360	0.00768	0.00799	0.01065	0.01747	0.11785	0.02016	0.63757	0.02438	0.09649	0.00492	0.00828	0.00334	0.00327
3	0.01428	0.15471	0.11578	0.06048	0.05801	0.07456	0.10986	0.14700	0.09507	0.01910	0.01178	0.01395	0.00934	0.03822	0.00613	0.00173	0.02066	0.00473	0.03724	0.00736
4	0.01191	0.00897	0.01051	0.00933	0.01143	0.00978	0.00734	0.12448	0.17567	0.06472	0.17269	0.06458	0.12235	0.04717	0.02276	0.00213	0.08100	0.04164	0.00505	0.00651
5	0.01355	0.07047	0.19739	0.13288	0.17228	0.04581	0.06571	0.12510	0.07227	0.01896	0.01096	0.01303	0.00838	0.00548	0.00550	0.00166	0.02511	0.00462	0.00311	0.00774
6	0.01097	0.00918	0.01070	0.03771	0.04420	0.00992	0.00768	0.08012	0.27096	0.02008	0.14899	0.02969	0.19750	0.00984	0.02021	0.00190	0.04034	0.01959	0.00494	0.02548
7	0.00770	0.00526	0.00656	0.00668	0.00778	0.00484	0.00484	0.00961	0.01298	0.03231	0.37555	0.26612	0.12687	0.01243	0.00620	0.00180	0.00276	0.01096	0.09391	0.00486
8	0.01033	0.00860	0.06099	0.02980	0.12831	0.00767	0.07035	0.01100	0.03958	0.01251	0.01101	0.03437	0.01038	0.06134	0.01546	0.47039	0.00553	0.00526	0.00265	0.00447
9	0.01157	0.10246	0.08032	0.13029	0.18252	0.01194	0.04919	0.04170	0.10276	0.01774	0.10279	0.03621	0.07093	0.00687	0.00534	0.00165	0.00553	0.00600	0.02721	0.00699
10	0.07294	0.01044	0.00980	0.00868	0.01112	0.09021	0.00672	0.14690	0.11973	0.04399	0.09927	0.04936	0.13365	0.03525	0.00596	0.00174	0.00442	0.00670	0.13676	0.00638
11	0.01519	0.25147	0.15342	0.02526	0.03576	0.10026	0.02782	0.13421	0.10066	0.05261	0.01262	0.01328	0.02895	0.00575	0.00473	0.00150	0.00633	0.00433	0.01829	0.00757
12	0.01365	0.09667	0.36494	0.01526	0.04547	0.07632	0.11232	0.07485	0.04679	0.05531	0.01149	0.01290	0.01989	0.00551	0.00546	0.00165	0.02629	0.00452	0.00302	0.00770
13	0.74636	0.05059	0.00947	0.00760	0.01101	0.03602	0.00631	0.04917	0.01012	0.02363	0.00774	0.00893	0.00605	0.00505	0.00346	0.00163	0.00447	0.00301	0.00335	0.00603
14	0.00700	0.00507	0.00655	0.00699	0.00778	0.00469	0.00490	0.00858	0.01233	0.01683	0.33409	0.41810	0.09154	0.04089	0.00729	0.00206	0.00292	0.01248	0.00530	0.00462
15	0.03366	0.01383	0.07349	0.02119	0.25718	0.04518	0.24922	0.03144	0.03648	0.01777	0.01177	0.05125	0.00984	0.00543	0.00544	0.00161	0.00680	0.00551	0.03694	0.08595
16	0.01002	0.00936	0.01575	0.76096	0.03567	0.01168	0.01452	0.01352	0.01063	0.01366	0.00977	0.01463	0.00745	0.00702	0.04261	0.00211	0.00750	0.00482	0.00241	0.00591
17	0.03677	0.01791	0.35082	0.03869	0.01743	0.03856	0.01328	0.07386	0.01196	0.03296	0.02945	0.01763	0.04437	0.07944	0.00886	0.00209	0.11534	0.02032	0.04353	0.00674
18	0.00664	0.00539	0.00588	0.00588	0.00746	0.00464	0.00436	0.00822	0.01275	0.01600	0.21193	0.10368	0.56196	0.01325	0.00638	0.00181	0.00271	0.01125	0.00519	0.00464
19	0.00710	0.00533	0.00655	0.00695	0.00805	0.00488	0.00516	0.00872	0.01225	0.01606	0.22322	0.25391	0.25423	0.05320	0.00766	0.00214	0.00321	0.11167	0.00513	0.00461
20	0.01308	0.01556	0.20959	0.05075	0.28464	0.01180	0.08655	0.07217	0.01299	0.07387	0.02943	0.05294	0.01088	0.00753	0.04272	0.00202	0.00702	0.00544	0.00325	0.00778
21	0.00696	0.00525	0.00645	0.00717	0.00818	0.00481	0.00531	0.00835	0.01142	0.01461	0.06724	0.36315	0.27683	0.04276	0.00748	0.00220	0.00338	0.14900	0.00495	0.00451
22	0.01380	0.01173	0.02650	0.16502	0.11267	0.03682	0.08170	0.10416	0.17683	0.07889	0.04837	0.05426	0.01350	0.00676	0.00582	0.00174	0.02477	0.00592	0.02329	0.00745
23	0.00949	0.00790	0.01219	0.22874	0.06297	0.00850	0.06494	0.02499	0.00979	0.01314	0.01366	0.04330	0.01376	0.34845	0.06587	0.02226	0.00661	0.00644	0.00297	0.03405

[dist]
# distance from previous block
# <min> <max>
0	21

# created by:
# /home/cegg/simao/soft/augustus-3.2.1/scripts/msa2prfl.pl ./align_prep/EOG091G0J2W.fa
