[name]
unknown

[dist]
# distance from previous block
# <min> <max>
4	34

[block]
# block no. 0 follows, 47 sequences, length 74
# corresponding to MSA columns:
# 221-271,273-295
name=unknown_A
#
# <colnr> <probs for GDERKNQSTAVLIFYWHMCP>
#	G	D	E	R	K	N	Q	S	T	A	V	L	I	F	Y	W	H	M	C	P
0	0.10443	0.32508	0.14780	0.00987	0.01396	0.03577	0.00970	0.10323	0.04103	0.01711	0.01147	0.09377	0.01057	0.03553	0.00511	0.00159	0.00549	0.00477	0.01710	0.00663
1	0.07713	0.21984	0.21880	0.01159	0.01663	0.01551	0.02651	0.29247	0.01575	0.02189	0.01102	0.01181	0.02830	0.00551	0.00457	0.00148	0.00605	0.00405	0.00347	0.00761
2	0.06894	0.33489	0.33595	0.01220	0.01783	0.05849	0.05251	0.03709	0.01134	0.01555	0.00846	0.00991	0.00670	0.00478	0.00426	0.00142	0.00671	0.00348	0.00241	0.00707
3	0.06898	0.17028	0.42237	0.01227	0.01796	0.03022	0.02292	0.01678	0.05246	0.04557	0.01129	0.01480	0.00917	0.00575	0.00473	0.00159	0.00649	0.06242	0.00284	0.02112
4	0.00993	0.11914	0.46478	0.01179	0.01718	0.01105	0.01389	0.01425	0.01156	0.01629	0.12340	0.04420	0.06283	0.00712	0.00518	0.00165	0.00606	0.04992	0.00310	0.00669
5	0.00998	0.03325	0.14388	0.01098	0.01418	0.00902	0.10166	0.01317	0.03437	0.03857	0.17834	0.12838	0.02115	0.03890	0.00730	0.00179	0.07289	0.02022	0.00379	0.11820
6	0.00714	0.00591	0.02802	0.03109	0.00961	0.00523	0.00633	0.00885	0.01123	0.01449	0.05867	0.33520	0.21612	0.01416	0.00658	0.00207	0.00366	0.22634	0.00471	0.00460
7	0.01330	0.01133	0.01198	0.01058	0.01366	0.01294	0.00827	0.07343	0.70049	0.02230	0.02022	0.01868	0.01516	0.00690	0.00524	0.00172	0.00421	0.00571	0.00521	0.03866
8	0.01826	0.01018	0.01233	0.00937	0.01355	0.00930	0.00765	0.15998	0.05658	0.36800	0.01560	0.01471	0.01070	0.00564	0.00481	0.00135	0.00448	0.00451	0.00512	0.26789
9	0.02805	0.01264	0.10715	0.01374	0.01828	0.01034	0.23097	0.04869	0.01372	0.37466	0.04733	0.01622	0.01176	0.00592	0.00591	0.00168	0.03507	0.00544	0.00457	0.00787
10	0.04939	0.03392	0.41651	0.01692	0.09565	0.01258	0.16719	0.05416	0.05619	0.01789	0.01112	0.01290	0.02158	0.00513	0.00516	0.00165	0.00717	0.00461	0.00275	0.00753
11	0.00854	0.00555	0.00720	0.00717	0.00834	0.00516	0.00521	0.03129	0.01307	0.07811	0.38481	0.34426	0.05620	0.01250	0.00625	0.00183	0.00293	0.01113	0.00540	0.00505
12	0.00655	0.00494	0.00598	0.00654	0.00743	0.00447	0.00460	0.00780	0.01118	0.01452	0.14145	0.41070	0.26745	0.05127	0.00735	0.00208	0.00297	0.03351	0.00488	0.00434
13	0.04639	0.05601	0.23758	0.06525	0.11485	0.06771	0.15468	0.03349	0.03451	0.07036	0.02111	0.02874	0.00902	0.00540	0.00530	0.00162	0.01902	0.00479	0.01695	0.00721
14	0.01341	0.03583	0.05208	0.10081	0.26714	0.04057	0.05485	0.06575	0.10266	0.09122	0.01548	0.03891	0.05170	0.02345	0.00576	0.00172	0.00581	0.02184	0.00363	0.00737
15	0.00668	0.00483	0.00627	0.00727	0.00782	0.00453	0.00512	0.00780	0.01037	0.01365	0.04722	0.58985	0.10005	0.05901	0.00774	0.00227	0.00331	0.10718	0.00476	0.00427
16	0.01076	0.02305	0.58144	0.07715	0.02448	0.01226	0.16516	0.01628	0.01120	0.01628	0.00957	0.01182	0.00688	0.00486	0.00520	0.00168	0.00785	0.00436	0.00229	0.00742
17	0.01158	0.04885	0.37909	0.10583	0.02177	0.08915	0.10325	0.01706	0.08477	0.01615	0.03304	0.01460	0.04068	0.00563	0.00515	0.00164	0.00713	0.00476	0.00281	0.00704
18	0.02006	0.00861	0.01129	0.00893	0.01248	0.00776	0.00728	0.05098	0.05202	0.59685	0.11090	0.02158	0.05247	0.00727	0.00539	0.00163	0.00415	0.00600	0.00619	0.00816
19	0.00905	0.00452	0.00678	0.00678	0.00678	0.00452	0.00452	0.00678	0.00678	0.00905	0.00905	0.01583	0.00905	0.01809	0.02035	0.84848	0.00452	0.00452	0.00226	0.00226
20	0.00715	0.00565	0.00794	0.00810	0.00922	0.00527	0.05348	0.00894	0.02729	0.01473	0.09576	0.45591	0.16909	0.01409	0.00652	0.00201	0.00349	0.09594	0.00478	0.00464
21	0.01945	0.02482	0.01476	0.01342	0.01610	0.79608	0.01006	0.02079	0.01476	0.01275	0.00805	0.00939	0.00671	0.00537	0.00470	0.00134	0.00939	0.00335	0.00268	0.00604
22	0.01045	0.02694	0.79000	0.01484	0.02254	0.01209	0.01924	0.01649	0.01099	0.01649	0.00935	0.01099	0.00660	0.00495	0.00495	0.00165	0.00770	0.00385	0.00220	0.00770
23	0.01163	0.01137	0.03996	0.10787	0.56078	0.01114	0.01440	0.01464	0.01165	0.01626	0.01383	0.03711	0.04819	0.00626	0.00542	0.00167	0.00594	0.07160	0.00290	0.00739
24	0.00783	0.00533	0.00640	0.04489	0.00783	0.00541	0.00427	0.02485	0.00887	0.01216	0.01878	0.20661	0.02120	0.51978	0.01885	0.00387	0.00451	0.00879	0.06599	0.00378
25	0.03899	0.01062	0.01289	0.00995	0.01390	0.01042	0.00820	0.26759	0.01777	0.49707	0.01751	0.01588	0.01144	0.00633	0.00513	0.00158	0.00478	0.00499	0.03632	0.00865
26	0.01067	0.00911	0.01066	0.00767	0.01217	0.00687	0.00612	0.01299	0.01095	0.01711	0.03792	0.01184	0.00925	0.00411	0.00394	0.00080	0.00380	0.00332	0.00318	0.81750
27	0.01144	0.14225	0.61479	0.01417	0.02108	0.04939	0.04500	0.01657	0.01116	0.01571	0.00902	0.01065	0.00666	0.00487	0.00475	0.00156	0.00750	0.00376	0.00224	0.00745
28	0.00628	0.00480	0.00577	0.00654	0.00737	0.00429	0.00452	0.00733	0.01066	0.01357	0.03739	0.53781	0.30461	0.01519	0.00647	0.00199	0.00288	0.01343	0.00483	0.00429
29	0.00644	0.00460	0.00615	0.00736	0.00770	0.00431	0.00500	0.00741	0.01006	0.01340	0.02865	0.77891	0.03424	0.01623	0.00667	0.00213	0.00310	0.04855	0.00483	0.00426
30	0.01108	0.01534	0.26014	0.01172	0.03426	0.00964	0.05780	0.04359	0.05284	0.01749	0.01104	0.04851	0.00910	0.00509	0.00463	0.00128	0.00548	0.00430	0.00304	0.39363
31	0.01339	0.01233	0.01347	0.01144	0.01331	0.11266	0.00925	0.16669	0.02586	0.01750	0.01021	0.01326	0.00875	0.01217	0.13523	0.00279	0.29147	0.00449	0.04188	0.08384
32	0.01202	0.01320	0.07031	0.15800	0.37925	0.01252	0.22880	0.01569	0.01160	0.01616	0.00982	0.01324	0.00780	0.00478	0.00569	0.00166	0.02452	0.00502	0.00252	0.00740
33	0.08012	0.06151	0.04225	0.01046	0.01389	0.04463	0.02515	0.25374	0.18944	0.05627	0.02825	0.03427	0.02559	0.02989	0.04394	0.00200	0.00556	0.00518	0.01666	0.03120
34	0.01294	0.27160	0.43590	0.01234	0.01846	0.03757	0.01440	0.04394	0.01170	0.06333	0.00946	0.01059	0.00712	0.00492	0.00444	0.00145	0.00672	0.00360	0.00261	0.02690
35	0.00708	0.00596	0.02517	0.00769	0.00887	0.00543	0.01923	0.00868	0.01099	0.01441	0.09228	0.32639	0.23199	0.01602	0.07369	0.00254	0.02791	0.10650	0.00455	0.00461
36	0.00747	0.00553	0.00701	0.00671	0.00798	0.00520	0.00500	0.01031	0.04913	0.01993	0.64476	0.09613	0.09304	0.01106	0.00614	0.00169	0.00259	0.00975	0.00559	0.00498
37	0.01162	0.29253	0.51187	0.01265	0.01917	0.01480	0.01540	0.01609	0.01085	0.01508	0.00864	0.01010	0.00666	0.00475	0.00438	0.00144	0.00687	0.00347	0.00223	0.03138
38	0.00978	0.00518	0.00564	0.00574	0.00698	0.00513	0.00433	0.01228	0.02869	0.04625	0.01933	0.12082	0.01705	0.00790	0.00433	0.00143	0.00276	0.05213	0.63927	0.00500
39	0.00750	0.00542	0.00726	0.00789	0.00892	0.00518	0.00627	0.00953	0.01241	0.01670	0.27152	0.22190	0.07170	0.01356	0.00668	0.00206	0.00354	0.31215	0.00511	0.00469
40	0.00741	0.00546	0.00773	0.00848	0.00938	0.00524	0.02763	0.00916	0.01132	0.01505	0.10297	0.40856	0.04428	0.01462	0.00679	0.00216	0.00381	0.30049	0.00485	0.00460
41	0.16625	0.05368	0.47100	0.01313	0.01911	0.01263	0.06399	0.06638	0.01151	0.01852	0.01016	0.01170	0.02580	0.00528	0.00505	0.00164	0.03029	0.00402	0.00269	0.00717
42	0.01220	0.01378	0.02923	0.02111	0.02585	0.01345	0.68933	0.01626	0.01186	0.01626	0.01016	0.01378	0.00779	0.00487	0.00725	0.00181	0.08953	0.00599	0.00260	0.00689
43	0.00673	0.00533	0.00610	0.00641	0.00770	0.00481	0.00470	0.00863	0.04064	0.01509	0.13774	0.26665	0.40967	0.01358	0.00631	0.00187	0.00288	0.04560	0.00497	0.00458
44	0.02569	0.05559	0.06054	0.01462	0.08788	0.14040	0.12938	0.07222	0.11824	0.09662	0.09469	0.01618	0.01360	0.00622	0.00581	0.00161	0.04443	0.00525	0.00385	0.00717
45	0.01267	0.01248	0.05243	0.01395	0.01561	0.04373	0.10471	0.05079	0.01020	0.06613	0.00921	0.01282	0.00794	0.01022	0.07439	0.00255	0.48634	0.00481	0.00280	0.00625
46	0.00828	0.00591	0.00826	0.00946	0.01061	0.00590	0.00820	0.01060	0.01188	0.01546	0.02763	0.09961	0.03021	0.01449	0.00716	0.00238	0.00470	0.70967	0.00480	0.00476
47	0.01073	0.04914	0.70548	0.01579	0.06365	0.01239	0.03886	0.01644	0.01106	0.01640	0.00934	0.01110	0.00672	0.00490	0.00494	0.00163	0.00758	0.00392	0.00223	0.00768
48	0.01222	0.06274	0.53223	0.04680	0.04910	0.04133	0.03204	0.05849	0.05341	0.04831	0.01050	0.01186	0.00759	0.00517	0.00495	0.00161	0.00716	0.00410	0.00275	0.00765
49	0.01924	0.02450	0.01524	0.01367	0.01643	0.77248	0.03283	0.02067	0.01468	0.01286	0.00812	0.00953	0.00674	0.00534	0.00474	0.00135	0.00937	0.00344	0.00268	0.00607
50	0.00653	0.00490	0.00609	0.00691	0.00773	0.00447	0.00493	0.00775	0.01088	0.01404	0.06737	0.50300	0.23701	0.01505	0.00654	0.00202	0.00306	0.08249	0.00487	0.00436
51	0.03354	0.01326	0.07271	0.13594	0.20652	0.06689	0.13501	0.05816	0.04046	0.12199	0.01244	0.01547	0.00957	0.00558	0.00530	0.00165	0.00655	0.03307	0.01856	0.00735
52	0.01240	0.07097	0.01708	0.35827	0.21351	0.03501	0.01295	0.03370	0.13316	0.04529	0.01161	0.01410	0.00893	0.00538	0.00506	0.00163	0.00615	0.00468	0.00308	0.00704
53	0.01210	0.00628	0.00819	0.00777	0.00955	0.00573	0.00578	0.01410	0.04060	0.25772	0.11539	0.38417	0.07319	0.01185	0.00601	0.00185	0.00341	0.01044	0.01995	0.00593
54	0.01413	0.11652	0.01895	0.06409	0.32445	0.06106	0.04846	0.05603	0.05585	0.07547	0.01090	0.01267	0.00861	0.00495	0.00481	0.00142	0.00592	0.00433	0.00317	0.10820
55	0.02570	0.01205	0.01942	0.11484	0.56850	0.01247	0.02707	0.06949	0.04959	0.01804	0.01044	0.01320	0.00846	0.00492	0.00513	0.00157	0.00610	0.00467	0.00289	0.02545
56	0.34437	0.01407	0.02101	0.00963	0.01267	0.21049	0.00766	0.05803	0.14346	0.05776	0.06443	0.01338	0.01122	0.00591	0.00438	0.00157	0.00545	0.00417	0.00386	0.00649
57	0.01421	0.78101	0.02672	0.00906	0.01350	0.02039	0.00896	0.05208	0.01126	0.01325	0.00750	0.00856	0.00679	0.00454	0.00343	0.00114	0.00558	0.00288	0.00237	0.00679
58	0.00719	0.00496	0.00614	0.00675	0.00717	0.00474	0.00448	0.00795	0.00950	0.02290	0.03603	0.39535	0.07554	0.31194	0.01398	0.00319	0.00390	0.07010	0.00424	0.00396
59	0.01019	0.00950	0.01586	0.39528	0.25733	0.01049	0.03326	0.01318	0.01115	0.01493	0.05106	0.08867	0.05387	0.00671	0.00544	0.00171	0.00596	0.00616	0.00293	0.00631
60	0.03334	0.00664	0.00890	0.00936	0.08053	0.00625	0.00628	0.01255	0.01257	0.15290	0.28920	0.10853	0.11326	0.07783	0.05634	0.00238	0.00419	0.00838	0.00492	0.00565
61	0.06070	0.05560	0.04044	0.00973	0.01293	0.06224	0.00814	0.28070	0.06460	0.07302	0.14860	0.03563	0.09553	0.00783	0.00528	0.00160	0.00481	0.02080	0.00479	0.00701
62	0.00741	0.00536	0.00641	0.00638	0.00778	0.00478	0.00477	0.00914	0.01269	0.04514	0.30856	0.14320	0.33727	0.02922	0.00666	0.00186	0.00286	0.05061	0.00518	0.00472
63	0.01139	0.01139	0.01595	0.01367	0.01367	0.01595	0.01139	0.01253	0.00798	0.01253	0.00684	0.01139	0.00684	0.00911	0.01709	0.00228	0.80745	0.00456	0.00228	0.00570
64	0.03419	0.01128	0.01956	0.35895	0.11828	0.01269	0.19580	0.03788	0.05071	0.01579	0.01005	0.01366	0.00781	0.00544	0.00654	0.00176	0.08531	0.00501	0.00269	0.00659
65	0.00817	0.00689	0.05033	0.00950	0.01090	0.00604	0.00841	0.01053	0.01161	0.01526	0.02677	0.17785	0.02943	0.01419	0.00698	0.00231	0.00467	0.59064	0.00466	0.00486
66	0.01045	0.02694	0.79000	0.01484	0.02254	0.01209	0.01924	0.01649	0.01099	0.01649	0.00935	0.01099	0.00660	0.00495	0.00495	0.00165	0.00770	0.00385	0.00220	0.00770
67	0.00669	0.00508	0.00621	0.00670	0.00775	0.00460	0.00492	0.00820	0.01176	0.01531	0.18910	0.33245	0.28096	0.01395	0.00644	0.00193	0.00296	0.08550	0.00501	0.00448
68	0.01375	0.42102	0.28880	0.01140	0.01686	0.04841	0.01256	0.07561	0.01214	0.04340	0.00890	0.00997	0.00705	0.00488	0.00417	0.00136	0.00643	0.00341	0.00262	0.00726
69	0.00983	0.00926	0.01562	0.80447	0.03587	0.01157	0.01446	0.01331	0.01041	0.01331	0.00926	0.01388	0.00694	0.00521	0.00521	0.00174	0.00694	0.00463	0.00231	0.00579
70	0.00631	0.00521	0.00546	0.00553	0.00705	0.00444	0.00404	0.00760	0.01167	0.01421	0.09153	0.11058	0.64194	0.05232	0.00718	0.00194	0.00278	0.01104	0.00481	0.00435
71	0.01036	0.00995	0.01605	0.71848	0.09705	0.03372	0.01446	0.01374	0.01065	0.01360	0.00927	0.01368	0.00704	0.00516	0.00519	0.00171	0.00695	0.00459	0.00235	0.00600
72	0.00748	0.00543	0.00762	0.00762	0.00830	0.00610	0.00558	0.00882	0.00815	0.01154	0.01463	0.02424	0.01466	0.25490	0.58274	0.00745	0.01148	0.00613	0.00289	0.00424
73	0.00688	0.00529	0.00634	0.00647	0.00780	0.00475	0.00492	0.00869	0.01272	0.01667	0.31735	0.13786	0.33664	0.01275	0.00633	0.00183	0.00286	0.09407	0.00516	0.00461

[dist]
# distance from previous block
# <min> <max>
0	37

[block]
# block no. 1 follows, 47 sequences, length 26
# corresponding to MSA columns:
# 333-358
name=unknown_B
#
# <colnr> <probs for GDERKNQSTAVLIFYWHMCP>
#	G	D	E	R	K	N	Q	S	T	A	V	L	I	F	Y	W	H	M	C	P
0	0.00653	0.00507	0.00597	0.00632	0.00748	0.00450	0.00459	0.00798	0.01182	0.01520	0.18602	0.29629	0.36943	0.01375	0.00635	0.00187	0.00280	0.03855	0.00501	0.00446
1	0.01827	0.01239	0.01357	0.04998	0.01546	0.04151	0.00900	0.39738	0.12763	0.17584	0.01531	0.01497	0.01080	0.00631	0.00509	0.00158	0.00520	0.00493	0.06657	0.00822
2	0.01959	0.03907	0.01586	0.01206	0.01606	0.10837	0.00989	0.65729	0.02293	0.02986	0.01183	0.01202	0.00854	0.00610	0.00509	0.00152	0.00616	0.00448	0.00483	0.00846
3	0.00744	0.00556	0.00829	0.00829	0.00919	0.00647	0.00641	0.00925	0.00835	0.01203	0.01402	0.02086	0.01319	0.06205	0.77359	0.00827	0.01369	0.00564	0.00280	0.00461
4	0.00651	0.00476	0.00637	0.00746	0.00776	0.00462	0.00505	0.00743	0.00990	0.01327	0.02798	0.78704	0.03353	0.01608	0.00699	0.00212	0.02964	0.01447	0.00475	0.00428
5	0.01021	0.00964	0.01630	0.70990	0.12751	0.01167	0.01465	0.01363	0.01059	0.01376	0.00932	0.01376	0.00710	0.00514	0.00520	0.00171	0.00685	0.00463	0.00235	0.00609
6	0.01214	0.00891	0.00958	0.00913	0.04780	0.02514	0.00671	0.13428	0.19113	0.03682	0.02247	0.02265	0.13864	0.00748	0.00507	0.00153	0.01925	0.00603	0.28877	0.00648
7	0.00983	0.00926	0.01562	0.80447	0.03587	0.01157	0.01446	0.01331	0.01041	0.01331	0.00926	0.01388	0.00694	0.00521	0.00521	0.00174	0.00694	0.00463	0.00231	0.00579
8	0.00638	0.00463	0.00604	0.00716	0.00759	0.00429	0.00485	0.00736	0.01017	0.01341	0.03054	0.73579	0.09223	0.01603	0.00662	0.00209	0.00304	0.03271	0.00483	0.00426
9	0.02243	0.09081	0.26986	0.02874	0.09954	0.05884	0.18847	0.01565	0.01155	0.01590	0.02071	0.03560	0.01021	0.00596	0.00556	0.00167	0.02717	0.06066	0.02375	0.00689
10	0.01289	0.01237	0.02114	0.03196	0.78450	0.01237	0.01598	0.01598	0.01186	0.01701	0.00980	0.01289	0.00825	0.00464	0.00516	0.00155	0.00619	0.00464	0.00258	0.00825
11	0.00617	0.00522	0.00533	0.00541	0.00707	0.00438	0.00402	0.00746	0.01174	0.01401	0.05107	0.10356	0.73003	0.01341	0.00619	0.00178	0.00266	0.01126	0.00484	0.00438
12	0.01045	0.02694	0.79000	0.01484	0.02254	0.01209	0.01924	0.01649	0.01099	0.01649	0.00935	0.01099	0.00660	0.00495	0.00495	0.00165	0.00770	0.00385	0.00220	0.00770
13	0.01200	0.04462	0.08190	0.05495	0.34416	0.03145	0.10898	0.01695	0.12766	0.01681	0.01344	0.09930	0.01188	0.00629	0.00537	0.00166	0.00608	0.00594	0.00319	0.00740
14	0.00841	0.00660	0.00781	0.00763	0.00824	0.04698	0.00544	0.00949	0.00849	0.01171	0.01444	0.02488	0.01479	0.34680	0.36993	0.00603	0.04738	0.00618	0.04460	0.00418
15	0.01255	0.00773	0.00905	0.00802	0.01002	0.00793	0.00599	0.05404	0.19378	0.16495	0.15198	0.04851	0.02179	0.19626	0.02123	0.00253	0.00417	0.00689	0.06638	0.00622
16	0.01145	0.00838	0.01096	0.00937	0.03838	0.00768	0.04965	0.07720	0.01231	0.09558	0.04092	0.05710	0.15754	0.04619	0.05220	0.02638	0.02481	0.00631	0.02832	0.23925
17	0.01131	0.01104	0.03586	0.01345	0.05221	0.01394	0.01070	0.06254	0.00943	0.01408	0.00914	0.03364	0.00892	0.05173	0.09014	0.00289	0.55546	0.00506	0.00264	0.00583
18	0.00643	0.00518	0.00574	0.00595	0.00737	0.00449	0.00441	0.00785	0.01189	0.01483	0.13755	0.18528	0.52882	0.01348	0.00628	0.00183	0.00277	0.04045	0.00494	0.00445
19	0.00636	0.00466	0.00599	0.00698	0.00750	0.00428	0.00473	0.00739	0.01041	0.01371	0.06369	0.68603	0.12776	0.01569	0.00656	0.00205	0.00295	0.01410	0.00487	0.00428
20	0.05490	0.06450	0.40920	0.01582	0.11861	0.13386	0.01518	0.06150	0.01237	0.03377	0.00936	0.01097	0.00706	0.00515	0.00509	0.00157	0.02717	0.00387	0.00265	0.00740
21	0.01292	0.07039	0.22896	0.02001	0.26686	0.03505	0.12038	0.05571	0.01255	0.05609	0.03466	0.03014	0.01001	0.00545	0.00520	0.00160	0.00670	0.01675	0.00297	0.00758
22	0.01071	0.08630	0.73292	0.01440	0.02185	0.01273	0.01847	0.01642	0.01096	0.01617	0.00919	0.01080	0.00660	0.00491	0.00483	0.00161	0.00754	0.00377	0.00220	0.00762
23	0.03805	0.02958	0.07059	0.04316	0.29067	0.03518	0.04951	0.18407	0.05530	0.09251	0.01247	0.03340	0.00969	0.00567	0.00512	0.00158	0.00592	0.00493	0.02468	0.00792
24	0.04022	0.01293	0.01793	0.03798	0.22110	0.06045	0.13448	0.18992	0.11020	0.03357	0.02344	0.05837	0.02303	0.00621	0.00537	0.00164	0.00609	0.00564	0.00381	0.00760
25	0.01007	0.03168	0.01555	0.70311	0.03289	0.01185	0.01370	0.01393	0.04815	0.01367	0.01014	0.03135	0.00797	0.00563	0.00553	0.00174	0.02975	0.00486	0.00251	0.00589

[dist]
# distance from previous block
# <min> <max>
2	5

[block]
# block no. 2 follows, 47 sequences, length 28
# corresponding to MSA columns:
# 364-391
name=unknown_C
#
# <colnr> <probs for GDERKNQSTAVLIFYWHMCP>
#	G	D	E	R	K	N	Q	S	T	A	V	L	I	F	Y	W	H	M	C	P
0	0.01228	0.13177	0.22126	0.01126	0.03271	0.06605	0.01092	0.08693	0.05313	0.01749	0.03993	0.06861	0.01170	0.00614	0.00473	0.00141	0.00567	0.02461	0.00327	0.19011
1	0.01505	0.04492	0.01538	0.08676	0.12161	0.05771	0.03137	0.24356	0.04754	0.07889	0.01324	0.08061	0.01102	0.00652	0.00546	0.00155	0.02983	0.00536	0.01759	0.08602
2	0.00887	0.00717	0.01033	0.21337	0.01594	0.00839	0.00823	0.05262	0.00986	0.01338	0.01499	0.06329	0.04252	0.16118	0.30054	0.00480	0.05027	0.00628	0.00303	0.00494
3	0.00658	0.00468	0.00624	0.00739	0.00776	0.00442	0.00508	0.00758	0.01005	0.01337	0.02810	0.71495	0.03342	0.04867	0.00750	0.00226	0.00326	0.07969	0.00476	0.00424
4	0.01772	0.01355	0.01446	0.01156	0.01536	0.01518	0.00939	0.54231	0.25270	0.02946	0.01515	0.01461	0.01100	0.00650	0.00524	0.00162	0.00524	0.00505	0.00524	0.00867
5	0.01197	0.05529	0.20997	0.01032	0.01545	0.02656	0.03420	0.01560	0.03457	0.07503	0.04355	0.01279	0.00978	0.00480	0.00444	0.00119	0.00519	0.00389	0.00323	0.42218
6	0.16136	0.05439	0.26315	0.01119	0.01618	0.06624	0.01147	0.09165	0.04103	0.19780	0.01213	0.01233	0.00849	0.00546	0.00464	0.00156	0.00591	0.00405	0.00382	0.02717
7	0.01045	0.02694	0.79000	0.01484	0.02254	0.01209	0.01924	0.01649	0.01099	0.01649	0.00935	0.01099	0.00660	0.00495	0.00495	0.00165	0.00770	0.00385	0.00220	0.00770
8	0.00924	0.00682	0.00915	0.00866	0.00972	0.00713	0.04464	0.06412	0.04153	0.03776	0.02021	0.27722	0.02203	0.24935	0.07020	0.00337	0.04589	0.06408	0.00404	0.00484
9	0.01431	0.01237	0.05188	0.07055	0.28371	0.04202	0.17527	0.01747	0.01261	0.16670	0.04932	0.01682	0.01159	0.00573	0.00567	0.00166	0.01881	0.03245	0.00354	0.00751
10	0.00755	0.00514	0.00612	0.00612	0.00627	0.00529	0.00370	0.00786	0.00770	0.01042	0.01601	0.03185	0.01797	0.68974	0.15243	0.00559	0.00650	0.00725	0.00310	0.00340
11	0.02276	0.00900	0.01207	0.00934	0.01331	0.00796	0.00769	0.02551	0.05915	0.74350	0.02058	0.01782	0.01307	0.00648	0.00524	0.00162	0.00441	0.00527	0.00638	0.00883
12	0.01194	0.01255	0.03892	0.12616	0.33739	0.03355	0.23918	0.01573	0.03470	0.01640	0.03358	0.01604	0.04893	0.00534	0.00552	0.00165	0.00684	0.00553	0.00284	0.00720
13	0.01163	0.17057	0.56535	0.01464	0.05973	0.01385	0.02977	0.04780	0.01155	0.01643	0.00914	0.01073	0.00681	0.00489	0.00470	0.00154	0.00717	0.00377	0.00236	0.00758
14	0.00783	0.00596	0.00840	0.00826	0.00891	0.00698	0.00623	0.00927	0.00837	0.01208	0.01467	0.07037	0.01474	0.16346	0.52353	0.00665	0.08672	0.00636	0.02672	0.00448
15	0.01028	0.00764	0.01107	0.01186	0.10081	0.00775	0.04601	0.03122	0.05610	0.08333	0.05056	0.25442	0.06986	0.03956	0.05362	0.00242	0.04496	0.10840	0.00436	0.00577
16	0.01702	0.03779	0.14562	0.01177	0.01607	0.06762	0.04907	0.22055	0.06419	0.22356	0.03625	0.06099	0.01231	0.00663	0.00525	0.00162	0.00579	0.00541	0.00463	0.00789
17	0.07335	0.06018	0.01490	0.01220	0.01500	0.41959	0.00959	0.18974	0.01554	0.01802	0.00968	0.04198	0.00824	0.00628	0.00591	0.00152	0.08422	0.00416	0.00332	0.00659
18	0.00865	0.00690	0.00876	0.00852	0.01021	0.00695	0.03625	0.01329	0.16967	0.01753	0.18876	0.15032	0.15157	0.01161	0.00622	0.00192	0.00367	0.17210	0.02161	0.00548
19	0.01115	0.06499	0.64524	0.01521	0.04957	0.03775	0.04266	0.01698	0.03911	0.01638	0.00969	0.01129	0.00705	0.00498	0.00492	0.00162	0.00749	0.00396	0.00236	0.00761
20	0.03070	0.06719	0.04827	0.01360	0.04469	0.17736	0.11022	0.14478	0.24369	0.02918	0.02967	0.01437	0.01098	0.00591	0.00511	0.00158	0.00639	0.00488	0.00395	0.00749
21	0.01025	0.00897	0.01254	0.01126	0.01166	0.01178	0.00911	0.01158	0.00867	0.03853	0.01210	0.12471	0.01232	0.01577	0.16737	0.00339	0.48309	0.00621	0.03533	0.00536
22	0.00735	0.00529	0.00694	0.00708	0.00751	0.00513	0.03421	0.00801	0.00897	0.01189	0.02215	0.29948	0.04826	0.44030	0.01718	0.00366	0.00442	0.05449	0.00385	0.00381
23	0.01261	0.01438	0.11631	0.04999	0.36888	0.04817	0.09954	0.05137	0.06306	0.01711	0.01076	0.01351	0.00868	0.00742	0.05830	0.00208	0.04267	0.00480	0.00284	0.00753
24	0.01556	0.01479	0.06949	0.01397	0.06242	0.14327	0.10612	0.15089	0.16921	0.10227	0.01519	0.05720	0.01221	0.00671	0.00540	0.00166	0.00625	0.03567	0.00421	0.00751
25	0.00856	0.00597	0.00740	0.00730	0.00862	0.00573	0.00535	0.03843	0.06543	0.05745	0.33375	0.30706	0.10438	0.01223	0.00618	0.00182	0.00301	0.01081	0.00533	0.00520
26	0.03845	0.00800	0.01035	0.00852	0.01157	0.00731	0.00678	0.02060	0.06968	0.49573	0.13863	0.07426	0.04413	0.03396	0.00613	0.00177	0.00397	0.00675	0.00591	0.00751
27	0.00847	0.00672	0.00823	0.00844	0.00948	0.04604	0.03737	0.02763	0.04864	0.03939	0.04913	0.60723	0.05495	0.01398	0.00635	0.00199	0.00372	0.01259	0.00474	0.00492

[dist]
# distance from previous block
# <min> <max>
12	19

[block]
# block no. 3 follows, 47 sequences, length 25
# corresponding to MSA columns:
# 426-447,454-456
name=unknown_D
#
# <colnr> <probs for GDERKNQSTAVLIFYWHMCP>
#	G	D	E	R	K	N	Q	S	T	A	V	L	I	F	Y	W	H	M	C	P
0	0.01213	0.00881	0.01207	0.16471	0.06244	0.02446	0.02799	0.06931	0.05856	0.11878	0.04886	0.05978	0.06260	0.04791	0.00704	0.00201	0.02134	0.16592	0.01908	0.00621
1	0.03651	0.00806	0.01027	0.04511	0.06927	0.00795	0.00753	0.07989	0.05631	0.13453	0.20052	0.03063	0.12460	0.00896	0.00564	0.00169	0.00402	0.09851	0.02774	0.04227
2	0.00972	0.00767	0.02706	0.03829	0.03338	0.00659	0.00640	0.04988	0.01332	0.06421	0.28309	0.04960	0.19379	0.00891	0.00548	0.00149	0.00349	0.00761	0.00466	0.18537
3	0.04486	0.01158	0.08775	0.10799	0.25385	0.01055	0.01171	0.04425	0.09213	0.11440	0.08491	0.01828	0.04747	0.00765	0.03846	0.00192	0.00571	0.00546	0.00380	0.00729
4	0.01116	0.00947	0.01099	0.00788	0.01249	0.00731	0.00632	0.04339	0.01135	0.01761	0.00939	0.01087	0.00776	0.00395	0.00391	0.00080	0.00393	0.00315	0.00317	0.81509
5	0.01773	0.06191	0.01522	0.01349	0.06108	0.56363	0.02711	0.03254	0.01407	0.04134	0.00937	0.01077	0.00759	0.00530	0.00461	0.00133	0.00804	0.00365	0.06283	0.03838
6	0.00712	0.00532	0.00738	0.07739	0.01069	0.00528	0.00637	0.00866	0.01078	0.01423	0.07083	0.50967	0.06607	0.01448	0.00658	0.00210	0.00368	0.16417	0.00466	0.00453
7	0.01340	0.40792	0.04882	0.03068	0.01514	0.10494	0.06900	0.03229	0.01153	0.02760	0.01110	0.03760	0.01057	0.02209	0.00567	0.00156	0.05287	0.08806	0.00284	0.00633
8	0.06601	0.01329	0.01469	0.01239	0.05429	0.01473	0.00963	0.51279	0.13035	0.07449	0.01364	0.01357	0.00984	0.00630	0.00545	0.00162	0.02870	0.00478	0.00496	0.00846
9	0.00925	0.00816	0.01185	0.01054	0.01112	0.01024	0.04300	0.01056	0.00823	0.01207	0.01149	0.01937	0.01155	0.18499	0.29447	0.00498	0.32499	0.00561	0.00266	0.00487
10	0.00723	0.00529	0.00678	0.00647	0.00771	0.00484	0.00483	0.00953	0.01432	0.02003	0.69211	0.06759	0.11167	0.01107	0.00616	0.00167	0.00249	0.00975	0.00562	0.00484
11	0.00757	0.00505	0.00568	0.00568	0.00568	0.00505	0.00316	0.00757	0.00757	0.01010	0.01641	0.03408	0.01893	0.81698	0.02651	0.00505	0.00505	0.00757	0.00316	0.00316
12	0.00779	0.00507	0.00654	0.00701	0.00785	0.00465	0.00487	0.00902	0.01114	0.07035	0.15184	0.51557	0.10257	0.06081	0.00757	0.00214	0.00311	0.01247	0.00500	0.00463
13	0.01163	0.01121	0.01882	0.42056	0.30987	0.02574	0.07357	0.03803	0.01160	0.01553	0.00963	0.01341	0.00755	0.00497	0.00525	0.00166	0.00681	0.00473	0.00253	0.00689
14	0.01504	0.00732	0.00968	0.00817	0.01076	0.00667	0.00655	0.04908	0.01507	0.36052	0.36718	0.02959	0.03024	0.00882	0.00576	0.00167	0.00361	0.05149	0.00597	0.00682
15	0.01467	0.01640	0.01639	0.07995	0.32471	0.33378	0.01212	0.01679	0.01265	0.01445	0.01072	0.07378	0.00990	0.03447	0.00584	0.00164	0.00728	0.00499	0.00279	0.00666
16	0.04153	0.06719	0.26289	0.05351	0.23754	0.01215	0.12134	0.01572	0.02707	0.01704	0.08414	0.01470	0.01153	0.00535	0.00515	0.00161	0.00655	0.00491	0.00281	0.00728
17	0.01529	0.15515	0.05790	0.12562	0.06692	0.11899	0.03502	0.13852	0.06077	0.09335	0.01161	0.01346	0.00898	0.00556	0.00480	0.00148	0.00624	0.02150	0.00352	0.05530
18	0.00993	0.00847	0.03515	0.01022	0.01291	0.00758	0.16773	0.03336	0.04419	0.06411	0.32600	0.03092	0.16220	0.00882	0.00586	0.00166	0.00426	0.00806	0.05276	0.00582
19	0.09820	0.02915	0.24846	0.01262	0.02663	0.11275	0.08383	0.04318	0.04473	0.04551	0.01062	0.03630	0.00844	0.00535	0.00494	0.00147	0.02076	0.00428	0.00305	0.15974
20	0.50672	0.01452	0.07297	0.00931	0.01285	0.16352	0.00802	0.05321	0.05485	0.04883	0.00910	0.01000	0.00692	0.00520	0.00393	0.00157	0.00546	0.00336	0.00337	0.00630
21	0.00668	0.00520	0.00607	0.00610	0.00739	0.00466	0.00446	0.00828	0.01222	0.01591	0.27923	0.14610	0.38702	0.04324	0.04195	0.00218	0.00322	0.01063	0.00497	0.00451
22	0.00876	0.00605	0.00735	0.00726	0.00871	0.00570	0.00543	0.07055	0.01313	0.06316	0.20838	0.29265	0.21345	0.01273	0.00624	0.00186	0.00321	0.05510	0.00517	0.00511
23	0.00760	0.00631	0.00687	0.00693	0.00820	0.04985	0.00515	0.00939	0.01289	0.01684	0.35470	0.19340	0.23390	0.01234	0.00622	0.00179	0.00315	0.05466	0.00509	0.00470
24	0.05924	0.17239	0.29927	0.01090	0.01617	0.01253	0.01178	0.06449	0.05547	0.05150	0.01302	0.01418	0.05426	0.00558	0.00453	0.00143	0.00570	0.01437	0.00314	0.13005

[dist]
# distance from previous block
# <min> <max>
1	7

[block]
# block no. 4 follows, 47 sequences, length 31
# corresponding to MSA columns:
# 554-584
name=unknown_E
#
# <colnr> <probs for GDERKNQSTAVLIFYWHMCP>
#	G	D	E	R	K	N	Q	S	T	A	V	L	I	F	Y	W	H	M	C	P
0	0.04665	0.31324	0.34091	0.01202	0.01730	0.08251	0.01329	0.01665	0.03796	0.01486	0.00865	0.01012	0.00694	0.00512	0.00501	0.00147	0.05440	0.00349	0.00241	0.00700
1	0.00991	0.12264	0.45117	0.01200	0.01719	0.01127	0.01391	0.01405	0.01044	0.01484	0.01270	0.06840	0.02467	0.01243	0.15060	0.00288	0.00806	0.03359	0.00263	0.00660
2	0.01046	0.01613	0.35987	0.01180	0.04309	0.00936	0.01235	0.06412	0.02180	0.05286	0.16814	0.05601	0.09212	0.00804	0.00554	0.00171	0.00545	0.05062	0.00385	0.00668
3	0.00759	0.00543	0.00661	0.00628	0.00776	0.00484	0.00472	0.00963	0.01370	0.04911	0.49921	0.06343	0.27959	0.01144	0.00612	0.00169	0.00261	0.00990	0.00545	0.00489
4	0.01500	0.59264	0.06827	0.01023	0.01452	0.17036	0.00976	0.04247	0.01189	0.01330	0.00770	0.00885	0.00676	0.00472	0.00376	0.00120	0.00644	0.00302	0.00242	0.00669
5	0.00654	0.00474	0.00599	0.00690	0.00739	0.00441	0.00466	0.00745	0.01000	0.01310	0.03023	0.59646	0.12677	0.11102	0.00897	0.00243	0.00328	0.04088	0.00463	0.00414
6	0.01283	0.16881	0.32463	0.06620	0.07903	0.01292	0.01354	0.04432	0.06069	0.09577	0.03351	0.04381	0.01036	0.00578	0.00484	0.00156	0.00616	0.00464	0.00319	0.00741
7	0.02930	0.01648	0.32106	0.03197	0.13018	0.01029	0.06512	0.01740	0.01244	0.18296	0.10448	0.01628	0.01339	0.00586	0.00522	0.00162	0.00607	0.00507	0.00366	0.02115
8	0.59373	0.06642	0.01068	0.00860	0.01177	0.20535	0.00694	0.01668	0.01043	0.02003	0.00745	0.00868	0.00597	0.00494	0.00359	0.00151	0.00545	0.00295	0.00303	0.00581
9	0.01973	0.04080	0.01536	0.01145	0.01555	0.01502	0.00949	0.60757	0.05987	0.13104	0.01381	0.01339	0.00966	0.00626	0.00515	0.00156	0.00547	0.00476	0.00528	0.00875
10	0.01132	0.01252	0.02638	0.03614	0.02418	0.01175	0.62588	0.01527	0.01237	0.01664	0.06592	0.01915	0.08476	0.00567	0.00613	0.00175	0.00773	0.00679	0.00304	0.00661
11	0.01146	0.01107	0.01529	0.01317	0.01343	0.01514	0.01096	0.04280	0.00906	0.01379	0.03772	0.01439	0.00947	0.00927	0.01579	0.00223	0.71211	0.03445	0.00263	0.00576
12	0.00635	0.00508	0.00571	0.00618	0.00743	0.00444	0.00451	0.00760	0.01126	0.01391	0.04343	0.29901	0.49427	0.01428	0.00638	0.00191	0.00289	0.05619	0.00483	0.00437
13	0.00709	0.00532	0.00649	0.00714	0.00818	0.00496	0.00547	0.00851	0.01096	0.01389	0.03491	0.21462	0.28357	0.11563	0.00916	0.00246	0.00372	0.24898	0.00461	0.00433
14	0.01189	0.01096	0.01791	0.34304	0.08247	0.01153	0.15911	0.10360	0.01264	0.01733	0.01009	0.01325	0.00772	0.00491	0.00512	0.00152	0.00646	0.00467	0.02062	0.15516
15	0.00744	0.00558	0.00837	0.00837	0.00930	0.00651	0.00651	0.00930	0.00837	0.01209	0.01395	0.02046	0.01302	0.03906	0.79635	0.00837	0.01395	0.00558	0.00279	0.00465
16	0.02800	0.01327	0.03934	0.21209	0.24382	0.10190	0.10690	0.08163	0.03435	0.01735	0.01054	0.01333	0.00823	0.00515	0.00511	0.00158	0.00672	0.00468	0.05901	0.00701
17	0.01461	0.11219	0.01382	0.01024	0.04255	0.01128	0.00796	0.14519	0.15433	0.14435	0.01630	0.12524	0.01386	0.00711	0.00495	0.00148	0.00451	0.00587	0.00451	0.15963
18	0.00661	0.00524	0.00595	0.00588	0.00734	0.00457	0.00437	0.00832	0.01279	0.01651	0.31813	0.09877	0.46210	0.01247	0.00618	0.00174	0.00260	0.01068	0.00516	0.00457
19	0.02028	0.01282	0.13853	0.01067	0.01527	0.00997	0.00992	0.14530	0.04615	0.50921	0.01744	0.01585	0.01133	0.00620	0.00519	0.00162	0.00516	0.00495	0.00551	0.00865
20	0.01284	0.21422	0.09713	0.01040	0.01470	0.08579	0.03008	0.04430	0.03394	0.01574	0.00897	0.01054	0.00747	0.00488	0.00514	0.00121	0.07018	0.00346	0.00281	0.32619
21	0.00664	0.00486	0.00655	0.00750	0.00783	0.00483	0.00513	0.00760	0.00969	0.01306	0.02637	0.69670	0.03128	0.04539	0.07048	0.00272	0.03106	0.01348	0.00453	0.00428
22	0.00693	0.00519	0.00643	0.00635	0.00757	0.00469	0.00468	0.00889	0.01336	0.01815	0.49809	0.15635	0.22003	0.01209	0.00622	0.00174	0.00258	0.01059	0.00539	0.00469
23	0.01372	0.01265	0.07182	0.01971	0.32025	0.06532	0.07355	0.04610	0.01266	0.12777	0.01595	0.08713	0.06267	0.00753	0.02457	0.00181	0.01984	0.00605	0.00358	0.00732
24	0.01691	0.07206	0.11426	0.01491	0.10921	0.25325	0.01170	0.26383	0.05870	0.02076	0.01055	0.01152	0.00809	0.00555	0.00489	0.00149	0.00705	0.00411	0.00355	0.00760
25	0.65366	0.07135	0.01089	0.02679	0.01211	0.07935	0.03370	0.01574	0.00963	0.02094	0.00747	0.00892	0.00594	0.00493	0.00379	0.00157	0.02129	0.00306	0.00304	0.00580
26	0.03945	0.13099	0.03524	0.01307	0.09186	0.01139	0.11012	0.06712	0.04090	0.28849	0.05970	0.01779	0.05818	0.00626	0.00511	0.00156	0.00528	0.00540	0.00448	0.00761
27	0.00838	0.00552	0.00720	0.00674	0.00812	0.00504	0.00507	0.01066	0.01433	0.07384	0.65192	0.08942	0.07216	0.01082	0.00611	0.00167	0.00264	0.00954	0.00569	0.00513
28	0.01362	0.06277	0.07550	0.01804	0.06124	0.04403	0.39696	0.13671	0.01376	0.01865	0.01040	0.01301	0.00798	0.00520	0.00638	0.00167	0.06820	0.00521	0.03349	0.00719
29	0.00634	0.00453	0.00604	0.00725	0.00755	0.00423	0.00483	0.00725	0.00997	0.01329	0.02870	0.81358	0.03444	0.01632	0.00665	0.00211	0.00302	0.01480	0.00483	0.00423
30	0.00643	0.00529	0.00570	0.00588	0.00746	0.00456	0.00448	0.00788	0.01187	0.01445	0.08044	0.10607	0.62444	0.01342	0.00629	0.00184	0.00286	0.08131	0.00487	0.00444

[dist]
# distance from previous block
# <min> <max>
0	0

# created by:
# /home/cegg/simao/soft/augustus-3.2.1/scripts/msa2prfl.pl ./align_prep/EOG091G0ULR.fa
