[name]
unknown

[dist]
# distance from previous block
# <min> <max>
0	50

[block]
# block no. 0 follows, 56 sequences, length 70
# corresponding to MSA columns:
# 67-136
name=unknown_A
#
# <colnr> <probs for GDERKNQSTAVLIFYWHMCP>
#	G	D	E	R	K	N	Q	S	T	A	V	L	I	F	Y	W	H	M	C	P
0	0.00740	0.00528	0.00740	0.00845	0.00951	0.00528	0.00740	0.00951	0.01057	0.01374	0.02431	0.05179	0.02642	0.01268	0.00634	0.00211	0.00423	0.77912	0.00423	0.00423
1	0.09412	0.00823	0.00925	0.00673	0.01068	0.00653	0.00539	0.01175	0.00935	0.01551	0.00799	0.00932	0.00662	0.00348	0.00335	0.00075	0.00341	0.00270	0.00273	0.78210
2	0.01129	0.01083	0.01850	0.04995	0.78882	0.01089	0.01405	0.01403	0.01042	0.01491	0.00862	0.01139	0.00724	0.00410	0.00455	0.00137	0.00547	0.00409	0.00227	0.00721
3	0.00643	0.00469	0.00604	0.00570	0.00682	0.00430	0.00428	0.00853	0.01283	0.01802	0.75811	0.03494	0.09304	0.00953	0.00542	0.00145	0.00218	0.00839	0.00500	0.00430
4	0.00981	0.00933	0.01583	0.48862	0.36170	0.01050	0.01332	0.01273	0.00972	0.01312	0.00836	0.01187	0.00661	0.00438	0.00457	0.00146	0.00584	0.00408	0.00214	0.00602
5	0.00867	0.00816	0.01377	0.82762	0.03162	0.01020	0.01275	0.01173	0.00918	0.01173	0.00816	0.01224	0.00612	0.00459	0.00459	0.00153	0.00612	0.00408	0.00204	0.00510
6	0.01723	0.01275	0.01365	0.01052	0.01415	0.01413	0.00867	0.76657	0.05009	0.02858	0.01130	0.01125	0.00803	0.00554	0.00460	0.00138	0.00500	0.00417	0.00460	0.00779
7	0.00964	0.00915	0.01552	0.54073	0.31096	0.01045	0.01323	0.01258	0.00964	0.01290	0.00833	0.01193	0.00653	0.00441	0.00457	0.00147	0.00588	0.00408	0.00212	0.00588
8	0.01136	0.01091	0.01863	0.02818	0.81002	0.01091	0.01409	0.01409	0.01045	0.01500	0.00864	0.01136	0.00727	0.00409	0.00455	0.00136	0.00545	0.00409	0.00227	0.00727
9	0.01229	0.00878	0.01112	0.02777	0.04653	0.00745	0.02923	0.08751	0.01136	0.15486	0.01021	0.01095	0.00770	0.00407	0.00386	0.00095	0.00392	0.00335	0.00336	0.55474
10	0.00992	0.00815	0.00956	0.00685	0.01091	0.00614	0.00549	0.01195	0.00965	0.04412	0.00852	0.00974	0.00697	0.00348	0.00344	0.00071	0.00342	0.00279	0.00283	0.83534
11	0.00952	0.00816	0.00952	0.00680	0.01088	0.00612	0.00544	0.01156	0.00952	0.01496	0.00816	0.00952	0.00680	0.00340	0.00340	0.00068	0.00340	0.00272	0.00272	0.86672
12	0.01076	0.43771	0.41450	0.01044	0.01578	0.01446	0.01235	0.01414	0.00951	0.01265	0.00730	0.00851	0.00585	0.00414	0.00364	0.00121	0.00584	0.00292	0.00195	0.00633
13	0.87108	0.00888	0.00675	0.00604	0.00888	0.01030	0.00497	0.01350	0.00781	0.02060	0.00639	0.00746	0.00497	0.00426	0.00284	0.00142	0.00355	0.00249	0.00284	0.00497
14	0.00792	0.00402	0.00603	0.00603	0.00606	0.00405	0.00405	0.00606	0.00603	0.00807	0.00813	0.01411	0.00810	0.01663	0.04765	0.83463	0.00429	0.00402	0.00201	0.00207
15	0.00937	0.06719	0.77285	0.01281	0.01944	0.01106	0.01648	0.01450	0.00967	0.01434	0.00814	0.00957	0.00582	0.00434	0.00429	0.00143	0.00669	0.00334	0.00194	0.00674
16	0.00563	0.00403	0.00536	0.00637	0.00667	0.00375	0.00426	0.00649	0.00897	0.01201	0.05891	0.80124	0.03092	0.01417	0.00584	0.00185	0.00264	0.01285	0.00430	0.00375
17	0.00543	0.00465	0.00465	0.00465	0.00620	0.00388	0.00349	0.00659	0.01046	0.01240	0.04651	0.04418	0.80815	0.01163	0.00543	0.00155	0.00233	0.00969	0.00426	0.00388
18	0.00921	0.02375	0.81487	0.01309	0.01987	0.01066	0.01696	0.01454	0.00969	0.01454	0.00824	0.00969	0.00582	0.00436	0.00436	0.00145	0.00678	0.00339	0.00194	0.00678
19	0.00950	0.00899	0.05231	0.00713	0.01136	0.00636	0.00605	0.01172	0.00953	0.01494	0.00816	0.00953	0.00675	0.00345	0.00345	0.00072	0.00358	0.00276	0.00268	0.82103
20	0.01142	0.00986	0.01038	0.00934	0.01194	0.01142	0.00727	0.02440	0.80172	0.01920	0.01869	0.01713	0.01401	0.00623	0.00467	0.00156	0.00363	0.00519	0.00467	0.00727
21	0.00558	0.00403	0.00529	0.00630	0.00664	0.00374	0.00422	0.00640	0.00888	0.01175	0.02639	0.79508	0.07024	0.01424	0.00584	0.00185	0.00265	0.01288	0.00426	0.00374
22	0.01091	0.47797	0.37557	0.01018	0.01538	0.01483	0.01190	0.01410	0.00949	0.01246	0.00721	0.00840	0.00586	0.00412	0.00358	0.00119	0.00574	0.00287	0.00195	0.00629
23	0.00978	0.05836	0.73827	0.01273	0.01922	0.01117	0.01613	0.05596	0.01031	0.01514	0.00831	0.00966	0.00592	0.00440	0.00431	0.00143	0.00661	0.00339	0.00208	0.00680
24	0.00569	0.00408	0.00542	0.00647	0.00680	0.00381	0.00441	0.00656	0.00892	0.01184	0.02566	0.77855	0.04535	0.01424	0.00588	0.00187	0.00274	0.05369	0.00426	0.00376
25	0.01089	0.44644	0.37125	0.01103	0.04969	0.01456	0.01212	0.01411	0.00954	0.01262	0.00730	0.00856	0.00592	0.00413	0.00364	0.00121	0.00576	0.00294	0.00197	0.00634
26	0.04334	0.01221	0.05832	0.01728	0.02182	0.01095	0.63856	0.01556	0.01095	0.10888	0.01018	0.01247	0.00736	0.00412	0.00518	0.00152	0.00709	0.00513	0.00272	0.00636
27	0.01136	0.01091	0.01863	0.02818	0.81002	0.01091	0.01409	0.01409	0.01045	0.01500	0.00864	0.01136	0.00727	0.00409	0.00455	0.00136	0.00545	0.00409	0.00227	0.00727
28	0.00732	0.00523	0.00731	0.00837	0.00939	0.00522	0.00726	0.00938	0.01049	0.01365	0.02435	0.08546	0.02659	0.01276	0.00632	0.00210	0.00416	0.74621	0.00423	0.00421
29	0.00867	0.00816	0.01377	0.82762	0.03162	0.01020	0.01275	0.01173	0.00918	0.01173	0.00816	0.01224	0.00612	0.00459	0.00459	0.00153	0.00612	0.00408	0.00204	0.00510
30	0.00921	0.02375	0.81487	0.01309	0.01987	0.01066	0.01696	0.01454	0.00969	0.01454	0.00824	0.00969	0.00582	0.00436	0.00436	0.00145	0.00678	0.00339	0.00194	0.00678
31	0.01970	0.00759	0.01030	0.00797	0.01136	0.00658	0.00656	0.02150	0.01305	0.75971	0.05168	0.01646	0.01274	0.00583	0.00462	0.00141	0.00379	0.00477	0.02682	0.00758
32	0.00928	0.02326	0.78096	0.01335	0.02005	0.01070	0.05038	0.01455	0.00974	0.01455	0.00828	0.00981	0.00587	0.00434	0.00441	0.00146	0.00683	0.00348	0.00196	0.00676
33	0.01096	0.00936	0.01028	0.00909	0.01160	0.01056	0.02557	0.05945	0.63675	0.01912	0.08283	0.01963	0.06105	0.00670	0.00479	0.00154	0.00361	0.00565	0.00462	0.00684
34	0.00982	0.18025	0.64933	0.01219	0.01839	0.01212	0.02899	0.01439	0.00964	0.01383	0.00790	0.00929	0.00585	0.00427	0.00411	0.00137	0.00644	0.00325	0.00195	0.00660
35	0.01063	0.00918	0.01009	0.00745	0.01136	0.03685	0.00595	0.08624	0.04481	0.01632	0.00884	0.00994	0.00717	0.00377	0.00359	0.00080	0.00374	0.00297	0.00297	0.71731
36	0.01048	0.01077	0.01400	0.01204	0.01218	0.06360	0.00997	0.01150	0.00740	0.01106	0.00609	0.00994	0.00602	0.00783	0.01439	0.00196	0.77975	0.00395	0.00203	0.00504
37	0.00949	0.10023	0.74090	0.01260	0.01911	0.01136	0.01611	0.01447	0.00966	0.01419	0.00807	0.00947	0.00582	0.00432	0.00423	0.00141	0.00661	0.00330	0.00194	0.00670
38	0.87108	0.00888	0.00675	0.00604	0.00888	0.01030	0.00497	0.01350	0.00781	0.02060	0.00639	0.00746	0.00497	0.00426	0.00284	0.00142	0.00355	0.00249	0.00284	0.00497
39	0.01125	0.01074	0.01830	0.02760	0.78639	0.01074	0.01389	0.01395	0.01046	0.01496	0.00910	0.01256	0.00784	0.00434	0.00460	0.00139	0.00542	0.02697	0.00233	0.00718
40	0.00867	0.00816	0.01377	0.82762	0.03162	0.01020	0.01275	0.01173	0.00918	0.01173	0.00816	0.01224	0.00612	0.00459	0.00459	0.00153	0.00612	0.00408	0.00204	0.00510
41	0.01039	0.00989	0.01643	0.07501	0.65209	0.00991	0.01257	0.01292	0.01038	0.01444	0.01375	0.01588	0.11602	0.00515	0.00467	0.00140	0.00507	0.00485	0.00253	0.00667
42	0.00902	0.00761	0.00977	0.00828	0.01017	0.06177	0.09306	0.04552	0.08134	0.04149	0.53843	0.02705	0.03172	0.00791	0.00521	0.00144	0.00351	0.00706	0.00453	0.00511
43	0.00921	0.02375	0.81487	0.01309	0.01987	0.01066	0.01696	0.01454	0.00969	0.01454	0.00824	0.00969	0.00582	0.00436	0.00436	0.00145	0.00678	0.00339	0.00194	0.00678
44	0.01793	0.01090	0.01237	0.00956	0.01307	0.01148	0.00787	0.50654	0.03978	0.27008	0.01356	0.01283	0.00922	0.00558	0.00455	0.00138	0.00455	0.00432	0.03674	0.00766
45	0.00564	0.00403	0.00539	0.00645	0.00674	0.00377	0.00435	0.00648	0.00884	0.01178	0.02528	0.81371	0.03025	0.01434	0.00587	0.00187	0.00271	0.03450	0.00426	0.00374
46	0.00797	0.00399	0.00598	0.00598	0.00598	0.00399	0.00399	0.00598	0.00598	0.00797	0.00797	0.01396	0.00797	0.01595	0.01794	0.86643	0.00399	0.00399	0.00199	0.00199
47	0.00952	0.00816	0.00952	0.00680	0.01088	0.00612	0.00544	0.01156	0.00952	0.01496	0.00816	0.00952	0.00680	0.00340	0.00340	0.00068	0.00340	0.00272	0.00272	0.86672
48	0.00545	0.00465	0.00468	0.00468	0.00622	0.00389	0.00351	0.00663	0.01052	0.01253	0.06289	0.04397	0.79169	0.01158	0.00543	0.00155	0.00232	0.00966	0.00428	0.00389
49	0.00668	0.00445	0.00501	0.00501	0.00501	0.00445	0.00278	0.00668	0.00668	0.00890	0.01447	0.03004	0.01669	0.83866	0.02337	0.00445	0.00445	0.00668	0.00278	0.00278
50	0.01022	0.00974	0.01657	0.36745	0.47968	0.01061	0.01352	0.01309	0.00991	0.01361	0.00843	0.01173	0.00678	0.00430	0.00456	0.00143	0.00574	0.00409	0.00217	0.00635
51	0.00549	0.00455	0.00482	0.00497	0.00630	0.00387	0.00364	0.00663	0.01029	0.01251	0.07125	0.17186	0.65402	0.01199	0.00550	0.00160	0.00237	0.01018	0.00429	0.00387
52	0.01004	0.01004	0.01406	0.01205	0.01205	0.01406	0.01004	0.01105	0.00703	0.01105	0.00603	0.01004	0.00603	0.00804	0.01507	0.00201	0.83025	0.00402	0.00201	0.00502
53	0.03546	0.01001	0.01385	0.01188	0.01196	0.01395	0.00989	0.01112	0.00705	0.01133	0.00604	0.00997	0.00600	0.00792	0.01471	0.00199	0.80585	0.00397	0.00203	0.00502
54	0.01084	0.01238	0.02709	0.01935	0.02399	0.01161	0.79334	0.01471	0.01084	0.01471	0.00929	0.01238	0.00697	0.00387	0.00542	0.00155	0.00774	0.00542	0.00232	0.00619
55	0.01063	0.01016	0.01730	0.24671	0.59724	0.01071	0.01372	0.01344	0.01011	0.01411	0.00851	0.01160	0.00696	0.00423	0.00456	0.00141	0.00564	0.00409	0.00221	0.00668
56	0.01570	0.01199	0.01279	0.01021	0.01357	0.01342	0.00830	0.57109	0.24805	0.02611	0.01325	0.01279	0.00961	0.00572	0.00462	0.00143	0.00464	0.00444	0.00462	0.00765
57	0.00867	0.00816	0.01377	0.82762	0.03162	0.01020	0.01275	0.01173	0.00918	0.01173	0.00816	0.01224	0.00612	0.00459	0.00459	0.00153	0.00612	0.00408	0.00204	0.00510
58	0.00656	0.00492	0.00738	0.00738	0.00820	0.00574	0.00574	0.00820	0.00738	0.01066	0.01230	0.01804	0.01148	0.03443	0.82046	0.00738	0.01230	0.00492	0.00246	0.00410
59	0.00547	0.00464	0.00473	0.00474	0.00624	0.00389	0.00354	0.00667	0.01053	0.01263	0.07691	0.06259	0.75861	0.01160	0.00544	0.00155	0.00233	0.00971	0.00430	0.00389
60	0.00661	0.00473	0.00641	0.00641	0.00689	0.00521	0.00453	0.00757	0.00709	0.00994	0.01319	0.02296	0.01362	0.36451	0.49331	0.00618	0.00908	0.00564	0.00259	0.00356
61	0.01214	0.80630	0.05802	0.00808	0.01213	0.01784	0.00825	0.01378	0.00934	0.01096	0.00646	0.00746	0.00589	0.00395	0.00301	0.00100	0.00499	0.00250	0.00196	0.00593
62	0.00569	0.00406	0.00544	0.00650	0.00681	0.00381	0.00443	0.00656	0.00888	0.01183	0.02525	0.79401	0.03015	0.01429	0.00589	0.00188	0.00275	0.05375	0.00426	0.00376
63	0.00665	0.00456	0.00555	0.00555	0.00574	0.00475	0.00346	0.00703	0.00684	0.00931	0.01397	0.02728	0.01549	0.65345	0.20693	0.00513	0.00626	0.00627	0.00271	0.00309
64	0.00673	0.00515	0.00762	0.00752	0.00828	0.00609	0.00585	0.00828	0.00734	0.01062	0.01207	0.01806	0.01139	0.06024	0.75504	0.00702	0.05123	0.00493	0.00245	0.00410
65	0.01012	0.00964	0.01639	0.39640	0.45149	0.01058	0.01347	0.01300	0.00987	0.01349	0.00842	0.01177	0.00674	0.00432	0.00457	0.00144	0.00576	0.00409	0.00217	0.00627
66	0.00867	0.00816	0.01377	0.82762	0.03162	0.01020	0.01275	0.01173	0.00918	0.01173	0.00816	0.01224	0.00612	0.00459	0.00459	0.00153	0.00612	0.00408	0.00204	0.00510
67	0.01127	0.01081	0.01846	0.05608	0.78285	0.01088	0.01404	0.01401	0.01041	0.01488	0.00862	0.01139	0.00723	0.00411	0.00455	0.00137	0.00548	0.00409	0.00226	0.00720
68	0.01979	0.00765	0.01034	0.00798	0.01143	0.00660	0.00657	0.02154	0.01300	0.77065	0.01962	0.01714	0.05370	0.00600	0.00466	0.00143	0.00382	0.00489	0.00561	0.00760
69	0.00543	0.00465	0.00465	0.00465	0.00620	0.00388	0.00349	0.00659	0.01046	0.01240	0.04651	0.04418	0.80815	0.01163	0.00543	0.00155	0.00233	0.00969	0.00426	0.00388

[dist]
# distance from previous block
# <min> <max>
0	10

[block]
# block no. 1 follows, 56 sequences, length 55
# corresponding to MSA columns:
# 147-201
name=unknown_B
#
# <colnr> <probs for GDERKNQSTAVLIFYWHMCP>
#	G	D	E	R	K	N	Q	S	T	A	V	L	I	F	Y	W	H	M	C	P
0	0.00929	0.02326	0.78477	0.01366	0.04973	0.01067	0.01685	0.01452	0.00972	0.01456	0.00825	0.00976	0.00587	0.00435	0.00437	0.00145	0.00673	0.00342	0.00195	0.00680
1	0.00559	0.00400	0.00533	0.00639	0.00666	0.00373	0.00426	0.00639	0.00879	0.01172	0.02530	0.83566	0.03036	0.01438	0.00586	0.00186	0.00266	0.01305	0.00426	0.00373
2	0.00654	0.00488	0.00723	0.00726	0.00804	0.00564	0.00559	0.00809	0.00739	0.01062	0.01272	0.04020	0.01218	0.06430	0.76870	0.00712	0.01174	0.00520	0.00252	0.00404
3	0.01091	0.44604	0.35106	0.01081	0.01597	0.01461	0.06608	0.01414	0.00958	0.01262	0.00735	0.00867	0.00593	0.00410	0.00370	0.00122	0.00588	0.00305	0.00198	0.00628
4	0.00658	0.00483	0.00691	0.00691	0.00757	0.00548	0.00516	0.00790	0.00724	0.01031	0.01273	0.02041	0.01251	0.19317	0.66313	0.00680	0.01075	0.00527	0.00252	0.00384
5	0.00856	0.00428	0.00428	0.00428	0.00535	0.00428	0.00321	0.01070	0.00963	0.01712	0.01498	0.01712	0.01177	0.00535	0.00321	0.00107	0.00214	0.00428	0.86414	0.00428
6	0.00571	0.00438	0.00525	0.00585	0.00665	0.00397	0.00410	0.00693	0.02322	0.01243	0.06916	0.49665	0.29994	0.01303	0.00568	0.00173	0.00257	0.02458	0.00431	0.00388
7	0.01187	0.05368	0.01703	0.15195	0.50992	0.09115	0.01254	0.03665	0.01088	0.03394	0.02234	0.01148	0.00762	0.00440	0.00445	0.00136	0.00571	0.00398	0.00243	0.00664
8	0.00940	0.02349	0.79616	0.01303	0.01974	0.01075	0.01677	0.03276	0.00997	0.01488	0.00830	0.00972	0.00586	0.00439	0.00437	0.00145	0.00674	0.00341	0.00200	0.00681
9	0.33888	0.01371	0.01189	0.02718	0.17844	0.27498	0.00858	0.04282	0.01055	0.01620	0.00727	0.00884	0.00592	0.00456	0.00412	0.00135	0.03335	0.00311	0.00259	0.00567
10	0.00592	0.00488	0.00576	0.00573	0.00697	0.00472	0.00436	0.00721	0.00951	0.01201	0.05378	0.06564	0.51758	0.01775	0.22696	0.00316	0.03206	0.00830	0.00372	0.00398
11	0.02060	0.00781	0.01065	0.00817	0.01172	0.00675	0.00675	0.02237	0.01314	0.81320	0.01811	0.01563	0.01136	0.00568	0.00462	0.00142	0.00391	0.00462	0.00568	0.00781
12	0.01227	0.84142	0.02406	0.00786	0.01178	0.01817	0.00786	0.01375	0.00933	0.01080	0.00638	0.00736	0.00589	0.00393	0.00295	0.00098	0.00491	0.00245	0.00196	0.00589
13	0.04115	0.01009	0.01584	0.06789	0.51674	0.01002	0.01170	0.05347	0.01126	0.15646	0.01030	0.01192	0.00785	0.00444	0.00445	0.00135	0.00503	0.00406	0.00302	0.05298
14	0.01727	0.02113	0.01296	0.01167	0.01412	0.76750	0.00880	0.04453	0.01330	0.03713	0.00758	0.00860	0.00615	0.00479	0.00417	0.00120	0.00803	0.00305	0.00254	0.00548
15	0.00559	0.00400	0.00533	0.00639	0.00666	0.00373	0.00426	0.00639	0.00879	0.01172	0.02530	0.83566	0.03036	0.01438	0.00586	0.00186	0.00266	0.01305	0.00426	0.00373
16	0.00555	0.00469	0.00483	0.00490	0.00641	0.00397	0.00374	0.00678	0.01047	0.01249	0.04508	0.04467	0.75785	0.01169	0.00548	0.00159	0.00245	0.05920	0.00426	0.00390
17	0.02060	0.00781	0.01065	0.00817	0.01172	0.00675	0.00675	0.02237	0.01314	0.81320	0.01811	0.01563	0.01136	0.00568	0.00462	0.00142	0.00391	0.00462	0.00568	0.00781
18	0.01136	0.01091	0.01863	0.02818	0.81002	0.01091	0.01409	0.01409	0.01045	0.01500	0.00864	0.01136	0.00727	0.00409	0.00455	0.00136	0.00545	0.00409	0.00227	0.00727
19	0.00797	0.00399	0.00598	0.00598	0.00598	0.00399	0.00399	0.00598	0.00598	0.00797	0.00797	0.01396	0.00797	0.01595	0.01794	0.86643	0.00399	0.00399	0.00199	0.00199
20	0.01136	0.01091	0.01863	0.02818	0.81002	0.01091	0.01409	0.01409	0.01045	0.01500	0.00864	0.01136	0.00727	0.00409	0.00455	0.00136	0.00545	0.00409	0.00227	0.00727
21	0.01136	0.01091	0.01863	0.02818	0.81002	0.01091	0.01409	0.01409	0.01045	0.01500	0.00864	0.01136	0.00727	0.00409	0.00455	0.00136	0.00545	0.00409	0.00227	0.00727
22	0.01130	0.01157	0.02123	0.01557	0.01960	0.02616	0.51694	0.09923	0.08547	0.01674	0.05045	0.01429	0.02914	0.00472	0.00512	0.00147	0.00642	0.00530	0.00299	0.05631
23	0.87108	0.00888	0.00675	0.00604	0.00888	0.01030	0.00497	0.01350	0.00781	0.02060	0.00639	0.00746	0.00497	0.00426	0.00284	0.00142	0.00355	0.00249	0.00284	0.00497
24	0.00656	0.00492	0.00738	0.00738	0.00820	0.00574	0.00574	0.00820	0.00738	0.01066	0.01230	0.01804	0.01148	0.03443	0.82046	0.00738	0.01230	0.00492	0.00246	0.00410
25	0.00921	0.02375	0.81487	0.01309	0.01987	0.01066	0.01696	0.01454	0.00969	0.01454	0.00824	0.00969	0.00582	0.00436	0.00436	0.00145	0.00678	0.00339	0.00194	0.00678
26	0.01715	0.02188	0.01301	0.01183	0.01419	0.82022	0.00887	0.01833	0.01301	0.01124	0.00710	0.00828	0.00591	0.00473	0.00414	0.00118	0.00828	0.00296	0.00237	0.00532
27	0.00559	0.00400	0.00533	0.00639	0.00666	0.00373	0.00426	0.00639	0.00879	0.01172	0.02530	0.83566	0.03036	0.01438	0.00586	0.00186	0.00266	0.01305	0.00426	0.00373
28	0.00856	0.00428	0.00428	0.00428	0.00535	0.00428	0.00321	0.01070	0.00963	0.01712	0.01498	0.01712	0.01177	0.00535	0.00321	0.00107	0.00214	0.00428	0.86414	0.00428
29	0.00856	0.00428	0.00428	0.00428	0.00535	0.00428	0.00321	0.01070	0.00963	0.01712	0.01498	0.01712	0.01177	0.00535	0.00321	0.00107	0.00214	0.00428	0.86414	0.00428
30	0.00562	0.00402	0.00535	0.00637	0.00666	0.00375	0.00426	0.00646	0.00891	0.01191	0.04778	0.81264	0.03074	0.01424	0.00585	0.00185	0.00265	0.01291	0.00428	0.00375
31	0.00872	0.00826	0.01408	0.80872	0.03144	0.01023	0.03100	0.01180	0.00922	0.01180	0.00819	0.01224	0.00614	0.00457	0.00461	0.00153	0.00616	0.00411	0.00205	0.00513
32	0.00856	0.00428	0.00428	0.00428	0.00535	0.00428	0.00321	0.01070	0.00963	0.01712	0.01498	0.01712	0.01177	0.00535	0.00321	0.00107	0.00214	0.00428	0.86414	0.00428
33	0.00543	0.00465	0.00465	0.00465	0.00620	0.00388	0.00349	0.00659	0.01046	0.01240	0.04651	0.04418	0.80815	0.01163	0.00543	0.00155	0.00233	0.00969	0.00426	0.00388
34	0.01084	0.01238	0.02709	0.01935	0.02399	0.01161	0.79334	0.01471	0.01084	0.01471	0.00929	0.01238	0.00697	0.00387	0.00542	0.00155	0.00774	0.00542	0.00232	0.00619
35	0.01164	0.00959	0.01033	0.00913	0.01178	0.01085	0.00714	0.02309	0.69479	0.05736	0.01836	0.01700	0.02697	0.00619	0.00482	0.00152	0.01990	0.00509	0.00456	0.04987
36	0.00877	0.00833	0.01413	0.77974	0.03078	0.01036	0.03320	0.01179	0.00915	0.01179	0.00812	0.01217	0.00614	0.00468	0.00495	0.00155	0.03306	0.00411	0.00205	0.00513
37	0.01227	0.84142	0.02406	0.00786	0.01178	0.01817	0.00786	0.01375	0.00933	0.01080	0.00638	0.00736	0.00589	0.00393	0.00295	0.00098	0.00491	0.00245	0.00196	0.00589
38	0.01142	0.00986	0.01038	0.00934	0.01194	0.01142	0.00727	0.02440	0.80172	0.01920	0.01869	0.01713	0.01401	0.00623	0.00467	0.00156	0.00363	0.00519	0.00467	0.00727
39	0.01715	0.02188	0.01301	0.01183	0.01419	0.82022	0.00887	0.01833	0.01301	0.01124	0.00710	0.00828	0.00591	0.00473	0.00414	0.00118	0.00828	0.00296	0.00237	0.00532
40	0.00668	0.00445	0.00501	0.00501	0.00501	0.00445	0.00278	0.00668	0.00668	0.00890	0.01447	0.03004	0.01669	0.83866	0.02337	0.00445	0.00445	0.00668	0.00278	0.00278
41	0.79416	0.00884	0.00719	0.00633	0.00914	0.01017	0.00522	0.01400	0.00813	0.07093	0.00713	0.00805	0.00541	0.00445	0.00328	0.00144	0.02532	0.00266	0.00300	0.00515
42	0.01172	0.00980	0.01039	0.00930	0.01193	0.01127	0.00725	0.02433	0.77598	0.04512	0.01867	0.01708	0.01393	0.00621	0.00467	0.00155	0.00364	0.00517	0.00470	0.00728
43	0.01728	0.02083	0.01299	0.01163	0.01412	0.74017	0.00879	0.07085	0.01359	0.03773	0.00771	0.00870	0.00621	0.00481	0.00419	0.00120	0.00792	0.00309	0.00262	0.00557
44	0.00856	0.00428	0.00428	0.00428	0.00535	0.00428	0.00321	0.01070	0.00963	0.01712	0.01498	0.01712	0.01177	0.00535	0.00321	0.00107	0.00214	0.00428	0.86414	0.00428
45	0.00545	0.00465	0.00469	0.00468	0.00622	0.00389	0.00351	0.00664	0.01053	0.01256	0.06632	0.04393	0.78824	0.01157	0.00543	0.00155	0.00232	0.00965	0.00428	0.00389
46	0.00856	0.00428	0.00428	0.00428	0.00535	0.00428	0.00321	0.01070	0.00963	0.01712	0.01498	0.01712	0.01177	0.00535	0.00321	0.00107	0.00214	0.00428	0.86414	0.00428
47	0.00867	0.00816	0.01377	0.82762	0.03162	0.01020	0.01275	0.01173	0.00918	0.01173	0.00816	0.01224	0.00612	0.00459	0.00459	0.00153	0.00612	0.00408	0.00204	0.00510
48	0.00650	0.00469	0.00614	0.00578	0.00686	0.00433	0.00433	0.00866	0.01300	0.01841	0.80760	0.03429	0.04332	0.00939	0.00541	0.00144	0.00217	0.00830	0.00505	0.00433
49	0.00952	0.00816	0.00952	0.00680	0.01088	0.00612	0.00544	0.01156	0.00952	0.01496	0.00816	0.00952	0.00680	0.00340	0.00340	0.00068	0.00340	0.00272	0.00272	0.86672
50	0.01136	0.01091	0.01863	0.02818	0.81002	0.01091	0.01409	0.01409	0.01045	0.01500	0.00864	0.01136	0.00727	0.00409	0.00455	0.00136	0.00545	0.00409	0.00227	0.00727
51	0.21322	0.03355	0.01167	0.00903	0.01233	0.05001	0.00741	0.43535	0.04827	0.06404	0.02351	0.01090	0.00807	0.00518	0.00408	0.00135	0.00459	0.00375	0.01891	0.03478
52	0.01136	0.01091	0.01863	0.02818	0.81002	0.01091	0.01409	0.01409	0.01045	0.01500	0.00864	0.01136	0.00727	0.00409	0.00455	0.00136	0.00545	0.00409	0.00227	0.00727
53	0.00565	0.00404	0.00540	0.00646	0.00675	0.00378	0.00437	0.00650	0.00885	0.01179	0.02527	0.80934	0.03023	0.01433	0.00588	0.00187	0.00272	0.03877	0.00426	0.00375
54	0.00921	0.02375	0.81487	0.01309	0.01987	0.01066	0.01696	0.01454	0.00969	0.01454	0.00824	0.00969	0.00582	0.00436	0.00436	0.00145	0.00678	0.00339	0.00194	0.00678

[dist]
# distance from previous block
# <min> <max>
1	6

[block]
# block no. 2 follows, 56 sequences, length 13
# corresponding to MSA columns:
# 210-222
name=unknown_C
#
# <colnr> <probs for GDERKNQSTAVLIFYWHMCP>
#	G	D	E	R	K	N	Q	S	T	A	V	L	I	F	Y	W	H	M	C	P
0	0.44672	0.05147	0.00873	0.00724	0.00962	0.17403	0.00575	0.01333	0.01019	0.01768	0.19965	0.01409	0.01445	0.00558	0.00373	0.00136	0.00425	0.00398	0.00323	0.00493
1	0.00887	0.01105	0.17594	0.34601	0.13924	0.00921	0.01252	0.01212	0.00981	0.01327	0.01214	0.02112	0.01112	0.00642	0.00496	0.00163	0.00570	0.19075	0.00258	0.00555
2	0.12712	0.00985	0.20033	0.00695	0.00991	0.00644	0.00700	0.00961	0.01008	0.01447	0.08385	0.03007	0.45035	0.00870	0.00481	0.00150	0.00356	0.00707	0.00356	0.00476
3	0.00737	0.01196	0.31362	0.00866	0.01185	0.00679	0.00911	0.01068	0.03538	0.01487	0.22703	0.18863	0.11843	0.00866	0.00508	0.00155	0.00409	0.00747	0.00360	0.00518
4	0.00791	0.01303	0.34287	0.00959	0.01289	0.00769	0.00997	0.01229	0.11973	0.01394	0.01728	0.37785	0.01787	0.00908	0.00507	0.00165	0.00451	0.00794	0.00335	0.00549
5	0.01110	0.00713	0.00742	0.00650	0.00841	0.00767	0.00510	0.20157	0.12296	0.02026	0.01454	0.01565	0.01113	0.00551	0.00375	0.00121	0.00305	0.00437	0.53712	0.00555
6	0.00959	0.00711	0.00787	0.00691	0.00846	0.00745	0.00507	0.19884	0.09446	0.01711	0.17830	0.02653	0.10648	0.29272	0.01130	0.00248	0.00381	0.00657	0.00404	0.00489
7	0.00892	0.00800	0.00988	0.00898	0.00988	0.03016	0.00705	0.01261	0.17062	0.01463	0.21499	0.13311	0.02072	0.02482	0.00910	0.00178	0.29939	0.00663	0.00366	0.00509
8	0.18327	0.00543	0.00579	0.00559	0.00696	0.00586	0.00433	0.01038	0.00919	0.01645	0.12311	0.01777	0.01471	0.01270	0.20042	0.00271	0.00488	0.00463	0.36143	0.00438
9	0.49015	0.01176	0.00890	0.00801	0.01070	0.17535	0.00632	0.01711	0.20022	0.01836	0.00950	0.00996	0.00734	0.00483	0.00355	0.00141	0.00453	0.00323	0.00319	0.00560
10	0.00994	0.00850	0.00723	0.00653	0.00828	0.17055	0.00494	0.01188	0.01111	0.01593	0.20346	0.01840	0.01749	0.00592	0.00396	0.00113	0.00357	0.00476	0.36163	0.12477
11	0.00812	0.00653	0.01000	0.46203	0.02031	0.00758	0.00878	0.01078	0.01019	0.01444	0.20223	0.01855	0.01623	0.00590	0.00451	0.00142	0.00436	0.00514	0.17816	0.00475
12	0.49020	0.00777	0.00756	0.00650	0.00915	0.00823	0.00527	0.01465	0.01015	0.21119	0.17222	0.01489	0.01431	0.00565	0.00379	0.00143	0.00336	0.00418	0.00398	0.00553

[dist]
# distance from previous block
# <min> <max>
0	97

# created by:
# /home/cegg/simao/soft/augustus-3.2.1/scripts/msa2prfl.pl ./align_prep/EOG091G0PEI.fa
