[name]
unknown

[dist]
# distance from previous block
# <min> <max>
4	39

[block]
# block no. 0 follows, 47 sequences, length 47
# corresponding to MSA columns:
# 48-94
name=unknown_A
#
# <colnr> <probs for GDERKNQSTAVLIFYWHMCP>
#	G	D	E	R	K	N	Q	S	T	A	V	L	I	F	Y	W	H	M	C	P
0	0.21441	0.09058	0.07954	0.00939	0.01294	0.04745	0.00825	0.12523	0.12463	0.03183	0.08411	0.04927	0.01364	0.02114	0.00496	0.00160	0.00482	0.00492	0.00394	0.06734
1	0.10510	0.01300	0.03086	0.02629	0.16034	0.09022	0.03288	0.18167	0.06474	0.07153	0.04011	0.04804	0.01122	0.00619	0.00537	0.00156	0.03294	0.00497	0.00390	0.06908
2	0.13739	0.08918	0.05643	0.02835	0.27282	0.02637	0.01114	0.11815	0.05566	0.05475	0.05002	0.01362	0.01047	0.00614	0.02158	0.00166	0.00561	0.00445	0.00348	0.03272
3	0.04440	0.20291	0.39449	0.01248	0.04452	0.01294	0.01354	0.01562	0.02651	0.04985	0.01193	0.11162	0.01061	0.00643	0.00497	0.00159	0.02066	0.00509	0.00284	0.00700
4	0.01242	0.35348	0.18653	0.01164	0.01616	0.01538	0.08513	0.05739	0.03540	0.01561	0.05938	0.01336	0.01050	0.04046	0.00608	0.00160	0.05068	0.00429	0.00281	0.02170
5	0.01550	0.06274	0.08500	0.02732	0.12523	0.02428	0.00976	0.09414	0.04235	0.25666	0.06867	0.09336	0.03147	0.00724	0.00523	0.00161	0.00494	0.00610	0.03092	0.00747
6	0.00782	0.04020	0.00665	0.00591	0.00612	0.00567	0.00351	0.00789	0.00780	0.01032	0.01643	0.06807	0.01892	0.73041	0.02449	0.02067	0.00497	0.00764	0.00317	0.00334
7	0.01442	0.10599	0.10109	0.01636	0.09495	0.20005	0.20861	0.03205	0.01280	0.06443	0.01182	0.05076	0.01015	0.00598	0.00527	0.00159	0.00738	0.04640	0.00306	0.00684
8	0.01304	0.08231	0.23243	0.01351	0.06531	0.13637	0.03047	0.07439	0.13609	0.01750	0.04696	0.07482	0.01246	0.00665	0.00551	0.00162	0.03477	0.00529	0.00340	0.00709
9	0.00822	0.00647	0.04126	0.00653	0.00711	0.00594	0.00438	0.04087	0.00851	0.01149	0.01577	0.03125	0.01757	0.69629	0.07359	0.00496	0.00576	0.00716	0.00318	0.00370
10	0.00741	0.00552	0.00781	0.00804	0.00898	0.00604	0.00624	0.00912	0.00918	0.01266	0.01994	0.07351	0.08025	0.08235	0.53267	0.00647	0.01062	0.10531	0.00336	0.00453
11	0.05112	0.07870	0.02865	0.04633	0.01544	0.02635	0.03846	0.16507	0.38184	0.07104	0.01628	0.01584	0.01208	0.00629	0.00501	0.00164	0.00499	0.00508	0.02192	0.00789
12	0.01084	0.09167	0.69396	0.01509	0.05468	0.01281	0.01825	0.01640	0.01100	0.01617	0.00919	0.01086	0.00668	0.00489	0.00482	0.00160	0.00746	0.00379	0.00222	0.00764
13	0.00732	0.00529	0.00692	0.00658	0.00777	0.00488	0.00491	0.00971	0.01453	0.02054	0.74817	0.07345	0.04848	0.01090	0.00616	0.00166	0.00248	0.00966	0.00569	0.00488
14	0.01289	0.01237	0.02114	0.03196	0.78450	0.01237	0.01598	0.01598	0.01186	0.01701	0.00980	0.01289	0.00825	0.00464	0.00516	0.00155	0.00619	0.00464	0.00258	0.00825
15	0.01346	0.01833	0.33251	0.01691	0.02294	0.01179	0.33523	0.01810	0.01222	0.14948	0.01178	0.01345	0.00824	0.00497	0.00551	0.00169	0.00760	0.00507	0.00312	0.00761
16	0.00615	0.00528	0.00528	0.00528	0.00703	0.00440	0.00396	0.00747	0.01187	0.01407	0.05276	0.05012	0.78238	0.01319	0.00615	0.00176	0.00264	0.01099	0.00484	0.00440
17	0.01060	0.02587	0.72743	0.01543	0.02292	0.01218	0.08074	0.01651	0.01110	0.01651	0.00944	0.01125	0.00670	0.00490	0.00505	0.00166	0.00779	0.00404	0.00223	0.00764
18	0.01253	0.01232	0.03640	0.02973	0.70290	0.01217	0.01537	0.01558	0.01182	0.01700	0.04497	0.01398	0.01003	0.00510	0.00566	0.00158	0.03735	0.00484	0.00270	0.00799
19	0.01070	0.00923	0.01539	0.75389	0.03443	0.01132	0.01403	0.01407	0.01070	0.06259	0.00997	0.01413	0.00732	0.00529	0.00521	0.00173	0.00678	0.00467	0.00258	0.00598
20	0.01392	0.82012	0.02729	0.00891	0.01337	0.02061	0.00891	0.01559	0.01058	0.01225	0.00724	0.00835	0.00668	0.00446	0.00334	0.00111	0.00557	0.00278	0.00223	0.00668
21	0.01933	0.01511	0.07913	0.01198	0.01643	0.01508	0.01047	0.64106	0.02254	0.09686	0.01294	0.01283	0.00902	0.00616	0.00519	0.00157	0.00578	0.00467	0.00507	0.00876
22	0.00780	0.00581	0.00732	0.00686	0.00824	0.00556	0.00517	0.01124	0.07733	0.02080	0.70234	0.03755	0.06324	0.01041	0.00607	0.00165	0.00260	0.00916	0.00568	0.00518
23	0.00634	0.00453	0.00604	0.00725	0.00755	0.00423	0.00483	0.00725	0.00997	0.01329	0.02870	0.81358	0.03444	0.01632	0.00665	0.00211	0.00302	0.01480	0.00483	0.00423
24	0.01295	0.01119	0.01178	0.01060	0.01354	0.01295	0.00824	0.02767	0.77509	0.02178	0.02120	0.01943	0.01590	0.00707	0.00530	0.00177	0.00412	0.00589	0.00530	0.00824
25	0.01687	0.01285	0.01406	0.01060	0.01491	0.01316	0.00869	0.52215	0.02004	0.02767	0.01145	0.01195	0.00848	0.00547	0.00477	0.00131	0.00512	0.00417	0.00452	0.28176
26	0.01278	0.08001	0.09233	0.02547	0.54859	0.01278	0.01456	0.05460	0.02492	0.01747	0.02682	0.01390	0.02929	0.00511	0.00502	0.00152	0.00601	0.00468	0.00283	0.02130
27	0.01292	0.01488	0.02647	0.01945	0.02401	0.12532	0.59402	0.01671	0.01285	0.01646	0.07373	0.01542	0.01113	0.00505	0.00594	0.00169	0.00835	0.00601	0.00290	0.00671
28	0.01229	0.01405	0.03073	0.02195	0.02722	0.01317	0.76558	0.01668	0.01229	0.01668	0.01054	0.01405	0.00790	0.00439	0.00615	0.00176	0.00878	0.00615	0.00263	0.00702
29	0.00623	0.00528	0.00538	0.00536	0.00708	0.00443	0.00402	0.00762	0.01205	0.01450	0.09912	0.04940	0.73575	0.01303	0.00615	0.00175	0.00263	0.01089	0.00489	0.00443
30	0.01301	0.42943	0.29387	0.01151	0.01701	0.01633	0.03517	0.01715	0.05960	0.04908	0.00956	0.01058	0.00755	0.00488	0.00420	0.00139	0.00627	0.00357	0.00261	0.00725
31	0.00995	0.00938	0.01584	0.77429	0.06511	0.01160	0.01452	0.01341	0.01047	0.01345	0.00928	0.01385	0.00699	0.00518	0.00520	0.00173	0.00691	0.00463	0.00232	0.00588
32	0.00634	0.00453	0.00604	0.00725	0.00755	0.00423	0.00483	0.00725	0.00997	0.01329	0.02870	0.81358	0.03444	0.01632	0.00665	0.00211	0.00302	0.01480	0.00483	0.00423
33	0.00956	0.00850	0.00855	0.00869	0.01006	0.08795	0.00628	0.01439	0.21809	0.01618	0.08708	0.43707	0.04253	0.01216	0.00603	0.00189	0.00392	0.01070	0.00481	0.00556
34	0.01031	0.00975	0.01649	0.68316	0.15342	0.01170	0.01470	0.01373	0.01064	0.01389	0.00934	0.01373	0.00715	0.00512	0.00520	0.00171	0.00682	0.00463	0.00236	0.00617
35	0.01119	0.00924	0.01084	0.00776	0.01237	0.00696	0.00622	0.01350	0.01093	0.04107	0.00961	0.01102	0.00788	0.00394	0.00390	0.00080	0.00387	0.00315	0.00319	0.82256
36	0.85377	0.01007	0.00765	0.00685	0.01007	0.01168	0.00564	0.01531	0.00886	0.02336	0.00725	0.00846	0.00564	0.00483	0.00322	0.00161	0.00403	0.00282	0.00322	0.00564
37	0.02035	0.01370	0.01508	0.01156	0.01571	0.01484	0.00955	0.65260	0.02301	0.14944	0.01374	0.01331	0.00948	0.00628	0.00521	0.00157	0.00553	0.00477	0.00540	0.00886
38	0.01591	0.01283	0.01481	0.01432	0.12724	0.01425	0.01009	0.34663	0.33815	0.02587	0.01576	0.01547	0.01173	0.00636	0.00524	0.00165	0.00512	0.00519	0.00486	0.00851
39	0.00744	0.00558	0.00837	0.00837	0.00930	0.00651	0.00651	0.00930	0.00837	0.01209	0.01395	0.02046	0.01302	0.03906	0.79635	0.00837	0.01395	0.00558	0.00279	0.00465
40	0.00732	0.00496	0.00573	0.00594	0.00604	0.00489	0.00347	0.00751	0.00810	0.01076	0.01951	0.17072	0.04170	0.65595	0.02250	0.00445	0.00463	0.00893	0.00349	0.00338
41	0.01945	0.02482	0.01476	0.01342	0.01610	0.79608	0.01006	0.02079	0.01476	0.01275	0.00805	0.00939	0.00671	0.00537	0.00470	0.00134	0.00939	0.00335	0.00268	0.00604
42	0.00634	0.00453	0.00604	0.00725	0.00755	0.00423	0.00483	0.00725	0.00997	0.01329	0.02870	0.81358	0.03444	0.01632	0.00665	0.00211	0.00302	0.01480	0.00483	0.00423
43	0.01945	0.02482	0.01476	0.01342	0.01610	0.79608	0.01006	0.02079	0.01476	0.01275	0.00805	0.00939	0.00671	0.00537	0.00470	0.00134	0.00939	0.00335	0.00268	0.00604
44	0.01080	0.00926	0.01080	0.00771	0.01234	0.00694	0.00617	0.01311	0.01080	0.01697	0.00926	0.01080	0.00771	0.00386	0.00386	0.00077	0.00386	0.00309	0.00309	0.84882
45	0.00756	0.00511	0.00599	0.00599	0.00609	0.00521	0.00354	0.00777	0.00766	0.01032	0.01613	0.03253	0.01826	0.72856	0.11401	0.00543	0.00606	0.00735	0.00311	0.00333
46	0.01114	0.12491	0.67929	0.01399	0.02121	0.01306	0.01772	0.01657	0.01102	0.03197	0.00932	0.01081	0.00674	0.00492	0.00475	0.00158	0.00736	0.00375	0.00229	0.00759

[dist]
# distance from previous block
# <min> <max>
1	128

[block]
# block no. 1 follows, 47 sequences, length 74
# corresponding to MSA columns:
# 225-264,274-307
name=unknown_B
#
# <colnr> <probs for GDERKNQSTAVLIFYWHMCP>
#	G	D	E	R	K	N	Q	S	T	A	V	L	I	F	Y	W	H	M	C	P
0	0.00634	0.00453	0.00604	0.00725	0.00755	0.00423	0.00483	0.00725	0.00997	0.01329	0.02870	0.81358	0.03444	0.01632	0.00665	0.00211	0.00302	0.01480	0.00483	0.00423
1	0.01282	0.01474	0.02805	0.04232	0.02570	0.08366	0.63482	0.01673	0.01222	0.01600	0.01007	0.01348	0.00771	0.00476	0.00660	0.00175	0.05338	0.00576	0.00261	0.00683
2	0.00751	0.00543	0.00632	0.00621	0.00777	0.00477	0.00468	0.00921	0.01272	0.05601	0.26780	0.11625	0.42373	0.01241	0.00619	0.00177	0.00279	0.03845	0.00519	0.00478
3	0.01287	0.59574	0.15603	0.00989	0.01475	0.01761	0.01049	0.01537	0.01073	0.01343	0.00869	0.01135	0.00784	0.00498	0.00383	0.00125	0.00579	0.03852	0.00240	0.05845
4	0.01054	0.00900	0.01063	0.00785	0.01198	0.00720	0.00628	0.01275	0.01064	0.01658	0.01095	0.01266	0.03434	0.00554	0.02880	0.00112	0.04060	0.00354	0.02284	0.73615
5	0.01280	0.26073	0.36133	0.01211	0.01773	0.01518	0.01347	0.09125	0.13464	0.01766	0.01092	0.01170	0.00833	0.00527	0.00455	0.00150	0.00629	0.00394	0.00300	0.00759
6	0.01551	0.00877	0.01094	0.00923	0.01218	0.00875	0.02185	0.02177	0.26305	0.32189	0.18061	0.04770	0.03858	0.00793	0.00553	0.00169	0.00392	0.00676	0.00576	0.00756
7	0.01322	0.08469	0.03198	0.01062	0.04865	0.02382	0.00834	0.10414	0.25833	0.03212	0.01347	0.01373	0.01045	0.00534	0.00455	0.00129	0.00460	0.00427	0.00396	0.32243
8	0.00911	0.19182	0.03572	0.00883	0.04991	0.00905	0.00690	0.01089	0.01123	0.01467	0.09544	0.22944	0.17223	0.01025	0.00538	0.00161	0.00394	0.04380	0.00396	0.08581
9	0.01325	0.31083	0.34277	0.01162	0.01724	0.03625	0.01301	0.01770	0.06436	0.08162	0.01033	0.01115	0.00786	0.00502	0.00437	0.00142	0.00630	0.00368	0.00284	0.03838
10	0.01101	0.12787	0.64513	0.01452	0.02165	0.01325	0.06416	0.01639	0.01102	0.01596	0.00915	0.01085	0.00669	0.00485	0.00482	0.00159	0.00749	0.00385	0.00223	0.00752
11	0.00642	0.00517	0.00572	0.00582	0.00726	0.00447	0.00428	0.00791	0.01215	0.01530	0.19326	0.16210	0.52556	0.01315	0.00623	0.00179	0.00266	0.01125	0.00501	0.00447
12	0.01289	0.01237	0.02114	0.03196	0.78450	0.01237	0.01598	0.01598	0.01186	0.01701	0.00980	0.01289	0.00825	0.00464	0.00516	0.00155	0.00619	0.00464	0.00258	0.00825
13	0.01282	0.01256	0.02219	0.03087	0.70137	0.01246	0.09827	0.01606	0.01191	0.01698	0.00988	0.01302	0.00821	0.00461	0.00526	0.00157	0.00647	0.00481	0.00258	0.00811
14	0.01244	0.01120	0.01935	0.29650	0.42585	0.01186	0.06735	0.01568	0.01158	0.06303	0.01032	0.01361	0.00806	0.00493	0.00525	0.00163	0.00652	0.00478	0.00273	0.00735
15	0.00748	0.00542	0.00758	0.00758	0.00823	0.00608	0.00552	0.00879	0.00814	0.01150	0.01467	0.02447	0.01476	0.26799	0.56980	0.00739	0.01133	0.00617	0.00290	0.00421
16	0.01034	0.00977	0.01653	0.67734	0.15907	0.01170	0.01471	0.01375	0.01065	0.01392	0.00934	0.01372	0.00716	0.00511	0.00520	0.00170	0.00682	0.00463	0.00236	0.00619
17	0.01238	0.01159	0.02048	0.27585	0.18109	0.01228	0.22979	0.03469	0.09946	0.05272	0.01171	0.01451	0.00883	0.00515	0.00548	0.00170	0.00685	0.00524	0.00306	0.00714
18	0.00675	0.00482	0.00651	0.00772	0.00820	0.00458	0.00554	0.00795	0.01037	0.01375	0.02848	0.66389	0.03356	0.01593	0.00676	0.00217	0.00337	0.16049	0.00483	0.00434
19	0.01980	0.01459	0.01563	0.01198	0.01615	0.01615	0.00990	0.76713	0.02448	0.03282	0.01250	0.01250	0.00886	0.00625	0.00521	0.00156	0.00573	0.00469	0.00521	0.00886
20	0.00619	0.00524	0.00532	0.00537	0.00703	0.00440	0.00398	0.00747	0.01169	0.01395	0.05091	0.08447	0.73256	0.03001	0.00660	0.00184	0.00271	0.01109	0.00480	0.00436
21	0.00634	0.00453	0.00604	0.00725	0.00755	0.00423	0.00483	0.00725	0.00997	0.01329	0.02870	0.81358	0.03444	0.01632	0.00665	0.00211	0.00302	0.01480	0.00483	0.00423
22	0.00725	0.00528	0.00682	0.00651	0.00773	0.00485	0.00485	0.00957	0.01436	0.02014	0.70521	0.07475	0.09104	0.01105	0.00617	0.00167	0.00249	0.00975	0.00564	0.00485
23	0.01139	0.01139	0.01595	0.01367	0.01367	0.01595	0.01139	0.01253	0.00798	0.01253	0.00684	0.01139	0.00684	0.00911	0.01709	0.00228	0.80745	0.00456	0.00228	0.00570
24	0.01080	0.00926	0.01080	0.00771	0.01234	0.00694	0.00617	0.01311	0.01080	0.01697	0.00926	0.01080	0.00771	0.00386	0.00386	0.00077	0.00386	0.00309	0.00309	0.84882
25	0.01392	0.82012	0.02729	0.00891	0.01337	0.02061	0.00891	0.01559	0.01058	0.01225	0.00724	0.00835	0.00668	0.00446	0.00334	0.00111	0.00557	0.00278	0.00223	0.00668
26	0.01289	0.01237	0.02114	0.03196	0.78450	0.01237	0.01598	0.01598	0.01186	0.01701	0.00980	0.01289	0.00825	0.00464	0.00516	0.00155	0.00619	0.00464	0.00258	0.00825
27	0.01945	0.02482	0.01476	0.01342	0.01610	0.79608	0.01006	0.02079	0.01476	0.01275	0.00805	0.00939	0.00671	0.00537	0.00470	0.00134	0.00939	0.00335	0.00268	0.00604
28	0.01083	0.01106	0.02068	0.01533	0.01952	0.01001	0.41678	0.01443	0.03500	0.01634	0.01552	0.10903	0.05878	0.00643	0.00566	0.00158	0.00637	0.01870	0.00325	0.20472
29	0.05377	0.58933	0.14839	0.01013	0.01491	0.08148	0.01051	0.01615	0.01090	0.01350	0.00765	0.00887	0.00662	0.00463	0.00370	0.00124	0.00615	0.00300	0.00231	0.00674
30	0.01439	0.62184	0.05944	0.05088	0.01536	0.13719	0.00984	0.01630	0.01122	0.01257	0.00756	0.00892	0.00670	0.00465	0.00372	0.00120	0.00632	0.00301	0.00230	0.00658
31	0.01462	0.01166	0.05493	0.03101	0.12077	0.03883	0.08141	0.09759	0.01350	0.17969	0.02799	0.07822	0.02845	0.00645	0.00557	0.00151	0.03268	0.00556	0.00403	0.16554
32	0.01125	0.23870	0.56339	0.01298	0.01964	0.01415	0.01604	0.01599	0.01091	0.01529	0.01002	0.01140	0.02875	0.00505	0.00455	0.00151	0.00698	0.00377	0.00228	0.00733
33	0.01086	0.01030	0.01551	0.71260	0.03353	0.04916	0.01391	0.05277	0.02423	0.01443	0.00957	0.01369	0.00718	0.00530	0.00518	0.00171	0.00695	0.00459	0.00253	0.00600
34	0.02329	0.00899	0.01216	0.00932	0.01336	0.00784	0.00770	0.04142	0.01511	0.77177	0.02037	0.01761	0.01280	0.00644	0.00524	0.00161	0.00446	0.00523	0.00642	0.00886
35	0.01205	0.01460	0.07676	0.06185	0.02737	0.01302	0.68084	0.01650	0.01211	0.01650	0.01040	0.01385	0.00777	0.00447	0.00602	0.00175	0.00862	0.00593	0.00259	0.00700
36	0.01253	0.01233	0.03675	0.05884	0.40265	0.01195	0.22418	0.01663	0.05854	0.04311	0.01221	0.04706	0.01025	0.00551	0.00555	0.00167	0.00663	0.02302	0.00302	0.00757
37	0.02308	0.00932	0.01237	0.00948	0.01352	0.00834	0.00784	0.08521	0.01568	0.72718	0.01990	0.01730	0.01257	0.00643	0.00523	0.00161	0.00454	0.00519	0.00635	0.00886
38	0.00757	0.00505	0.00568	0.00568	0.00568	0.00505	0.00316	0.00757	0.00757	0.01010	0.01641	0.03408	0.01893	0.81698	0.02651	0.00505	0.00505	0.00757	0.00316	0.00316
39	0.01156	0.28116	0.54554	0.01294	0.01960	0.01482	0.01593	0.01620	0.01086	0.01513	0.00867	0.01015	0.00662	0.00479	0.00443	0.00148	0.00701	0.00351	0.00221	0.00737
40	0.01603	0.00731	0.00932	0.00767	0.01066	0.00630	0.00615	0.01786	0.01391	0.45267	0.11571	0.03055	0.26547	0.00909	0.00563	0.00166	0.00363	0.00756	0.00585	0.00698
41	0.00707	0.00527	0.00656	0.00632	0.00761	0.00477	0.00471	0.00921	0.01391	0.01909	0.59259	0.07932	0.20145	0.01146	0.00617	0.00169	0.00252	0.01001	0.00550	0.00477
42	0.01753	0.22690	0.01866	0.01359	0.08025	0.40564	0.01024	0.13831	0.01499	0.01619	0.00870	0.00992	0.00717	0.00521	0.00447	0.00134	0.00755	0.00353	0.00296	0.00684
43	0.01262	0.01192	0.01969	0.13640	0.61768	0.01238	0.01517	0.03256	0.05877	0.01714	0.01048	0.01342	0.00855	0.00490	0.00517	0.00159	0.00615	0.00472	0.00277	0.00792
44	0.02298	0.00948	0.01247	0.00956	0.01360	0.00857	0.00790	0.10538	0.01594	0.70665	0.01968	0.01716	0.01246	0.00642	0.00523	0.00161	0.00457	0.00518	0.00631	0.00886
45	0.00919	0.00668	0.00816	0.00805	0.00869	0.07104	0.00588	0.00908	0.00816	0.01072	0.01117	0.01738	0.01064	0.02647	0.36838	0.40006	0.00917	0.00490	0.00253	0.00365
46	0.01243	0.01281	0.05764	0.04625	0.65705	0.01209	0.06170	0.01567	0.01174	0.01675	0.01050	0.04236	0.00908	0.00508	0.00526	0.00159	0.00632	0.00507	0.00264	0.00795
47	0.01031	0.00863	0.00920	0.00887	0.01082	0.03524	0.00675	0.06632	0.29880	0.01826	0.04927	0.23957	0.14192	0.01102	0.00593	0.00187	0.00388	0.06218	0.00498	0.00619
48	0.00634	0.00453	0.00604	0.00725	0.00755	0.00423	0.00483	0.00725	0.00997	0.01329	0.02870	0.81358	0.03444	0.01632	0.00665	0.00211	0.00302	0.01480	0.00483	0.00423
49	0.01015	0.04662	0.44027	0.01279	0.01779	0.06380	0.05995	0.01420	0.01116	0.01541	0.03627	0.21843	0.01507	0.00801	0.00542	0.00174	0.00645	0.00690	0.00304	0.00654
50	0.01707	0.32077	0.03393	0.01155	0.01503	0.44459	0.00969	0.05083	0.01348	0.01361	0.00812	0.00934	0.00690	0.00507	0.00420	0.00127	0.00765	0.00323	0.01725	0.00641
51	0.06593	0.16097	0.39336	0.01300	0.01895	0.01328	0.08967	0.02793	0.05799	0.01683	0.00973	0.01120	0.00740	0.00484	0.00459	0.00148	0.00657	0.00389	0.00264	0.08976
52	0.01168	0.22164	0.40193	0.01341	0.07750	0.01310	0.01402	0.01567	0.01137	0.05223	0.06876	0.05389	0.01168	0.00588	0.00475	0.00153	0.00625	0.00469	0.00284	0.00715
53	0.09103	0.01335	0.09415	0.01489	0.06491	0.01254	0.20680	0.04760	0.29453	0.04608	0.03565	0.01585	0.01186	0.00589	0.00552	0.00172	0.02076	0.00540	0.00393	0.00753
54	0.01054	0.00968	0.01575	0.41540	0.24871	0.01094	0.01322	0.01424	0.05041	0.01522	0.05833	0.01749	0.01158	0.02933	0.03502	0.00203	0.00645	0.02635	0.00287	0.00643
55	0.01389	0.01179	0.01932	0.08087	0.49795	0.01198	0.06642	0.03013	0.09577	0.10150	0.01227	0.01428	0.00948	0.00515	0.00525	0.00161	0.00600	0.00495	0.00332	0.00806
56	0.01144	0.01176	0.05557	0.36480	0.40648	0.01203	0.03348	0.01487	0.01120	0.01538	0.00956	0.01326	0.00760	0.00489	0.00519	0.00164	0.00665	0.00463	0.00245	0.00713
57	0.01282	0.00595	0.00682	0.00608	0.00809	0.00553	0.00474	0.01501	0.01214	0.21903	0.03617	0.02280	0.10074	0.00706	0.00439	0.00139	0.00297	0.00573	0.51669	0.00585
58	0.00787	0.00621	0.00921	0.01121	0.10655	0.00597	0.02875	0.00960	0.01107	0.01479	0.06037	0.43567	0.06722	0.01363	0.00653	0.00206	0.00397	0.18980	0.00452	0.00499
59	0.05301	0.51824	0.15464	0.01053	0.01526	0.01714	0.04932	0.04942	0.01125	0.01473	0.00933	0.05871	0.00848	0.00536	0.00404	0.00134	0.00587	0.00396	0.00259	0.00677
60	0.00689	0.00522	0.00634	0.00623	0.00753	0.00468	0.00461	0.00883	0.01334	0.01797	0.47611	0.12510	0.27410	0.01204	0.00620	0.00173	0.00257	0.01048	0.00536	0.00468
61	0.00671	0.00530	0.00631	0.00627	0.00766	0.00490	0.00471	0.00839	0.01186	0.01541	0.23102	0.08881	0.41166	0.01734	0.14697	0.00293	0.00463	0.00986	0.00470	0.00456
62	0.01162	0.04399	0.50814	0.01566	0.02201	0.01272	0.16712	0.03043	0.03956	0.04031	0.01022	0.01210	0.00745	0.00520	0.00584	0.00169	0.05140	0.00445	0.00259	0.00750
63	0.01412	0.10092	0.51409	0.01282	0.01925	0.01179	0.01523	0.01869	0.01196	0.21474	0.01202	0.01247	0.00823	0.00528	0.00486	0.00159	0.00664	0.00410	0.00330	0.00790
64	0.22151	0.00915	0.01103	0.00869	0.01252	0.00862	0.00717	0.02298	0.01346	0.60563	0.01737	0.01551	0.01116	0.00606	0.00476	0.00161	0.00434	0.00466	0.00568	0.00809
65	0.01239	0.01296	0.06784	0.08678	0.61061	0.01225	0.04972	0.01609	0.03503	0.01675	0.01018	0.01323	0.00835	0.00536	0.01898	0.00170	0.00653	0.00471	0.00262	0.00791
66	0.14658	0.03585	0.28973	0.01170	0.01681	0.06959	0.04605	0.01934	0.01234	0.26630	0.02923	0.01333	0.00947	0.00553	0.00480	0.00160	0.00609	0.00430	0.00386	0.00751
67	0.00976	0.00847	0.01311	0.45854	0.02491	0.01027	0.01138	0.05847	0.02516	0.01442	0.01228	0.05799	0.01080	0.01437	0.19452	0.00337	0.03547	0.02821	0.00287	0.00564
68	0.01042	0.00841	0.00934	0.00855	0.01063	0.00909	0.00650	0.05654	0.36038	0.02033	0.25363	0.06616	0.08925	0.05875	0.00699	0.00193	0.00358	0.00784	0.00523	0.00645
69	0.01272	0.40905	0.33467	0.01226	0.01806	0.01649	0.05957	0.05477	0.01157	0.01530	0.00856	0.00998	0.00684	0.00474	0.00426	0.00139	0.00663	0.00352	0.00239	0.00722
70	0.05061	0.01175	0.08602	0.06179	0.05486	0.03864	0.04485	0.01276	0.00988	0.01434	0.01451	0.09047	0.06282	0.00911	0.01047	0.00202	0.34197	0.07434	0.00299	0.00579
71	0.04146	0.00905	0.03204	0.03898	0.08906	0.04910	0.00930	0.01439	0.10093	0.04004	0.02279	0.07512	0.04558	0.01098	0.00625	0.00206	0.00506	0.39764	0.00436	0.00584
72	0.00734	0.00536	0.00651	0.00682	0.00814	0.00484	0.00522	0.00899	0.01209	0.03932	0.17378	0.21393	0.33128	0.01341	0.00641	0.00192	0.00312	0.14180	0.00504	0.00466
73	0.03508	0.01201	0.05780	0.01921	0.32250	0.01103	0.03269	0.09491	0.04287	0.28549	0.02529	0.01498	0.01064	0.00562	0.00518	0.00159	0.00551	0.00493	0.00432	0.00835

[dist]
# distance from previous block
# <min> <max>
0	41

[block]
# block no. 2 follows, 47 sequences, length 11
# corresponding to MSA columns:
# 349-359
name=unknown_C
#
# <colnr> <probs for GDERKNQSTAVLIFYWHMCP>
#	G	D	E	R	K	N	Q	S	T	A	V	L	I	F	Y	W	H	M	C	P
0	0.01134	0.15577	0.50895	0.01425	0.03727	0.03739	0.07192	0.01626	0.02809	0.01566	0.01029	0.05125	0.00835	0.00545	0.00486	0.00158	0.00713	0.00444	0.00246	0.00728
1	0.01258	0.01206	0.02058	0.11021	0.70867	0.01229	0.01583	0.01571	0.01171	0.01664	0.00974	0.01299	0.00812	0.00470	0.00516	0.00157	0.00626	0.00464	0.00255	0.00800
2	0.01090	0.01034	0.01754	0.53557	0.29645	0.01185	0.01499	0.01424	0.01092	0.01460	0.00944	0.01354	0.00740	0.00501	0.00519	0.00167	0.00668	0.00463	0.00241	0.00664
3	0.01238	0.01185	0.02021	0.16142	0.65905	0.01224	0.01573	0.01553	0.01162	0.01639	0.00971	0.01306	0.00803	0.00473	0.00516	0.00158	0.00631	0.00464	0.00253	0.00784
4	0.01211	0.01502	0.15103	0.02549	0.41758	0.01230	0.22994	0.01599	0.01178	0.01671	0.01053	0.03813	0.00870	0.00499	0.00545	0.00164	0.00708	0.00526	0.00260	0.00768
5	0.01018	0.00624	0.00927	0.00873	0.01025	0.00573	0.06858	0.01160	0.01109	0.16289	0.02609	0.50778	0.06601	0.04117	0.02633	0.00222	0.00409	0.01157	0.00485	0.00534
6	0.01246	0.01193	0.02036	0.14125	0.67858	0.01226	0.01577	0.01560	0.01165	0.01649	0.00972	0.01303	0.00806	0.00472	0.00516	0.00157	0.00629	0.00464	0.00254	0.00790
7	0.01272	0.01220	0.02084	0.07385	0.74390	0.01233	0.01590	0.01584	0.01178	0.01681	0.00977	0.01294	0.00818	0.00467	0.00516	0.00156	0.00623	0.00464	0.00256	0.00812
8	0.01117	0.20618	0.43164	0.01182	0.01745	0.01305	0.01375	0.06469	0.01182	0.01614	0.01471	0.06654	0.08699	0.00649	0.00483	0.00156	0.00626	0.00509	0.00284	0.00698
9	0.68509	0.01167	0.00921	0.00798	0.01130	0.06456	0.00651	0.11762	0.01137	0.02394	0.00802	0.00907	0.00615	0.00506	0.00359	0.00159	0.00462	0.00311	0.00346	0.00610
10	0.01316	0.01244	0.01883	0.10309	0.55696	0.06246	0.01417	0.01606	0.01190	0.04274	0.00994	0.01271	0.00813	0.00473	0.00500	0.00148	0.00617	0.00442	0.00274	0.09285

[dist]
# distance from previous block
# <min> <max>
4	10

[block]
# block no. 3 follows, 47 sequences, length 80
# corresponding to MSA columns:
# 370-416,418-432,440,441,450-465
name=unknown_D
#
# <colnr> <probs for GDERKNQSTAVLIFYWHMCP>
#	G	D	E	R	K	N	Q	S	T	A	V	L	I	F	Y	W	H	M	C	P
0	0.01107	0.17005	0.65238	0.01377	0.02088	0.01363	0.01738	0.01633	0.01092	0.01573	0.00897	0.01052	0.00661	0.00486	0.00466	0.00155	0.00731	0.00366	0.00220	0.00751
1	0.01338	0.65583	0.12855	0.01137	0.07046	0.01887	0.01080	0.01574	0.01073	0.01316	0.00771	0.00903	0.00678	0.00453	0.00369	0.00122	0.00590	0.00306	0.00225	0.00693
2	0.01410	0.62024	0.03994	0.01114	0.07247	0.01887	0.00967	0.06834	0.07510	0.01491	0.00900	0.00996	0.00771	0.00482	0.00380	0.00124	0.00555	0.00334	0.00271	0.00710
3	0.01163	0.03056	0.08246	0.00876	0.01363	0.00854	0.00775	0.07924	0.01201	0.01820	0.00950	0.01091	0.00769	0.00418	0.00406	0.00093	0.00441	0.00329	0.00317	0.67911
4	0.05582	0.18134	0.41826	0.01198	0.01773	0.01275	0.02273	0.01713	0.02865	0.11419	0.04701	0.02943	0.01016	0.00558	0.00469	0.00155	0.00626	0.00432	0.00309	0.00734
5	0.09651	0.01119	0.08735	0.01866	0.34050	0.02165	0.01142	0.01394	0.01164	0.04182	0.09561	0.13888	0.02660	0.00787	0.00540	0.00171	0.00510	0.05387	0.00357	0.00670
6	0.00782	0.00587	0.00849	0.04811	0.03227	0.00656	0.00655	0.00941	0.00865	0.01209	0.01514	0.02579	0.01516	0.21195	0.50149	0.00665	0.01068	0.05985	0.00299	0.00448
7	0.01258	0.02602	0.01838	0.16403	0.51220	0.01169	0.01394	0.02944	0.02783	0.05217	0.01095	0.01495	0.00919	0.06675	0.00676	0.00185	0.00609	0.00488	0.00286	0.00744
8	0.01137	0.01153	0.01907	0.10783	0.07482	0.01413	0.17172	0.01367	0.00964	0.01397	0.00908	0.01456	0.00826	0.00758	0.01207	0.00206	0.45030	0.03971	0.00250	0.00613
9	0.01982	0.00991	0.04801	0.00950	0.01314	0.00861	0.00797	0.12679	0.01517	0.53029	0.01921	0.07845	0.01411	0.06582	0.00687	0.00189	0.00470	0.00599	0.00571	0.00804
10	0.00765	0.00645	0.03224	0.00867	0.06727	0.00558	0.00609	0.00998	0.01360	0.01892	0.54091	0.11506	0.12605	0.01087	0.00608	0.00169	0.00298	0.00960	0.00519	0.00513
11	0.00824	0.00634	0.00969	0.12677	0.01318	0.00757	0.00772	0.00976	0.00844	0.01190	0.01218	0.01833	0.01122	0.02948	0.53017	0.11742	0.05918	0.00524	0.00262	0.00457
12	0.01089	0.00883	0.01158	0.01383	0.20965	0.06437	0.00836	0.01340	0.01401	0.07771	0.46813	0.02842	0.03273	0.00839	0.00571	0.00159	0.00407	0.00742	0.00475	0.00616
13	0.01002	0.01001	0.05229	0.02732	0.01689	0.00920	0.25157	0.01444	0.09167	0.01683	0.07776	0.08707	0.02169	0.00966	0.00640	0.00200	0.00588	0.27922	0.00406	0.00599
14	0.01201	0.01018	0.01099	0.01004	0.01268	0.01158	0.00784	0.02454	0.63940	0.02134	0.11633	0.02396	0.02079	0.00790	0.00551	0.00178	0.00395	0.04620	0.00533	0.00764
15	0.01006	0.00623	0.00801	0.00834	0.00988	0.00616	0.00703	0.03035	0.02887	0.07610	0.07949	0.04382	0.04144	0.01139	0.00611	0.00199	0.00406	0.43413	0.18126	0.00529
16	0.01289	0.01237	0.02114	0.03196	0.78450	0.01237	0.01598	0.01598	0.01186	0.01701	0.00980	0.01289	0.00825	0.00464	0.00516	0.00155	0.00619	0.00464	0.00258	0.00825
17	0.00634	0.00453	0.00604	0.00725	0.00755	0.00423	0.00483	0.00725	0.00997	0.01329	0.02870	0.81358	0.03444	0.01632	0.00665	0.00211	0.00302	0.01480	0.00483	0.00423
18	0.00757	0.00505	0.00568	0.00568	0.00568	0.00505	0.00316	0.00757	0.00757	0.01010	0.01641	0.03408	0.01893	0.81698	0.02651	0.00505	0.00505	0.00757	0.00316	0.00316
19	0.02336	0.00886	0.01209	0.00927	0.01329	0.00765	0.00765	0.02538	0.01491	0.78810	0.02055	0.01773	0.01289	0.00645	0.00524	0.00161	0.00443	0.00524	0.00645	0.00886
20	0.01308	0.62682	0.21316	0.01036	0.01560	0.01853	0.01143	0.01581	0.01068	0.01329	0.00775	0.00900	0.00666	0.00458	0.00373	0.00124	0.00609	0.00304	0.00222	0.00693
21	0.00890	0.00706	0.00927	0.05184	0.01180	0.03132	0.03140	0.06747	0.01191	0.01555	0.02424	0.33844	0.04120	0.01518	0.06377	0.00256	0.00519	0.25345	0.00443	0.00503
22	0.01131	0.08648	0.69558	0.01413	0.02141	0.01253	0.01791	0.01684	0.01115	0.05222	0.00971	0.01111	0.00690	0.00498	0.00484	0.00161	0.00738	0.00383	0.00240	0.00767
23	0.00836	0.00754	0.01151	0.47933	0.02420	0.00863	0.01030	0.01090	0.01075	0.01351	0.02377	0.13014	0.22324	0.00887	0.00566	0.00179	0.00524	0.00773	0.00334	0.00520
24	0.01100	0.01026	0.01718	0.25873	0.43984	0.01090	0.01379	0.01394	0.01136	0.01568	0.04777	0.10183	0.01263	0.00636	0.00538	0.00167	0.00589	0.00597	0.00289	0.00692
25	0.01007	0.00949	0.01604	0.74565	0.09286	0.01163	0.01458	0.01351	0.01052	0.01359	0.00930	0.01381	0.00704	0.00516	0.00520	0.00172	0.00688	0.00463	0.00233	0.00597
26	0.01169	0.01193	0.02262	0.28064	0.28072	0.01238	0.27232	0.01535	0.01153	0.01569	0.00987	0.01361	0.00770	0.00474	0.00551	0.00168	0.00732	0.00515	0.00251	0.00703
27	0.01109	0.06920	0.55467	0.01624	0.03978	0.01293	0.16465	0.01634	0.01115	0.01617	0.00939	0.01150	0.00690	0.00494	0.00549	0.00166	0.03388	0.00428	0.00230	0.00745
28	0.00833	0.00717	0.01145	0.23257	0.01780	0.00767	0.07882	0.01109	0.05144	0.01418	0.02110	0.43682	0.02305	0.01150	0.00615	0.00197	0.00480	0.04499	0.00395	0.00517
29	0.01260	0.08008	0.54620	0.01286	0.01922	0.01143	0.01548	0.01739	0.01190	0.14409	0.06985	0.01404	0.01088	0.00559	0.00497	0.00160	0.00660	0.00442	0.00317	0.00760
30	0.01444	0.08928	0.03848	0.06924	0.01684	0.02401	0.14232	0.03395	0.06828	0.22499	0.06928	0.05522	0.01647	0.00753	0.00558	0.00173	0.00553	0.10542	0.00443	0.00697
31	0.01083	0.01027	0.01742	0.55292	0.27964	0.01183	0.01496	0.01418	0.01088	0.01451	0.00943	0.01356	0.00737	0.00502	0.00519	0.00167	0.00670	0.00463	0.00240	0.00659
32	0.01323	0.50654	0.26964	0.01115	0.01650	0.07693	0.01229	0.01628	0.01103	0.01364	0.00797	0.00928	0.00666	0.00468	0.00396	0.00130	0.00654	0.00317	0.00225	0.00696
33	0.01204	0.00855	0.01401	0.01214	0.01481	0.00826	0.17233	0.01566	0.06784	0.14862	0.04014	0.06231	0.02183	0.01030	0.00645	0.00205	0.00544	0.36635	0.00467	0.00621
34	0.01156	0.06300	0.38282	0.01485	0.01940	0.05054	0.09590	0.01539	0.01032	0.01484	0.00849	0.01123	0.00682	0.00622	0.00888	0.00182	0.26453	0.00424	0.00230	0.00685
35	0.01041	0.02443	0.67089	0.01516	0.02221	0.01178	0.09422	0.01602	0.01107	0.01634	0.01050	0.05435	0.00822	0.00550	0.00516	0.00169	0.00756	0.00467	0.00238	0.00744
36	0.01041	0.00984	0.01666	0.65890	0.17693	0.01172	0.01475	0.01381	0.01069	0.01400	0.00936	0.01370	0.00719	0.00510	0.00520	0.00170	0.00680	0.00463	0.00236	0.00625
37	0.01289	0.01237	0.02114	0.03196	0.78450	0.01237	0.01598	0.01598	0.01186	0.01701	0.00980	0.01289	0.00825	0.00464	0.00516	0.00155	0.00619	0.00464	0.00258	0.00825
38	0.00983	0.00926	0.01562	0.80447	0.03587	0.01157	0.01446	0.01331	0.01041	0.01331	0.00926	0.01388	0.00694	0.00521	0.00521	0.00174	0.00694	0.00463	0.00231	0.00579
39	0.01350	0.01365	0.08164	0.02563	0.43390	0.01215	0.23442	0.01710	0.01220	0.08825	0.01097	0.01353	0.00845	0.00476	0.00544	0.00162	0.00690	0.00507	0.00292	0.00791
40	0.01204	0.00919	0.01504	0.67499	0.03219	0.01093	0.01335	0.01527	0.01114	0.13946	0.01109	0.01451	0.00791	0.00541	0.00521	0.00172	0.00653	0.00473	0.00299	0.00629
41	0.01144	0.06821	0.62720	0.01504	0.02199	0.06944	0.08263	0.01677	0.01136	0.01601	0.00924	0.01100	0.00672	0.00490	0.00495	0.00161	0.00780	0.00395	0.00227	0.00746
42	0.02799	0.04623	0.42057	0.01524	0.03450	0.08546	0.15051	0.01822	0.04502	0.09109	0.01094	0.01232	0.00787	0.00510	0.00511	0.00162	0.00742	0.00440	0.00289	0.00750
43	0.01052	0.02642	0.75926	0.01513	0.02273	0.01214	0.04946	0.01650	0.01105	0.01650	0.00939	0.01112	0.00665	0.00493	0.00500	0.00165	0.00774	0.00394	0.00222	0.00767
44	0.00799	0.00655	0.03818	0.00671	0.00854	0.00541	0.00534	0.00947	0.01157	0.07781	0.04190	0.19059	0.51331	0.01274	0.00656	0.00183	0.03513	0.01070	0.00476	0.00492
45	0.01171	0.02367	0.61559	0.01379	0.02044	0.03451	0.01674	0.09251	0.01283	0.03493	0.06583	0.01327	0.01005	0.00554	0.00506	0.00163	0.00710	0.00435	0.00287	0.00759
46	0.01507	0.01896	0.43018	0.01280	0.01873	0.01073	0.03869	0.02055	0.08585	0.27506	0.01427	0.01416	0.00964	0.00563	0.00512	0.00165	0.00630	0.00458	0.00393	0.00812
47	0.01146	0.02138	0.53351	0.01465	0.02099	0.01128	0.12602	0.01654	0.01180	0.07766	0.08307	0.01460	0.01129	0.00558	0.00542	0.00167	0.01793	0.00483	0.00293	0.00740
48	0.01158	0.02423	0.67927	0.01389	0.02097	0.01133	0.01745	0.01703	0.01143	0.09471	0.01224	0.01326	0.03865	0.00543	0.00503	0.00165	0.00716	0.00428	0.00274	0.00768
49	0.01302	0.01200	0.02125	0.12114	0.41305	0.02343	0.18910	0.01628	0.01206	0.07678	0.01246	0.01512	0.03969	0.00515	0.00543	0.00163	0.00665	0.00527	0.00295	0.00752
50	0.01785	0.01004	0.01569	0.05895	0.18023	0.00946	0.08321	0.04370	0.01384	0.41804	0.02772	0.01880	0.04110	0.00636	0.00542	0.00165	0.00532	0.02973	0.00486	0.00803
51	0.01475	0.02869	0.01937	0.02625	0.57707	0.03963	0.01405	0.07713	0.03904	0.09645	0.01138	0.01336	0.00894	0.00505	0.00512	0.00155	0.00600	0.00466	0.00327	0.00825
52	0.01082	0.00896	0.04421	0.24115	0.15517	0.00884	0.01086	0.01363	0.02469	0.09375	0.05160	0.17073	0.02962	0.02285	0.00611	0.00188	0.00526	0.08993	0.00378	0.00615
53	0.01212	0.15556	0.36426	0.01661	0.05255	0.01375	0.25493	0.01666	0.01150	0.03998	0.00974	0.01181	0.00729	0.00472	0.00508	0.00159	0.00752	0.00448	0.00249	0.00737
54	0.01319	0.01048	0.01727	0.28165	0.33493	0.01107	0.03732	0.01659	0.03577	0.13378	0.03425	0.02905	0.01040	0.00555	0.00528	0.00165	0.00602	0.00513	0.00330	0.00732
55	0.01062	0.02588	0.73430	0.01608	0.07774	0.01211	0.01900	0.01646	0.01106	0.01653	0.00938	0.01113	0.00672	0.00493	0.00496	0.00164	0.00759	0.00391	0.00223	0.00774
56	0.00878	0.00463	0.00667	0.00667	0.00670	0.00466	0.00438	0.00698	0.00695	0.00930	0.01030	0.01869	0.01064	0.13746	0.04598	0.69641	0.00490	0.00501	0.00241	0.00247
57	0.01380	0.01665	0.12455	0.01986	0.10060	0.12130	0.42284	0.01763	0.01250	0.06582	0.01053	0.01307	0.00790	0.00486	0.00587	0.00167	0.02534	0.00521	0.00282	0.00719
58	0.01289	0.07087	0.02168	0.04647	0.69570	0.01297	0.03230	0.01591	0.01174	0.01658	0.00962	0.01261	0.00810	0.00463	0.00505	0.00152	0.00622	0.00454	0.00255	0.00806
59	0.01935	0.02309	0.01542	0.01357	0.01649	0.69697	0.05041	0.02091	0.01464	0.06913	0.00909	0.01024	0.00722	0.00539	0.00481	0.00138	0.00900	0.00364	0.00295	0.00629
60	0.00786	0.00499	0.00614	0.00614	0.00622	0.00507	0.00372	0.00756	0.00748	0.01006	0.01471	0.02921	0.01642	0.58809	0.09191	0.17589	0.00571	0.00678	0.00294	0.00310
61	0.01071	0.08733	0.73193	0.01439	0.02184	0.01274	0.01845	0.01642	0.01096	0.01617	0.00919	0.01079	0.00660	0.00491	0.00483	0.00161	0.00753	0.00377	0.00220	0.00762
62	0.01164	0.09937	0.62098	0.01523	0.07639	0.01268	0.01741	0.01685	0.01123	0.05751	0.00978	0.01125	0.00706	0.00496	0.00483	0.00159	0.00721	0.00388	0.00246	0.00770
63	0.01839	0.01395	0.01534	0.01284	0.05696	0.01546	0.00997	0.61446	0.13789	0.03030	0.01368	0.01358	0.00989	0.00629	0.00522	0.00159	0.00551	0.00487	0.00508	0.00873
64	0.00983	0.00926	0.01562	0.80447	0.03587	0.01157	0.01446	0.01331	0.01041	0.01331	0.00926	0.01388	0.00694	0.00521	0.00521	0.00174	0.00694	0.00463	0.00231	0.00579
65	0.01263	0.18680	0.17967	0.01486	0.01988	0.01456	0.25829	0.04059	0.18663	0.01734	0.01209	0.01341	0.00924	0.00518	0.00509	0.00159	0.00672	0.00487	0.00314	0.00742
66	0.27768	0.07278	0.05570	0.01110	0.01474	0.26403	0.03910	0.14885	0.01404	0.04457	0.00909	0.01011	0.00699	0.00527	0.00432	0.00149	0.00655	0.00358	0.00335	0.00667
67	0.00983	0.00926	0.01562	0.80447	0.03587	0.01157	0.01446	0.01331	0.01041	0.01331	0.00926	0.01388	0.00694	0.00521	0.00521	0.00174	0.00694	0.00463	0.00231	0.00579
68	0.00732	0.00532	0.00689	0.00650	0.00775	0.00489	0.00488	0.00973	0.01463	0.02061	0.75271	0.03935	0.07835	0.01075	0.00614	0.00164	0.00246	0.00948	0.00570	0.00489
69	0.01489	0.46741	0.11643	0.01076	0.01521	0.14106	0.01041	0.09198	0.06005	0.01548	0.00901	0.00994	0.00746	0.00500	0.00406	0.00130	0.00636	0.00339	0.00278	0.00702
70	0.01911	0.07659	0.01663	0.01248	0.03996	0.07288	0.01003	0.63235	0.02233	0.02931	0.01169	0.01197	0.00852	0.00600	0.00503	0.00151	0.00600	0.00445	0.00472	0.00847
71	0.00905	0.00452	0.00678	0.00678	0.00678	0.00452	0.00452	0.00678	0.00678	0.00905	0.00905	0.01583	0.00905	0.01809	0.02035	0.84848	0.00452	0.00452	0.00226	0.00226
72	0.01096	0.01080	0.01915	0.43273	0.19752	0.01221	0.13676	0.01428	0.01085	0.01462	0.00975	0.02768	0.00787	0.00544	0.00627	0.00174	0.06735	0.00505	0.00247	0.00650
73	0.05147	0.15558	0.01664	0.01213	0.05528	0.18535	0.00947	0.24248	0.08029	0.12410	0.01207	0.01224	0.00898	0.00570	0.00470	0.00146	0.00615	0.00416	0.00410	0.00765
74	0.00775	0.00498	0.00581	0.00581	0.00581	0.00498	0.00332	0.00748	0.00748	0.00997	0.01551	0.03185	0.01772	0.71925	0.02575	0.10823	0.00498	0.00720	0.00305	0.00305
75	0.01244	0.01362	0.02822	0.02390	0.19312	0.01299	0.58488	0.01676	0.02851	0.01686	0.01060	0.01391	0.00815	0.00450	0.00591	0.00171	0.00811	0.00581	0.00268	0.00732
76	0.05729	0.01165	0.01588	0.01461	0.12924	0.01192	0.08034	0.20658	0.10077	0.27754	0.01519	0.01500	0.01061	0.00599	0.00546	0.00163	0.02209	0.00504	0.00485	0.00831
77	0.45365	0.01377	0.01217	0.01184	0.08730	0.16990	0.03879	0.06040	0.06512	0.02064	0.00906	0.01034	0.00712	0.00520	0.00426	0.00157	0.01561	0.00358	0.00328	0.00639
78	0.21420	0.01196	0.03805	0.01336	0.13777	0.01226	0.00950	0.19255	0.12949	0.16998	0.01357	0.01360	0.00976	0.00578	0.00474	0.00161	0.00498	0.00450	0.00447	0.00787
79	0.13872	0.01149	0.01586	0.01979	0.37432	0.01182	0.01140	0.14667	0.02990	0.07978	0.06685	0.01447	0.01142	0.00554	0.00491	0.00154	0.00525	0.00473	0.00373	0.04181

[dist]
# distance from previous block
# <min> <max>
2	38

[block]
# block no. 4 follows, 47 sequences, length 12
# corresponding to MSA columns:
# 504-515
name=unknown_E
#
# <colnr> <probs for GDERKNQSTAVLIFYWHMCP>
#	G	D	E	R	K	N	Q	S	T	A	V	L	I	F	Y	W	H	M	C	P
0	0.16935	0.00808	0.00890	0.00803	0.01011	0.00843	0.00616	0.09526	0.06001	0.13827	0.05888	0.07678	0.01812	0.21569	0.01067	0.00262	0.00448	0.08988	0.00447	0.00579
1	0.00727	0.00500	0.00594	0.00631	0.00654	0.00489	0.00395	0.00771	0.00864	0.01142	0.02176	0.22392	0.05754	0.53345	0.01950	0.00401	0.00444	0.06038	0.00375	0.00358
2	0.01233	0.01123	0.01720	0.23856	0.40904	0.05469	0.01355	0.01530	0.01211	0.05573	0.09758	0.01616	0.01268	0.00561	0.00526	0.00160	0.00606	0.00514	0.00307	0.00710
3	0.01080	0.00926	0.01080	0.00771	0.01234	0.00694	0.00617	0.01311	0.01080	0.01697	0.00926	0.01080	0.00771	0.00386	0.00386	0.00077	0.00386	0.00309	0.00309	0.84882
4	0.01080	0.00926	0.01080	0.00771	0.01234	0.00694	0.00617	0.01311	0.01080	0.01697	0.00926	0.01080	0.00771	0.00386	0.00386	0.00077	0.00386	0.00309	0.00309	0.84882
5	0.01322	0.01242	0.02037	0.02986	0.70612	0.01259	0.01527	0.05262	0.05359	0.01803	0.01054	0.01322	0.00869	0.00485	0.00517	0.00156	0.00605	0.00471	0.00285	0.00828
6	0.00918	0.00785	0.00884	0.00797	0.00963	0.04924	0.00598	0.01179	0.06611	0.01652	0.26688	0.10739	0.06893	0.10179	0.03173	0.00218	0.07432	0.00771	0.00429	0.14166
7	0.01268	0.01216	0.02075	0.08584	0.73229	0.01232	0.01588	0.01580	0.01176	0.01675	0.00976	0.01296	0.00816	0.00468	0.00516	0.00156	0.00624	0.00464	0.00256	0.00808
8	0.01275	0.00831	0.01128	0.00942	0.01278	0.00709	0.04618	0.01514	0.01216	0.18218	0.01799	0.02880	0.01642	0.00803	0.00541	0.00156	0.00455	0.25815	0.00437	0.33743
9	0.01045	0.02694	0.79000	0.01484	0.02254	0.01209	0.01924	0.01649	0.01099	0.01649	0.00935	0.01099	0.00660	0.00495	0.00495	0.00165	0.00770	0.00385	0.00220	0.00770
10	0.01477	0.01331	0.02034	0.01671	0.08029	0.01407	0.26872	0.24996	0.19615	0.02274	0.01347	0.01466	0.01008	0.00578	0.00595	0.00170	0.03387	0.00546	0.00404	0.00793
11	0.00983	0.00926	0.01562	0.80447	0.03587	0.01157	0.01446	0.01331	0.01041	0.01331	0.00926	0.01388	0.00694	0.00521	0.00521	0.00174	0.00694	0.00463	0.00231	0.00579

[dist]
# distance from previous block
# <min> <max>
0	1

# created by:
# /home/cegg/simao/soft/augustus-3.2.1/scripts/msa2prfl.pl ./align_prep/EOG091G0MI7.fa
