[name]
unknown

[dist]
# distance from previous block
# <min> <max>
0	69

[block]
# block no. 0 follows, 51 sequences, length 13
# corresponding to MSA columns:
# 69-81
name=unknown_A
#
# <colnr> <probs for GDERKNQSTAVLIFYWHMCP>
#	G	D	E	R	K	N	Q	S	T	A	V	L	I	F	Y	W	H	M	C	P
0	0.00865	0.00811	0.09081	0.00968	0.01158	0.00672	0.00905	0.04839	0.01179	0.01559	0.02354	0.04861	0.02501	0.01227	0.00648	0.00215	0.00485	0.64742	0.00429	0.00500
1	0.01060	0.13199	0.67002	0.01322	0.01990	0.04175	0.01655	0.01560	0.01045	0.01490	0.00851	0.00999	0.00624	0.00462	0.00446	0.00148	0.00706	0.00348	0.00210	0.00708
2	0.09616	0.00562	0.00698	0.00707	0.00829	0.00534	0.02558	0.00909	0.00988	0.04567	0.06080	0.48148	0.08896	0.05308	0.00661	0.00194	0.00327	0.02805	0.00428	0.05183
3	0.16055	0.01146	0.10619	0.04713	0.01509	0.02519	0.12665	0.06285	0.03232	0.06052	0.06228	0.05035	0.01138	0.00553	0.00450	0.00141	0.00499	0.00475	0.05894	0.14792
4	0.01160	0.43920	0.17700	0.00938	0.01362	0.05094	0.00969	0.01451	0.03450	0.01413	0.12811	0.01327	0.01273	0.00528	0.00400	0.00124	0.00525	0.00391	0.00275	0.04890
5	0.00820	0.00684	0.00777	0.00739	0.00909	0.02562	0.02390	0.04165	0.14036	0.01642	0.17891	0.14980	0.29338	0.01090	0.00574	0.00171	0.00328	0.05923	0.00471	0.00511
6	0.00872	0.00762	0.00953	0.03667	0.09178	0.06774	0.00729	0.01088	0.04753	0.01295	0.04109	0.15461	0.04335	0.05418	0.29551	0.02806	0.02961	0.04475	0.00326	0.00489
7	0.00703	0.00521	0.00764	0.00764	0.00843	0.00600	0.00582	0.00861	0.00782	0.01122	0.01340	0.02062	0.01286	0.11763	0.72783	0.00758	0.01230	0.00546	0.00267	0.00424
8	0.01497	0.13302	0.01472	0.01171	0.06476	0.31625	0.00869	0.16589	0.02872	0.01630	0.01178	0.09587	0.02608	0.02603	0.00506	0.00144	0.00629	0.00481	0.00326	0.04434
9	0.05010	0.01102	0.01802	0.15832	0.58018	0.01165	0.01399	0.01493	0.03901	0.01577	0.00935	0.01231	0.00769	0.00470	0.00516	0.00152	0.03223	0.00434	0.00250	0.00721
10	0.03629	0.08016	0.14118	0.01110	0.01558	0.03399	0.07955	0.14951	0.01421	0.34324	0.01357	0.01321	0.00919	0.00536	0.00473	0.00146	0.00546	0.00437	0.00432	0.03352
11	0.01066	0.14579	0.52564	0.01338	0.05736	0.04809	0.01505	0.01503	0.01061	0.01473	0.01027	0.01470	0.00861	0.00553	0.00466	0.00153	0.00667	0.08252	0.00237	0.00679
12	0.00718	0.00514	0.00765	0.00765	0.00840	0.00590	0.00583	0.00847	0.00771	0.01104	0.01277	0.01933	0.01211	0.06449	0.69641	0.09608	0.01192	0.00523	0.00259	0.00410

[dist]
# distance from previous block
# <min> <max>
3	13

[block]
# block no. 1 follows, 51 sequences, length 57
# corresponding to MSA columns:
# 96-152
name=unknown_B
#
# <colnr> <probs for GDERKNQSTAVLIFYWHMCP>
#	G	D	E	R	K	N	Q	S	T	A	V	L	I	F	Y	W	H	M	C	P
0	0.02105	0.00858	0.01161	0.00903	0.01257	0.00785	0.00745	0.02332	0.04034	0.72731	0.01866	0.01643	0.01193	0.00625	0.00560	0.00156	0.05157	0.00493	0.00582	0.00817
1	0.01820	0.01353	0.01448	0.01121	0.01506	0.01502	0.00922	0.72413	0.08001	0.03020	0.01241	0.01228	0.00885	0.00596	0.00492	0.00149	0.00529	0.00451	0.00492	0.00831
2	0.86201	0.00950	0.00722	0.00646	0.00950	0.01102	0.00532	0.01445	0.00836	0.02205	0.00684	0.00798	0.00532	0.00456	0.00304	0.00152	0.00380	0.00266	0.00304	0.00532
3	0.01836	0.02342	0.01393	0.01266	0.01519	0.80756	0.00950	0.01962	0.01393	0.01203	0.00760	0.00886	0.00633	0.00506	0.00443	0.00127	0.00886	0.00317	0.00253	0.00570
4	0.01208	0.01159	0.01980	0.05224	0.77520	0.01165	0.01504	0.01501	0.01115	0.01596	0.00923	0.01219	0.00775	0.00439	0.00487	0.00146	0.00586	0.00438	0.00243	0.00772
5	0.00696	0.00502	0.00657	0.00618	0.00734	0.00464	0.00464	0.00927	0.01391	0.01971	0.79405	0.03671	0.04637	0.01005	0.00580	0.00155	0.00232	0.00889	0.00541	0.00464
6	0.01722	0.01260	0.01318	0.01031	0.01379	0.03335	0.00844	0.64396	0.02092	0.02857	0.01234	0.01272	0.00895	0.00585	0.00468	0.00142	0.00502	0.00442	0.13454	0.00771
7	0.00936	0.00881	0.01488	0.79410	0.05461	0.01094	0.01369	0.01262	0.00986	0.01265	0.00875	0.01308	0.00658	0.00490	0.00491	0.00163	0.00653	0.00437	0.00219	0.00552
8	0.01166	0.01316	0.02622	0.04221	0.05118	0.05065	0.63680	0.01538	0.01139	0.01520	0.00998	0.02531	0.00784	0.00530	0.02464	0.00180	0.03668	0.00564	0.00250	0.00645
9	0.01560	0.01223	0.01301	0.01068	0.01407	0.01380	0.00859	0.42027	0.38810	0.02600	0.01571	0.01492	0.01153	0.00627	0.00496	0.00157	0.00468	0.00496	0.00496	0.00808
10	0.00725	0.00533	0.00673	0.00633	0.00752	0.00508	0.00470	0.01008	0.05849	0.01901	0.68635	0.03558	0.05843	0.05934	0.00691	0.00175	0.00256	0.00862	0.00522	0.00471
11	0.00599	0.00428	0.00570	0.00684	0.00713	0.00399	0.00456	0.00684	0.00941	0.01254	0.02709	0.82409	0.03250	0.01540	0.00627	0.00200	0.00285	0.01397	0.00456	0.00399
12	0.00903	0.00462	0.00478	0.00478	0.00591	0.00467	0.00360	0.01129	0.01016	0.01790	0.01586	0.01838	0.01258	0.00761	0.05210	0.00155	0.00295	0.00462	0.80304	0.00457
13	0.86201	0.00950	0.00722	0.00646	0.00950	0.01102	0.00532	0.01445	0.00836	0.02205	0.00684	0.00798	0.00532	0.00456	0.00304	0.00152	0.00380	0.00266	0.00304	0.00532
14	0.01900	0.01325	0.01443	0.01106	0.01498	0.01448	0.00914	0.70811	0.02224	0.10433	0.01252	0.01227	0.00872	0.00592	0.00492	0.00148	0.00529	0.00447	0.00503	0.00836
15	0.01155	0.01311	0.02817	0.02025	0.02492	0.01258	0.73297	0.01551	0.01136	0.01551	0.00973	0.01311	0.00740	0.00441	0.00642	0.00169	0.05661	0.00571	0.00247	0.00655
16	0.01836	0.02342	0.01393	0.01266	0.01519	0.80756	0.00950	0.01962	0.01393	0.01203	0.00760	0.00886	0.00633	0.00506	0.00443	0.00127	0.00886	0.00317	0.00253	0.00570
17	0.00581	0.00498	0.00498	0.00498	0.00664	0.00415	0.00373	0.00705	0.01120	0.01328	0.04978	0.04729	0.79464	0.01245	0.00581	0.00166	0.00249	0.01037	0.00456	0.00415
18	0.00660	0.00497	0.00611	0.00592	0.00715	0.00447	0.00440	0.00856	0.01295	0.01763	0.55791	0.08704	0.23629	0.01098	0.00583	0.00160	0.00239	0.00957	0.00514	0.00447
19	0.00598	0.00430	0.00568	0.00678	0.00711	0.00400	0.00454	0.00685	0.00946	0.01257	0.02779	0.80004	0.05610	0.01530	0.00626	0.00199	0.00284	0.01386	0.00456	0.00400
20	0.01585	0.01850	0.01606	0.01357	0.01594	0.46458	0.10227	0.08217	0.01298	0.01404	0.00798	0.01007	0.00667	0.00583	0.00729	0.00153	0.19223	0.00385	0.00264	0.00596
21	0.86201	0.00950	0.00722	0.00646	0.00950	0.01102	0.00532	0.01445	0.00836	0.02205	0.00684	0.00798	0.00532	0.00456	0.00304	0.00152	0.00380	0.00266	0.00304	0.00532
22	0.01216	0.01168	0.01995	0.03016	0.79664	0.01168	0.01508	0.01508	0.01119	0.01605	0.00924	0.01216	0.00778	0.00438	0.00487	0.00146	0.00584	0.00438	0.00243	0.00778
23	0.01088	0.00921	0.00956	0.00861	0.01078	0.05559	0.00664	0.06280	0.38161	0.02027	0.30857	0.02428	0.02578	0.00776	0.00521	0.00157	0.00362	0.00657	0.03427	0.00640
24	0.00585	0.00498	0.00504	0.00503	0.00667	0.00417	0.00377	0.00714	0.01131	0.01353	0.07868	0.04688	0.76559	0.01235	0.00581	0.00166	0.00248	0.01031	0.00460	0.00417
25	0.00656	0.00501	0.00602	0.00577	0.00710	0.00447	0.00433	0.00851	0.01298	0.01749	0.53732	0.04036	0.30448	0.01087	0.00580	0.00158	0.00238	0.00940	0.00512	0.00447
26	0.01038	0.03095	0.02093	0.01598	0.01926	0.01066	0.44500	0.01359	0.01111	0.01496	0.01471	0.02643	0.01402	0.00756	0.00696	0.00188	0.07806	0.24862	0.00310	0.00584
27	0.06674	0.03373	0.01424	0.01206	0.05817	0.16927	0.00922	0.42988	0.09031	0.05133	0.01146	0.01171	0.00846	0.00561	0.00468	0.00145	0.00583	0.00415	0.00419	0.00753
28	0.13869	0.55745	0.14879	0.00957	0.03297	0.01670	0.00970	0.01482	0.00984	0.01388	0.00722	0.00841	0.00618	0.00434	0.00342	0.00121	0.00538	0.00284	0.00225	0.00635
29	0.01574	0.00749	0.00899	0.00737	0.01001	0.00720	0.00592	0.12567	0.01391	0.34568	0.06389	0.01784	0.01386	0.00616	0.00442	0.00137	0.00352	0.00497	0.32930	0.00670
30	0.00600	0.00504	0.00524	0.00534	0.00695	0.00428	0.00411	0.00733	0.01121	0.01340	0.04766	0.04802	0.72631	0.01255	0.00590	0.00171	0.00267	0.07753	0.00456	0.00418
31	0.00591	0.00498	0.00512	0.00508	0.00670	0.00419	0.00381	0.00724	0.01144	0.01383	0.11424	0.04638	0.72984	0.01224	0.00581	0.00165	0.00247	0.01024	0.00464	0.00419
32	0.00928	0.00873	0.01474	0.81548	0.03385	0.01092	0.01365	0.01256	0.00983	0.01256	0.00873	0.01310	0.00655	0.00491	0.00491	0.00164	0.00655	0.00437	0.00218	0.00546
33	0.86201	0.00950	0.00722	0.00646	0.00950	0.01102	0.00532	0.01445	0.00836	0.02205	0.00684	0.00798	0.00532	0.00456	0.00304	0.00152	0.00380	0.00266	0.00304	0.00532
34	0.01314	0.83025	0.02575	0.00841	0.01261	0.01945	0.00841	0.01472	0.00999	0.01156	0.00683	0.00788	0.00631	0.00420	0.00315	0.00105	0.00526	0.00263	0.00210	0.00631
35	0.00599	0.00428	0.00570	0.00684	0.00713	0.00399	0.00456	0.00684	0.00941	0.01254	0.02709	0.82409	0.03250	0.01540	0.00627	0.00200	0.00285	0.01397	0.00456	0.00399
36	0.02205	0.00836	0.01140	0.00874	0.01254	0.00722	0.00722	0.02395	0.01407	0.80004	0.01939	0.01673	0.01216	0.00608	0.00494	0.00152	0.00418	0.00494	0.00608	0.00836
37	0.01834	0.02175	0.01393	0.01241	0.01504	0.69269	0.00943	0.08325	0.01455	0.04311	0.00836	0.00945	0.00672	0.00526	0.00477	0.00131	0.02741	0.00336	0.00286	0.00601
38	0.00693	0.00502	0.00653	0.00615	0.00733	0.00463	0.00462	0.00922	0.01385	0.01955	0.77646	0.03696	0.06405	0.01010	0.00580	0.00155	0.00232	0.00892	0.00539	0.00463
39	0.00963	0.00909	0.01537	0.72042	0.12618	0.01101	0.01382	0.01286	0.00999	0.01298	0.00880	0.01299	0.00670	0.00485	0.00491	0.00162	0.00646	0.00437	0.00221	0.00574
40	0.00911	0.00713	0.00807	0.00753	0.00946	0.00738	0.00583	0.01531	0.29025	0.04233	0.28112	0.03298	0.20110	0.00946	0.00555	0.00166	0.00311	0.05184	0.00504	0.00576
41	0.86201	0.00950	0.00722	0.00646	0.00950	0.01102	0.00532	0.01445	0.00836	0.02205	0.00684	0.00798	0.00532	0.00456	0.00304	0.00152	0.00380	0.00266	0.00304	0.00532
42	0.00942	0.00900	0.01557	0.76921	0.03337	0.01101	0.05819	0.01274	0.00993	0.01274	0.00880	0.01311	0.00660	0.00487	0.00496	0.00164	0.00665	0.00445	0.00220	0.00553
43	0.00900	0.00825	0.01149	0.03841	0.01175	0.03475	0.02041	0.01056	0.00806	0.01170	0.01012	0.01528	0.00951	0.02304	0.42851	0.00510	0.33195	0.00479	0.00242	0.00489
44	0.00987	0.00527	0.00534	0.00508	0.00644	0.00538	0.00388	0.06906	0.01126	0.01927	0.01571	0.01783	0.01228	0.00574	0.00355	0.00117	0.00252	0.00457	0.79091	0.00486
45	0.00641	0.00500	0.00581	0.00561	0.00701	0.00440	0.00421	0.00821	0.01262	0.01664	0.43872	0.04176	0.40361	0.01119	0.00580	0.00160	0.00240	0.00960	0.00501	0.00440
46	0.00605	0.00495	0.00534	0.00533	0.00681	0.00424	0.00396	0.00749	0.01164	0.01453	0.19888	0.09038	0.59905	0.01213	0.00583	0.00166	0.00248	0.01028	0.00473	0.00424
47	0.12527	0.01267	0.01482	0.01463	0.17992	0.01378	0.01000	0.50457	0.01851	0.04260	0.01078	0.01149	0.00793	0.00541	0.00467	0.00148	0.00527	0.00420	0.00417	0.00785
48	0.01633	0.01426	0.01936	0.03903	0.44748	0.05744	0.04393	0.24964	0.01618	0.02210	0.01192	0.01462	0.00971	0.00621	0.00574	0.00183	0.00662	0.00502	0.00388	0.00871
49	0.07697	0.06397	0.05244	0.37419	0.02505	0.16540	0.05700	0.03485	0.01209	0.01574	0.01025	0.01395	0.00838	0.00640	0.00620	0.00191	0.06077	0.00459	0.00308	0.00679
50	0.02032	0.01201	0.01379	0.01107	0.01473	0.01201	0.00881	0.35504	0.07030	0.32627	0.08039	0.01884	0.01518	0.00764	0.00585	0.00187	0.00523	0.00569	0.00602	0.00896
51	0.00902	0.00651	0.00795	0.00752	0.00879	0.00587	0.00544	0.01060	0.01463	0.02071	0.71444	0.03859	0.06014	0.05607	0.00767	0.00209	0.00320	0.00932	0.00585	0.00559
52	0.00875	0.00744	0.00722	0.00713	0.00881	0.04950	0.00515	0.00951	0.01270	0.01569	0.12300	0.11093	0.58778	0.01312	0.00659	0.00201	0.00359	0.01058	0.00516	0.00534
53	0.01145	0.01023	0.01577	0.74766	0.03344	0.01203	0.01396	0.01469	0.05376	0.01490	0.01134	0.01605	0.00892	0.00632	0.00576	0.00200	0.00701	0.00507	0.00303	0.00662
54	0.01262	0.01093	0.01176	0.00895	0.01327	0.05166	0.00690	0.01416	0.01165	0.01760	0.01066	0.01286	0.00911	0.00507	0.00457	0.00114	0.00463	0.00361	0.00356	0.78529
55	0.01303	0.00999	0.01143	0.00869	0.01289	0.00786	0.00673	0.03245	0.01199	0.06572	0.01184	0.01382	0.00977	0.00531	0.00462	0.00120	0.00434	0.00384	0.05053	0.71393
56	0.00993	0.00690	0.00786	0.00757	0.00817	0.00686	0.00487	0.05582	0.00964	0.01330	0.01666	0.03058	0.01781	0.60535	0.15595	0.00529	0.00684	0.00717	0.01874	0.00468

[dist]
# distance from previous block
# <min> <max>
0	3

[block]
# block no. 2 follows, 51 sequences, length 76
# corresponding to MSA columns:
# 170-245
name=unknown_C
#
# <colnr> <probs for GDERKNQSTAVLIFYWHMCP>
#	G	D	E	R	K	N	Q	S	T	A	V	L	I	F	Y	W	H	M	C	P
0	0.01832	0.01359	0.01432	0.01108	0.01483	0.03608	0.00907	0.71688	0.02210	0.04488	0.01197	0.01255	0.00872	0.03553	0.00563	0.00159	0.00545	0.00450	0.00480	0.00809
1	0.01206	0.01141	0.01916	0.12037	0.68015	0.01172	0.01471	0.04241	0.01146	0.01619	0.00928	0.01226	0.00766	0.00450	0.00487	0.00148	0.00591	0.00438	0.00249	0.00754
2	0.83157	0.00966	0.00749	0.00664	0.00971	0.01118	0.00547	0.04208	0.00890	0.02237	0.00702	0.00812	0.00543	0.00461	0.00311	0.00152	0.00386	0.00272	0.00311	0.00543
3	0.02644	0.00508	0.00629	0.00603	0.00720	0.00470	0.00446	0.00891	0.01293	0.01817	0.61370	0.07115	0.13555	0.04982	0.00668	0.00173	0.00251	0.00906	0.00510	0.00448
4	0.02115	0.00856	0.01138	0.00886	0.01257	0.00768	0.00727	0.02415	0.08477	0.72881	0.01944	0.01687	0.01242	0.00614	0.00495	0.00153	0.00415	0.00500	0.00598	0.00831
5	0.00715	0.00476	0.00536	0.00536	0.00536	0.00476	0.00298	0.00715	0.00715	0.00953	0.01548	0.03216	0.01787	0.82729	0.02501	0.00476	0.00476	0.00715	0.00298	0.00298
6	0.00715	0.00476	0.00536	0.00536	0.00536	0.00476	0.00298	0.00715	0.00715	0.00953	0.01548	0.03216	0.01787	0.82729	0.02501	0.00476	0.00476	0.00715	0.00298	0.00298
7	0.01019	0.00873	0.01019	0.00728	0.01165	0.00655	0.00582	0.01237	0.01019	0.01601	0.00873	0.01019	0.00728	0.00364	0.00364	0.00073	0.00364	0.00291	0.00291	0.85734
8	0.00644	0.00482	0.00681	0.00744	0.00810	0.00450	0.03819	0.00760	0.00977	0.01303	0.02736	0.66595	0.07612	0.01437	0.00620	0.00196	0.00318	0.06938	0.02463	0.00417
9	0.01115	0.01094	0.01716	0.01389	0.01525	0.01367	0.16696	0.01385	0.06544	0.03308	0.04234	0.01308	0.00913	0.00755	0.01249	0.00197	0.53862	0.00491	0.00266	0.00585
10	0.00642	0.00512	0.00586	0.00617	0.00759	0.00455	0.00488	0.00797	0.01133	0.01404	0.09387	0.08602	0.51553	0.01270	0.00607	0.00182	0.00300	0.19817	0.00461	0.00427
11	0.86201	0.00950	0.00722	0.00646	0.00950	0.01102	0.00532	0.01445	0.00836	0.02205	0.00684	0.00798	0.00532	0.00456	0.00304	0.00152	0.00380	0.00266	0.00304	0.00532
12	0.01298	0.74400	0.09145	0.00898	0.01341	0.03620	0.00926	0.01490	0.01011	0.01191	0.00702	0.00812	0.00630	0.00426	0.00331	0.00110	0.00551	0.00272	0.00211	0.00637
13	0.01092	0.01104	0.01503	0.01290	0.01295	0.03291	0.01072	0.01200	0.00767	0.01183	0.00648	0.01071	0.00645	0.00852	0.01586	0.00213	0.80006	0.00428	0.00216	0.00538
14	0.00727	0.00535	0.00684	0.00641	0.00767	0.00509	0.00482	0.01028	0.06009	0.01976	0.74785	0.03561	0.04450	0.00984	0.00575	0.00155	0.00241	0.00869	0.00539	0.00482
15	0.00715	0.00490	0.00596	0.00600	0.00621	0.00507	0.00379	0.00758	0.00744	0.01008	0.01536	0.03030	0.01707	0.63945	0.18398	0.00532	0.00647	0.03161	0.00296	0.00332
16	0.00630	0.00500	0.00566	0.00549	0.00694	0.00436	0.00412	0.00800	0.01236	0.01603	0.36861	0.04276	0.47410	0.01142	0.00580	0.00161	0.00242	0.00974	0.00493	0.00436
17	0.56712	0.07738	0.20661	0.00862	0.01279	0.02776	0.00884	0.01485	0.00910	0.01942	0.00735	0.00859	0.00564	0.00457	0.00348	0.00149	0.00488	0.00291	0.00272	0.00589
18	0.00997	0.04008	0.76893	0.01428	0.03941	0.01157	0.01790	0.01554	0.01039	0.01550	0.00879	0.01037	0.00626	0.00465	0.00465	0.00154	0.00719	0.00363	0.00208	0.00726
19	0.24274	0.38873	0.01770	0.12887	0.01521	0.09508	0.00851	0.01476	0.00987	0.01460	0.00719	0.00884	0.00608	0.00458	0.00376	0.00131	0.02095	0.00298	0.00241	0.00583
20	0.01670	0.01030	0.01145	0.00914	0.01232	0.01091	0.00743	0.38674	0.08106	0.18745	0.01501	0.01484	0.01066	0.00596	0.00459	0.00143	0.00432	0.00466	0.19757	0.00746
21	0.00700	0.00506	0.00633	0.00600	0.00730	0.00458	0.00450	0.00906	0.01328	0.03319	0.61549	0.05363	0.19521	0.01055	0.00579	0.00158	0.00240	0.00921	0.00524	0.00460
22	0.00677	0.00502	0.00632	0.00599	0.00723	0.00456	0.00449	0.00892	0.01348	0.01869	0.67617	0.03839	0.16488	0.01043	0.00580	0.00156	0.00235	0.00912	0.00528	0.00456
23	0.01849	0.01948	0.01426	0.01211	0.01521	0.48425	0.00943	0.33000	0.01767	0.01976	0.00931	0.01006	0.00716	0.00540	0.00463	0.00135	0.00745	0.00368	0.00350	0.00678
24	0.02205	0.00836	0.01140	0.00874	0.01254	0.00722	0.00722	0.02395	0.01407	0.80004	0.01939	0.01673	0.01216	0.00608	0.00494	0.00152	0.00418	0.00494	0.00608	0.00836
25	0.05269	0.00876	0.01210	0.00925	0.01307	0.00781	0.04055	0.04366	0.01399	0.71651	0.01831	0.01612	0.01160	0.00594	0.00491	0.00153	0.00438	0.00488	0.00578	0.00818
26	0.01153	0.01028	0.01650	0.01281	0.01584	0.03182	0.27733	0.13610	0.03340	0.04747	0.18676	0.07770	0.05187	0.00745	0.00606	0.00165	0.03972	0.02558	0.00399	0.00614
27	0.00628	0.00500	0.00563	0.00547	0.00693	0.00435	0.00410	0.00796	0.01231	0.01591	0.35436	0.04296	0.48843	0.01146	0.00580	0.00161	0.00242	0.00976	0.00491	0.00435
28	0.86201	0.00950	0.00722	0.00646	0.00950	0.01102	0.00532	0.01445	0.00836	0.02205	0.00684	0.00798	0.00532	0.00456	0.00304	0.00152	0.00380	0.00266	0.00304	0.00532
29	0.01867	0.01400	0.01473	0.01134	0.01524	0.03482	0.00934	0.76145	0.02288	0.03050	0.01169	0.01173	0.00831	0.00588	0.00490	0.00147	0.00549	0.00439	0.00486	0.00829
30	0.00704	0.00518	0.00744	0.00744	0.00816	0.00590	0.00557	0.00848	0.00776	0.01107	0.01358	0.02162	0.01329	0.17891	0.66714	0.00733	0.01165	0.00560	0.00269	0.00413
31	0.00693	0.00502	0.00653	0.00615	0.00733	0.00463	0.00462	0.00922	0.01385	0.01956	0.77694	0.03695	0.06357	0.01010	0.00580	0.00155	0.00232	0.00892	0.00539	0.00463
32	0.00836	0.00722	0.01040	0.00963	0.01018	0.00930	0.00772	0.00983	0.00775	0.01152	0.01081	0.01653	0.01032	0.04422	0.50699	0.00577	0.30131	0.00496	0.00247	0.00471
33	0.00586	0.00498	0.00505	0.00503	0.00667	0.00417	0.00377	0.00715	0.01132	0.01357	0.08367	0.04681	0.76057	0.01234	0.00581	0.00165	0.00248	0.01030	0.00460	0.00417
34	0.86201	0.00950	0.00722	0.00646	0.00950	0.01102	0.00532	0.01445	0.00836	0.02205	0.00684	0.00798	0.00532	0.00456	0.00304	0.00152	0.00380	0.00266	0.00304	0.00532
35	0.01240	0.01225	0.01931	0.06882	0.71003	0.06054	0.01467	0.01523	0.01129	0.01563	0.00912	0.01201	0.00763	0.00445	0.00484	0.00146	0.00606	0.00430	0.00243	0.00754
36	0.03722	0.02311	0.01378	0.01252	0.01507	0.78976	0.00940	0.01951	0.01380	0.01225	0.00758	0.00884	0.00631	0.00505	0.00440	0.00127	0.00875	0.00315	0.00254	0.00569
37	0.01162	0.00567	0.00664	0.00593	0.00769	0.00539	0.00460	0.03137	0.01211	0.18172	0.17418	0.02156	0.01925	0.00668	0.00426	0.00131	0.00276	0.00552	0.48625	0.00547
38	0.00682	0.00502	0.00638	0.00604	0.00726	0.00458	0.00453	0.00901	0.01359	0.01893	0.70466	0.03798	0.13623	0.01033	0.00580	0.00156	0.00234	0.00907	0.00531	0.00458
39	0.00584	0.00496	0.00504	0.00506	0.00667	0.00416	0.00378	0.00711	0.01123	0.01343	0.06984	0.06835	0.75290	0.01246	0.00582	0.00167	0.00249	0.01043	0.00459	0.00416
40	0.86201	0.00950	0.00722	0.00646	0.00950	0.01102	0.00532	0.01445	0.00836	0.02205	0.00684	0.00798	0.00532	0.00456	0.00304	0.00152	0.00380	0.00266	0.00304	0.00532
41	0.00928	0.00873	0.01474	0.81548	0.03385	0.01092	0.01365	0.01256	0.00983	0.01256	0.00873	0.01310	0.00655	0.00491	0.00491	0.00164	0.00655	0.00437	0.00218	0.00546
42	0.00986	0.00910	0.01497	0.74281	0.06591	0.01116	0.01350	0.04965	0.01053	0.01359	0.00890	0.01300	0.00669	0.00494	0.00491	0.00162	0.00647	0.00437	0.00233	0.00570
43	0.01095	0.00593	0.00619	0.00563	0.00725	0.00607	0.00436	0.11143	0.01212	0.05373	0.01563	0.01741	0.01203	0.00576	0.00369	0.00120	0.00278	0.00458	0.70802	0.00523
44	0.00721	0.00526	0.00657	0.00616	0.00748	0.00488	0.00467	0.00924	0.01313	0.03910	0.58309	0.03785	0.21366	0.01044	0.00606	0.00159	0.02484	0.00899	0.00515	0.00465
45	0.00598	0.00430	0.00567	0.00677	0.00711	0.00400	0.00453	0.00685	0.00948	0.01257	0.02795	0.79436	0.06166	0.01528	0.00625	0.00198	0.00284	0.01383	0.00456	0.00400
46	0.01182	0.01133	0.01933	0.12352	0.70596	0.01159	0.01491	0.01478	0.01103	0.01564	0.00918	0.01227	0.00764	0.00444	0.00487	0.00148	0.00592	0.00438	0.00240	0.00751
47	0.01341	0.79098	0.02522	0.00855	0.01274	0.01924	0.00845	0.05154	0.01062	0.01250	0.00707	0.00807	0.00641	0.00429	0.00324	0.00107	0.00526	0.00271	0.00224	0.00641
48	0.01026	0.00574	0.00539	0.00520	0.00654	0.04618	0.00393	0.01248	0.01067	0.05566	0.01576	0.01776	0.01225	0.00571	0.00356	0.00117	0.00272	0.00452	0.76969	0.00482
49	0.00989	0.00540	0.00549	0.00522	0.00661	0.00556	0.00398	0.06164	0.04088	0.01922	0.01591	0.01790	0.01241	0.00577	0.00359	0.00119	0.00255	0.00461	0.76722	0.00495
50	0.01018	0.00720	0.01056	0.01207	0.15286	0.00706	0.02614	0.03017	0.01138	0.11006	0.07780	0.04569	0.12716	0.04006	0.13126	0.00281	0.00571	0.18221	0.00402	0.00560
51	0.00599	0.00499	0.00524	0.00517	0.00675	0.00423	0.00388	0.00741	0.01164	0.01432	0.17072	0.04557	0.67306	0.01206	0.00581	0.00164	0.00246	0.01013	0.00470	0.00423
52	0.03215	0.01495	0.35301	0.01070	0.01525	0.00851	0.01156	0.01643	0.01141	0.26211	0.01620	0.14132	0.01378	0.00743	0.00512	0.00166	0.00533	0.06227	0.00392	0.00686
53	0.01307	0.81127	0.02539	0.00838	0.01259	0.01915	0.00835	0.01466	0.00999	0.01166	0.00688	0.00794	0.00633	0.00419	0.00316	0.00104	0.00522	0.00263	0.00212	0.02597
54	0.23242	0.08546	0.01318	0.01074	0.01354	0.54099	0.00835	0.01791	0.01219	0.01454	0.00734	0.00856	0.00607	0.00487	0.00397	0.00131	0.00728	0.00299	0.00263	0.00565
55	0.01497	0.01032	0.01147	0.00982	0.01293	0.01134	0.00778	0.08706	0.55050	0.19768	0.01919	0.01744	0.01382	0.00647	0.00498	0.00162	0.00408	0.00532	0.00524	0.00796
56	0.00681	0.00502	0.00639	0.00606	0.00728	0.00460	0.00455	0.00898	0.01345	0.01872	0.68390	0.03771	0.14085	0.01088	0.02171	0.00169	0.00256	0.00900	0.00525	0.00457
57	0.00614	0.00443	0.00581	0.00664	0.00714	0.00411	0.00453	0.00725	0.01024	0.01376	0.15434	0.65720	0.07144	0.01437	0.00617	0.00191	0.00275	0.01296	0.00470	0.00411
58	0.01178	0.00902	0.01059	0.00766	0.01195	0.00716	0.00617	0.06199	0.01135	0.08653	0.00987	0.01087	0.00778	0.00400	0.00384	0.00085	0.00380	0.00319	0.00332	0.72828
59	0.01019	0.00873	0.01019	0.00728	0.01165	0.00655	0.00582	0.01237	0.01019	0.01601	0.00873	0.01019	0.00728	0.00364	0.00364	0.00073	0.00364	0.00291	0.00291	0.85734
60	0.01009	0.08270	0.74660	0.01361	0.02065	0.01198	0.01746	0.01550	0.01035	0.01528	0.00868	0.01020	0.00623	0.00464	0.00456	0.00152	0.00712	0.00356	0.00208	0.00719
61	0.01291	0.01047	0.01118	0.00995	0.01280	0.01197	0.00777	0.03720	0.73021	0.06723	0.01984	0.01814	0.01473	0.00662	0.00500	0.00166	0.00393	0.00550	0.00506	0.00782
62	0.00802	0.00628	0.00742	0.00695	0.00851	0.00632	0.00526	0.01285	0.19184	0.01903	0.51610	0.05231	0.12063	0.00966	0.00563	0.00160	0.00271	0.00840	0.00520	0.00529
63	0.00687	0.00499	0.00647	0.00616	0.00730	0.00459	0.00460	0.00909	0.01362	0.01916	0.73278	0.06729	0.07793	0.01035	0.00581	0.00157	0.00235	0.00915	0.00534	0.00459
64	0.03128	0.00894	0.01047	0.00761	0.01186	0.00712	0.00613	0.04838	0.01118	0.10848	0.01008	0.01098	0.00785	0.00405	0.00384	0.00087	0.00379	0.00321	0.00338	0.70051
65	0.01493	0.01116	0.01238	0.00936	0.01334	0.01102	0.00763	0.39312	0.04392	0.05671	0.01129	0.01177	0.00843	0.00502	0.00437	0.00117	0.00451	0.00388	0.02709	0.34891
66	0.00713	0.00485	0.00579	0.00579	0.00594	0.00500	0.00352	0.00742	0.00727	0.00985	0.01509	0.02998	0.01692	0.69305	0.15796	0.00530	0.00619	0.00683	0.00292	0.00322
67	0.01257	0.00984	0.01105	0.01032	0.03108	0.01099	0.00804	0.07121	0.54198	0.07107	0.02018	0.02378	0.01641	0.00766	0.00528	0.00174	0.00416	0.13040	0.00493	0.00732
68	0.00822	0.00714	0.01101	0.33629	0.09535	0.00785	0.00927	0.01075	0.01113	0.01490	0.23110	0.07006	0.11286	0.00924	0.04238	0.00191	0.00493	0.00691	0.00353	0.00517
69	0.00713	0.00496	0.00647	0.00649	0.00695	0.00526	0.00446	0.00784	0.00782	0.01070	0.03151	0.02752	0.05338	0.39946	0.32530	0.05657	0.00782	0.02383	0.00295	0.00360
70	0.16043	0.01190	0.01230	0.00985	0.01341	0.04281	0.00804	0.37082	0.11523	0.18606	0.01341	0.01289	0.00940	0.00578	0.00460	0.00151	0.00482	0.00433	0.00476	0.00767
71	0.68191	0.00976	0.00802	0.00696	0.01007	0.04073	0.00567	0.01534	0.00938	0.09820	0.03008	0.00979	0.00727	0.00484	0.00339	0.00147	0.00398	0.00309	0.00338	0.04667
72	0.01502	0.05426	0.01287	0.03088	0.05192	0.09655	0.00819	0.39242	0.01732	0.02341	0.07543	0.01461	0.01187	0.00593	0.00456	0.00138	0.00497	0.00459	0.16698	0.00684
73	0.15044	0.00865	0.00948	0.00712	0.01108	0.00717	0.00568	0.01245	0.00985	0.01684	0.00931	0.04904	0.00817	0.00436	0.00367	0.00092	0.00363	0.00340	0.00301	0.67574
74	0.52059	0.00965	0.00996	0.04982	0.01254	0.01065	0.04370	0.03194	0.09811	0.15475	0.01083	0.01125	0.00782	0.00508	0.00385	0.00155	0.00427	0.00365	0.00375	0.00625
75	0.00863	0.00735	0.01027	0.09283	0.06819	0.02477	0.05933	0.02913	0.05434	0.03065	0.12700	0.23567	0.17166	0.01018	0.00589	0.00173	0.02011	0.03298	0.00411	0.00519

[dist]
# distance from previous block
# <min> <max>
0	7

[block]
# block no. 3 follows, 51 sequences, length 26
# corresponding to MSA columns:
# 253-278
name=unknown_D
#
# <colnr> <probs for GDERKNQSTAVLIFYWHMCP>
#	G	D	E	R	K	N	Q	S	T	A	V	L	I	F	Y	W	H	M	C	P
0	0.45882	0.07506	0.16428	0.00887	0.01278	0.06358	0.00863	0.04437	0.01015	0.06921	0.00851	0.00964	0.00646	0.00597	0.03434	0.00172	0.00536	0.00319	0.00300	0.00607
1	0.01030	0.16546	0.46754	0.01192	0.04374	0.01179	0.01332	0.03848	0.01026	0.01436	0.01053	0.01426	0.02573	0.13344	0.00762	0.00196	0.00630	0.00420	0.00238	0.00640
2	0.00619	0.00443	0.00588	0.00671	0.00717	0.00413	0.00458	0.00735	0.01034	0.01403	0.18633	0.66060	0.03538	0.01429	0.00617	0.00190	0.00274	0.01292	0.00474	0.00413
3	0.01019	0.00873	0.01019	0.00728	0.01165	0.00655	0.00582	0.01237	0.01019	0.01601	0.00873	0.01019	0.00728	0.00364	0.00364	0.00073	0.00364	0.00291	0.00291	0.85734
4	0.05578	0.06754	0.56728	0.01256	0.01854	0.01164	0.01508	0.01647	0.03657	0.09579	0.00993	0.01104	0.00710	0.00506	0.00514	0.00156	0.04938	0.00376	0.00264	0.00714
5	0.03811	0.00621	0.00690	0.00596	0.00807	0.00591	0.00468	0.04705	0.01151	0.16884	0.01558	0.01671	0.01165	0.00558	0.00379	0.00121	0.00295	0.00444	0.55522	0.07962
6	0.01089	0.00908	0.01081	0.01000	0.01236	0.01010	0.04590	0.02061	0.50296	0.01865	0.02089	0.02791	0.01802	0.00832	0.00543	0.00180	0.00419	0.20639	0.04898	0.00669
7	0.01134	0.01214	0.02583	0.01874	0.02320	0.01133	0.66481	0.01506	0.01143	0.03944	0.01188	0.09240	0.01004	0.00529	0.00578	0.00167	0.00754	0.00651	0.00281	0.02275
8	0.01175	0.51850	0.29197	0.01031	0.01543	0.01612	0.01167	0.01476	0.01003	0.01293	0.00778	0.00922	0.00653	0.00575	0.03771	0.00151	0.00628	0.00308	0.00212	0.00655
9	0.00743	0.00716	0.03817	0.00826	0.00953	0.05995	0.05613	0.00885	0.01027	0.01306	0.02730	0.52525	0.14283	0.01300	0.00601	0.00187	0.00382	0.05246	0.00419	0.00446
10	0.00779	0.00556	0.00777	0.00890	0.00997	0.00554	0.00769	0.00995	0.01118	0.01456	0.02609	0.10806	0.02857	0.01370	0.00675	0.00224	0.00441	0.71224	0.00453	0.00449
11	0.00824	0.00579	0.00658	0.00627	0.00804	0.00530	0.00479	0.01089	0.08150	0.09110	0.17535	0.08929	0.44001	0.01111	0.00571	0.00167	0.00284	0.03563	0.00490	0.00497
12	0.01322	0.58767	0.16043	0.00993	0.01446	0.11706	0.01026	0.01548	0.01055	0.01232	0.00728	0.00844	0.00630	0.00439	0.00358	0.00117	0.00606	0.00287	0.00215	0.00640
13	0.00758	0.00510	0.00671	0.00664	0.00739	0.00520	0.00471	0.00882	0.00943	0.04608	0.17771	0.09965	0.03982	0.27898	0.25451	0.00455	0.00655	0.02275	0.00371	0.00412
14	0.01241	0.01065	0.01122	0.01004	0.01285	0.01231	0.00782	0.04842	0.76515	0.02087	0.01976	0.01814	0.01480	0.00664	0.00500	0.00166	0.00393	0.00552	0.00500	0.00780
15	0.01165	0.01140	0.01784	0.17806	0.54084	0.05282	0.01387	0.01444	0.01102	0.01514	0.04265	0.01316	0.00907	0.00495	0.00539	0.00152	0.04218	0.00450	0.00251	0.00699
16	0.07668	0.01423	0.01391	0.01106	0.01455	0.14107	0.04117	0.49990	0.01900	0.04592	0.01119	0.01170	0.00817	0.00559	0.00464	0.00143	0.00573	0.00418	0.06250	0.00739
17	0.00704	0.00517	0.00744	0.00744	0.00816	0.00589	0.00557	0.00848	0.00776	0.01107	0.01358	0.02162	0.01329	0.17946	0.66659	0.00733	0.01165	0.00560	0.00269	0.00413
18	0.00703	0.00523	0.00772	0.00772	0.00854	0.00605	0.00593	0.00866	0.00785	0.01128	0.01332	0.02019	0.01267	0.09097	0.75423	0.00768	0.01259	0.00539	0.00266	0.00429
19	0.01113	0.10250	0.16791	0.01725	0.02218	0.01262	0.49721	0.01503	0.01098	0.01499	0.01021	0.05431	0.00839	0.00495	0.00560	0.00160	0.02869	0.00545	0.00247	0.00654
20	0.01249	0.01347	0.01546	0.01512	0.11621	0.17678	0.01106	0.01385	0.00932	0.01242	0.00705	0.01055	0.00660	0.00732	0.01226	0.00188	0.54606	0.00408	0.00227	0.00576
21	0.00714	0.00478	0.00545	0.00545	0.00548	0.00481	0.00308	0.00720	0.00717	0.00959	0.01541	0.03172	0.01768	0.80051	0.05153	0.00487	0.00505	0.00708	0.00297	0.00303
22	0.00715	0.00592	0.00839	0.02551	0.11004	0.00554	0.02958	0.00878	0.01100	0.01457	0.16682	0.32858	0.23609	0.01167	0.00584	0.00174	0.00328	0.01042	0.00433	0.00475
23	0.01075	0.00906	0.01098	0.09139	0.01420	0.00772	0.00700	0.07778	0.01129	0.01689	0.00955	0.01208	0.00797	0.00428	0.00398	0.00094	0.00412	0.02765	0.00306	0.66931
24	0.01313	0.11011	0.03271	0.01176	0.10500	0.03504	0.04820	0.03090	0.08907	0.20027	0.03317	0.19638	0.04291	0.00796	0.00528	0.00159	0.01894	0.00687	0.00416	0.00653
25	0.04868	0.06928	0.03502	0.02553	0.20859	0.02608	0.02070	0.09484	0.09940	0.03156	0.01254	0.02940	0.03661	0.00533	0.00447	0.00131	0.00480	0.01921	0.00331	0.22334

[dist]
# distance from previous block
# <min> <max>
0	14

# created by:
# /home/cegg/simao/soft/augustus-3.2.1/scripts/msa2prfl.pl ./align_prep/EOG091G0NK3.fa
