[name]
unknown

[dist]
# distance from previous block
# <min> <max>
1	108

[block]
# block no. 0 follows, 56 sequences, length 29
# corresponding to MSA columns:
# 113-141
name=unknown_A
#
# <colnr> <probs for GDERKNQSTAVLIFYWHMCP>
#	G	D	E	R	K	N	Q	S	T	A	V	L	I	F	Y	W	H	M	C	P
0	0.01287	0.20593	0.13377	0.07379	0.10345	0.04502	0.03552	0.12155	0.02692	0.11346	0.03283	0.03390	0.00905	0.00504	0.00420	0.00132	0.00523	0.00406	0.02558	0.00648
1	0.05471	0.02989	0.06767	0.01013	0.06313	0.15714	0.02821	0.04573	0.02884	0.04115	0.04857	0.08992	0.03016	0.08260	0.16558	0.00286	0.02317	0.02242	0.00303	0.00511
2	0.01096	0.40981	0.05247	0.00768	0.01165	0.03415	0.00714	0.01280	0.00946	0.01268	0.00745	0.00900	0.00656	0.02570	0.00377	0.00097	0.00444	0.00273	0.00231	0.36826
3	0.01151	0.03358	0.18402	0.01246	0.09470	0.02801	0.06882	0.12875	0.15530	0.04693	0.06543	0.04334	0.01181	0.00567	0.00479	0.00142	0.01921	0.01700	0.00341	0.06384
4	0.01142	0.13018	0.45950	0.01215	0.05247	0.12691	0.01306	0.01511	0.01057	0.06497	0.05517	0.01107	0.00845	0.00472	0.00423	0.00135	0.00623	0.00360	0.00244	0.00640
5	0.00601	0.00453	0.00525	0.00550	0.00635	0.00417	0.00388	0.00700	0.00941	0.01202	0.09748	0.19322	0.33262	0.20585	0.02843	0.00245	0.00324	0.06499	0.00394	0.00366
6	0.00975	0.03676	0.06236	0.03040	0.10013	0.02525	0.11341	0.01290	0.07189	0.06946	0.16113	0.02207	0.16071	0.00709	0.00587	0.00150	0.08048	0.00605	0.01721	0.00559
7	0.01283	0.14873	0.18098	0.04021	0.06270	0.08473	0.01021	0.08343	0.13441	0.11035	0.01170	0.03281	0.00923	0.00545	0.00465	0.00140	0.03048	0.02591	0.00323	0.00656
8	0.04554	0.01055	0.01335	0.15830	0.19235	0.13122	0.06618	0.04815	0.02946	0.01453	0.08015	0.01514	0.03517	0.02130	0.08483	0.00202	0.00619	0.00462	0.02153	0.01941
9	0.00727	0.00557	0.00603	0.00638	0.00728	0.05673	0.00458	0.00846	0.01001	0.04103	0.11298	0.41107	0.15007	0.04691	0.00619	0.00178	0.00309	0.05240	0.05810	0.00409
10	0.01271	0.03596	0.13825	0.04339	0.10704	0.12917	0.09381	0.13872	0.10244	0.05317	0.02301	0.03231	0.02880	0.00545	0.00490	0.00144	0.02815	0.01164	0.00316	0.00649
11	0.06106	0.12998	0.07309	0.01146	0.06672	0.19120	0.05639	0.07611	0.10758	0.12716	0.01108	0.03147	0.00861	0.00571	0.02155	0.00146	0.00575	0.00400	0.00326	0.00638
12	0.00670	0.00456	0.00539	0.00558	0.00580	0.00456	0.00344	0.02534	0.00765	0.01034	0.01697	0.22820	0.01950	0.55711	0.05732	0.00381	0.00436	0.00806	0.02208	0.00323
13	0.01187	0.21521	0.12340	0.05089	0.06632	0.06931	0.05877	0.12024	0.02425	0.01464	0.00869	0.01153	0.00737	0.00624	0.03083	0.00161	0.13909	0.03113	0.00254	0.00607
14	0.01365	0.04587	0.18174	0.01340	0.09082	0.05441	0.11744	0.20967	0.05546	0.11850	0.01149	0.03133	0.00873	0.00522	0.00464	0.00143	0.00569	0.02016	0.00342	0.00692
15	0.03686	0.01181	0.01322	0.03220	0.04318	0.08482	0.04619	0.40928	0.01675	0.19704	0.01230	0.03022	0.00886	0.00548	0.00454	0.00138	0.00509	0.00435	0.02926	0.00716
16	0.00641	0.00461	0.00571	0.02558	0.00737	0.00421	0.00437	0.00768	0.01026	0.04299	0.17957	0.35586	0.26854	0.03096	0.00598	0.00173	0.00267	0.02706	0.00438	0.00406
17	0.10008	0.16639	0.19518	0.01818	0.06839	0.13579	0.02266	0.08124	0.05899	0.03288	0.00995	0.01180	0.02175	0.02158	0.00442	0.00139	0.00560	0.02130	0.01630	0.00613
18	0.02946	0.06939	0.07873	0.05837	0.21740	0.13756	0.05114	0.09908	0.04890	0.09430	0.01136	0.03719	0.02855	0.00515	0.00444	0.00137	0.00561	0.00431	0.01119	0.00651
19	0.00744	0.00505	0.00612	0.00596	0.00730	0.00461	0.00447	0.00941	0.04133	0.08213	0.30585	0.16538	0.27062	0.02503	0.00574	0.00163	0.00262	0.04018	0.00465	0.00447
20	0.10896	0.10885	0.37013	0.03692	0.05262	0.05898	0.15199	0.01468	0.00994	0.03436	0.00820	0.00987	0.00615	0.00426	0.00423	0.00140	0.00632	0.00360	0.00225	0.00629
21	0.02622	0.11953	0.19744	0.01517	0.19026	0.08684	0.08938	0.06694	0.04250	0.07827	0.03778	0.01159	0.00848	0.00466	0.00437	0.00135	0.00581	0.00396	0.00280	0.00664
22	0.00970	0.05083	0.00948	0.00908	0.06917	0.04863	0.00659	0.03051	0.07433	0.08646	0.16378	0.10681	0.08704	0.04469	0.02921	0.00188	0.02431	0.13831	0.00403	0.00514
23	0.00593	0.00440	0.00548	0.00609	0.00669	0.00414	0.00417	0.00725	0.03345	0.01245	0.10025	0.53683	0.14853	0.07243	0.02760	0.00209	0.00297	0.01119	0.00420	0.00386
24	0.01235	0.06787	0.15512	0.05147	0.27210	0.13162	0.10062	0.03376	0.03336	0.06576	0.00956	0.02888	0.00762	0.00464	0.00449	0.00138	0.00613	0.00411	0.00259	0.00657
25	0.01119	0.01023	0.03052	0.01110	0.10180	0.09150	0.05600	0.06842	0.12013	0.05749	0.01480	0.10772	0.05879	0.03595	0.00519	0.00141	0.00454	0.00535	0.00341	0.20446
26	0.00998	0.00557	0.00707	0.00684	0.00824	0.00525	0.00514	0.03774	0.02876	0.19253	0.06764	0.30046	0.07307	0.09486	0.00717	0.00195	0.00333	0.09497	0.04452	0.00489
27	0.00852	0.00716	0.03622	0.03150	0.02650	0.06362	0.00608	0.04246	0.01014	0.03288	0.04512	0.26300	0.04392	0.08125	0.02752	0.00202	0.01846	0.12759	0.12157	0.00447
28	0.04959	0.08487	0.20425	0.04100	0.05339	0.06639	0.07960	0.22691	0.01345	0.07463	0.02261	0.01089	0.00756	0.00475	0.00433	0.00135	0.00570	0.00382	0.00313	0.04178

[dist]
# distance from previous block
# <min> <max>
4	9

[block]
# block no. 1 follows, 56 sequences, length 19
# corresponding to MSA columns:
# 151-169
name=unknown_B
#
# <colnr> <probs for GDERKNQSTAVLIFYWHMCP>
#	G	D	E	R	K	N	Q	S	T	A	V	L	I	F	Y	W	H	M	C	P
0	0.03134	0.07082	0.09011	0.03433	0.42896	0.04129	0.01949	0.11232	0.04709	0.01668	0.03301	0.01181	0.00848	0.00461	0.00437	0.00135	0.00531	0.00403	0.02775	0.00685
1	0.00605	0.00426	0.00562	0.00657	0.00701	0.00406	0.00467	0.00708	0.00902	0.01207	0.02452	0.61575	0.04077	0.06281	0.00690	0.00203	0.00302	0.14427	0.02972	0.00378
2	0.03856	0.24556	0.07843	0.01040	0.05226	0.06482	0.00885	0.25083	0.13547	0.01852	0.01061	0.03068	0.00847	0.00514	0.00405	0.00129	0.00499	0.00386	0.02054	0.00667
3	0.01079	0.00871	0.00932	0.00778	0.01050	0.06795	0.00609	0.06556	0.08675	0.08369	0.02930	0.12358	0.08407	0.00682	0.00483	0.00125	0.03590	0.02725	0.00365	0.32620
4	0.02452	0.02088	0.22263	0.00991	0.04553	0.04321	0.03413	0.01123	0.00969	0.06684	0.02634	0.38062	0.01788	0.00953	0.02080	0.00170	0.00462	0.00791	0.00337	0.03866
5	0.03683	0.28065	0.46614	0.01137	0.01689	0.01292	0.05564	0.01457	0.00972	0.04454	0.00804	0.00927	0.00609	0.00425	0.00394	0.00131	0.00603	0.00323	0.00214	0.00646
6	0.01091	0.01113	0.01946	0.09873	0.46489	0.04214	0.21338	0.01382	0.01048	0.01432	0.00995	0.03632	0.02391	0.00456	0.00481	0.00144	0.00607	0.00476	0.00237	0.00654
7	0.01403	0.00654	0.00845	0.00700	0.00951	0.00579	0.00558	0.03763	0.01273	0.43657	0.21121	0.05365	0.15574	0.00788	0.00499	0.00146	0.00321	0.00665	0.00521	0.00617
8	0.01112	0.02752	0.08541	0.14933	0.51864	0.03001	0.05237	0.04424	0.01068	0.01481	0.00858	0.01125	0.00692	0.00425	0.00454	0.00140	0.00582	0.00404	0.00230	0.00679
9	0.00681	0.00514	0.00685	0.00703	0.00763	0.00555	0.00513	0.03748	0.00884	0.01214	0.05966	0.35515	0.04483	0.10497	0.23565	0.00364	0.06297	0.02301	0.00350	0.00402
10	0.01258	0.62812	0.06814	0.00903	0.01282	0.11432	0.02567	0.01473	0.04059	0.01149	0.00711	0.00815	0.00623	0.00422	0.00353	0.00109	0.02136	0.00277	0.00212	0.00592
11	0.00701	0.00560	0.00646	0.00688	0.00768	0.03147	0.00487	0.04337	0.06206	0.01324	0.05074	0.58587	0.11118	0.01252	0.00584	0.00176	0.02391	0.01106	0.00421	0.00426
12	0.00798	0.00564	0.00690	0.00666	0.00760	0.00585	0.00478	0.03070	0.10565	0.04686	0.20194	0.15384	0.02394	0.25191	0.07359	0.00288	0.02278	0.03217	0.00394	0.00437
13	0.02737	0.00655	0.00776	0.00728	0.00889	0.00660	0.00553	0.15392	0.04352	0.10101	0.09018	0.33038	0.06346	0.02814	0.00559	0.00168	0.00333	0.05285	0.05078	0.00517
14	0.03003	0.00775	0.00955	0.00773	0.01051	0.00744	0.00623	0.14659	0.03791	0.40591	0.15911	0.03900	0.04273	0.00669	0.00469	0.00141	0.00357	0.00552	0.06095	0.00667
15	0.00671	0.00504	0.00727	0.00720	0.00786	0.00586	0.00545	0.00808	0.00726	0.01041	0.01239	0.01956	0.01206	0.15584	0.66843	0.00673	0.04228	0.00515	0.00249	0.00393
16	0.05364	0.00969	0.01107	0.00951	0.03769	0.01030	0.00737	0.26699	0.21278	0.21882	0.01554	0.06987	0.01178	0.00623	0.00457	0.00146	0.00409	0.00506	0.03642	0.00712
17	0.00637	0.00518	0.00576	0.00623	0.00708	0.04045	0.00448	0.00754	0.01003	0.01281	0.13180	0.39749	0.23073	0.04142	0.00627	0.00181	0.00295	0.07345	0.00423	0.00392
18	0.01686	0.01994	0.01297	0.01151	0.01407	0.66249	0.00876	0.12594	0.05942	0.01414	0.00830	0.00917	0.00664	0.00492	0.00423	0.00123	0.00757	0.00325	0.00281	0.00578

[dist]
# distance from previous block
# <min> <max>
0	1

[block]
# block no. 2 follows, 56 sequences, length 15
# corresponding to MSA columns:
# 171-175,178-187
name=unknown_C
#
# <colnr> <probs for GDERKNQSTAVLIFYWHMCP>
#	G	D	E	R	K	N	Q	S	T	A	V	L	I	F	Y	W	H	M	C	P
0	0.03903	0.01217	0.01303	0.01019	0.01370	0.01348	0.00836	0.64345	0.12335	0.05764	0.01218	0.01191	0.00869	0.00558	0.00456	0.00140	0.00478	0.00425	0.00460	0.00766
1	0.00602	0.00417	0.00545	0.00639	0.00677	0.00396	0.00443	0.00699	0.00890	0.01210	0.02396	0.66133	0.02805	0.06005	0.00673	0.00199	0.00289	0.08897	0.05711	0.00376
2	0.00713	0.00533	0.00702	0.00668	0.00723	0.00575	0.02944	0.00857	0.05531	0.01038	0.01402	0.05115	0.01484	0.47762	0.24913	0.00486	0.03293	0.00617	0.00281	0.00364
3	0.00805	0.00445	0.00665	0.00723	0.05465	0.00445	0.00448	0.00654	0.00632	0.00849	0.00867	0.01541	0.00881	0.09782	0.01767	0.72743	0.00412	0.00426	0.00209	0.00239
4	0.00809	0.00579	0.00727	0.00750	0.00893	0.00575	0.00618	0.02475	0.09801	0.05159	0.13346	0.08159	0.15137	0.01100	0.00575	0.00181	0.00350	0.37848	0.00447	0.00472
5	0.00741	0.00611	0.00823	0.00795	0.00876	0.03258	0.00620	0.00926	0.03288	0.01091	0.01179	0.01741	0.01106	0.06471	0.65239	0.00632	0.09440	0.00485	0.00250	0.00428
6	0.00642	0.00575	0.05156	0.00753	0.00850	0.00483	0.03942	0.02294	0.00942	0.01270	0.05482	0.63939	0.02737	0.01341	0.02652	0.00196	0.00347	0.05582	0.00404	0.00415
7	0.01018	0.00876	0.01356	0.30877	0.21954	0.02890	0.04217	0.02402	0.04361	0.06276	0.05397	0.04445	0.04598	0.00597	0.00481	0.00151	0.00515	0.05196	0.01817	0.00579
8	0.00999	0.00735	0.00845	0.00789	0.00983	0.00785	0.00613	0.04967	0.33021	0.08489	0.07828	0.14249	0.10900	0.01038	0.05458	0.00197	0.00390	0.06682	0.00451	0.00580
9	0.01064	0.01259	0.09003	0.05590	0.09092	0.08497	0.37183	0.03837	0.03267	0.01465	0.04612	0.08733	0.03108	0.00554	0.00508	0.00151	0.00639	0.00570	0.00275	0.00593
10	0.83519	0.04368	0.00747	0.00611	0.00900	0.01063	0.00509	0.01351	0.00788	0.02019	0.00639	0.00745	0.00501	0.00425	0.00285	0.00140	0.00361	0.00248	0.00280	0.00501
11	0.00735	0.03028	0.12497	0.06564	0.01142	0.00648	0.03859	0.03887	0.01092	0.01454	0.19554	0.17092	0.23746	0.00934	0.00520	0.00155	0.00368	0.01866	0.00381	0.00476
12	0.01354	0.47526	0.06830	0.00943	0.01302	0.28088	0.00862	0.01518	0.01057	0.01141	0.00683	0.00793	0.00594	0.00419	0.00345	0.00106	0.00605	0.00269	0.00214	0.05353
13	0.01032	0.00874	0.00950	0.00718	0.01083	0.05149	0.00569	0.01294	0.05883	0.05352	0.04287	0.01252	0.03918	0.00431	0.00374	0.00086	0.00362	0.00346	0.00312	0.65728
14	0.06558	0.01188	0.06239	0.05275	0.21519	0.09660	0.00986	0.09451	0.15639	0.13239	0.01247	0.03838	0.00970	0.00541	0.00449	0.00143	0.00505	0.01523	0.00354	0.00677

[dist]
# distance from previous block
# <min> <max>
1	13

[block]
# block no. 3 follows, 56 sequences, length 22
# corresponding to MSA columns:
# 205,229-249
name=unknown_D
#
# <colnr> <probs for GDERKNQSTAVLIFYWHMCP>
#	G	D	E	R	K	N	Q	S	T	A	V	L	I	F	Y	W	H	M	C	P
0	0.00592	0.00463	0.00536	0.00526	0.00652	0.00407	0.00391	0.00751	0.01150	0.01506	0.38682	0.08527	0.42020	0.01078	0.00545	0.00152	0.00227	0.00926	0.00462	0.00407
1	0.01110	0.01070	0.01711	0.07163	0.59776	0.03726	0.04043	0.01428	0.04986	0.01481	0.00994	0.01382	0.00853	0.00469	0.00463	0.00140	0.00544	0.04721	0.00251	0.03688
2	0.01270	0.11119	0.08600	0.03148	0.04356	0.09975	0.17159	0.06349	0.03895	0.10567	0.00994	0.02819	0.00790	0.00631	0.03321	0.00167	0.13511	0.00429	0.00285	0.00615
3	0.00964	0.09664	0.67656	0.01278	0.01906	0.01141	0.05354	0.01482	0.03778	0.01437	0.00849	0.00988	0.00617	0.00436	0.00430	0.00142	0.00655	0.00347	0.00206	0.00669
4	0.00660	0.00606	0.03458	0.00687	0.00770	0.06002	0.00506	0.00774	0.00954	0.01225	0.06402	0.60622	0.10470	0.01279	0.00564	0.00176	0.00319	0.03716	0.00409	0.00401
5	0.05439	0.19208	0.29334	0.05708	0.03588	0.11750	0.06558	0.05119	0.03411	0.01431	0.02279	0.02592	0.00742	0.00468	0.00412	0.00133	0.00608	0.00365	0.00239	0.00615
6	0.00867	0.00816	0.01377	0.82762	0.03162	0.01020	0.01275	0.01173	0.00918	0.01173	0.00816	0.01224	0.00612	0.00459	0.00459	0.00153	0.00612	0.00408	0.00204	0.00510
7	0.00628	0.00492	0.00576	0.00561	0.00690	0.00454	0.00419	0.00854	0.05540	0.01536	0.38142	0.09174	0.34671	0.01119	0.02933	0.00170	0.00264	0.00891	0.00458	0.00426
8	0.01042	0.01002	0.01742	0.34908	0.38566	0.01081	0.09669	0.03908	0.01035	0.01411	0.00859	0.01181	0.00679	0.00432	0.00466	0.00145	0.00595	0.00423	0.00226	0.00630
9	0.01206	0.11667	0.19309	0.03165	0.11690	0.07328	0.08536	0.07088	0.11293	0.07054	0.05031	0.01307	0.02299	0.00504	0.00444	0.00138	0.00555	0.00425	0.00304	0.00657
10	0.00990	0.00638	0.00856	0.00781	0.00925	0.00702	0.00613	0.07679	0.03591	0.13138	0.05730	0.06328	0.01387	0.04565	0.42290	0.00461	0.05721	0.00544	0.02554	0.00507
11	0.00770	0.00570	0.00718	0.00796	0.00909	0.03193	0.00670	0.00954	0.01052	0.03552	0.02591	0.13122	0.10462	0.01230	0.00608	0.00198	0.00400	0.57356	0.00421	0.00428
12	0.08819	0.02262	0.03018	0.01033	0.07211	0.17303	0.02441	0.05802	0.10996	0.12058	0.09716	0.08633	0.05146	0.00681	0.00463	0.00145	0.00473	0.02835	0.00381	0.00587
13	0.00935	0.00889	0.01534	0.55646	0.21041	0.01020	0.05687	0.01234	0.00964	0.01275	0.00913	0.01399	0.00743	0.00483	0.00471	0.00152	0.00596	0.04232	0.00222	0.00562
14	0.01205	0.08103	0.03361	0.00740	0.00970	0.02476	0.00610	0.04676	0.03961	0.24648	0.27732	0.04994	0.03154	0.03204	0.04598	0.03563	0.00401	0.00598	0.00443	0.00565
15	0.01146	0.01159	0.01924	0.04357	0.59678	0.05308	0.12747	0.01420	0.01044	0.01449	0.00851	0.01131	0.00707	0.00430	0.00517	0.00142	0.04656	0.00422	0.00227	0.00685
16	0.01010	0.04829	0.34025	0.01504	0.08512	0.05044	0.23541	0.01427	0.03779	0.01425	0.01118	0.05562	0.03099	0.00520	0.00478	0.00149	0.00643	0.02464	0.00244	0.00626
17	0.00644	0.00478	0.00527	0.00515	0.00664	0.00409	0.00386	0.00777	0.01088	0.05715	0.16390	0.10121	0.58426	0.01116	0.00541	0.00155	0.00241	0.00945	0.00447	0.00415
18	0.01248	0.01178	0.08993	0.02617	0.13818	0.07800	0.08595	0.03410	0.14220	0.13961	0.02815	0.01362	0.00974	0.00804	0.07970	0.00203	0.08610	0.00448	0.00328	0.00645
19	0.01155	0.59256	0.22819	0.00939	0.01394	0.03507	0.01028	0.01400	0.00946	0.01178	0.00687	0.00805	0.00588	0.00415	0.00360	0.00113	0.02329	0.00274	0.00197	0.00609
20	0.01088	0.00991	0.01577	0.36874	0.38056	0.03863	0.01281	0.01360	0.01004	0.05775	0.00883	0.01183	0.00692	0.00453	0.00487	0.00145	0.03021	0.00407	0.00236	0.00624
21	0.01163	0.03549	0.04193	0.09551	0.34839	0.10588	0.05563	0.01399	0.01074	0.08291	0.04462	0.11008	0.01150	0.00579	0.00470	0.00143	0.00541	0.00524	0.00289	0.00622

[dist]
# distance from previous block
# <min> <max>
0	2

[block]
# block no. 4 follows, 56 sequences, length 33
# corresponding to MSA columns:
# 252-284
name=unknown_E
#
# <colnr> <probs for GDERKNQSTAVLIFYWHMCP>
#	G	D	E	R	K	N	Q	S	T	A	V	L	I	F	Y	W	H	M	C	P
0	0.01043	0.00946	0.02883	0.01789	0.41620	0.04355	0.00997	0.05676	0.01106	0.04796	0.03440	0.13324	0.12407	0.02086	0.00519	0.00152	0.00458	0.01476	0.00319	0.00608
1	0.01477	0.00754	0.01083	0.21274	0.01623	0.00755	0.00833	0.04671	0.01197	0.42120	0.03188	0.03730	0.01338	0.00679	0.00493	0.00157	0.00450	0.13093	0.00445	0.00640
2	0.03835	0.00838	0.00996	0.00740	0.01123	0.00696	0.00601	0.07043	0.01120	0.20122	0.01097	0.01190	0.00830	0.00431	0.00382	0.00096	0.00366	0.02015	0.00358	0.56122
3	0.00952	0.00883	0.01414	0.42176	0.24923	0.01008	0.01176	0.01323	0.08112	0.01395	0.08489	0.01445	0.01068	0.00516	0.00500	0.00149	0.03168	0.00458	0.00263	0.00584
4	0.00570	0.00423	0.00526	0.00590	0.00652	0.00385	0.00405	0.00669	0.00953	0.01249	0.11432	0.54738	0.19916	0.04446	0.00638	0.00185	0.00260	0.01157	0.00429	0.00379
5	0.01318	0.67901	0.04122	0.00853	0.01230	0.12621	0.00817	0.01471	0.00998	0.04133	0.00697	0.00786	0.00610	0.00411	0.00321	0.00104	0.00537	0.00263	0.00216	0.00591
6	0.01015	0.00954	0.01608	0.07583	0.46180	0.00952	0.09295	0.01319	0.03983	0.01493	0.06119	0.03844	0.04048	0.00542	0.00477	0.00142	0.00507	0.03717	0.02326	0.03895
7	0.36248	0.11107	0.11540	0.02669	0.01264	0.01058	0.04351	0.04232	0.00982	0.13215	0.00882	0.00957	0.00650	0.00439	0.00358	0.00131	0.00447	0.00316	0.00304	0.08851
8	0.01957	0.00774	0.01042	0.00810	0.01149	0.00681	0.00665	0.02178	0.04299	0.74452	0.05649	0.01659	0.01302	0.00588	0.00466	0.00143	0.00381	0.00482	0.00561	0.00762
9	0.01990	0.00786	0.01058	0.00815	0.01161	0.00691	0.00672	0.04933	0.01344	0.75247	0.05042	0.01623	0.01256	0.00583	0.00465	0.00142	0.00388	0.00475	0.00562	0.00767
10	0.10265	0.01161	0.06604	0.05922	0.28839	0.01125	0.08812	0.21181	0.01314	0.05472	0.04220	0.01204	0.00865	0.00478	0.00449	0.00141	0.00529	0.00422	0.00316	0.00682
11	0.00876	0.00825	0.01393	0.80058	0.05795	0.01022	0.01280	0.01181	0.00922	0.01184	0.00818	0.01221	0.00616	0.00457	0.00459	0.00152	0.00610	0.00408	0.00205	0.00517
12	0.00662	0.00446	0.00499	0.00499	0.00506	0.00442	0.00281	0.00667	0.00685	0.00907	0.01596	0.03070	0.05362	0.80007	0.02253	0.00432	0.00435	0.00682	0.00285	0.00283
13	0.00609	0.00466	0.00559	0.00540	0.00662	0.00415	0.00403	0.00786	0.01197	0.01609	0.51583	0.06295	0.31140	0.01033	0.00543	0.00149	0.00224	0.00894	0.00475	0.00415
14	0.01013	0.00910	0.01519	0.50879	0.29035	0.01032	0.01283	0.01324	0.02694	0.04633	0.00896	0.01219	0.00689	0.00450	0.00458	0.00147	0.00575	0.00413	0.00233	0.00599
15	0.07772	0.01476	0.01283	0.01071	0.01331	0.28119	0.00856	0.30169	0.01486	0.07820	0.00914	0.01005	0.00696	0.00557	0.00594	0.00142	0.13369	0.00364	0.00341	0.00635
16	0.40706	0.00874	0.00915	0.00741	0.01065	0.00902	0.00611	0.08645	0.01146	0.38362	0.01216	0.01151	0.00814	0.00502	0.00381	0.00142	0.00385	0.00361	0.00429	0.00652
17	0.00591	0.00435	0.00558	0.00647	0.00697	0.00413	0.00447	0.00730	0.04199	0.01218	0.02662	0.70467	0.08959	0.01375	0.00580	0.00184	0.00275	0.04744	0.00428	0.00391
18	0.00866	0.00584	0.00776	0.00728	0.00773	0.04599	0.02660	0.00801	0.00700	0.02497	0.00915	0.01501	0.00887	0.06974	0.12821	0.52129	0.07282	0.00430	0.01775	0.00302
19	0.01065	0.26421	0.24726	0.01079	0.01507	0.01224	0.10696	0.01492	0.10240	0.04432	0.03891	0.01262	0.02467	0.00708	0.06721	0.00179	0.00603	0.00403	0.00265	0.00619
20	0.02356	0.00915	0.03890	0.07602	0.07002	0.01800	0.00748	0.07489	0.01080	0.09458	0.01059	0.07107	0.00895	0.00490	0.00423	0.00108	0.01974	0.00403	0.00314	0.44885
21	0.08289	0.12201	0.11080	0.01413	0.22787	0.10444	0.00984	0.04433	0.04196	0.04950	0.03468	0.01298	0.00916	0.07992	0.03529	0.00181	0.00561	0.00399	0.00272	0.00605
22	0.02987	0.12389	0.06101	0.03606	0.14062	0.05880	0.14968	0.10973	0.05835	0.07940	0.05447	0.01249	0.00956	0.00478	0.00442	0.00133	0.00544	0.00424	0.00310	0.05274
23	0.08177	0.06364	0.12325	0.05394	0.23256	0.07877	0.03812	0.07714	0.02351	0.10088	0.01063	0.01253	0.02480	0.00492	0.00447	0.00138	0.01643	0.02253	0.00293	0.02578
24	0.13320	0.06363	0.10277	0.04744	0.17180	0.09792	0.03801	0.07772	0.04314	0.07585	0.02263	0.01373	0.00898	0.00519	0.00430	0.00140	0.00531	0.05697	0.00302	0.02698
25	0.18082	0.09631	0.09562	0.02564	0.12273	0.08668	0.04004	0.10207	0.03006	0.07578	0.03050	0.01142	0.02513	0.00494	0.00441	0.00136	0.03302	0.00375	0.00301	0.02670
26	0.08680	0.09265	0.10755	0.03494	0.23179	0.05682	0.05129	0.10672	0.03317	0.02714	0.04144	0.01130	0.00836	0.00471	0.00457	0.00134	0.03248	0.00384	0.00278	0.06031
27	0.09762	0.03729	0.06263	0.02788	0.11876	0.07425	0.02056	0.09557	0.10780	0.07295	0.07055	0.04635	0.03358	0.02063	0.00468	0.00140	0.00457	0.00466	0.00346	0.09480
28	0.06292	0.10136	0.08604	0.07541	0.14002	0.02217	0.06132	0.10297	0.06298	0.07446	0.05523	0.03152	0.02646	0.00553	0.00445	0.00140	0.00493	0.03665	0.00323	0.04095
29	0.03287	0.07807	0.09008	0.01322	0.16465	0.06390	0.04158	0.09112	0.05288	0.08586	0.05682	0.04338	0.01080	0.00550	0.00494	0.00136	0.04731	0.01831	0.00319	0.09417
30	0.09113	0.08260	0.06063	0.05859	0.12382	0.09483	0.02099	0.07807	0.06528	0.10519	0.04231	0.06900	0.03407	0.00573	0.00433	0.00136	0.00484	0.00467	0.00333	0.04923
31	0.04980	0.05222	0.05771	0.11246	0.16600	0.10542	0.04247	0.05101	0.04634	0.07815	0.03946	0.02587	0.03622	0.02301	0.00495	0.00141	0.01896	0.00432	0.00298	0.08126
32	0.08774	0.08604	0.07526	0.04005	0.17352	0.02250	0.06424	0.11174	0.12644	0.02614	0.02458	0.01370	0.05516	0.00513	0.00429	0.00136	0.00482	0.00431	0.01866	0.05432

[dist]
# distance from previous block
# <min> <max>
0	79

# created by:
# /home/cegg/simao/soft/augustus-3.2.1/scripts/msa2prfl.pl ./align_prep/EOG091G0YK9.fa
