[name]
unknown

[dist]
# distance from previous block
# <min> <max>
0	360

[block]
# block no. 0 follows, 53 sequences, length 6
# corresponding to MSA columns:
# 360-365
name=unknown_A
#
# <colnr> <probs for GDERKNQSTAVLIFYWHMCP>
#	G	D	E	R	K	N	Q	S	T	A	V	L	I	F	Y	W	H	M	C	P
0	0.01147	0.00724	0.00915	0.00884	0.01074	0.00734	0.00733	0.13988	0.05182	0.13895	0.02190	0.15621	0.02188	0.01079	0.00586	0.00190	0.00421	0.37410	0.00473	0.00567
1	0.01310	0.01144	0.14529	0.01218	0.01599	0.00870	0.20263	0.04287	0.01208	0.24396	0.04493	0.06878	0.01461	0.00710	0.00538	0.00166	0.00551	0.13323	0.00400	0.00653
2	0.01135	0.00975	0.14098	0.00990	0.01274	0.00723	0.05412	0.04453	0.01159	0.19033	0.01984	0.17231	0.01927	0.00964	0.00565	0.00182	0.00472	0.26413	0.00425	0.00584
3	0.01523	0.01243	0.02094	0.01536	0.01963	0.05147	0.42025	0.16961	0.01414	0.19340	0.01195	0.01315	0.00839	0.00483	0.00522	0.00153	0.00665	0.00506	0.00366	0.00711
4	0.00995	0.00944	0.01600	0.56031	0.28594	0.01086	0.01373	0.01302	0.00999	0.01333	0.00866	0.01244	0.00677	0.00461	0.00476	0.00154	0.00614	0.00425	0.00220	0.00605
5	0.00911	0.00855	0.01393	0.50606	0.20395	0.00970	0.01201	0.01189	0.01008	0.01310	0.01517	0.01800	0.13716	0.00586	0.00491	0.00156	0.00556	0.00521	0.00256	0.00562

[dist]
# distance from previous block
# <min> <max>
0	6

[block]
# block no. 1 follows, 53 sequences, length 113
# corresponding to MSA columns:
# 372-484
name=unknown_B
#
# <colnr> <probs for GDERKNQSTAVLIFYWHMCP>
#	G	D	E	R	K	N	Q	S	T	A	V	L	I	F	Y	W	H	M	C	P
0	0.03813	0.01024	0.01171	0.00945	0.01275	0.09265	0.03545	0.04491	0.14311	0.49189	0.01697	0.02988	0.01172	0.02236	0.00516	0.00155	0.00466	0.00489	0.00506	0.00746
1	0.01759	0.02228	0.01380	0.01306	0.04915	0.77785	0.00947	0.01889	0.01343	0.01187	0.00746	0.00876	0.00622	0.00490	0.00433	0.00124	0.00849	0.00313	0.00246	0.00563
2	0.00686	0.00497	0.00603	0.00571	0.00708	0.00443	0.00430	0.00876	0.01268	0.04140	0.53252	0.03843	0.28842	0.01041	0.00562	0.00154	0.00236	0.00899	0.00502	0.00447
3	0.00903	0.00850	0.01434	0.82054	0.03292	0.01062	0.01327	0.01221	0.00956	0.01221	0.00850	0.01274	0.00637	0.00478	0.00478	0.00159	0.00637	0.00425	0.00212	0.00531
4	0.00582	0.00416	0.00555	0.00666	0.00693	0.00388	0.00444	0.00666	0.00915	0.01220	0.02634	0.82891	0.03161	0.01497	0.00610	0.00194	0.00277	0.01359	0.00444	0.00388
5	0.00991	0.00850	0.00991	0.00708	0.01133	0.00637	0.00566	0.01203	0.00991	0.01557	0.00850	0.00991	0.00708	0.00354	0.00354	0.00071	0.00354	0.00283	0.00283	0.86124
6	0.00991	0.00850	0.00991	0.00708	0.01133	0.00637	0.00566	0.01203	0.00991	0.01557	0.00850	0.00991	0.00708	0.00354	0.00354	0.00071	0.00354	0.00283	0.00283	0.86124
7	0.00968	0.04971	0.78313	0.01345	0.02043	0.01134	0.01737	0.01511	0.01008	0.01502	0.00852	0.01002	0.00606	0.00453	0.00450	0.00150	0.00700	0.00350	0.00202	0.00704
8	0.00671	0.00488	0.00631	0.00595	0.00710	0.00448	0.00446	0.00891	0.01339	0.01884	0.76002	0.03625	0.08497	0.00989	0.00564	0.00151	0.00226	0.00872	0.00522	0.00448
9	0.01765	0.02244	0.01357	0.01232	0.01472	0.79115	0.00927	0.01888	0.01338	0.01169	0.00736	0.00867	0.00616	0.00502	0.00462	0.00125	0.03076	0.00311	0.00245	0.00553
10	0.00903	0.00850	0.01434	0.82054	0.03292	0.01062	0.01327	0.01221	0.00956	0.01221	0.00850	0.01274	0.00637	0.00478	0.00478	0.00159	0.00637	0.00425	0.00212	0.00531
11	0.00581	0.00485	0.00506	0.00501	0.00655	0.00410	0.00376	0.00717	0.01127	0.01381	0.15623	0.04452	0.69190	0.01177	0.00565	0.00160	0.00240	0.00988	0.00456	0.00410
12	0.00582	0.00416	0.00555	0.00666	0.00693	0.00388	0.00444	0.00666	0.00915	0.01220	0.02634	0.82891	0.03161	0.01497	0.00610	0.00194	0.00277	0.01359	0.00444	0.00388
13	0.00683	0.00512	0.00768	0.00768	0.00853	0.00597	0.00597	0.00853	0.00768	0.01110	0.01280	0.01878	0.01195	0.03585	0.81308	0.00768	0.01280	0.00512	0.00256	0.00427
14	0.00617	0.00486	0.00556	0.00539	0.00678	0.00426	0.00404	0.00787	0.01212	0.01583	0.39924	0.04119	0.44763	0.01102	0.00564	0.00156	0.00234	0.00941	0.00482	0.00426
15	0.00919	0.00866	0.01462	0.77563	0.07658	0.01066	0.01335	0.01235	0.00963	0.01241	0.00852	0.01269	0.00644	0.00475	0.00478	0.00158	0.00633	0.00425	0.00214	0.00544
16	0.01785	0.02278	0.01354	0.01231	0.01478	0.81284	0.00924	0.01909	0.01354	0.01170	0.00739	0.00862	0.00616	0.00493	0.00431	0.00123	0.00862	0.00308	0.00246	0.00554
17	0.00582	0.00416	0.00555	0.00666	0.00693	0.00388	0.00444	0.00666	0.00915	0.01220	0.02634	0.82891	0.03161	0.01497	0.00610	0.00194	0.00277	0.01359	0.00444	0.00388
18	0.00991	0.00850	0.00991	0.00708	0.01133	0.00637	0.00566	0.01203	0.00991	0.01557	0.00850	0.00991	0.00708	0.00354	0.00354	0.00071	0.00354	0.00283	0.00283	0.86124
19	0.00683	0.00510	0.00757	0.00757	0.00838	0.00591	0.00583	0.00846	0.00765	0.01101	0.01291	0.01936	0.01220	0.07286	0.77642	0.00754	0.01242	0.00521	0.00258	0.00420
20	0.01163	0.01188	0.05586	0.05507	0.74015	0.01132	0.01476	0.01461	0.01080	0.01548	0.00895	0.01178	0.00746	0.00429	0.00472	0.00143	0.00577	0.00422	0.00234	0.00747
21	0.00570	0.00484	0.00491	0.00490	0.00649	0.00406	0.00367	0.00696	0.01102	0.01320	0.08334	0.04552	0.76516	0.01200	0.00565	0.00161	0.00241	0.01002	0.00448	0.00406
22	0.01257	0.01061	0.01119	0.00986	0.01269	0.01221	0.00773	0.10777	0.71010	0.02109	0.01859	0.01714	0.01389	0.00640	0.00485	0.00160	0.00394	0.00528	0.00485	0.00763
23	0.08440	0.00878	0.01106	0.00862	0.01222	0.00822	0.00709	0.09054	0.05030	0.64091	0.01731	0.01527	0.01113	0.00581	0.00467	0.00148	0.00413	0.00462	0.00554	0.00788
24	0.00981	0.08250	0.75148	0.01323	0.02009	0.01166	0.01698	0.01508	0.01006	0.01486	0.00844	0.00992	0.00606	0.00451	0.00444	0.00148	0.00692	0.00346	0.00202	0.00700
25	0.00959	0.02472	0.80726	0.01362	0.02069	0.01110	0.01766	0.01514	0.01009	0.01514	0.00858	0.01009	0.00605	0.00454	0.00454	0.00151	0.00706	0.00353	0.00202	0.00706
26	0.00760	0.00543	0.00758	0.00868	0.00974	0.00541	0.00752	0.00972	0.01090	0.01419	0.02536	0.09714	0.02774	0.01330	0.00657	0.00219	0.00431	0.72784	0.00440	0.00437
27	0.00683	0.00512	0.00768	0.00768	0.00853	0.00597	0.00597	0.00853	0.00768	0.01110	0.01280	0.01878	0.01195	0.03585	0.81308	0.00768	0.01280	0.00512	0.00256	0.00427
28	0.01278	0.83490	0.02505	0.00818	0.01227	0.01891	0.00818	0.01431	0.00971	0.01125	0.00664	0.00767	0.00613	0.00409	0.00307	0.00102	0.00511	0.00256	0.00204	0.00613
29	0.00565	0.00484	0.00484	0.00484	0.00646	0.00403	0.00363	0.00686	0.01089	0.01291	0.04842	0.04600	0.80027	0.01210	0.00565	0.00161	0.00242	0.01009	0.00444	0.00403
30	0.00695	0.00463	0.00521	0.00521	0.00521	0.00463	0.00290	0.00695	0.00695	0.00927	0.01506	0.03128	0.01738	0.83203	0.02433	0.00463	0.00463	0.00695	0.00290	0.00290
31	0.86579	0.00924	0.00702	0.00629	0.00924	0.01072	0.00518	0.01405	0.00813	0.02144	0.00666	0.00776	0.00518	0.00444	0.00296	0.00148	0.00370	0.00259	0.00296	0.00518
32	0.01183	0.01136	0.01940	0.02934	0.80221	0.01136	0.01467	0.01467	0.01088	0.01562	0.00899	0.01183	0.00757	0.00426	0.00473	0.00142	0.00568	0.00426	0.00237	0.00757
33	0.00683	0.00512	0.00768	0.00768	0.00853	0.00597	0.00597	0.00853	0.00768	0.01110	0.01280	0.01878	0.01195	0.03585	0.81308	0.00768	0.01280	0.00512	0.00256	0.00427
34	0.86579	0.00924	0.00702	0.00629	0.00924	0.01072	0.00518	0.01405	0.00813	0.02144	0.00666	0.00776	0.00518	0.00444	0.00296	0.00148	0.00370	0.00259	0.00296	0.00518
35	0.01752	0.00826	0.01069	0.00802	0.01190	0.00680	0.00656	0.01946	0.01240	0.53684	0.01533	0.01411	0.01022	0.00511	0.00438	0.00122	0.00389	0.00413	0.00487	0.29830
36	0.00565	0.00483	0.00486	0.00488	0.00647	0.00403	0.00365	0.00686	0.01086	0.01290	0.04798	0.06146	0.78509	0.01216	0.00566	0.00162	0.00243	0.01016	0.00444	0.00403
37	0.00903	0.00850	0.01434	0.82054	0.03292	0.01062	0.01327	0.01221	0.00956	0.01221	0.00850	0.01274	0.00637	0.00478	0.00478	0.00159	0.00637	0.00425	0.00212	0.00531
38	0.01128	0.01289	0.02820	0.02015	0.02498	0.01209	0.78485	0.01531	0.01128	0.01531	0.00967	0.01289	0.00725	0.00403	0.00564	0.00161	0.00806	0.00564	0.00242	0.00645
39	0.00570	0.00484	0.00491	0.00489	0.00649	0.00406	0.00367	0.00695	0.01101	0.01318	0.08077	0.04555	0.76775	0.01200	0.00565	0.00161	0.00241	0.01003	0.00447	0.00406
40	0.00903	0.00850	0.01434	0.82054	0.03292	0.01062	0.01327	0.01221	0.00956	0.01221	0.00850	0.01274	0.00637	0.00478	0.00478	0.00159	0.00637	0.00425	0.00212	0.00531
41	0.00735	0.00515	0.00665	0.00643	0.00758	0.00487	0.00479	0.00992	0.05115	0.04231	0.60468	0.15466	0.04018	0.01035	0.00566	0.00159	0.00251	0.02438	0.00512	0.00467
42	0.83744	0.00938	0.00727	0.00644	0.00943	0.01086	0.00531	0.03988	0.00861	0.02173	0.00682	0.00789	0.00527	0.00448	0.00302	0.00148	0.00375	0.00265	0.00302	0.00527
43	0.01661	0.02050	0.01278	0.01160	0.01400	0.69255	0.00873	0.03908	0.03689	0.01268	0.03036	0.01161	0.04450	0.00607	0.02061	0.00140	0.00801	0.00369	0.00276	0.00555
44	0.01275	0.01044	0.01085	0.00962	0.01239	0.03539	0.00751	0.04997	0.66815	0.07362	0.01963	0.01806	0.03697	0.00654	0.00486	0.00159	0.00396	0.00539	0.00485	0.00746
45	0.01141	0.00881	0.01118	0.00815	0.01229	0.00707	0.05212	0.01419	0.05037	0.10584	0.01030	0.01122	0.00801	0.00399	0.00388	0.00090	0.00388	0.00335	0.00326	0.66978
46	0.01044	0.14258	0.65648	0.01277	0.01919	0.04951	0.01589	0.01520	0.01020	0.01441	0.00824	0.00967	0.00607	0.00449	0.00432	0.00143	0.00685	0.00337	0.00204	0.00686
47	0.01220	0.01042	0.01098	0.00979	0.01255	0.01203	0.00764	0.06336	0.75510	0.02050	0.01906	0.01752	0.01427	0.00645	0.00486	0.00161	0.00386	0.00535	0.00486	0.00759
48	0.00970	0.00918	0.01555	0.63162	0.21661	0.01080	0.01361	0.01280	0.00987	0.01302	0.00861	0.01252	0.00666	0.00465	0.00477	0.00155	0.00621	0.00425	0.00218	0.00585
49	0.86579	0.00924	0.00702	0.00629	0.00924	0.01072	0.00518	0.01405	0.00813	0.02144	0.00666	0.00776	0.00518	0.00444	0.00296	0.00148	0.00370	0.00259	0.00296	0.00518
50	0.01189	0.01027	0.01081	0.00973	0.01243	0.01189	0.00757	0.02540	0.79357	0.01999	0.01945	0.01783	0.01459	0.00648	0.00486	0.00162	0.00378	0.00540	0.00486	0.00757
51	0.02138	0.00824	0.01116	0.00855	0.01225	0.00718	0.00707	0.03833	0.01385	0.79024	0.01871	0.01617	0.01176	0.00591	0.00481	0.00148	0.00409	0.00480	0.00589	0.00813
52	0.00690	0.00482	0.00617	0.00617	0.00650	0.00515	0.00409	0.00756	0.00723	0.00997	0.01419	0.02644	0.01528	0.52413	0.32936	0.00581	0.00779	0.00624	0.00277	0.00343
53	0.00676	0.00489	0.00639	0.00601	0.00714	0.00451	0.00451	0.00902	0.01353	0.01917	0.79969	0.03570	0.04510	0.00977	0.00564	0.00150	0.00225	0.00864	0.00526	0.00451
54	0.00672	0.00488	0.00632	0.00596	0.00711	0.00449	0.00447	0.00893	0.01342	0.01890	0.76715	0.03615	0.07781	0.00987	0.00564	0.00151	0.00226	0.00871	0.00523	0.00449
55	0.00683	0.00512	0.00768	0.00768	0.00853	0.00597	0.00597	0.00853	0.00768	0.01110	0.01280	0.01878	0.01195	0.03585	0.81308	0.00768	0.01280	0.00512	0.00256	0.00427
56	0.00959	0.02472	0.80726	0.01362	0.02069	0.01110	0.01766	0.01514	0.01009	0.01514	0.00858	0.01009	0.00605	0.00454	0.00454	0.00151	0.00706	0.00353	0.00202	0.00706
57	0.01278	0.83490	0.02505	0.00818	0.01227	0.01891	0.00818	0.01431	0.00971	0.01125	0.00664	0.00767	0.00613	0.00409	0.00307	0.00102	0.00511	0.00256	0.00204	0.00613
58	0.00565	0.00484	0.00484	0.00484	0.00646	0.00403	0.00363	0.00686	0.01089	0.01291	0.04842	0.04600	0.80027	0.01210	0.00565	0.00161	0.00242	0.01009	0.00444	0.00403
59	0.00699	0.00463	0.00532	0.00532	0.00535	0.00466	0.00303	0.00698	0.00695	0.00930	0.01479	0.03040	0.01694	0.78356	0.04849	0.02983	0.00487	0.00681	0.00286	0.00291
60	0.01278	0.83490	0.02505	0.00818	0.01227	0.01891	0.00818	0.01431	0.00971	0.01125	0.00664	0.00767	0.00613	0.00409	0.00307	0.00102	0.00511	0.00256	0.00204	0.00613
61	0.02144	0.00813	0.01109	0.00850	0.01220	0.00702	0.00702	0.02329	0.01368	0.80552	0.01886	0.01627	0.01183	0.00592	0.00481	0.00148	0.00407	0.00481	0.00592	0.00813
62	0.01183	0.01136	0.01940	0.02934	0.80221	0.01136	0.01467	0.01467	0.01088	0.01562	0.00899	0.01183	0.00757	0.00426	0.00473	0.00142	0.00568	0.00426	0.00237	0.00757
63	0.01785	0.02278	0.01354	0.01231	0.01478	0.81284	0.00924	0.01909	0.01354	0.01170	0.00739	0.00862	0.00616	0.00493	0.00431	0.00123	0.00862	0.00308	0.00246	0.00554
64	0.02144	0.00813	0.01109	0.00850	0.01220	0.00702	0.00702	0.02329	0.01368	0.80552	0.01886	0.01627	0.01183	0.00592	0.00481	0.00148	0.00407	0.00481	0.00592	0.00813
65	0.00891	0.00455	0.00469	0.02409	0.00623	0.00460	0.00358	0.01116	0.01001	0.01768	0.01542	0.01770	0.01211	0.00555	0.00338	0.00113	0.00233	0.00445	0.83796	0.00448
66	0.01253	0.77300	0.08481	0.00859	0.01291	0.01832	0.00890	0.01438	0.00974	0.01154	0.00679	0.00785	0.00613	0.00412	0.00318	0.00106	0.00526	0.00263	0.00204	0.00620
67	0.01046	0.01046	0.01464	0.01255	0.01255	0.01464	0.01046	0.01150	0.00732	0.01150	0.00627	0.01046	0.00627	0.00837	0.01569	0.00209	0.82328	0.00418	0.00209	0.00523
68	0.00582	0.00416	0.00555	0.00666	0.00693	0.00388	0.00444	0.00666	0.00915	0.01220	0.02634	0.82891	0.03161	0.01497	0.00610	0.00194	0.00277	0.01359	0.00444	0.00388
69	0.01817	0.01339	0.01434	0.01100	0.01482	0.01482	0.00908	0.78627	0.02247	0.03012	0.01148	0.01148	0.00813	0.00574	0.00478	0.00143	0.00526	0.00430	0.00478	0.00813
70	0.86579	0.00924	0.00702	0.00629	0.00924	0.01072	0.00518	0.01405	0.00813	0.02144	0.00666	0.00776	0.00518	0.00444	0.00296	0.00148	0.00370	0.00259	0.00296	0.00518
71	0.00695	0.00463	0.00521	0.00521	0.00521	0.00463	0.00290	0.00695	0.00695	0.00927	0.01506	0.03128	0.01738	0.83203	0.02433	0.00463	0.00463	0.00695	0.00290	0.00290
72	0.01785	0.02278	0.01354	0.01231	0.01478	0.81284	0.00924	0.01909	0.01354	0.01170	0.00739	0.00862	0.00616	0.00493	0.00431	0.00123	0.00862	0.00308	0.00246	0.00554
73	0.00676	0.00489	0.00639	0.00601	0.00714	0.00451	0.00451	0.00902	0.01353	0.01917	0.79969	0.03570	0.04510	0.00977	0.00564	0.00150	0.00225	0.00864	0.00526	0.00451
74	0.00891	0.00445	0.00445	0.00445	0.00557	0.00445	0.00334	0.01114	0.01002	0.01782	0.01559	0.01782	0.01225	0.00557	0.00334	0.00111	0.00223	0.00445	0.85856	0.00445
75	0.03645	0.02248	0.01340	0.01218	0.01465	0.79525	0.00915	0.01898	0.01343	0.01191	0.00737	0.00860	0.00614	0.00491	0.00428	0.00124	0.00851	0.00307	0.00247	0.00553
76	0.00903	0.00850	0.01434	0.82054	0.03292	0.01062	0.01327	0.01221	0.00956	0.01221	0.00850	0.01274	0.00637	0.00478	0.00478	0.00159	0.00637	0.00425	0.00212	0.00531
77	0.00683	0.00512	0.00768	0.00768	0.00853	0.00597	0.00597	0.00853	0.00768	0.01110	0.01280	0.01878	0.01195	0.03585	0.81308	0.00768	0.01280	0.00512	0.00256	0.00427
78	0.00599	0.00433	0.00572	0.00667	0.00711	0.00398	0.00449	0.00687	0.00918	0.01234	0.02563	0.79638	0.03064	0.01452	0.00600	0.00189	0.00280	0.01316	0.00437	0.03793
79	0.00679	0.00503	0.00662	0.03830	0.00813	0.00473	0.00481	0.00903	0.01323	0.01855	0.72681	0.03536	0.08523	0.00970	0.00560	0.00151	0.00243	0.00855	0.00509	0.00452
80	0.04088	0.00506	0.00641	0.00602	0.00722	0.00476	0.00454	0.00922	0.01332	0.01926	0.76819	0.03459	0.04351	0.00956	0.00553	0.00150	0.00231	0.00840	0.00517	0.00454
81	0.00644	0.00432	0.00577	0.00673	0.00714	0.00401	0.00454	0.00732	0.00933	0.04371	0.02605	0.79663	0.03083	0.01461	0.00605	0.00192	0.00282	0.01324	0.00450	0.00405
82	0.00679	0.00508	0.00760	0.00764	0.00847	0.00589	0.00591	0.00846	0.00774	0.01114	0.01334	0.05095	0.01273	0.03502	0.78103	0.00745	0.01240	0.00546	0.00264	0.00425
83	0.00679	0.00507	0.00754	0.00758	0.00839	0.00586	0.00584	0.00842	0.00772	0.01110	0.01339	0.05125	0.01286	0.05397	0.76226	0.00738	0.01221	0.00550	0.00264	0.00422
84	0.01325	0.01582	0.02313	0.04644	0.02208	0.26183	0.51519	0.01638	0.01193	0.01407	0.00892	0.01155	0.00688	0.00434	0.00519	0.00149	0.00817	0.00479	0.00242	0.00612
85	0.01761	0.00960	0.01182	0.04110	0.01352	0.00906	0.00752	0.21966	0.01500	0.40133	0.01429	0.01351	0.00962	0.00531	0.00453	0.00131	0.00436	0.00423	0.00480	0.19184
86	0.01661	0.01962	0.01341	0.01195	0.01434	0.59356	0.00915	0.08210	0.09647	0.01407	0.00891	0.00999	0.00722	0.00545	0.00539	0.00136	0.07806	0.00352	0.00288	0.00594
87	0.01073	0.01024	0.01742	0.33909	0.50103	0.01107	0.01412	0.01371	0.01036	0.01428	0.00880	0.01219	0.00710	0.00446	0.00475	0.00149	0.00595	0.00425	0.00227	0.00669
88	0.01976	0.00811	0.01120	0.00869	0.01220	0.00713	0.02804	0.03953	0.01366	0.69476	0.04563	0.01861	0.03746	0.00637	0.00493	0.00151	0.00410	0.02490	0.00569	0.00774
89	0.00695	0.00465	0.00530	0.00530	0.00532	0.00468	0.00300	0.00700	0.00698	0.00933	0.01498	0.03086	0.01720	0.80540	0.05071	0.00474	0.00491	0.00689	0.00288	0.00294
90	0.01164	0.01185	0.02215	0.02561	0.51321	0.01162	0.27742	0.01521	0.03444	0.01564	0.00954	0.01237	0.00767	0.00425	0.00505	0.00149	0.00643	0.00476	0.00246	0.00719
91	0.04185	0.01064	0.01777	0.20704	0.55753	0.01120	0.03233	0.01442	0.03344	0.01517	0.00912	0.01209	0.00741	0.00444	0.00470	0.00147	0.00577	0.00426	0.00241	0.00695
92	0.00770	0.00586	0.00761	0.00829	0.03052	0.00585	0.00651	0.01093	0.09429	0.01575	0.20180	0.10609	0.10194	0.01151	0.00602	0.00188	0.00357	0.36452	0.00460	0.00477
93	0.01301	0.79715	0.02451	0.00837	0.01238	0.05582	0.00823	0.01453	0.00989	0.01127	0.00668	0.00771	0.00613	0.00413	0.00312	0.00103	0.00527	0.00258	0.00206	0.00611
94	0.00992	0.02812	0.01211	0.01166	0.10970	0.00894	0.08949	0.01595	0.27322	0.03851	0.16848	0.07819	0.11978	0.00779	0.00522	0.00158	0.00398	0.00697	0.00425	0.00615
95	0.01217	0.35565	0.15340	0.01663	0.28598	0.05703	0.01205	0.01505	0.02606	0.01360	0.00807	0.00976	0.00679	0.00432	0.00399	0.00126	0.00579	0.00339	0.00223	0.00678
96	0.01183	0.01093	0.01851	0.02767	0.74208	0.01088	0.01397	0.01455	0.01088	0.03861	0.01009	0.04994	0.00881	0.00481	0.00480	0.00145	0.00550	0.00471	0.00257	0.00742
97	0.01183	0.01136	0.01940	0.02934	0.80221	0.01136	0.01467	0.01467	0.01088	0.01562	0.00899	0.01183	0.00757	0.00426	0.00473	0.00142	0.00568	0.00426	0.00237	0.00757
98	0.01076	0.01511	0.26712	0.06883	0.21418	0.01071	0.21178	0.01464	0.01071	0.04414	0.01077	0.04066	0.00891	0.00519	0.00505	0.00157	0.00655	0.04406	0.00256	0.00672
99	0.01033	0.15032	0.60089	0.01275	0.01897	0.01228	0.05022	0.03790	0.01056	0.01511	0.03281	0.01067	0.00739	0.00464	0.00440	0.00144	0.00660	0.00365	0.00222	0.00684
100	0.01045	0.07138	0.45143	0.01584	0.02184	0.01198	0.31869	0.01515	0.01053	0.01496	0.00888	0.01104	0.00653	0.00431	0.00488	0.00152	0.00733	0.00430	0.00218	0.00676
101	0.00577	0.00438	0.00532	0.00607	0.00678	0.00393	0.00418	0.00672	0.00971	0.01243	0.03346	0.57669	0.27924	0.01405	0.00596	0.00184	0.00266	0.01246	0.00444	0.00393
102	0.01192	0.40210	0.19166	0.01562	0.24609	0.01493	0.01214	0.03007	0.01039	0.01374	0.00785	0.00949	0.00658	0.00427	0.00391	0.00125	0.00570	0.00330	0.00219	0.00680
103	0.00953	0.00875	0.01454	0.08384	0.39080	0.00882	0.06111	0.01218	0.03834	0.01433	0.01560	0.27849	0.02728	0.00797	0.00526	0.00163	0.00483	0.00751	0.00314	0.00606
104	0.00662	0.00473	0.00645	0.00746	0.00812	0.00456	0.00573	0.00808	0.01015	0.01346	0.07404	0.47358	0.03083	0.01395	0.00627	0.00202	0.00338	0.31194	0.00447	0.00413
105	0.01183	0.01136	0.01940	0.02934	0.80221	0.01136	0.01467	0.01467	0.01088	0.01562	0.00899	0.01183	0.00757	0.00426	0.00473	0.00142	0.00568	0.00426	0.00237	0.00757
106	0.01326	0.04079	0.28805	0.01246	0.05779	0.01125	0.04811	0.08729	0.22014	0.15171	0.01348	0.01347	0.00963	0.00534	0.00471	0.00151	0.00544	0.00442	0.00372	0.00744
107	0.01183	0.01136	0.01940	0.02934	0.80221	0.01136	0.01467	0.01467	0.01088	0.01562	0.00899	0.01183	0.00757	0.00426	0.00473	0.00142	0.00568	0.00426	0.00237	0.00757
108	0.00684	0.00508	0.00749	0.00749	0.00828	0.00587	0.00574	0.00841	0.00762	0.01095	0.01298	0.01975	0.01237	0.09772	0.75179	0.00744	0.01217	0.00526	0.00259	0.00416
109	0.72039	0.01156	0.00814	0.00732	0.01019	0.14826	0.00587	0.01491	0.00906	0.01977	0.00678	0.00791	0.00534	0.00452	0.00319	0.00144	0.00454	0.00267	0.00287	0.00524
110	0.00586	0.00467	0.00526	0.00550	0.00669	0.00407	0.00398	0.00713	0.01083	0.01366	0.15567	0.25315	0.48164	0.01252	0.00577	0.00168	0.00249	0.01080	0.00456	0.00407
111	0.04784	0.08536	0.01422	0.01127	0.01421	0.48989	0.00884	0.18288	0.05902	0.02987	0.00905	0.00977	0.00711	0.00512	0.00430	0.00129	0.00709	0.00344	0.00314	0.00629
112	0.02931	0.10455	0.06682	0.00992	0.01312	0.01240	0.02528	0.08404	0.50785	0.03085	0.01646	0.05301	0.01293	0.00631	0.00467	0.00154	0.00433	0.00519	0.00425	0.00718

[dist]
# distance from previous block
# <min> <max>
0	8

# created by:
# /home/cegg/simao/soft/augustus-3.2.1/scripts/msa2prfl.pl ./align_prep/EOG091G0RTZ.fa
