[name]
unknown

[dist]
# distance from previous block
# <min> <max>
1	71

[block]
# block no. 0 follows, 48 sequences, length 26
# corresponding to MSA columns:
# 103-128
name=unknown_A
#
# <colnr> <probs for GDERKNQSTAVLIFYWHMCP>
#	G	D	E	R	K	N	Q	S	T	A	V	L	I	F	Y	W	H	M	C	P
0	0.03978	0.01530	0.30813	0.01445	0.13540	0.00949	0.04122	0.01518	0.01174	0.11102	0.10910	0.11432	0.01612	0.00703	0.00525	0.00164	0.00557	0.00612	0.00356	0.02960
1	0.01019	0.00993	0.04562	0.04988	0.37259	0.00924	0.05319	0.01281	0.01127	0.01591	0.08571	0.19362	0.01764	0.00919	0.04133	0.00195	0.00554	0.00725	0.00333	0.04380
2	0.01175	0.04942	0.10914	0.02410	0.51609	0.01135	0.03422	0.01490	0.01175	0.03081	0.05541	0.01709	0.08017	0.00570	0.00514	0.00155	0.00576	0.00527	0.00292	0.00745
3	0.26194	0.07189	0.07965	0.02582	0.09562	0.00950	0.00784	0.01263	0.01111	0.01833	0.17051	0.04154	0.14792	0.00753	0.00473	0.00158	0.00413	0.00605	0.00372	0.01797
4	0.00851	0.00696	0.00846	0.00747	0.00984	0.00591	0.00563	0.01011	0.01031	0.01480	0.02063	0.30847	0.08775	0.02578	0.00606	0.00153	0.03403	0.03619	0.00385	0.38771
5	0.01103	0.08209	0.26019	0.01188	0.07562	0.01014	0.01118	0.03636	0.01113	0.01651	0.00987	0.04210	0.00827	0.00480	0.00434	0.00120	0.00534	0.00387	0.00278	0.39131
6	0.00749	0.00552	0.00712	0.00657	0.00801	0.00498	0.00494	0.00986	0.01408	0.02004	0.70123	0.06026	0.04479	0.01014	0.00589	0.00156	0.00255	0.00896	0.00542	0.07059
7	0.00996	0.01683	0.40766	0.01032	0.01488	0.04424	0.01182	0.01404	0.01127	0.01704	0.06133	0.01795	0.07161	0.00620	0.00463	0.00149	0.00537	0.00495	0.26218	0.00623
8	0.04551	0.01135	0.02704	0.09994	0.12285	0.01260	0.01000	0.05445	0.51405	0.02033	0.01696	0.01681	0.01282	0.00628	0.00510	0.00169	0.00477	0.00529	0.00439	0.00778
9	0.01372	0.82276	0.02689	0.00878	0.01317	0.02030	0.00878	0.01536	0.01043	0.01207	0.00713	0.00823	0.00658	0.00439	0.00329	0.00110	0.00549	0.00274	0.00219	0.00658
10	0.01201	0.00903	0.01062	0.00804	0.01208	0.00751	0.00640	0.01579	0.10691	0.10232	0.06939	0.01450	0.01219	0.00497	0.00429	0.00104	0.00379	0.00408	0.00387	0.59121
11	0.01300	0.06222	0.12399	0.01388	0.14351	0.12562	0.01048	0.03012	0.05157	0.09248	0.19472	0.01897	0.01816	0.02698	0.00630	0.00165	0.05043	0.00547	0.00377	0.00666
12	0.01047	0.00963	0.01577	0.10599	0.42096	0.00981	0.03387	0.01339	0.03042	0.01579	0.05920	0.11658	0.06860	0.00874	0.04131	0.00196	0.00568	0.02192	0.00324	0.00667
13	0.00625	0.00447	0.00595	0.00714	0.00744	0.00417	0.00476	0.00714	0.00982	0.01310	0.02828	0.81633	0.03394	0.01608	0.00655	0.00208	0.00298	0.01459	0.00476	0.00417
14	0.01060	0.00766	0.01028	0.00890	0.01107	0.00769	0.06529	0.01607	0.20488	0.09773	0.40397	0.06664	0.03203	0.00889	0.00573	0.00167	0.00354	0.00790	0.02329	0.00618
15	0.01524	0.01573	0.02809	0.01247	0.05085	0.25059	0.00937	0.08995	0.43058	0.01941	0.01547	0.01509	0.01179	0.00623	0.00502	0.00158	0.00593	0.00485	0.00425	0.00751
16	0.00900	0.00795	0.01158	0.09205	0.01324	0.01027	0.00881	0.01062	0.00831	0.01214	0.01115	0.03753	0.01076	0.05971	0.36978	0.00503	0.30912	0.00535	0.00258	0.00500
17	0.01282	0.00609	0.00761	0.00675	0.00873	0.00560	0.00523	0.01498	0.01290	0.25595	0.22397	0.08590	0.02406	0.00809	0.00496	0.00150	0.00305	0.00686	0.29900	0.00596
18	0.00952	0.00521	0.00602	0.00598	0.00730	0.00508	0.00469	0.01189	0.01185	0.05373	0.17486	0.02847	0.02264	0.00808	0.00466	0.00146	0.00282	0.11207	0.51869	0.00496
19	0.85592	0.00992	0.00754	0.00675	0.00992	0.01151	0.00556	0.01508	0.00873	0.02302	0.00714	0.00834	0.00556	0.00476	0.00318	0.00159	0.00397	0.00278	0.00318	0.00556
20	0.01517	0.01030	0.01173	0.00964	0.01258	0.01089	0.00770	0.36229	0.08576	0.11755	0.21276	0.08267	0.02192	0.00813	0.00549	0.00162	0.00432	0.00675	0.00539	0.00733
21	0.01899	0.05103	0.01495	0.01307	0.01577	0.77315	0.00988	0.02032	0.01440	0.01254	0.00790	0.00922	0.00661	0.00526	0.00458	0.00131	0.00913	0.00329	0.00263	0.00597
22	0.00685	0.00572	0.00703	0.00795	0.06802	0.00526	0.00532	0.00840	0.01120	0.01416	0.08706	0.11599	0.49510	0.01614	0.11976	0.00268	0.00449	0.00985	0.00436	0.00468
23	0.00741	0.00551	0.00782	0.02763	0.03827	0.00589	0.00601	0.00877	0.00886	0.01223	0.01828	0.21895	0.01978	0.18306	0.35854	0.00534	0.00841	0.05148	0.00341	0.00436
24	0.01176	0.01132	0.01933	0.04773	0.61873	0.01122	0.06246	0.01471	0.01176	0.01648	0.03721	0.01719	0.08606	0.00558	0.00527	0.00157	0.00582	0.00543	0.00285	0.00751
25	0.02869	0.04325	0.41493	0.01514	0.03660	0.01245	0.16859	0.01856	0.16064	0.03355	0.01186	0.01311	0.00869	0.00518	0.00511	0.00165	0.00688	0.00464	0.00297	0.00752

[dist]
# distance from previous block
# <min> <max>
0	1

[block]
# block no. 1 follows, 48 sequences, length 18
# corresponding to MSA columns:
# 130-147
name=unknown_B
#
# <colnr> <probs for GDERKNQSTAVLIFYWHMCP>
#	G	D	E	R	K	N	Q	S	T	A	V	L	I	F	Y	W	H	M	C	P
0	0.77880	0.01016	0.00826	0.03344	0.01111	0.01177	0.00609	0.05947	0.00969	0.02324	0.00751	0.00875	0.00579	0.00486	0.00335	0.00159	0.00416	0.00295	0.00326	0.00575
1	0.01157	0.05943	0.44350	0.01379	0.01994	0.01191	0.11537	0.04891	0.06503	0.03276	0.01042	0.01186	0.00768	0.00486	0.00485	0.00150	0.00671	0.00414	0.00277	0.12300
2	0.01368	0.68884	0.08822	0.00949	0.01404	0.06508	0.00960	0.01567	0.01071	0.01257	0.00740	0.00857	0.00661	0.00447	0.00351	0.00114	0.00583	0.00287	0.00224	0.02946
3	0.00792	0.00633	0.00745	0.00655	0.00870	0.00550	0.00501	0.01057	0.04773	0.01801	0.38959	0.03441	0.23273	0.00955	0.00553	0.00147	0.00284	0.00819	0.00483	0.18709
4	0.01342	0.01200	0.07589	0.02141	0.42337	0.01039	0.03419	0.01675	0.03355	0.12913	0.05147	0.01449	0.01087	0.00511	0.00498	0.00145	0.00546	0.00470	0.00337	0.12800
5	0.00623	0.00456	0.00586	0.00690	0.00738	0.00419	0.00466	0.00717	0.01006	0.01319	0.03124	0.72070	0.12766	0.01569	0.00649	0.00204	0.00293	0.01412	0.00476	0.00419
6	0.07255	0.01177	0.01955	0.02593	0.55285	0.01185	0.09328	0.05093	0.01207	0.01775	0.01112	0.03296	0.00977	0.00545	0.00520	0.00161	0.00604	0.04887	0.00289	0.00756
7	0.01239	0.03515	0.04759	0.00904	0.03786	0.00805	0.00735	0.04130	0.01157	0.09788	0.01035	0.01141	0.00811	0.00424	0.00406	0.00095	0.00422	0.00339	0.00338	0.64170
8	0.01328	0.64162	0.03892	0.06057	0.05304	0.03666	0.00962	0.01520	0.01053	0.01268	0.00752	0.00905	0.00673	0.00456	0.00390	0.00118	0.02460	0.00304	0.00227	0.04504
9	0.01644	0.13508	0.15410	0.01225	0.03568	0.06007	0.01123	0.32319	0.04130	0.09452	0.01136	0.01192	0.00835	0.00580	0.00551	0.00153	0.05574	0.00420	0.00391	0.00782
10	0.01110	0.09024	0.62976	0.01473	0.02170	0.01260	0.09611	0.01643	0.01103	0.03644	0.00945	0.01111	0.00681	0.00482	0.00488	0.00159	0.00744	0.00398	0.00232	0.00746
11	0.00733	0.00550	0.00825	0.00825	0.00916	0.00641	0.00641	0.00916	0.00825	0.01191	0.01374	0.02016	0.01283	0.03848	0.79934	0.00825	0.01374	0.00550	0.00275	0.00458
12	0.01064	0.00912	0.01064	0.00760	0.01216	0.00684	0.00608	0.01292	0.01064	0.01672	0.00912	0.01064	0.00760	0.00380	0.00380	0.00076	0.00380	0.00304	0.00304	0.85104
13	0.01333	0.34291	0.37236	0.01249	0.01830	0.01581	0.03565	0.06380	0.02973	0.03451	0.00982	0.01126	0.00772	0.00528	0.00460	0.00154	0.00670	0.00379	0.00278	0.00761
14	0.00961	0.00498	0.00720	0.00717	0.00723	0.00489	0.00477	0.00723	0.00716	0.00961	0.00960	0.01649	0.00955	0.01814	0.02018	0.84175	0.00469	0.00468	0.00247	0.00262
15	0.00697	0.00503	0.00644	0.00753	0.00796	0.00461	0.00504	0.00769	0.01035	0.01379	0.02988	0.77242	0.06980	0.01626	0.00680	0.00219	0.00321	0.01452	0.00498	0.00455
16	0.00900	0.00520	0.00674	0.00671	0.00677	0.00510	0.00420	0.00756	0.00748	0.01005	0.01266	0.02409	0.01366	0.35692	0.02274	0.48442	0.00491	0.00595	0.00284	0.00299
17	0.01447	0.03316	0.11061	0.01731	0.12424	0.07771	0.18842	0.13076	0.19016	0.02008	0.01316	0.01468	0.01013	0.00594	0.00580	0.00175	0.02475	0.00519	0.00374	0.00793

[dist]
# distance from previous block
# <min> <max>
0	5

[block]
# block no. 2 follows, 48 sequences, length 17
# corresponding to MSA columns:
# 153-157,159-170
name=unknown_C
#
# <colnr> <probs for GDERKNQSTAVLIFYWHMCP>
#	G	D	E	R	K	N	Q	S	T	A	V	L	I	F	Y	W	H	M	C	P
0	0.00721	0.00535	0.00666	0.00749	0.00830	0.00495	0.00537	0.00856	0.02617	0.01452	0.06581	0.52277	0.16950	0.01510	0.00669	0.00212	0.00332	0.11047	0.00497	0.00466
1	0.01367	0.04185	0.03168	0.25841	0.02124	0.26152	0.01173	0.01549	0.01119	0.01314	0.00870	0.01232	0.00744	0.00776	0.03210	0.01959	0.21935	0.00426	0.00257	0.00599
2	0.00932	0.00752	0.00844	0.00837	0.01001	0.00781	0.00613	0.01539	0.29941	0.01760	0.10541	0.31384	0.14588	0.01187	0.00613	0.00194	0.00346	0.01026	0.00518	0.00602
3	0.64931	0.11020	0.06849	0.00810	0.01181	0.01290	0.00730	0.03327	0.00991	0.03687	0.00820	0.00951	0.00647	0.00513	0.00363	0.00162	0.00465	0.00312	0.00326	0.00624
4	0.08735	0.01088	0.03580	0.10791	0.21897	0.03653	0.01015	0.01439	0.01097	0.03295	0.01003	0.01339	0.00842	0.00481	0.00446	0.00127	0.00512	0.03472	0.00293	0.34894
5	0.01336	0.03168	0.01113	0.04442	0.01296	0.00751	0.00674	0.03214	0.01206	0.20396	0.03644	0.03115	0.06881	0.00565	0.00449	0.00115	0.00402	0.00462	0.00406	0.46365
6	0.01038	0.00935	0.01406	0.01632	0.27839	0.00840	0.05079	0.01281	0.01129	0.01635	0.06581	0.12104	0.05617	0.00665	0.00500	0.00136	0.00459	0.00608	0.00334	0.30185
7	0.01178	0.04582	0.05996	0.06599	0.28564	0.01093	0.03180	0.01655	0.13112	0.01703	0.01110	0.01287	0.00890	0.00474	0.00465	0.00133	0.00524	0.00421	0.00306	0.26727
8	0.00653	0.00477	0.00621	0.00704	0.00763	0.00441	0.00479	0.00756	0.00998	0.01340	0.05219	0.66943	0.06972	0.03891	0.03411	0.00229	0.00340	0.01323	0.00460	0.03980
9	0.01284	0.10501	0.44582	0.01407	0.04546	0.13115	0.03027	0.04265	0.01179	0.03772	0.00912	0.01071	0.00690	0.00517	0.00539	0.00154	0.05372	0.00378	0.00251	0.02439
10	0.01105	0.18060	0.60330	0.01386	0.02070	0.01360	0.05718	0.01609	0.01082	0.01545	0.00887	0.01049	0.00659	0.00475	0.00463	0.00153	0.00723	0.00371	0.00220	0.00735
11	0.00670	0.00482	0.00650	0.00760	0.00814	0.00462	0.00551	0.00794	0.01021	0.01352	0.02811	0.60586	0.05439	0.01661	0.04213	0.00241	0.00380	0.16217	0.00467	0.00430
12	0.01384	0.55741	0.17327	0.01039	0.01529	0.05049	0.01089	0.08909	0.01201	0.01487	0.00807	0.00917	0.00678	0.00469	0.00383	0.00125	0.00606	0.00315	0.00249	0.00696
13	0.01120	0.00966	0.01199	0.02609	0.04796	0.00781	0.02829	0.05158	0.01140	0.01743	0.00934	0.01097	0.00767	0.00400	0.00402	0.00088	0.00420	0.00331	0.00310	0.72912
14	0.06441	0.18526	0.30841	0.01240	0.01735	0.26418	0.01281	0.05181	0.01241	0.01537	0.00840	0.00972	0.00660	0.00496	0.00439	0.00142	0.00739	0.00340	0.00252	0.00679
15	0.01456	0.04890	0.04598	0.05366	0.01565	0.01394	0.00942	0.24889	0.44442	0.02365	0.01658	0.01597	0.01232	0.00642	0.00509	0.00164	0.00490	0.00516	0.00478	0.00808
16	0.01136	0.05380	0.04853	0.15363	0.32235	0.01044	0.01184	0.01368	0.01070	0.05002	0.01270	0.06792	0.04028	0.01879	0.00693	0.07267	0.02767	0.00531	0.00288	0.05850

[dist]
# distance from previous block
# <min> <max>
0	2

[block]
# block no. 3 follows, 48 sequences, length 21
# corresponding to MSA columns:
# 173-193
name=unknown_D
#
# <colnr> <probs for GDERKNQSTAVLIFYWHMCP>
#	G	D	E	R	K	N	Q	S	T	A	V	L	I	F	Y	W	H	M	C	P
0	0.01136	0.02049	0.50391	0.01489	0.03373	0.01111	0.14208	0.01625	0.01126	0.07703	0.02856	0.01319	0.00867	0.00741	0.06185	0.00210	0.00774	0.00453	0.00271	0.02114
1	0.00733	0.00550	0.00825	0.00825	0.00916	0.00641	0.00641	0.00916	0.00825	0.01191	0.01374	0.02016	0.01283	0.03848	0.79934	0.00825	0.01374	0.00550	0.00275	0.00458
2	0.00870	0.00448	0.00660	0.00666	0.00668	0.00446	0.00441	0.00674	0.00689	0.00919	0.01029	0.06020	0.01070	0.05246	0.01958	0.76763	0.00440	0.00514	0.00241	0.00237
3	0.01106	0.01305	0.16031	0.33396	0.22757	0.02448	0.01434	0.01458	0.01094	0.04785	0.01140	0.02946	0.02779	0.00700	0.04322	0.00195	0.00687	0.00482	0.00264	0.00671
4	0.01051	0.00911	0.01501	0.48113	0.16452	0.01036	0.02719	0.01362	0.02381	0.05131	0.02357	0.09590	0.01127	0.03398	0.00601	0.00182	0.00606	0.00582	0.00291	0.00609
5	0.00655	0.00470	0.00610	0.00681	0.00736	0.00438	0.00464	0.00774	0.01081	0.01462	0.19887	0.56068	0.06718	0.06490	0.00764	0.00214	0.00296	0.01279	0.00486	0.00426
6	0.01019	0.00959	0.01556	0.53313	0.13112	0.01176	0.01330	0.01300	0.00991	0.01329	0.00927	0.01442	0.00774	0.05653	0.00820	0.00197	0.12809	0.00473	0.00236	0.00585
7	0.01211	0.01064	0.01665	0.15253	0.41859	0.01130	0.01274	0.07170	0.04389	0.03619	0.01223	0.07593	0.01097	0.05689	0.00693	0.00185	0.03309	0.00558	0.00310	0.00709
8	0.00942	0.01163	0.21288	0.01040	0.01340	0.00779	0.04442	0.01223	0.01106	0.07164	0.04860	0.22756	0.09307	0.01142	0.02941	0.00209	0.04507	0.12824	0.00395	0.00573
9	0.21942	0.01528	0.01379	0.01154	0.01454	0.28105	0.07039	0.04472	0.01258	0.16616	0.01034	0.01131	0.00771	0.00572	0.00584	0.00158	0.09404	0.00393	0.00352	0.00653
10	0.00787	0.00641	0.00903	0.04746	0.04193	0.00623	0.05404	0.01032	0.04797	0.01479	0.03056	0.26404	0.22228	0.01229	0.00619	0.00193	0.00394	0.16730	0.04046	0.00495
11	0.01033	0.00825	0.01290	0.15675	0.20133	0.02453	0.04452	0.01157	0.01014	0.04006	0.03929	0.06627	0.08605	0.01028	0.00970	0.24867	0.00524	0.00595	0.00298	0.00519
12	0.01109	0.01116	0.05575	0.46159	0.09259	0.01205	0.12816	0.01441	0.01061	0.04768	0.00957	0.01337	0.00732	0.00544	0.00657	0.00175	0.09730	0.00477	0.00252	0.00630
13	0.01335	0.01521	0.04993	0.17193	0.05682	0.24784	0.12415	0.05698	0.02584	0.01473	0.01215	0.03064	0.04634	0.05978	0.00721	0.00183	0.05122	0.00509	0.00287	0.00609
14	0.05258	0.01980	0.01277	0.01182	0.01416	0.58361	0.00883	0.03639	0.05088	0.01399	0.01183	0.13662	0.01135	0.00706	0.00491	0.00148	0.00770	0.00521	0.00318	0.00582
15	0.01262	0.01104	0.01760	0.27751	0.30639	0.04920	0.07619	0.01558	0.01161	0.09432	0.01188	0.05473	0.00986	0.00575	0.00528	0.00165	0.00634	0.02252	0.00302	0.00692
16	0.00752	0.00567	0.02932	0.04230	0.00965	0.00509	0.00604	0.00888	0.01023	0.05067	0.02631	0.61385	0.04422	0.01550	0.03809	0.00229	0.00390	0.07127	0.00457	0.00461
17	0.01353	0.02299	0.01587	0.20015	0.20449	0.04069	0.03311	0.12984	0.01320	0.09816	0.01290	0.08927	0.01113	0.00678	0.00616	0.00169	0.06620	0.02340	0.00351	0.00694
18	0.01494	0.01161	0.01768	0.02335	0.49350	0.01172	0.01285	0.13349	0.03807	0.13197	0.01286	0.05257	0.01038	0.00571	0.00518	0.00157	0.00556	0.00519	0.00369	0.00812
19	0.21878	0.00906	0.00952	0.01011	0.06993	0.06285	0.00721	0.04372	0.04440	0.06578	0.01889	0.22494	0.04836	0.00981	0.00573	0.01665	0.01768	0.10685	0.00410	0.00564
20	0.01297	0.01219	0.06553	0.14492	0.45072	0.01159	0.05009	0.05714	0.01248	0.07661	0.04774	0.01437	0.01013	0.00517	0.00518	0.00158	0.00609	0.00487	0.00306	0.00759

[dist]
# distance from previous block
# <min> <max>
2	50

# created by:
# /home/cegg/simao/soft/augustus-3.2.1/scripts/msa2prfl.pl ./align_prep/EOG091G0TM2.fa
