[name]
unknown

[dist]
# distance from previous block
# <min> <max>
0	103

[block]
# block no. 0 follows, 44 sequences, length 12
# corresponding to MSA columns:
# 110-121
name=unknown_A
#
# <colnr> <probs for GDERKNQSTAVLIFYWHMCP>
#	G	D	E	R	K	N	Q	S	T	A	V	L	I	F	Y	W	H	M	C	P
0	0.01167	0.00707	0.00876	0.00775	0.01014	0.00608	0.00589	0.01335	0.01222	0.17352	0.08415	0.16019	0.13262	0.10669	0.00848	0.00211	0.00394	0.06123	0.00489	0.17927
1	0.01108	0.04999	0.05699	0.19485	0.10882	0.03514	0.04191	0.03588	0.09968	0.01671	0.06820	0.09793	0.05823	0.01057	0.06972	0.00236	0.02502	0.00675	0.00362	0.00656
2	0.01595	0.00941	0.01148	0.00859	0.01285	0.00777	0.00691	0.05091	0.01326	0.27287	0.01447	0.01516	0.01067	0.03502	0.00545	0.00133	0.00430	0.00432	0.04520	0.45408
3	0.00729	0.00556	0.00670	0.00641	0.00788	0.00496	0.00481	0.00947	0.01443	0.01949	0.53297	0.04463	0.29147	0.01203	0.00643	0.00176	0.00264	0.01041	0.00569	0.00496
4	0.00686	0.00490	0.00655	0.00765	0.00811	0.00459	0.00526	0.00804	0.01102	0.01479	0.10009	0.69349	0.03727	0.01641	0.00694	0.00218	0.00320	0.05296	0.00515	0.00453
5	0.13181	0.07140	0.06739	0.01107	0.01536	0.05323	0.00966	0.31349	0.03834	0.09312	0.01189	0.01236	0.00874	0.00589	0.00520	0.00154	0.03028	0.00424	0.00435	0.11064
6	0.01336	0.47979	0.19406	0.01222	0.05432	0.03521	0.01204	0.01652	0.03237	0.01432	0.00903	0.01107	0.00782	0.02506	0.02572	0.00169	0.04213	0.00365	0.00249	0.00716
7	0.01277	0.26954	0.32084	0.01508	0.08744	0.01537	0.07235	0.04898	0.01209	0.01661	0.01014	0.03295	0.00833	0.00546	0.00505	0.00156	0.02341	0.00434	0.03015	0.00753
8	0.00904	0.03824	0.04873	0.01135	0.03825	0.00814	0.13851	0.01098	0.01010	0.01370	0.01881	0.16781	0.05460	0.22144	0.18149	0.00426	0.00768	0.00830	0.00343	0.00517
9	0.01292	0.02647	0.03760	0.04922	0.04192	0.01144	0.00891	0.21174	0.18487	0.02199	0.05763	0.10903	0.06091	0.01274	0.10483	0.00266	0.00609	0.00707	0.02477	0.00717
10	0.05295	0.05404	0.12792	0.11535	0.08466	0.01211	0.18533	0.01727	0.06934	0.08078	0.01436	0.06781	0.03199	0.00641	0.00582	0.00175	0.02506	0.00590	0.00343	0.03771
11	0.10662	0.32607	0.16096	0.01008	0.01481	0.05110	0.01017	0.01627	0.01138	0.05004	0.01041	0.04941	0.00897	0.00553	0.00421	0.00137	0.00571	0.00401	0.03344	0.11948

[dist]
# distance from previous block
# <min> <max>
1	4

[block]
# block no. 1 follows, 44 sequences, length 24
# corresponding to MSA columns:
# 134-149,153-160
name=unknown_B
#
# <colnr> <probs for GDERKNQSTAVLIFYWHMCP>
#	G	D	E	R	K	N	Q	S	T	A	V	L	I	F	Y	W	H	M	C	P
0	0.01254	0.02507	0.19931	0.03098	0.08346	0.02616	0.07262	0.01655	0.04329	0.08197	0.03695	0.04385	0.03334	0.00599	0.00546	0.00149	0.02619	0.00511	0.00346	0.24620
1	0.00786	0.00601	0.00814	0.03188	0.01015	0.00599	0.02910	0.01064	0.08642	0.01560	0.06796	0.58951	0.03249	0.01470	0.00667	0.00211	0.00361	0.03969	0.02640	0.00507
2	0.03555	0.00924	0.07930	0.03934	0.04418	0.00764	0.04726	0.01324	0.06039	0.05785	0.26022	0.09126	0.17989	0.01029	0.00613	0.00183	0.00421	0.04133	0.00485	0.00599
3	0.01315	0.10792	0.20908	0.01557	0.14828	0.07023	0.02802	0.05389	0.06660	0.04207	0.01349	0.09902	0.01184	0.00689	0.00544	0.01566	0.00621	0.00557	0.03796	0.04311
4	0.01462	0.00752	0.00974	0.00823	0.01076	0.00695	0.00648	0.06062	0.01544	0.30093	0.35752	0.03053	0.06946	0.03531	0.03903	0.00211	0.00413	0.00781	0.00598	0.00682
5	0.00794	0.00594	0.00835	0.00827	0.00901	0.00672	0.00616	0.00949	0.00929	0.01321	0.08443	0.07034	0.01918	0.17581	0.49545	0.00680	0.04851	0.00709	0.00337	0.00463
6	0.01391	0.00727	0.00927	0.00795	0.01044	0.00658	0.00623	0.05099	0.01528	0.28367	0.32968	0.07077	0.14519	0.01009	0.00608	0.00174	0.00351	0.00863	0.00605	0.00666
7	0.28818	0.02489	0.01043	0.00838	0.01173	0.01034	0.00685	0.11724	0.03109	0.24565	0.03486	0.01595	0.02415	0.00631	0.00452	0.00161	0.00427	0.00470	0.14159	0.00725
8	0.01185	0.01318	0.15050	0.05959	0.06583	0.03465	0.02503	0.03395	0.04475	0.05907	0.14199	0.06038	0.01738	0.00694	0.00581	0.00153	0.03812	0.00579	0.00384	0.21983
9	0.00746	0.00547	0.00634	0.00650	0.00792	0.00478	0.00473	0.00894	0.01250	0.04732	0.16572	0.26125	0.41345	0.01400	0.00655	0.00192	0.00292	0.01211	0.00529	0.00484
10	0.01131	0.06767	0.05000	0.06570	0.13972	0.03026	0.02503	0.01529	0.10699	0.05418	0.07217	0.22711	0.03046	0.02618	0.00624	0.00189	0.00494	0.02372	0.03458	0.00654
11	0.01493	0.41050	0.12116	0.03393	0.01678	0.16833	0.02868	0.03729	0.04821	0.01472	0.00944	0.02601	0.00812	0.00554	0.00487	0.00143	0.03645	0.00384	0.00272	0.00703
12	0.01280	0.01219	0.01881	0.11828	0.50165	0.03524	0.01423	0.01645	0.04958	0.01732	0.01138	0.04239	0.00975	0.00542	0.00528	0.00157	0.00614	0.00506	0.00296	0.11354
13	0.02865	0.01277	0.04275	0.17627	0.52931	0.01274	0.06986	0.01645	0.01214	0.03206	0.01036	0.01374	0.00834	0.00500	0.00544	0.00168	0.00679	0.00492	0.00273	0.00800
14	0.01332	0.10785	0.18050	0.01710	0.10860	0.07525	0.17777	0.04365	0.02662	0.03871	0.01145	0.03867	0.00970	0.05131	0.02583	0.00207	0.05616	0.00527	0.00296	0.00722
15	0.01128	0.00869	0.00942	0.00869	0.01117	0.00911	0.00667	0.01936	0.36849	0.07867	0.05671	0.09285	0.27589	0.01039	0.00598	0.00186	0.00367	0.00877	0.00545	0.00688
16	0.01977	0.01469	0.01734	0.01388	0.04879	0.01593	0.06343	0.62944	0.02349	0.05989	0.01324	0.01358	0.00943	0.00634	0.00549	0.00164	0.00612	0.00504	0.02344	0.00902
17	0.03955	0.03841	0.01756	0.27019	0.11312	0.10538	0.10433	0.04526	0.03078	0.07610	0.04256	0.01752	0.06325	0.00624	0.00549	0.00170	0.00677	0.00550	0.00342	0.00688
18	0.00952	0.00585	0.00734	0.00730	0.00884	0.00522	0.00542	0.01115	0.01283	0.12868	0.18422	0.30066	0.23528	0.01339	0.00652	0.00195	0.00323	0.04174	0.00550	0.00536
19	0.00719	0.00545	0.00659	0.00677	0.00801	0.00493	0.00502	0.00896	0.01297	0.01711	0.30485	0.18583	0.28624	0.04648	0.00750	0.00206	0.00306	0.07093	0.00532	0.00475
20	0.01333	0.03690	0.03979	0.09251	0.28389	0.04394	0.15765	0.03926	0.01304	0.06213	0.06808	0.03458	0.01253	0.00685	0.02886	0.00186	0.00687	0.00564	0.00332	0.04899
21	0.05751	0.05419	0.31891	0.03708	0.01869	0.02824	0.05217	0.14344	0.03002	0.06283	0.06774	0.03294	0.03453	0.03089	0.00600	0.00181	0.00647	0.00534	0.00369	0.00752
22	0.00689	0.00497	0.00639	0.00728	0.00792	0.00459	0.00503	0.00816	0.01135	0.01523	0.12771	0.59527	0.11257	0.01568	0.00677	0.00210	0.00307	0.02922	0.02524	0.00457
23	0.04385	0.01698	0.01509	0.04635	0.01696	0.27403	0.02520	0.21682	0.09191	0.15455	0.01337	0.01361	0.00972	0.00631	0.00562	0.00162	0.03108	0.00463	0.00446	0.00784

[dist]
# distance from previous block
# <min> <max>
5	9

[block]
# block no. 2 follows, 44 sequences, length 9
# corresponding to MSA columns:
# 170,172-179
name=unknown_C
#
# <colnr> <probs for GDERKNQSTAVLIFYWHMCP>
#	G	D	E	R	K	N	Q	S	T	A	V	L	I	F	Y	W	H	M	C	P
0	0.00809	0.00612	0.00889	0.00844	0.00957	0.00573	0.06653	0.00943	0.01076	0.01492	0.12239	0.36832	0.02862	0.15027	0.03727	0.04022	0.00443	0.01078	0.03382	0.05540
1	0.06069	0.01496	0.02015	0.04548	0.05394	0.14602	0.25167	0.06771	0.05730	0.05050	0.01108	0.01324	0.00857	0.00554	0.00635	0.00164	0.06784	0.00493	0.00333	0.10907
2	0.01119	0.01085	0.01529	0.01333	0.01350	0.01494	0.01102	0.01252	0.00842	0.01304	0.00848	0.01361	0.00831	0.01511	0.15457	0.00352	0.65910	0.00496	0.00248	0.00577
3	0.00682	0.00499	0.00641	0.00722	0.00789	0.00458	0.00497	0.00812	0.01159	0.01548	0.17057	0.57825	0.12178	0.01561	0.00680	0.00208	0.00301	0.01400	0.00524	0.00458
4	0.01307	0.01252	0.02136	0.13541	0.67579	0.01284	0.01652	0.01636	0.01221	0.01729	0.01018	0.01363	0.00845	0.00494	0.00540	0.00165	0.00658	0.00486	0.00266	0.00829
5	0.01030	0.00969	0.01635	0.79530	0.03755	0.01211	0.01514	0.01393	0.01090	0.01393	0.00969	0.01453	0.00727	0.00545	0.00545	0.00182	0.00727	0.00484	0.00242	0.00606
6	0.00868	0.00568	0.00712	0.00677	0.00821	0.00526	0.00517	0.01114	0.01447	0.05055	0.53810	0.03890	0.10018	0.01069	0.00607	0.00170	0.00279	0.04688	0.12636	0.00525
7	0.03380	0.01353	0.01724	0.34769	0.15188	0.12916	0.03306	0.09592	0.01352	0.05436	0.01039	0.01343	0.00797	0.00575	0.00601	0.00172	0.04975	0.00468	0.00309	0.00705
8	0.12148	0.05258	0.01438	0.08255	0.08526	0.04952	0.02222	0.09253	0.12909	0.16505	0.01466	0.01634	0.01114	0.02464	0.00554	0.00171	0.00541	0.02426	0.01945	0.06219

[dist]
# distance from previous block
# <min> <max>
19	48

[block]
# block no. 3 follows, 44 sequences, length 10
# corresponding to MSA columns:
# 238-247
name=unknown_D
#
# <colnr> <probs for GDERKNQSTAVLIFYWHMCP>
#	G	D	E	R	K	N	Q	S	T	A	V	L	I	F	Y	W	H	M	C	P
0	0.04324	0.09637	0.12812	0.01422	0.12504	0.01227	0.03427	0.11057	0.05583	0.03396	0.02893	0.05333	0.02945	0.00649	0.00538	0.00155	0.02545	0.02563	0.01963	0.15026
1	0.03054	0.09515	0.05994	0.04155	0.05651	0.04960	0.08514	0.15609	0.08022	0.08164	0.01514	0.05596	0.04593	0.00706	0.00659	0.00172	0.08491	0.00564	0.00397	0.03671
2	0.08372	0.07870	0.06861	0.08287	0.16471	0.08476	0.04367	0.05031	0.01236	0.03193	0.04017	0.09881	0.01318	0.06134	0.00670	0.00187	0.00605	0.00585	0.00334	0.06105
3	0.26685	0.01271	0.06062	0.04711	0.08569	0.08869	0.04302	0.02904	0.04127	0.08781	0.06130	0.03609	0.03008	0.00658	0.00489	0.00168	0.00548	0.02940	0.02480	0.03691
4	0.03710	0.05767	0.00966	0.00791	0.00940	0.00751	0.03458	0.06101	0.01236	0.01695	0.21083	0.14121	0.08763	0.23823	0.01227	0.00281	0.00430	0.03911	0.00450	0.00498
5	0.06455	0.33869	0.06780	0.01115	0.03141	0.16556	0.00979	0.05807	0.01281	0.04329	0.04163	0.04694	0.01081	0.00799	0.04722	0.00184	0.02613	0.00440	0.00313	0.00678
6	0.04190	0.03471	0.03176	0.04493	0.04404	0.03752	0.00789	0.06860	0.09927	0.05181	0.06054	0.19215	0.03736	0.03041	0.02526	0.00197	0.02775	0.00759	0.07096	0.08359
7	0.01507	0.09072	0.08159	0.07844	0.09369	0.12088	0.05564	0.12905	0.06255	0.04832	0.01166	0.02904	0.00934	0.00619	0.00632	0.00164	0.08119	0.00477	0.02976	0.04414
8	0.30921	0.07470	0.01048	0.03018	0.02937	0.01047	0.00676	0.03780	0.02823	0.01876	0.06391	0.11715	0.06756	0.06937	0.07143	0.00260	0.03614	0.00645	0.00378	0.00564
9	0.00703	0.00497	0.00622	0.00702	0.00764	0.00461	0.00477	0.00822	0.01102	0.01493	0.10023	0.54663	0.11885	0.06870	0.00805	0.00227	0.00317	0.01335	0.05785	0.00448

[dist]
# distance from previous block
# <min> <max>
3	11

[block]
# block no. 4 follows, 44 sequences, length 41
# corresponding to MSA columns:
# 260-288,293-304
name=unknown_E
#
# <colnr> <probs for GDERKNQSTAVLIFYWHMCP>
#	G	D	E	R	K	N	Q	S	T	A	V	L	I	F	Y	W	H	M	C	P
0	0.04013	0.03891	0.13387	0.03767	0.26623	0.05883	0.12653	0.08165	0.02502	0.03907	0.01061	0.01291	0.00829	0.00526	0.00570	0.00162	0.03312	0.00470	0.00308	0.06682
1	0.00799	0.00566	0.00721	0.00676	0.00820	0.00515	0.00509	0.01040	0.01506	0.04061	0.66217	0.04162	0.14088	0.01137	0.00641	0.00173	0.00265	0.00995	0.00590	0.00518
2	0.01331	0.00941	0.01128	0.00824	0.01281	0.00728	0.00662	0.01569	0.01213	0.14130	0.03494	0.01355	0.01039	0.00474	0.00434	0.00099	0.00406	0.00383	0.02014	0.66494
3	0.06471	0.01080	0.05305	0.03102	0.08793	0.00965	0.02863	0.06404	0.01453	0.42271	0.04462	0.04144	0.05813	0.00725	0.00595	0.00174	0.03436	0.00594	0.00533	0.00817
4	0.01305	0.01120	0.03282	0.16635	0.11305	0.06071	0.01042	0.04303	0.13233	0.08520	0.01681	0.04247	0.05151	0.10110	0.00892	0.00219	0.06027	0.00603	0.03576	0.00677
5	0.04572	0.01090	0.01373	0.01040	0.01473	0.02893	0.07708	0.09695	0.03857	0.15083	0.03270	0.01632	0.03071	0.00573	0.00492	0.00132	0.00495	0.02381	0.00426	0.38743
6	0.01248	0.00979	0.01152	0.00830	0.01308	0.00754	0.00666	0.03173	0.01195	0.07351	0.01063	0.01187	0.00850	0.00429	0.00418	0.00089	0.00413	0.00343	0.00354	0.76199
7	0.00974	0.00855	0.01374	0.18278	0.26742	0.00892	0.01115	0.01206	0.01125	0.01527	0.01917	0.35498	0.02078	0.01053	0.00614	0.00194	0.00518	0.03051	0.00372	0.00618
8	0.01245	0.01033	0.01119	0.01024	0.01284	0.01161	0.00786	0.07704	0.52569	0.02199	0.07061	0.14517	0.04082	0.00926	0.00584	0.00188	0.00411	0.00791	0.00548	0.00769
9	0.01096	0.01037	0.01755	0.63725	0.19042	0.01229	0.01547	0.01451	0.01121	0.01473	0.00981	0.01432	0.00755	0.00533	0.00544	0.00178	0.00710	0.00485	0.00248	0.00659
10	0.03345	0.01112	0.05556	0.03260	0.18102	0.00981	0.07582	0.04679	0.03384	0.14131	0.03304	0.03603	0.01164	0.00765	0.00741	0.11149	0.00554	0.01621	0.00377	0.14587
11	0.01287	0.01471	0.03217	0.02298	0.02849	0.01379	0.75460	0.01746	0.01287	0.01746	0.01103	0.01471	0.00827	0.00460	0.00643	0.00184	0.00919	0.00643	0.00276	0.00735
12	0.00877	0.00579	0.00766	0.00761	0.00832	0.00613	0.00541	0.00987	0.00902	0.05055	0.01725	0.03099	0.01787	0.39102	0.33644	0.00631	0.00905	0.06409	0.00345	0.00438
13	0.01299	0.10527	0.44267	0.05208	0.04094	0.05399	0.04947	0.05524	0.03723	0.05302	0.01142	0.04151	0.00887	0.00578	0.00517	0.00167	0.00732	0.00466	0.00294	0.00775
14	0.01381	0.07496	0.18148	0.06887	0.13385	0.05449	0.03786	0.04092	0.01274	0.13533	0.03445	0.08136	0.03127	0.04298	0.03017	0.00206	0.00653	0.00594	0.00367	0.00727
15	0.08249	0.00939	0.01158	0.00932	0.01287	0.00897	0.00756	0.09663	0.05440	0.47119	0.10190	0.04597	0.01758	0.00744	0.00542	0.00170	0.00437	0.00607	0.03692	0.00822
16	0.04141	0.01333	0.01526	0.05275	0.08123	0.09231	0.05066	0.27075	0.07791	0.03936	0.04477	0.08153	0.01411	0.00768	0.00622	0.00176	0.04563	0.03311	0.02269	0.00752
17	0.01393	0.01147	0.04535	0.10504	0.27963	0.01105	0.06955	0.05978	0.05492	0.12724	0.03306	0.06948	0.03277	0.04383	0.00667	0.00190	0.00591	0.00624	0.01457	0.00761
18	0.01005	0.00834	0.01116	0.01033	0.01108	0.01023	0.00818	0.01214	0.04754	0.03809	0.03790	0.12852	0.07439	0.07465	0.12293	0.00335	0.30786	0.05015	0.02769	0.00544
19	0.00947	0.00473	0.00710	0.00710	0.00710	0.00473	0.00473	0.00710	0.00710	0.00947	0.00947	0.01657	0.00947	0.01894	0.02131	0.84138	0.00473	0.00473	0.00237	0.00237
20	0.01206	0.00988	0.01153	0.00829	0.01310	0.00765	0.00665	0.04158	0.01197	0.04192	0.01018	0.01160	0.00829	0.00421	0.00413	0.00087	0.00413	0.00336	0.00342	0.78518
21	0.01020	0.00717	0.00774	0.00743	0.00921	0.00756	0.00561	0.01640	0.24115	0.02017	0.12443	0.10206	0.08865	0.00901	0.00523	0.00165	0.00316	0.00763	0.31947	0.00606
22	0.01874	0.01771	0.01676	0.01638	0.13552	0.29578	0.02928	0.18450	0.04657	0.10722	0.01177	0.01283	0.00895	0.00618	0.00623	0.00163	0.06774	0.00453	0.00391	0.00777
23	0.00792	0.00530	0.00604	0.00604	0.00607	0.00534	0.00342	0.00799	0.00796	0.01064	0.01709	0.03521	0.01962	0.78330	0.05258	0.00540	0.00559	0.00786	0.00329	0.00335
24	0.01162	0.01135	0.01581	0.01364	0.01370	0.01573	0.01129	0.01284	0.00843	0.01320	0.00798	0.01319	0.00794	0.03545	0.04339	0.00266	0.72798	0.00491	0.02307	0.00582
25	0.01184	0.01882	0.38126	0.01253	0.03845	0.01044	0.01348	0.05390	0.01231	0.03705	0.01164	0.01302	0.03159	0.00511	0.00481	0.00137	0.00611	0.00406	0.00303	0.32917
26	0.01675	0.46891	0.05118	0.01144	0.01549	0.32669	0.01021	0.01853	0.01284	0.01320	0.00800	0.00928	0.00700	0.00506	0.00413	0.00128	0.00751	0.00319	0.00252	0.00677
27	0.01342	0.03353	0.02006	0.05253	0.53749	0.01231	0.03318	0.03498	0.01248	0.04125	0.01106	0.03737	0.00943	0.00537	0.00560	0.00157	0.02686	0.00500	0.00300	0.10351
28	0.01164	0.01111	0.03763	0.09991	0.04611	0.05381	0.13517	0.05212	0.03059	0.03912	0.01283	0.04012	0.01113	0.01894	0.28778	0.00434	0.09251	0.00574	0.00313	0.00629
29	0.00784	0.00607	0.00720	0.00735	0.00866	0.00579	0.00545	0.04625	0.02903	0.01695	0.17088	0.29851	0.28673	0.01390	0.00684	0.00198	0.01986	0.05049	0.00520	0.00501
30	0.01262	0.02216	0.49687	0.01390	0.02022	0.01290	0.01594	0.05016	0.23041	0.04999	0.01398	0.01441	0.01008	0.00594	0.00531	0.00176	0.00675	0.00474	0.00354	0.00832
31	0.01553	0.01268	0.03900	0.13521	0.21412	0.03079	0.06095	0.18511	0.04369	0.11418	0.07045	0.01674	0.01276	0.01744	0.00588	0.00174	0.00617	0.00546	0.00414	0.00798
32	0.01208	0.00652	0.00865	0.02741	0.01062	0.00604	0.00635	0.03437	0.01262	0.22273	0.05117	0.45875	0.06710	0.01326	0.00646	0.00202	0.00377	0.03860	0.00549	0.00598
33	0.00771	0.00587	0.00748	0.02830	0.00936	0.00585	0.00578	0.02824	0.03085	0.01528	0.09194	0.41223	0.17596	0.01656	0.06126	0.03040	0.02701	0.03033	0.00478	0.00482
34	0.01786	0.13613	0.04876	0.06527	0.05709	0.15410	0.04337	0.20582	0.07683	0.12352	0.01270	0.01329	0.00938	0.00589	0.00510	0.00157	0.00668	0.00456	0.00410	0.00797
35	0.56093	0.08709	0.06311	0.00898	0.01264	0.13667	0.00786	0.01697	0.01063	0.02103	0.00813	0.00948	0.00646	0.00515	0.00376	0.00159	0.00548	0.00317	0.02467	0.00619
36	0.01553	0.07588	0.07143	0.07313	0.03557	0.03394	0.10299	0.21589	0.21083	0.05898	0.01488	0.02935	0.01125	0.00633	0.00542	0.00170	0.00612	0.00539	0.01727	0.00812
37	0.00844	0.00636	0.00706	0.00748	0.00847	0.04437	0.00525	0.00958	0.01129	0.05064	0.06371	0.41370	0.17949	0.10726	0.02616	0.00256	0.00402	0.03464	0.00482	0.00472
38	0.00787	0.00526	0.00596	0.00602	0.00604	0.00524	0.00339	0.00791	0.00805	0.01073	0.01779	0.07250	0.02060	0.77052	0.02675	0.00514	0.00518	0.00829	0.00339	0.00336
39	0.04896	0.13003	0.03837	0.01242	0.04361	0.11216	0.01003	0.26350	0.20634	0.05986	0.01400	0.01395	0.01050	0.00623	0.00504	0.00160	0.00597	0.00469	0.00449	0.00823
40	0.02985	0.15460	0.15218	0.01303	0.04222	0.04269	0.06861	0.17938	0.05584	0.09933	0.05340	0.01436	0.01128	0.00589	0.00506	0.00155	0.00617	0.00474	0.00397	0.05585

[dist]
# distance from previous block
# <min> <max>
0	2

[block]
# block no. 5 follows, 44 sequences, length 17
# corresponding to MSA columns:
# 307-323
name=unknown_F
#
# <colnr> <probs for GDERKNQSTAVLIFYWHMCP>
#	G	D	E	R	K	N	Q	S	T	A	V	L	I	F	Y	W	H	M	C	P
0	0.01048	0.00882	0.01398	0.15129	0.20382	0.00912	0.05136	0.03685	0.02463	0.03650	0.01991	0.29962	0.04762	0.01079	0.02623	0.00207	0.00544	0.00908	0.02610	0.00630
1	0.03228	0.01489	0.15830	0.03389	0.08412	0.07953	0.03880	0.06258	0.08656	0.17675	0.10142	0.01937	0.04299	0.02224	0.00616	0.00178	0.02060	0.00573	0.00439	0.00763
2	0.01254	0.03946	0.03106	0.05648	0.14821	0.03159	0.06863	0.04964	0.01262	0.10084	0.08410	0.09690	0.03193	0.12254	0.03584	0.00243	0.00580	0.00694	0.02209	0.04036
3	0.00985	0.00900	0.01277	0.01164	0.01255	0.01099	0.04358	0.01155	0.01036	0.01437	0.02205	0.07942	0.14109	0.01296	0.04142	0.00253	0.36594	0.17884	0.00365	0.00545
4	0.01257	0.01507	0.18517	0.09540	0.09226	0.03239	0.14056	0.04827	0.05096	0.05740	0.01436	0.04476	0.03544	0.00733	0.00716	0.03626	0.05959	0.03649	0.02146	0.00708
5	0.06306	0.04214	0.12849	0.11149	0.07442	0.08589	0.04972	0.06907	0.05491	0.02779	0.01412	0.04590	0.03942	0.02473	0.03197	0.00206	0.06112	0.02652	0.04040	0.00679
6	0.01006	0.00821	0.00895	0.00850	0.00947	0.07708	0.00626	0.01102	0.01012	0.04388	0.02143	0.08546	0.13684	0.19407	0.15251	0.05712	0.10867	0.00747	0.03813	0.00474
7	0.03956	0.00663	0.00895	0.00974	0.01126	0.00658	0.00839	0.01257	0.01249	0.07849	0.02702	0.05505	0.02853	0.04748	0.00807	0.00253	0.00497	0.62133	0.00503	0.00533
8	0.05334	0.01630	0.21153	0.11439	0.13634	0.02661	0.12447	0.06761	0.05992	0.03114	0.01208	0.01598	0.00962	0.00605	0.00603	0.00179	0.04112	0.04222	0.01596	0.00750
9	0.01021	0.00847	0.03676	0.11910	0.05717	0.00797	0.06244	0.02559	0.04140	0.07491	0.09423	0.22350	0.13998	0.01097	0.00629	0.00194	0.00474	0.06382	0.00455	0.00597
10	0.01826	0.00807	0.01053	0.00880	0.01186	0.00736	0.00706	0.02124	0.06227	0.46957	0.10577	0.08469	0.02048	0.00839	0.00560	0.00173	0.00405	0.03678	0.09974	0.00775
11	0.00780	0.00564	0.00685	0.00703	0.00828	0.00519	0.00518	0.00933	0.01232	0.04673	0.18221	0.26428	0.30011	0.04314	0.00766	0.00210	0.02109	0.05502	0.00519	0.00486
12	0.01274	0.13636	0.16438	0.09169	0.08058	0.01268	0.05096	0.01716	0.09475	0.08238	0.01483	0.01691	0.05262	0.02648	0.03984	0.03312	0.04542	0.00516	0.01485	0.00708
13	0.01587	0.00806	0.01061	0.00966	0.03631	0.00756	0.00737	0.01861	0.06013	0.36743	0.08104	0.12731	0.13237	0.01001	0.00647	0.00186	0.03348	0.05284	0.00576	0.00723
14	0.04625	0.01066	0.01353	0.01115	0.04704	0.01020	0.00873	0.18371	0.01735	0.54273	0.01870	0.01692	0.01217	0.00656	0.00537	0.00166	0.00495	0.00525	0.02804	0.00904
15	0.01368	0.01465	0.08585	0.23060	0.24666	0.10351	0.09314	0.03689	0.01274	0.05405	0.01085	0.01389	0.00839	0.00607	0.02238	0.00183	0.00748	0.00485	0.02514	0.00735
16	0.01336	0.08557	0.02751	0.08205	0.06283	0.03843	0.13175	0.06964	0.05126	0.09236	0.01813	0.06498	0.09145	0.02949	0.00738	0.03271	0.04817	0.00641	0.03979	0.00673

[dist]
# distance from previous block
# <min> <max>
1	14

[block]
# block no. 6 follows, 44 sequences, length 13
# corresponding to MSA columns:
# 338-350
name=unknown_G
#
# <colnr> <probs for GDERKNQSTAVLIFYWHMCP>
#	G	D	E	R	K	N	Q	S	T	A	V	L	I	F	Y	W	H	M	C	P
0	0.10115	0.03935	0.11257	0.07478	0.03146	0.13648	0.07147	0.04507	0.01300	0.07890	0.01604	0.05330	0.03909	0.00766	0.00545	0.00178	0.00641	0.11280	0.04667	0.00659
1	0.05872	0.09482	0.11792	0.04304	0.05136	0.19163	0.00986	0.01626	0.01293	0.05493	0.09191	0.03616	0.05780	0.00703	0.00500	0.00156	0.00599	0.02155	0.11512	0.00640
2	0.07579	0.01331	0.01522	0.11350	0.12164	0.13313	0.04747	0.09142	0.05085	0.08549	0.01352	0.03628	0.02506	0.00622	0.00519	0.00158	0.00621	0.02886	0.00376	0.12549
3	0.14918	0.01115	0.03045	0.00939	0.04066	0.12685	0.00712	0.01422	0.01324	0.04540	0.25536	0.02508	0.11010	0.00798	0.00523	0.00154	0.00457	0.00644	0.00435	0.13169
4	0.43471	0.00941	0.00899	0.00780	0.01082	0.01018	0.00631	0.08149	0.01252	0.12011	0.09863	0.01834	0.06923	0.00858	0.04367	0.00203	0.00459	0.00508	0.04115	0.00637
5	0.17068	0.00898	0.01073	0.00865	0.01215	0.00856	0.00705	0.04982	0.01448	0.46522	0.10366	0.01925	0.01631	0.00690	0.00507	0.00165	0.00421	0.00547	0.07329	0.00786
6	0.00978	0.00628	0.00796	0.00740	0.00917	0.00580	0.00574	0.01260	0.04275	0.10833	0.49768	0.04064	0.14709	0.01117	0.00637	0.00179	0.00309	0.06482	0.00586	0.00567
7	0.00846	0.00562	0.00656	0.00634	0.00790	0.00509	0.00481	0.01057	0.01351	0.05086	0.32579	0.06061	0.27766	0.01124	0.00597	0.00171	0.00281	0.03242	0.15695	0.00511
8	0.00823	0.00578	0.00739	0.00702	0.00835	0.00540	0.00521	0.01090	0.03656	0.04170	0.61731	0.09543	0.07889	0.03889	0.00715	0.00188	0.00283	0.01005	0.00581	0.00522
9	0.01499	0.63141	0.06498	0.01050	0.01487	0.11811	0.01017	0.01690	0.01152	0.01314	0.00778	0.00919	0.00700	0.00506	0.00449	0.00129	0.04618	0.00314	0.00239	0.00691
10	0.01164	0.00976	0.01129	0.00821	0.01276	0.00769	0.00650	0.05439	0.01191	0.01829	0.01028	0.01272	0.00878	0.04774	0.00540	0.00110	0.00421	0.00358	0.00336	0.75038
11	0.01485	0.07561	0.05024	0.13597	0.18123	0.06634	0.03113	0.07750	0.04432	0.13298	0.07379	0.01722	0.02751	0.00771	0.03842	0.00194	0.00648	0.00533	0.00389	0.00752
12	0.03571	0.09694	0.07791	0.05397	0.10264	0.07532	0.03127	0.07204	0.18898	0.02954	0.03227	0.05228	0.03902	0.03177	0.00594	0.00176	0.00576	0.01380	0.00389	0.04919

[dist]
# distance from previous block
# <min> <max>
0	3

[block]
# block no. 7 follows, 44 sequences, length 11
# corresponding to MSA columns:
# 354-364
name=unknown_H
#
# <colnr> <probs for GDERKNQSTAVLIFYWHMCP>
#	G	D	E	R	K	N	Q	S	T	A	V	L	I	F	Y	W	H	M	C	P
0	0.14721	0.09346	0.09861	0.06330	0.07459	0.14547	0.04117	0.05996	0.01288	0.06051	0.00989	0.01145	0.00769	0.00513	0.00461	0.00145	0.00642	0.00387	0.00321	0.14910
1	0.02710	0.02589	0.04093	0.24426	0.06754	0.07478	0.06388	0.17551	0.11748	0.02058	0.01303	0.03232	0.01012	0.00616	0.00535	0.00170	0.00646	0.00521	0.05435	0.00734
2	0.00735	0.00554	0.00653	0.02707	0.00844	0.00503	0.00489	0.00930	0.01326	0.01781	0.32355	0.12170	0.33913	0.01231	0.00626	0.00178	0.00283	0.01060	0.07178	0.00487
3	0.00755	0.00588	0.00777	0.00892	0.06896	0.00542	0.00582	0.00939	0.01292	0.01740	0.31339	0.28752	0.20246	0.01315	0.00652	0.00190	0.00312	0.01164	0.00523	0.00507
4	0.06253	0.00959	0.01234	0.00961	0.01357	0.00880	0.00790	0.09137	0.01620	0.61358	0.07983	0.01935	0.01577	0.00700	0.00545	0.00168	0.00458	0.00566	0.00641	0.00878
5	0.00816	0.00728	0.04484	0.00806	0.02820	0.00623	0.00624	0.01126	0.07436	0.01784	0.29950	0.08678	0.25998	0.04341	0.00767	0.02818	0.00347	0.04816	0.00509	0.00528
6	0.38402	0.01021	0.01054	0.00866	0.01229	0.01068	0.00710	0.09012	0.03541	0.30538	0.03924	0.01462	0.01112	0.00614	0.00453	0.00167	0.00444	0.00447	0.03186	0.00751
7	0.07795	0.01009	0.01262	0.03970	0.01329	0.01221	0.00893	0.11983	0.03708	0.07592	0.01279	0.01795	0.01120	0.08990	0.09892	0.00306	0.27068	0.02433	0.05725	0.00631
8	0.08004	0.48178	0.02258	0.01077	0.04537	0.01815	0.00937	0.13004	0.05391	0.08668	0.01056	0.01111	0.00843	0.00532	0.00415	0.00138	0.00557	0.00370	0.00347	0.00762
9	0.05675	0.03088	0.01154	0.13302	0.06334	0.07444	0.00847	0.09928	0.05546	0.01875	0.01654	0.17086	0.01555	0.03741	0.00601	0.00182	0.00503	0.00692	0.18179	0.00615
10	0.01208	0.03289	0.08783	0.38425	0.04044	0.01194	0.04082	0.09906	0.05613	0.04668	0.06295	0.04669	0.04158	0.00676	0.00557	0.00177	0.00632	0.00586	0.00354	0.00682

[dist]
# distance from previous block
# <min> <max>
0	12

[block]
# block no. 8 follows, 44 sequences, length 32
# corresponding to MSA columns:
# 377-408
name=unknown_I
#
# <colnr> <probs for GDERKNQSTAVLIFYWHMCP>
#	G	D	E	R	K	N	Q	S	T	A	V	L	I	F	Y	W	H	M	C	P
0	0.03158	0.05579	0.15095	0.10475	0.09064	0.04558	0.04459	0.08419	0.03229	0.09610	0.03583	0.05720	0.03175	0.00655	0.00522	0.00163	0.00595	0.00550	0.07295	0.04097
1	0.01447	0.01449	0.01599	0.04909	0.01597	0.15145	0.01132	0.12877	0.01239	0.01644	0.00880	0.01236	0.00781	0.00987	0.05390	0.00241	0.46041	0.00463	0.00296	0.00648
2	0.01204	0.00989	0.01153	0.00829	0.01310	0.00765	0.00665	0.04202	0.01197	0.04051	0.01016	0.01158	0.00828	0.00421	0.00413	0.00086	0.00413	0.00336	0.00342	0.78621
3	0.00804	0.00564	0.00748	0.00810	0.00890	0.00556	0.00602	0.00957	0.01161	0.03852	0.12970	0.44040	0.06846	0.03286	0.00782	0.00222	0.03951	0.14078	0.02397	0.00484
4	0.01068	0.00958	0.04842	0.06910	0.12761	0.02429	0.08110	0.01252	0.01093	0.04227	0.01730	0.19558	0.01790	0.02963	0.00973	0.12446	0.05588	0.10375	0.00359	0.00567
5	0.01193	0.01193	0.01670	0.01431	0.01431	0.01670	0.01193	0.01312	0.00835	0.01312	0.00716	0.01193	0.00716	0.00954	0.01789	0.00239	0.79843	0.00477	0.00239	0.00596
6	0.02087	0.00881	0.01130	0.00888	0.01253	0.00793	0.00725	0.06720	0.01521	0.55267	0.01982	0.01832	0.01314	0.00656	0.00509	0.00157	0.00427	0.00529	0.17465	0.03866
7	0.01307	0.00773	0.00958	0.00811	0.01075	0.00716	0.00635	0.03578	0.08650	0.20141	0.36234	0.02888	0.05137	0.00868	0.00571	0.00160	0.00349	0.00742	0.04352	0.10055
8	0.00854	0.00614	0.00847	0.00967	0.01089	0.00608	0.00833	0.01089	0.01240	0.01608	0.03012	0.11144	0.06458	0.01514	0.00744	0.00246	0.00479	0.65655	0.00502	0.00496
9	0.00839	0.04205	0.00847	0.00751	0.00898	0.02612	0.00576	0.01106	0.04136	0.01930	0.48650	0.13534	0.10306	0.01182	0.00637	0.00182	0.00323	0.06214	0.00548	0.00524
10	0.04923	0.00714	0.00881	0.00781	0.01019	0.00670	0.00605	0.01761	0.04136	0.31252	0.07562	0.17917	0.02071	0.00900	0.00533	0.00169	0.00362	0.00764	0.22304	0.00674
11	0.00765	0.00566	0.00644	0.00625	0.00793	0.00491	0.00468	0.00940	0.01337	0.05064	0.27410	0.09445	0.46922	0.01288	0.00643	0.00182	0.00281	0.01098	0.00543	0.00497
12	0.01458	0.81168	0.02857	0.00933	0.01399	0.02157	0.00933	0.01632	0.01108	0.01283	0.00758	0.00875	0.00700	0.00466	0.00350	0.00117	0.00583	0.00292	0.00233	0.00700
13	0.00886	0.02583	0.03082	0.00917	0.01034	0.08697	0.03946	0.01024	0.01106	0.01408	0.04526	0.52320	0.02868	0.07197	0.03688	0.00253	0.00492	0.03041	0.00441	0.00488
14	0.00766	0.00557	0.00721	0.00680	0.00811	0.00512	0.00510	0.01018	0.01530	0.02155	0.73985	0.04124	0.08331	0.01126	0.00643	0.00172	0.00258	0.00993	0.00596	0.00512
15	0.02446	0.00928	0.01265	0.00970	0.01392	0.00801	0.00801	0.02657	0.01560	0.77817	0.02151	0.01856	0.01350	0.00675	0.00548	0.00169	0.00464	0.00548	0.00675	0.00928
16	0.01119	0.02129	0.01654	0.39348	0.07863	0.01162	0.08011	0.01408	0.01133	0.04891	0.05133	0.01873	0.07177	0.00721	0.00759	0.02334	0.10624	0.00577	0.01462	0.00623
17	0.18956	0.01144	0.01214	0.02431	0.01399	0.01273	0.02084	0.20298	0.26748	0.06599	0.03731	0.06940	0.03396	0.00749	0.00522	0.00177	0.00470	0.00598	0.00500	0.00771
18	0.01292	0.01524	0.05508	0.04231	0.02777	0.03557	0.66590	0.01734	0.01270	0.01710	0.01075	0.01437	0.00813	0.00483	0.00670	0.00184	0.03527	0.00618	0.00272	0.00727
19	0.53303	0.07545	0.06421	0.03039	0.05088	0.10128	0.00863	0.04963	0.01119	0.02166	0.00826	0.00970	0.00650	0.00517	0.00393	0.00162	0.00551	0.00331	0.00319	0.00647
20	0.73310	0.01063	0.00915	0.08584	0.01347	0.01239	0.00699	0.04315	0.01004	0.02378	0.00800	0.00958	0.00616	0.00515	0.00366	0.00170	0.00459	0.00321	0.00336	0.00604
21	0.84691	0.01054	0.00801	0.00717	0.01054	0.01223	0.00590	0.01603	0.00928	0.02446	0.00759	0.00886	0.00590	0.00506	0.00337	0.00169	0.00422	0.00295	0.00337	0.00590
22	0.01873	0.00873	0.01171	0.04469	0.04214	0.00811	0.00799	0.03693	0.05235	0.47480	0.08947	0.04474	0.05496	0.00786	0.00561	0.00172	0.00441	0.02463	0.05242	0.00800
23	0.00926	0.00549	0.00786	0.00776	0.00816	0.00590	0.00550	0.00900	0.04197	0.01118	0.01165	0.01847	0.01116	0.04629	0.20709	0.54173	0.02283	0.00517	0.02013	0.00342
24	0.01509	0.13514	0.04061	0.03684	0.16253	0.10114	0.05694	0.14172	0.08284	0.01945	0.01112	0.01275	0.00888	0.00560	0.00559	0.00152	0.04539	0.00444	0.01506	0.09737
25	0.00937	0.00893	0.05910	0.05240	0.04660	0.00837	0.03512	0.01345	0.11882	0.01638	0.12087	0.17343	0.04139	0.09267	0.12526	0.00323	0.02922	0.00831	0.00413	0.03295
26	0.04949	0.07407	0.20434	0.11110	0.12382	0.09695	0.02812	0.06283	0.01270	0.01733	0.04635	0.01489	0.02971	0.02690	0.00647	0.00175	0.05483	0.00475	0.00299	0.03060
27	0.02716	0.14061	0.08183	0.01429	0.11103	0.05726	0.06947	0.07083	0.03009	0.03143	0.08271	0.04539	0.03633	0.00765	0.02801	0.00178	0.06032	0.00544	0.00348	0.09490
28	0.12580	0.13295	0.06781	0.03603	0.04369	0.04124	0.00930	0.09451	0.04627	0.04285	0.01178	0.03025	0.01016	0.05758	0.11728	0.00279	0.05000	0.00468	0.00340	0.07161
29	0.05281	0.17241	0.06781	0.00956	0.01326	0.01167	0.01962	0.07651	0.04353	0.02981	0.01659	0.04945	0.07349	0.04449	0.02822	0.00187	0.02433	0.06508	0.00366	0.19582
30	0.03198	0.01218	0.11978	0.05219	0.03004	0.05190	0.02791	0.04707	0.06623	0.20349	0.01809	0.05390	0.05693	0.08385	0.03423	0.07098	0.00590	0.00607	0.02050	0.00677
31	0.01147	0.03963	0.11833	0.01041	0.04827	0.00902	0.03975	0.03418	0.06655	0.06032	0.03630	0.02044	0.01395	0.12089	0.08020	0.00273	0.02312	0.00559	0.25266	0.00619

[dist]
# distance from previous block
# <min> <max>
6	87

[block]
# block no. 9 follows, 44 sequences, length 42
# corresponding to MSA columns:
# 500-541
name=unknown_J
#
# <colnr> <probs for GDERKNQSTAVLIFYWHMCP>
#	G	D	E	R	K	N	Q	S	T	A	V	L	I	F	Y	W	H	M	C	P
0	0.07481	0.13870	0.06512	0.01233	0.05952	0.14230	0.02571	0.14878	0.07011	0.04429	0.03855	0.04132	0.04727	0.02593	0.00553	0.00164	0.00609	0.00513	0.00385	0.04303
1	0.04373	0.13343	0.12136	0.05210	0.06920	0.08161	0.03335	0.04858	0.06229	0.01665	0.02725	0.14097	0.03901	0.05995	0.00669	0.00190	0.00584	0.00655	0.02737	0.02216
2	0.07500	0.17480	0.16160	0.04533	0.08948	0.01435	0.06880	0.11638	0.03214	0.08691	0.01189	0.01312	0.02228	0.00557	0.00512	0.00157	0.02109	0.00444	0.00345	0.04669
3	0.02794	0.17599	0.15527	0.06501	0.24076	0.05697	0.01345	0.05272	0.02432	0.06648	0.01070	0.01300	0.00858	0.03029	0.00558	0.00164	0.00652	0.00431	0.00303	0.03741
4	0.16504	0.13541	0.12143	0.01211	0.08966	0.01285	0.00999	0.11239	0.04561	0.02007	0.03854	0.01515	0.01099	0.04664	0.07987	0.00242	0.00632	0.00459	0.06404	0.00690
5	0.29666	0.04144	0.05279	0.00946	0.01268	0.01048	0.05860	0.08731	0.01255	0.09837	0.03612	0.15627	0.03470	0.00797	0.00494	0.00175	0.00466	0.00650	0.06031	0.00646
6	0.01270	0.01050	0.01324	0.00955	0.01438	0.00856	0.05918	0.07707	0.01278	0.04756	0.01051	0.01196	0.00839	0.00439	0.00438	0.00098	0.00459	0.00368	0.00352	0.68207
7	0.00779	0.00584	0.00876	0.00876	0.00974	0.00681	0.00681	0.00974	0.00876	0.01266	0.01460	0.02142	0.01363	0.04089	0.78680	0.00876	0.01460	0.00584	0.00292	0.00487
8	0.00669	0.00503	0.00626	0.00706	0.00785	0.00460	0.00489	0.00787	0.01114	0.01447	0.07259	0.54059	0.22796	0.01685	0.03697	0.00235	0.00347	0.01381	0.00502	0.00453
9	0.01016	0.00508	0.00508	0.00508	0.00635	0.00508	0.00381	0.01270	0.01143	0.02033	0.01778	0.02033	0.01397	0.00635	0.00381	0.00127	0.00254	0.00508	0.83867	0.00508
10	0.01356	0.01171	0.01233	0.01109	0.01418	0.01356	0.00863	0.02897	0.76455	0.02281	0.02219	0.02034	0.01664	0.00740	0.00555	0.00185	0.00431	0.00616	0.00555	0.00863
11	0.72027	0.06557	0.00998	0.00781	0.01126	0.06314	0.00648	0.01663	0.00993	0.03827	0.00793	0.00911	0.00620	0.00510	0.00353	0.00163	0.00470	0.00304	0.00334	0.00607
12	0.00776	0.00577	0.00852	0.00857	0.00946	0.00665	0.00656	0.00956	0.00877	0.01259	0.01529	0.04965	0.01476	0.08230	0.71770	0.00834	0.01369	0.00629	0.00302	0.00477
13	0.01320	0.51133	0.03579	0.00915	0.01267	0.01654	0.00846	0.03927	0.05707	0.01396	0.00987	0.01220	0.00879	0.00997	0.06900	0.12666	0.00622	0.00378	0.02981	0.00627
14	0.00870	0.00567	0.00724	0.00747	0.00863	0.00525	0.00539	0.01059	0.03023	0.08218	0.21995	0.38856	0.12277	0.03662	0.00722	0.00209	0.00325	0.03766	0.00541	0.00514
15	0.00780	0.00576	0.00834	0.00832	0.00918	0.00655	0.00629	0.00952	0.00890	0.01273	0.04323	0.02401	0.01586	0.14061	0.65792	0.00804	0.01293	0.00627	0.00309	0.00467
16	0.00745	0.00538	0.00688	0.00726	0.00820	0.00507	0.00521	0.00961	0.03428	0.01781	0.34106	0.37707	0.08044	0.01374	0.00658	0.00195	0.00296	0.03146	0.03270	0.00489
17	0.01238	0.00999	0.01096	0.01016	0.01263	0.01116	0.00774	0.06236	0.50245	0.03966	0.05152	0.20392	0.02200	0.00974	0.00590	0.00191	0.00408	0.00840	0.00547	0.00757
18	0.01224	0.01205	0.02024	0.38347	0.07659	0.03356	0.19356	0.06182	0.03697	0.01657	0.01091	0.01544	0.00861	0.00591	0.00672	0.00185	0.07044	0.02338	0.00288	0.00679
19	0.01093	0.02820	0.78016	0.01554	0.02360	0.01266	0.02014	0.01727	0.01151	0.01727	0.00978	0.01151	0.00691	0.00518	0.00518	0.00173	0.00806	0.00403	0.00230	0.00806
20	0.01130	0.00969	0.01130	0.00807	0.01292	0.00727	0.00646	0.01373	0.01130	0.01776	0.00969	0.01130	0.00807	0.00404	0.00404	0.00081	0.00404	0.00323	0.00323	0.84173
21	0.01016	0.00508	0.00508	0.00508	0.00635	0.00508	0.00381	0.01270	0.01143	0.02033	0.01778	0.02033	0.01397	0.00635	0.00381	0.00127	0.00254	0.00508	0.83867	0.00508
22	0.01075	0.00715	0.00875	0.00782	0.01012	0.00642	0.00602	0.04944	0.02847	0.11176	0.24294	0.16514	0.14171	0.01078	0.00602	0.00171	0.00349	0.04031	0.00528	0.13592
23	0.00870	0.00628	0.00863	0.00980	0.01101	0.00631	0.00837	0.01146	0.03688	0.01626	0.02878	0.14279	0.03141	0.01503	0.00740	0.00246	0.00479	0.63351	0.00504	0.00507
24	0.01016	0.00508	0.00508	0.00508	0.00635	0.00508	0.00381	0.01270	0.01143	0.02033	0.01778	0.02033	0.01397	0.00635	0.00381	0.00127	0.00254	0.00508	0.83867	0.00508
25	0.05022	0.00984	0.01265	0.00977	0.01388	0.00904	0.00806	0.10702	0.01637	0.64432	0.01999	0.01769	0.01280	0.00666	0.00535	0.00167	0.00470	0.00532	0.03564	0.00902
26	0.00879	0.00628	0.00879	0.01004	0.01130	0.00628	0.00879	0.01130	0.01255	0.01632	0.02887	0.06150	0.03138	0.01506	0.00753	0.00251	0.00502	0.73770	0.00502	0.00502
27	0.07893	0.00964	0.01251	0.00966	0.01383	0.00870	0.00798	0.05924	0.01564	0.69408	0.02020	0.01766	0.01280	0.00663	0.00534	0.00168	0.00467	0.00529	0.00646	0.00905
28	0.00664	0.00474	0.00633	0.00759	0.00791	0.00443	0.00506	0.00759	0.01044	0.01392	0.03005	0.80485	0.03606	0.01708	0.00696	0.00221	0.00316	0.01550	0.00506	0.00443
29	0.00741	0.00551	0.00691	0.00694	0.00812	0.00509	0.00506	0.00972	0.03217	0.01886	0.46367	0.23022	0.15422	0.01291	0.00654	0.00186	0.00279	0.01140	0.00562	0.00497
30	0.01193	0.01193	0.01670	0.01431	0.01431	0.01670	0.01193	0.01312	0.00835	0.01312	0.00716	0.01193	0.00716	0.00954	0.01789	0.00239	0.79843	0.00477	0.00239	0.00596
31	0.02035	0.01397	0.01521	0.01174	0.01588	0.01521	0.00967	0.63297	0.02366	0.10600	0.01424	0.01413	0.01001	0.00655	0.00534	0.00162	0.00562	0.00498	0.06387	0.00898
32	0.01030	0.00969	0.01635	0.79530	0.03755	0.01211	0.01514	0.01393	0.01090	0.01393	0.00969	0.01453	0.00727	0.00545	0.00545	0.00182	0.00727	0.00484	0.00242	0.00606
33	0.01111	0.00689	0.00807	0.00724	0.00954	0.00629	0.00561	0.01428	0.08556	0.17271	0.22577	0.03954	0.36399	0.01109	0.00616	0.00178	0.00324	0.00936	0.00569	0.00607
34	0.07515	0.01251	0.01838	0.21569	0.25449	0.05890	0.08480	0.07434	0.01305	0.06525	0.01148	0.04452	0.00934	0.00592	0.00582	0.00174	0.03280	0.00524	0.00324	0.00736
35	0.01042	0.00977	0.01620	0.76504	0.03665	0.01217	0.01489	0.01451	0.03998	0.01427	0.01017	0.01476	0.00763	0.00553	0.00545	0.00182	0.00715	0.00490	0.00254	0.00616
36	0.00789	0.00563	0.00708	0.00672	0.00815	0.00509	0.00504	0.01017	0.01470	0.04032	0.59416	0.07182	0.17943	0.01174	0.00643	0.00176	0.00268	0.01026	0.00582	0.00513
37	0.00792	0.00531	0.00605	0.00605	0.00608	0.00534	0.00343	0.00799	0.00796	0.01064	0.01709	0.03517	0.01960	0.78134	0.05452	0.00541	0.00561	0.00785	0.00329	0.00336
38	0.00790	0.00568	0.00800	0.00804	0.00874	0.00635	0.00592	0.00925	0.00862	0.01215	0.01558	0.02621	0.01567	0.23682	0.54780	0.02891	0.01166	0.02922	0.00307	0.00441
39	0.63527	0.01063	0.03582	0.00794	0.01106	0.01159	0.00676	0.01560	0.00983	0.05126	0.02603	0.01244	0.03536	0.00685	0.02533	0.00191	0.05698	0.00380	0.02954	0.00600
40	0.01305	0.00848	0.01074	0.02391	0.06746	0.00879	0.00756	0.03654	0.15708	0.15445	0.19730	0.02570	0.06094	0.02895	0.03100	0.00201	0.03966	0.00687	0.11265	0.00687
41	0.08183	0.03733	0.05289	0.07947	0.08070	0.06005	0.00967	0.11379	0.04801	0.12239	0.01304	0.01606	0.01044	0.07618	0.00691	0.00183	0.00564	0.01749	0.00394	0.16235

[dist]
# distance from previous block
# <min> <max>
1	3

[block]
# block no. 10 follows, 44 sequences, length 26
# corresponding to MSA columns:
# 545-555,570-574,579-588
name=unknown_K
#
# <colnr> <probs for GDERKNQSTAVLIFYWHMCP>
#	G	D	E	R	K	N	Q	S	T	A	V	L	I	F	Y	W	H	M	C	P
0	0.01541	0.21142	0.04263	0.13780	0.08163	0.20048	0.04358	0.03814	0.06533	0.05051	0.01033	0.01222	0.00828	0.00568	0.00563	0.00157	0.05506	0.00422	0.00302	0.00708
1	0.84691	0.01054	0.00801	0.00717	0.01054	0.01223	0.00590	0.01603	0.00928	0.02446	0.00759	0.00886	0.00590	0.00506	0.00337	0.00169	0.00422	0.00295	0.00337	0.00590
2	0.08981	0.00937	0.01151	0.00916	0.01278	0.00886	0.00747	0.11144	0.01599	0.47586	0.10648	0.02139	0.05536	0.00743	0.00541	0.00168	0.00437	0.00599	0.03149	0.00816
3	0.00676	0.00479	0.00629	0.00744	0.00773	0.00451	0.00490	0.00762	0.01021	0.01361	0.02888	0.73531	0.03459	0.08862	0.00884	0.00249	0.00335	0.01481	0.00490	0.00433
4	0.67014	0.01134	0.05335	0.00886	0.04181	0.01167	0.00727	0.01660	0.01025	0.07600	0.04369	0.01132	0.00868	0.00545	0.00384	0.00169	0.00448	0.00358	0.00364	0.00634
5	0.09970	0.01328	0.01381	0.01139	0.01511	0.01501	0.00918	0.37172	0.34000	0.02844	0.01643	0.01577	0.01209	0.00676	0.00529	0.00173	0.00510	0.00525	0.00529	0.00866
6	0.01233	0.00892	0.01391	0.30320	0.16429	0.00950	0.01133	0.01500	0.01200	0.13855	0.01842	0.14683	0.06341	0.00804	0.00567	0.00180	0.00548	0.00714	0.04754	0.00665
7	0.01096	0.00717	0.00921	0.00846	0.01018	0.00752	0.02280	0.01451	0.11235	0.10980	0.03733	0.03903	0.09093	0.13564	0.24038	0.00434	0.02300	0.01861	0.09202	0.00577
8	0.01228	0.01181	0.02004	0.13313	0.46897	0.01239	0.07478	0.01571	0.03290	0.01690	0.02840	0.05285	0.03010	0.00624	0.00644	0.00176	0.05892	0.00579	0.00296	0.00762
9	0.00691	0.00528	0.00639	0.00699	0.00807	0.00476	0.00511	0.00835	0.01195	0.01535	0.12285	0.36576	0.30940	0.01500	0.00677	0.00205	0.00313	0.08609	0.00516	0.00463
10	0.01233	0.01269	0.01782	0.01496	0.01549	0.04699	0.06799	0.01379	0.00897	0.01346	0.00750	0.01205	0.00724	0.00901	0.01651	0.00231	0.70754	0.00485	0.00243	0.00608
11	0.01614	0.01240	0.07177	0.01038	0.01388	0.05473	0.00883	0.11727	0.25027	0.18672	0.07438	0.01925	0.01594	0.00701	0.00529	0.00167	0.00484	0.00567	0.11560	0.00795
12	0.00955	0.00969	0.07414	0.10327	0.04747	0.02393	0.08315	0.01242	0.01313	0.03480	0.28030	0.09949	0.12163	0.00984	0.00645	0.00183	0.02113	0.03747	0.00446	0.00585
13	0.04651	0.01302	0.07640	0.08882	0.40527	0.01158	0.02524	0.02769	0.02752	0.01806	0.01023	0.01288	0.00831	0.00482	0.00500	0.00146	0.00599	0.00439	0.00290	0.20390
14	0.20620	0.27126	0.22693	0.01094	0.01599	0.07283	0.01146	0.04804	0.01190	0.04827	0.00926	0.01044	0.00723	0.00517	0.00420	0.00150	0.00625	0.00351	0.02149	0.00713
15	0.00681	0.00486	0.00652	0.00778	0.00817	0.00457	0.00535	0.00788	0.01060	0.01410	0.02996	0.74674	0.03569	0.01692	0.00700	0.00224	0.00331	0.07195	0.00506	0.00447
16	0.02037	0.02598	0.01545	0.01404	0.01685	0.78652	0.01053	0.02177	0.01545	0.01334	0.00843	0.00983	0.00702	0.00562	0.00492	0.00140	0.00983	0.00351	0.00281	0.00632
