[name]
unknown

[dist]
# distance from previous block
# <min> <max>
0	159

[block]
# block no. 0 follows, 43 sequences, length 13
# corresponding to MSA columns:
# 165-177
name=unknown_A
#
# <colnr> <probs for GDERKNQSTAVLIFYWHMCP>
#	G	D	E	R	K	N	Q	S	T	A	V	L	I	F	Y	W	H	M	C	P
0	0.01070	0.00761	0.00960	0.01024	0.01191	0.03208	0.00881	0.04914	0.01367	0.06003	0.02861	0.05549	0.06114	0.01403	0.00729	0.00239	0.00519	0.60135	0.00515	0.00558
1	0.01291	0.28168	0.24748	0.01173	0.01635	0.10116	0.01214	0.04317	0.01236	0.01558	0.01359	0.15987	0.01342	0.00775	0.00508	0.00164	0.00654	0.02751	0.00313	0.00689
2	0.01512	0.17219	0.05758	0.10565	0.09165	0.21301	0.09698	0.03539	0.01336	0.04133	0.04772	0.01450	0.01061	0.03551	0.00596	0.00169	0.00741	0.00473	0.02266	0.00693
3	0.00694	0.00550	0.00625	0.00633	0.00779	0.00480	0.00464	0.00862	0.01317	0.01689	0.25398	0.16734	0.45056	0.01378	0.00662	0.00189	0.00281	0.01185	0.00541	0.00480
4	0.01594	0.03649	0.13571	0.03733	0.11585	0.11158	0.10917	0.18153	0.10909	0.04364	0.01250	0.01387	0.00942	0.00600	0.00600	0.00172	0.03724	0.00499	0.00377	0.00817
5	0.07309	0.25882	0.19388	0.01385	0.05686	0.16543	0.06142	0.03929	0.01286	0.03267	0.01099	0.01237	0.03521	0.00552	0.00472	0.00152	0.00724	0.00411	0.00287	0.00728
6	0.00838	0.00581	0.00738	0.00728	0.00872	0.00530	0.00556	0.01056	0.01424	0.05413	0.44191	0.13076	0.17645	0.01271	0.00667	0.00191	0.00308	0.08816	0.00574	0.00522
7	0.01404	0.01183	0.05823	0.13570	0.11617	0.02943	0.04016	0.12716	0.06571	0.09858	0.04041	0.04117	0.03270	0.03926	0.04499	0.04573	0.02200	0.02552	0.00405	0.00718
8	0.00772	0.00588	0.00746	0.00788	0.03049	0.00552	0.00553	0.00999	0.03336	0.01802	0.35126	0.20184	0.18702	0.04496	0.03745	0.00231	0.00358	0.02931	0.00534	0.00507
9	0.29836	0.01179	0.02753	0.02935	0.04874	0.03990	0.06982	0.13226	0.05130	0.05666	0.14119	0.04053	0.01665	0.00697	0.00509	0.00174	0.00515	0.00563	0.00438	0.00696
10	0.04359	0.01262	0.11096	0.06285	0.07869	0.00987	0.01017	0.03941	0.07999	0.09577	0.01335	0.05347	0.01079	0.00579	0.00491	0.00139	0.00515	0.00480	0.00381	0.35263
11	0.00818	0.00504	0.00609	0.00675	0.00747	0.00489	0.00469	0.00980	0.01101	0.01665	0.05305	0.43262	0.02762	0.04014	0.03674	0.00224	0.00348	0.01104	0.30775	0.00475
12	0.03518	0.02553	0.01402	0.02538	0.09719	0.01128	0.02953	0.04042	0.26944	0.07329	0.03366	0.01649	0.01281	0.00607	0.00536	0.00151	0.02270	0.00505	0.02943	0.24566

[dist]
# distance from previous block
# <min> <max>
1	2

[block]
# block no. 1 follows, 43 sequences, length 60
# corresponding to MSA columns:
# 180-215,275-279,294-297,303-317
name=unknown_B
#
# <colnr> <probs for GDERKNQSTAVLIFYWHMCP>
#	G	D	E	R	K	N	Q	S	T	A	V	L	I	F	Y	W	H	M	C	P
0	0.02105	0.01551	0.01662	0.01274	0.01717	0.01717	0.01053	0.75235	0.02604	0.03490	0.01330	0.01330	0.00942	0.00665	0.00554	0.00166	0.00609	0.00499	0.00554	0.00942
1	0.01418	0.05971	0.01624	0.01581	0.18260	0.13125	0.04705	0.01663	0.01287	0.07193	0.01423	0.04019	0.04466	0.00619	0.00512	0.00141	0.00595	0.04037	0.00351	0.27011
2	0.00815	0.00569	0.00813	0.00813	0.00881	0.00636	0.00596	0.00920	0.00853	0.01205	0.01471	0.02401	0.01457	0.18896	0.54218	0.10929	0.01175	0.00621	0.00297	0.00432
3	0.00718	0.00536	0.00668	0.00700	0.00808	0.00487	0.00505	0.00892	0.01308	0.01751	0.32206	0.31845	0.20947	0.01421	0.00676	0.00197	0.00293	0.03005	0.00551	0.00484
4	0.01254	0.01206	0.02048	0.29195	0.38508	0.01300	0.08118	0.01719	0.07873	0.01716	0.01137	0.01480	0.00899	0.00535	0.00561	0.00175	0.00691	0.00519	0.00291	0.00775
5	0.01170	0.00979	0.01135	0.00819	0.01294	0.00755	0.00655	0.03415	0.01189	0.01862	0.01030	0.01194	0.00850	0.00427	0.00413	0.00086	0.00409	0.00341	0.03991	0.77985
6	0.00861	0.00621	0.00849	0.07527	0.01077	0.00638	0.02685	0.00986	0.01012	0.02785	0.10970	0.10263	0.02403	0.40943	0.09430	0.00436	0.00604	0.05081	0.00389	0.00442
7	0.01146	0.01152	0.05465	0.59643	0.05494	0.01278	0.04718	0.04951	0.07571	0.01630	0.01116	0.01503	0.00835	0.00569	0.00557	0.00183	0.00717	0.00507	0.00289	0.00676
8	0.00805	0.00559	0.00723	0.00790	0.00887	0.00526	0.00592	0.00962	0.01197	0.03836	0.12408	0.34239	0.12758	0.08028	0.00878	0.00245	0.00378	0.19191	0.00515	0.00481
9	0.01317	0.01485	0.09117	0.05763	0.06594	0.13899	0.01154	0.05892	0.07090	0.01623	0.01236	0.06547	0.01122	0.03117	0.09012	0.00274	0.21930	0.00559	0.01607	0.00663
10	0.00794	0.00581	0.00826	0.00826	0.00903	0.00658	0.00612	0.00948	0.00871	0.01238	0.01542	0.02500	0.01525	0.21245	0.61443	0.00811	0.01272	0.00641	0.00305	0.00459
11	0.01308	0.01397	0.08702	0.11812	0.14858	0.06408	0.06434	0.05877	0.22544	0.01989	0.09592	0.01935	0.03341	0.00680	0.00569	0.00177	0.00610	0.00596	0.00406	0.00768
12	0.01260	0.01501	0.06581	0.02201	0.02747	0.01340	0.67305	0.01715	0.01292	0.01755	0.01304	0.03834	0.03192	0.00534	0.00649	0.00187	0.00891	0.00684	0.00292	0.00733
13	0.01890	0.22835	0.01878	0.01255	0.01586	0.49914	0.01011	0.02048	0.01424	0.05766	0.00930	0.01053	0.00768	0.00565	0.00500	0.00141	0.03081	0.00360	0.02321	0.00673
14	0.78099	0.04845	0.03199	0.00764	0.01127	0.01288	0.00659	0.01633	0.00958	0.02408	0.00778	0.00907	0.00608	0.00513	0.00349	0.00169	0.00448	0.00303	0.00335	0.00611
15	0.01188	0.01113	0.04600	0.10424	0.26731	0.01105	0.01172	0.01806	0.19428	0.03363	0.15579	0.02343	0.07283	0.00750	0.00579	0.00176	0.00517	0.00665	0.00426	0.00753
16	0.01304	0.10684	0.21124	0.08620	0.22368	0.01405	0.15117	0.05287	0.01278	0.01781	0.01020	0.01284	0.00796	0.00503	0.00534	0.00163	0.00732	0.00471	0.00275	0.05254
17	0.01318	0.01262	0.02152	0.15795	0.65101	0.01302	0.01673	0.01653	0.01236	0.01745	0.01032	0.01388	0.00855	0.00503	0.00549	0.00168	0.00671	0.00493	0.00270	0.00834
18	0.01448	0.06710	0.01590	0.02927	0.05520	0.09180	0.07995	0.16639	0.14944	0.03840	0.01948	0.03743	0.10000	0.03418	0.07386	0.00244	0.00680	0.00628	0.00428	0.00732
19	0.00962	0.00481	0.00722	0.00722	0.00722	0.00481	0.00481	0.00722	0.00722	0.00962	0.00962	0.01684	0.00962	0.01924	0.02165	0.83886	0.00481	0.00481	0.00241	0.00241
20	0.01481	0.80869	0.02902	0.00948	0.01421	0.02191	0.00948	0.01658	0.01125	0.01303	0.00770	0.00888	0.00711	0.00474	0.00355	0.00118	0.00592	0.00296	0.00237	0.00711
21	0.00764	0.00529	0.00678	0.00727	0.00786	0.00525	0.00500	0.00888	0.01046	0.01454	0.10214	0.33093	0.04928	0.19964	0.13505	0.00390	0.00548	0.02820	0.06195	0.00445
22	0.00805	0.00595	0.00759	0.00820	0.00942	0.00567	0.00644	0.03164	0.01297	0.01701	0.15019	0.26491	0.17395	0.01476	0.00704	0.00218	0.00378	0.25996	0.00529	0.00500
23	0.03237	0.03970	0.06874	0.28094	0.28590	0.01258	0.05915	0.01541	0.02410	0.01638	0.01413	0.01721	0.07375	0.00611	0.00591	0.00177	0.03031	0.00546	0.00287	0.00722
24	0.04622	0.00821	0.01008	0.03113	0.01203	0.00828	0.03927	0.01640	0.18765	0.08684	0.21713	0.03544	0.22335	0.01023	0.00614	0.00185	0.00389	0.04405	0.00539	0.00643
25	0.04054	0.01188	0.01642	0.01412	0.01427	0.01650	0.01175	0.01333	0.00853	0.01371	0.00751	0.01230	0.00743	0.01050	0.04081	0.00259	0.74449	0.00482	0.00247	0.00602
26	0.01459	0.63878	0.06009	0.01035	0.01508	0.05802	0.02823	0.01666	0.01150	0.01376	0.00808	0.00948	0.00722	0.00486	0.00412	0.00124	0.02265	0.00319	0.00247	0.06962
27	0.05461	0.01532	0.01628	0.01252	0.01691	0.01698	0.01034	0.72235	0.02536	0.03449	0.01307	0.01312	0.00928	0.00659	0.00545	0.00166	0.00602	0.00491	0.00545	0.00928
28	0.00778	0.00566	0.00733	0.00691	0.00824	0.00520	0.00518	0.01035	0.01555	0.02190	0.73771	0.04188	0.08263	0.01144	0.00653	0.00175	0.00262	0.01009	0.00606	0.00520
29	0.05654	0.01193	0.01351	0.01072	0.01465	0.01246	0.00875	0.31901	0.11681	0.28180	0.01870	0.01754	0.03491	0.00698	0.00541	0.00170	0.00504	0.00547	0.04925	0.00882
30	0.00681	0.00562	0.00598	0.00589	0.00765	0.00479	0.00442	0.00847	0.01326	0.01646	0.20356	0.05083	0.62018	0.01347	0.00654	0.00184	0.00277	0.01134	0.00534	0.00479
31	0.00687	0.00519	0.00631	0.00694	0.00786	0.00467	0.00484	0.00817	0.01187	0.01545	0.14156	0.45560	0.25788	0.03091	0.00725	0.00213	0.00305	0.01357	0.00524	0.00463
32	0.00701	0.00566	0.00627	0.00646	0.00799	0.00500	0.00479	0.00888	0.03086	0.01601	0.14140	0.18252	0.50294	0.01415	0.00665	0.00195	0.00297	0.03838	0.00528	0.00483
33	0.00804	0.00574	0.00747	0.00747	0.00788	0.00624	0.00508	0.00890	0.00853	0.01181	0.01680	0.06740	0.01812	0.44360	0.32655	0.00654	0.02896	0.00751	0.00327	0.00411
34	0.02047	0.05562	0.01619	0.01409	0.01701	0.75469	0.01066	0.02191	0.01553	0.01353	0.00853	0.00995	0.00713	0.00567	0.00494	0.00142	0.00984	0.00354	0.00284	0.00645
35	0.01133	0.00940	0.01064	0.01014	0.04382	0.00996	0.00745	0.05978	0.34305	0.02179	0.22036	0.03053	0.15178	0.00933	0.00596	0.00178	0.00384	0.00792	0.00546	0.03568
36	0.01658	0.04726	0.01464	0.01166	0.01524	0.03817	0.00933	0.30122	0.40311	0.02646	0.01782	0.01759	0.01348	0.03439	0.00627	0.00187	0.00530	0.00562	0.00530	0.00869
37	0.01185	0.01058	0.01653	0.63813	0.03388	0.01273	0.02924	0.11715	0.01326	0.01715	0.01208	0.01600	0.03612	0.00599	0.00560	0.00182	0.00707	0.00522	0.00300	0.00658
38	0.01361	0.06821	0.03758	0.08428	0.26774	0.08223	0.22029	0.01689	0.01236	0.01661	0.01030	0.01362	0.00838	0.00548	0.00669	0.00173	0.07989	0.00511	0.04154	0.00745
39	0.01262	0.00888	0.01235	0.01439	0.20052	0.00879	0.00883	0.08317	0.03377	0.09206	0.31316	0.02627	0.02749	0.00808	0.00568	0.00165	0.00416	0.00708	0.12408	0.00697
40	0.00735	0.00513	0.00648	0.00720	0.00754	0.00491	0.00471	0.00820	0.01030	0.01383	0.09018	0.46005	0.03246	0.27234	0.01389	0.00323	0.00393	0.03944	0.00464	0.00421
41	0.00766	0.00583	0.00711	0.00667	0.00827	0.00517	0.00502	0.00995	0.01471	0.02016	0.55137	0.04319	0.23594	0.01172	0.00643	0.00174	0.00273	0.01016	0.00573	0.04044
42	0.00778	0.00520	0.00635	0.00683	0.00727	0.00503	0.00448	0.00879	0.01041	0.01453	0.10998	0.32913	0.02994	0.30847	0.01456	0.00326	0.00394	0.03288	0.08694	0.00424
43	0.00784	0.00566	0.00740	0.00697	0.00827	0.00523	0.00523	0.01045	0.01568	0.02221	0.76789	0.04137	0.05226	0.01132	0.00653	0.00174	0.00261	0.01002	0.00610	0.00523
44	0.01291	0.01229	0.02060	0.21947	0.55738	0.01298	0.01624	0.01684	0.04508	0.01735	0.01081	0.01427	0.00879	0.00520	0.00550	0.00170	0.00668	0.00499	0.00280	0.00813
45	0.01307	0.01494	0.03268	0.02334	0.02894	0.01401	0.75070	0.01774	0.01307	0.01774	0.01120	0.01494	0.00840	0.00467	0.00654	0.00187	0.00934	0.00654	0.00280	0.00747
46	0.00798	0.00537	0.00618	0.00624	0.00629	0.00539	0.00359	0.00811	0.00821	0.01099	0.01798	0.07316	0.02069	0.73562	0.05793	0.00536	0.00565	0.00834	0.00343	0.00348
47	0.01046	0.00984	0.01661	0.79205	0.03814	0.01230	0.01538	0.01415	0.01107	0.01415	0.00984	0.01477	0.00738	0.00554	0.00554	0.00185	0.00738	0.00492	0.00246	0.00615
48	0.01211	0.00982	0.01155	0.00828	0.01317	0.00742	0.00664	0.01455	0.01169	0.05333	0.01040	0.01183	0.00846	0.00423	0.00417	0.00086	0.00413	0.00339	0.00345	0.80053
49	0.06239	0.00980	0.01278	0.01000	0.01414	0.00857	0.00814	0.02564	0.01580	0.67359	0.05797	0.02016	0.01568	0.00736	0.00577	0.00182	0.00481	0.00581	0.00675	0.03303
50	0.00937	0.00631	0.00804	0.00761	0.00901	0.00575	0.00559	0.01149	0.01530	0.06187	0.61710	0.10087	0.06228	0.04437	0.00769	0.00206	0.00315	0.01035	0.00613	0.00567
51	0.00866	0.00637	0.00896	0.00893	0.00983	0.00710	0.00668	0.01013	0.00923	0.01321	0.01587	0.02481	0.01540	0.15795	0.66015	0.00841	0.01352	0.00646	0.00326	0.00507
52	0.01138	0.00770	0.01012	0.00976	0.01135	0.00789	0.00767	0.03800	0.01215	0.09771	0.03831	0.15828	0.05668	0.05752	0.18866	0.00396	0.06816	0.16321	0.00467	0.04680
53	0.19142	0.01235	0.01200	0.01019	0.01351	0.07578	0.00809	0.16758	0.10891	0.16241	0.01585	0.01644	0.01176	0.00853	0.04325	0.00212	0.00573	0.00501	0.12119	0.00788
54	0.04474	0.01517	0.17203	0.03733	0.04960	0.03808	0.08670	0.13433	0.05829	0.04245	0.03095	0.08904	0.04900	0.04068	0.00688	0.00207	0.00632	0.03383	0.05501	0.00750
55	0.00994	0.00766	0.00845	0.00810	0.00960	0.04059	0.00604	0.03621	0.01359	0.03693	0.22500	0.13173	0.26491	0.01325	0.00847	0.06965	0.04257	0.02561	0.03625	0.00544
56	0.05443	0.01530	0.18039	0.04798	0.08974	0.01139	0.01196	0.06121	0.03842	0.05714	0.01159	0.01354	0.00910	0.00575	0.00584	0.00155	0.05130	0.00432	0.00357	0.32547
57	0.02577	0.09469	0.25775	0.13553	0.06800	0.01288	0.02998	0.04704	0.03853	0.08745	0.03517	0.01529	0.01065	0.00739	0.03450	0.00201	0.00709	0.00485	0.00353	0.08191
58	0.01500	0.13129	0.14067	0.03067	0.12357	0.05837	0.04115	0.10389	0.03428	0.05812	0.04516	0.01615	0.01172	0.04184	0.03459	0.00223	0.09468	0.00517	0.00363	0.00782
59	0.07479	0.19419	0.12266	0.01462	0.11036	0.05181	0.06156	0.01645	0.04345	0.02742	0.01361	0.01712	0.04711	0.07067	0.00850	0.03880	0.05343	0.00513	0.02122	0.00709

[dist]
# distance from previous block
# <min> <max>
3	44

[block]
# block no. 2 follows, 43 sequences, length 23
# corresponding to MSA columns:
# 370-392
name=unknown_C
#
# <colnr> <probs for GDERKNQSTAVLIFYWHMCP>
#	G	D	E	R	K	N	Q	S	T	A	V	L	I	F	Y	W	H	M	C	P
0	0.01502	0.50234	0.07632	0.01075	0.01488	0.04538	0.01010	0.06368	0.01284	0.04167	0.01259	0.11875	0.01222	0.00740	0.00524	0.00161	0.03313	0.00534	0.00338	0.00737
1	0.01302	0.01190	0.04343	0.01220	0.01541	0.02897	0.09544	0.06529	0.29654	0.02102	0.03957	0.15414	0.01936	0.00918	0.00615	0.00195	0.00528	0.03606	0.04022	0.08488
2	0.03488	0.11141	0.07461	0.01966	0.23804	0.02982	0.11364	0.04692	0.06562	0.04595	0.02921	0.01491	0.01064	0.00587	0.00575	0.00169	0.02310	0.00502	0.00355	0.11969
3	0.01416	0.01363	0.08116	0.04437	0.40819	0.01201	0.09659	0.01723	0.01286	0.07536	0.01320	0.01810	0.01112	0.02489	0.03329	0.01806	0.00714	0.03957	0.00344	0.05561
4	0.03806	0.00850	0.04579	0.00948	0.01141	0.00796	0.00757	0.01150	0.01038	0.01548	0.04297	0.12710	0.01743	0.06544	0.37330	0.00538	0.05020	0.00707	0.00366	0.14132
5	0.01289	0.03102	0.01333	0.01087	0.06290	0.04629	0.00797	0.03072	0.01250	0.01846	0.01269	0.01455	0.04460	0.00544	0.00509	0.00117	0.02686	0.00413	0.00357	0.63493
6	0.16672	0.00971	0.01140	0.04193	0.01387	0.00891	0.00741	0.04372	0.01316	0.28108	0.03318	0.05259	0.01216	0.00620	0.00480	0.00145	0.00447	0.00491	0.00474	0.27757
7	0.01685	0.04925	0.09918	0.01450	0.09482	0.05070	0.01154	0.37079	0.05036	0.04659	0.04354	0.05331	0.03088	0.00722	0.00599	0.00171	0.03422	0.00567	0.00456	0.00832
8	0.01317	0.04391	0.07631	0.01014	0.02871	0.08177	0.00823	0.03959	0.04185	0.16070	0.08013	0.28182	0.08912	0.01095	0.00606	0.00187	0.00481	0.00939	0.00495	0.00653
9	0.75116	0.01056	0.00868	0.00758	0.01110	0.01194	0.00624	0.01750	0.01016	0.11022	0.00932	0.01012	0.00688	0.00534	0.00367	0.00171	0.00433	0.00329	0.00382	0.00639
10	0.00752	0.00561	0.00699	0.00724	0.00849	0.00521	0.00550	0.00945	0.01304	0.01741	0.28304	0.17538	0.23229	0.03028	0.04460	0.00238	0.00377	0.11570	0.02123	0.00489
11	0.01475	0.01177	0.01269	0.01117	0.01438	0.01332	0.00880	0.10541	0.59535	0.06202	0.04830	0.02180	0.01766	0.00776	0.00572	0.00186	0.00454	0.02838	0.00569	0.00863
12	0.00745	0.00551	0.00761	0.00818	0.00886	0.00574	0.00595	0.00891	0.01028	0.01408	0.06400	0.38249	0.05330	0.05844	0.28253	0.00471	0.02201	0.04095	0.00430	0.00471
13	0.01111	0.02865	0.77667	0.01579	0.02397	0.01286	0.02046	0.01754	0.01169	0.01754	0.00994	0.01169	0.00702	0.00526	0.00526	0.00175	0.00818	0.00409	0.00234	0.00818
14	0.00702	0.00491	0.00653	0.00765	0.00799	0.00462	0.00513	0.00787	0.01050	0.01402	0.04612	0.69287	0.03488	0.05779	0.00878	0.03786	0.00342	0.03271	0.00495	0.00438
15	0.01032	0.00516	0.00516	0.00516	0.00645	0.00516	0.00387	0.01290	0.01161	0.02065	0.01807	0.02065	0.01420	0.00645	0.00387	0.00129	0.00258	0.00516	0.83611	0.00516
16	0.02433	0.01026	0.01337	0.01025	0.01456	0.00938	0.00847	0.12678	0.01725	0.67288	0.02067	0.01809	0.01312	0.00683	0.00557	0.00171	0.00490	0.00549	0.00667	0.00942
17	0.84448	0.01071	0.00814	0.00728	0.01071	0.01242	0.00600	0.01628	0.00943	0.02485	0.00771	0.00900	0.00600	0.00514	0.00343	0.00171	0.00428	0.00300	0.00343	0.00600
18	0.00672	0.00541	0.00601	0.00642	0.00780	0.00470	0.00467	0.00807	0.01212	0.01496	0.06525	0.27048	0.51246	0.01497	0.00674	0.00200	0.00300	0.03842	0.00516	0.00465
19	0.00775	0.00572	0.00728	0.00708	0.00847	0.00526	0.00544	0.01017	0.01491	0.02052	0.58374	0.04533	0.16095	0.01214	0.00665	0.00184	0.00289	0.08288	0.00585	0.00513
20	0.01481	0.80869	0.02902	0.00948	0.01421	0.02191	0.00948	0.01658	0.01125	0.01303	0.00770	0.00888	0.00711	0.00474	0.00355	0.00118	0.00592	0.00296	0.00237	0.00711
21	0.01352	0.01316	0.02301	0.06448	0.68432	0.01319	0.07255	0.01694	0.01258	0.01790	0.01045	0.01384	0.00869	0.00494	0.00556	0.00167	0.00682	0.00506	0.00273	0.00857
22	0.01549	0.21583	0.01765	0.01186	0.06024	0.20187	0.00915	0.03361	0.04921	0.05227	0.02441	0.02899	0.00981	0.00547	0.00455	0.00127	0.00619	0.00405	0.00334	0.24473

[dist]
# distance from previous block
# <min> <max>
0	1

[block]
# block no. 3 follows, 43 sequences, length 31
# corresponding to MSA columns:
# 394-424
name=unknown_D
#
# <colnr> <probs for GDERKNQSTAVLIFYWHMCP>
#	G	D	E	R	K	N	Q	S	T	A	V	L	I	F	Y	W	H	M	C	P
0	0.06750	0.00999	0.05167	0.01821	0.29909	0.00912	0.02827	0.01310	0.01174	0.01725	0.02116	0.23833	0.08299	0.00980	0.00589	0.00187	0.00498	0.04423	0.05826	0.00657
1	0.04623	0.03943	0.01530	0.01187	0.04359	0.01406	0.00936	0.43348	0.04990	0.02788	0.01219	0.01279	0.00915	0.00577	0.00499	0.00141	0.00540	0.00441	0.00461	0.24816
2	0.00763	0.00552	0.00705	0.00751	0.00846	0.00504	0.00522	0.00892	0.02761	0.01511	0.10567	0.50155	0.10018	0.01538	0.00811	0.08244	0.00336	0.01257	0.00485	0.06782
3	0.01242	0.01938	0.37402	0.01296	0.01829	0.07121	0.05048	0.01760	0.06412	0.08359	0.13720	0.02118	0.07912	0.00726	0.00567	0.00175	0.00648	0.00603	0.00385	0.00739
4	0.01214	0.06926	0.59330	0.01600	0.05179	0.01309	0.05735	0.01768	0.01203	0.05515	0.03013	0.01292	0.00868	0.00551	0.00553	0.00173	0.02253	0.00443	0.00271	0.00805
5	0.00768	0.00606	0.00644	0.00633	0.00825	0.00533	0.00481	0.00992	0.05069	0.04120	0.09188	0.07360	0.61772	0.01345	0.00652	0.00189	0.00303	0.03486	0.00528	0.00508
6	0.02485	0.00943	0.01285	0.00985	0.01414	0.00814	0.00814	0.02699	0.01585	0.77465	0.02185	0.01885	0.01371	0.00685	0.00557	0.00171	0.00471	0.00557	0.00685	0.00943
7	0.01340	0.01045	0.01806	0.29909	0.13612	0.01099	0.14946	0.01681	0.01242	0.12188	0.01320	0.01618	0.00978	0.00562	0.00544	0.00171	0.00647	0.00535	0.14048	0.00707
8	0.02602	0.19447	0.30228	0.01613	0.07888	0.01493	0.13039	0.05458	0.04476	0.04257	0.01142	0.01417	0.00900	0.00559	0.00520	0.00166	0.00719	0.02988	0.00301	0.00787
9	0.01111	0.02865	0.77667	0.01579	0.02397	0.01286	0.02046	0.01754	0.01169	0.01754	0.00994	0.01169	0.00702	0.00526	0.00526	0.00175	0.00818	0.00409	0.00234	0.00818
10	0.00891	0.00588	0.00732	0.00699	0.00857	0.00526	0.00522	0.01097	0.01428	0.08712	0.42948	0.13959	0.22481	0.01236	0.00652	0.00184	0.00293	0.01076	0.00581	0.00537
11	0.00786	0.00590	0.00856	0.03895	0.05223	0.00574	0.02573	0.00911	0.02257	0.01432	0.04241	0.57571	0.04745	0.03111	0.00859	0.07754	0.00390	0.01299	0.00459	0.00475
12	0.01111	0.02865	0.77667	0.01579	0.02397	0.01286	0.02046	0.01754	0.01169	0.01754	0.00994	0.01169	0.00702	0.00526	0.00526	0.00175	0.00818	0.00409	0.00234	0.00818
13	0.01111	0.02865	0.77667	0.01579	0.02397	0.01286	0.02046	0.01754	0.01169	0.01754	0.00994	0.01169	0.00702	0.00526	0.00526	0.00175	0.00818	0.00409	0.00234	0.00818
14	0.01047	0.00590	0.00602	0.00592	0.00740	0.00606	0.00445	0.01439	0.09318	0.02055	0.02011	0.04551	0.03841	0.00713	0.00424	0.00140	0.00280	0.00581	0.69472	0.00552
15	0.84448	0.01071	0.00814	0.00728	0.01071	0.01242	0.00600	0.01628	0.00943	0.02485	0.00771	0.00900	0.00600	0.00514	0.00343	0.00171	0.00428	0.00300	0.00343	0.00600
16	0.00792	0.00592	0.00882	0.00882	0.00979	0.00688	0.00683	0.00984	0.00888	0.01280	0.01490	0.02214	0.01401	0.06188	0.76330	0.00881	0.01458	0.00599	0.00298	0.00490
17	0.01366	0.31927	0.13184	0.08881	0.15653	0.03151	0.05818	0.05403	0.01230	0.01604	0.00960	0.01249	0.00814	0.03645	0.00602	0.00168	0.02910	0.00425	0.00268	0.00743
18	0.00907	0.00592	0.00758	0.00715	0.00870	0.00539	0.00538	0.01130	0.01460	0.08738	0.51006	0.10902	0.15119	0.01269	0.02778	0.00200	0.00322	0.01027	0.00585	0.00545
19	0.01305	0.04034	0.09220	0.01136	0.07453	0.00933	0.00918	0.04772	0.01269	0.07590	0.03621	0.01323	0.01003	0.00487	0.00457	0.00113	0.00487	0.00396	0.00357	0.53128
20	0.01135	0.00826	0.03933	0.00856	0.01100	0.00725	0.00691	0.01487	0.07852	0.12941	0.33541	0.12374	0.05753	0.01003	0.00646	0.00173	0.03154	0.00860	0.00541	0.10411
21	0.01547	0.11137	0.25016	0.01329	0.01851	0.06452	0.03910	0.19396	0.14396	0.05093	0.01320	0.01387	0.00982	0.00709	0.02900	0.00189	0.00700	0.00471	0.00391	0.00826
22	0.01578	0.12560	0.01839	0.14676	0.21226	0.11964	0.01208	0.10231	0.01432	0.08870	0.01207	0.03238	0.00964	0.00589	0.00510	0.00158	0.00652	0.00480	0.05861	0.00757
23	0.00699	0.00508	0.00633	0.00719	0.00775	0.00472	0.00483	0.00796	0.01070	0.01399	0.04771	0.53500	0.14814	0.13448	0.01015	0.00265	0.00351	0.03352	0.00489	0.00439
24	0.01186	0.01867	0.30849	0.17970	0.15339	0.01320	0.17107	0.01663	0.01188	0.01681	0.01016	0.01336	0.00769	0.00531	0.00613	0.00180	0.03874	0.00494	0.00253	0.00763
25	0.01125	0.01314	0.12530	0.31999	0.25408	0.01189	0.04439	0.01497	0.01151	0.01586	0.01152	0.05386	0.00977	0.00877	0.06832	0.00236	0.00772	0.00549	0.00272	0.00711
26	0.00705	0.00559	0.00628	0.00618	0.00774	0.00488	0.00458	0.00882	0.01350	0.01736	0.30336	0.07649	0.47053	0.03435	0.00714	0.00193	0.00282	0.01116	0.00543	0.00483
27	0.01317	0.00965	0.01153	0.01082	0.04438	0.01007	0.02812	0.05687	0.30771	0.11728	0.02897	0.06179	0.17920	0.03917	0.00686	0.00202	0.00444	0.05525	0.00534	0.00735
28	0.01652	0.01390	0.05366	0.04799	0.01777	0.01439	0.06207	0.32928	0.25980	0.05387	0.03306	0.04406	0.01358	0.00715	0.00570	0.00178	0.00571	0.00596	0.00513	0.00860
29	0.04185	0.00639	0.00856	0.00830	0.00942	0.00706	0.00618	0.01138	0.03274	0.06006	0.01584	0.02444	0.01510	0.21597	0.50361	0.00713	0.01125	0.00630	0.00340	0.00501
30	0.01059	0.00970	0.01606	0.61059	0.05377	0.01178	0.03315	0.01414	0.03400	0.01444	0.01135	0.03618	0.00941	0.00707	0.00700	0.04754	0.03482	0.02961	0.00273	0.00606

[dist]
# distance from previous block
# <min> <max>
0	1

[block]
# block no. 4 follows, 43 sequences, length 23
# corresponding to MSA columns:
# 426-448
name=unknown_E
#
# <colnr> <probs for GDERKNQSTAVLIFYWHMCP>
#	G	D	E	R	K	N	Q	S	T	A	V	L	I	F	Y	W	H	M	C	P
0	0.59716	0.05496	0.01060	0.04429	0.01273	0.04416	0.00711	0.07418	0.01110	0.02304	0.00894	0.01118	0.00729	0.03714	0.03545	0.00210	0.00535	0.00357	0.00345	0.00621
1	0.00844	0.00630	0.00776	0.00720	0.00878	0.00598	0.00545	0.04015	0.04671	0.02184	0.61828	0.04089	0.13854	0.01132	0.00646	0.00176	0.00285	0.00987	0.00594	0.00547
2	0.67713	0.01112	0.00951	0.00812	0.01174	0.01254	0.00670	0.09793	0.01185	0.09652	0.00965	0.01040	0.00710	0.00547	0.00386	0.00171	0.00452	0.00346	0.00398	0.00670
3	0.01261	0.00905	0.01038	0.00921	0.01168	0.00947	0.00713	0.12152	0.22797	0.08595	0.25836	0.10487	0.08860	0.01001	0.00611	0.00183	0.00386	0.00856	0.00578	0.00706
4	0.01729	0.01457	0.06995	0.01263	0.01684	0.01476	0.04175	0.32764	0.32240	0.07612	0.01728	0.01660	0.01252	0.00683	0.00560	0.00177	0.00560	0.00554	0.00532	0.00898
5	0.68517	0.01082	0.00904	0.00792	0.01134	0.01234	0.00647	0.06162	0.05204	0.05377	0.03936	0.01155	0.00892	0.00567	0.00388	0.00172	0.00435	0.00367	0.00391	0.00646
6	0.06374	0.11104	0.05186	0.01106	0.01519	0.03617	0.02690	0.25148	0.10077	0.18301	0.01520	0.01501	0.01089	0.00631	0.00505	0.00161	0.00548	0.00486	0.07603	0.00832
7	0.01201	0.01120	0.03054	0.14296	0.34121	0.01119	0.05614	0.06730	0.01306	0.01799	0.03294	0.14174	0.03868	0.00769	0.00585	0.00178	0.00599	0.01904	0.00349	0.03920
8	0.01295	0.01420	0.02937	0.02141	0.02619	0.01393	0.61858	0.04048	0.01297	0.01774	0.01188	0.04032	0.00970	0.00582	0.00764	0.00194	0.08293	0.02171	0.00297	0.00726
9	0.01379	0.01155	0.01230	0.01135	0.03213	0.03727	0.00856	0.04420	0.55673	0.05310	0.04955	0.02221	0.04112	0.04140	0.02469	0.00215	0.01802	0.00644	0.00532	0.00812
10	0.00815	0.00605	0.00799	0.00868	0.00947	0.00620	0.00662	0.02344	0.01133	0.01505	0.04228	0.35494	0.07618	0.08918	0.04549	0.00290	0.04787	0.22864	0.00474	0.00480
11	0.00802	0.00550	0.00672	0.00672	0.00695	0.00574	0.00420	0.00849	0.00825	0.01124	0.01683	0.03282	0.01865	0.62496	0.20656	0.00620	0.00760	0.00755	0.00326	0.00373
12	0.00792	0.00591	0.00879	0.00879	0.00974	0.00686	0.00679	0.00982	0.00887	0.01278	0.01493	0.02231	0.01409	0.07081	0.75447	0.00877	0.01447	0.00602	0.00298	0.00488
13	0.01591	0.00768	0.00975	0.00820	0.01090	0.00713	0.00650	0.04006	0.04708	0.33266	0.27896	0.02686	0.02713	0.00835	0.00562	0.00166	0.00365	0.00705	0.14761	0.00722
14	0.01125	0.02667	0.68033	0.04874	0.02499	0.01294	0.08377	0.01742	0.01179	0.01742	0.01005	0.01210	0.00715	0.00522	0.00538	0.00177	0.00825	0.00434	0.00238	0.00804
15	0.00795	0.00564	0.00730	0.00688	0.00819	0.00522	0.00516	0.01056	0.01549	0.02214	0.73334	0.04042	0.05050	0.01110	0.00641	0.00172	0.00261	0.00979	0.04434	0.00522
16	0.01506	0.07083	0.01437	0.01145	0.01485	0.04634	0.00912	0.12015	0.58237	0.02353	0.01971	0.01843	0.01484	0.00713	0.00545	0.00178	0.00494	0.00575	0.00527	0.00863
17	0.01492	0.74894	0.05483	0.00990	0.01468	0.05297	0.00991	0.01685	0.01145	0.01321	0.00781	0.00903	0.00711	0.00480	0.00367	0.00121	0.00617	0.00303	0.00239	0.00712
18	0.01476	0.35142	0.25469	0.01225	0.01781	0.03431	0.04642	0.05780	0.01306	0.09380	0.04719	0.01288	0.01013	0.00556	0.00471	0.00150	0.00659	0.00420	0.00320	0.00771
19	0.01109	0.09941	0.01383	0.01161	0.01379	0.08498	0.07077	0.01361	0.01290	0.01598	0.02335	0.04734	0.02471	0.01229	0.00684	0.00223	0.00602	0.51924	0.00438	0.00565
20	0.01237	0.01193	0.01858	0.21136	0.39199	0.04167	0.02989	0.01536	0.01194	0.01639	0.01351	0.01682	0.06279	0.00626	0.00670	0.00176	0.08077	0.00540	0.03719	0.00732
21	0.04367	0.00732	0.00852	0.00770	0.00971	0.00723	0.00593	0.06831	0.08476	0.05179	0.46475	0.03712	0.16051	0.01064	0.00621	0.00177	0.00322	0.00911	0.00578	0.00597
22	0.18852	0.01545	0.05756	0.01199	0.01535	0.11693	0.01016	0.22860	0.07753	0.07145	0.01160	0.01264	0.00880	0.00674	0.00719	0.00180	0.14150	0.00446	0.00412	0.00761

[dist]
# distance from previous block
# <min> <max>
4	6

[block]
# block no. 5 follows, 43 sequences, length 23
# corresponding to MSA columns:
# 466-488
name=unknown_F
#
# <colnr> <probs for GDERKNQSTAVLIFYWHMCP>
#	G	D	E	R	K	N	Q	S	T	A	V	L	I	F	Y	W	H	M	C	P
0	0.01220	0.05728	0.27463	0.02550	0.01765	0.01194	0.06306	0.10931	0.01426	0.04332	0.17150	0.02071	0.05157	0.00866	0.03323	0.00202	0.06603	0.00608	0.00386	0.00719
1	0.04227	0.14591	0.63542	0.01452	0.02201	0.01421	0.01827	0.01735	0.01154	0.01713	0.00952	0.01117	0.00699	0.00518	0.00494	0.00167	0.00770	0.00388	0.00238	0.00794
2	0.63345	0.21369	0.01345	0.00784	0.01160	0.01484	0.00688	0.01636	0.00989	0.02184	0.00771	0.00897	0.00628	0.00504	0.00346	0.00158	0.00470	0.00299	0.00316	0.00628
3	0.01111	0.02865	0.77667	0.01579	0.02397	0.01286	0.02046	0.01754	0.01169	0.01754	0.00994	0.01169	0.00702	0.00526	0.00526	0.00175	0.00818	0.00409	0.00234	0.00818
4	0.00739	0.00544	0.00696	0.00778	0.00867	0.00514	0.00578	0.00887	0.01158	0.01510	0.07965	0.37426	0.17256	0.06318	0.03487	0.00263	0.00405	0.17641	0.00501	0.00466
5	0.00655	0.00561	0.00561	0.00561	0.00748	0.00468	0.00421	0.00795	0.01262	0.01496	0.05610	0.05330	0.76857	0.01403	0.00655	0.00187	0.00281	0.01169	0.00514	0.00468
6	0.01208	0.23294	0.58086	0.01413	0.02142	0.01523	0.01759	0.01729	0.01158	0.01636	0.00935	0.01096	0.00704	0.00512	0.00481	0.00160	0.00759	0.00380	0.00235	0.00790
7	0.00799	0.00588	0.00752	0.00714	0.00849	0.00553	0.00534	0.01103	0.04575	0.02167	0.68348	0.07528	0.07088	0.01152	0.00652	0.00177	0.00272	0.01017	0.00601	0.00532
8	0.00754	0.00563	0.00712	0.00689	0.00823	0.00521	0.00515	0.00979	0.01433	0.01971	0.53779	0.07758	0.18787	0.01443	0.06577	0.00234	0.00361	0.01030	0.00563	0.00506
9	0.01203	0.08034	0.54240	0.01645	0.08509	0.04846	0.01782	0.01735	0.02475	0.01679	0.00997	0.01208	0.00758	0.00665	0.03003	0.00195	0.05571	0.00420	0.00248	0.00786
10	0.00758	0.00575	0.00775	0.00912	0.04818	0.00547	0.00629	0.00919	0.01175	0.01558	0.10767	0.41515	0.14573	0.01668	0.05171	0.00254	0.00421	0.11974	0.00498	0.00494
11	0.01592	0.04099	0.01432	0.01075	0.01505	0.07709	0.00868	0.26337	0.13428	0.02392	0.01281	0.01331	0.00985	0.00564	0.00488	0.00133	0.00537	0.00433	0.00434	0.33379
12	0.00726	0.00595	0.00652	0.00701	0.00814	0.03052	0.00496	0.00861	0.01217	0.01540	0.12679	0.38834	0.32850	0.01493	0.00673	0.00201	0.00321	0.01305	0.00518	0.00472
13	0.02755	0.13276	0.16065	0.01416	0.07103	0.01366	0.07461	0.07407	0.05972	0.09111	0.01165	0.01302	0.00893	0.00570	0.00611	0.00157	0.07513	0.00445	0.00348	0.15065
14	0.04161	0.14494	0.52841	0.01546	0.05230	0.01435	0.05734	0.01789	0.04652	0.01741	0.01019	0.01184	0.00760	0.00524	0.00503	0.00167	0.00752	0.00415	0.00258	0.00795
15	0.05127	0.00878	0.01079	0.00887	0.01209	0.00823	0.00712	0.09444	0.03516	0.37733	0.16227	0.05244	0.12931	0.00897	0.00585	0.00176	0.00412	0.00745	0.00611	0.00766
16	0.01154	0.04907	0.08760	0.15253	0.22029	0.01135	0.07962	0.04159	0.01253	0.01713	0.01620	0.09786	0.03002	0.00804	0.00591	0.00187	0.00631	0.11172	0.03188	0.00694
17	0.01509	0.05929	0.18981	0.03636	0.22445	0.06065	0.05226	0.08807	0.09824	0.08263	0.01259	0.01399	0.00949	0.00578	0.00571	0.00170	0.02714	0.00484	0.00356	0.00833
18	0.00795	0.00551	0.00712	0.00759	0.00810	0.00564	0.00534	0.00904	0.00962	0.01313	0.02159	0.20270	0.02403	0.33128	0.17351	0.00484	0.00670	0.12044	0.03159	0.00425
19	0.01157	0.00683	0.00834	0.00785	0.00997	0.00624	0.00607	0.01425	0.06349	0.18883	0.12523	0.17377	0.27332	0.01232	0.00644	0.00194	0.00358	0.06820	0.00568	0.00610
20	0.01269	0.11976	0.11989	0.03859	0.06526	0.09555	0.06000	0.05608	0.01261	0.03447	0.04833	0.02088	0.01383	0.07034	0.14642	0.00324	0.00831	0.06386	0.00333	0.00656
21	0.01624	0.37948	0.05673	0.01461	0.08461	0.03679	0.11775	0.13917	0.01456	0.07579	0.01056	0.01182	0.00832	0.00527	0.00474	0.00147	0.00661	0.00425	0.00334	0.00789
22	0.17283	0.07642	0.28548	0.01436	0.09734	0.01253	0.04836	0.01697	0.04537	0.01916	0.03255	0.01259	0.00905	0.00525	0.00475	0.00156	0.00620	0.00416	0.00302	0.13205

[dist]
# distance from previous block
# <min> <max>
2	3

[block]
# block no. 6 follows, 43 sequences, length 20
# corresponding to MSA columns:
# 501-520
name=unknown_G
#
# <colnr> <probs for GDERKNQSTAVLIFYWHMCP>
#	G	D	E	R	K	N	Q	S	T	A	V	L	I	F	Y	W	H	M	C	P
0	0.01323	0.01342	0.04226	0.01315	0.05554	0.12040	0.11006	0.04210	0.09295	0.03303	0.01668	0.06866	0.06202	0.00691	0.00540	0.00151	0.00594	0.03209	0.00380	0.26084
1	0.01691	0.01400	0.01904	0.06985	0.34866	0.01499	0.01360	0.35790	0.04652	0.02583	0.01217	0.01384	0.00929	0.00586	0.00552	0.00167	0.00632	0.00501	0.00413	0.00891
2	0.01242	0.01053	0.01195	0.00903	0.01358	0.00912	0.00719	0.05566	0.15559	0.01991	0.01245	0.01334	0.00993	0.00489	0.00447	0.00107	0.00426	0.00394	0.00385	0.63681
3	0.07586	0.00890	0.01059	0.00903	0.01225	0.00824	0.00732	0.07007	0.04352	0.13426	0.10817	0.07434	0.02066	0.00864	0.00556	0.00164	0.00431	0.13859	0.00488	0.25316
4	0.47339	0.04188	0.03282	0.00906	0.01282	0.03535	0.00769	0.17146	0.01392	0.09299	0.01082	0.01154	0.00797	0.00569	0.00419	0.00165	0.00494	0.00381	0.05091	0.00709
5	0.00800	0.00542	0.00670	0.00704	0.00763	0.00526	0.00485	0.00926	0.01105	0.01534	0.18156	0.20382	0.03151	0.31295	0.01478	0.00329	0.00408	0.09770	0.06543	0.00434
6	0.00777	0.00588	0.00749	0.00777	0.00901	0.00547	0.02696	0.03129	0.01231	0.01621	0.08519	0.37962	0.24402	0.01454	0.00671	0.00206	0.00346	0.08055	0.04875	0.00492
7	0.00903	0.00633	0.00719	0.00720	0.00768	0.03217	0.00471	0.00964	0.00916	0.03935	0.01857	0.08907	0.02046	0.54455	0.12575	0.00519	0.00661	0.04961	0.00364	0.00408
8	0.35334	0.01125	0.01154	0.00933	0.01325	0.03488	0.00767	0.11674	0.01459	0.35410	0.01465	0.01390	0.00985	0.00610	0.00469	0.00170	0.00488	0.00440	0.00518	0.00796
9	0.00742	0.00527	0.00644	0.00678	0.00735	0.00498	0.00446	0.00845	0.01102	0.01481	0.19063	0.30321	0.09933	0.28820	0.01421	0.00318	0.00379	0.01146	0.00473	0.00428
10	0.01209	0.00916	0.01194	0.01077	0.01316	0.00942	0.06410	0.16343	0.09139	0.04634	0.04829	0.17001	0.09005	0.03046	0.00711	0.00215	0.00493	0.20355	0.00513	0.00650
11	0.00962	0.00481	0.00722	0.00722	0.00722	0.00481	0.00481	0.00722	0.00722	0.00962	0.00962	0.01684	0.00962	0.01924	0.02165	0.83886	0.00481	0.00481	0.00241	0.00241
12	0.00884	0.00671	0.00675	0.00666	0.00687	0.05439	0.00395	0.00900	0.00857	0.01099	0.01680	0.03407	0.01909	0.72787	0.05357	0.00525	0.00600	0.00770	0.00331	0.00361
13	0.06180	0.00702	0.00940	0.00894	0.00988	0.00758	0.03728	0.01068	0.00991	0.05384	0.02090	0.29574	0.04216	0.21086	0.08877	0.00360	0.10296	0.00972	0.00404	0.00494
14	0.01504	0.01436	0.04141	0.04620	0.05805	0.12816	0.15830	0.11453	0.06886	0.07451	0.08963	0.03961	0.01576	0.00748	0.00673	0.00182	0.05702	0.05108	0.00414	0.00731
15	0.06980	0.02136	0.03727	0.01506	0.06544	0.51119	0.04168	0.01943	0.01380	0.01477	0.00927	0.01163	0.00784	0.00909	0.07696	0.00223	0.05980	0.00406	0.00285	0.00648
16	0.01179	0.01056	0.01680	0.06234	0.44556	0.01060	0.01290	0.04091	0.01357	0.01885	0.14967	0.02603	0.07711	0.00778	0.00595	0.00177	0.00548	0.07112	0.00382	0.00739
17	0.06958	0.01014	0.02844	0.06079	0.08042	0.00974	0.00900	0.10049	0.04451	0.26770	0.08558	0.05970	0.01632	0.00831	0.02957	0.00190	0.00512	0.00603	0.04818	0.05846
18	0.06543	0.09045	0.05150	0.01250	0.07617	0.03933	0.05313	0.05855	0.05259	0.01870	0.01053	0.01235	0.00860	0.00613	0.02900	0.00152	0.03430	0.00400	0.00329	0.37195
19	0.04754	0.01323	0.04472	0.06141	0.36813	0.06526	0.01306	0.06315	0.05996	0.01835	0.01329	0.05772	0.02666	0.03431	0.02626	0.00202	0.04254	0.00561	0.00332	0.03347

[dist]
# distance from previous block
# <min> <max>
0	138

# created by:
# /home/cegg/simao/soft/augustus-3.2.1/scripts/msa2prfl.pl ./align_prep/EOG091G0Q7M.fa
