[name]
unknown

[dist]
# distance from previous block
# <min> <max>
0	48

[block]
# block no. 0 follows, 50 sequences, length 63
# corresponding to MSA columns:
# 48-110
name=unknown_A
#
# <colnr> <probs for GDERKNQSTAVLIFYWHMCP>
#	G	D	E	R	K	N	Q	S	T	A	V	L	I	F	Y	W	H	M	C	P
0	0.05359	0.01057	0.03211	0.01452	0.07183	0.00980	0.26858	0.01763	0.07326	0.20447	0.01520	0.03206	0.01223	0.00626	0.00538	0.00165	0.00577	0.09921	0.00393	0.06192
1	0.02461	0.01088	0.03242	0.01468	0.09456	0.02532	0.23509	0.06207	0.16366	0.03222	0.08009	0.10729	0.04836	0.00712	0.00571	0.00166	0.02320	0.00674	0.00380	0.02052
2	0.01445	0.02596	0.04533	0.02724	0.12908	0.01107	0.15145	0.19632	0.03025	0.13562	0.02788	0.04647	0.02508	0.00573	0.00504	0.00148	0.00551	0.00521	0.01783	0.09300
3	0.01359	0.01168	0.02785	0.08448	0.17352	0.05146	0.09359	0.04639	0.29429	0.10940	0.01499	0.03269	0.01141	0.00585	0.00511	0.00161	0.00543	0.00524	0.00397	0.00745
4	0.03037	0.10477	0.08396	0.05736	0.19698	0.01146	0.07175	0.08380	0.06217	0.05955	0.01619	0.08486	0.08942	0.00669	0.00517	0.00156	0.01796	0.00580	0.00340	0.00675
5	0.03288	0.04983	0.04452	0.01572	0.14135	0.22824	0.12281	0.12971	0.02947	0.01755	0.08820	0.01376	0.01139	0.00567	0.00551	0.00149	0.04737	0.00467	0.00321	0.00665
6	0.27293	0.01006	0.02242	0.00819	0.02456	0.08902	0.00642	0.04273	0.05836	0.17973	0.01328	0.02828	0.01015	0.03558	0.00482	0.00157	0.00432	0.00428	0.17715	0.00614
7	0.00599	0.00501	0.00522	0.00527	0.00682	0.00424	0.00391	0.00731	0.01145	0.01392	0.10563	0.09725	0.68563	0.01263	0.00592	0.00170	0.00254	0.01064	0.00469	0.00424
8	0.01253	0.01077	0.01134	0.01017	0.01301	0.01246	0.00792	0.04125	0.76976	0.02106	0.02012	0.01847	0.01508	0.00675	0.00507	0.00169	0.00398	0.00561	0.00507	0.00790
9	0.00605	0.00441	0.00571	0.00675	0.00718	0.00406	0.00454	0.00696	0.00973	0.01280	0.02980	0.74351	0.10953	0.01531	0.00631	0.00199	0.00285	0.01380	0.00463	0.00406
10	0.01270	0.01199	0.06939	0.17340	0.45679	0.01133	0.06873	0.02609	0.01152	0.09457	0.01037	0.01294	0.00799	0.00474	0.00501	0.00154	0.00615	0.00455	0.00281	0.00740
11	0.86003	0.00964	0.00733	0.00655	0.00964	0.01118	0.00540	0.01465	0.00848	0.02236	0.00694	0.00810	0.00540	0.00463	0.00308	0.00154	0.00386	0.00270	0.00308	0.00540
12	0.01895	0.01396	0.01496	0.01147	0.01546	0.01546	0.00947	0.77711	0.02344	0.03141	0.01197	0.01197	0.00848	0.00598	0.00499	0.00150	0.00548	0.00449	0.00499	0.00848
13	0.01999	0.00903	0.01153	0.00913	0.01272	0.00851	0.00744	0.06619	0.14037	0.59942	0.04753	0.01769	0.01386	0.00640	0.00505	0.00156	0.00419	0.00523	0.00590	0.00825
14	0.01160	0.11644	0.39078	0.01235	0.01762	0.01104	0.10101	0.01566	0.01166	0.10938	0.13970	0.01575	0.01393	0.00569	0.00490	0.00152	0.00603	0.00486	0.00320	0.00687
15	0.00630	0.00500	0.00571	0.00607	0.00728	0.00446	0.00445	0.00787	0.02779	0.01400	0.09981	0.28227	0.44123	0.01328	0.00607	0.00181	0.00277	0.05482	0.00470	0.00430
16	0.00674	0.00514	0.00623	0.00613	0.00748	0.00463	0.00471	0.00870	0.01287	0.01716	0.45111	0.04296	0.30945	0.01141	0.00598	0.00168	0.00264	0.08535	0.00509	0.00452
17	0.05207	0.00893	0.01187	0.01174	0.12165	0.00890	0.00822	0.06063	0.07481	0.35912	0.06541	0.01849	0.01403	0.00655	0.00548	0.00157	0.04504	0.03519	0.08298	0.00732
18	0.01101	0.24780	0.55183	0.01313	0.03597	0.01386	0.03116	0.01554	0.01046	0.01467	0.00842	0.00992	0.00640	0.00459	0.00434	0.00144	0.00679	0.00346	0.00213	0.00710
19	0.00719	0.00507	0.00666	0.00666	0.00708	0.00550	0.00454	0.00803	0.00761	0.01057	0.01459	0.02643	0.01543	0.45096	0.39556	0.00634	0.00888	0.00634	0.00285	0.00370
20	0.00661	0.00464	0.00555	0.00605	0.00634	0.00443	0.00379	0.00711	0.00865	0.01137	0.02428	0.37395	0.10258	0.39436	0.01522	0.00331	0.00376	0.01056	0.00387	0.00358
21	0.03225	0.08844	0.03093	0.01315	0.12609	0.16363	0.00927	0.21819	0.01439	0.01828	0.01333	0.16418	0.01290	0.02322	0.01914	0.00172	0.02008	0.02075	0.00359	0.00646
22	0.00721	0.00512	0.00688	0.00688	0.00741	0.00562	0.00485	0.00827	0.00774	0.01091	0.01438	0.02496	0.01481	0.36281	0.46729	0.00657	0.00962	0.00612	0.01869	0.00386
23	0.56082	0.01005	0.00935	0.00777	0.01115	0.01103	0.00641	0.13128	0.01192	0.18352	0.01032	0.01051	0.00729	0.00515	0.00377	0.00154	0.00418	0.00345	0.00401	0.00650
24	0.00736	0.00605	0.00641	0.00611	0.00791	0.00566	0.00463	0.04811	0.09029	0.01592	0.13880	0.07010	0.55158	0.01150	0.00578	0.00167	0.00281	0.00967	0.00480	0.00485
25	0.01823	0.02311	0.01418	0.01285	0.01529	0.76510	0.00969	0.01951	0.01380	0.01219	0.00765	0.00909	0.00643	0.00532	0.00509	0.00133	0.04956	0.00327	0.00255	0.00576
26	0.01822	0.01411	0.01640	0.01246	0.01653	0.03104	0.08679	0.68508	0.02207	0.02947	0.01169	0.01206	0.00834	0.00579	0.00507	0.00151	0.00585	0.00460	0.00469	0.00825
27	0.00594	0.00505	0.00511	0.00510	0.00676	0.00423	0.00382	0.00724	0.01147	0.01373	0.08053	0.04753	0.76151	0.01252	0.00589	0.00168	0.00252	0.01046	0.00466	0.00423
28	0.00606	0.00439	0.00573	0.00681	0.00719	0.00406	0.00457	0.00696	0.00967	0.01278	0.02911	0.76662	0.08686	0.01540	0.00633	0.00200	0.00287	0.01391	0.00463	0.00406
29	0.00717	0.00516	0.00711	0.00711	0.00769	0.00574	0.00511	0.00833	0.00775	0.01091	0.01417	0.02412	0.01443	0.31147	0.53368	0.00690	0.01039	0.00600	0.00279	0.00395
30	0.01117	0.01260	0.02695	0.01940	0.02410	0.01176	0.69774	0.01508	0.01172	0.01571	0.01416	0.01693	0.08669	0.00505	0.00588	0.00168	0.00781	0.00635	0.00273	0.00647
31	0.01034	0.01036	0.01487	0.73212	0.03242	0.09117	0.01342	0.01346	0.01039	0.01268	0.00874	0.01286	0.00662	0.00500	0.00493	0.00162	0.00688	0.00431	0.00225	0.00556
32	0.76909	0.06241	0.00848	0.00670	0.00974	0.01143	0.00557	0.01434	0.00863	0.02127	0.00781	0.04248	0.00663	0.00507	0.00323	0.00153	0.00391	0.00318	0.00309	0.00541
33	0.00623	0.00502	0.00554	0.00550	0.00696	0.00434	0.00409	0.00777	0.01203	0.01526	0.25731	0.08903	0.53921	0.01211	0.00591	0.00167	0.00250	0.01030	0.00487	0.00434
34	0.00789	0.08827	0.00948	0.00771	0.00891	0.00741	0.00611	0.00960	0.00834	0.01194	0.01302	0.01905	0.01218	0.07462	0.63003	0.00669	0.01137	0.00513	0.05768	0.00458
35	0.01018	0.00886	0.01110	0.14083	0.01554	0.00738	0.00722	0.01258	0.01027	0.01566	0.00886	0.01083	0.00726	0.00391	0.00391	0.00089	0.00418	0.00320	0.00283	0.71451
36	0.01309	0.01002	0.05678	0.00858	0.01247	0.00813	0.00724	0.13635	0.01303	0.14383	0.02929	0.09440	0.01184	0.01694	0.00478	0.00124	0.00419	0.00489	0.00397	0.41895
37	0.01185	0.11059	0.58619	0.01325	0.01958	0.09263	0.01586	0.05452	0.01155	0.02712	0.00891	0.01026	0.00653	0.00481	0.00456	0.00149	0.00717	0.00359	0.00236	0.00717
38	0.01410	0.14789	0.06590	0.01079	0.01433	0.09047	0.02073	0.15935	0.36901	0.01993	0.01458	0.01478	0.01124	0.00601	0.00471	0.00152	0.00524	0.01789	0.00409	0.00744
39	0.00725	0.00483	0.00544	0.00544	0.00544	0.00483	0.00302	0.00725	0.00725	0.00966	0.01571	0.03262	0.01812	0.82483	0.02537	0.00483	0.00483	0.00725	0.00302	0.00302
40	0.01251	0.01338	0.11540	0.01619	0.19620	0.03579	0.07787	0.11070	0.24911	0.01930	0.03204	0.01668	0.03988	0.00598	0.00508	0.00159	0.00546	0.01767	0.02176	0.00740
41	0.01192	0.01113	0.01391	0.35006	0.05012	0.11166	0.02759	0.04767	0.03824	0.04644	0.01075	0.01518	0.00883	0.00566	0.00540	0.00151	0.04477	0.05308	0.00293	0.14314
42	0.01142	0.00978	0.09653	0.00918	0.01211	0.00810	0.05267	0.10676	0.07229	0.12367	0.32693	0.03945	0.09353	0.00824	0.00548	0.00159	0.00403	0.00713	0.00485	0.00626
43	0.01161	0.07322	0.13985	0.01534	0.01980	0.06327	0.35524	0.02794	0.07724	0.01568	0.02398	0.01363	0.00904	0.00802	0.08590	0.00219	0.00783	0.00498	0.00277	0.04248
44	0.01198	0.01145	0.01852	0.02060	0.33417	0.05183	0.16253	0.01442	0.01056	0.04749	0.01028	0.01478	0.00900	0.08958	0.04911	0.00228	0.12720	0.00500	0.00266	0.00655
45	0.00771	0.00622	0.00807	0.00800	0.00889	0.04626	0.00609	0.00929	0.00824	0.01142	0.01330	0.02033	0.01271	0.11309	0.68824	0.00736	0.01230	0.00542	0.00270	0.00438
46	0.78791	0.07933	0.00893	0.00672	0.00991	0.01191	0.00566	0.01468	0.00862	0.02146	0.00694	0.00809	0.00548	0.00460	0.00309	0.00150	0.00398	0.00270	0.00300	0.00548
47	0.00633	0.00459	0.00602	0.00695	0.00750	0.00428	0.00489	0.00750	0.01028	0.01366	0.09978	0.62030	0.09039	0.01472	0.00633	0.00198	0.00297	0.08267	0.00470	0.00417
48	0.01235	0.01045	0.01205	0.01154	0.09138	0.01108	0.00816	0.09734	0.43305	0.02013	0.03265	0.01659	0.01306	0.03566	0.00553	0.00157	0.00425	0.00501	0.00432	0.17383
49	0.00682	0.00528	0.00638	0.00656	0.00790	0.00465	0.00488	0.00827	0.01091	0.01436	0.12128	0.30162	0.26744	0.02767	0.00631	0.00182	0.00303	0.10019	0.00452	0.09012
50	0.00691	0.00512	0.00736	0.00776	0.00838	0.00496	0.04424	0.00799	0.00940	0.01255	0.02343	0.49551	0.02715	0.14540	0.05493	0.01815	0.00432	0.10828	0.00410	0.00408
51	0.00736	0.00555	0.00699	0.00729	0.00858	0.00532	0.00584	0.00997	0.05225	0.01639	0.27503	0.09985	0.19302	0.01215	0.00623	0.00189	0.00329	0.27341	0.00491	0.00468
52	0.01414	0.01096	0.01190	0.01014	0.01307	0.01215	0.00811	0.35932	0.28227	0.02407	0.01895	0.10033	0.04769	0.00801	0.00532	0.00168	0.00451	0.05506	0.00494	0.00740
53	0.04859	0.04701	0.04706	0.05674	0.24356	0.02675	0.02342	0.06340	0.34313	0.02767	0.01404	0.01462	0.01079	0.00559	0.00485	0.00157	0.00511	0.00478	0.00375	0.00757
54	0.01296	0.71477	0.04089	0.00877	0.01276	0.04846	0.00860	0.01463	0.01031	0.01199	0.00858	0.04425	0.00833	0.00514	0.00355	0.00117	0.00538	0.03088	0.00234	0.00623
55	0.01149	0.09888	0.23515	0.01383	0.13149	0.03887	0.04259	0.03782	0.04221	0.01611	0.00952	0.01932	0.00765	0.00454	0.00436	0.00125	0.00565	0.00375	0.00269	0.27285
56	0.04145	0.03002	0.16738	0.07570	0.27967	0.01115	0.08230	0.06371	0.02579	0.01656	0.02329	0.04088	0.00947	0.00845	0.08568	0.00220	0.00687	0.00483	0.00276	0.02185
57	0.00763	0.08836	0.00822	0.00667	0.00816	0.00647	0.00504	0.05786	0.01144	0.01454	0.07924	0.36059	0.30284	0.01244	0.00575	0.00174	0.00314	0.01075	0.00445	0.00467
58	0.01176	0.02563	0.03624	0.03790	0.45032	0.02303	0.03474	0.02795	0.08986	0.04493	0.06568	0.01877	0.08675	0.00609	0.00512	0.00154	0.00524	0.01797	0.00333	0.00715
59	0.02734	0.20068	0.15572	0.07577	0.12895	0.17999	0.01186	0.07886	0.05547	0.02742	0.00929	0.01073	0.00736	0.00492	0.00440	0.00139	0.00654	0.00370	0.00275	0.00686
60	0.00740	0.00555	0.00772	0.00758	0.00814	0.00640	0.00558	0.00861	0.00776	0.01103	0.01361	0.02289	0.01376	0.26935	0.52247	0.00669	0.06279	0.00584	0.00274	0.00409
61	0.00641	0.00476	0.00583	0.00656	0.00717	0.00447	0.00444	0.00777	0.03805	0.01298	0.04406	0.56053	0.16619	0.09632	0.00814	0.00223	0.00305	0.01242	0.00450	0.00413
62	0.02512	0.20241	0.01760	0.01312	0.09225	0.21916	0.06103	0.10870	0.10534	0.03769	0.01146	0.06373	0.00980	0.00580	0.00458	0.00141	0.00619	0.00458	0.00328	0.00673

[dist]
# distance from previous block
# <min> <max>
0	3

[block]
# block no. 1 follows, 50 sequences, length 43
# corresponding to MSA columns:
# 115-118,133-171
name=unknown_B
#
# <colnr> <probs for GDERKNQSTAVLIFYWHMCP>
#	G	D	E	R	K	N	Q	S	T	A	V	L	I	F	Y	W	H	M	C	P
0	0.11334	0.08249	0.23565	0.01308	0.06947	0.03507	0.07816	0.14707	0.05876	0.05463	0.01049	0.01157	0.00780	0.00502	0.00453	0.00148	0.00590	0.00402	0.02382	0.03766
1	0.01159	0.06995	0.07124	0.04328	0.02437	0.01297	0.61586	0.01552	0.01131	0.01535	0.00970	0.01292	0.00743	0.00501	0.02009	0.00176	0.03717	0.00543	0.00245	0.00661
2	0.00904	0.00602	0.00734	0.00728	0.00870	0.00578	0.00539	0.06363	0.05470	0.09123	0.12112	0.38626	0.16287	0.01230	0.00594	0.00182	0.00319	0.03732	0.00493	0.00512
3	0.01151	0.01466	0.18522	0.08243	0.47466	0.01197	0.07543	0.01510	0.01092	0.01568	0.00916	0.01204	0.00737	0.00474	0.00555	0.00157	0.04785	0.00439	0.00236	0.00739
4	0.04702	0.28585	0.29791	0.01430	0.14182	0.06005	0.01300	0.03771	0.01112	0.01516	0.02842	0.01053	0.00768	0.00473	0.00422	0.00137	0.00623	0.00356	0.00241	0.00692
5	0.00932	0.00464	0.00673	0.00663	0.00692	0.00454	0.00449	0.00780	0.00731	0.06343	0.01131	0.08043	0.01138	0.06192	0.01777	0.68032	0.00424	0.00532	0.00268	0.00280
6	0.00618	0.00454	0.00583	0.00681	0.00737	0.00419	0.00474	0.00721	0.00995	0.01299	0.03087	0.65201	0.14720	0.01504	0.00633	0.00199	0.00295	0.06508	0.00462	0.00411
7	0.02816	0.00882	0.02640	0.03199	0.01182	0.03272	0.02774	0.14235	0.11449	0.05343	0.07086	0.17909	0.03350	0.05908	0.10022	0.00265	0.00549	0.06105	0.00428	0.00584
8	0.02726	0.04376	0.16209	0.03752	0.22712	0.14501	0.10296	0.06962	0.05861	0.04661	0.01053	0.01279	0.00826	0.00509	0.00490	0.00151	0.00672	0.01954	0.00293	0.00715
9	0.04278	0.01247	0.03197	0.11959	0.29755	0.17141	0.01107	0.01481	0.01136	0.01537	0.01109	0.03594	0.00954	0.00561	0.00484	0.00147	0.01976	0.03206	0.14507	0.00625
10	0.07003	0.03388	0.03236	0.01448	0.19740	0.01041	0.03858	0.09287	0.15643	0.01904	0.07585	0.03423	0.02596	0.00727	0.00515	0.00165	0.00471	0.12266	0.05040	0.00664
11	0.00662	0.00500	0.00611	0.00599	0.00722	0.00449	0.00443	0.00850	0.01283	0.01734	0.49731	0.12455	0.25846	0.01147	0.00593	0.00165	0.00246	0.01000	0.00515	0.00449
12	0.01228	0.01488	0.12020	0.07028	0.13821	0.07154	0.31744	0.04843	0.07017	0.01625	0.01019	0.01272	0.00786	0.00500	0.00605	0.00163	0.06233	0.00491	0.00272	0.00691
13	0.01168	0.01132	0.01974	0.19467	0.58214	0.01173	0.06618	0.01480	0.01109	0.01552	0.00931	0.01261	0.00761	0.00454	0.00501	0.00153	0.00624	0.00454	0.00242	0.00732
14	0.00648	0.00477	0.00605	0.00652	0.00734	0.00439	0.00466	0.00792	0.01127	0.01510	0.26489	0.39871	0.15339	0.03558	0.00669	0.00192	0.00282	0.05237	0.00484	0.00428
15	0.01156	0.00821	0.00948	0.00816	0.01045	0.00850	0.00640	0.17615	0.15152	0.07888	0.38279	0.02786	0.08209	0.00857	0.00549	0.00158	0.00345	0.00727	0.00530	0.00631
16	0.00709	0.00489	0.00655	0.00726	0.00802	0.00460	0.00536	0.00858	0.01103	0.03574	0.18701	0.47582	0.04608	0.01382	0.00632	0.00196	0.00314	0.15748	0.00484	0.00441
17	0.00850	0.00542	0.00669	0.00617	0.00775	0.00486	0.00470	0.01054	0.01328	0.09988	0.49286	0.03673	0.22035	0.01013	0.00567	0.00157	0.00259	0.00873	0.04863	0.00498
18	0.00596	0.00494	0.00522	0.00540	0.00684	0.00420	0.00395	0.00720	0.01116	0.01357	0.07215	0.17236	0.64384	0.01302	0.00597	0.00173	0.00258	0.01106	0.00466	0.00420
19	0.01314	0.01022	0.01141	0.01071	0.06150	0.02453	0.00777	0.22932	0.28001	0.04365	0.05713	0.09751	0.02795	0.06389	0.00655	0.00184	0.00439	0.00634	0.03514	0.00698
20	0.01626	0.16773	0.06977	0.01102	0.01448	0.31776	0.00941	0.17838	0.05422	0.04113	0.01015	0.01095	0.00792	0.00529	0.00435	0.00133	0.00659	0.00369	0.06289	0.00668
21	0.00983	0.00732	0.00987	0.00973	0.07508	0.02063	0.04954	0.06963	0.01349	0.08253	0.33241	0.12149	0.15902	0.00966	0.00569	0.00163	0.00359	0.00852	0.00479	0.00554
22	0.01211	0.14080	0.30079	0.01245	0.03522	0.09524	0.03290	0.01558	0.02814	0.06348	0.02547	0.01217	0.00845	0.00864	0.08462	0.00218	0.10853	0.00404	0.00263	0.00655
23	0.01428	0.02303	0.01256	0.01086	0.02727	0.04637	0.00844	0.19063	0.54794	0.03592	0.01755	0.01646	0.01307	0.00644	0.00500	0.00162	0.00455	0.00521	0.00488	0.00792
24	0.08094	0.08429	0.01729	0.10058	0.36927	0.17457	0.01206	0.04607	0.02300	0.01577	0.00922	0.02823	0.00780	0.00497	0.00459	0.00144	0.00630	0.00412	0.00267	0.00684
25	0.01013	0.02379	0.70047	0.05894	0.02170	0.01160	0.01743	0.01635	0.06390	0.01596	0.00972	0.01124	0.00695	0.00489	0.00477	0.00159	0.00709	0.00386	0.00232	0.00730
26	0.00817	0.02725	0.00775	0.00668	0.00836	0.02178	0.00511	0.01094	0.05146	0.03645	0.58302	0.03373	0.10626	0.00947	0.00558	0.00151	0.00279	0.00822	0.00510	0.06039
27	0.00625	0.00458	0.00597	0.00686	0.00742	0.00430	0.00478	0.00736	0.00998	0.01321	0.06823	0.61449	0.11761	0.01615	0.05133	0.00231	0.00349	0.04699	0.00456	0.00415
28	0.01000	0.02578	0.79900	0.01421	0.02157	0.01158	0.01842	0.01579	0.01052	0.01579	0.00895	0.01052	0.00631	0.00474	0.00474	0.00158	0.00737	0.00368	0.00210	0.00737
29	0.00994	0.00956	0.05817	0.47974	0.16298	0.01005	0.01244	0.01315	0.01033	0.01462	0.01032	0.01394	0.00798	0.00503	0.00468	0.00153	0.00576	0.00443	0.15944	0.00589
30	0.00866	0.00433	0.00649	0.00649	0.00649	0.00433	0.00433	0.00649	0.00649	0.00866	0.00866	0.01515	0.00866	0.01732	0.01948	0.85498	0.00433	0.00433	0.00216	0.00216
31	0.01223	0.34548	0.16793	0.01402	0.01881	0.03949	0.25997	0.01541	0.01071	0.01388	0.00833	0.01043	0.00677	0.00461	0.00513	0.00143	0.05249	0.00401	0.00227	0.00661
32	0.00725	0.00483	0.00544	0.00544	0.00544	0.00483	0.00302	0.00725	0.00725	0.00966	0.01571	0.03262	0.01812	0.82483	0.02537	0.00483	0.00483	0.00725	0.00302	0.00302
33	0.01330	0.24698	0.11749	0.07578	0.19273	0.18853	0.03422	0.01588	0.01132	0.01368	0.00845	0.01052	0.00703	0.00544	0.02386	0.00151	0.00686	0.00364	0.01619	0.00659
34	0.00634	0.00508	0.00569	0.00567	0.00715	0.00443	0.00430	0.00796	0.01209	0.01536	0.25684	0.06667	0.51927	0.01208	0.00596	0.00169	0.00260	0.05159	0.00487	0.00436
35	0.01138	0.12811	0.31363	0.01561	0.07255	0.02844	0.22044	0.01529	0.01092	0.03657	0.02382	0.04131	0.00886	0.02173	0.00568	0.00162	0.02994	0.00478	0.00254	0.00679
36	0.02622	0.00677	0.00777	0.00716	0.00892	0.02597	0.00555	0.03444	0.08006	0.08777	0.03760	0.04029	0.01371	0.01520	0.23303	0.00323	0.00616	0.00519	0.30613	0.04882
37	0.01199	0.42211	0.35583	0.01115	0.01663	0.03608	0.01276	0.01601	0.04997	0.01394	0.00849	0.00964	0.00681	0.00462	0.00399	0.00132	0.00623	0.00327	0.00228	0.00687
38	0.15430	0.07579	0.09012	0.01832	0.34458	0.01111	0.03109	0.01468	0.01056	0.05557	0.01092	0.05758	0.00960	0.00710	0.04548	0.00184	0.00577	0.02528	0.00290	0.02740
39	0.16156	0.12014	0.12392	0.01043	0.02471	0.03230	0.02333	0.11331	0.23706	0.06379	0.01260	0.01269	0.00944	0.00545	0.00438	0.00150	0.00502	0.00414	0.00377	0.03046
40	0.07350	0.13373	0.12831	0.01053	0.03885	0.03472	0.02557	0.06913	0.01262	0.24343	0.03664	0.04106	0.01247	0.00649	0.00477	0.00153	0.00512	0.08004	0.00404	0.03745
41	0.09999	0.15522	0.05637	0.02359	0.22516	0.02910	0.01038	0.06075	0.19015	0.06802	0.01229	0.02763	0.00972	0.00540	0.00449	0.00148	0.00511	0.00438	0.00347	0.00728
42	0.12769	0.13283	0.18543	0.01196	0.03034	0.15099	0.08672	0.08500	0.01230	0.03287	0.02694	0.01182	0.03059	0.00510	0.00440	0.00141	0.00629	0.00393	0.00291	0.05049

[dist]
# distance from previous block
# <min> <max>
0	21

[block]
# block no. 2 follows, 50 sequences, length 30
# corresponding to MSA columns:
# 193-222
name=unknown_C
#
# <colnr> <probs for GDERKNQSTAVLIFYWHMCP>
#	G	D	E	R	K	N	Q	S	T	A	V	L	I	F	Y	W	H	M	C	P
0	0.06637	0.01399	0.11306	0.04247	0.11088	0.07503	0.01028	0.25375	0.08111	0.02098	0.01484	0.01545	0.08653	0.00601	0.00479	0.00148	0.00544	0.00475	0.00372	0.06907
1	0.03373	0.02437	0.04608	0.01293	0.11858	0.00937	0.10000	0.06451	0.05689	0.21879	0.02627	0.03999	0.04986	0.08798	0.00723	0.00185	0.01887	0.00555	0.01978	0.05737
2	0.03480	0.00866	0.01143	0.02023	0.04138	0.00817	0.04888	0.04092	0.07496	0.11384	0.15772	0.01997	0.03245	0.00707	0.01941	0.00149	0.04434	0.03722	0.00407	0.27298
3	0.21018	0.09164	0.01418	0.31234	0.09481	0.01219	0.01028	0.10389	0.02530	0.01777	0.02856	0.01319	0.03575	0.00532	0.00441	0.00154	0.00536	0.00420	0.00297	0.00614
4	0.01397	0.05186	0.28341	0.01392	0.08529	0.03774	0.04973	0.17363	0.08761	0.09737	0.01209	0.01345	0.00897	0.00546	0.00487	0.00153	0.00608	0.02210	0.00353	0.02738
5	0.01236	0.01299	0.09758	0.05927	0.65755	0.01162	0.01526	0.01558	0.01132	0.04485	0.00969	0.01236	0.00785	0.00456	0.00492	0.00150	0.00603	0.00439	0.00256	0.00777
6	0.01424	0.22769	0.15560	0.01039	0.01493	0.04748	0.01006	0.24520	0.02489	0.04091	0.03851	0.01147	0.00892	0.00513	0.00431	0.00129	0.00551	0.00380	0.00339	0.12627
7	0.00782	0.01006	0.16990	0.00978	0.01240	0.00681	0.09719	0.01022	0.01056	0.02463	0.05658	0.36617	0.16584	0.01109	0.00597	0.00181	0.01418	0.00994	0.00390	0.00517
8	0.01247	0.01222	0.04777	0.10504	0.54823	0.01211	0.04458	0.07649	0.06028	0.01739	0.01022	0.01277	0.00820	0.00476	0.00498	0.00152	0.00599	0.00455	0.00279	0.00764
9	0.01292	0.16556	0.08812	0.04806	0.09778	0.01093	0.04682	0.03504	0.07336	0.16592	0.07720	0.05264	0.09132	0.00674	0.00489	0.00151	0.00486	0.00568	0.00388	0.00675
10	0.00596	0.00505	0.00515	0.00513	0.00678	0.00424	0.00384	0.00730	0.01153	0.01388	0.09708	0.04729	0.74487	0.01247	0.00589	0.00168	0.00251	0.01042	0.00468	0.00424
11	0.01155	0.01351	0.05737	0.04538	0.07632	0.02774	0.60622	0.01546	0.01155	0.01560	0.01130	0.01436	0.03634	0.00472	0.00600	0.00167	0.02997	0.00573	0.00256	0.00664
12	0.01414	0.15809	0.04869	0.11261	0.19061	0.16448	0.07610	0.07430	0.01260	0.06216	0.01942	0.02676	0.00837	0.00510	0.00467	0.00143	0.00652	0.00426	0.00288	0.00679
13	0.06165	0.02292	0.64269	0.01565	0.09825	0.01162	0.04743	0.01568	0.01053	0.01624	0.00891	0.01067	0.00647	0.00468	0.00470	0.00157	0.00705	0.00379	0.00222	0.00727
14	0.00597	0.00507	0.00516	0.00520	0.00686	0.00426	0.00394	0.00727	0.01137	0.01352	0.04963	0.04826	0.76450	0.01266	0.00593	0.00170	0.00260	0.03725	0.00463	0.00422
15	0.04916	0.00918	0.01505	0.51506	0.13946	0.01058	0.04760	0.02794	0.01048	0.02839	0.01102	0.09379	0.00958	0.00596	0.00507	0.00166	0.00605	0.00540	0.00267	0.00589
16	0.01712	0.26436	0.06397	0.01014	0.01428	0.05174	0.00918	0.29495	0.01605	0.17841	0.01231	0.01220	0.02292	0.00550	0.00442	0.00137	0.00541	0.00404	0.00406	0.00757
17	0.00682	0.00501	0.00638	0.00619	0.00734	0.00458	0.00459	0.00889	0.01332	0.01848	0.62633	0.11695	0.13452	0.01102	0.00593	0.00163	0.00243	0.00971	0.00530	0.00458
18	0.00642	0.00506	0.00600	0.00642	0.00767	0.00464	0.00492	0.00784	0.01070	0.01339	0.03824	0.19335	0.43789	0.01587	0.08607	0.00249	0.00403	0.14031	0.00443	0.00427
19	0.00954	0.00893	0.01502	0.69858	0.10664	0.01081	0.01354	0.01271	0.01008	0.01308	0.00980	0.05175	0.00802	0.00544	0.00504	0.00166	0.00640	0.00490	0.00235	0.00569
20	0.01176	0.01345	0.02941	0.02101	0.02605	0.01261	0.77563	0.01597	0.01176	0.01597	0.01008	0.01345	0.00756	0.00420	0.00588	0.00168	0.00840	0.00588	0.00252	0.00672
21	0.00605	0.00506	0.00526	0.00521	0.00683	0.00427	0.00391	0.00745	0.01173	0.01433	0.14880	0.04654	0.69286	0.01230	0.00589	0.00167	0.00250	0.01032	0.00474	0.00427
22	0.01278	0.00903	0.01021	0.00909	0.01158	0.00977	0.00705	0.08537	0.40228	0.12791	0.10649	0.13425	0.02028	0.00824	0.00530	0.00168	0.00376	0.00703	0.02085	0.00706
23	0.12183	0.01081	0.08999	0.00942	0.01341	0.00902	0.00847	0.10336	0.01405	0.50301	0.01654	0.01664	0.01128	0.00619	0.00484	0.00158	0.00466	0.04191	0.00518	0.00780
24	0.01548	0.01207	0.01283	0.01058	0.01391	0.01360	0.00850	0.39310	0.38320	0.02593	0.01607	0.01535	0.01183	0.00635	0.00497	0.00158	0.00464	0.00504	0.03693	0.00805
25	0.00692	0.00509	0.00648	0.00613	0.00737	0.00465	0.00460	0.00915	0.01380	0.01926	0.70807	0.03844	0.13052	0.01046	0.00588	0.00158	0.00237	0.00918	0.00539	0.00465
26	0.01537	0.01279	0.01259	0.01071	0.01388	0.09221	0.00847	0.23274	0.45570	0.06521	0.01670	0.01572	0.01232	0.00635	0.00499	0.00159	0.00489	0.00504	0.00486	0.00787
27	0.00720	0.00497	0.00611	0.00607	0.00638	0.00512	0.00388	0.00782	0.00810	0.01111	0.09274	0.03028	0.01980	0.57452	0.19061	0.00519	0.00641	0.00702	0.00319	0.00350
28	0.00631	0.00466	0.00625	0.00724	0.00752	0.00460	0.00494	0.00719	0.00945	0.01269	0.02644	0.78146	0.03166	0.01527	0.00686	0.00203	0.04311	0.01368	0.00451	0.00412
29	0.01012	0.00867	0.01007	0.00727	0.01156	0.00652	0.00580	0.01228	0.01039	0.01610	0.01092	0.01220	0.04619	0.00413	0.00380	0.00079	0.00363	0.00333	0.00304	0.81318

[dist]
# distance from previous block
# <min> <max>
5	7

[block]
# block no. 3 follows, 50 sequences, length 16
# corresponding to MSA columns:
# 231-246
name=unknown_D
#
# <colnr> <probs for GDERKNQSTAVLIFYWHMCP>
#	G	D	E	R	K	N	Q	S	T	A	V	L	I	F	Y	W	H	M	C	P
0	0.01040	0.00633	0.00688	0.00634	0.00771	0.00691	0.00493	0.08955	0.03726	0.01918	0.01550	0.04498	0.01257	0.00645	0.00491	0.00133	0.07375	0.00497	0.63487	0.00519
1	0.01594	0.01011	0.01241	0.01160	0.09164	0.01046	0.00838	0.25010	0.11663	0.22232	0.06080	0.02009	0.01457	0.07820	0.00695	0.00188	0.00472	0.05092	0.00488	0.00741
2	0.00827	0.00563	0.00627	0.00596	0.00631	0.00576	0.00358	0.07448	0.00866	0.01156	0.01538	0.03082	0.01728	0.75332	0.02359	0.00454	0.00489	0.00701	0.00319	0.00350
3	0.01299	0.64344	0.02482	0.09128	0.01623	0.04779	0.07610	0.01498	0.01041	0.01222	0.00743	0.00905	0.00652	0.00436	0.00366	0.00119	0.00587	0.00315	0.00219	0.00631
4	0.00671	0.00539	0.00690	0.00817	0.07576	0.00490	0.00525	0.00815	0.01113	0.01448	0.15681	0.32635	0.32651	0.01262	0.00598	0.00177	0.00293	0.01108	0.00458	0.00455
5	0.00732	0.00731	0.07473	0.00908	0.01035	0.00614	0.05805	0.00898	0.00981	0.01332	0.02306	0.54551	0.02657	0.03352	0.00734	0.00207	0.05354	0.09458	0.00408	0.00463
6	0.00871	0.00572	0.00672	0.00638	0.00797	0.00523	0.00475	0.01086	0.05420	0.11014	0.20037	0.10921	0.32488	0.09359	0.00778	0.00201	0.00309	0.02862	0.00486	0.00491
7	0.00829	0.00694	0.01027	0.01067	0.07535	0.00828	0.00769	0.01006	0.00882	0.01287	0.09054	0.01932	0.01453	0.04117	0.48829	0.00561	0.16804	0.00548	0.00285	0.00493
8	0.01177	0.00954	0.01017	0.00918	0.01167	0.01072	0.00703	0.02282	0.60681	0.05362	0.02233	0.02241	0.08052	0.09012	0.00719	0.00200	0.00393	0.00618	0.00488	0.00711
9	0.01162	0.30641	0.09746	0.03406	0.17276	0.08274	0.01028	0.01390	0.01102	0.01394	0.07222	0.11543	0.02591	0.00648	0.00452	0.00141	0.00543	0.00530	0.00286	0.00626
10	0.05245	0.03493	0.08334	0.04747	0.39083	0.01162	0.07052	0.02948	0.07633	0.01663	0.01070	0.04278	0.00902	0.00523	0.00527	0.00151	0.03686	0.00471	0.00282	0.06750
11	0.11166	0.50087	0.08540	0.00958	0.01385	0.04813	0.02439	0.10873	0.02986	0.01601	0.00812	0.00910	0.00676	0.00465	0.00368	0.00125	0.00552	0.00313	0.00268	0.00663
12	0.03853	0.00664	0.00884	0.00800	0.00961	0.00667	0.07665	0.02284	0.10414	0.04249	0.10307	0.21740	0.03930	0.09184	0.00722	0.00195	0.00367	0.01614	0.18988	0.00512
13	0.04633	0.14949	0.18342	0.01210	0.07972	0.04385	0.04097	0.09226	0.05912	0.04600	0.11224	0.04682	0.01432	0.04546	0.00572	0.00164	0.00542	0.00512	0.00341	0.00658
14	0.03531	0.00734	0.04674	0.00819	0.01018	0.00640	0.07022	0.01139	0.07539	0.03726	0.31667	0.17292	0.16191	0.01025	0.00573	0.00169	0.00345	0.00909	0.00468	0.00518
15	0.04407	0.01008	0.03569	0.00806	0.01231	0.03506	0.00665	0.01472	0.07555	0.05424	0.01023	0.01122	0.00813	0.00419	0.00391	0.00093	0.00405	0.00330	0.00325	0.65436

[dist]
# distance from previous block
# <min> <max>
0	8

[block]
# block no. 4 follows, 50 sequences, length 7
# corresponding to MSA columns:
# 255-261
name=unknown_E
#
# <colnr> <probs for GDERKNQSTAVLIFYWHMCP>
#	G	D	E	R	K	N	Q	S	T	A	V	L	I	F	Y	W	H	M	C	P
0	0.04472	0.09736	0.11422	0.07934	0.16291	0.05337	0.03128	0.03341	0.01139	0.08670	0.09786	0.04403	0.01330	0.00718	0.00629	0.08555	0.00541	0.01627	0.00321	0.00620
1	0.00898	0.00677	0.07167	0.00737	0.00825	0.00577	0.00569	0.00931	0.08354	0.01055	0.01061	0.01706	0.01017	0.10530	0.01751	0.60634	0.00460	0.00473	0.00254	0.00325
2	0.08579	0.07559	0.25436	0.01055	0.01493	0.07536	0.01070	0.09303	0.10456	0.11496	0.01232	0.01281	0.00899	0.00539	0.00442	0.00147	0.00551	0.00407	0.09820	0.00701
3	0.01091	0.28229	0.34195	0.01099	0.01575	0.05307	0.01220	0.01427	0.01005	0.01340	0.00915	0.01153	0.00764	0.01146	0.17228	0.00275	0.00804	0.00368	0.00226	0.00636
4	0.06587	0.02791	0.01156	0.00973	0.01223	0.03479	0.00785	0.16873	0.16613	0.14474	0.04667	0.10843	0.01581	0.00816	0.00630	0.00172	0.08429	0.06767	0.00461	0.00679
5	0.28619	0.01112	0.10119	0.01050	0.04090	0.00971	0.08466	0.03475	0.03391	0.13382	0.01281	0.01690	0.01035	0.00596	0.00449	0.00158	0.00486	0.08826	0.05550	0.05253
6	0.01338	0.03612	0.06011	0.00904	0.01336	0.03743	0.00775	0.15266	0.05528	0.08503	0.01086	0.01153	0.00830	0.00461	0.00419	0.00108	0.00454	0.00359	0.00362	0.47751

[dist]
# distance from previous block
# <min> <max>
0	1

[block]
# block no. 5 follows, 50 sequences, length 27
# corresponding to MSA columns:
# 263-289
name=unknown_F
#
# <colnr> <probs for GDERKNQSTAVLIFYWHMCP>
#	G	D	E	R	K	N	Q	S	T	A	V	L	I	F	Y	W	H	M	C	P
0	0.00870	0.00695	0.04369	0.00754	0.00878	0.02297	0.01881	0.02902	0.02265	0.06716	0.14801	0.29529	0.05870	0.20614	0.01079	0.00252	0.02396	0.00942	0.00425	0.00466
1	0.00633	0.00515	0.00566	0.00578	0.00733	0.00448	0.00450	0.00786	0.01168	0.01439	0.12822	0.04798	0.59986	0.01252	0.00603	0.00176	0.00280	0.11863	0.00472	0.00432
2	0.01570	0.06264	0.15604	0.03147	0.05210	0.07312	0.07160	0.04540	0.05090	0.28434	0.02349	0.02907	0.01019	0.00553	0.00482	0.00147	0.00565	0.00461	0.00399	0.06786
3	0.15075	0.20105	0.01714	0.01222	0.04674	0.40952	0.06659	0.01746	0.01204	0.01416	0.00766	0.00910	0.00640	0.00476	0.00410	0.00131	0.00718	0.00326	0.00254	0.00602
4	0.06366	0.01041	0.01227	0.00990	0.03187	0.01051	0.00790	0.30920	0.01701	0.37023	0.01536	0.01450	0.01035	0.00590	0.00475	0.00148	0.00457	0.00461	0.07327	0.02223
5	0.01097	0.05915	0.38496	0.03466	0.02351	0.01245	0.37080	0.01576	0.01107	0.01560	0.00937	0.01182	0.00691	0.00447	0.00520	0.00160	0.00773	0.00467	0.00230	0.00698
6	0.01244	0.01974	0.37542	0.01372	0.01881	0.14506	0.11817	0.03615	0.07941	0.04578	0.02132	0.01450	0.00936	0.00555	0.00500	0.00158	0.00700	0.04292	0.02118	0.00689
7	0.00696	0.00507	0.00668	0.00647	0.00752	0.00487	0.00480	0.00899	0.01254	0.01760	0.56672	0.08059	0.07409	0.04995	0.12218	0.00267	0.00409	0.00878	0.00488	0.00453
8	0.01259	0.01225	0.01715	0.25666	0.17810	0.12569	0.12518	0.05743	0.01217	0.05114	0.04436	0.04686	0.01020	0.00563	0.00537	0.00158	0.02317	0.00510	0.00294	0.00642
9	0.00644	0.00460	0.00601	0.00682	0.00731	0.00433	0.00472	0.00756	0.01021	0.01370	0.13745	0.56914	0.05677	0.07936	0.00783	0.00219	0.00307	0.06376	0.00462	0.00410
10	0.01100	0.01033	0.01662	0.41683	0.26434	0.01213	0.01365	0.05106	0.01072	0.01464	0.00884	0.01259	0.00711	0.00541	0.00661	0.00167	0.12322	0.00443	0.00242	0.00640
11	0.13884	0.04867	0.01440	0.01093	0.01461	0.05330	0.04372	0.44761	0.13541	0.02599	0.01199	0.01216	0.00882	0.00571	0.00466	0.00151	0.00532	0.00433	0.00437	0.00764
12	0.00887	0.00759	0.00679	0.00658	0.00704	0.12036	0.00411	0.00926	0.00881	0.01089	0.07883	0.02959	0.01883	0.63890	0.02074	0.00405	0.00523	0.00681	0.00316	0.00356
13	0.01787	0.04702	0.01411	0.01085	0.01445	0.09432	0.00882	0.40966	0.17289	0.13713	0.01410	0.01355	0.01009	0.00601	0.00488	0.00150	0.00535	0.00459	0.00481	0.00800
14	0.01210	0.01044	0.01114	0.00974	0.01280	0.01157	0.00760	0.02447	0.67288	0.02019	0.01864	0.01740	0.01408	0.00632	0.00487	0.00155	0.00391	0.00525	0.00477	0.13028
15	0.11998	0.01065	0.01085	0.00944	0.01211	0.04768	0.00738	0.28139	0.16386	0.05428	0.01688	0.21230	0.01549	0.00831	0.00508	0.00166	0.00446	0.00683	0.00461	0.00676
16	0.00632	0.00476	0.00561	0.00598	0.00683	0.00431	0.00412	0.00742	0.01050	0.01360	0.14536	0.32726	0.29344	0.13067	0.00887	0.00225	0.00297	0.01116	0.00452	0.00405
17	0.01120	0.01112	0.01603	0.01341	0.01430	0.01460	0.08297	0.01446	0.12026	0.01365	0.00886	0.01226	0.00789	0.00801	0.01373	0.00206	0.62192	0.00469	0.00263	0.00592
18	0.13507	0.01152	0.01682	0.10149	0.48675	0.03161	0.01277	0.05459	0.04689	0.02703	0.00964	0.01203	0.00777	0.00482	0.00488	0.00153	0.02052	0.00422	0.00282	0.00724
19	0.00703	0.00501	0.00650	0.00661	0.00765	0.00468	0.00499	0.00905	0.01266	0.01766	0.48807	0.18346	0.07741	0.01155	0.00599	0.00173	0.00273	0.10069	0.04199	0.00454
20	0.01438	0.37938	0.08564	0.01072	0.01417	0.15323	0.00992	0.05476	0.02211	0.06189	0.00840	0.00978	0.00701	0.00545	0.00601	0.00140	0.14325	0.00341	0.00265	0.00647
21	0.01404	0.01100	0.01419	0.01158	0.01484	0.01184	0.11876	0.17033	0.38412	0.09753	0.01772	0.08296	0.01398	0.00692	0.00527	0.00166	0.00483	0.00609	0.00476	0.00758
22	0.01135	0.00931	0.07619	0.01136	0.08139	0.00860	0.00901	0.02988	0.02382	0.14131	0.15584	0.02900	0.05596	0.02935	0.00793	0.00190	0.13587	0.17176	0.00420	0.00598
23	0.00749	0.00565	0.00779	0.00829	0.07263	0.00530	0.00558	0.00989	0.01388	0.01968	0.72629	0.03517	0.04379	0.00971	0.00580	0.00156	0.00265	0.00864	0.00524	0.00497
24	0.01429	0.00980	0.01134	0.00952	0.01228	0.05311	0.04484	0.17434	0.12779	0.18834	0.07963	0.13592	0.08165	0.00826	0.00533	0.00162	0.00440	0.00702	0.02371	0.00679
25	0.07784	0.00567	0.00781	0.00775	0.00877	0.00656	0.00599	0.00929	0.00801	0.01236	0.01295	0.01934	0.01218	0.07768	0.69599	0.00730	0.01210	0.00523	0.00272	0.00445
26	0.01274	0.12932	0.01961	0.15392	0.47690	0.01307	0.01345	0.07815	0.01200	0.03105	0.00935	0.01192	0.00761	0.00467	0.00470	0.00145	0.00589	0.00420	0.00266	0.00735

[dist]
# distance from previous block
# <min> <max>
0	398

# created by:
# /home/cegg/simao/soft/augustus-3.2.1/scripts/msa2prfl.pl ./align_prep/EOG091G0JBM.fa
