[name]
unknown

[dist]
# distance from previous block
# <min> <max>
0	68

[block]
# block no. 0 follows, 38 sequences, length 24
# corresponding to MSA columns:
# 86-109
name=unknown_A
#
# <colnr> <probs for GDERKNQSTAVLIFYWHMCP>
#	G	D	E	R	K	N	Q	S	T	A	V	L	I	F	Y	W	H	M	C	P
0	0.00878	0.00680	0.00863	0.00982	0.05271	0.00649	0.00654	0.05325	0.01340	0.01756	0.07158	0.43273	0.21718	0.01743	0.04539	0.00260	0.00438	0.01374	0.00539	0.00559
1	0.05519	0.01252	0.01742	0.01587	0.05825	0.01654	0.01246	0.01578	0.01017	0.07203	0.00983	0.01429	0.00889	0.01185	0.06240	0.00291	0.58823	0.00530	0.00311	0.00696
2	0.69274	0.01253	0.01001	0.04697	0.01370	0.05708	0.00736	0.01778	0.01086	0.02524	0.00869	0.01032	0.00681	0.00557	0.00398	0.00179	0.00517	0.00342	0.00362	0.05636
3	0.00978	0.00719	0.01008	0.05580	0.01242	0.00818	0.00770	0.05325	0.01140	0.01635	0.05295	0.02483	0.01698	0.09319	0.52927	0.00751	0.01272	0.00666	0.05812	0.00563
4	0.05952	0.01052	0.01680	0.59559	0.07742	0.01266	0.01491	0.01553	0.01190	0.03709	0.01164	0.01747	0.00930	0.05906	0.02528	0.00241	0.00773	0.00550	0.00297	0.00671
5	0.01420	0.01623	0.03550	0.02535	0.03144	0.01521	0.72921	0.01927	0.01420	0.01927	0.01217	0.01623	0.00913	0.00507	0.00710	0.00203	0.01014	0.00710	0.00304	0.00811
6	0.02176	0.06881	0.01815	0.01423	0.01823	0.33736	0.01132	0.33898	0.06995	0.02571	0.01254	0.01315	0.00956	0.00672	0.00564	0.00168	0.00829	0.00472	0.00457	0.00864
7	0.25990	0.15038	0.15231	0.01273	0.06525	0.01412	0.01150	0.02131	0.01322	0.22701	0.01332	0.01363	0.00948	0.00604	0.00491	0.00176	0.00603	0.00439	0.00430	0.00840
8	0.03271	0.13239	0.22019	0.12399	0.06005	0.02706	0.06445	0.07190	0.04730	0.09690	0.05593	0.01626	0.01219	0.00640	0.00570	0.00182	0.00724	0.00531	0.00382	0.00838
9	0.09403	0.01106	0.01251	0.04560	0.01499	0.01179	0.00867	0.19105	0.12249	0.13292	0.08964	0.02620	0.12791	0.01203	0.06981	0.00256	0.00592	0.00718	0.00562	0.00801
10	0.00875	0.00579	0.00655	0.00663	0.00669	0.00577	0.00377	0.00889	0.00902	0.01221	0.01975	0.07947	0.02264	0.72194	0.02853	0.00551	0.00561	0.00910	0.02958	0.00377
11	0.01367	0.01226	0.01976	0.44916	0.23862	0.01416	0.01643	0.06491	0.01358	0.03812	0.01131	0.01556	0.00878	0.00621	0.00680	0.00196	0.05242	0.00537	0.00311	0.00782
12	0.07065	0.06276	0.30524	0.01720	0.06487	0.05256	0.10871	0.13480	0.03651	0.07210	0.01249	0.01392	0.00908	0.00603	0.00575	0.00185	0.00790	0.00500	0.00373	0.00884
13	0.01413	0.01352	0.02304	0.19626	0.59769	0.01409	0.01808	0.01779	0.01334	0.01873	0.01118	0.01514	0.00920	0.00550	0.00597	0.00183	0.00734	0.00536	0.00291	0.00891
14	0.01146	0.00935	0.01045	0.01025	0.01232	0.01018	0.00759	0.04008	0.36601	0.02081	0.03027	0.34450	0.07579	0.01309	0.00684	0.00220	0.00417	0.01148	0.00586	0.00730
15	0.83108	0.01163	0.00884	0.00791	0.01163	0.01350	0.00651	0.01768	0.01024	0.02699	0.00838	0.00977	0.00651	0.00558	0.00372	0.00186	0.00465	0.00326	0.00372	0.00651
16	0.09281	0.01310	0.01523	0.01177	0.01642	0.01331	0.00972	0.31999	0.02123	0.39591	0.01858	0.01707	0.01225	0.00720	0.00584	0.00184	0.00570	0.00555	0.00654	0.00992
17	0.00789	0.00553	0.00676	0.00751	0.00781	0.00528	0.00474	0.00854	0.01052	0.01391	0.02900	0.43942	0.07379	0.33147	0.01697	0.00380	0.00442	0.01345	0.00480	0.00439
18	0.01136	0.01069	0.01804	0.77412	0.04143	0.01337	0.01671	0.01537	0.01203	0.01537	0.01069	0.01604	0.00802	0.00601	0.00601	0.00200	0.00802	0.00535	0.00267	0.00668
19	0.01489	0.01429	0.02442	0.03692	0.75106	0.01429	0.01846	0.01846	0.01370	0.01965	0.01132	0.01489	0.00953	0.00536	0.00596	0.00179	0.00715	0.00536	0.00298	0.00953
20	0.09455	0.00845	0.01007	0.02481	0.01198	0.00860	0.00720	0.07143	0.04472	0.14433	0.07562	0.27945	0.05431	0.08112	0.00901	0.00247	0.02014	0.03956	0.00555	0.00662
21	0.00972	0.00683	0.00831	0.00853	0.00976	0.00673	0.00601	0.01324	0.11350	0.05472	0.14780	0.38517	0.08140	0.10743	0.00999	0.00265	0.00389	0.01283	0.00569	0.00579
22	0.08524	0.01460	0.02141	0.13623	0.46020	0.05959	0.03194	0.06570	0.01424	0.02046	0.01100	0.01433	0.00895	0.00576	0.00609	0.00184	0.02542	0.00513	0.00320	0.00866
23	0.13272	0.01481	0.02071	0.06716	0.48290	0.05575	0.01547	0.10168	0.01500	0.02234	0.01112	0.01394	0.00900	0.00569	0.00562	0.00180	0.00698	0.00498	0.00343	0.00889

[dist]
# distance from previous block
# <min> <max>
0	2

[block]
# block no. 1 follows, 38 sequences, length 16
# corresponding to MSA columns:
# 112-127
name=unknown_B
#
# <colnr> <probs for GDERKNQSTAVLIFYWHMCP>
#	G	D	E	R	K	N	Q	S	T	A	V	L	I	F	Y	W	H	M	C	P
0	0.01931	0.00888	0.01154	0.00952	0.01295	0.00798	0.00761	0.02254	0.06168	0.44185	0.19176	0.05409	0.10423	0.00978	0.00646	0.00192	0.00431	0.00825	0.00692	0.00844
1	0.01377	0.14788	0.53020	0.01601	0.02352	0.08100	0.04075	0.01981	0.04021	0.01815	0.01084	0.01254	0.00809	0.00574	0.00546	0.00179	0.00856	0.00437	0.00274	0.00854
2	0.00824	0.00551	0.00669	0.00740	0.00770	0.00533	0.00468	0.00902	0.01049	0.01448	0.02624	0.41699	0.03042	0.32891	0.01665	0.00372	0.00438	0.01272	0.07597	0.00445
3	0.01052	0.03818	0.01024	0.00892	0.01098	0.00904	0.00676	0.01713	0.23171	0.02192	0.34202	0.08865	0.11062	0.05674	0.00809	0.00219	0.00379	0.00986	0.00597	0.00667
4	0.00943	0.00643	0.00820	0.00807	0.00892	0.00686	0.00566	0.01118	0.03340	0.03279	0.01991	0.03147	0.04946	0.34960	0.33399	0.00677	0.00977	0.00762	0.05554	0.00491
5	0.00854	0.00619	0.00735	0.00740	0.00894	0.00555	0.00551	0.01039	0.01415	0.04339	0.24397	0.14537	0.32916	0.06854	0.00888	0.00236	0.00351	0.06965	0.00580	0.00534
6	0.01829	0.07338	0.07261	0.07091	0.03671	0.14698	0.01221	0.24117	0.21960	0.02516	0.01527	0.01569	0.01150	0.00691	0.00577	0.00181	0.00711	0.00530	0.00472	0.00891
7	0.09822	0.01106	0.01394	0.01079	0.01537	0.01029	0.00891	0.10233	0.01776	0.61462	0.02138	0.01889	0.01365	0.00726	0.00584	0.00186	0.00524	0.00573	0.00696	0.00991
8	0.01262	0.01117	0.01448	0.01034	0.01575	0.00865	0.07008	0.01551	0.01262	0.01957	0.01082	0.01280	0.00893	0.00451	0.00469	0.00099	0.00495	0.00387	0.00352	0.75411
9	0.01417	0.01506	0.01639	0.01454	0.01520	0.16516	0.01163	0.01546	0.01103	0.01454	0.01156	0.10563	0.01214	0.03687	0.01581	0.00250	0.50631	0.00652	0.00311	0.00636
10	0.01254	0.01164	0.04977	0.06371	0.18250	0.01048	0.07913	0.04421	0.03852	0.04421	0.04276	0.16813	0.06248	0.03180	0.00700	0.00197	0.00585	0.00828	0.00421	0.13081
11	0.01168	0.00718	0.00906	0.00822	0.01031	0.00666	0.00629	0.01507	0.06118	0.14100	0.47219	0.07286	0.13075	0.01189	0.00689	0.00194	0.00338	0.01033	0.00655	0.00655
12	0.01527	0.01379	0.03609	0.01230	0.04907	0.10460	0.03014	0.07324	0.06916	0.07438	0.07764	0.04654	0.03099	0.00691	0.00552	0.00147	0.00571	0.00570	0.00447	0.33699
13	0.05525	0.09677	0.05196	0.01304	0.05462	0.03574	0.05077	0.06232	0.07733	0.07593	0.01556	0.06209	0.01348	0.00740	0.00607	0.00168	0.03672	0.04955	0.02510	0.20866
14	0.06245	0.11697	0.15621	0.03016	0.01680	0.05251	0.02933	0.01832	0.07607	0.08242	0.05110	0.10727	0.05452	0.00847	0.00574	0.00180	0.00600	0.02653	0.00427	0.09304
15	0.06079	0.21073	0.11251	0.03504	0.03476	0.06319	0.04651	0.06322	0.03939	0.11106	0.03472	0.01742	0.06343	0.00670	0.00531	0.00165	0.00646	0.00523	0.00405	0.07783

[dist]
# distance from previous block
# <min> <max>
0	22

[block]
# block no. 2 follows, 38 sequences, length 11
# corresponding to MSA columns:
# 150-160
name=unknown_C
#
# <colnr> <probs for GDERKNQSTAVLIFYWHMCP>
#	G	D	E	R	K	N	Q	S	T	A	V	L	I	F	Y	W	H	M	C	P
0	0.12734	0.11588	0.24174	0.01205	0.01755	0.03495	0.01244	0.01971	0.07091	0.10013	0.03271	0.05808	0.01238	0.00677	0.00525	0.00171	0.00627	0.00524	0.00395	0.11495
1	0.07089	0.19932	0.23223	0.01459	0.02058	0.10427	0.10590	0.03880	0.01366	0.03884	0.01052	0.01227	0.00820	0.00549	0.00517	0.00161	0.00775	0.00433	0.00311	0.10248
2	0.07444	0.01497	0.08685	0.07409	0.02474	0.01299	0.32792	0.04945	0.01384	0.05764	0.01230	0.01531	0.00935	0.00750	0.04697	0.00220	0.00838	0.00567	0.00348	0.15190
3	0.01112	0.01003	0.01612	0.42005	0.11390	0.01199	0.01367	0.01412	0.01133	0.01524	0.01287	0.04354	0.01159	0.08978	0.11947	0.00353	0.06600	0.00621	0.00297	0.00646
4	0.52433	0.01275	0.01181	0.00975	0.01387	0.01417	0.00805	0.19686	0.01565	0.12522	0.01190	0.01234	0.00854	0.00624	0.00460	0.00185	0.00520	0.00416	0.00478	0.00793
5	0.01045	0.00522	0.00784	0.00784	0.00784	0.00522	0.00522	0.00784	0.00784	0.01045	0.01045	0.01829	0.01045	0.02090	0.02351	0.82497	0.00522	0.00522	0.00261	0.00261
6	0.01025	0.00530	0.00768	0.00768	0.00768	0.00530	0.00504	0.00795	0.00795	0.01059	0.01147	0.02081	0.01181	0.11268	0.02436	0.72705	0.00530	0.00565	0.00274	0.00274
7	0.01055	0.00627	0.00729	0.00697	0.00743	0.00613	0.00416	0.01078	0.00959	0.08521	0.01943	0.03750	0.02118	0.71132	0.02819	0.00544	0.00576	0.00848	0.00402	0.00430
8	0.02171	0.02075	0.01711	0.01425	0.01825	0.29606	0.01126	0.37783	0.11549	0.02764	0.01382	0.01413	0.01035	0.00696	0.00581	0.00174	0.00796	0.00502	0.00494	0.00893
9	0.04910	0.11049	0.07119	0.16305	0.20083	0.08792	0.02988	0.05899	0.11705	0.03599	0.01281	0.01492	0.01000	0.00611	0.00561	0.00180	0.00725	0.00506	0.00359	0.00838
10	0.01447	0.26179	0.21575	0.01340	0.03986	0.03584	0.04053	0.03447	0.04920	0.03580	0.03574	0.01363	0.01043	0.00568	0.00501	0.00150	0.00673	0.00439	0.00331	0.17248

[dist]
# distance from previous block
# <min> <max>
0	2

[block]
# block no. 3 follows, 38 sequences, length 30
# corresponding to MSA columns:
# 163-192
name=unknown_D
#
# <colnr> <probs for GDERKNQSTAVLIFYWHMCP>
#	G	D	E	R	K	N	Q	S	T	A	V	L	I	F	Y	W	H	M	C	P
0	0.15393	0.20896	0.03546	0.16534	0.06783	0.06611	0.01195	0.01739	0.01200	0.04615	0.01075	0.04600	0.00939	0.00695	0.00708	0.00186	0.11758	0.00487	0.00318	0.00721
1	0.04851	0.01343	0.04608	0.01183	0.01557	0.01393	0.00982	0.27526	0.23320	0.05608	0.12084	0.02271	0.03820	0.01069	0.05418	0.00240	0.00602	0.00673	0.00576	0.00874
2	0.00871	0.00599	0.00736	0.00736	0.00764	0.00627	0.00465	0.00926	0.00899	0.01226	0.01822	0.03531	0.02011	0.59671	0.22008	0.00682	0.00849	0.00815	0.00354	0.00409
3	0.01606	0.19014	0.06148	0.09672	0.20625	0.06668	0.03356	0.14611	0.01590	0.02058	0.01358	0.01652	0.04151	0.00661	0.00594	0.00175	0.02635	0.02231	0.00356	0.00835
4	0.21164	0.01117	0.01309	0.01027	0.01475	0.01077	0.00847	0.08902	0.01643	0.49598	0.01888	0.01717	0.01232	0.00689	0.00545	0.00182	0.00512	0.00526	0.00632	0.03918
5	0.06900	0.01004	0.01412	0.07629	0.09698	0.01057	0.07532	0.01735	0.17825	0.01977	0.05673	0.23335	0.07495	0.01108	0.00662	0.00212	0.00524	0.03030	0.00486	0.00708
6	0.01458	0.11721	0.31082	0.04891	0.02246	0.11787	0.08926	0.06233	0.01453	0.01910	0.07581	0.01557	0.01235	0.00658	0.00647	0.00183	0.04788	0.00520	0.00326	0.00799
7	0.01325	0.04660	0.16343	0.01719	0.12704	0.01203	0.11506	0.03910	0.03705	0.03924	0.06985	0.01821	0.01386	0.04411	0.04431	0.00223	0.00722	0.00567	0.00365	0.18091
8	0.11512	0.01466	0.04811	0.01147	0.01569	0.07365	0.00961	0.22370	0.11658	0.13095	0.01602	0.01611	0.01165	0.00676	0.00538	0.00171	0.00578	0.00512	0.08935	0.08259
9	0.17925	0.16021	0.13314	0.01354	0.03375	0.10868	0.05629	0.08197	0.08181	0.07973	0.01239	0.01327	0.00936	0.00609	0.00513	0.00175	0.00701	0.00453	0.00391	0.00821
10	0.01258	0.01057	0.05692	0.04002	0.04840	0.00900	0.02658	0.05935	0.05911	0.07718	0.11271	0.13833	0.09123	0.02469	0.00660	0.00185	0.00480	0.00834	0.04221	0.16953
11	0.01820	0.05000	0.01215	0.00911	0.01250	0.01027	0.00743	0.16875	0.01711	0.22111	0.01858	0.01905	0.01345	0.00694	0.00507	0.00158	0.00450	0.00545	0.34748	0.05127
12	0.01054	0.00838	0.01187	0.10036	0.13103	0.00834	0.00898	0.03338	0.01342	0.03741	0.13898	0.17658	0.12660	0.09133	0.03849	0.00267	0.00533	0.00982	0.00469	0.04178
13	0.83108	0.01163	0.00884	0.00791	0.01163	0.01350	0.00651	0.01768	0.01024	0.02699	0.00838	0.00977	0.00651	0.00558	0.00372	0.00186	0.00465	0.00326	0.00372	0.00651
14	0.00822	0.00573	0.00725	0.00775	0.00806	0.00579	0.00501	0.00897	0.00989	0.01337	0.02347	0.29995	0.02700	0.38620	0.15127	0.00531	0.00681	0.01130	0.00426	0.00439
15	0.01298	0.11893	0.52102	0.01837	0.07830	0.01550	0.07601	0.01866	0.01266	0.01829	0.01050	0.01280	0.00791	0.00582	0.00634	0.00187	0.04817	0.00462	0.00262	0.00862
16	0.01359	0.14193	0.53233	0.04493	0.02476	0.01551	0.05866	0.04509	0.01339	0.04041	0.01102	0.01286	0.00804	0.00571	0.00555	0.00182	0.00837	0.00453	0.00285	0.00868
17	0.02323	0.01627	0.01769	0.01356	0.01836	0.01779	0.01121	0.66906	0.02731	0.10123	0.01526	0.01498	0.01064	0.00724	0.00602	0.00181	0.00649	0.00547	0.00614	0.01023
18	0.00757	0.00560	0.00707	0.00778	0.00868	0.00511	0.00542	0.00912	0.01320	0.01756	0.20499	0.48112	0.17139	0.01667	0.00744	0.00224	0.00326	0.01486	0.00583	0.00511
19	0.07205	0.10946	0.19989	0.07956	0.09491	0.04933	0.08428	0.05703	0.01423	0.10489	0.03178	0.01553	0.02336	0.00636	0.00610	0.00184	0.03224	0.00519	0.00367	0.00831
20	0.01298	0.00844	0.01107	0.04516	0.01329	0.00855	0.03015	0.03247	0.13329	0.13694	0.14887	0.20354	0.02906	0.09518	0.02661	0.00266	0.00491	0.02839	0.02158	0.00685
21	0.00811	0.00609	0.00741	0.00715	0.00862	0.00550	0.00527	0.01039	0.01553	0.02108	0.50258	0.07198	0.24045	0.05330	0.00833	0.00215	0.00307	0.01146	0.00616	0.00539
22	0.04759	0.05459	0.27865	0.13752	0.11056	0.01352	0.01605	0.04677	0.01386	0.15110	0.01325	0.01501	0.00952	0.00627	0.00617	0.00188	0.03542	0.00498	0.02873	0.00858
23	0.01474	0.03634	0.19751	0.08043	0.30551	0.03437	0.08146	0.01965	0.04469	0.07317	0.04478	0.01638	0.01167	0.00606	0.00601	0.00186	0.00754	0.00556	0.00347	0.00881
24	0.01824	0.00888	0.01128	0.00951	0.01251	0.00836	0.00736	0.02186	0.09907	0.37909	0.09945	0.04611	0.06466	0.13810	0.04537	0.00292	0.00531	0.00774	0.00624	0.00796
25	0.00870	0.00570	0.00711	0.00743	0.00795	0.00550	0.00494	0.00934	0.01116	0.01527	0.13368	0.21784	0.06160	0.27677	0.01731	0.11614	0.00444	0.03805	0.04674	0.00435
26	0.01587	0.05558	0.04656	0.10931	0.22043	0.03215	0.09266	0.03962	0.01437	0.15873	0.01835	0.10660	0.04731	0.00789	0.00622	0.00191	0.00669	0.00719	0.00427	0.00826
27	0.01486	0.12859	0.38522	0.03798	0.11557	0.01525	0.03963	0.05268	0.05863	0.07747	0.01259	0.01405	0.00929	0.00594	0.00561	0.00181	0.00770	0.00482	0.00338	0.00894
28	0.01252	0.01549	0.13603	0.01818	0.07467	0.04091	0.23072	0.01732	0.07237	0.01798	0.01657	0.12953	0.01554	0.04472	0.05840	0.00276	0.06041	0.02482	0.00365	0.00741
29	0.78017	0.01231	0.00993	0.00869	0.01247	0.03724	0.02915	0.01793	0.01058	0.02636	0.00852	0.01001	0.00664	0.00559	0.00388	0.00186	0.00502	0.00340	0.00368	0.00658

[dist]
# distance from previous block
# <min> <max>
0	2

[block]
# block no. 4 follows, 38 sequences, length 23
# corresponding to MSA columns:
# 195-217
name=unknown_E
#
# <colnr> <probs for GDERKNQSTAVLIFYWHMCP>
#	G	D	E	R	K	N	Q	S	T	A	V	L	I	F	Y	W	H	M	C	P
0	0.00880	0.00583	0.00661	0.00664	0.00683	0.00583	0.00388	0.00910	0.00921	0.01257	0.02047	0.05792	0.04249	0.67806	0.05208	0.00551	0.00586	0.00883	0.04961	0.00389
1	0.01605	0.62891	0.02941	0.01170	0.01641	0.05010	0.05587	0.03433	0.01274	0.01531	0.00909	0.01080	0.00811	0.00559	0.00509	0.00144	0.05054	0.00373	0.02716	0.00765
2	0.83108	0.01163	0.00884	0.00791	0.01163	0.01350	0.00651	0.01768	0.01024	0.02699	0.00838	0.00977	0.00651	0.00558	0.00372	0.00186	0.00465	0.00326	0.00372	0.00651
3	0.00743	0.00577	0.00677	0.00723	0.00850	0.00511	0.00515	0.00900	0.01343	0.01725	0.16759	0.33658	0.35642	0.01613	0.00733	0.00217	0.00318	0.01409	0.00576	0.00511
4	0.00748	0.00543	0.00700	0.00815	0.00871	0.00503	0.00555	0.00864	0.01187	0.01566	0.05715	0.63843	0.10896	0.04811	0.00852	0.00253	0.00358	0.03878	0.00554	0.00490
5	0.68433	0.01169	0.00997	0.00857	0.01247	0.01311	0.00706	0.05325	0.01204	0.12553	0.01073	0.01144	0.00782	0.00591	0.00415	0.00186	0.00481	0.00374	0.00433	0.00719
6	0.00875	0.00583	0.00656	0.00656	0.00656	0.00583	0.00365	0.00875	0.00875	0.01166	0.01895	0.03937	0.02187	0.78858	0.03062	0.00583	0.00583	0.00875	0.00365	0.00365
7	0.02287	0.01685	0.01805	0.01384	0.01866	0.01866	0.01143	0.73100	0.02828	0.03791	0.01444	0.01444	0.01023	0.00722	0.00602	0.00181	0.00662	0.00542	0.00602	0.01023
8	0.01420	0.01623	0.03550	0.02535	0.03144	0.01521	0.72921	0.01927	0.01420	0.01927	0.01217	0.01623	0.00913	0.00507	0.00710	0.00203	0.01014	0.00710	0.00304	0.00811
9	0.83108	0.01163	0.00884	0.00791	0.01163	0.01350	0.00651	0.01768	0.01024	0.02699	0.00838	0.00977	0.00651	0.00558	0.00372	0.00186	0.00465	0.00326	0.00372	0.00651
10	0.10569	0.01062	0.01361	0.01055	0.01512	0.00967	0.00871	0.05452	0.01695	0.65688	0.02188	0.01920	0.01389	0.00725	0.00582	0.00186	0.00513	0.00575	0.00703	0.00987
11	0.01952	0.00964	0.01138	0.00938	0.01274	0.00949	0.00753	0.11310	0.08635	0.32509	0.02112	0.02061	0.01483	0.00733	0.00538	0.00170	0.00443	0.00588	0.30605	0.00847
12	0.00838	0.00578	0.00718	0.00789	0.00822	0.00566	0.00524	0.00917	0.01050	0.01393	0.02595	0.30929	0.03017	0.39843	0.01910	0.00416	0.00495	0.11700	0.00462	0.00437
13	0.01404	0.00755	0.00989	0.00880	0.01112	0.00694	0.00677	0.01719	0.05087	0.23533	0.41574	0.12727	0.04070	0.01149	0.00682	0.00196	0.00367	0.01004	0.00671	0.00709
14	0.18781	0.01303	0.01441	0.01134	0.01582	0.01357	0.00934	0.28437	0.04219	0.32227	0.01724	0.01616	0.01159	0.00701	0.00557	0.00185	0.00556	0.00528	0.00613	0.00946
15	0.00770	0.00582	0.00723	0.00812	0.00919	0.00535	0.00597	0.00923	0.01265	0.01623	0.05922	0.41192	0.25505	0.01791	0.02724	0.00254	0.00399	0.12403	0.00554	0.00508
16	0.00760	0.00572	0.00707	0.00779	0.00884	0.00519	0.00558	0.00917	0.01312	0.01712	0.15024	0.42241	0.23960	0.01669	0.00747	0.00227	0.00340	0.05985	0.00574	0.00510
17	0.01134	0.00609	0.00619	0.00614	0.00765	0.00622	0.00461	0.01505	0.06177	0.02239	0.02039	0.04699	0.01640	0.00747	0.00445	0.00148	0.00296	0.00606	0.74052	0.00585
18	0.11373	0.10469	0.01533	0.01042	0.01464	0.01238	0.00871	0.11964	0.04078	0.39009	0.05014	0.01892	0.01462	0.03127	0.00628	0.00190	0.00528	0.00562	0.02658	0.00897
19	0.00909	0.00735	0.00851	0.00970	0.01056	0.05687	0.00727	0.01071	0.01262	0.01614	0.03114	0.50872	0.03601	0.01730	0.00772	0.00248	0.00463	0.23255	0.00540	0.00523
20	0.08669	0.01484	0.07348	0.05744	0.13064	0.01357	0.28855	0.08034	0.01504	0.08071	0.04081	0.04049	0.03607	0.00662	0.00633	0.00194	0.00764	0.00662	0.00394	0.00824
21	0.01493	0.04900	0.21584	0.07278	0.09235	0.01435	0.33349	0.01988	0.01386	0.09583	0.01271	0.01538	0.00925	0.00558	0.00633	0.00193	0.00874	0.00589	0.00333	0.00855
22	0.01437	0.01249	0.02130	0.27642	0.18101	0.01320	0.14102	0.04281	0.01367	0.08278	0.01314	0.04696	0.01055	0.00650	0.00678	0.00191	0.04224	0.00608	0.00351	0.06324

[dist]
# distance from previous block
# <min> <max>
5	9

[block]
# block no. 5 follows, 38 sequences, length 13
# corresponding to MSA columns:
# 229-241
name=unknown_F
#
# <colnr> <probs for GDERKNQSTAVLIFYWHMCP>
#	G	D	E	R	K	N	Q	S	T	A	V	L	I	F	Y	W	H	M	C	P
0	0.01531	0.09352	0.07920	0.26677	0.13808	0.08539	0.05436	0.07799	0.03334	0.04429	0.01150	0.01454	0.00891	0.00620	0.00645	0.00186	0.04592	0.00509	0.00329	0.00799
1	0.00875	0.00583	0.00656	0.00656	0.00656	0.00583	0.00365	0.00875	0.00875	0.01166	0.01895	0.03937	0.02187	0.78858	0.03062	0.00583	0.00583	0.00875	0.00365	0.00365
2	0.02102	0.00892	0.01184	0.00958	0.01326	0.00775	0.00772	0.02327	0.01653	0.52645	0.13554	0.05968	0.11233	0.00958	0.00640	0.00191	0.00446	0.00803	0.00702	0.00871
3	0.00744	0.00606	0.00659	0.00656	0.00836	0.00520	0.00488	0.00924	0.01434	0.01799	0.21517	0.09670	0.55097	0.01478	0.00714	0.00202	0.00303	0.01254	0.00582	0.00520
4	0.00790	0.00573	0.00721	0.00811	0.00884	0.00538	0.00572	0.00916	0.01195	0.01561	0.06080	0.42973	0.14330	0.13829	0.01125	0.00294	0.00406	0.11386	0.00531	0.00484
5	0.01244	0.00766	0.00949	0.00843	0.01063	0.00719	0.00650	0.07178	0.01695	0.13820	0.41866	0.04080	0.13675	0.05521	0.00820	0.00215	0.00378	0.03225	0.00636	0.00656
6	0.02461	0.01405	0.01632	0.01251	0.01726	0.01450	0.01034	0.43397	0.02360	0.34156	0.01838	0.01700	0.01220	0.00732	0.00603	0.00183	0.00598	0.00568	0.00662	0.01023
7	0.73108	0.01175	0.00965	0.00839	0.01224	0.01334	0.00692	0.04945	0.01158	0.08640	0.00988	0.01084	0.00735	0.00581	0.00401	0.00186	0.00478	0.00358	0.00412	0.00698
8	0.00874	0.00587	0.00675	0.00675	0.00681	0.00593	0.00388	0.00887	0.00880	0.01180	0.01878	0.03842	0.02146	0.74402	0.07463	0.00606	0.00645	0.00861	0.00362	0.00375
9	0.01366	0.01132	0.01840	0.12533	0.37387	0.01140	0.03918	0.01683	0.01326	0.06378	0.01567	0.10992	0.01402	0.00737	0.00594	0.00183	0.00616	0.00685	0.10429	0.04090
10	0.02122	0.01587	0.01717	0.01306	0.01796	0.01697	0.01075	0.61745	0.02578	0.03501	0.01385	0.01413	0.01002	0.00678	0.00577	0.00166	0.00628	0.00512	0.00563	0.13953
11	0.12533	0.05365	0.01532	0.33971	0.04549	0.01178	0.02870	0.01585	0.01220	0.08776	0.01599	0.16011	0.01478	0.00999	0.03643	0.00232	0.00669	0.00730	0.00386	0.00678
12	0.11648	0.01081	0.01170	0.00978	0.01287	0.01156	0.02766	0.27098	0.01808	0.05339	0.01830	0.07400	0.03170	0.00793	0.00526	0.00173	0.00474	0.00631	0.29919	0.00754

[dist]
# distance from previous block
# <min> <max>
0	2

[block]
# block no. 6 follows, 38 sequences, length 8
# corresponding to MSA columns:
# 244-251
name=unknown_G
#
# <colnr> <probs for GDERKNQSTAVLIFYWHMCP>
#	G	D	E	R	K	N	Q	S	T	A	V	L	I	F	Y	W	H	M	C	P
0	0.01361	0.08250	0.05740	0.01169	0.01564	0.01118	0.08623	0.10113	0.03299	0.06074	0.09044	0.14611	0.02008	0.04979	0.00725	0.00192	0.00555	0.00765	0.00458	0.19352
1	0.01354	0.01331	0.01898	0.01868	0.12481	0.01757	0.01369	0.01629	0.06111	0.01599	0.00957	0.01407	0.00887	0.00960	0.01674	0.00247	0.60917	0.00539	0.00293	0.00722
2	0.07245	0.04594	0.17248	0.01576	0.07455	0.01281	0.10816	0.09679	0.05013	0.12170	0.03176	0.10196	0.01508	0.00797	0.00607	0.00194	0.00662	0.02389	0.02563	0.00831
3	0.01604	0.04304	0.01876	0.04623	0.14157	0.13491	0.06284	0.13471	0.01600	0.02094	0.04435	0.03215	0.03477	0.00706	0.00716	0.00172	0.08499	0.00558	0.00383	0.14336
4	0.00998	0.00695	0.00880	0.00864	0.00979	0.00732	0.00633	0.01211	0.04644	0.05781	0.02662	0.12394	0.12896	0.21096	0.21603	0.00508	0.04488	0.03488	0.02907	0.00540
5	0.00833	0.00612	0.00875	0.00905	0.00985	0.00676	0.00668	0.01001	0.00997	0.01402	0.02014	0.19150	0.02118	0.11906	0.52075	0.00768	0.01226	0.00902	0.00378	0.00508
6	0.04539	0.13291	0.15594	0.05575	0.02296	0.05066	0.20399	0.08705	0.04148	0.05780	0.01300	0.04382	0.01034	0.00626	0.00581	0.00180	0.00777	0.00565	0.00364	0.04798
7	0.09451	0.15687	0.16638	0.08721	0.06805	0.04959	0.04783	0.05736	0.06158	0.09809	0.01260	0.01396	0.00945	0.00596	0.00530	0.00173	0.00699	0.00469	0.00374	0.04811

[dist]
# distance from previous block
# <min> <max>
1	3

[block]
# block no. 7 follows, 38 sequences, length 44
# corresponding to MSA columns:
# 289-315,319-335
name=unknown_H
#
# <colnr> <probs for GDERKNQSTAVLIFYWHMCP>
#	G	D	E	R	K	N	Q	S	T	A	V	L	I	F	Y	W	H	M	C	P
0	0.00796	0.00600	0.00687	0.00709	0.00859	0.00528	0.00514	0.00954	0.01354	0.03418	0.15206	0.22689	0.41326	0.05023	0.00830	0.00229	0.00335	0.02854	0.00569	0.00519
1	0.05695	0.05650	0.04985	0.03505	0.04615	0.01424	0.05724	0.18891	0.20592	0.08144	0.05153	0.07757	0.03564	0.00829	0.00607	0.00193	0.00581	0.00698	0.00527	0.00866
2	0.00806	0.00621	0.00722	0.00767	0.00902	0.00577	0.00553	0.01061	0.06082	0.01756	0.11863	0.34507	0.30203	0.01568	0.00721	0.00218	0.00337	0.03006	0.03193	0.00538
3	0.01258	0.01085	0.01301	0.01017	0.04733	0.00830	0.00764	0.01530	0.01253	0.01960	0.01072	0.01258	0.00894	0.00450	0.00452	0.00093	0.00458	0.00364	0.00354	0.78873
4	0.01915	0.01490	0.01585	0.01293	0.01708	0.01670	0.01043	0.42633	0.31174	0.03205	0.02011	0.01919	0.03987	0.00788	0.00610	0.00191	0.00575	0.00623	0.00604	0.00976
5	0.00740	0.00526	0.00696	0.00829	0.00862	0.00493	0.00549	0.00839	0.01138	0.01517	0.03245	0.74767	0.03890	0.05704	0.00882	0.00261	0.00361	0.01669	0.00549	0.00482
6	0.01316	0.01316	0.01843	0.01579	0.01579	0.01843	0.01316	0.01448	0.00921	0.01448	0.00790	0.01316	0.00790	0.01053	0.01974	0.00263	0.77757	0.00526	0.00263	0.00658
7	0.00808	0.00613	0.00743	0.00711	0.00872	0.00549	0.00533	0.01050	0.01599	0.02166	0.53328	0.04898	0.27290	0.01322	0.00710	0.00194	0.00290	0.01145	0.00630	0.00549
8	0.00858	0.00599	0.00738	0.00740	0.00783	0.00618	0.00479	0.00934	0.00965	0.01309	0.05211	0.05644	0.05796	0.51297	0.20914	0.00633	0.00804	0.00869	0.00382	0.00426
9	0.83108	0.01163	0.00884	0.00791	0.01163	0.01350	0.00651	0.01768	0.01024	0.02699	0.00838	0.00977	0.00651	0.00558	0.00372	0.00186	0.00465	0.00326	0.00372	0.00651
10	0.01384	0.22003	0.30294	0.01804	0.13025	0.01566	0.07624	0.01817	0.01296	0.04393	0.01290	0.06864	0.01123	0.00671	0.00560	0.00180	0.00751	0.02213	0.00312	0.00831
11	0.04056	0.03380	0.08894	0.01365	0.01795	0.12617	0.03941	0.11236	0.36582	0.07009	0.01835	0.01781	0.01362	0.00721	0.00588	0.00189	0.00656	0.00576	0.00513	0.00903
12	0.01608	0.79220	0.03152	0.01029	0.01544	0.02380	0.01029	0.01801	0.01222	0.01415	0.00836	0.00965	0.00772	0.00515	0.00386	0.00129	0.00643	0.00322	0.00257	0.00772
13	0.03872	0.08189	0.14182	0.12457	0.23297	0.01427	0.07943	0.04273	0.03726	0.11239	0.01315	0.01531	0.00984	0.00592	0.00577	0.00183	0.00725	0.00526	0.02092	0.00870
14	0.00813	0.00613	0.00751	0.00717	0.00875	0.00551	0.00538	0.01061	0.01613	0.02199	0.56143	0.04845	0.24454	0.01310	0.00710	0.00193	0.00289	0.01137	0.00634	0.00551
15	0.00711	0.00609	0.00609	0.00609	0.00813	0.00508	0.00457	0.00863	0.01371	0.01625	0.06094	0.05789	0.74862	0.01524	0.00711	0.00203	0.00305	0.01270	0.00559	0.00508
16	0.03683	0.03000	0.03048	0.00950	0.01478	0.00940	0.00788	0.05162	0.02953	0.05240	0.01163	0.01300	0.00932	0.00488	0.00463	0.00106	0.00475	0.00384	0.00387	0.67061
17	0.03553	0.05009	0.07193	0.05013	0.24651	0.01396	0.04889	0.06736	0.17875	0.07028	0.01804	0.01928	0.05241	0.00861	0.04002	0.00223	0.00683	0.00606	0.00430	0.00880
18	0.01391	0.09517	0.40134	0.03418	0.04429	0.04119	0.11959	0.03599	0.02997	0.05209	0.06509	0.01593	0.01210	0.00623	0.00588	0.00185	0.00809	0.00535	0.00333	0.00844
19	0.01047	0.01002	0.07831	0.03124	0.01440	0.03215	0.01066	0.03331	0.01394	0.01819	0.02832	0.13959	0.03051	0.01500	0.00778	0.00257	0.00588	0.50656	0.00513	0.00598
20	0.02335	0.01608	0.01757	0.01347	0.01827	0.01751	0.01113	0.64889	0.02699	0.12185	0.01553	0.01515	0.01078	0.00725	0.00602	0.00181	0.00644	0.00549	0.00618	0.01023
21	0.01248	0.01844	0.28081	0.23645	0.10200	0.01297	0.10259	0.01740	0.01305	0.03945	0.02911	0.03919	0.01192	0.00691	0.00624	0.00200	0.00802	0.04989	0.00318	0.00788
22	0.01611	0.28956	0.30058	0.01461	0.02117	0.01721	0.08508	0.06693	0.01424	0.10397	0.01183	0.01301	0.00882	0.00576	0.00527	0.00169	0.00758	0.00453	0.00340	0.00865
23	0.00736	0.00529	0.00699	0.00827	0.00871	0.00492	0.00555	0.00848	0.01178	0.01568	0.05811	0.73561	0.06394	0.01851	0.00764	0.00241	0.00345	0.01675	0.00562	0.00492
24	0.01877	0.01043	0.01250	0.04037	0.01471	0.03653	0.00852	0.13754	0.03525	0.31127	0.06344	0.20138	0.02193	0.01027	0.00637	0.00197	0.00505	0.00872	0.04677	0.00821
25	0.03745	0.15745	0.09780	0.11052	0.08166	0.08303	0.07990	0.09932	0.03941	0.03567	0.02576	0.01412	0.00988	0.00588	0.00543	0.00165	0.00729	0.00482	0.00354	0.09942
26	0.01246	0.00899	0.01135	0.05922	0.01370	0.02552	0.02368	0.05087	0.05731	0.06932	0.06702	0.12714	0.05011	0.03715	0.04187	0.00251	0.09242	0.07276	0.17014	0.00646
27	0.00882	0.00587	0.00675	0.00675	0.00686	0.00594	0.00393	0.00905	0.00894	0.01217	0.01878	0.03774	0.02119	0.71225	0.08046	0.00596	0.00645	0.00849	0.02980	0.00383
28	0.01296	0.03247	0.20790	0.01560	0.10864	0.01155	0.04596	0.04984	0.08245	0.04451	0.11350	0.06861	0.04293	0.00781	0.00600	0.00177	0.00607	0.00677	0.00426	0.13039
29	0.12451	0.21126	0.16516	0.01414	0.03777	0.31965	0.01290	0.02061	0.01405	0.01717	0.00930	0.01089	0.00760	0.00575	0.00489	0.00160	0.00849	0.00379	0.00294	0.00754
30	0.01559	0.01152	0.01509	0.01464	0.15066	0.00992	0.00971	0.05371	0.03025	0.13260	0.03249	0.01530	0.01145	0.00550	0.00516	0.00130	0.00513	0.00463	0.00430	0.47104
31	0.01177	0.06606	0.08449	0.03208	0.08971	0.01112	0.11444	0.01626	0.07360	0.03717	0.22271	0.04941	0.11019	0.00948	0.00679	0.00195	0.02001	0.03081	0.00472	0.00721
32	0.01043	0.01021	0.05650	0.01003	0.01262	0.03385	0.04336	0.01605	0.15905	0.02147	0.32712	0.08978	0.16260	0.01148	0.00680	0.00198	0.00431	0.01001	0.00572	0.00664
33	0.00764	0.00564	0.00711	0.00779	0.00863	0.00524	0.00540	0.00907	0.01258	0.01671	0.15814	0.44652	0.16562	0.06579	0.04646	0.00284	0.00407	0.01422	0.00552	0.00500
34	0.01262	0.01299	0.09403	0.05816	0.07195	0.03543	0.01079	0.02029	0.25152	0.04531	0.11156	0.06888	0.12471	0.00979	0.00678	0.00202	0.02581	0.02455	0.00508	0.00773
35	0.01316	0.01316	0.01843	0.01579	0.01579	0.01843	0.01316	0.01448	0.00921	0.01448	0.00790	0.01316	0.00790	0.01053	0.01974	0.00263	0.77757	0.00526	0.00263	0.00658
36	0.01511	0.05121	0.14556	0.01406	0.07317	0.03214	0.02967	0.14036	0.03905	0.03782	0.03153	0.01430	0.01058	0.00570	0.00528	0.00144	0.00618	0.00460	0.00394	0.33831
37	0.80356	0.01160	0.00915	0.03363	0.01263	0.01349	0.00686	0.01761	0.01030	0.02660	0.00845	0.00998	0.00657	0.00560	0.00380	0.00187	0.00477	0.00333	0.00369	0.00652
38	0.79909	0.01174	0.00945	0.00905	0.04061	0.01353	0.00698	0.01771	0.01037	0.02670	0.00849	0.00997	0.00663	0.00558	0.00381	0.00186	0.00475	0.00334	0.00369	0.00663
39	0.01316	0.01316	0.01843	0.01579	0.01579	0.01843	0.01316	0.01448	0.00921	0.01448	0.00790	0.01316	0.00790	0.01053	0.01974	0.00263	0.77757	0.00526	0.00263	0.00658
40	0.00868	0.00610	0.00794	0.00794	0.00842	0.00658	0.00537	0.00963	0.00916	0.01269	0.01769	0.03238	0.01884	0.45827	0.35678	0.00754	0.01040	0.00773	0.00346	0.00441
41	0.00818	0.00604	0.00735	0.00737	0.00859	0.00556	0.00533	0.01007	0.01419	0.01906	0.35756	0.12516	0.20575	0.13797	0.01099	0.00266	0.00359	0.05372	0.00574	0.00513
42	0.01290	0.01068	0.01252	0.00896	0.01429	0.00804	0.00718	0.01556	0.01261	0.04101	0.01107	0.01271	0.00908	0.00454	0.00450	0.00092	0.00447	0.00364	0.00368	0.80164
43	0.07625	0.01112	0.01382	0.01086	0.01524	0.01060	0.00890	0.11263	0.06856	0.53654	0.05585	0.02035	0.01601	0.00758	0.00595	0.00187	0.00514	0.00607	0.00690	0.00973

[dist]
# distance from previous block
# <min> <max>
0	4

[block]
# block no. 8 follows, 38 sequences, length 12
# corresponding to MSA columns:
# 340-351
name=unknown_I
#
# <colnr> <probs for GDERKNQSTAVLIFYWHMCP>
#	G	D	E	R	K	N	Q	S	T	A	V	L	I	F	Y	W	H	M	C	P
0	0.01339	0.01413	0.05661	0.02230	0.14262	0.01336	0.35708	0.01716	0.01334	0.04114	0.05307	0.08630	0.01492	0.03720	0.00907	0.00221	0.08721	0.00763	0.00354	0.00770
1	0.01406	0.01345	0.02293	0.20954	0.58490	0.01408	0.01805	0.01774	0.01331	0.01865	0.01117	0.01516	0.00918	0.00551	0.00597	0.00184	0.00735	0.00536	0.00291	0.00886
2	0.01475	0.04562	0.14879	0.02298	0.18810	0.06087	0.23657	0.05046	0.01400	0.01928	0.01105	0.01417	0.00876	0.00587	0.00732	0.00187	0.07830	0.00545	0.00306	0.06272
3	0.01491	0.01001	0.01175	0.01011	0.01309	0.01033	0.00800	0.08563	0.19282	0.15811	0.15297	0.03080	0.15173	0.01179	0.04630	0.00234	0.03752	0.00808	0.00596	0.03776
4	0.00867	0.00629	0.00909	0.00917	0.01015	0.00715	0.00697	0.01064	0.00988	0.01435	0.01753	0.07112	0.01702	0.09000	0.63018	0.00854	0.01396	0.00720	0.04687	0.00524
5	0.01062	0.03560	0.01502	0.08657	0.06895	0.03735	0.12015	0.01321	0.01359	0.01782	0.12559	0.17329	0.15296	0.01162	0.00718	0.01943	0.00556	0.05020	0.02907	0.00622
6	0.01625	0.27292	0.22288	0.01691	0.11871	0.13806	0.01488	0.06639	0.04698	0.01836	0.01069	0.01226	0.00858	0.00577	0.00514	0.00163	0.00784	0.00425	0.00309	0.00841
7	0.00875	0.00583	0.00656	0.00656	0.00656	0.00583	0.00365	0.00875	0.00875	0.01166	0.01895	0.03937	0.02187	0.78858	0.03062	0.00583	0.00583	0.00875	0.00365	0.00365
8	0.00761	0.00556	0.00669	0.00747	0.00810	0.00514	0.00492	0.00852	0.01135	0.01470	0.03587	0.45819	0.18780	0.19417	0.01280	0.00313	0.00393	0.01425	0.00514	0.00464
9	0.05531	0.09812	0.06118	0.14043	0.15270	0.03699	0.13396	0.09991	0.07346	0.02092	0.01354	0.01819	0.01112	0.00660	0.00597	0.00190	0.00743	0.05038	0.00368	0.00821
10	0.01433	0.12127	0.18116	0.13941	0.11695	0.06230	0.06640	0.01865	0.03513	0.05680	0.01405	0.01704	0.03774	0.00633	0.00568	0.00176	0.00744	0.02291	0.00333	0.07130
11	0.00974	0.00793	0.01194	0.13566	0.01623	0.00815	0.07862	0.01168	0.01152	0.01495	0.02459	0.04167	0.10450	0.32358	0.01663	0.00372	0.00623	0.16344	0.00407	0.00517

[dist]
# distance from previous block
# <min> <max>
0	48

# created by:
# /home/cegg/simao/soft/augustus-3.2.1/scripts/msa2prfl.pl ./align_prep/EOG091G0L5H.fa
