[name]
unknown

[dist]
# distance from previous block
# <min> <max>
0	43

[block]
# block no. 0 follows, 49 sequences, length 23
# corresponding to MSA columns:
# 43-65
name=unknown_A
#
# <colnr> <probs for GDERKNQSTAVLIFYWHMCP>
#	G	D	E	R	K	N	Q	S	T	A	V	L	I	F	Y	W	H	M	C	P
0	0.00815	0.00582	0.00815	0.00931	0.01048	0.00582	0.00815	0.01048	0.01164	0.01513	0.02677	0.05704	0.02910	0.01397	0.00698	0.00233	0.00466	0.75671	0.00466	0.00466
1	0.00716	0.00517	0.00676	0.00636	0.00755	0.00477	0.00477	0.00954	0.01431	0.02028	0.78808	0.03777	0.04771	0.01034	0.00596	0.00159	0.00239	0.00914	0.00557	0.00477
2	0.00955	0.00899	0.01517	0.81013	0.03483	0.01123	0.01404	0.01292	0.01011	0.01292	0.00899	0.01348	0.00674	0.00506	0.00506	0.00169	0.00674	0.00449	0.00225	0.00562
3	0.01255	0.01198	0.02036	0.06680	0.71278	0.01210	0.03520	0.03730	0.01181	0.01679	0.00958	0.01258	0.00796	0.00457	0.00504	0.00152	0.00610	0.00454	0.00257	0.00788
4	0.00616	0.00440	0.00587	0.00704	0.00733	0.00411	0.00469	0.00704	0.00968	0.01291	0.02787	0.81899	0.03344	0.01584	0.00645	0.00205	0.00293	0.01438	0.00469	0.00411
5	0.01238	0.01187	0.02027	0.06761	0.75526	0.01198	0.01545	0.01540	0.01145	0.01635	0.00949	0.01256	0.00795	0.00453	0.00501	0.00151	0.00604	0.00450	0.00249	0.00790
6	0.00741	0.00528	0.00683	0.00677	0.00712	0.00576	0.00458	0.00815	0.00767	0.01064	0.01473	0.02724	0.01578	0.48905	0.33269	0.00610	0.03109	0.00651	0.00290	0.00371
7	0.01106	0.01106	0.01549	0.01328	0.01328	0.01549	0.01106	0.01217	0.00774	0.01217	0.00664	0.01106	0.00664	0.00885	0.01659	0.00221	0.81303	0.00443	0.00221	0.00553
8	0.01014	0.02616	0.79609	0.01441	0.02189	0.01174	0.01868	0.01601	0.01068	0.01601	0.00907	0.01068	0.00641	0.00480	0.00480	0.00160	0.00747	0.00374	0.00214	0.00747
9	0.01196	0.01403	0.07459	0.02316	0.20485	0.01254	0.54926	0.01603	0.01176	0.01626	0.00999	0.01320	0.00767	0.00435	0.00567	0.00165	0.00787	0.00549	0.00252	0.00714
10	0.01252	0.01201	0.02053	0.03104	0.79074	0.01201	0.01552	0.01552	0.01151	0.01652	0.00951	0.01252	0.00801	0.00451	0.00501	0.00150	0.00601	0.00451	0.00250	0.00801
11	0.00616	0.00440	0.00587	0.00704	0.00733	0.00411	0.00469	0.00704	0.00968	0.01291	0.02787	0.81899	0.03344	0.01584	0.00645	0.00205	0.00293	0.01438	0.00469	0.00411
12	0.00616	0.00440	0.00587	0.00704	0.00733	0.00411	0.00469	0.00704	0.00968	0.01291	0.02787	0.81899	0.03344	0.01584	0.00645	0.00205	0.00293	0.01438	0.00469	0.00411
13	0.01217	0.01166	0.01990	0.12146	0.70301	0.01192	0.01535	0.01522	0.01135	0.01610	0.00945	0.01263	0.00786	0.00457	0.00501	0.00152	0.00609	0.00450	0.00247	0.00773
14	0.01210	0.01175	0.02053	0.12788	0.64025	0.01197	0.07063	0.01524	0.01137	0.01605	0.00950	0.01272	0.00783	0.00456	0.00508	0.00154	0.00628	0.00461	0.00247	0.00762
15	0.00699	0.00504	0.00661	0.00648	0.00752	0.00466	0.00476	0.00912	0.01353	0.01903	0.65955	0.16985	0.04530	0.01127	0.00605	0.00167	0.00248	0.01003	0.00542	0.00466
16	0.01332	0.77878	0.07132	0.00899	0.01350	0.01953	0.00924	0.01519	0.01030	0.01214	0.00715	0.00826	0.00648	0.00435	0.00334	0.00111	0.00553	0.00276	0.00216	0.00655
17	0.00717	0.00483	0.00557	0.00575	0.00579	0.00478	0.00331	0.00731	0.00770	0.01027	0.01773	0.15154	0.02065	0.70074	0.02283	0.00447	0.00461	0.00841	0.00331	0.00322
18	0.00624	0.00501	0.00550	0.00561	0.00696	0.00435	0.00407	0.00757	0.01149	0.01438	0.15727	0.16085	0.53093	0.04841	0.00691	0.00188	0.00269	0.01085	0.00476	0.00427
19	0.01855	0.03757	0.01480	0.01189	0.01534	0.29082	0.00947	0.41793	0.07585	0.04184	0.01131	0.01160	0.00841	0.00579	0.00485	0.00145	0.00666	0.00415	0.00416	0.00754
20	0.00878	0.00439	0.00659	0.00659	0.00659	0.00439	0.00439	0.00659	0.00659	0.00878	0.00878	0.01537	0.00878	0.01757	0.01976	0.85288	0.00439	0.00439	0.00220	0.00220
21	0.01121	0.04187	0.50848	0.01909	0.23281	0.03500	0.04927	0.01599	0.01106	0.01595	0.00916	0.01120	0.00691	0.00470	0.00486	0.00156	0.00711	0.00400	0.00227	0.00752
22	0.01218	0.00777	0.04377	0.00900	0.05219	0.00668	0.00688	0.02964	0.04499	0.22935	0.41819	0.04759	0.05332	0.00866	0.00559	0.00160	0.00347	0.00750	0.00537	0.00628

[dist]
# distance from previous block
# <min> <max>
0	1

[block]
# block no. 1 follows, 49 sequences, length 41
# corresponding to MSA columns:
# 67-83,86-109
name=unknown_B
#
# <colnr> <probs for GDERKNQSTAVLIFYWHMCP>
#	G	D	E	R	K	N	Q	S	T	A	V	L	I	F	Y	W	H	M	C	P
0	0.08527	0.65741	0.05605	0.00882	0.01309	0.01820	0.00874	0.01603	0.05244	0.03314	0.00818	0.00904	0.00704	0.00456	0.00345	0.00119	0.00526	0.00297	0.00251	0.00658
1	0.11030	0.05988	0.01451	0.01219	0.01484	0.57361	0.02033	0.05116	0.01339	0.01437	0.00783	0.00931	0.00651	0.00540	0.00527	0.00140	0.06767	0.00335	0.00272	0.00596
2	0.08641	0.02161	0.03349	0.01251	0.01543	0.62110	0.02493	0.06501	0.04733	0.01493	0.00864	0.00978	0.00696	0.00526	0.00453	0.00137	0.00821	0.00346	0.00289	0.00615
3	0.07459	0.00530	0.00629	0.00697	0.00777	0.00525	0.00489	0.00836	0.02998	0.01400	0.02909	0.58922	0.14891	0.01404	0.00636	0.00196	0.02576	0.01236	0.00451	0.00438
4	0.01279	0.01144	0.01695	0.13661	0.08983	0.04753	0.09169	0.02475	0.01013	0.09943	0.00923	0.01244	0.00756	0.00691	0.01071	0.00189	0.39639	0.00463	0.00278	0.00630
5	0.01047	0.02483	0.73612	0.05289	0.02226	0.01160	0.01814	0.01611	0.01076	0.03774	0.00938	0.01100	0.00659	0.00486	0.00482	0.00160	0.00735	0.00381	0.00226	0.00741
6	0.00891	0.00707	0.00757	0.00723	0.00869	0.07205	0.00542	0.01134	0.04337	0.05696	0.46040	0.13303	0.11908	0.01061	0.00586	0.00166	0.00325	0.02735	0.00511	0.00504
7	0.01245	0.01206	0.01973	0.18113	0.52261	0.05016	0.07746	0.01552	0.01149	0.03497	0.00965	0.01275	0.00777	0.00467	0.00508	0.00155	0.00647	0.00458	0.00256	0.00735
8	0.00767	0.00536	0.00650	0.00610	0.00762	0.00476	0.00461	0.00965	0.01338	0.06356	0.49258	0.04026	0.29736	0.01094	0.00592	0.00163	0.00256	0.00942	0.00531	0.00483
9	0.00682	0.00494	0.00658	0.00765	0.00835	0.00470	0.00579	0.00822	0.01049	0.01372	0.02940	0.49967	0.09327	0.01496	0.00659	0.00212	0.00348	0.26427	0.00468	0.00431
10	0.01047	0.00998	0.01705	0.56428	0.25725	0.01150	0.03028	0.01375	0.01056	0.01405	0.00917	0.01320	0.00713	0.00488	0.00506	0.00163	0.00656	0.00453	0.00233	0.00635
11	0.01123	0.01070	0.01820	0.36844	0.46338	0.01168	0.01488	0.01439	0.01091	0.01496	0.00928	0.01293	0.00746	0.00474	0.00503	0.00158	0.00632	0.00450	0.00239	0.00697
12	0.00724	0.00535	0.00779	0.00779	0.00857	0.00614	0.00590	0.00881	0.00803	0.01149	0.01385	0.02158	0.01339	0.13984	0.70136	0.00771	0.01242	0.00567	0.00276	0.00433
13	0.01082	0.01006	0.01358	0.23863	0.01851	0.05891	0.01922	0.02606	0.00951	0.02883	0.01734	0.01441	0.00872	0.05142	0.08301	0.00259	0.33103	0.00471	0.04718	0.00544
14	0.00617	0.00498	0.00549	0.00568	0.00703	0.00430	0.00414	0.00751	0.01151	0.01437	0.14242	0.20533	0.53717	0.01311	0.00607	0.00176	0.00261	0.01123	0.00481	0.00430
15	0.06135	0.01409	0.10578	0.07045	0.08848	0.01234	0.49668	0.01564	0.01131	0.01628	0.00965	0.01276	0.00735	0.00452	0.00577	0.00166	0.02926	0.00521	0.00252	0.02889
16	0.01187	0.01136	0.01936	0.20028	0.62654	0.01185	0.01520	0.01495	0.01121	0.01574	0.00940	0.01273	0.00773	0.00463	0.00502	0.00154	0.00617	0.00450	0.00245	0.00749
17	0.01000	0.00921	0.01498	0.74438	0.03311	0.01125	0.01354	0.04568	0.01071	0.01387	0.00912	0.01331	0.00685	0.00505	0.00500	0.00164	0.00657	0.00444	0.00240	0.03887
18	0.01112	0.09641	0.68126	0.01363	0.02062	0.01239	0.01717	0.03144	0.01105	0.04638	0.00938	0.01073	0.00670	0.00484	0.00468	0.00155	0.00713	0.00371	0.00236	0.00745
19	0.01331	0.77181	0.06287	0.00901	0.01341	0.01953	0.00918	0.01513	0.01025	0.01210	0.00712	0.00829	0.00649	0.00444	0.00357	0.00113	0.02091	0.00279	0.00216	0.00652
20	0.00722	0.00542	0.00813	0.00813	0.00903	0.00632	0.00632	0.00903	0.00813	0.01174	0.01354	0.01987	0.01264	0.03792	0.80225	0.00813	0.01354	0.00542	0.00271	0.00451
21	0.01216	0.01034	0.01107	0.01004	0.01274	0.01185	0.00785	0.03828	0.68568	0.02100	0.06588	0.02171	0.01788	0.00740	0.00528	0.00173	0.00397	0.04236	0.00514	0.00766
22	0.01200	0.01112	0.01837	0.12395	0.51173	0.02147	0.05822	0.01553	0.05094	0.03976	0.03762	0.03955	0.02618	0.00545	0.00517	0.00157	0.00585	0.00524	0.00294	0.00733
23	0.00730	0.00539	0.00801	0.00801	0.00892	0.00626	0.00622	0.00913	0.00821	0.01199	0.01365	0.01983	0.01265	0.03680	0.77411	0.00788	0.01315	0.00539	0.03257	0.00452
24	0.01721	0.02098	0.01480	0.05376	0.11841	0.62687	0.01048	0.01888	0.01360	0.01321	0.00845	0.01018	0.00699	0.00514	0.00460	0.00134	0.00832	0.00354	0.03716	0.00609
25	0.01343	0.01184	0.02017	0.04145	0.57911	0.01180	0.09490	0.03418	0.04349	0.08356	0.01098	0.01331	0.00865	0.00477	0.00512	0.00154	0.00605	0.00476	0.00299	0.00790
26	0.00621	0.00448	0.00590	0.00700	0.00740	0.00417	0.00475	0.00716	0.00984	0.01302	0.02912	0.75374	0.07464	0.01562	0.00644	0.00204	0.00297	0.03667	0.00469	0.00413
27	0.01871	0.01169	0.01313	0.01021	0.01387	0.01237	0.00838	0.50187	0.02008	0.20933	0.04600	0.01495	0.01149	0.00627	0.00497	0.00150	0.00487	0.00488	0.07731	0.00811
28	0.09789	0.00962	0.01394	0.65531	0.03018	0.04935	0.01257	0.01323	0.01014	0.01391	0.00950	0.04559	0.00769	0.00547	0.00489	0.00167	0.00641	0.00465	0.00246	0.00555
29	0.01435	0.04861	0.24950	0.01285	0.03717	0.10851	0.02754	0.08364	0.02696	0.14480	0.01187	0.02892	0.00936	0.00644	0.00681	0.00167	0.13457	0.03601	0.00337	0.00705
30	0.00690	0.00523	0.00599	0.00575	0.00729	0.00456	0.00433	0.00868	0.01280	0.03611	0.36789	0.04318	0.44997	0.01158	0.00595	0.00165	0.00253	0.00987	0.00511	0.00459
31	0.00979	0.00926	0.01550	0.72953	0.07882	0.01146	0.01400	0.01304	0.01009	0.01310	0.00892	0.01332	0.00681	0.00519	0.00555	0.00170	0.04141	0.00449	0.00226	0.00576
32	0.01257	0.11377	0.42905	0.01470	0.08314	0.03403	0.05747	0.06812	0.06223	0.06267	0.01050	0.01167	0.00772	0.00501	0.00476	0.00153	0.00668	0.00406	0.00284	0.00750
33	0.00623	0.00445	0.00593	0.00700	0.00735	0.00415	0.00470	0.00721	0.00999	0.01340	0.07808	0.76740	0.03439	0.01548	0.00642	0.00202	0.00290	0.01403	0.00475	0.00415
34	0.07724	0.00885	0.01115	0.00879	0.01234	0.00827	0.00719	0.08333	0.04192	0.57187	0.08295	0.01801	0.01479	0.00649	0.00499	0.00156	0.00417	0.00524	0.02288	0.00797
35	0.01184	0.01411	0.11105	0.39391	0.04969	0.14170	0.05222	0.04198	0.04461	0.01455	0.00988	0.02933	0.00782	0.00550	0.00549	0.00163	0.04091	0.00453	0.01305	0.00618
36	0.01193	0.01104	0.01867	0.18533	0.58877	0.01145	0.01459	0.01496	0.01142	0.03379	0.04239	0.01388	0.00953	0.00490	0.00506	0.00154	0.00596	0.00471	0.00267	0.00741
37	0.00611	0.00496	0.00542	0.00565	0.00700	0.00427	0.00411	0.00739	0.01134	0.01403	0.10557	0.22100	0.55893	0.01329	0.00608	0.00178	0.00263	0.01138	0.00477	0.00427
38	0.01332	0.01058	0.01738	0.24653	0.43351	0.01107	0.01362	0.01653	0.03001	0.14122	0.01131	0.01370	0.00856	0.00500	0.00504	0.00157	0.00589	0.00462	0.00310	0.00743
39	0.02625	0.42990	0.17951	0.01387	0.14756	0.05305	0.01181	0.01620	0.03460	0.03270	0.00863	0.00998	0.00714	0.00463	0.00402	0.00131	0.00601	0.00340	0.00244	0.00700
40	0.00625	0.00453	0.00590	0.00683	0.00732	0.00419	0.00464	0.00731	0.01028	0.01370	0.10602	0.68443	0.08977	0.01507	0.00637	0.00198	0.00285	0.01358	0.00478	0.00419

[dist]
# distance from previous block
# <min> <max>
3	35

[block]
# block no. 2 follows, 49 sequences, length 84
# corresponding to MSA columns:
# 145-228
name=unknown_C
#
# <colnr> <probs for GDERKNQSTAVLIFYWHMCP>
#	G	D	E	R	K	N	Q	S	T	A	V	L	I	F	Y	W	H	M	C	P
0	0.01416	0.57163	0.04904	0.00967	0.01345	0.05856	0.00920	0.01627	0.03404	0.07901	0.00861	0.00968	0.00729	0.00513	0.00507	0.00130	0.09540	0.00325	0.00263	0.00661
1	0.12502	0.01005	0.05321	0.00831	0.01244	0.00812	0.01847	0.03656	0.01101	0.08565	0.02679	0.03454	0.00921	0.00482	0.00432	0.00110	0.02187	0.00376	0.00339	0.52136
2	0.00734	0.00494	0.00571	0.00571	0.00578	0.00501	0.00331	0.00748	0.00741	0.00995	0.01575	0.03209	0.01795	0.76294	0.08449	0.00515	0.00556	0.00721	0.00304	0.00317
3	0.00974	0.00918	0.01551	0.76065	0.08284	0.01128	0.01414	0.01308	0.01020	0.01315	0.00902	0.01342	0.00682	0.00502	0.00505	0.00167	0.00669	0.00449	0.00226	0.00577
4	0.01366	0.00855	0.00975	0.00842	0.01105	0.03075	0.00661	0.03265	0.24259	0.24336	0.20842	0.02631	0.11974	0.00821	0.00541	0.00163	0.00369	0.00689	0.00544	0.00688
5	0.01063	0.07817	0.46778	0.14253	0.02374	0.01250	0.13572	0.01560	0.02352	0.01527	0.00924	0.01155	0.00682	0.00483	0.00514	0.00161	0.02193	0.00418	0.00227	0.00698
6	0.01649	0.00920	0.01129	0.00942	0.02751	0.03182	0.04207	0.16184	0.02833	0.30149	0.03595	0.01827	0.01297	0.00637	0.00478	0.00148	0.00434	0.03389	0.23535	0.00711
7	0.01703	0.01257	0.01357	0.01096	0.01456	0.01397	0.00887	0.44860	0.30044	0.08079	0.01577	0.01495	0.01137	0.00637	0.00509	0.00159	0.00491	0.00502	0.00517	0.00838
8	0.05612	0.01027	0.03884	0.01043	0.04573	0.00955	0.00834	0.12479	0.07924	0.49785	0.01725	0.01622	0.01161	0.03027	0.00578	0.00168	0.01753	0.00495	0.00541	0.00814
9	0.01312	0.01006	0.01817	0.05536	0.09418	0.00970	0.28066	0.03441	0.01217	0.18201	0.01623	0.14590	0.01446	0.00749	0.00600	0.00176	0.02307	0.06471	0.00388	0.00668
10	0.00630	0.00456	0.00587	0.00682	0.00727	0.00424	0.00462	0.00726	0.00993	0.01313	0.05752	0.65845	0.09874	0.06153	0.00751	0.00218	0.00304	0.03231	0.00463	0.00410
11	0.00615	0.00445	0.00582	0.00692	0.00730	0.00412	0.00464	0.00705	0.00980	0.01296	0.02936	0.76985	0.08162	0.01565	0.00642	0.00203	0.00291	0.01414	0.00469	0.00412
12	0.03087	0.05844	0.60147	0.01302	0.01917	0.04933	0.01576	0.03152	0.01106	0.01598	0.02771	0.08250	0.00974	0.00592	0.00486	0.00160	0.00682	0.00472	0.00255	0.00697
13	0.01252	0.01201	0.02053	0.03104	0.79074	0.01201	0.01552	0.01552	0.01151	0.01652	0.00951	0.01252	0.00801	0.00451	0.00501	0.00150	0.00601	0.00451	0.00250	0.00801
14	0.00624	0.00441	0.00584	0.00699	0.00730	0.00412	0.00467	0.00715	0.00970	0.01305	0.02760	0.79982	0.03295	0.01560	0.00638	0.00203	0.00292	0.01414	0.02495	0.00412
15	0.00776	0.00623	0.00942	0.00897	0.00986	0.00747	0.02520	0.00952	0.00816	0.01186	0.01274	0.01897	0.01196	0.04764	0.68247	0.00726	0.10183	0.00536	0.00266	0.00466
16	0.06466	0.03065	0.01126	0.02613	0.01245	0.10062	0.03046	0.12614	0.03112	0.19424	0.08191	0.05327	0.12076	0.00797	0.00520	0.00160	0.00474	0.05578	0.03458	0.00645
17	0.00745	0.00546	0.00724	0.00818	0.00916	0.00534	0.00657	0.00964	0.03732	0.01469	0.05619	0.29915	0.09137	0.01411	0.00663	0.00214	0.00383	0.40625	0.00472	0.00457
18	0.81792	0.00985	0.00772	0.00682	0.00999	0.01134	0.00562	0.03226	0.00910	0.04241	0.00748	0.00853	0.00573	0.00476	0.00322	0.00156	0.00396	0.00284	0.00325	0.00563
19	0.00624	0.00453	0.00589	0.00682	0.00732	0.00418	0.00463	0.00730	0.01027	0.01367	0.10256	0.68272	0.09504	0.01507	0.00637	0.00198	0.00285	0.01358	0.00478	0.00418
20	0.00698	0.00571	0.00610	0.00584	0.00758	0.00515	0.00443	0.03467	0.04866	0.01601	0.20186	0.04376	0.57167	0.01178	0.00590	0.00168	0.00269	0.00991	0.00491	0.00470
21	0.01325	0.01259	0.02547	0.02985	0.01442	0.14008	0.04107	0.08791	0.05644	0.04155	0.01012	0.01133	0.00800	0.00461	0.00446	0.00109	0.01717	0.00361	0.00329	0.47369
22	0.01387	0.07476	0.03632	0.01062	0.01376	0.11204	0.00863	0.08927	0.52120	0.02008	0.01679	0.01601	0.01273	0.00631	0.00487	0.00158	0.00495	0.00500	0.02362	0.00758
23	0.01200	0.01122	0.01960	0.17754	0.51481	0.01153	0.09352	0.01516	0.01132	0.03459	0.01003	0.01320	0.00805	0.00469	0.00506	0.00155	0.00622	0.00468	0.03794	0.00730
24	0.06056	0.00886	0.01433	0.11500	0.09323	0.00931	0.14232	0.07880	0.01060	0.03197	0.01101	0.05877	0.00992	0.00988	0.01026	0.27367	0.02950	0.02396	0.00289	0.00518
25	0.04602	0.38173	0.01976	0.01028	0.01416	0.13802	0.00900	0.26343	0.04141	0.01917	0.00928	0.00995	0.00745	0.00513	0.00410	0.00130	0.00593	0.00349	0.00331	0.00710
26	0.00621	0.00442	0.00585	0.00698	0.00726	0.00414	0.00463	0.00705	0.00958	0.01278	0.02737	0.78618	0.03282	0.04950	0.00726	0.00217	0.00302	0.01408	0.00463	0.00406
27	0.04465	0.03199	0.26429	0.01185	0.01677	0.01170	0.04077	0.21167	0.03336	0.22606	0.01338	0.03349	0.00951	0.00589	0.00518	0.00159	0.02121	0.00466	0.00416	0.00784
28	0.00809	0.00718	0.00951	0.00914	0.01028	0.05917	0.08518	0.01000	0.03687	0.01429	0.11004	0.52729	0.02885	0.01331	0.02391	0.00204	0.02434	0.01142	0.00434	0.00476
29	0.01298	0.00640	0.00736	0.00650	0.00861	0.00619	0.00509	0.01633	0.08743	0.22625	0.05361	0.02103	0.06106	0.00669	0.00436	0.00138	0.00305	0.00546	0.45416	0.00605
30	0.01417	0.32411	0.22847	0.01183	0.01676	0.10516	0.05757	0.09918	0.03185	0.05326	0.00937	0.01039	0.00728	0.00490	0.00431	0.00137	0.00650	0.00363	0.00282	0.00707
31	0.04823	0.01313	0.05032	0.10590	0.38520	0.11037	0.02981	0.05918	0.01211	0.04981	0.01050	0.03090	0.00884	0.04182	0.02107	0.00180	0.00644	0.00466	0.00289	0.00702
32	0.00693	0.00511	0.00647	0.00624	0.00744	0.00466	0.00464	0.00906	0.01361	0.01887	0.63502	0.09260	0.14847	0.01105	0.00600	0.00164	0.00245	0.00971	0.00539	0.00466
33	0.01586	0.01397	0.01319	0.01113	0.01441	0.12954	0.00881	0.29484	0.38323	0.02365	0.01548	0.01487	0.01153	0.00628	0.00501	0.00157	0.00531	0.00489	0.00471	0.02173
34	0.02215	0.00875	0.01175	0.00904	0.01289	0.00771	0.00746	0.05554	0.01486	0.74285	0.03905	0.01752	0.01324	0.00635	0.00511	0.00156	0.00431	0.00517	0.00619	0.00851
35	0.01938	0.01392	0.01502	0.01152	0.01556	0.01532	0.00951	0.74066	0.02336	0.06567	0.01249	0.01237	0.00877	0.00608	0.00506	0.00152	0.00551	0.00458	0.00511	0.00860
36	0.01819	0.01219	0.01328	0.01044	0.01393	0.03227	0.00855	0.49856	0.03805	0.15415	0.01385	0.01382	0.00980	0.00617	0.00526	0.00151	0.03243	0.00465	0.10493	0.00796
37	0.00735	0.00490	0.00552	0.00552	0.00552	0.00490	0.00306	0.00735	0.00735	0.00980	0.01593	0.03309	0.01838	0.82229	0.02574	0.00490	0.00490	0.00735	0.00306	0.00306
38	0.00943	0.00471	0.00471	0.00471	0.00589	0.00471	0.00353	0.01178	0.01060	0.01885	0.01650	0.01885	0.01296	0.00589	0.00353	0.00118	0.00236	0.00471	0.85036	0.00471
39	0.00963	0.00907	0.01532	0.78790	0.05640	0.01126	0.01409	0.01299	0.01015	0.01302	0.00900	0.01345	0.00678	0.00504	0.00505	0.00168	0.00672	0.00449	0.00225	0.00569
40	0.00955	0.00899	0.01517	0.81013	0.03483	0.01123	0.01404	0.01292	0.01011	0.01292	0.00899	0.01348	0.00674	0.00506	0.00506	0.00169	0.00674	0.00449	0.00225	0.00562
41	0.00955	0.00899	0.01517	0.81013	0.03483	0.01123	0.01404	0.01292	0.01011	0.01292	0.00899	0.01348	0.00674	0.00506	0.00506	0.00169	0.00674	0.00449	0.00225	0.00562
42	0.00616	0.00440	0.00587	0.00704	0.00733	0.00411	0.00469	0.00704	0.00968	0.01291	0.02787	0.81899	0.03344	0.01584	0.00645	0.00205	0.00293	0.01438	0.00469	0.00411
43	0.01073	0.00898	0.01051	0.00752	0.01200	0.00675	0.00602	0.01297	0.01057	0.03199	0.00921	0.01062	0.00759	0.00380	0.00377	0.00077	0.00376	0.00304	0.00306	0.83636
44	0.00927	0.00660	0.00785	0.00717	0.00877	0.00668	0.00543	0.06451	0.12390	0.03679	0.48927	0.04705	0.03497	0.04977	0.00656	0.00174	0.00301	0.00790	0.07730	0.00547
45	0.00674	0.00511	0.00623	0.00621	0.00747	0.00460	0.00466	0.00862	0.01281	0.01715	0.43516	0.12348	0.27724	0.01189	0.00608	0.00172	0.00263	0.05251	0.00515	0.00454
46	0.00758	0.00542	0.00748	0.00857	0.00951	0.00532	0.00708	0.00953	0.01126	0.01481	0.06511	0.25527	0.03117	0.01428	0.00679	0.00222	0.00409	0.52528	0.00471	0.00452
47	0.00712	0.00526	0.00694	0.00679	0.00775	0.00509	0.00502	0.00915	0.01311	0.01846	0.60315	0.19318	0.04314	0.01138	0.00651	0.00171	0.03633	0.01000	0.00525	0.00467
48	0.01171	0.01158	0.01784	0.35733	0.41895	0.06672	0.01450	0.01475	0.01112	0.01472	0.00917	0.01268	0.00737	0.00479	0.00500	0.00157	0.00653	0.00441	0.00240	0.00685
49	0.01243	0.01146	0.00999	0.00945	0.01126	0.21037	0.00702	0.13270	0.04449	0.04845	0.02026	0.36714	0.05206	0.01126	0.02575	0.00188	0.00528	0.00887	0.00425	0.00562
50	0.01108	0.01065	0.01795	0.36841	0.37659	0.01200	0.03089	0.01411	0.01058	0.01456	0.00905	0.01283	0.00733	0.00512	0.00607	0.00165	0.07751	0.00453	0.00237	0.00672
51	0.00804	0.00574	0.00802	0.00919	0.01031	0.00573	0.00796	0.01029	0.01153	0.01501	0.02683	0.09860	0.02934	0.01407	0.00696	0.00231	0.00456	0.71621	0.00466	0.00463
52	0.02003	0.00979	0.01203	0.00937	0.01301	0.00952	0.00769	0.23061	0.03076	0.48668	0.05312	0.01689	0.01314	0.00638	0.00503	0.00153	0.00444	0.00511	0.05669	0.00818
53	0.03035	0.03352	0.29197	0.01726	0.02308	0.01206	0.41964	0.01581	0.01128	0.01622	0.00960	0.01214	0.00715	0.00442	0.00527	0.00158	0.00762	0.00483	0.00245	0.07375
54	0.03705	0.01774	0.01379	0.01208	0.01447	0.40975	0.00942	0.13682	0.09807	0.01686	0.03626	0.01210	0.00931	0.00685	0.02109	0.00166	0.13284	0.00414	0.00332	0.00640
55	0.00639	0.00479	0.00595	0.00654	0.00739	0.00435	0.00465	0.00772	0.01110	0.01457	0.17491	0.44449	0.22598	0.01397	0.00627	0.00189	0.00282	0.04705	0.00485	0.00430
56	0.03401	0.01173	0.01932	0.15230	0.52300	0.01230	0.05865	0.07856	0.01218	0.01727	0.00956	0.01256	0.00774	0.00481	0.00529	0.00156	0.02442	0.00455	0.00269	0.00749
57	0.04515	0.07222	0.03600	0.00999	0.01262	0.08686	0.00851	0.03044	0.11078	0.20204	0.01827	0.03888	0.02852	0.00847	0.00631	0.00178	0.07193	0.20032	0.00439	0.00652
58	0.02269	0.00861	0.01174	0.00900	0.01291	0.00743	0.00743	0.02464	0.01447	0.79425	0.01995	0.01721	0.01252	0.00626	0.00509	0.00156	0.00430	0.00509	0.00626	0.00861
59	0.00987	0.00811	0.00895	0.00818	0.01032	0.00870	0.00630	0.03655	0.38131	0.01996	0.28738	0.02977	0.14599	0.00895	0.00555	0.00167	0.00327	0.00763	0.00522	0.00634
60	0.01334	0.08378	0.03643	0.01767	0.25013	0.01264	0.09751	0.02074	0.31102	0.08200	0.01453	0.01507	0.01106	0.00553	0.00502	0.00158	0.00536	0.00501	0.00381	0.00777
61	0.00703	0.00483	0.00592	0.00630	0.00650	0.00481	0.00398	0.00751	0.00826	0.01106	0.01965	0.26242	0.02276	0.49643	0.07814	0.00422	0.00497	0.03809	0.00357	0.00354
62	0.00639	0.00514	0.00569	0.00556	0.00708	0.00444	0.00417	0.00806	0.01250	0.01597	0.30882	0.04486	0.52966	0.01194	0.00597	0.00167	0.00250	0.01014	0.00500	0.00444
63	0.01035	0.04180	0.72145	0.01482	0.02205	0.01200	0.07616	0.01601	0.01076	0.01594	0.00912	0.01085	0.00650	0.00475	0.00486	0.00160	0.00751	0.00389	0.00217	0.00740
64	0.01217	0.01324	0.02792	0.02017	0.02476	0.01289	0.67641	0.01606	0.01161	0.03882	0.01017	0.01350	0.00772	0.00476	0.00697	0.00175	0.08591	0.00579	0.00263	0.00675
65	0.85801	0.00978	0.00743	0.00665	0.00978	0.01134	0.00548	0.01486	0.00861	0.02269	0.00704	0.00821	0.00548	0.00469	0.00313	0.00156	0.00391	0.00274	0.00313	0.00548
66	0.01106	0.01106	0.01549	0.01328	0.01328	0.01549	0.01106	0.01217	0.00774	0.01217	0.00664	0.01106	0.00664	0.00885	0.01659	0.00221	0.81303	0.00443	0.00221	0.00553
67	0.00695	0.00516	0.00647	0.00614	0.00743	0.00468	0.00461	0.00914	0.01382	0.01911	0.65831	0.03969	0.17820	0.01077	0.00597	0.00161	0.00242	0.00941	0.00541	0.00468
68	0.00955	0.00899	0.01517	0.81013	0.03483	0.01123	0.01404	0.01292	0.01011	0.01292	0.00899	0.01348	0.00674	0.00506	0.00506	0.00169	0.00674	0.00449	0.00225	0.00562
69	0.00703	0.00516	0.00658	0.00623	0.00748	0.00472	0.00467	0.00929	0.01401	0.01956	0.70809	0.03896	0.12815	0.01061	0.00597	0.00160	0.00240	0.00931	0.00547	0.00472
70	0.85801	0.00978	0.00743	0.00665	0.00978	0.01134	0.00548	0.01486	0.00861	0.02269	0.00704	0.00821	0.00548	0.00469	0.00313	0.00156	0.00391	0.00274	0.00313	0.00548
71	0.01043	0.00888	0.01026	0.00768	0.01174	0.00721	0.00610	0.01397	0.09453	0.01718	0.06065	0.01378	0.02401	0.00466	0.00408	0.00092	0.00367	0.00381	0.00342	0.69303
72	0.01105	0.23660	0.57633	0.01287	0.01935	0.01400	0.01587	0.01570	0.01051	0.01485	0.00848	0.01001	0.00643	0.00477	0.00465	0.00148	0.02426	0.00348	0.00214	0.00717
73	0.00740	0.00519	0.00662	0.00661	0.00781	0.00478	0.00501	0.00941	0.01292	0.03640	0.46457	0.14945	0.14044	0.01159	0.00605	0.00173	0.00277	0.08719	0.02936	0.00469
74	0.00688	0.00516	0.00638	0.00608	0.00739	0.00466	0.00456	0.00902	0.01367	0.01875	0.61833	0.04028	0.21841	0.01091	0.00597	0.00162	0.00243	0.00950	0.00537	0.00466
75	0.01257	0.01158	0.01634	0.02035	0.37202	0.03189	0.04348	0.04451	0.29258	0.01849	0.01491	0.01810	0.01226	0.00613	0.00524	0.00165	0.00534	0.06117	0.00372	0.00767
76	0.01352	0.82533	0.02650	0.00865	0.01298	0.02001	0.00865	0.01514	0.01027	0.01190	0.00703	0.00811	0.00649	0.00433	0.00324	0.00108	0.00541	0.00270	0.00216	0.00649
77	0.01049	0.00899	0.01049	0.00749	0.01198	0.00674	0.00599	0.01273	0.01049	0.01648	0.00899	0.01049	0.00749	0.00374	0.00374	0.00075	0.00374	0.00300	0.00300	0.85320
78	0.02269	0.00861	0.01174	0.00900	0.01291	0.00743	0.00743	0.02464	0.01447	0.79425	0.01995	0.01721	0.01252	0.00626	0.00509	0.00156	0.00430	0.00509	0.00626	0.00861
79	0.00726	0.00489	0.00575	0.00587	0.00600	0.00493	0.00351	0.00755	0.00773	0.01048	0.01700	0.11409	0.01937	0.65535	0.08741	0.00479	0.00536	0.00787	0.02144	0.00333
80	0.00616	0.00440	0.00587	0.00704	0.00733	0.00411	0.00469	0.00704	0.00968	0.01291	0.02787	0.81899	0.03344	0.01584	0.00645	0.00205	0.00293	0.01438	0.00469	0.00411
81	0.00712	0.00518	0.00671	0.00635	0.00757	0.00477	0.00479	0.00945	0.01414	0.01989	0.74170	0.03859	0.08128	0.01051	0.00598	0.00161	0.00243	0.02167	0.00551	0.00475
82	0.01381	0.01109	0.01199	0.01002	0.01342	0.01199	0.00794	0.16479	0.48185	0.04860	0.01700	0.01612	0.01270	0.00616	0.00489	0.00151	0.00426	0.00501	0.00480	0.15205
83	0.00965	0.00909	0.01535	0.78370	0.06047	0.01126	0.01409	0.01301	0.01016	0.01304	0.00901	0.01345	0.00678	0.00504	0.00505	0.00168	0.00672	0.00449	0.00226	0.00570

[dist]
# distance from previous block
# <min> <max>
0	8

[block]
# block no. 3 follows, 49 sequences, length 27
# corresponding to MSA columns:
# 237-263
name=unknown_D
#
# <colnr> <probs for GDERKNQSTAVLIFYWHMCP>
#	G	D	E	R	K	N	Q	S	T	A	V	L	I	F	Y	W	H	M	C	P
0	0.04933	0.01820	0.01324	0.01163	0.01454	0.45598	0.00896	0.10021	0.13508	0.10200	0.01174	0.01213	0.00893	0.00661	0.02802	0.00163	0.00735	0.00402	0.00368	0.00673
1	0.00710	0.00508	0.00693	0.00799	0.00873	0.00491	0.00622	0.00873	0.01087	0.01441	0.08151	0.42874	0.03255	0.01463	0.00665	0.00214	0.00365	0.34002	0.00474	0.00440
2	0.01025	0.02543	0.75138	0.01482	0.02215	0.01180	0.06266	0.01602	0.01075	0.01602	0.00914	0.01085	0.00648	0.00477	0.00487	0.00161	0.00753	0.00387	0.00216	0.00744
3	0.01352	0.82533	0.02650	0.00865	0.01298	0.02001	0.00865	0.01514	0.01027	0.01190	0.00703	0.00811	0.00649	0.00433	0.00324	0.00108	0.00541	0.00270	0.00216	0.00649
4	0.00734	0.00494	0.00569	0.00569	0.00575	0.00500	0.00328	0.00747	0.00741	0.00994	0.01577	0.03220	0.01800	0.76930	0.07820	0.00512	0.00549	0.00722	0.00304	0.00316
5	0.00682	0.00511	0.00633	0.00611	0.00737	0.00462	0.00455	0.00887	0.01340	0.01831	0.57253	0.08588	0.21903	0.01123	0.00600	0.00164	0.00246	0.00980	0.00531	0.00462
6	0.01258	0.01086	0.01143	0.01029	0.01315	0.01258	0.00800	0.02687	0.78161	0.02115	0.02058	0.01887	0.01544	0.00686	0.00515	0.00172	0.00400	0.00572	0.00515	0.00800
7	0.00878	0.00439	0.00659	0.00659	0.00659	0.00439	0.00439	0.00659	0.00659	0.00878	0.00878	0.01537	0.00878	0.01757	0.01976	0.85288	0.00439	0.00439	0.00220	0.00220
8	0.00916	0.00654	0.00799	0.00724	0.00893	0.00648	0.00554	0.05431	0.11344	0.05464	0.59306	0.03334	0.06018	0.00955	0.00577	0.00160	0.00286	0.00832	0.00549	0.00555
9	0.01325	0.74500	0.02519	0.00886	0.01295	0.01918	0.00867	0.01487	0.01015	0.01211	0.00709	0.00838	0.00654	0.00455	0.00400	0.00113	0.04965	0.00281	0.00220	0.04341
10	0.13883	0.01213	0.01313	0.01062	0.01419	0.02780	0.03678	0.32400	0.23882	0.10987	0.01454	0.01407	0.01048	0.00604	0.00483	0.00159	0.00491	0.00471	0.00480	0.00786
11	0.01922	0.01416	0.01518	0.01163	0.01568	0.01568	0.00961	0.77388	0.02378	0.03187	0.01214	0.01214	0.00860	0.00607	0.00506	0.00152	0.00556	0.00455	0.00506	0.00860
12	0.01686	0.01014	0.01573	0.12436	0.32069	0.00995	0.01154	0.03895	0.01297	0.36569	0.01420	0.01474	0.00988	0.00541	0.00505	0.00155	0.00533	0.00477	0.00422	0.00797
13	0.00603	0.00504	0.00521	0.00532	0.00684	0.00427	0.00391	0.00724	0.01123	0.01348	0.04792	0.12502	0.69216	0.03544	0.00657	0.00183	0.00266	0.01095	0.00465	0.00422
14	0.01097	0.01050	0.01801	0.43298	0.37950	0.01163	0.03555	0.01420	0.01080	0.01465	0.00926	0.01305	0.00735	0.00478	0.00506	0.00160	0.00646	0.00454	0.00237	0.00674
15	0.01179	0.01245	0.05079	0.15718	0.44188	0.01207	0.20843	0.01528	0.01136	0.01582	0.00959	0.01289	0.00765	0.00455	0.00525	0.00159	0.00683	0.00485	0.00246	0.00729
16	0.01121	0.01124	0.01645	0.01493	0.07174	0.01512	0.04272	0.01258	0.00820	0.01266	0.00700	0.01128	0.00678	0.00834	0.01529	0.00214	0.71980	0.00449	0.00225	0.00577
17	0.00684	0.00505	0.00640	0.00629	0.00742	0.00460	0.00463	0.00885	0.01322	0.01824	0.57033	0.15793	0.14841	0.01152	0.00604	0.00168	0.00249	0.01015	0.00531	0.00460
18	0.00759	0.00550	0.00742	0.00859	0.02465	0.00540	0.00644	0.04009	0.01105	0.01462	0.02643	0.47668	0.03024	0.01449	0.00657	0.00213	0.00377	0.29910	0.00465	0.00458
19	0.01235	0.13928	0.41945	0.06397	0.04835	0.15117	0.01452	0.03134	0.02379	0.01511	0.03030	0.01118	0.00784	0.00502	0.00460	0.00147	0.00713	0.00378	0.00244	0.00691
20	0.00722	0.00542	0.00813	0.00813	0.00903	0.00632	0.00632	0.00903	0.00813	0.01174	0.01354	0.01987	0.01264	0.03792	0.80225	0.00813	0.01354	0.00542	0.00271	0.00451
21	0.01859	0.02314	0.01508	0.01334	0.01613	0.72808	0.04475	0.05614	0.01467	0.01349	0.00813	0.00947	0.00667	0.00521	0.00465	0.00133	0.00892	0.00344	0.00272	0.00604
22	0.09452	0.29160	0.29167	0.01239	0.01761	0.09504	0.10134	0.01606	0.01086	0.01493	0.00820	0.00976	0.00650	0.00461	0.00423	0.00140	0.00672	0.00350	0.00234	0.00671
23	0.00994	0.01491	0.32442	0.01159	0.01567	0.02364	0.04051	0.01432	0.05629	0.04702	0.01962	0.05353	0.06417	0.00903	0.00577	0.00188	0.00578	0.27207	0.00363	0.00620
24	0.00910	0.03021	0.01342	0.53349	0.06054	0.00978	0.01146	0.01209	0.01102	0.01457	0.17346	0.01958	0.03684	0.00755	0.03497	0.00188	0.00590	0.00562	0.00304	0.00549
25	0.01364	0.61206	0.04459	0.10084	0.01604	0.09154	0.00967	0.03755	0.01104	0.01275	0.00753	0.00901	0.00658	0.00456	0.00367	0.00120	0.00597	0.00304	0.00230	0.00642
26	0.01230	0.60983	0.02158	0.00852	0.01208	0.04397	0.00801	0.01422	0.03151	0.01255	0.01327	0.07131	0.06704	0.00642	0.00399	0.00129	0.00507	0.04820	0.00277	0.00607

[dist]
# distance from previous block
# <min> <max>
0	389

# created by:
# /home/cegg/simao/soft/augustus-3.2.1/scripts/msa2prfl.pl ./align_prep/EOG091G0QKK.fa
