[name]
unknown

[dist]
# distance from previous block
# <min> <max>
0	93

[block]
# block no. 0 follows, 47 sequences, length 44
# corresponding to MSA columns:
# 112-135,165-184
name=unknown_A
#
# <colnr> <probs for GDERKNQSTAVLIFYWHMCP>
#	G	D	E	R	K	N	Q	S	T	A	V	L	I	F	Y	W	H	M	C	P
0	0.03583	0.11040	0.13462	0.16291	0.06191	0.02160	0.05056	0.03809	0.01158	0.05201	0.02373	0.06753	0.05525	0.00685	0.00523	0.00161	0.01792	0.04786	0.04563	0.04887
1	0.01143	0.01062	0.08159	0.01151	0.05065	0.00950	0.07361	0.09302	0.11638	0.05208	0.12288	0.16635	0.02009	0.00845	0.00603	0.00169	0.04065	0.00735	0.05127	0.06487
2	0.11873	0.01042	0.12119	0.01027	0.05939	0.00823	0.03396	0.03306	0.03320	0.05875	0.36713	0.04329	0.04173	0.00806	0.00539	0.00162	0.00414	0.00691	0.00450	0.03001
3	0.01272	0.11468	0.01547	0.03045	0.10186	0.01077	0.04646	0.09133	0.03844	0.04250	0.01101	0.03471	0.00912	0.00494	0.00439	0.00117	0.00481	0.00413	0.02928	0.39178
4	0.00948	0.00736	0.00905	0.05385	0.03561	0.00739	0.00648	0.05512	0.12297	0.01674	0.05830	0.30786	0.02213	0.08533	0.00749	0.00200	0.00390	0.00882	0.05610	0.12402
5	0.14319	0.05933	0.01094	0.00955	0.05469	0.03473	0.00712	0.08353	0.17039	0.03855	0.05292	0.01654	0.01301	0.00736	0.03232	0.00174	0.02268	0.00481	0.23011	0.00648
6	0.01572	0.05129	0.01237	0.00958	0.01251	0.04498	0.00766	0.21516	0.11402	0.18807	0.09025	0.04192	0.06442	0.07577	0.00744	0.00192	0.02860	0.00615	0.00498	0.00720
7	0.00934	0.04552	0.01192	0.11218	0.01450	0.05217	0.09585	0.01114	0.01098	0.04662	0.04386	0.46538	0.03624	0.01168	0.00606	0.00189	0.00472	0.01065	0.00410	0.00519
8	0.08410	0.01269	0.01514	0.04165	0.13916	0.06731	0.05048	0.27382	0.07977	0.07533	0.01407	0.06096	0.01161	0.00674	0.00524	0.00166	0.00570	0.04273	0.00426	0.00758
9	0.01372	0.24993	0.19781	0.01624	0.16017	0.08983	0.07405	0.03931	0.05902	0.03876	0.00995	0.01144	0.00787	0.00496	0.00463	0.00146	0.00668	0.00402	0.00276	0.00740
10	0.00691	0.00529	0.00635	0.00637	0.00763	0.00480	0.00467	0.00899	0.03067	0.01724	0.38376	0.19184	0.28150	0.01248	0.00622	0.00177	0.00266	0.01088	0.00526	0.00469
11	0.01383	0.01388	0.06795	0.06706	0.05238	0.04446	0.45631	0.04397	0.01284	0.11614	0.01260	0.01493	0.02656	0.00553	0.01536	0.00178	0.01833	0.00567	0.00322	0.00719
12	0.00650	0.00477	0.00624	0.00712	0.00767	0.00456	0.00490	0.00755	0.00993	0.01315	0.02932	0.60045	0.11982	0.03996	0.10889	0.00296	0.00444	0.01297	0.00453	0.00428
13	0.00983	0.00926	0.01562	0.80447	0.03587	0.01157	0.01446	0.01331	0.01041	0.01331	0.00926	0.01388	0.00694	0.00521	0.00521	0.00174	0.00694	0.00463	0.00231	0.00579
14	0.00877	0.00650	0.00844	0.00984	0.10717	0.00656	0.00565	0.05538	0.00965	0.01306	0.01759	0.17878	0.01972	0.48522	0.04235	0.00392	0.00512	0.00834	0.00352	0.00441
15	0.00854	0.00509	0.00682	0.00751	0.00829	0.00467	0.00520	0.00959	0.01061	0.11315	0.02765	0.71101	0.03167	0.01504	0.00647	0.00205	0.00320	0.01357	0.00504	0.00483
16	0.03543	0.00848	0.00730	0.00694	0.00853	0.12279	0.00523	0.02403	0.05073	0.01889	0.14884	0.04790	0.01914	0.00712	0.00443	0.00138	0.00366	0.00575	0.46814	0.00527
17	0.06271	0.00984	0.01249	0.01050	0.05650	0.00939	0.02806	0.01311	0.01027	0.01632	0.01090	0.01296	0.04645	0.00550	0.00673	0.00125	0.16545	0.00393	0.00298	0.51467
18	0.19377	0.42372	0.06520	0.00949	0.01373	0.03976	0.00899	0.13423	0.03853	0.01844	0.00869	0.00959	0.00711	0.00496	0.00381	0.00135	0.00545	0.00328	0.00302	0.00690
19	0.12216	0.71572	0.02476	0.00864	0.01294	0.01946	0.00849	0.01556	0.01036	0.01368	0.00724	0.00837	0.00655	0.00450	0.00333	0.00118	0.00537	0.00279	0.00236	0.00655
20	0.00738	0.00578	0.00747	0.13286	0.01200	0.00561	0.00607	0.00901	0.01133	0.03664	0.08683	0.28095	0.35391	0.01253	0.00613	0.00185	0.00348	0.01090	0.00454	0.00473
21	0.03284	0.34679	0.15565	0.01332	0.11449	0.03806	0.03089	0.01688	0.03509	0.08689	0.01049	0.03572	0.00865	0.00520	0.00433	0.00138	0.00587	0.00403	0.00293	0.05051
22	0.01129	0.01833	0.40297	0.02597	0.01769	0.02128	0.03471	0.05641	0.16189	0.01892	0.06036	0.01565	0.01207	0.00592	0.00497	0.00161	0.00593	0.00484	0.11194	0.00725
23	0.11633	0.00588	0.00691	0.00657	0.00802	0.00572	0.00495	0.01025	0.01354	0.02039	0.59816	0.08322	0.08029	0.01038	0.00580	0.00167	0.00270	0.00898	0.00531	0.00494
24	0.01335	0.01118	0.01913	0.24192	0.42435	0.01160	0.06771	0.01650	0.01188	0.11534	0.01108	0.01387	0.00846	0.00501	0.00525	0.00162	0.00635	0.00482	0.00301	0.00756
25	0.01407	0.03534	0.08140	0.07459	0.04028	0.03471	0.11173	0.17342	0.04763	0.11312	0.09684	0.08144	0.01546	0.00713	0.00586	0.00168	0.03389	0.00616	0.01815	0.00710
26	0.00660	0.00488	0.00654	0.00757	0.00786	0.00482	0.00516	0.00752	0.00987	0.01326	0.02760	0.77319	0.03305	0.01595	0.00717	0.00212	0.04353	0.01429	0.00471	0.00430
27	0.01089	0.00612	0.00629	0.00582	0.00734	0.00632	0.00442	0.10918	0.01248	0.02061	0.01638	0.01936	0.01309	0.05220	0.00514	0.00148	0.00300	0.00499	0.68963	0.00527
28	0.15408	0.01133	0.05888	0.07049	0.03862	0.01105	0.14736	0.10216	0.10401	0.07817	0.01280	0.05414	0.01033	0.00762	0.00707	0.11083	0.00563	0.00526	0.00365	0.00652
29	0.01246	0.50088	0.31838	0.01113	0.01676	0.01704	0.01278	0.01582	0.01082	0.01404	0.02334	0.00997	0.00749	0.00477	0.00401	0.00133	0.00632	0.00332	0.00229	0.00704
30	0.01015	0.00611	0.00914	0.01033	0.10755	0.00620	0.00631	0.05120	0.00844	0.01142	0.00934	0.01526	0.00893	0.01568	0.01753	0.69118	0.00481	0.00455	0.00247	0.00341
31	0.00915	0.00628	0.00696	0.00649	0.00703	0.00648	0.00402	0.10547	0.00975	0.01303	0.01591	0.03130	0.01763	0.71249	0.02376	0.00460	0.00514	0.00720	0.00342	0.00389
32	0.01196	0.00994	0.01142	0.00826	0.01283	0.00813	0.00665	0.11029	0.01256	0.01901	0.00967	0.01102	0.00786	0.00417	0.00403	0.00087	0.00410	0.00329	0.00336	0.74056
33	0.00663	0.00579	0.00661	0.10828	0.01075	0.00532	0.00531	0.00823	0.01168	0.01397	0.04715	0.04545	0.68244	0.01216	0.00603	0.00176	0.00319	0.01017	0.00451	0.00458
34	0.01175	0.17231	0.49119	0.01488	0.06722	0.05813	0.06038	0.01631	0.01128	0.01547	0.01011	0.01173	0.02700	0.00504	0.00475	0.00153	0.00724	0.00399	0.00235	0.00732
35	0.00744	0.00558	0.00837	0.00837	0.00930	0.00651	0.00651	0.00930	0.00837	0.01209	0.01395	0.02046	0.01302	0.03906	0.79635	0.00837	0.01395	0.00558	0.00279	0.00465
36	0.01080	0.00926	0.01080	0.00771	0.01234	0.00694	0.00617	0.01311	0.01080	0.01697	0.00926	0.01080	0.00771	0.00386	0.00386	0.00077	0.00386	0.00309	0.00309	0.84882
37	0.01165	0.44079	0.08891	0.00981	0.01334	0.01520	0.03309	0.01420	0.03641	0.01364	0.05786	0.06046	0.01226	0.02494	0.09935	0.00229	0.05205	0.00473	0.00280	0.00622
38	0.01848	0.01318	0.01444	0.01138	0.01519	0.01452	0.00932	0.57357	0.11422	0.08851	0.01427	0.01424	0.01028	0.00837	0.05346	0.00201	0.00594	0.00493	0.00517	0.00853
39	0.00905	0.00452	0.00678	0.00678	0.00678	0.00452	0.00452	0.00678	0.00678	0.00905	0.00905	0.01583	0.00905	0.01809	0.02035	0.84848	0.00452	0.00452	0.00226	0.00226
40	0.00744	0.00558	0.00837	0.00837	0.00930	0.00651	0.00651	0.00930	0.00837	0.01209	0.01395	0.02046	0.01302	0.03906	0.79635	0.00837	0.01395	0.00558	0.00279	0.00465
41	0.01024	0.04387	0.25526	0.27752	0.06776	0.01147	0.05432	0.01448	0.03453	0.01542	0.06586	0.05539	0.02340	0.00632	0.00579	0.00171	0.04195	0.00539	0.00280	0.00653
42	0.01559	0.65595	0.11661	0.01101	0.01588	0.02002	0.01089	0.06313	0.01263	0.01577	0.00968	0.01149	0.00855	0.00584	0.00446	0.00155	0.00642	0.00366	0.00304	0.00785
43	0.00809	0.00665	0.00667	0.00659	0.00848	0.00554	0.00481	0.00889	0.01297	0.01578	0.05333	0.05150	0.76209	0.01416	0.00689	0.00208	0.00331	0.01139	0.00540	0.00537

[dist]
# distance from previous block
# <min> <max>
3	6

[block]
# block no. 1 follows, 47 sequences, length 31
# corresponding to MSA columns:
# 192-202,206-225
name=unknown_B
#
# <colnr> <probs for GDERKNQSTAVLIFYWHMCP>
#	G	D	E	R	K	N	Q	S	T	A	V	L	I	F	Y	W	H	M	C	P
0	0.07823	0.06449	0.04721	0.05513	0.16589	0.02826	0.08592	0.11916	0.04807	0.04174	0.01051	0.01216	0.00819	0.00487	0.00468	0.00138	0.00563	0.00418	0.00331	0.21101
1	0.01169	0.01153	0.01775	0.44598	0.33077	0.06427	0.01477	0.01486	0.01127	0.01474	0.00939	0.01319	0.00744	0.00499	0.00515	0.00163	0.00681	0.00455	0.00244	0.00678
2	0.00755	0.00513	0.00607	0.00607	0.00620	0.00526	0.00364	0.00782	0.00769	0.01038	0.01605	0.03212	0.01808	0.70519	0.13714	0.00553	0.00633	0.00729	0.00310	0.00337
3	0.00769	0.00563	0.00706	0.00691	0.00729	0.00613	0.00467	0.00836	0.00811	0.01107	0.01761	0.02999	0.06922	0.49730	0.23255	0.00553	0.06087	0.00707	0.00311	0.00381
4	0.02047	0.01351	0.01496	0.01147	0.01561	0.01454	0.00947	0.62701	0.02268	0.17550	0.01402	0.01349	0.00962	0.00629	0.00521	0.00157	0.00549	0.00479	0.00544	0.00886
5	0.00632	0.00463	0.00594	0.00699	0.00748	0.00425	0.00472	0.00728	0.01022	0.01340	0.03191	0.71168	0.13427	0.01590	0.00658	0.00207	0.00297	0.01430	0.00483	0.00425
6	0.02336	0.00886	0.01209	0.00927	0.01329	0.00765	0.00765	0.02538	0.01491	0.78810	0.02055	0.01773	0.01289	0.00645	0.00524	0.00161	0.00443	0.00524	0.00645	0.00886
7	0.02336	0.00886	0.01209	0.00927	0.01329	0.00765	0.00765	0.02538	0.01491	0.78810	0.02055	0.01773	0.01289	0.00645	0.00524	0.00161	0.00443	0.00524	0.00645	0.00886
8	0.00973	0.00786	0.00898	0.00835	0.01035	0.00837	0.00645	0.01736	0.33969	0.02056	0.37151	0.03229	0.08113	0.00947	0.00584	0.00174	0.00330	0.04526	0.00544	0.00630
9	0.00768	0.00601	0.00857	0.00848	0.00921	0.00703	0.00649	0.00920	0.00859	0.01221	0.01657	0.11266	0.04458	0.08674	0.54211	0.00654	0.09279	0.00688	0.00308	0.00459
10	0.15631	0.06655	0.11114	0.13989	0.10194	0.16054	0.06249	0.01562	0.01128	0.01600	0.01035	0.07292	0.00909	0.00592	0.00495	0.00160	0.01972	0.00476	0.02264	0.00631
11	0.45746	0.00996	0.00987	0.02895	0.02980	0.01126	0.02011	0.12695	0.04146	0.02189	0.02733	0.07700	0.01104	0.07597	0.00649	0.00197	0.02791	0.00492	0.00370	0.00597
12	0.09025	0.01083	0.01704	0.11175	0.14156	0.01111	0.17039	0.07207	0.07551	0.11907	0.09277	0.01768	0.03449	0.00608	0.00535	0.00166	0.00572	0.00564	0.00392	0.00713
13	0.00617	0.00523	0.00532	0.00538	0.00706	0.00439	0.00400	0.00746	0.01177	0.01403	0.05143	0.09217	0.74119	0.01336	0.00618	0.00178	0.00266	0.01120	0.00484	0.00439
14	0.00649	0.00529	0.00574	0.00562	0.00724	0.00454	0.00422	0.00812	0.01266	0.01593	0.25215	0.04705	0.58182	0.01249	0.00615	0.00173	0.00259	0.01056	0.00508	0.00454
15	0.80025	0.00999	0.00794	0.00700	0.01028	0.01142	0.00577	0.01596	0.00925	0.07265	0.00811	0.00906	0.00611	0.00494	0.00335	0.00161	0.00405	0.00298	0.00343	0.00585
16	0.00691	0.00512	0.00656	0.00740	0.00830	0.00477	0.00558	0.00840	0.01124	0.01462	0.09117	0.40744	0.18420	0.01476	0.00665	0.00208	0.00336	0.20211	0.00489	0.00446
17	0.00643	0.00509	0.00579	0.00602	0.00731	0.00445	0.00436	0.00786	0.01193	0.01517	0.18514	0.24292	0.45208	0.01350	0.00628	0.00183	0.00270	0.01167	0.00501	0.00445
18	0.00723	0.00532	0.00676	0.00640	0.00769	0.00485	0.00480	0.00955	0.01440	0.02007	0.69461	0.04024	0.13678	0.01095	0.00614	0.00165	0.00248	0.00961	0.00563	0.00485
19	0.02232	0.00881	0.01174	0.00907	0.01292	0.00779	0.00747	0.05277	0.01500	0.70799	0.02000	0.01764	0.01277	0.00641	0.00513	0.00158	0.00435	0.00519	0.06245	0.00859
20	0.01059	0.02595	0.73158	0.01539	0.02290	0.01218	0.07666	0.01651	0.01109	0.01651	0.00944	0.01123	0.00670	0.00490	0.00504	0.00166	0.00778	0.00402	0.00223	0.00764
21	0.00690	0.00567	0.00613	0.00609	0.00771	0.00512	0.00453	0.00940	0.07088	0.01572	0.16978	0.12086	0.52744	0.01260	0.00614	0.00177	0.00276	0.01071	0.00502	0.00476
22	0.01270	0.01233	0.02150	0.07018	0.69624	0.01239	0.06596	0.01589	0.01181	0.01680	0.00982	0.01302	0.00816	0.00465	0.00522	0.00157	0.00640	0.00474	0.00257	0.00804
23	0.14653	0.01117	0.01260	0.00966	0.01379	0.03145	0.04900	0.15856	0.06638	0.08810	0.01140	0.01209	0.00860	0.00498	0.00438	0.00126	0.00473	0.00390	0.00392	0.35749
24	0.00989	0.00854	0.01295	0.25451	0.06098	0.03199	0.06319	0.05302	0.01049	0.01393	0.01279	0.07867	0.01199	0.08434	0.20822	0.06214	0.00818	0.00597	0.00290	0.00531
25	0.05889	0.07631	0.07253	0.04291	0.01415	0.01144	0.00874	0.16173	0.16297	0.14189	0.06425	0.04874	0.04328	0.00777	0.00608	0.05621	0.00480	0.00561	0.00454	0.00715
26	0.01416	0.01299	0.03236	0.06372	0.40585	0.06333	0.06160	0.10714	0.06625	0.06102	0.01235	0.05373	0.01020	0.00575	0.00528	0.00161	0.00618	0.00527	0.00340	0.00779
27	0.00754	0.00485	0.00577	0.00618	0.00709	0.00456	0.00439	0.00924	0.01133	0.01664	0.16553	0.34882	0.10920	0.01182	0.00558	0.00171	0.00270	0.01038	0.26210	0.00456
28	0.01620	0.01807	0.01497	0.07380	0.01678	0.39858	0.01046	0.10677	0.01365	0.01540	0.00845	0.01069	0.00708	0.00629	0.00781	0.00159	0.20603	0.00389	0.00288	0.06059
29	0.01210	0.01282	0.09176	0.21197	0.47347	0.01194	0.01525	0.01591	0.03674	0.03238	0.01021	0.01321	0.00812	0.00490	0.00512	0.00159	0.00634	0.00458	0.00266	0.02891
30	0.01069	0.08169	0.73735	0.01443	0.02191	0.01268	0.01853	0.01643	0.01097	0.01620	0.00920	0.01081	0.00660	0.00491	0.00484	0.00161	0.00755	0.00377	0.00220	0.00763

[dist]
# distance from previous block
# <min> <max>
0	21

[block]
# block no. 2 follows, 47 sequences, length 9
# corresponding to MSA columns:
# 248-256
name=unknown_C
#
# <colnr> <probs for GDERKNQSTAVLIFYWHMCP>
#	G	D	E	R	K	N	Q	S	T	A	V	L	I	F	Y	W	H	M	C	P
0	0.01392	0.82012	0.02729	0.00891	0.01337	0.02061	0.00891	0.01559	0.01058	0.01225	0.00724	0.00835	0.00668	0.00446	0.00334	0.00111	0.00557	0.00278	0.00223	0.00668
1	0.15436	0.01129	0.04134	0.27211	0.10225	0.01197	0.08405	0.09537	0.07256	0.05751	0.01167	0.04285	0.00917	0.00573	0.00501	0.00169	0.00595	0.00496	0.00336	0.00682
2	0.46660	0.30308	0.04987	0.00810	0.01186	0.01461	0.00758	0.01522	0.00975	0.01862	0.00845	0.01128	0.00739	0.00522	0.00356	0.00148	0.00479	0.04357	0.00290	0.00606
3	0.00638	0.00527	0.00564	0.00588	0.00744	0.00453	0.00446	0.00776	0.01168	0.01413	0.04794	0.12967	0.63555	0.01362	0.00630	0.00185	0.00288	0.07977	0.00483	0.00442
4	0.00633	0.00459	0.00598	0.00710	0.00751	0.00424	0.00477	0.00727	0.01012	0.01335	0.03057	0.75436	0.09247	0.01607	0.00661	0.00209	0.00299	0.01451	0.00483	0.00424
5	0.06115	0.04656	0.01295	0.00943	0.01339	0.01060	0.00781	0.23384	0.01635	0.34807	0.01523	0.01450	0.01041	0.00584	0.00476	0.00144	0.00464	0.00453	0.05491	0.12361
6	0.09875	0.06074	0.07444	0.04066	0.04503	0.01253	0.03019	0.24775	0.06542	0.10712	0.03673	0.01390	0.01038	0.00585	0.00505	0.00152	0.02457	0.00454	0.04653	0.06830
7	0.03080	0.01361	0.01459	0.04884	0.09516	0.11409	0.01004	0.34670	0.04267	0.02297	0.05148	0.01417	0.01078	0.00776	0.02884	0.03310	0.07715	0.00477	0.02520	0.00727
8	0.00889	0.00592	0.00753	0.00744	0.00820	0.00611	0.00539	0.00993	0.00925	0.05464	0.01833	0.07543	0.01954	0.39231	0.10990	0.00419	0.04777	0.14207	0.03629	0.03089

[dist]
# distance from previous block
# <min> <max>
0	40

[block]
# block no. 3 follows, 47 sequences, length 39
# corresponding to MSA columns:
# 297-335
name=unknown_D
#
# <colnr> <probs for GDERKNQSTAVLIFYWHMCP>
#	G	D	E	R	K	N	Q	S	T	A	V	L	I	F	Y	W	H	M	C	P
0	0.17549	0.05463	0.01266	0.00932	0.01311	0.01195	0.00767	0.25883	0.04841	0.06392	0.01145	0.02698	0.00896	0.00685	0.03592	0.00165	0.01864	0.00412	0.00404	0.22541
1	0.04179	0.05488	0.06809	0.06677	0.21018	0.04751	0.01037	0.05834	0.02564	0.01791	0.15295	0.06927	0.03129	0.00694	0.00514	0.00152	0.00508	0.01917	0.00360	0.10355
2	0.03971	0.46731	0.04958	0.04132	0.01541	0.11504	0.03356	0.05497	0.08604	0.01495	0.00921	0.01035	0.00771	0.00511	0.00443	0.00134	0.03084	0.00352	0.00278	0.00681
3	0.01501	0.01049	0.01154	0.00983	0.01281	0.01149	0.00774	0.16748	0.39486	0.13186	0.04795	0.01938	0.01535	0.05046	0.00632	0.00184	0.00434	0.00571	0.06775	0.00780
4	0.01160	0.07728	0.06467	0.06717	0.09918	0.01179	0.29425	0.01517	0.04156	0.04930	0.01403	0.15985	0.01304	0.00713	0.00629	0.00176	0.04915	0.00694	0.00321	0.00663
5	0.00724	0.00530	0.00679	0.00647	0.00771	0.00485	0.00483	0.00955	0.01436	0.02009	0.69865	0.06317	0.10945	0.01103	0.00616	0.00166	0.00249	0.00971	0.00563	0.00485
6	0.26833	0.00937	0.01075	0.00864	0.01236	0.00918	0.00710	0.02255	0.06147	0.51315	0.01665	0.01509	0.01094	0.00601	0.00465	0.00162	0.00429	0.00456	0.00542	0.00787
7	0.00744	0.00558	0.00837	0.00837	0.00930	0.00651	0.00651	0.00930	0.00837	0.01209	0.01395	0.02046	0.01302	0.03906	0.79635	0.00837	0.01395	0.00558	0.00279	0.00465
8	0.00616	0.00525	0.00530	0.00535	0.00705	0.00439	0.00399	0.00747	0.01180	0.01404	0.05188	0.07803	0.75504	0.01330	0.00617	0.00177	0.00265	0.01113	0.00484	0.00439
9	0.00634	0.00453	0.00604	0.00725	0.00755	0.00423	0.00483	0.00725	0.00997	0.01329	0.02870	0.81358	0.03444	0.01632	0.00665	0.00211	0.00302	0.01480	0.00483	0.00423
10	0.01861	0.01380	0.01485	0.01156	0.01547	0.01525	0.00948	0.67584	0.06763	0.03142	0.06194	0.01459	0.01183	0.00658	0.00527	0.00158	0.00543	0.00506	0.00525	0.00857
11	0.00633	0.00457	0.00600	0.00714	0.00753	0.00424	0.00479	0.00726	0.01007	0.01334	0.03000	0.77251	0.07469	0.01615	0.00662	0.00210	0.00300	0.01460	0.00483	0.00424
12	0.85377	0.01007	0.00765	0.00685	0.01007	0.01168	0.00564	0.01531	0.00886	0.02336	0.00725	0.00846	0.00564	0.00483	0.00322	0.00161	0.00403	0.00282	0.00322	0.00564
13	0.00737	0.00532	0.00696	0.00655	0.00778	0.00491	0.00491	0.00983	0.01474	0.02088	0.78175	0.03890	0.04914	0.01065	0.00614	0.00164	0.00246	0.00942	0.00573	0.00491
14	0.01017	0.00783	0.01108	0.06521	0.01261	0.00840	0.06165	0.07596	0.01367	0.04325	0.37825	0.05421	0.02903	0.00884	0.00713	0.00170	0.10650	0.00741	0.09146	0.00565
15	0.01155	0.01307	0.11406	0.35101	0.29699	0.01221	0.06550	0.04470	0.01168	0.01600	0.00967	0.01313	0.00750	0.00496	0.00522	0.00165	0.00684	0.00464	0.00253	0.00709
16	0.05931	0.17408	0.28164	0.01466	0.11517	0.01366	0.04438	0.08145	0.04281	0.10913	0.01099	0.01197	0.00813	0.00516	0.00469	0.00153	0.00624	0.00410	0.00321	0.00769
17	0.00822	0.00630	0.00837	0.00799	0.00837	0.00740	0.00579	0.00916	0.00803	0.01150	0.01392	0.02484	0.01457	0.37135	0.31054	0.00572	0.14182	0.00626	0.02569	0.00418
18	0.00983	0.00926	0.01562	0.80447	0.03587	0.01157	0.01446	0.01331	0.01041	0.01331	0.00926	0.01388	0.00694	0.00521	0.00521	0.00174	0.00694	0.00463	0.00231	0.00579
19	0.01055	0.01004	0.01717	0.62012	0.19532	0.01178	0.03358	0.01396	0.01077	0.01418	0.00940	0.01368	0.00724	0.00507	0.00522	0.00170	0.00683	0.00467	0.00238	0.00634
20	0.01588	0.01773	0.01576	0.07059	0.01719	0.37617	0.05078	0.10707	0.01358	0.01537	0.00925	0.04016	0.00809	0.00676	0.00811	0.00169	0.21215	0.00448	0.00293	0.00626
21	0.80852	0.01019	0.00838	0.00820	0.05174	0.01172	0.00620	0.01534	0.00902	0.02302	0.00739	0.00870	0.00578	0.00482	0.00333	0.00161	0.00414	0.00292	0.00319	0.00578
22	0.00644	0.00529	0.00567	0.00557	0.00721	0.00452	0.00418	0.00802	0.01254	0.01565	0.22173	0.04752	0.61242	0.01260	0.00615	0.00173	0.00260	0.01063	0.00504	0.00452
23	0.29939	0.00926	0.01061	0.00846	0.01222	0.00899	0.00698	0.02203	0.01290	0.53391	0.01613	0.01465	0.01048	0.00591	0.00457	0.00161	0.00430	0.00443	0.00537	0.00779
24	0.01901	0.01420	0.01519	0.01182	0.01585	0.01578	0.00971	0.68224	0.11065	0.03155	0.01350	0.01330	0.00966	0.00634	0.00522	0.00159	0.00555	0.00483	0.00522	0.00879
25	0.00653	0.00468	0.00632	0.00738	0.00779	0.00447	0.00507	0.00760	0.01009	0.01356	0.05513	0.70454	0.03330	0.01769	0.06360	0.00256	0.00384	0.03683	0.00472	0.00430
26	0.00633	0.00459	0.00599	0.00711	0.00752	0.00424	0.00477	0.00727	0.01011	0.01335	0.03044	0.75852	0.08839	0.01609	0.00661	0.00209	0.00299	0.01453	0.00483	0.00424
27	0.00633	0.00458	0.00599	0.00713	0.00752	0.00424	0.00478	0.00727	0.01009	0.01334	0.03023	0.76502	0.08202	0.01612	0.00662	0.00209	0.00300	0.01456	0.00483	0.00424
28	0.01335	0.47714	0.22647	0.01125	0.01607	0.09158	0.01192	0.01610	0.01090	0.01344	0.00784	0.00937	0.00667	0.00501	0.00489	0.00136	0.06433	0.00325	0.00227	0.00682
29	0.01776	0.01498	0.01578	0.01255	0.01604	0.13448	0.06285	0.43912	0.05289	0.05752	0.05544	0.01407	0.01107	0.00648	0.00611	0.00161	0.06402	0.00492	0.00451	0.00782
30	0.00657	0.00463	0.00598	0.00696	0.00720	0.00438	0.00452	0.00731	0.00952	0.01270	0.02641	0.66830	0.03155	0.16554	0.01035	0.00266	0.00340	0.01346	0.00452	0.00403
31	0.00779	0.00647	0.00917	0.01203	0.17321	0.00609	0.00707	0.00939	0.01116	0.01475	0.07117	0.38837	0.22108	0.01268	0.00619	0.00188	0.00361	0.02831	0.00440	0.00518
32	0.01637	0.15084	0.11513	0.03591	0.01609	0.16927	0.01045	0.21645	0.04515	0.09687	0.01255	0.06961	0.01024	0.00635	0.00487	0.00151	0.00633	0.00483	0.00384	0.00733
33	0.01148	0.04698	0.01644	0.01334	0.01419	0.05668	0.06496	0.01298	0.00882	0.01277	0.00813	0.01255	0.00772	0.01234	0.11847	0.00295	0.56644	0.00467	0.00239	0.00571
34	0.00658	0.00490	0.00615	0.00680	0.00763	0.00447	0.00482	0.00792	0.01133	0.01494	0.17097	0.47654	0.19644	0.01453	0.00647	0.00196	0.00291	0.04521	0.00500	0.00441
35	0.01534	0.01185	0.01387	0.06179	0.01614	0.01319	0.04218	0.24506	0.39191	0.07954	0.04081	0.01726	0.01370	0.00665	0.00533	0.00169	0.00495	0.00552	0.00506	0.00816
36	0.06290	0.01229	0.01335	0.01166	0.03827	0.06253	0.03857	0.16322	0.36129	0.09379	0.01648	0.01605	0.01219	0.00646	0.00543	0.00166	0.02916	0.00515	0.04167	0.00785
37	0.03052	0.01317	0.07746	0.01220	0.08198	0.08279	0.00946	0.10838	0.17668	0.12141	0.06628	0.01570	0.01293	0.00595	0.00493	0.00146	0.00515	0.00481	0.00428	0.16448
38	0.01379	0.12145	0.31887	0.01135	0.01651	0.01142	0.01227	0.01731	0.01173	0.19480	0.03240	0.01414	0.03347	0.00581	0.00562	0.00152	0.06360	0.00436	0.00347	0.10611

[dist]
# distance from previous block
# <min> <max>
1	18

[block]
# block no. 4 follows, 47 sequences, length 40
# corresponding to MSA columns:
# 356-391,395-398
name=unknown_E
#
# <colnr> <probs for GDERKNQSTAVLIFYWHMCP>
#	G	D	E	R	K	N	Q	S	T	A	V	L	I	F	Y	W	H	M	C	P
0	0.01312	0.22241	0.01864	0.02653	0.03448	0.06281	0.09617	0.09296	0.04674	0.03429	0.03770	0.05673	0.01122	0.00921	0.07265	0.00213	0.11079	0.00504	0.00321	0.04316
1	0.05998	0.05954	0.02998	0.08974	0.06425	0.07958	0.04238	0.17856	0.04714	0.04114	0.01137	0.01338	0.03337	0.00672	0.00816	0.00175	0.21808	0.00464	0.00337	0.00688
2	0.00949	0.00564	0.00631	0.00593	0.00734	0.00559	0.00450	0.05909	0.01318	0.02080	0.29787	0.02614	0.02622	0.00776	0.00466	0.00139	0.00265	0.00652	0.48378	0.00513
3	0.01270	0.01218	0.02079	0.08088	0.73709	0.01232	0.01589	0.01581	0.01177	0.01678	0.00976	0.01295	0.00817	0.00468	0.00516	0.00156	0.00623	0.00464	0.00256	0.00809
4	0.02194	0.00856	0.01157	0.00897	0.01279	0.00740	0.00738	0.02394	0.01476	0.72189	0.05300	0.02005	0.04913	0.00692	0.00532	0.00162	0.00427	0.00567	0.00634	0.00850
5	0.00683	0.00521	0.00602	0.00597	0.00735	0.00461	0.00442	0.00863	0.01282	0.01703	0.34755	0.11619	0.37663	0.01212	0.00608	0.00172	0.00259	0.01043	0.04320	0.00461
6	0.00749	0.00537	0.00733	0.00733	0.00790	0.00594	0.00521	0.00863	0.00806	0.01132	0.01490	0.02574	0.01531	0.34056	0.49798	0.00708	0.01050	0.00635	0.00293	0.00407
7	0.00634	0.00453	0.00604	0.00725	0.00755	0.00423	0.00483	0.00725	0.00997	0.01329	0.02870	0.81358	0.03444	0.01632	0.00665	0.00211	0.00302	0.01480	0.00483	0.00423
8	0.01139	0.01139	0.01595	0.01367	0.01367	0.01595	0.01139	0.01253	0.00798	0.01253	0.00684	0.01139	0.00684	0.00911	0.01709	0.00228	0.80745	0.00456	0.00228	0.00570
9	0.00755	0.00551	0.00711	0.00668	0.00796	0.00517	0.00502	0.01039	0.03877	0.02091	0.75771	0.03828	0.04809	0.01053	0.00612	0.00164	0.00251	0.00931	0.00572	0.00502
10	0.00634	0.00453	0.00604	0.00725	0.00755	0.00423	0.00483	0.00725	0.00997	0.01329	0.02870	0.81358	0.03444	0.01632	0.00665	0.00211	0.00302	0.01480	0.00483	0.00423
11	0.01452	0.01199	0.04198	0.01065	0.01397	0.01284	0.00871	0.16946	0.52155	0.06134	0.01880	0.01768	0.01389	0.00674	0.00518	0.00168	0.00449	0.00549	0.05086	0.00819
12	0.01471	0.06315	0.01368	0.01083	0.01414	0.01407	0.00874	0.22526	0.49972	0.02395	0.01818	0.01816	0.01388	0.00692	0.00521	0.00169	0.00467	0.02978	0.00506	0.00820
13	0.01945	0.02482	0.01476	0.01342	0.01610	0.79608	0.01006	0.02079	0.01476	0.01275	0.00805	0.00939	0.00671	0.00537	0.00470	0.00134	0.00939	0.00335	0.00268	0.00604
14	0.06435	0.01366	0.01459	0.02684	0.03398	0.16652	0.09484	0.15823	0.14407	0.06275	0.05653	0.03116	0.01436	0.00714	0.00540	0.00169	0.00607	0.08658	0.00425	0.00701
15	0.01452	0.04168	0.03747	0.00934	0.01306	0.03397	0.00771	0.02111	0.27735	0.19129	0.01782	0.01707	0.04333	0.00610	0.00480	0.00142	0.00435	0.00494	0.02913	0.22356
16	0.02336	0.00886	0.01209	0.00927	0.01329	0.00765	0.00765	0.02538	0.01491	0.78810	0.02055	0.01773	0.01289	0.00645	0.00524	0.00161	0.00443	0.00524	0.00645	0.00886
17	0.00627	0.00528	0.00545	0.00555	0.00723	0.00446	0.00419	0.00762	0.01180	0.01411	0.05067	0.07977	0.71907	0.01336	0.00622	0.00180	0.00275	0.04515	0.00483	0.00441
18	0.01161	0.01141	0.01513	0.21860	0.09344	0.09692	0.06260	0.06101	0.01154	0.01491	0.01382	0.10494	0.04625	0.03341	0.00842	0.00193	0.16010	0.02493	0.00306	0.00597
19	0.00757	0.00505	0.00568	0.00568	0.00568	0.00505	0.00316	0.00757	0.00757	0.01010	0.01641	0.03408	0.01893	0.81698	0.02651	0.00505	0.00505	0.00757	0.00316	0.00316
20	0.00744	0.00558	0.00837	0.00837	0.00930	0.00651	0.00651	0.00930	0.00837	0.01209	0.01395	0.02046	0.01302	0.03906	0.79635	0.00837	0.01395	0.00558	0.00279	0.00465
21	0.01123	0.02446	0.64659	0.01522	0.02218	0.01259	0.08144	0.06389	0.01184	0.01739	0.00955	0.01136	0.00686	0.00515	0.00554	0.00168	0.03885	0.00412	0.00243	0.00763
22	0.01364	0.01426	0.01684	0.33067	0.18033	0.20161	0.02706	0.06945	0.01262	0.01533	0.00916	0.01233	0.00730	0.00546	0.00591	0.00163	0.06281	0.00435	0.00267	0.00658
23	0.01007	0.00921	0.01475	0.61335	0.02988	0.01168	0.01306	0.01309	0.01008	0.01371	0.00954	0.01397	0.00747	0.00589	0.00692	0.00178	0.13112	0.00464	0.07411	0.00569
24	0.08240	0.19608	0.01735	0.13054	0.06564	0.23225	0.02780	0.01605	0.01138	0.01421	0.00863	0.01111	0.00730	0.00654	0.03161	0.00171	0.08810	0.00378	0.04137	0.00614
25	0.00757	0.00505	0.00568	0.00568	0.00568	0.00505	0.00316	0.00757	0.00757	0.01010	0.01641	0.03408	0.01893	0.81698	0.02651	0.00505	0.00505	0.00757	0.00316	0.00316
26	0.01110	0.01037	0.01717	0.30129	0.19388	0.01138	0.10703	0.04542	0.06719	0.01670	0.08919	0.05259	0.01357	0.00634	0.00589	0.00172	0.03348	0.00586	0.00320	0.00663
27	0.00838	0.00741	0.01267	0.04736	0.01383	0.00694	0.18876	0.01043	0.01073	0.01467	0.02256	0.46281	0.05448	0.01150	0.00612	0.00187	0.00460	0.01085	0.04207	0.06195
28	0.01094	0.01073	0.01494	0.01296	0.01297	0.01481	0.01066	0.01202	0.00807	0.01246	0.00846	0.05599	0.00889	0.04672	0.01696	0.00240	0.72681	0.00525	0.00246	0.00550
29	0.01702	0.01298	0.01529	0.04873	0.01600	0.03019	0.01031	0.40848	0.03550	0.09562	0.01155	0.01283	0.00867	0.00707	0.00871	0.00179	0.24259	0.00470	0.00428	0.00771
30	0.00801	0.00566	0.00722	0.00708	0.00764	0.00612	0.00485	0.03924	0.00860	0.01187	0.01521	0.02743	0.01602	0.45461	0.35156	0.00631	0.00884	0.00661	0.00308	0.00402
31	0.00634	0.00453	0.00604	0.00725	0.00755	0.00423	0.00483	0.00725	0.00997	0.01329	0.02870	0.81358	0.03444	0.01632	0.00665	0.00211	0.00302	0.01480	0.00483	0.00423
32	0.01080	0.00926	0.01080	0.00771	0.01234	0.00694	0.00617	0.01311	0.01080	0.01697	0.00926	0.01080	0.00771	0.00386	0.00386	0.00077	0.00386	0.00309	0.00309	0.84882
33	0.00851	0.00616	0.00958	0.00899	0.01023	0.00667	0.05425	0.01032	0.00907	0.05449	0.01569	0.09761	0.01517	0.08630	0.57406	0.00675	0.01144	0.00663	0.00320	0.00489
34	0.00744	0.00558	0.00837	0.00837	0.00930	0.00651	0.00651	0.00930	0.00837	0.01209	0.01395	0.02046	0.01302	0.03906	0.79635	0.00837	0.01395	0.00558	0.00279	0.00465
35	0.00744	0.00558	0.00837	0.00837	0.00930	0.00651	0.00651	0.00930	0.00837	0.01209	0.01395	0.02046	0.01302	0.03906	0.79635	0.00837	0.01395	0.00558	0.00279	0.00465
36	0.01687	0.01399	0.06301	0.01130	0.01493	0.05220	0.00960	0.51174	0.02012	0.04633	0.07098	0.01574	0.01240	0.03980	0.05967	0.00217	0.02160	0.00511	0.00467	0.00778
37	0.00633	0.00528	0.00552	0.00546	0.00714	0.00447	0.00410	0.00782	0.01229	0.01507	0.15984	0.04847	0.67468	0.01282	0.00615	0.00174	0.00261	0.01076	0.00497	0.00447
38	0.01265	0.03989	0.01781	0.38084	0.17466	0.16327	0.05746	0.01549	0.01149	0.01403	0.00899	0.01250	0.00719	0.00530	0.00584	0.00164	0.05769	0.00441	0.00245	0.00641
39	0.80787	0.00985	0.00769	0.00700	0.01011	0.01137	0.00579	0.01506	0.00903	0.02294	0.00835	0.01119	0.00696	0.00535	0.00344	0.00165	0.00407	0.04336	0.00331	0.00559

[dist]
# distance from previous block
# <min> <max>
2	3

[block]
# block no. 5 follows, 47 sequences, length 19
# corresponding to MSA columns:
# 405-413,422-431
name=unknown_F
#
# <colnr> <probs for GDERKNQSTAVLIFYWHMCP>
#	G	D	E	R	K	N	Q	S	T	A	V	L	I	F	Y	W	H	M	C	P
0	0.01204	0.01163	0.02013	0.15406	0.54436	0.01216	0.06803	0.01515	0.01134	0.01599	0.00984	0.01343	0.00818	0.00650	0.04276	0.00194	0.03762	0.00479	0.00254	0.00750
1	0.01377	0.77015	0.02659	0.00920	0.01338	0.02032	0.00906	0.01540	0.01042	0.01227	0.00721	0.00854	0.00669	0.00474	0.00419	0.00119	0.05511	0.00289	0.00223	0.00662
2	0.65854	0.00979	0.00870	0.00742	0.01083	0.01074	0.00611	0.01768	0.01028	0.20316	0.01038	0.01064	0.00734	0.00521	0.00370	0.00161	0.00412	0.00339	0.00398	0.00640
3	0.00753	0.00521	0.00649	0.00649	0.00676	0.00549	0.00416	0.00809	0.00781	0.01069	0.01567	0.03000	0.01716	0.58405	0.25701	0.00604	0.00771	0.00698	0.00305	0.00360
4	0.01285	0.01005	0.01099	0.00961	0.01225	0.01111	0.00754	0.19009	0.36213	0.02353	0.17396	0.05300	0.02187	0.00803	0.00544	0.00169	0.00402	0.01981	0.05475	0.00729
5	0.00763	0.00566	0.00837	0.00862	0.00960	0.00640	0.00689	0.00960	0.00910	0.01280	0.01672	0.02824	0.01646	0.03404	0.63594	0.00716	0.01209	0.15678	0.00320	0.00468
6	0.00712	0.00531	0.00662	0.00629	0.00763	0.00481	0.00472	0.00935	0.01416	0.01950	0.63358	0.04118	0.19818	0.01116	0.00614	0.00166	0.00249	0.00974	0.00555	0.00481
7	0.00886	0.00738	0.01045	0.05957	0.16787	0.02035	0.00811	0.03734	0.04010	0.01502	0.02205	0.50701	0.02476	0.01311	0.03079	0.00213	0.00448	0.01096	0.00416	0.00550
8	0.00744	0.00558	0.00837	0.00837	0.00930	0.00651	0.00651	0.00930	0.00837	0.01209	0.01395	0.02046	0.01302	0.03906	0.79635	0.00837	0.01395	0.00558	0.00279	0.00465
9	0.00682	0.00562	0.00605	0.00609	0.00772	0.00504	0.00459	0.00909	0.05916	0.01525	0.12280	0.11171	0.56291	0.01287	0.00619	0.00181	0.00284	0.04380	0.00495	0.00469
10	0.01945	0.02482	0.01476	0.01342	0.01610	0.79608	0.01006	0.02079	0.01476	0.01275	0.00805	0.00939	0.00671	0.00537	0.00470	0.00134	0.00939	0.00335	0.00268	0.00604
11	0.59415	0.09587	0.01057	0.00783	0.01112	0.01288	0.00651	0.01785	0.16479	0.02187	0.01008	0.01068	0.00783	0.00525	0.00366	0.00159	0.00421	0.00344	0.00354	0.00628
12	0.68148	0.00910	0.00717	0.00653	0.00945	0.01020	0.00530	0.01372	0.00947	0.02148	0.01650	0.01693	0.16352	0.00653	0.00382	0.00164	0.00375	0.00448	0.00355	0.00539
13	0.01320	0.01502	0.04709	0.01600	0.08612	0.17382	0.07236	0.01501	0.01017	0.01347	0.00775	0.01132	0.00702	0.00740	0.01213	0.00196	0.47713	0.00442	0.00241	0.00618
14	0.01234	0.00872	0.01088	0.00822	0.01183	0.00722	0.03486	0.04058	0.01128	0.12762	0.01251	0.01672	0.01079	0.16961	0.00880	0.00183	0.00444	0.00448	0.00364	0.49366
15	0.01305	0.01276	0.01194	0.00921	0.01346	0.16763	0.00718	0.01502	0.01191	0.01655	0.00951	0.01120	0.00798	0.00450	0.00425	0.00098	0.00516	0.00331	0.00317	0.67123
16	0.01082	0.00750	0.01145	0.09092	0.16870	0.00778	0.00843	0.04546	0.00944	0.01288	0.01017	0.01580	0.00936	0.01500	0.06077	0.49765	0.00588	0.00479	0.00267	0.00456
17	0.12089	0.01112	0.01266	0.17174	0.01809	0.01264	0.00942	0.12060	0.35613	0.05607	0.01733	0.01762	0.03924	0.00680	0.00524	0.00180	0.00503	0.00538	0.00460	0.00762
18	0.05981	0.00768	0.00836	0.00785	0.00962	0.00773	0.00581	0.16339	0.02699	0.01917	0.07875	0.25586	0.19958	0.07800	0.00768	0.00214	0.00384	0.00969	0.04245	0.00561

[dist]
# distance from previous block
# <min> <max>
8	81

# created by:
# /home/cegg/simao/soft/augustus-3.2.1/scripts/msa2prfl.pl ./align_prep/EOG091G0L3L.fa
