[name]
unknown

[dist]
# distance from previous block
# <min> <max>
81	1354

[block]
# block no. 0 follows, 38 sequences, length 21
# corresponding to MSA columns:
# 1800-1820
name=unknown_A
#
# <colnr> <probs for GDERKNQSTAVLIFYWHMCP>
#	G	D	E	R	K	N	Q	S	T	A	V	L	I	F	Y	W	H	M	C	P
0	0.02770	0.01593	0.05727	0.01863	0.18360	0.12532	0.06273	0.13893	0.01677	0.05404	0.09650	0.01940	0.03350	0.02549	0.00704	0.00187	0.03462	0.00602	0.02609	0.04855
1	0.03570	0.03477	0.05107	0.02841	0.18279	0.09500	0.01101	0.05929	0.01496	0.10043	0.09157	0.10699	0.05165	0.03098	0.00672	0.00191	0.00598	0.00732	0.02492	0.05854
2	0.05012	0.03403	0.03686	0.02637	0.08848	0.03569	0.04242	0.13684	0.06810	0.09416	0.03370	0.08870	0.01485	0.02267	0.00738	0.03108	0.03441	0.00649	0.04455	0.10309
3	0.05285	0.01278	0.09151	0.02514	0.08201	0.04012	0.03663	0.08240	0.03380	0.02091	0.11772	0.05901	0.17481	0.01070	0.02488	0.00210	0.03188	0.03289	0.01866	0.04921
4	0.01657	0.04309	0.08679	0.01588	0.09063	0.10984	0.07390	0.15235	0.08089	0.05487	0.03218	0.01918	0.01312	0.05677	0.00744	0.00201	0.00702	0.03176	0.02615	0.07957
5	0.08823	0.05405	0.01754	0.13825	0.08697	0.03798	0.08195	0.08099	0.07940	0.05905	0.01638	0.05716	0.03528	0.02683	0.00644	0.00193	0.00641	0.03109	0.00414	0.08993
6	0.03478	0.05338	0.01566	0.04046	0.06897	0.09231	0.05531	0.05185	0.08582	0.08186	0.07977	0.07288	0.05627	0.06707	0.00845	0.00212	0.04081	0.00707	0.00452	0.08064
7	0.04429	0.03015	0.05976	0.06071	0.06317	0.06600	0.07091	0.11292	0.01579	0.12696	0.03632	0.07428	0.03069	0.00726	0.00578	0.00169	0.00632	0.00617	0.00449	0.17633
8	0.01448	0.05606	0.04150	0.06452	0.22104	0.03785	0.01221	0.07043	0.13730	0.05068	0.08371	0.05341	0.01817	0.04550	0.00726	0.00206	0.00605	0.03613	0.00446	0.03719
9	0.01384	0.04014	0.04054	0.04479	0.04457	0.03555	0.03887	0.13211	0.06399	0.02308	0.05916	0.04401	0.01624	0.03440	0.02589	0.00200	0.00542	0.00622	0.29404	0.03511
10	0.01521	0.01405	0.07261	0.04515	0.16268	0.03834	0.03008	0.07220	0.10330	0.08869	0.04044	0.04406	0.03600	0.02364	0.00776	0.00192	0.08065	0.00616	0.00430	0.11274
11	0.08487	0.01271	0.04785	0.04022	0.03468	0.07065	0.05247	0.08406	0.08776	0.04943	0.17512	0.02558	0.06965	0.04475	0.03306	0.00226	0.00601	0.00702	0.00483	0.06702
12	0.01303	0.04066	0.01815	0.08586	0.23329	0.01174	0.05640	0.01661	0.03726	0.01926	0.04862	0.01735	0.03223	0.00613	0.00611	0.00156	0.04064	0.00536	0.04826	0.26150
13	0.32567	0.01188	0.03293	0.05164	0.09273	0.05941	0.00906	0.01699	0.06365	0.02174	0.04264	0.09795	0.03130	0.01034	0.05444	0.00240	0.00602	0.00624	0.05621	0.00679
14	0.04169	0.01205	0.01222	0.01027	0.01340	0.04036	0.00818	0.29851	0.11338	0.02883	0.06404	0.01991	0.01585	0.00751	0.00538	0.00169	0.00491	0.00589	0.28793	0.00801
15	0.00891	0.00582	0.00650	0.00650	0.00659	0.00582	0.00368	0.00910	0.00901	0.01238	0.01900	0.03824	0.02144	0.73638	0.02885	0.00554	0.00563	0.00854	0.05831	0.00378
16	0.00887	0.00734	0.00809	0.00894	0.00981	0.05417	0.00619	0.01115	0.06099	0.01657	0.07763	0.60461	0.06934	0.01675	0.00737	0.00231	0.00398	0.01498	0.00553	0.00539
17	0.08813	0.01406	0.06959	0.04899	0.06910	0.01255	0.22497	0.08161	0.01521	0.18264	0.01572	0.06923	0.01226	0.00684	0.00613	0.00189	0.00705	0.00649	0.00448	0.06307
18	0.03965	0.10939	0.04446	0.01272	0.01720	0.01717	0.01095	0.48187	0.02250	0.05766	0.01399	0.01511	0.01055	0.01184	0.10487	0.00278	0.00782	0.00522	0.00511	0.00915
19	0.00864	0.00559	0.00747	0.00849	0.00916	0.00517	0.00580	0.00984	0.01211	0.06302	0.06256	0.70476	0.03891	0.01784	0.00755	0.00238	0.00357	0.01613	0.00575	0.00526
20	0.01951	0.11461	0.08032	0.01343	0.01841	0.01633	0.05923	0.35110	0.07079	0.12056	0.01806	0.01790	0.05797	0.00730	0.00587	0.00180	0.00647	0.00581	0.00526	0.00928

[dist]
# distance from previous block
# <min> <max>
2	26

[block]
# block no. 1 follows, 38 sequences, length 32
# corresponding to MSA columns:
# 1847-1851,1853-1879
name=unknown_B
#
# <colnr> <probs for GDERKNQSTAVLIFYWHMCP>
#	G	D	E	R	K	N	Q	S	T	A	V	L	I	F	Y	W	H	M	C	P
0	0.05936	0.02793	0.05419	0.03492	0.08588	0.01135	0.01066	0.06043	0.10338	0.43019	0.02139	0.01991	0.03818	0.00732	0.00591	0.00187	0.00555	0.00598	0.00607	0.00952
1	0.01458	0.01166	0.01620	0.06988	0.10592	0.01181	0.07353	0.20513	0.01744	0.04787	0.05754	0.11534	0.08497	0.00957	0.00650	0.00194	0.00589	0.06189	0.00489	0.07746
2	0.01377	0.01163	0.03520	0.02946	0.11025	0.01121	0.08752	0.11485	0.05283	0.06305	0.03378	0.04450	0.12292	0.01333	0.11070	0.00290	0.02018	0.00713	0.02757	0.08724
3	0.01054	0.00780	0.01048	0.00995	0.01143	0.00883	0.00768	0.11062	0.01225	0.01716	0.01675	0.05204	0.01585	0.09874	0.57189	0.00800	0.01349	0.00689	0.00373	0.00589
4	0.08901	0.00984	0.01375	0.33745	0.08535	0.02563	0.01153	0.01518	0.01325	0.04650	0.12687	0.02425	0.08551	0.00787	0.00588	0.00189	0.00584	0.00669	0.08106	0.00664
5	0.01402	0.10148	0.08856	0.17252	0.20734	0.08484	0.03813	0.03650	0.05642	0.01826	0.04459	0.08360	0.01387	0.00727	0.00591	0.00185	0.00720	0.00631	0.00349	0.00785
6	0.04153	0.06398	0.06497	0.01775	0.11237	0.32688	0.03674	0.12594	0.01646	0.01948	0.01054	0.01277	0.00862	0.00789	0.03383	0.00204	0.08229	0.00461	0.00343	0.00787
7	0.00864	0.00592	0.00719	0.00724	0.00751	0.00607	0.00451	0.00919	0.00942	0.01281	0.05168	0.07386	0.02312	0.58565	0.15689	0.00616	0.00738	0.00886	0.00380	0.00410
8	0.03222	0.01394	0.02154	0.18307	0.48055	0.05481	0.03320	0.01837	0.03587	0.01894	0.01178	0.01536	0.00956	0.00569	0.00585	0.00182	0.00729	0.00533	0.03627	0.00855
9	0.04652	0.01467	0.02248	0.14619	0.21897	0.05141	0.17412	0.10963	0.09026	0.02192	0.03569	0.01663	0.01145	0.00619	0.00617	0.00190	0.00760	0.00592	0.00380	0.00848
10	0.01696	0.01874	0.01736	0.03335	0.16220	0.32118	0.03955	0.03311	0.12256	0.01826	0.04459	0.09572	0.01510	0.00797	0.00638	0.00183	0.02707	0.00647	0.00395	0.00767
11	0.01354	0.01299	0.02232	0.31500	0.46329	0.01397	0.03734	0.01732	0.01308	0.01803	0.01110	0.01536	0.00895	0.00560	0.00601	0.00188	0.00756	0.00540	0.00286	0.00842
12	0.01410	0.31668	0.39000	0.01418	0.02093	0.03746	0.03612	0.01859	0.01274	0.03604	0.01121	0.04623	0.00933	0.00613	0.00514	0.00169	0.00771	0.00465	0.00285	0.00823
13	0.01343	0.11477	0.38293	0.01793	0.12503	0.01454	0.04596	0.07147	0.01434	0.02023	0.06191	0.01679	0.03977	0.00645	0.00572	0.00179	0.00748	0.00533	0.00330	0.03083
14	0.00749	0.00536	0.00721	0.00855	0.00897	0.00508	0.00585	0.00865	0.01155	0.01542	0.03241	0.72180	0.03855	0.01981	0.03843	0.00275	0.00409	0.04760	0.00549	0.00494
15	0.01467	0.00911	0.01062	0.00940	0.01218	0.00921	0.00738	0.04089	0.21590	0.17283	0.19339	0.03247	0.10821	0.00988	0.00629	0.00191	0.00405	0.03177	0.10212	0.00772
16	0.01608	0.06660	0.11227	0.10206	0.14734	0.13700	0.17590	0.10581	0.01585	0.02027	0.03606	0.01503	0.01032	0.00599	0.00602	0.00182	0.00847	0.00546	0.00340	0.00826
17	0.01218	0.01339	0.09533	0.17999	0.32818	0.01202	0.03933	0.01589	0.01345	0.01861	0.09180	0.04358	0.07608	0.00839	0.02451	0.00209	0.00694	0.00685	0.00354	0.00783
18	0.00731	0.00530	0.00691	0.00820	0.00868	0.00490	0.00551	0.00840	0.01169	0.01543	0.03528	0.72906	0.09401	0.01857	0.00763	0.00241	0.00346	0.01676	0.00558	0.00490
19	0.00890	0.00649	0.00895	0.00943	0.03730	0.00708	0.00634	0.01022	0.00944	0.01324	0.01710	0.02977	0.01764	0.34941	0.43379	0.00779	0.01154	0.00735	0.00339	0.00482
20	0.03870	0.05516	0.13079	0.09194	0.13723	0.04854	0.05769	0.11713	0.09882	0.05286	0.03243	0.01779	0.01221	0.00693	0.00644	0.00190	0.03673	0.02885	0.01938	0.00849
21	0.00823	0.00722	0.04697	0.00969	0.02870	0.00601	0.00729	0.00999	0.01229	0.01631	0.05530	0.48989	0.10099	0.04567	0.00842	0.00252	0.00423	0.12965	0.00531	0.00531
22	0.00866	0.00617	0.00827	0.00827	0.00886	0.00676	0.00577	0.00984	0.00925	0.01293	0.01739	0.03072	0.01812	0.38011	0.43396	0.00794	0.01148	0.00748	0.00341	0.00459
23	0.02247	0.02867	0.01705	0.01550	0.01860	0.76443	0.01162	0.02402	0.01705	0.01472	0.00930	0.01085	0.00775	0.00620	0.00542	0.00155	0.01085	0.00387	0.00310	0.00697
24	0.01450	0.05465	0.21559	0.14574	0.13595	0.03326	0.05120	0.10813	0.08929	0.02107	0.01295	0.01532	0.00986	0.00657	0.00629	0.02449	0.00744	0.00522	0.03407	0.00841
25	0.07146	0.03811	0.07645	0.05279	0.14915	0.08798	0.04065	0.20521	0.17234	0.02514	0.01442	0.01545	0.01094	0.00657	0.00578	0.00184	0.00697	0.00534	0.00444	0.00898
26	0.00811	0.00609	0.00751	0.00726	0.00877	0.00549	0.00540	0.01053	0.01593	0.02175	0.54323	0.08843	0.22266	0.01336	0.00713	0.00196	0.00292	0.01166	0.00632	0.00549
27	0.00887	0.00582	0.00651	0.00651	0.00658	0.00582	0.00367	0.00901	0.00894	0.01220	0.01899	0.03853	0.02155	0.74978	0.02931	0.00561	0.00568	0.00859	0.04427	0.00374
28	0.06802	0.40465	0.19882	0.01378	0.03455	0.04424	0.05577	0.05549	0.01323	0.01782	0.00955	0.01130	0.00788	0.00566	0.00531	0.00161	0.03741	0.00400	0.00288	0.00804
29	0.08385	0.11180	0.04822	0.04642	0.08905	0.25936	0.07063	0.18143	0.01757	0.02190	0.01081	0.01253	0.00850	0.00606	0.00546	0.00169	0.00829	0.00458	0.00369	0.00816
30	0.01504	0.01457	0.04197	0.04769	0.54353	0.01433	0.09594	0.04585	0.01426	0.03846	0.03178	0.01588	0.01079	0.00587	0.00665	0.00186	0.03744	0.00570	0.00328	0.00912
31	0.00738	0.00529	0.00693	0.00822	0.00862	0.00493	0.00547	0.00840	0.01149	0.01525	0.03367	0.72757	0.06638	0.04877	0.00855	0.00256	0.00356	0.01661	0.00551	0.00485

[dist]
# distance from previous block
# <min> <max>
1	3

[block]
# block no. 2 follows, 38 sequences, length 18
# corresponding to MSA columns:
# 1883-1900
name=unknown_C
#
# <colnr> <probs for GDERKNQSTAVLIFYWHMCP>
#	G	D	E	R	K	N	Q	S	T	A	V	L	I	F	Y	W	H	M	C	P
0	0.00906	0.00665	0.00872	0.00959	0.01090	0.00650	0.00782	0.01182	0.03744	0.01818	0.12312	0.16684	0.11262	0.04518	0.00871	0.00263	0.00463	0.39849	0.00563	0.00547
1	0.03719	0.05362	0.13576	0.06170	0.03748	0.01298	0.03353	0.19163	0.01657	0.02372	0.04984	0.04769	0.01261	0.00655	0.00548	0.00157	0.00615	0.00535	0.00411	0.25646
2	0.00758	0.00605	0.00668	0.00673	0.00838	0.00528	0.00497	0.00928	0.01393	0.01754	0.19272	0.10730	0.49462	0.06023	0.00856	0.00228	0.00328	0.03378	0.00568	0.00511
3	0.07912	0.01639	0.17467	0.01447	0.07656	0.04390	0.04012	0.06015	0.20995	0.02221	0.07340	0.02431	0.12294	0.00827	0.00604	0.00193	0.00602	0.00685	0.00460	0.00810
4	0.01045	0.00522	0.00784	0.00784	0.00784	0.00522	0.00522	0.00784	0.00784	0.01045	0.01045	0.01829	0.01045	0.02090	0.02351	0.82497	0.00522	0.00522	0.00261	0.00261
5	0.02166	0.09474	0.01825	0.01440	0.01800	0.51982	0.01126	0.17129	0.01884	0.01975	0.01058	0.01182	0.00848	0.00634	0.00537	0.00158	0.00934	0.00419	0.02662	0.00769
6	0.08094	0.01548	0.07947	0.02124	0.29248	0.08146	0.01340	0.04717	0.13848	0.02198	0.11189	0.01916	0.01681	0.00694	0.00585	0.00182	0.00636	0.00592	0.00417	0.02899
7	0.01353	0.01291	0.02196	0.32066	0.47793	0.01394	0.01779	0.01727	0.01306	0.01800	0.01108	0.01533	0.00895	0.00561	0.00598	0.00187	0.00748	0.00535	0.00286	0.00843
8	0.00847	0.00605	0.00829	0.00968	0.01052	0.00587	0.00756	0.01034	0.01264	0.01663	0.03253	0.43965	0.03730	0.01777	0.00798	0.00260	0.00448	0.35088	0.00556	0.00520
9	0.01205	0.01076	0.01571	0.41551	0.04723	0.01262	0.03099	0.01923	0.20691	0.01878	0.04076	0.05795	0.03903	0.00772	0.00615	0.00200	0.00642	0.00679	0.03604	0.00733
10	0.12419	0.01506	0.04109	0.10630	0.26959	0.06896	0.03235	0.12089	0.09414	0.02305	0.01288	0.01503	0.01002	0.00615	0.00562	0.00183	0.00683	0.00516	0.03233	0.00853
11	0.01537	0.01312	0.01383	0.01232	0.01580	0.01515	0.00962	0.06783	0.70367	0.02582	0.02397	0.02203	0.01795	0.00811	0.00612	0.00203	0.00486	0.00673	0.00612	0.00956
12	0.02666	0.01077	0.01429	0.01096	0.01562	0.00964	0.00905	0.08623	0.01812	0.69704	0.02298	0.01999	0.01451	0.00743	0.00605	0.00186	0.00524	0.00600	0.00733	0.01024
13	0.83108	0.01163	0.00884	0.00791	0.01163	0.01350	0.00651	0.01768	0.01024	0.02699	0.00838	0.00977	0.00651	0.00558	0.00372	0.00186	0.00465	0.00326	0.00372	0.00651
14	0.00942	0.00725	0.00992	0.09175	0.04537	0.00788	0.00747	0.01149	0.03918	0.01461	0.02176	0.11375	0.07813	0.24515	0.20678	0.02765	0.02421	0.00857	0.02444	0.00524
15	0.01224	0.00767	0.00716	0.00691	0.00864	0.04559	0.00523	0.01669	0.10053	0.02236	0.01968	0.02184	0.01538	0.00711	0.00450	0.00149	0.00345	0.00566	0.68172	0.00615
16	0.01070	0.04873	0.01298	0.10868	0.07494	0.01017	0.00933	0.03657	0.07704	0.01789	0.11146	0.08274	0.09967	0.04630	0.20355	0.00410	0.02631	0.00810	0.00429	0.00645
17	0.01666	0.01644	0.01370	0.01240	0.01510	0.25147	0.00959	0.10195	0.19920	0.02088	0.01730	0.05802	0.01465	0.01141	0.07236	0.00252	0.03686	0.02747	0.09450	0.00753

[dist]
# distance from previous block
# <min> <max>
5	254

[block]
# block no. 3 follows, 38 sequences, length 38
# corresponding to MSA columns:
# 2155-2192
name=unknown_D
#
# <colnr> <probs for GDERKNQSTAVLIFYWHMCP>
#	G	D	E	R	K	N	Q	S	T	A	V	L	I	F	Y	W	H	M	C	P
0	0.02972	0.01487	0.14676	0.04328	0.09712	0.05479	0.05171	0.04341	0.09316	0.02072	0.17145	0.04801	0.12774	0.00917	0.00661	0.00194	0.01974	0.00783	0.00456	0.00743
1	0.01150	0.01075	0.01804	0.69648	0.08753	0.01315	0.01634	0.01533	0.01202	0.01552	0.01104	0.01683	0.00863	0.03494	0.00692	0.00213	0.00788	0.00547	0.00273	0.00676
2	0.01405	0.01260	0.06321	0.01228	0.01550	0.01272	0.04431	0.18417	0.18365	0.02299	0.01876	0.02166	0.04108	0.04776	0.22640	0.00432	0.03072	0.00645	0.02958	0.00779
3	0.02293	0.01300	0.01501	0.01169	0.01603	0.01340	0.00960	0.36972	0.03841	0.30647	0.01876	0.01780	0.01276	0.00730	0.00583	0.00179	0.00558	0.00571	0.09852	0.00970
4	0.07785	0.01163	0.01748	0.44447	0.14406	0.01341	0.01464	0.07583	0.03449	0.04690	0.05253	0.01718	0.01156	0.00644	0.00589	0.00193	0.00702	0.00556	0.00357	0.00756
5	0.00725	0.00608	0.00631	0.00630	0.00823	0.00513	0.00471	0.00889	0.01398	0.01700	0.12756	0.07591	0.66196	0.01504	0.00712	0.00203	0.00304	0.01263	0.00569	0.00513
6	0.01243	0.05144	0.45032	0.03838	0.11803	0.01298	0.04468	0.01786	0.01358	0.03612	0.11496	0.01897	0.01557	0.00683	0.00599	0.00189	0.00759	0.02066	0.00337	0.00835
7	0.00738	0.00533	0.00689	0.00810	0.00857	0.00495	0.00541	0.00842	0.01156	0.01525	0.03472	0.69007	0.09629	0.05550	0.00873	0.00257	0.00357	0.01634	0.00549	0.00484
8	0.05363	0.01576	0.01716	0.01319	0.01795	0.01713	0.01090	0.60937	0.02611	0.13459	0.01547	0.01508	0.01072	0.00719	0.00594	0.00182	0.00634	0.00542	0.00613	0.01009
9	0.01445	0.11219	0.18722	0.01541	0.09204	0.03658	0.03401	0.09458	0.13466	0.03779	0.08369	0.08001	0.01727	0.00785	0.00591	0.00184	0.00641	0.00657	0.00433	0.02718
10	0.01489	0.01419	0.02357	0.03498	0.69322	0.01435	0.01776	0.01952	0.07083	0.02009	0.01235	0.01548	0.01022	0.00558	0.00597	0.00181	0.00696	0.00547	0.00323	0.00953
11	0.00817	0.00614	0.00756	0.00721	0.00878	0.00553	0.00540	0.01068	0.01621	0.02219	0.57914	0.04812	0.22671	0.01302	0.00710	0.00193	0.00289	0.01133	0.00637	0.00553
12	0.00901	0.00570	0.00659	0.00685	0.00807	0.00536	0.00495	0.01118	0.01349	0.02010	0.19505	0.23238	0.13353	0.01247	0.00618	0.00187	0.00303	0.01081	0.30803	0.00536
13	0.01597	0.71290	0.02970	0.01049	0.01546	0.02290	0.01021	0.01943	0.08630	0.01527	0.01000	0.01095	0.00880	0.00545	0.00409	0.00136	0.00626	0.00358	0.00293	0.00790
14	0.01956	0.01581	0.01646	0.07128	0.01925	0.07774	0.01117	0.40834	0.18925	0.04607	0.01634	0.01668	0.01206	0.00903	0.04127	0.00222	0.00705	0.00567	0.00545	0.00930
15	0.02324	0.01014	0.01333	0.01027	0.01480	0.00876	0.00840	0.02608	0.03816	0.56891	0.02128	0.01938	0.01404	0.00807	0.02794	0.00192	0.00525	0.00566	0.03100	0.14337
16	0.01668	0.51434	0.13583	0.01176	0.01729	0.01962	0.03321	0.04561	0.01350	0.09597	0.01113	0.01211	0.00890	0.00562	0.00456	0.00149	0.00664	0.00399	0.03357	0.00819
17	0.01164	0.01098	0.01854	0.71615	0.09724	0.01344	0.01684	0.01561	0.01216	0.01571	0.01074	0.01595	0.00814	0.00596	0.00601	0.00199	0.00795	0.00535	0.00270	0.00691
18	0.00750	0.00543	0.00711	0.00830	0.00888	0.00504	0.00571	0.00876	0.01211	0.01607	0.07834	0.65799	0.08781	0.01810	0.00763	0.00240	0.00352	0.04867	0.00565	0.00498
19	0.01136	0.01069	0.01804	0.77412	0.04143	0.01337	0.01671	0.01537	0.01203	0.01537	0.01069	0.01604	0.00802	0.00601	0.00601	0.00200	0.00802	0.00535	0.00267	0.00668
20	0.01613	0.71268	0.02946	0.01020	0.01512	0.02256	0.01001	0.05094	0.01299	0.01572	0.00927	0.01058	0.00826	0.00535	0.00398	0.00132	0.00624	0.00345	0.04802	0.00772
21	0.01446	0.01239	0.01317	0.01187	0.01512	0.01423	0.00922	0.03035	0.68332	0.02508	0.08138	0.02421	0.02138	0.00849	0.00620	0.00203	0.00461	0.00712	0.00616	0.00922
22	0.00744	0.00532	0.00711	0.00851	0.00890	0.00498	0.00578	0.00857	0.01163	0.01548	0.03309	0.75025	0.03954	0.01874	0.00771	0.00246	0.00359	0.05039	0.00558	0.00492
23	0.00741	0.00604	0.00656	0.00657	0.00835	0.00518	0.00488	0.00917	0.01421	0.01778	0.19852	0.11242	0.55210	0.01492	0.00715	0.00204	0.00304	0.01267	0.00580	0.00518
24	0.01316	0.01316	0.01843	0.01579	0.01579	0.01843	0.01316	0.01448	0.00921	0.01448	0.00790	0.01316	0.00790	0.01053	0.01974	0.00263	0.77757	0.00526	0.00263	0.00658
25	0.01207	0.03112	0.75741	0.01715	0.02604	0.01397	0.02223	0.01905	0.01270	0.01905	0.01080	0.01270	0.00762	0.00572	0.00572	0.00191	0.00889	0.00445	0.00254	0.00889
26	0.00894	0.00626	0.00849	0.00967	0.01074	0.00603	0.00769	0.01096	0.01309	0.03116	0.05675	0.34992	0.06811	0.01713	0.00792	0.00256	0.00452	0.36909	0.00563	0.00535
27	0.01121	0.00561	0.00561	0.00561	0.00701	0.00561	0.00421	0.01402	0.01262	0.02243	0.01962	0.02243	0.01542	0.00701	0.00421	0.00140	0.00280	0.00561	0.82198	0.00561
28	0.01316	0.01316	0.01843	0.01579	0.01579	0.01843	0.01316	0.01448	0.00921	0.01448	0.00790	0.01316	0.00790	0.01053	0.01974	0.00263	0.77757	0.00526	0.00263	0.00658
29	0.02699	0.01024	0.01396	0.01070	0.01536	0.00884	0.00884	0.02932	0.01722	0.75522	0.02373	0.02048	0.01489	0.00745	0.00605	0.00186	0.00512	0.00605	0.00745	0.01024
30	0.02699	0.01024	0.01396	0.01070	0.01536	0.00884	0.00884	0.02932	0.01722	0.75522	0.02373	0.02048	0.01489	0.00745	0.00605	0.00186	0.00512	0.00605	0.00745	0.01024
31	0.01767	0.01390	0.01419	0.01211	0.01575	0.07287	0.00955	0.15531	0.38945	0.10727	0.08649	0.02163	0.01889	0.00803	0.00608	0.00190	0.00543	0.00652	0.00599	0.03097
32	0.01045	0.00522	0.00784	0.00784	0.00784	0.00522	0.00522	0.00784	0.00784	0.01045	0.01045	0.01829	0.01045	0.02090	0.02351	0.82497	0.00522	0.00522	0.00261	0.00261
33	0.00755	0.00574	0.00699	0.00773	0.00883	0.00518	0.00556	0.00905	0.01295	0.01668	0.10915	0.41443	0.28127	0.01684	0.00748	0.00228	0.00344	0.06808	0.00568	0.00508
34	0.00768	0.00636	0.00703	0.00704	0.00864	0.00582	0.00525	0.00920	0.01327	0.01646	0.10304	0.12068	0.53691	0.05791	0.00908	0.00232	0.03931	0.03346	0.00542	0.00511
35	0.01853	0.39536	0.02391	0.01278	0.01670	0.32674	0.01093	0.04074	0.01445	0.01509	0.00913	0.01087	0.00803	0.00710	0.02829	0.00173	0.04560	0.00375	0.00291	0.00736
36	0.50238	0.03429	0.10915	0.03921	0.01632	0.13632	0.03022	0.01865	0.01192	0.02276	0.00959	0.02818	0.00777	0.00599	0.00453	0.00183	0.00651	0.00401	0.00343	0.00694
37	0.01021	0.01135	0.12535	0.07173	0.07181	0.00869	0.01025	0.03963	0.01503	0.02090	0.30382	0.05206	0.13867	0.01158	0.02948	0.00217	0.00518	0.03027	0.03525	0.00659

[dist]
# distance from previous block
# <min> <max>
5	13

[block]
# block no. 4 follows, 38 sequences, length 37
# corresponding to MSA columns:
# 2208-2244
name=unknown_E
#
# <colnr> <probs for GDERKNQSTAVLIFYWHMCP>
#	G	D	E	R	K	N	Q	S	T	A	V	L	I	F	Y	W	H	M	C	P
0	0.01066	0.00754	0.00939	0.04059	0.01118	0.00791	0.00663	0.01339	0.07799	0.07353	0.09826	0.17008	0.12141	0.22501	0.04061	0.00342	0.06165	0.01012	0.00493	0.00570
1	0.01028	0.00530	0.00783	0.00783	0.00787	0.00534	0.00522	0.00800	0.00796	0.01065	0.01114	0.01968	0.01127	0.06552	0.05120	0.74830	0.00566	0.00547	0.00269	0.00277
2	0.01517	0.01555	0.02310	0.14731	0.45099	0.10311	0.08459	0.01934	0.04746	0.01862	0.01167	0.01507	0.00945	0.00566	0.00602	0.00183	0.00790	0.00541	0.00310	0.00865
3	0.01332	0.01138	0.03510	0.07103	0.20739	0.04640	0.03120	0.04696	0.01339	0.07839	0.01932	0.10566	0.05351	0.05693	0.15409	0.00366	0.00832	0.03264	0.00404	0.00726
4	0.00977	0.00563	0.00833	0.00844	0.00879	0.00590	0.00598	0.00882	0.00871	0.01189	0.01382	0.05189	0.01395	0.04342	0.22080	0.52713	0.00809	0.03205	0.00302	0.00357
5	0.05840	0.01056	0.01353	0.01072	0.01506	0.00982	0.00875	0.02870	0.12001	0.60006	0.04359	0.02100	0.01621	0.00761	0.00599	0.00189	0.00498	0.00618	0.00708	0.00985
6	0.01526	0.08167	0.02014	0.23211	0.09674	0.14724	0.07251	0.05924	0.08953	0.01808	0.01265	0.03616	0.01042	0.00771	0.02516	0.00207	0.05670	0.00555	0.00344	0.00763
7	0.01397	0.01301	0.02157	0.16830	0.53057	0.01354	0.01680	0.04690	0.01383	0.01929	0.01310	0.07752	0.01174	0.00665	0.00611	0.00188	0.00699	0.00631	0.00326	0.00866
8	0.02513	0.01169	0.01463	0.01128	0.01582	0.01116	0.00930	0.20529	0.01987	0.53863	0.03562	0.01950	0.01456	0.00747	0.00601	0.00183	0.00538	0.00597	0.03085	0.01001
9	0.01516	0.01487	0.01424	0.10583	0.01845	0.23116	0.04035	0.03558	0.08673	0.05735	0.05358	0.13320	0.03520	0.01032	0.00657	0.00204	0.00706	0.12084	0.00460	0.00687
10	0.01309	0.01067	0.01541	0.15740	0.15379	0.02809	0.03124	0.04919	0.04847	0.06544	0.08154	0.12945	0.02042	0.05391	0.00868	0.00227	0.05361	0.04650	0.02366	0.00717
11	0.01258	0.00824	0.01105	0.07125	0.06357	0.00801	0.00808	0.01628	0.07111	0.14759	0.32086	0.06559	0.14973	0.01090	0.00670	0.00194	0.00414	0.00945	0.00596	0.00697
12	0.01050	0.00888	0.01171	0.01068	0.01079	0.01112	0.00795	0.01125	0.00912	0.01315	0.01473	0.05638	0.01626	0.37792	0.08487	0.00469	0.32423	0.00745	0.00327	0.00504
13	0.01291	0.01095	0.01271	0.00912	0.01444	0.00846	0.00731	0.04503	0.01313	0.02037	0.01085	0.01256	0.00897	0.00457	0.00452	0.00093	0.00455	0.00364	0.00367	0.79133
14	0.01249	0.09769	0.66837	0.01683	0.02529	0.01488	0.04571	0.01897	0.01271	0.01863	0.01063	0.01255	0.00768	0.00564	0.00560	0.00185	0.00872	0.00443	0.00256	0.00876
15	0.00730	0.00537	0.00684	0.00803	0.00863	0.00492	0.00543	0.00842	0.01185	0.01549	0.03740	0.67368	0.14803	0.01830	0.00759	0.00238	0.00342	0.01643	0.00558	0.00492
16	0.07896	0.01077	0.01218	0.00883	0.01404	0.00846	0.00708	0.01535	0.01229	0.02020	0.01050	0.01225	0.00872	0.00455	0.00440	0.00097	0.00447	0.00354	0.00358	0.75885
17	0.01161	0.01236	0.10280	0.05857	0.11458	0.00935	0.01119	0.01499	0.01341	0.01942	0.09701	0.02715	0.04388	0.00803	0.00590	0.00165	0.00551	0.11965	0.00404	0.31891
18	0.00772	0.00612	0.00694	0.00673	0.00850	0.00534	0.00505	0.00981	0.01515	0.01966	0.35803	0.05229	0.44940	0.01397	0.00710	0.00197	0.00296	0.01191	0.00603	0.00534
19	0.08119	0.01406	0.01623	0.05058	0.10703	0.01564	0.01131	0.25683	0.29851	0.05890	0.01768	0.01755	0.01309	0.00718	0.00587	0.00191	0.00582	0.00580	0.00541	0.00942
20	0.01110	0.01001	0.01583	0.57275	0.03339	0.01204	0.01409	0.01586	0.06767	0.01775	0.15035	0.02195	0.01796	0.00736	0.00623	0.00199	0.00680	0.00650	0.00367	0.00671
21	0.01122	0.00584	0.00618	0.04127	0.00861	0.00597	0.00479	0.01408	0.01259	0.02210	0.01921	0.02213	0.01508	0.00696	0.00429	0.00143	0.00305	0.00559	0.78396	0.00566
22	0.01316	0.01316	0.01843	0.01579	0.01579	0.01843	0.01316	0.01448	0.00921	0.01448	0.00790	0.01316	0.00790	0.01053	0.01974	0.00263	0.77757	0.00526	0.00263	0.00658
23	0.01860	0.14669	0.03689	0.05790	0.02021	0.19091	0.08030	0.23181	0.06817	0.02277	0.01233	0.01392	0.00964	0.00796	0.03556	0.00204	0.02700	0.00496	0.00404	0.00830
24	0.00859	0.00642	0.00956	0.00967	0.01073	0.00739	0.00753	0.01072	0.00991	0.01419	0.01744	0.05586	0.01684	0.04289	0.70328	0.00909	0.01517	0.03593	0.00341	0.00536
25	0.01466	0.23552	0.32101	0.01659	0.09221	0.03098	0.05768	0.01948	0.03459	0.06587	0.04838	0.01465	0.01117	0.00601	0.00540	0.00172	0.00749	0.00483	0.00326	0.00849
26	0.00712	0.00605	0.00614	0.00622	0.00816	0.00507	0.00463	0.00862	0.01359	0.01620	0.05936	0.09929	0.70824	0.01544	0.00714	0.00205	0.00307	0.01295	0.00559	0.00507
27	0.01586	0.01853	0.07754	0.01897	0.12193	0.20796	0.10203	0.04046	0.06922	0.01842	0.05583	0.01791	0.01302	0.00770	0.00882	0.00200	0.15947	0.03305	0.00356	0.00770
28	0.01085	0.00851	0.01066	0.01021	0.01193	0.00977	0.00779	0.01756	0.25463	0.01736	0.01880	0.02404	0.01637	0.08376	0.41620	0.05328	0.01096	0.00666	0.00419	0.00649
29	0.01477	0.01417	0.02420	0.06263	0.72632	0.01426	0.01840	0.01835	0.01364	0.01950	0.01129	0.01493	0.00948	0.00538	0.00596	0.00179	0.00718	0.00536	0.00297	0.00943
30	0.00857	0.00619	0.00829	0.00828	0.00901	0.00672	0.00588	0.00991	0.00972	0.01348	0.03693	0.03180	0.05809	0.31761	0.43452	0.00765	0.01129	0.00774	0.00359	0.00472
31	0.01343	0.01174	0.01565	0.01379	0.04280	0.01305	0.09449	0.06476	0.29948	0.02157	0.05131	0.02467	0.10091	0.01053	0.03091	0.04047	0.09791	0.00723	0.03752	0.00778
32	0.00859	0.00645	0.00967	0.00967	0.01074	0.00752	0.00752	0.01074	0.00967	0.01396	0.01611	0.02363	0.01504	0.04512	0.76474	0.00967	0.01611	0.00645	0.00322	0.00537
33	0.01394	0.01774	0.15741	0.13003	0.31357	0.03628	0.20613	0.01852	0.01352	0.01872	0.01130	0.01489	0.00882	0.00546	0.00621	0.00189	0.00848	0.00561	0.00288	0.00858
34	0.01121	0.00561	0.00561	0.00561	0.00701	0.00561	0.00421	0.01402	0.01262	0.02243	0.01962	0.02243	0.01542	0.00701	0.00421	0.00140	0.00280	0.00561	0.82198	0.00561
35	0.04876	0.01285	0.04385	0.01157	0.01490	0.02625	0.00944	0.13235	0.38254	0.02600	0.14978	0.05340	0.02403	0.00914	0.00627	0.00199	0.00495	0.02760	0.00585	0.00847
36	0.19303	0.01120	0.01624	0.20929	0.09234	0.01225	0.10168	0.06554	0.01294	0.02034	0.02782	0.09097	0.01359	0.08451	0.00822	0.00235	0.00653	0.00668	0.01761	0.00684

[dist]
# distance from previous block
# <min> <max>
0	2

[block]
# block no. 5 follows, 38 sequences, length 10
# corresponding to MSA columns:
# 2247-2256
name=unknown_F
#
# <colnr> <probs for GDERKNQSTAVLIFYWHMCP>
#	G	D	E	R	K	N	Q	S	T	A	V	L	I	F	Y	W	H	M	C	P
0	0.01121	0.00561	0.00561	0.00561	0.00701	0.00561	0.00421	0.01402	0.01262	0.02243	0.01962	0.02243	0.01542	0.00701	0.00421	0.00140	0.00280	0.00561	0.82198	0.00561
1	0.34429	0.05255	0.01803	0.03720	0.27522	0.01441	0.05545	0.04657	0.02952	0.05891	0.01105	0.01310	0.00866	0.00567	0.00503	0.00182	0.00614	0.00458	0.00366	0.00813
2	0.04210	0.01167	0.01224	0.01098	0.01352	0.11812	0.00858	0.05432	0.08773	0.16300	0.03762	0.02051	0.01476	0.02317	0.31221	0.04145	0.01033	0.00595	0.00456	0.00715
3	0.01502	0.01624	0.14125	0.13474	0.20229	0.01439	0.02967	0.16019	0.11723	0.02323	0.01562	0.01819	0.03062	0.00682	0.00601	0.00190	0.00691	0.02054	0.03036	0.00877
4	0.00943	0.00735	0.00833	0.00776	0.00974	0.00707	0.00589	0.07270	0.04769	0.02061	0.26665	0.04529	0.35025	0.05204	0.05994	0.00267	0.00439	0.01062	0.00572	0.00586
5	0.64815	0.01318	0.01167	0.01078	0.04194	0.06540	0.03047	0.01792	0.01087	0.02455	0.00863	0.01054	0.00692	0.00603	0.00541	0.00191	0.07171	0.00367	0.00354	0.00672
6	0.01425	0.01082	0.01756	0.50976	0.13315	0.01234	0.01500	0.01787	0.01309	0.13054	0.01331	0.01694	0.00972	0.00620	0.00591	0.00192	0.00715	0.00547	0.05143	0.00756
7	0.01199	0.01128	0.01590	0.01422	0.01457	0.01519	0.01183	0.01363	0.00992	0.01489	0.01244	0.02228	0.01266	0.01661	0.13104	0.00372	0.55585	0.10261	0.00312	0.00625
8	0.01991	0.01557	0.01788	0.01664	0.11884	0.01718	0.01195	0.46807	0.19408	0.03239	0.01638	0.01639	0.01205	0.00719	0.00603	0.00186	0.00625	0.00573	0.00562	0.00997
9	0.01321	0.01240	0.02086	0.16607	0.52069	0.01283	0.01637	0.01651	0.01310	0.01829	0.01421	0.12114	0.01342	0.00734	0.00620	0.00192	0.00680	0.00698	0.00328	0.00838

[dist]
# distance from previous block
# <min> <max>
2	4

[block]
# block no. 6 follows, 38 sequences, length 15
# corresponding to MSA columns:
# 2261-2275
name=unknown_G
#
# <colnr> <probs for GDERKNQSTAVLIFYWHMCP>
#	G	D	E	R	K	N	Q	S	T	A	V	L	I	F	Y	W	H	M	C	P
0	0.01629	0.06884	0.19837	0.02012	0.16079	0.11495	0.10785	0.05528	0.11702	0.06213	0.01356	0.01503	0.01025	0.00611	0.00588	0.00182	0.00792	0.00528	0.00371	0.00881
1	0.01472	0.06206	0.01841	0.32601	0.15014	0.07982	0.01394	0.01909	0.07471	0.08104	0.06838	0.01801	0.01337	0.00677	0.00629	0.00188	0.02822	0.00568	0.00375	0.00772
2	0.01189	0.00942	0.01377	0.01703	0.23122	0.00980	0.00981	0.01373	0.01197	0.05859	0.08207	0.02952	0.08316	0.25130	0.06298	0.00365	0.08203	0.00763	0.00396	0.00648
3	0.01180	0.00841	0.01126	0.20553	0.01850	0.00894	0.00909	0.01623	0.09767	0.08887	0.15196	0.06394	0.14325	0.01011	0.00637	0.00197	0.00479	0.03984	0.09480	0.00666
4	0.01121	0.00561	0.00561	0.00561	0.00701	0.00561	0.00421	0.01402	0.01262	0.02243	0.01962	0.02243	0.01542	0.00701	0.00421	0.00140	0.00280	0.00561	0.82198	0.00561
5	0.30660	0.01133	0.01268	0.01168	0.07696	0.01128	0.00855	0.06749	0.01437	0.25076	0.01712	0.01696	0.05285	0.00666	0.00508	0.00174	0.00502	0.00503	0.00505	0.11280
6	0.00955	0.00753	0.01108	0.10419	0.05490	0.00847	0.00872	0.01111	0.01059	0.01450	0.02006	0.17350	0.04834	0.09605	0.23135	0.07551	0.06857	0.03692	0.00373	0.00536
7	0.01121	0.00561	0.00561	0.00561	0.00701	0.00561	0.00421	0.01402	0.01262	0.02243	0.01962	0.02243	0.01542	0.00701	0.00421	0.00140	0.00280	0.00561	0.82198	0.00561
8	0.16385	0.05712	0.01645	0.10680	0.14888	0.01441	0.01163	0.08029	0.09672	0.02094	0.01276	0.01613	0.01060	0.02947	0.10616	0.00303	0.08823	0.00523	0.00369	0.00761
9	0.65578	0.01197	0.01082	0.10607	0.01605	0.01393	0.00824	0.07991	0.01205	0.02647	0.00920	0.01098	0.00703	0.00578	0.00422	0.00187	0.00525	0.00371	0.00379	0.00686
10	0.01486	0.01346	0.01928	0.05107	0.11498	0.06818	0.15688	0.05719	0.10493	0.06893	0.09164	0.06421	0.03501	0.00797	0.00721	0.00192	0.05530	0.00714	0.00443	0.05543
11	0.00806	0.00571	0.00706	0.00775	0.00829	0.00544	0.00521	0.00906	0.01134	0.01499	0.07587	0.36495	0.09707	0.27325	0.01526	0.00352	0.00436	0.07318	0.00500	0.00460
12	0.01335	0.01861	0.34138	0.01377	0.03668	0.01068	0.04294	0.01845	0.03864	0.13014	0.20324	0.02517	0.06451	0.00824	0.00627	0.00191	0.00633	0.00700	0.00463	0.00806
13	0.00769	0.00563	0.00726	0.00815	0.00898	0.00520	0.00579	0.00923	0.01292	0.01716	0.15727	0.50930	0.13435	0.01710	0.00756	0.00232	0.00348	0.06976	0.00576	0.00510
14	0.01086	0.00800	0.00965	0.03440	0.01168	0.00832	0.00703	0.12183	0.05660	0.02008	0.09420	0.29958	0.06912	0.10876	0.05328	0.00303	0.00518	0.04024	0.03210	0.00605

[dist]
# distance from previous block
# <min> <max>
0	77

# created by:
# /home/cegg/simao/soft/augustus-3.2.1/scripts/msa2prfl.pl ./align_prep/EOG091G0CMN.fa
