[name]
unknown

[dist]
# distance from previous block
# <min> <max>
0	279

[block]
# block no. 0 follows, 49 sequences, length 6
# corresponding to MSA columns:
# 279-284
name=unknown_A
#
# <colnr> <probs for GDERKNQSTAVLIFYWHMCP>
#	G	D	E	R	K	N	Q	S	T	A	V	L	I	F	Y	W	H	M	C	P
0	0.01297	0.16660	0.10262	0.04562	0.03895	0.03149	0.12925	0.15895	0.08108	0.01832	0.01197	0.04422	0.01005	0.02593	0.00533	0.00156	0.00588	0.02564	0.02275	0.06082
1	0.05955	0.07856	0.08292	0.01025	0.01402	0.09368	0.06998	0.16231	0.03553	0.03677	0.01673	0.01727	0.12643	0.00623	0.00468	0.00140	0.00528	0.00498	0.05106	0.12238
2	0.00841	0.00447	0.00663	0.00674	0.00684	0.00450	0.00456	0.00681	0.00701	0.00941	0.01103	0.09598	0.01153	0.01886	0.07486	0.70696	0.00491	0.00546	0.00248	0.00255
3	0.00828	0.00662	0.03994	0.00777	0.00913	0.00593	0.00608	0.05776	0.03362	0.03946	0.13943	0.36239	0.08522	0.04550	0.05174	0.00236	0.00410	0.08512	0.00462	0.00493
4	0.01293	0.15780	0.23169	0.03221	0.09102	0.07042	0.04060	0.08389	0.06482	0.03864	0.01073	0.01217	0.00828	0.00525	0.00493	0.00146	0.03454	0.00406	0.08755	0.00699
5	0.02949	0.00845	0.01191	0.09381	0.12164	0.00891	0.04294	0.06919	0.11355	0.05156	0.06339	0.16818	0.05281	0.04243	0.06526	0.00234	0.00530	0.03878	0.00400	0.00606

[dist]
# distance from previous block
# <min> <max>
11	25

[block]
# block no. 1 follows, 49 sequences, length 31
# corresponding to MSA columns:
# 316-346
name=unknown_B
#
# <colnr> <probs for GDERKNQSTAVLIFYWHMCP>
#	G	D	E	R	K	N	Q	S	T	A	V	L	I	F	Y	W	H	M	C	P
0	0.01241	0.03319	0.02036	0.04428	0.74221	0.01210	0.01518	0.01537	0.01146	0.01631	0.00975	0.01323	0.00833	0.00468	0.00500	0.00151	0.00598	0.01826	0.00253	0.00786
1	0.00681	0.00515	0.00623	0.00596	0.00728	0.00462	0.00444	0.00879	0.01328	0.01799	0.54396	0.04094	0.27088	0.03358	0.00652	0.00172	0.00251	0.00956	0.00523	0.00457
2	0.01081	0.01068	0.01491	0.01286	0.01287	0.01484	0.01063	0.01187	0.00779	0.01212	0.00753	0.03461	0.00776	0.03428	0.01659	0.00229	0.76504	0.00480	0.00231	0.00541
3	0.00725	0.00531	0.00756	0.00756	0.00827	0.00601	0.00562	0.00867	0.00796	0.01132	0.01406	0.02273	0.01389	0.20780	0.63408	0.00743	0.01167	0.00584	0.00279	0.00420
4	0.01022	0.02426	0.04851	0.02855	0.24178	0.02880	0.02412	0.05013	0.09943	0.01617	0.03482	0.33338	0.01966	0.00950	0.00559	0.00175	0.00465	0.00859	0.00384	0.00625
5	0.00732	0.00494	0.00578	0.00598	0.00611	0.00492	0.00365	0.00760	0.00793	0.01054	0.01790	0.10217	0.02061	0.68262	0.02245	0.00443	0.00471	0.07372	0.00334	0.00329
6	0.04740	0.02805	0.14975	0.01081	0.04519	0.02954	0.00959	0.15083	0.09076	0.03949	0.01089	0.01174	0.00832	0.00484	0.00437	0.00124	0.00502	0.00378	0.00347	0.34492
7	0.01378	0.63346	0.02382	0.03695	0.05701	0.09724	0.00925	0.01588	0.03249	0.01259	0.00773	0.00899	0.00686	0.00451	0.00360	0.00116	0.00578	0.00301	0.00233	0.02356
8	0.72832	0.04906	0.00890	0.00723	0.01024	0.02804	0.00599	0.01512	0.03029	0.02146	0.02151	0.00917	0.00663	0.00501	0.00380	0.00157	0.03592	0.00301	0.00314	0.00559
9	0.01211	0.02982	0.12407	0.13629	0.28024	0.05163	0.08260	0.04104	0.13514	0.01693	0.03318	0.01397	0.00980	0.00523	0.00507	0.00158	0.00625	0.00476	0.00301	0.00727
10	0.01034	0.02480	0.71304	0.01516	0.02238	0.01186	0.10037	0.01603	0.01081	0.01603	0.00920	0.01100	0.00654	0.00475	0.00493	0.00161	0.00759	0.00398	0.00218	0.00740
11	0.00795	0.00568	0.00792	0.00908	0.01016	0.00565	0.00780	0.01013	0.01144	0.01491	0.02688	0.13388	0.02954	0.01416	0.00693	0.00230	0.00448	0.68185	0.00466	0.00460
12	0.01555	0.00715	0.00944	0.00777	0.01044	0.00643	0.00621	0.03858	0.01447	0.41653	0.33541	0.02561	0.02690	0.00791	0.00537	0.00155	0.00345	0.00672	0.04766	0.00684
13	0.01014	0.02616	0.79609	0.01441	0.02189	0.01174	0.01868	0.01601	0.01068	0.01601	0.00907	0.01068	0.00641	0.00480	0.00480	0.00160	0.00747	0.00374	0.00214	0.00747
14	0.01014	0.02616	0.79609	0.01441	0.02189	0.01174	0.01868	0.01601	0.01068	0.01601	0.00907	0.01068	0.00641	0.00480	0.00480	0.00160	0.00747	0.00374	0.00214	0.00747
15	0.00722	0.00542	0.00813	0.00813	0.00903	0.00632	0.00632	0.00903	0.00813	0.01174	0.01354	0.01987	0.01264	0.03792	0.80225	0.00813	0.01354	0.00542	0.00271	0.00451
16	0.01646	0.36830	0.01980	0.01084	0.01444	0.27911	0.00928	0.17779	0.01443	0.01630	0.00837	0.00937	0.00695	0.00509	0.00437	0.00127	0.02486	0.00332	0.00293	0.00671
17	0.00796	0.00661	0.04616	0.00799	0.00944	0.00576	0.00659	0.01076	0.06180	0.03291	0.17645	0.25868	0.09097	0.01244	0.00622	0.00194	0.00361	0.22696	0.02180	0.00494
18	0.01276	0.17100	0.23390	0.04385	0.28924	0.03181	0.03295	0.01666	0.04114	0.06588	0.00999	0.01170	0.00778	0.00479	0.00464	0.00147	0.00627	0.00404	0.00268	0.00745
19	0.01335	0.01203	0.01182	0.01056	0.01345	0.07367	0.00821	0.05871	0.68953	0.02094	0.01923	0.01782	0.01445	0.00670	0.00510	0.00167	0.00446	0.00548	0.00495	0.00786
20	0.23903	0.22641	0.05140	0.01003	0.01338	0.19733	0.02416	0.08016	0.01172	0.01678	0.00814	0.01008	0.00690	0.03723	0.00538	0.00154	0.04801	0.00338	0.00281	0.00612
21	0.00866	0.06602	0.25429	0.00968	0.01324	0.00828	0.04887	0.01202	0.01230	0.01732	0.34730	0.06064	0.08727	0.00825	0.00540	0.00159	0.00452	0.00713	0.02147	0.00576
22	0.00638	0.00462	0.00603	0.00677	0.00736	0.00427	0.00466	0.00764	0.01088	0.01469	0.20799	0.58892	0.08231	0.01437	0.00631	0.00192	0.00278	0.01292	0.00490	0.00427
23	0.00885	0.00785	0.00993	0.00909	0.01081	0.05455	0.08827	0.04139	0.08535	0.01601	0.13686	0.31583	0.15117	0.01137	0.00597	0.00180	0.00402	0.03116	0.00452	0.00519
24	0.00911	0.00770	0.01183	0.36164	0.07546	0.00865	0.00995	0.03178	0.01180	0.02689	0.23438	0.09947	0.04150	0.00806	0.00578	0.00170	0.02389	0.02126	0.00369	0.00547
25	0.00955	0.00899	0.01517	0.81013	0.03483	0.01123	0.01404	0.01292	0.01011	0.01292	0.00899	0.01348	0.00674	0.00506	0.00506	0.00169	0.00674	0.00449	0.00225	0.00562
26	0.01634	0.01016	0.01600	0.01941	0.36644	0.00968	0.03521	0.03610	0.01296	0.33248	0.01534	0.04353	0.01178	0.00611	0.00522	0.00160	0.00521	0.04423	0.00427	0.00792
27	0.00884	0.00459	0.00668	0.00665	0.00674	0.00461	0.00445	0.02088	0.00703	0.00938	0.00973	0.04134	0.00994	0.04898	0.01931	0.77687	0.00439	0.00483	0.00236	0.00241
28	0.01087	0.01034	0.01755	0.46306	0.37157	0.01158	0.01470	0.01408	0.01074	0.01452	0.00922	0.01305	0.00731	0.00481	0.00503	0.00160	0.00641	0.00450	0.00236	0.00668
29	0.01195	0.03219	0.10925	0.07644	0.22118	0.08804	0.02809	0.07955	0.01290	0.03127	0.15061	0.04559	0.01615	0.00750	0.02802	0.00176	0.03070	0.01880	0.00339	0.00660
30	0.01234	0.03419	0.01848	0.08157	0.58592	0.01175	0.01371	0.05466	0.03227	0.01731	0.03605	0.01379	0.00969	0.00495	0.00492	0.00149	0.00565	0.00465	0.04907	0.00754

[dist]
# distance from previous block
# <min> <max>
5	7

[block]
# block no. 2 follows, 49 sequences, length 13
# corresponding to MSA columns:
# 355-367
name=unknown_C
#
# <colnr> <probs for GDERKNQSTAVLIFYWHMCP>
#	G	D	E	R	K	N	Q	S	T	A	V	L	I	F	Y	W	H	M	C	P
0	0.46981	0.03997	0.05547	0.02591	0.03703	0.01067	0.00709	0.05110	0.04409	0.02064	0.03880	0.01376	0.04066	0.00559	0.00388	0.00150	0.00420	0.02028	0.04930	0.06026
1	0.09626	0.09275	0.10118	0.01632	0.14332	0.04728	0.19637	0.07682	0.03051	0.05073	0.00987	0.01173	0.00763	0.00485	0.00514	0.00150	0.03225	0.00432	0.00296	0.06822
2	0.00878	0.00439	0.00659	0.00659	0.00659	0.00439	0.00439	0.00659	0.00659	0.00878	0.00878	0.01537	0.00878	0.01757	0.01976	0.85288	0.00439	0.00439	0.00220	0.00220
3	0.03747	0.13141	0.31227	0.01432	0.03669	0.03311	0.19312	0.01620	0.05461	0.03152	0.06658	0.01440	0.01079	0.00533	0.00496	0.00156	0.00665	0.01929	0.00284	0.00689
4	0.00818	0.00589	0.00704	0.00680	0.00812	0.02125	0.00506	0.01042	0.04274	0.05775	0.35335	0.11227	0.16534	0.07884	0.06792	0.00244	0.00389	0.03303	0.00484	0.00481
5	0.01014	0.02616	0.79609	0.01441	0.02189	0.01174	0.01868	0.01601	0.01068	0.01601	0.00907	0.01068	0.00641	0.00480	0.00480	0.00160	0.00747	0.00374	0.00214	0.00747
6	0.00664	0.00505	0.00612	0.00606	0.00729	0.00452	0.00447	0.00847	0.01278	0.01715	0.44833	0.15045	0.28048	0.01189	0.00604	0.00169	0.00252	0.01036	0.00517	0.00452
7	0.85801	0.00978	0.00743	0.00665	0.00978	0.01134	0.00548	0.01486	0.00861	0.02269	0.00704	0.00821	0.00548	0.00469	0.00313	0.00156	0.00391	0.00274	0.00313	0.00548
8	0.01170	0.30695	0.49226	0.01233	0.01849	0.04835	0.01478	0.01589	0.01069	0.01441	0.00830	0.00971	0.00644	0.00465	0.00425	0.00141	0.00682	0.00335	0.00217	0.00706
9	0.01145	0.05157	0.07580	0.02651	0.01421	0.00876	0.04391	0.03909	0.04526	0.04299	0.00994	0.01125	0.00790	0.00421	0.00409	0.00100	0.00451	0.00346	0.00312	0.59097
10	0.02965	0.03997	0.19855	0.01118	0.03291	0.04265	0.07700	0.01518	0.08368	0.08333	0.06674	0.11369	0.07945	0.03240	0.00580	0.00168	0.00522	0.00642	0.00369	0.07080
11	0.01120	0.01000	0.02939	0.08036	0.05702	0.03514	0.04526	0.08555	0.03206	0.03071	0.09308	0.06436	0.03924	0.00605	0.00474	0.00127	0.00459	0.00521	0.00358	0.36121
12	0.03573	0.05315	0.01478	0.07088	0.06086	0.03965	0.09077	0.11983	0.11159	0.06757	0.03210	0.02864	0.03683	0.02511	0.00556	0.00152	0.02287	0.00495	0.01841	0.15920

[dist]
# distance from previous block
# <min> <max>
2	20

[block]
# block no. 3 follows, 49 sequences, length 43
# corresponding to MSA columns:
# 388-430
name=unknown_D
#
# <colnr> <probs for GDERKNQSTAVLIFYWHMCP>
#	G	D	E	R	K	N	Q	S	T	A	V	L	I	F	Y	W	H	M	C	P
0	0.17220	0.24735	0.28562	0.01093	0.01590	0.05411	0.03961	0.01584	0.03916	0.01606	0.00899	0.03009	0.00736	0.00497	0.00410	0.00142	0.00597	0.00363	0.00258	0.03412
1	0.07658	0.12311	0.06057	0.02180	0.01497	0.05074	0.04586	0.30211	0.12041	0.03550	0.01384	0.02395	0.04717	0.00600	0.00471	0.00148	0.00538	0.00466	0.00402	0.03715
2	0.01061	0.08765	0.21911	0.01124	0.05059	0.00978	0.05494	0.04457	0.04958	0.05898	0.09207	0.09495	0.02799	0.14222	0.02209	0.00225	0.00551	0.00629	0.00347	0.00609
3	0.27620	0.07105	0.07031	0.00836	0.01100	0.00993	0.00731	0.05390	0.04747	0.04290	0.05301	0.14064	0.04551	0.03364	0.00584	0.00182	0.03332	0.07835	0.00380	0.00565
4	0.00625	0.00501	0.00555	0.00586	0.00716	0.00438	0.00431	0.00751	0.01112	0.01373	0.07251	0.20923	0.52746	0.03972	0.00678	0.00192	0.00284	0.05973	0.00467	0.00424
5	0.01117	0.01098	0.04340	0.12549	0.37759	0.01080	0.08605	0.03605	0.06269	0.01685	0.08628	0.04860	0.03169	0.00617	0.00533	0.00162	0.00568	0.02341	0.00319	0.00695
6	0.01003	0.02533	0.76513	0.01410	0.02132	0.01147	0.01814	0.01576	0.01082	0.01618	0.03963	0.01174	0.00803	0.00502	0.00485	0.00160	0.00727	0.00395	0.00227	0.00737
7	0.01836	0.04736	0.01462	0.01124	0.01480	0.17464	0.00912	0.51433	0.02012	0.05050	0.01161	0.01199	0.00852	0.00582	0.00478	0.00143	0.00602	0.00424	0.06281	0.00769
8	0.03220	0.01370	0.01337	0.03048	0.05411	0.14484	0.00889	0.39961	0.03721	0.04818	0.01241	0.03550	0.00986	0.04507	0.01585	0.00171	0.00585	0.00473	0.05901	0.02740
9	0.03575	0.05548	0.01417	0.01091	0.01447	0.11340	0.00884	0.35306	0.20469	0.11588	0.01420	0.01370	0.01029	0.00606	0.00489	0.00152	0.00544	0.00460	0.00472	0.00793
10	0.01766	0.01914	0.09421	0.01307	0.01677	0.40669	0.08844	0.07224	0.05414	0.15241	0.01128	0.01188	0.00828	0.00540	0.00489	0.00146	0.00754	0.00412	0.00350	0.00690
11	0.01049	0.00899	0.01049	0.00749	0.01198	0.00674	0.00599	0.01273	0.01049	0.01648	0.00899	0.01049	0.00749	0.00374	0.00374	0.00075	0.00374	0.00300	0.00300	0.85320
12	0.00790	0.00605	0.00744	0.03006	0.04555	0.00586	0.00544	0.03098	0.04272	0.03159	0.15279	0.11922	0.29509	0.12556	0.05437	0.00253	0.00403	0.02368	0.00438	0.00477
13	0.00709	0.00501	0.00582	0.00601	0.00660	0.00484	0.00392	0.00822	0.02886	0.01278	0.09352	0.20076	0.14670	0.36893	0.03640	0.00332	0.00398	0.00931	0.04405	0.00387
14	0.01132	0.00860	0.00972	0.00891	0.01106	0.00919	0.00699	0.18010	0.20950	0.03354	0.08416	0.13940	0.09930	0.04844	0.00670	0.00195	0.00406	0.11593	0.00490	0.00625
15	0.01095	0.00968	0.01625	0.58312	0.21255	0.01122	0.01404	0.01416	0.01068	0.05536	0.00970	0.01345	0.00735	0.00499	0.00505	0.00164	0.00644	0.00453	0.00252	0.00634
16	0.01092	0.01040	0.01700	0.44699	0.30749	0.03135	0.03472	0.01409	0.01080	0.01459	0.00954	0.01328	0.00752	0.00488	0.00498	0.00159	0.00638	0.00452	0.04251	0.00648
17	0.01146	0.40556	0.01700	0.00801	0.01111	0.07080	0.00711	0.04872	0.02312	0.01433	0.10192	0.02196	0.20282	0.00817	0.02677	0.00153	0.00487	0.00559	0.00337	0.00578
18	0.01289	0.01134	0.01145	0.01023	0.01306	0.04966	0.00796	0.06515	0.66195	0.02104	0.03863	0.01946	0.04054	0.00702	0.00516	0.00168	0.00424	0.00578	0.00502	0.00774
19	0.01252	0.01133	0.01764	0.14576	0.51177	0.04072	0.01356	0.05089	0.01196	0.04927	0.01145	0.07924	0.01008	0.00570	0.00512	0.00157	0.00589	0.00530	0.00293	0.00729
20	0.01371	0.01286	0.01360	0.01425	0.14922	0.14958	0.02758	0.10665	0.26816	0.03538	0.03865	0.05635	0.04850	0.00706	0.00522	0.00162	0.00541	0.03496	0.00414	0.00711
21	0.03165	0.01416	0.01288	0.01054	0.01389	0.20509	0.00842	0.29853	0.03841	0.21132	0.01456	0.01428	0.03175	0.00609	0.00483	0.00146	0.00575	0.00455	0.06437	0.00747
22	0.00685	0.00486	0.00567	0.00597	0.00643	0.00463	0.00383	0.00745	0.00905	0.01181	0.05557	0.22528	0.15724	0.42944	0.01628	0.00345	0.00392	0.03476	0.00389	0.00364
23	0.01098	0.01955	0.40185	0.01769	0.02386	0.01212	0.38887	0.01598	0.01132	0.01608	0.01004	0.01317	0.00754	0.00474	0.00542	0.00167	0.00793	0.02169	0.00240	0.00709
24	0.00878	0.00439	0.00659	0.00659	0.00659	0.00439	0.00439	0.00659	0.00659	0.00878	0.00878	0.01537	0.00878	0.01757	0.01976	0.85288	0.00439	0.00439	0.00220	0.00220
25	0.00955	0.00899	0.01517	0.81013	0.03483	0.01123	0.01404	0.01292	0.01011	0.01292	0.00899	0.01348	0.00674	0.00506	0.00506	0.00169	0.00674	0.00449	0.00225	0.00562
26	0.00612	0.00513	0.00532	0.00527	0.00692	0.00433	0.00395	0.00753	0.01186	0.01446	0.14050	0.04735	0.69892	0.01251	0.00597	0.00169	0.00254	0.01049	0.00480	0.00433
27	0.00987	0.00916	0.01517	0.78342	0.03419	0.01138	0.01390	0.03838	0.01057	0.01355	0.00909	0.01344	0.00680	0.00509	0.00506	0.00168	0.00670	0.00450	0.00234	0.00572
28	0.01889	0.02410	0.01433	0.01303	0.01563	0.80199	0.00977	0.02019	0.01433	0.01238	0.00782	0.00912	0.00651	0.00521	0.00456	0.00130	0.00912	0.00326	0.00261	0.00586
29	0.00621	0.00446	0.00590	0.00703	0.00740	0.00416	0.00475	0.00714	0.00980	0.01300	0.02871	0.77019	0.06153	0.01568	0.00645	0.00205	0.00297	0.03376	0.00469	0.00413
30	0.01121	0.00944	0.01087	0.00789	0.01230	0.00759	0.00633	0.07137	0.03350	0.01779	0.00956	0.01085	0.00780	0.00401	0.00389	0.00084	0.00389	0.00319	0.00322	0.76447
31	0.00722	0.00542	0.00813	0.00813	0.00903	0.00632	0.00632	0.00903	0.00813	0.01174	0.01354	0.01987	0.01264	0.03792	0.80225	0.00813	0.01354	0.00542	0.00271	0.00451
32	0.01124	0.00931	0.01131	0.00817	0.01261	0.00734	0.03109	0.03363	0.03044	0.04422	0.00979	0.01108	0.00790	0.00399	0.00393	0.00085	0.00397	0.00328	0.00320	0.75265
33	0.00859	0.00816	0.03796	0.03038	0.24230	0.00738	0.04640	0.01070	0.01117	0.01506	0.09255	0.27024	0.17841	0.01021	0.00578	0.00174	0.00423	0.00926	0.00388	0.00564
34	0.04591	0.27374	0.28595	0.01153	0.01676	0.03756	0.02615	0.17038	0.03621	0.01826	0.00930	0.01032	0.00716	0.00494	0.00430	0.00140	0.00617	0.00361	0.00291	0.02742
35	0.01059	0.00961	0.00940	0.00862	0.01059	0.10784	0.00657	0.01715	0.29167	0.01960	0.41253	0.02734	0.03087	0.00844	0.00549	0.00160	0.00382	0.00717	0.00504	0.00608
36	0.00724	0.00537	0.00789	0.00789	0.00871	0.00619	0.00602	0.00888	0.00806	0.01156	0.01376	0.02107	0.01317	0.10954	0.73135	0.00783	0.01276	0.00559	0.00274	0.00438
37	0.03002	0.01498	0.03498	0.01217	0.01604	0.10454	0.06189	0.52130	0.08685	0.02664	0.01308	0.01331	0.02843	0.00603	0.00506	0.00153	0.00599	0.00471	0.00450	0.00793
38	0.00693	0.00512	0.00648	0.00623	0.00744	0.00466	0.00464	0.00908	0.01366	0.01893	0.64137	0.08405	0.15063	0.01100	0.00599	0.00163	0.00244	0.00966	0.00539	0.00466
39	0.02627	0.01208	0.05277	0.01202	0.05553	0.01258	0.03901	0.18128	0.44183	0.03671	0.01726	0.04979	0.01335	0.00668	0.00513	0.00166	0.00472	0.00561	0.01792	0.00782
40	0.01368	0.00656	0.00865	0.00732	0.00965	0.00585	0.00577	0.01586	0.01408	0.33970	0.40453	0.02839	0.04987	0.00844	0.00545	0.00156	0.00318	0.00723	0.05789	0.00634
41	0.01347	0.38104	0.27312	0.01109	0.01617	0.08528	0.01194	0.09084	0.01216	0.02585	0.00871	0.00986	0.00694	0.00480	0.00408	0.00132	0.00632	0.00336	0.02673	0.00694
42	0.04114	0.12661	0.04981	0.01190	0.04773	0.06287	0.11662	0.09685	0.03213	0.10947	0.01070	0.01171	0.00814	0.00472	0.00445	0.00126	0.00553	0.00396	0.00340	0.25100

[dist]
# distance from previous block
# <min> <max>
0	2

[block]
# block no. 4 follows, 49 sequences, length 57
# corresponding to MSA columns:
# 438-494
name=unknown_E
#
# <colnr> <probs for GDERKNQSTAVLIFYWHMCP>
#	G	D	E	R	K	N	Q	S	T	A	V	L	I	F	Y	W	H	M	C	P
0	0.07419	0.02989	0.01668	0.35871	0.27425	0.08776	0.03337	0.01467	0.01096	0.01488	0.00943	0.01356	0.00773	0.00510	0.00489	0.00159	0.00648	0.02694	0.00251	0.00643
1	0.03120	0.00830	0.01005	0.02889	0.03292	0.00884	0.04913	0.10396	0.17953	0.06256	0.02692	0.01745	0.01269	0.00691	0.02638	0.00161	0.00409	0.00503	0.37720	0.00633
2	0.00673	0.00491	0.00534	0.00561	0.00689	0.00437	0.00411	0.00818	0.01104	0.01465	0.05884	0.20916	0.44500	0.01218	0.00567	0.00170	0.00266	0.03090	0.15772	0.00434
3	0.00846	0.00701	0.00767	0.00723	0.00914	0.00716	0.00551	0.01429	0.26502	0.01768	0.21990	0.05489	0.31949	0.01082	0.02140	0.00182	0.00322	0.00866	0.00502	0.00562
4	0.00693	0.00527	0.00639	0.00613	0.00748	0.00480	0.00459	0.00925	0.03247	0.01821	0.53832	0.06325	0.25607	0.01111	0.00596	0.00164	0.00249	0.00964	0.00528	0.00469
5	0.01057	0.00978	0.01600	0.63238	0.15048	0.01167	0.01398	0.05548	0.01105	0.01452	0.00921	0.01322	0.00704	0.00509	0.00523	0.00166	0.01957	0.00450	0.00244	0.00615
6	0.01258	0.01086	0.01143	0.01029	0.01315	0.01258	0.00800	0.02687	0.78161	0.02115	0.02058	0.01887	0.01544	0.00686	0.00515	0.00172	0.00400	0.00572	0.00515	0.00800
7	0.01509	0.01293	0.03743	0.01305	0.09516	0.03315	0.00969	0.31385	0.34964	0.02429	0.01615	0.01575	0.02791	0.00633	0.00509	0.00160	0.00502	0.00512	0.00467	0.00809
8	0.01889	0.02410	0.01433	0.01303	0.01563	0.80199	0.00977	0.02019	0.01433	0.01238	0.00782	0.00912	0.00651	0.00521	0.00456	0.00130	0.00912	0.00326	0.00261	0.00586
9	0.01277	0.01250	0.02027	0.03031	0.75932	0.04404	0.01529	0.01571	0.01163	0.01635	0.00944	0.01238	0.00795	0.00453	0.00499	0.00149	0.00613	0.00445	0.00251	0.00792
10	0.01252	0.01201	0.02053	0.03104	0.79074	0.01201	0.01552	0.01552	0.01151	0.01652	0.00951	0.01252	0.00801	0.00451	0.00501	0.00150	0.00601	0.00451	0.00250	0.00801
11	0.00723	0.00537	0.00791	0.00791	0.00874	0.00620	0.00605	0.00889	0.00806	0.01158	0.01374	0.02097	0.01312	0.10341	0.73742	0.00786	0.01282	0.00558	0.00274	0.00439
12	0.00729	0.00517	0.00689	0.00689	0.00737	0.00565	0.00478	0.00824	0.00776	0.01082	0.01467	0.02612	0.01536	0.40879	0.43510	0.00660	0.00946	0.00633	0.00288	0.00383
13	0.01252	0.01201	0.02053	0.03104	0.79074	0.01201	0.01552	0.01552	0.01151	0.01652	0.00951	0.01252	0.00801	0.00451	0.00501	0.00150	0.00601	0.00451	0.00250	0.00801
14	0.01129	0.01090	0.03848	0.06485	0.52479	0.01060	0.01287	0.03338	0.04245	0.01698	0.09189	0.01882	0.08861	0.00607	0.00520	0.00155	0.00530	0.00560	0.00317	0.00719
15	0.00666	0.00490	0.00559	0.00592	0.00660	0.00455	0.00393	0.00739	0.00946	0.01204	0.03075	0.22304	0.27395	0.33197	0.01391	0.00307	0.00367	0.04476	0.00405	0.00378
16	0.01508	0.03395	0.03562	0.04994	0.06935	0.13768	0.02474	0.22751	0.11199	0.06016	0.03752	0.01445	0.02685	0.01851	0.00516	0.00147	0.00566	0.00459	0.00394	0.11585
17	0.00636	0.00512	0.00566	0.00557	0.00707	0.00442	0.00416	0.00797	0.01235	0.01573	0.28355	0.06845	0.53158	0.01212	0.00599	0.00168	0.00252	0.01030	0.00497	0.00442
18	0.01070	0.00890	0.01037	0.00751	0.01187	0.00680	0.00600	0.01314	0.02557	0.03591	0.01076	0.01197	0.03133	0.00414	0.00387	0.00082	0.00373	0.00333	0.00317	0.79011
19	0.01233	0.54489	0.29656	0.01067	0.01610	0.01711	0.01217	0.01545	0.01042	0.01334	0.00775	0.00901	0.00646	0.00449	0.00379	0.00126	0.00613	0.00307	0.00215	0.00683
20	0.00671	0.00477	0.00638	0.00747	0.00795	0.00456	0.00539	0.00787	0.00998	0.01322	0.02679	0.58614	0.03139	0.07099	0.00791	0.00231	0.00347	0.18796	0.00457	0.00416
21	0.01177	0.37999	0.28778	0.01206	0.03823	0.03271	0.06463	0.01511	0.01085	0.01428	0.05842	0.01175	0.00940	0.00582	0.02623	0.00155	0.00646	0.00383	0.00243	0.00671
22	0.00955	0.00899	0.01517	0.81013	0.03483	0.01123	0.01404	0.01292	0.01011	0.01292	0.00899	0.01348	0.00674	0.00506	0.00506	0.00169	0.00674	0.00449	0.00225	0.00562
23	0.01073	0.00660	0.00770	0.00718	0.00876	0.02727	0.00551	0.04918	0.01187	0.12707	0.10909	0.11773	0.09992	0.04902	0.08694	0.00240	0.02681	0.03687	0.20404	0.00530
24	0.32402	0.01415	0.03527	0.03400	0.05903	0.17413	0.19349	0.01628	0.01091	0.02999	0.00850	0.01056	0.00668	0.00495	0.00505	0.00158	0.04886	0.00394	0.01250	0.00612
25	0.00662	0.00461	0.00597	0.00681	0.00730	0.00428	0.00459	0.00759	0.01005	0.02825	0.08076	0.64696	0.08066	0.07068	0.00769	0.00219	0.00303	0.01312	0.00467	0.00418
26	0.01087	0.03297	0.01269	0.01209	0.13945	0.00799	0.04498	0.02665	0.02113	0.05846	0.08010	0.13734	0.01539	0.00655	0.00477	0.00127	0.00422	0.00583	0.00359	0.37367
27	0.00823	0.00658	0.00802	0.00728	0.00951	0.00549	0.00538	0.01010	0.02769	0.01499	0.05176	0.38633	0.04330	0.01014	0.00525	0.00147	0.00331	0.02583	0.00402	0.36534
28	0.01266	0.27517	0.27646	0.01373	0.09105	0.04055	0.06416	0.05986	0.01196	0.04430	0.05723	0.01218	0.00958	0.00507	0.00450	0.00142	0.00626	0.00405	0.00276	0.00705
29	0.05422	0.05988	0.04376	0.01714	0.02174	0.01307	0.49183	0.11812	0.01322	0.03457	0.03228	0.01339	0.00880	0.00486	0.00572	0.00162	0.02792	0.00533	0.00306	0.02947
30	0.01591	0.11222	0.18058	0.03127	0.06892	0.09660	0.03258	0.23035	0.04716	0.11912	0.01148	0.01206	0.00835	0.00539	0.00477	0.00148	0.00623	0.00418	0.00370	0.00765
31	0.01714	0.05673	0.01397	0.11878	0.05080	0.14666	0.00930	0.11742	0.01397	0.28453	0.01377	0.04336	0.01043	0.04053	0.00627	0.00168	0.03853	0.00487	0.00419	0.00707
32	0.00617	0.00481	0.00558	0.00607	0.00709	0.00425	0.00428	0.00734	0.01088	0.01380	0.09836	0.38545	0.38852	0.02522	0.00646	0.00189	0.00274	0.01213	0.00474	0.00422
33	0.01593	0.05502	0.07764	0.01355	0.03979	0.08479	0.12764	0.39527	0.03814	0.02363	0.01191	0.01424	0.00923	0.00587	0.00509	0.00154	0.00632	0.03927	0.02755	0.00757
34	0.00777	0.00535	0.00640	0.00631	0.00689	0.00538	0.00415	0.00894	0.03596	0.03380	0.10958	0.09875	0.08386	0.46475	0.08593	0.00406	0.01635	0.00809	0.00374	0.00393
35	0.01608	0.01023	0.01230	0.03263	0.03578	0.01103	0.00840	0.09861	0.34478	0.26802	0.04926	0.01768	0.01420	0.00672	0.00577	0.00166	0.04831	0.00540	0.00519	0.00792
36	0.01080	0.01068	0.01499	0.01293	0.01299	0.01486	0.01074	0.01196	0.00777	0.01214	0.00711	0.01166	0.00705	0.01083	0.07012	0.00262	0.75857	0.00449	0.00225	0.00546
37	0.01681	0.01111	0.01790	0.05098	0.21340	0.02839	0.16313	0.06452	0.01358	0.33036	0.02905	0.01506	0.01047	0.00541	0.00524	0.00157	0.00583	0.00510	0.00423	0.00783
38	0.01320	0.01480	0.01078	0.01008	0.01160	0.40573	0.00738	0.01431	0.01105	0.01161	0.01108	0.01743	0.01080	0.20858	0.19791	0.00379	0.02749	0.00477	0.00273	0.00487
39	0.01812	0.02142	0.01348	0.01216	0.01468	0.67223	0.00919	0.03550	0.01410	0.04501	0.00908	0.01034	0.00733	0.00540	0.00475	0.00133	0.02454	0.00350	0.07191	0.00593
40	0.01276	0.01062	0.01125	0.01009	0.01293	0.01221	0.00786	0.02637	0.73791	0.04238	0.02044	0.01882	0.01528	0.00682	0.00510	0.00170	0.00396	0.00567	0.02992	0.00792
41	0.00616	0.00440	0.00587	0.00704	0.00733	0.00411	0.00469	0.00704	0.00968	0.01291	0.02787	0.81899	0.03344	0.01584	0.00645	0.00205	0.00293	0.01438	0.00469	0.00411
42	0.00615	0.00522	0.00532	0.00530	0.00698	0.00444	0.00397	0.00771	0.02604	0.01404	0.07876	0.05973	0.73376	0.01265	0.00597	0.00171	0.00259	0.01058	0.00474	0.00436
43	0.00608	0.00513	0.00527	0.00524	0.00690	0.00431	0.00393	0.00747	0.01178	0.01426	0.11833	0.04767	0.72121	0.01258	0.00598	0.00170	0.00255	0.01053	0.00478	0.00431
44	0.01490	0.01193	0.01301	0.01087	0.01413	0.02530	0.02858	0.27028	0.44843	0.04631	0.04850	0.01710	0.01408	0.00663	0.00516	0.00163	0.00465	0.00543	0.00506	0.00802
45	0.00794	0.00602	0.00875	0.00900	0.04085	0.00679	0.00663	0.04151	0.00940	0.01342	0.07541	0.02101	0.01524	0.05312	0.65262	0.00697	0.01179	0.00569	0.00304	0.00481
46	0.01198	0.01193	0.03875	0.05513	0.40336	0.01136	0.23199	0.02986	0.01169	0.03562	0.01150	0.07962	0.01004	0.00546	0.00537	0.00160	0.00643	0.00570	0.00284	0.02977
47	0.01213	0.01156	0.01931	0.06198	0.69632	0.01169	0.01469	0.01552	0.04190	0.01644	0.01162	0.01428	0.03996	0.00496	0.00505	0.00153	0.00582	0.00480	0.00269	0.00776
48	0.01078	0.00955	0.01086	0.00862	0.04467	0.03833	0.00642	0.01293	0.01055	0.01605	0.00925	0.01144	0.00792	0.03708	0.00472	0.00097	0.00410	0.00325	0.00296	0.74957
49	0.01314	0.02597	0.07116	0.01686	0.25189	0.03233	0.06448	0.08022	0.02489	0.08854	0.01166	0.01501	0.00956	0.03741	0.00564	0.00151	0.00551	0.03601	0.00331	0.20490
50	0.03072	0.01634	0.30310	0.01438	0.09739	0.04361	0.10252	0.04609	0.03209	0.06469	0.01571	0.03352	0.09022	0.03849	0.00596	0.00173	0.00620	0.02399	0.00316	0.03012
51	0.00663	0.00512	0.00609	0.00638	0.00746	0.00475	0.00457	0.00851	0.04247	0.01484	0.18627	0.31117	0.29521	0.03668	0.03814	0.00215	0.00321	0.01115	0.00476	0.00444
52	0.00744	0.00557	0.00677	0.00763	0.02845	0.02052	0.00520	0.03929	0.01092	0.01474	0.07407	0.53521	0.10619	0.01403	0.02419	0.00202	0.00339	0.02228	0.06755	0.00455
53	0.10183	0.10970	0.24675	0.01242	0.07973	0.01148	0.03028	0.03836	0.09007	0.11114	0.02390	0.09881	0.01166	0.00638	0.00476	0.00158	0.00541	0.00523	0.00349	0.00700
54	0.01011	0.06254	0.01006	0.00880	0.01037	0.00736	0.02586	0.02844	0.03187	0.10697	0.05301	0.27555	0.03926	0.03269	0.00708	0.00204	0.04024	0.23789	0.00454	0.00531
55	0.01042	0.08591	0.61988	0.04594	0.02082	0.01216	0.03654	0.01594	0.04300	0.01554	0.00970	0.01190	0.00731	0.03717	0.00557	0.00170	0.00706	0.00397	0.00232	0.00715
56	0.01413	0.04652	0.07954	0.08046	0.33056	0.06540	0.06083	0.07002	0.06538	0.10514	0.01134	0.01302	0.00864	0.00515	0.00520	0.00154	0.02181	0.00453	0.00323	0.00756

[dist]
# distance from previous block
# <min> <max>
10	164

# created by:
# /home/cegg/simao/soft/augustus-3.2.1/scripts/msa2prfl.pl ./align_prep/EOG091G0LMQ.fa
