[name]
unknown

[dist]
# distance from previous block
# <min> <max>
5	79

[block]
# block no. 0 follows, 45 sequences, length 7
# corresponding to MSA columns:
# 86-92
name=unknown_A
#
# <colnr> <probs for GDERKNQSTAVLIFYWHMCP>
#	G	D	E	R	K	N	Q	S	T	A	V	L	I	F	Y	W	H	M	C	P
0	0.08455	0.04345	0.01113	0.04677	0.01260	0.01048	0.00768	0.12110	0.16609	0.01921	0.06045	0.02554	0.03900	0.08894	0.06527	0.06651	0.02211	0.09879	0.00423	0.00611
1	0.07157	0.21138	0.19527	0.01342	0.06702	0.07747	0.01237	0.12881	0.01330	0.01823	0.01023	0.01368	0.00868	0.00620	0.00601	0.00163	0.08694	0.04751	0.00305	0.00723
2	0.01281	0.01064	0.01177	0.05202	0.03836	0.06209	0.00764	0.06211	0.06817	0.07339	0.04332	0.01777	0.08992	0.00602	0.00478	0.00124	0.00462	0.00489	0.00393	0.42452
3	0.04422	0.41675	0.16383	0.01120	0.03399	0.06972	0.01101	0.04975	0.02926	0.06179	0.05480	0.01219	0.01016	0.00541	0.00431	0.00139	0.00609	0.00388	0.00305	0.00720
4	0.11968	0.00846	0.00979	0.00888	0.01107	0.00903	0.00699	0.04331	0.14348	0.09697	0.16616	0.12194	0.04779	0.01061	0.03439	0.00207	0.06052	0.05087	0.00487	0.04311
5	0.01262	0.01489	0.16614	0.06705	0.06178	0.07491	0.02697	0.04298	0.23778	0.04118	0.06704	0.02028	0.04166	0.04241	0.00689	0.00191	0.03521	0.02708	0.00399	0.00724
6	0.01189	0.01090	0.01136	0.00860	0.01291	0.07813	0.00678	0.01494	0.05618	0.01759	0.04867	0.01298	0.01050	0.00466	0.00426	0.00095	0.00443	0.00370	0.00341	0.67714

[dist]
# distance from previous block
# <min> <max>
0	1

[block]
# block no. 1 follows, 45 sequences, length 10
# corresponding to MSA columns:
# 94-103
name=unknown_B
#
# <colnr> <probs for GDERKNQSTAVLIFYWHMCP>
#	G	D	E	R	K	N	Q	S	T	A	V	L	I	F	Y	W	H	M	C	P
0	0.07380	0.33823	0.03695	0.03315	0.01412	0.05944	0.00880	0.07769	0.01258	0.03071	0.06247	0.02703	0.01160	0.00599	0.00482	0.00137	0.03547	0.02984	0.00325	0.13267
1	0.03988	0.02903	0.02963	0.05154	0.05071	0.00832	0.00770	0.02628	0.01116	0.01695	0.03770	0.11608	0.01306	0.00806	0.04375	0.00160	0.02864	0.00533	0.00340	0.47118
2	0.03462	0.11516	0.03706	0.07511	0.01459	0.12721	0.02219	0.04354	0.01211	0.06873	0.03074	0.18383	0.01642	0.04870	0.03529	0.00212	0.03565	0.04271	0.00372	0.05050
3	0.06891	0.05349	0.05131	0.06105	0.31918	0.06882	0.05310	0.05572	0.04756	0.01806	0.02356	0.01651	0.01066	0.02475	0.00601	0.00174	0.02719	0.04389	0.04121	0.00729
4	0.04793	0.07241	0.16414	0.01413	0.12899	0.02067	0.05238	0.01491	0.01171	0.03336	0.04096	0.03649	0.02721	0.00619	0.00499	0.00146	0.00559	0.06719	0.00324	0.24607
5	0.01206	0.00940	0.01163	0.00896	0.01262	0.00828	0.04353	0.10057	0.03741	0.05163	0.03077	0.01805	0.06969	0.06350	0.02798	0.04822	0.00476	0.00496	0.00378	0.43220
6	0.06391	0.03401	0.03520	0.02778	0.07014	0.01375	0.04563	0.25391	0.27436	0.05604	0.05751	0.01679	0.01363	0.00659	0.00532	0.00169	0.00525	0.00543	0.00483	0.00821
7	0.00889	0.00678	0.00742	0.04881	0.00870	0.04473	0.00475	0.03101	0.00891	0.01160	0.01574	0.03080	0.01736	0.63298	0.09584	0.00505	0.00641	0.00715	0.00321	0.00386
8	0.01412	0.67027	0.02491	0.00901	0.01339	0.01862	0.00868	0.01587	0.01109	0.04663	0.00932	0.04826	0.00866	0.00523	0.00374	0.00119	0.00541	0.00361	0.00269	0.07932
9	0.01245	0.00986	0.01194	0.00964	0.05512	0.00798	0.00719	0.05725	0.01241	0.06546	0.03900	0.01287	0.00997	0.00459	0.00430	0.00097	0.00420	0.00374	0.00359	0.66747

[dist]
# distance from previous block
# <min> <max>
6	20

[block]
# block no. 2 follows, 45 sequences, length 34
# corresponding to MSA columns:
# 125-158
name=unknown_C
#
# <colnr> <probs for GDERKNQSTAVLIFYWHMCP>
#	G	D	E	R	K	N	Q	S	T	A	V	L	I	F	Y	W	H	M	C	P
0	0.01008	0.00665	0.00900	0.00958	0.01122	0.00650	0.00826	0.03268	0.01302	0.07638	0.05450	0.05399	0.06291	0.01359	0.00706	0.00230	0.00474	0.59294	0.00509	0.01952
1	0.00888	0.00871	0.05816	0.00949	0.07045	0.03386	0.00705	0.01139	0.01353	0.01857	0.38124	0.03373	0.19412	0.00956	0.00581	0.00158	0.00366	0.00822	0.00475	0.11723
2	0.02030	0.00827	0.01121	0.00902	0.01246	0.00726	0.00729	0.02228	0.01455	0.61149	0.07073	0.08054	0.04627	0.00947	0.04108	0.00202	0.00470	0.00666	0.00624	0.00815
3	0.01486	0.01233	0.01333	0.01201	0.04147	0.01404	0.00914	0.18524	0.58190	0.02473	0.01951	0.01826	0.01455	0.00701	0.00544	0.00177	0.00468	0.00576	0.00534	0.00863
4	0.01258	0.03211	0.30190	0.01887	0.09668	0.01286	0.28939	0.04573	0.02685	0.04687	0.02081	0.03236	0.00921	0.00544	0.00590	0.00174	0.02472	0.00538	0.00293	0.00765
5	0.01281	0.07073	0.43593	0.01591	0.07288	0.01210	0.11706	0.01747	0.01198	0.11169	0.01240	0.06327	0.00974	0.00591	0.00533	0.00170	0.00711	0.00517	0.00307	0.00773
6	0.01175	0.11694	0.47427	0.01672	0.02352	0.01383	0.23461	0.01695	0.01167	0.01654	0.00974	0.01193	0.00720	0.00487	0.00527	0.00167	0.00800	0.00453	0.00240	0.00761
7	0.00803	0.00574	0.00794	0.00918	0.01015	0.00565	0.00758	0.01006	0.01175	0.01537	0.02876	0.27901	0.03224	0.01541	0.00725	0.00239	0.00441	0.52936	0.00495	0.00477
8	0.01276	0.18052	0.11994	0.08260	0.02566	0.13086	0.01033	0.02781	0.01245	0.06080	0.03444	0.05045	0.11383	0.00898	0.03078	0.00187	0.00635	0.07973	0.00350	0.00633
9	0.01838	0.14165	0.01693	0.01209	0.04436	0.10172	0.03786	0.24749	0.01699	0.20575	0.01496	0.07523	0.01199	0.00694	0.00520	0.00159	0.00589	0.02245	0.00464	0.00788
10	0.07361	0.00920	0.01213	0.00952	0.01317	0.00857	0.00780	0.02385	0.01418	0.65094	0.01924	0.01803	0.01271	0.04310	0.00704	0.00186	0.05528	0.00531	0.00601	0.00846
11	0.01283	0.01271	0.03903	0.17878	0.37024	0.06125	0.10660	0.01604	0.01218	0.04555	0.01213	0.05532	0.01052	0.00602	0.00558	0.00172	0.00682	0.03635	0.00297	0.00735
12	0.00663	0.00513	0.00604	0.00649	0.00759	0.00455	0.00461	0.00800	0.01190	0.01530	0.16001	0.36117	0.35437	0.01450	0.00655	0.00194	0.00285	0.01269	0.00513	0.00455
13	0.01126	0.01042	0.04992	0.05011	0.01453	0.00777	0.00758	0.01410	0.02329	0.02956	0.01023	0.01235	0.00844	0.00437	0.00421	0.00095	0.00437	0.01519	0.00321	0.71813
14	0.06151	0.02411	0.00878	0.03953	0.05453	0.00646	0.00655	0.00988	0.01062	0.01520	0.04490	0.48442	0.02710	0.03070	0.02301	0.00215	0.00405	0.05913	0.00436	0.08301
15	0.01264	0.19211	0.31558	0.03814	0.11518	0.04410	0.09166	0.02897	0.01205	0.03066	0.02447	0.01448	0.00935	0.00556	0.00504	0.00161	0.00708	0.04117	0.00273	0.00743
16	0.01235	0.12624	0.04920	0.12294	0.10231	0.05333	0.16545	0.04937	0.01175	0.02623	0.01148	0.04396	0.01021	0.07541	0.07677	0.00257	0.04557	0.00545	0.00289	0.00653
17	0.01009	0.00926	0.01557	0.75256	0.03523	0.01150	0.01431	0.01333	0.01052	0.01346	0.00953	0.01443	0.00728	0.00614	0.00627	0.05061	0.00701	0.00476	0.00238	0.00575
18	0.01452	0.79087	0.02774	0.00932	0.01386	0.04434	0.00922	0.01623	0.01104	0.01264	0.00749	0.00864	0.00689	0.00462	0.00349	0.00116	0.00586	0.00289	0.00231	0.00687
19	0.00770	0.00563	0.00803	0.00803	0.00878	0.00638	0.00596	0.00920	0.00845	0.01202	0.01493	0.02413	0.01474	0.20719	0.62495	0.00789	0.01239	0.00620	0.00296	0.00446
20	0.01001	0.00500	0.00500	0.00500	0.00625	0.00500	0.00375	0.01251	0.01126	0.02001	0.01751	0.02001	0.01376	0.00625	0.00375	0.00125	0.00250	0.00500	0.84115	0.00500
21	0.05406	0.00906	0.01195	0.00931	0.01319	0.00809	0.00764	0.04827	0.01543	0.66360	0.08460	0.01959	0.01605	0.00694	0.00540	0.00166	0.00442	0.00565	0.00641	0.00866
22	0.01221	0.12583	0.01844	0.01460	0.06265	0.01689	0.01168	0.01359	0.00886	0.01317	0.00730	0.01140	0.00712	0.00842	0.01482	0.00213	0.63791	0.00444	0.00236	0.00618
23	0.00999	0.00878	0.01269	0.01471	0.17986	0.00964	0.00940	0.01254	0.04971	0.01543	0.05963	0.19079	0.03662	0.03184	0.09277	0.00271	0.16401	0.03593	0.00364	0.05931
24	0.03060	0.00525	0.00696	0.00765	0.00829	0.00525	0.00534	0.00882	0.00989	0.04029	0.02454	0.53485	0.02807	0.08172	0.17201	0.00373	0.00571	0.01202	0.00442	0.00457
25	0.00691	0.00526	0.00643	0.00714	0.00821	0.00479	0.00533	0.00835	0.01161	0.01481	0.07565	0.36088	0.30254	0.01500	0.00674	0.00208	0.00327	0.14542	0.00502	0.00456
26	0.01388	0.12105	0.18945	0.10502	0.23689	0.02689	0.04115	0.01742	0.01216	0.12053	0.01170	0.01456	0.00912	0.00547	0.00510	0.00160	0.00653	0.02946	0.00313	0.02888
27	0.00741	0.00514	0.00694	0.00735	0.00789	0.00521	0.00513	0.00826	0.00959	0.01308	0.08306	0.30567	0.05408	0.14092	0.22142	0.09432	0.00655	0.00986	0.00395	0.00416
28	0.01058	0.01138	0.07877	0.13340	0.11400	0.01065	0.17728	0.02583	0.01163	0.01587	0.01623	0.15497	0.01619	0.00889	0.00709	0.00198	0.06824	0.12730	0.00338	0.00633
29	0.02624	0.01218	0.05204	0.12556	0.32551	0.01185	0.02874	0.08891	0.06145	0.15795	0.03022	0.01622	0.01104	0.00588	0.00540	0.00168	0.00595	0.02117	0.00389	0.00809
30	0.01001	0.00500	0.00500	0.00500	0.00625	0.00500	0.00375	0.01251	0.01126	0.02001	0.01751	0.02001	0.01376	0.00625	0.00375	0.00125	0.00250	0.00500	0.84115	0.00500
31	0.01063	0.00983	0.01573	0.46180	0.18340	0.02408	0.01349	0.01354	0.01091	0.01440	0.01202	0.05743	0.01087	0.03743	0.00717	0.01916	0.03689	0.05228	0.00277	0.00616
32	0.01303	0.00949	0.01445	0.35417	0.11840	0.01047	0.01172	0.07354	0.01278	0.14228	0.03318	0.04777	0.04629	0.00973	0.07731	0.00237	0.00673	0.00578	0.00370	0.00680
33	0.01326	0.50940	0.18409	0.04831	0.07114	0.01792	0.03652	0.01657	0.03226	0.01436	0.00871	0.01027	0.00730	0.00482	0.00416	0.00136	0.00637	0.00352	0.00242	0.00723

[dist]
# distance from previous block
# <min> <max>
5	6

[block]
# block no. 3 follows, 45 sequences, length 40
# corresponding to MSA columns:
# 166-205
name=unknown_D
#
# <colnr> <probs for GDERKNQSTAVLIFYWHMCP>
#	G	D	E	R	K	N	Q	S	T	A	V	L	I	F	Y	W	H	M	C	P
0	0.00915	0.00600	0.00810	0.00798	0.00905	0.00614	0.00592	0.03693	0.03542	0.04258	0.09712	0.16790	0.05217	0.02149	0.22313	0.20407	0.00675	0.03377	0.00393	0.02241
1	0.07131	0.01273	0.01521	0.08128	0.18645	0.14357	0.03550	0.01984	0.01339	0.28587	0.01491	0.07153	0.01157	0.00649	0.00528	0.00165	0.00608	0.00546	0.00427	0.00761
2	0.01001	0.00500	0.00500	0.00500	0.00625	0.00500	0.00375	0.01251	0.01126	0.02001	0.01751	0.02001	0.01376	0.00625	0.00375	0.00125	0.00250	0.00500	0.84115	0.00500
3	0.07586	0.02586	0.07953	0.09967	0.24989	0.04712	0.04275	0.06068	0.01277	0.15012	0.01147	0.01339	0.00863	0.00582	0.00650	0.00171	0.09242	0.00465	0.00346	0.00768
4	0.01313	0.04008	0.04095	0.01308	0.02676	0.01404	0.03040	0.01488	0.00981	0.09881	0.00922	0.01235	0.00791	0.00779	0.01287	0.00196	0.50928	0.00451	0.00296	0.12923
5	0.01112	0.02110	0.48587	0.01525	0.02140	0.01167	0.14861	0.03217	0.03846	0.03165	0.01278	0.09466	0.01072	0.00750	0.03138	0.00200	0.00761	0.00573	0.00291	0.00741
6	0.01291	0.01127	0.03204	0.20823	0.37095	0.02310	0.03393	0.01617	0.03687	0.08648	0.01444	0.01699	0.06292	0.00642	0.00613	0.03916	0.00614	0.00534	0.00320	0.00732
7	0.01168	0.01287	0.07050	0.01418	0.01474	0.01616	0.01231	0.01321	0.00844	0.01321	0.00723	0.01172	0.00703	0.00909	0.01673	0.00230	0.74560	0.00465	0.00234	0.00602
8	0.01415	0.15925	0.29584	0.01474	0.11306	0.01280	0.02769	0.01785	0.01234	0.16550	0.06981	0.01472	0.01167	0.00590	0.00557	0.00161	0.04162	0.00467	0.00346	0.00773
9	0.00884	0.00533	0.00779	0.00774	0.00833	0.00568	0.00560	0.00888	0.00836	0.03623	0.03189	0.05524	0.01393	0.06872	0.35288	0.35309	0.00877	0.00592	0.00296	0.00382
10	0.03963	0.23536	0.18943	0.01266	0.05707	0.03065	0.06376	0.07272	0.01220	0.01649	0.01393	0.18061	0.01382	0.02072	0.00547	0.00171	0.00597	0.01784	0.00325	0.00673
11	0.01201	0.06952	0.11796	0.02993	0.01578	0.07634	0.06670	0.05109	0.09420	0.01593	0.02760	0.03347	0.01165	0.01347	0.14675	0.03077	0.14825	0.02902	0.00319	0.00641
12	0.01001	0.00500	0.00500	0.00500	0.00625	0.00500	0.00375	0.01251	0.01126	0.02001	0.01751	0.02001	0.01376	0.00625	0.00375	0.00125	0.00250	0.00500	0.84115	0.00500
13	0.01160	0.02103	0.45144	0.01546	0.03719	0.03740	0.11768	0.01721	0.06492	0.03222	0.03945	0.03388	0.01034	0.00687	0.02539	0.00193	0.06060	0.00506	0.00289	0.00745
14	0.00894	0.00753	0.01081	0.01065	0.04448	0.00908	0.00798	0.01074	0.00996	0.01451	0.15817	0.04784	0.01956	0.04877	0.35389	0.00503	0.21686	0.00656	0.00339	0.00523
15	0.01395	0.10256	0.34346	0.02446	0.01945	0.09459	0.08937	0.01786	0.01225	0.12498	0.01245	0.06075	0.01000	0.00626	0.00562	0.00168	0.03292	0.01679	0.00320	0.00739
16	0.01422	0.78628	0.05530	0.00940	0.01412	0.02092	0.00957	0.01611	0.01092	0.01279	0.00754	0.00871	0.00689	0.00461	0.00350	0.00117	0.00582	0.00291	0.00230	0.00693
17	0.00860	0.03434	0.00893	0.00813	0.00930	0.00691	0.00625	0.01017	0.00913	0.04655	0.01737	0.02398	0.06741	0.11369	0.57302	0.03037	0.01161	0.00621	0.00319	0.00482
18	0.00782	0.00610	0.00805	0.00865	0.06239	0.00580	0.00590	0.01029	0.03021	0.01850	0.44012	0.08242	0.18983	0.01420	0.08334	0.00242	0.00408	0.00954	0.00513	0.00521
19	0.02640	0.03584	0.00982	0.08660	0.02336	0.00785	0.00764	0.01071	0.03552	0.01494	0.05102	0.31167	0.11870	0.01283	0.00752	0.00208	0.08238	0.14564	0.00434	0.00513
20	0.01017	0.00954	0.01594	0.77280	0.03618	0.01177	0.01463	0.01371	0.01075	0.01384	0.00954	0.01421	0.00718	0.00532	0.00532	0.00176	0.00705	0.00472	0.00241	0.03316
21	0.00910	0.00637	0.00889	0.00979	0.01097	0.00653	0.00835	0.01133	0.01198	0.04262	0.02698	0.13022	0.02923	0.01514	0.02745	0.00256	0.04044	0.59215	0.00484	0.00507
22	0.01250	0.01187	0.02013	0.10642	0.65074	0.01208	0.01551	0.01557	0.01194	0.01689	0.01142	0.06939	0.01027	0.00569	0.00543	0.00165	0.00622	0.00552	0.00279	0.00796
23	0.01112	0.10513	0.70926	0.01470	0.02230	0.01333	0.01879	0.01691	0.01129	0.01657	0.00942	0.01107	0.00681	0.00505	0.00494	0.00165	0.00772	0.00386	0.00227	0.00783
24	0.00848	0.00652	0.00943	0.01041	0.08421	0.00722	0.00685	0.00988	0.00894	0.01268	0.04214	0.02422	0.01554	0.23974	0.42460	0.02963	0.04547	0.00627	0.00303	0.00474
25	0.01086	0.02619	0.70811	0.01518	0.02233	0.01286	0.01904	0.01660	0.01103	0.01660	0.00938	0.01137	0.00682	0.00552	0.00633	0.00176	0.08597	0.00404	0.00227	0.00773
26	0.01014	0.00954	0.01610	0.79845	0.03697	0.01193	0.01491	0.01371	0.01073	0.01371	0.00954	0.01431	0.00716	0.00537	0.00537	0.00179	0.00716	0.00477	0.00239	0.00596
27	0.01095	0.02662	0.72917	0.01499	0.02258	0.01253	0.01903	0.01781	0.06467	0.01738	0.01049	0.01195	0.00748	0.00525	0.00513	0.00171	0.00767	0.00411	0.00249	0.00797
28	0.01140	0.01141	0.01640	0.58780	0.13485	0.08826	0.01428	0.01463	0.01143	0.01421	0.01114	0.01509	0.03558	0.00561	0.00534	0.00172	0.00713	0.00488	0.00256	0.00628
29	0.00978	0.00906	0.01513	0.72067	0.03410	0.01118	0.01393	0.01310	0.01069	0.01371	0.01151	0.09234	0.00994	0.00649	0.00551	0.00183	0.00676	0.00580	0.00264	0.00581
30	0.00720	0.00547	0.00776	0.00998	0.08351	0.00519	0.00611	0.00836	0.01047	0.01408	0.02767	0.72972	0.03285	0.01563	0.00670	0.00212	0.00344	0.01423	0.00475	0.00477
31	0.00897	0.00784	0.01200	0.12662	0.10629	0.02851	0.06515	0.01105	0.01117	0.01473	0.02222	0.41686	0.02473	0.01223	0.00644	0.00204	0.00496	0.10868	0.00409	0.00543
32	0.01302	0.01367	0.16781	0.05164	0.05689	0.01037	0.22122	0.01669	0.01281	0.15192	0.10950	0.07047	0.01669	0.00718	0.00618	0.00180	0.02582	0.03526	0.00392	0.00713
33	0.01177	0.00982	0.01646	0.65298	0.08418	0.01162	0.03019	0.01520	0.01133	0.08955	0.01075	0.01464	0.00787	0.00544	0.00539	0.00176	0.00689	0.00487	0.00283	0.00647
34	0.02896	0.04648	0.25360	0.04357	0.27065	0.01250	0.14933	0.01724	0.01208	0.07261	0.01096	0.01325	0.00828	0.00503	0.00528	0.00165	0.00704	0.00476	0.02889	0.00786
35	0.04050	0.01368	0.04898	0.08537	0.39946	0.09908	0.04178	0.01742	0.01241	0.10013	0.01142	0.02527	0.00913	0.00625	0.02253	0.00179	0.03249	0.00484	0.01981	0.00766
36	0.01168	0.01093	0.01846	0.47039	0.16983	0.02852	0.10467	0.01509	0.01151	0.04319	0.01076	0.03608	0.00856	0.00548	0.00546	0.00172	0.00699	0.00520	0.00274	0.03272
37	0.01077	0.00790	0.01141	0.18982	0.12195	0.00787	0.00900	0.01299	0.01209	0.11797	0.05237	0.14161	0.23762	0.00966	0.00585	0.00177	0.00457	0.00840	0.00427	0.03212
38	0.12317	0.02733	0.20655	0.09748	0.09944	0.02044	0.08862	0.02867	0.02264	0.13179	0.03660	0.06998	0.01155	0.00631	0.00523	0.00172	0.00620	0.00545	0.00356	0.00726
39	0.05167	0.01222	0.07979	0.06261	0.08507	0.01046	0.18973	0.03996	0.01344	0.29649	0.01623	0.04275	0.03458	0.00616	0.00553	0.00169	0.00612	0.00574	0.00435	0.03540

[dist]
# distance from previous block
# <min> <max>
0	20

# created by:
# /home/cegg/simao/soft/augustus-3.2.1/scripts/msa2prfl.pl ./align_prep/EOG091G10SJ.fa
