[name]
unknown

[dist]
# distance from previous block
# <min> <max>
5	85

[block]
# block no. 0 follows, 49 sequences, length 13
# corresponding to MSA columns:
# 105-109,122-129
name=unknown_A
#
# <colnr> <probs for GDERKNQSTAVLIFYWHMCP>
#	G	D	E	R	K	N	Q	S	T	A	V	L	I	F	Y	W	H	M	C	P
0	0.00955	0.00899	0.01517	0.81013	0.03483	0.01123	0.01404	0.01292	0.01011	0.01292	0.00899	0.01348	0.00674	0.00506	0.00506	0.00169	0.00674	0.00449	0.00225	0.00562
1	0.00744	0.00573	0.00854	0.00841	0.00927	0.00683	0.00658	0.00920	0.00811	0.01176	0.01316	0.01938	0.01231	0.03631	0.75863	0.00780	0.05793	0.00536	0.00268	0.00457
2	0.00635	0.00497	0.00559	0.00577	0.00691	0.00444	0.00409	0.00753	0.01085	0.01370	0.12217	0.19430	0.44058	0.11466	0.03315	0.00236	0.00325	0.01065	0.00453	0.00415
3	0.00930	0.00632	0.00767	0.00748	0.00900	0.00623	0.00553	0.01323	0.15652	0.09655	0.22229	0.30724	0.10969	0.01145	0.00589	0.00179	0.00310	0.01008	0.00516	0.00549
4	0.00914	0.00549	0.00656	0.00615	0.00748	0.00518	0.00449	0.01124	0.03357	0.09214	0.30691	0.05962	0.10772	0.14506	0.00870	0.00209	0.00307	0.00782	0.17270	0.00486
5	0.01083	0.02091	0.53221	0.08787	0.02265	0.01149	0.12593	0.01624	0.03821	0.04723	0.01061	0.03453	0.00794	0.00519	0.00506	0.00164	0.00718	0.00455	0.00255	0.00718
6	0.00642	0.00504	0.00574	0.00576	0.00706	0.00443	0.00420	0.00794	0.01199	0.01546	0.27503	0.14035	0.43380	0.04567	0.00684	0.00185	0.00265	0.01052	0.00490	0.00435
7	0.01230	0.05693	0.05036	0.03742	0.01311	0.12338	0.03490	0.08720	0.11275	0.06153	0.15673	0.06480	0.08516	0.00797	0.00525	0.00158	0.00489	0.03721	0.04034	0.00617
8	0.01146	0.01018	0.06945	0.00861	0.01168	0.04005	0.00726	0.11625	0.05487	0.04592	0.10845	0.04845	0.01599	0.06194	0.03355	0.02380	0.00470	0.02968	0.05528	0.24242
9	0.11084	0.07786	0.12585	0.01297	0.11311	0.08135	0.04142	0.07804	0.03936	0.01747	0.03940	0.06760	0.03524	0.00708	0.02591	0.00168	0.03426	0.00501	0.03331	0.05222
10	0.03193	0.39684	0.04894	0.03086	0.08789	0.15956	0.03014	0.03947	0.03185	0.04837	0.00873	0.01000	0.00724	0.00482	0.00428	0.00129	0.02238	0.00342	0.00268	0.02930
11	0.07969	0.07474	0.05663	0.08457	0.11415	0.03709	0.05228	0.03257	0.07200	0.05703	0.03629	0.07555	0.03021	0.00725	0.02630	0.02365	0.00534	0.00519	0.00333	0.12613
12	0.07371	0.06741	0.04021	0.09157	0.12088	0.04723	0.02922	0.16202	0.04894	0.04215	0.01399	0.04637	0.06261	0.02013	0.00510	0.00151	0.00525	0.00496	0.00353	0.11320

[dist]
# distance from previous block
# <min> <max>
3	8

[block]
# block no. 1 follows, 49 sequences, length 29
# corresponding to MSA columns:
# 138-165,169
name=unknown_B
#
# <colnr> <probs for GDERKNQSTAVLIFYWHMCP>
#	G	D	E	R	K	N	Q	S	T	A	V	L	I	F	Y	W	H	M	C	P
0	0.01248	0.01155	0.02605	0.04248	0.09184	0.14225	0.01988	0.09908	0.04759	0.04019	0.04539	0.13303	0.02978	0.00848	0.02626	0.02895	0.03595	0.00601	0.05357	0.09919
1	0.00661	0.00487	0.00604	0.00664	0.00738	0.00454	0.00463	0.00798	0.02982	0.01386	0.11650	0.46603	0.18108	0.06070	0.00780	0.02773	0.00304	0.03592	0.00463	0.00421
2	0.01379	0.12142	0.17648	0.01810	0.24674	0.15045	0.04945	0.05130	0.07548	0.03501	0.01012	0.01166	0.00796	0.00496	0.00472	0.00146	0.00666	0.00409	0.00283	0.00732
3	0.04407	0.19252	0.16101	0.03597	0.05364	0.08478	0.04324	0.16136	0.05976	0.03007	0.00995	0.01104	0.00769	0.00500	0.00443	0.00138	0.00605	0.00382	0.00313	0.08109
4	0.01218	0.05102	0.05731	0.23552	0.09649	0.09511	0.04381	0.05197	0.05786	0.05423	0.05147	0.01512	0.02160	0.00858	0.07378	0.00216	0.05755	0.00481	0.00307	0.00635
5	0.01491	0.18208	0.03134	0.00961	0.01280	0.09403	0.02379	0.10686	0.05533	0.18049	0.12609	0.03416	0.05653	0.00700	0.00523	0.00149	0.02930	0.01790	0.00429	0.00676
6	0.00647	0.00477	0.00602	0.00663	0.00737	0.00438	0.00467	0.00776	0.01093	0.01451	0.18515	0.46347	0.16237	0.04646	0.00707	0.00203	0.00292	0.04796	0.00480	0.00425
7	0.05556	0.00849	0.01060	0.06444	0.02811	0.03763	0.02115	0.05690	0.07613	0.06859	0.01387	0.05675	0.01276	0.14896	0.23103	0.00403	0.09044	0.00572	0.00338	0.00547
8	0.05703	0.03375	0.07847	0.05521	0.18092	0.17663	0.08324	0.03693	0.05800	0.05879	0.01098	0.03362	0.00903	0.02300	0.02593	0.00179	0.04703	0.00463	0.01833	0.00670
9	0.03492	0.00936	0.03973	0.00946	0.03172	0.00857	0.00761	0.12586	0.05612	0.39368	0.05558	0.07260	0.03318	0.02585	0.02412	0.00181	0.00451	0.00592	0.05198	0.00743
10	0.00719	0.00522	0.00619	0.00600	0.00744	0.00461	0.00448	0.00896	0.01276	0.04731	0.38283	0.10562	0.35962	0.01168	0.00597	0.00168	0.00258	0.01006	0.00515	0.00465
11	0.00939	0.00855	0.01391	0.23220	0.22708	0.00912	0.04853	0.01206	0.02628	0.01432	0.01781	0.21210	0.07251	0.00899	0.01765	0.00186	0.02210	0.03642	0.00326	0.00585
12	0.04683	0.18874	0.18507	0.07013	0.06031	0.14429	0.06352	0.01709	0.04550	0.07821	0.01036	0.03515	0.00831	0.00534	0.00478	0.00147	0.02112	0.00417	0.00286	0.00675
13	0.01651	0.01078	0.01390	0.02816	0.22081	0.07015	0.00981	0.04215	0.08416	0.31776	0.03613	0.01771	0.04348	0.00631	0.00538	0.00157	0.02566	0.01951	0.02242	0.00762
14	0.00677	0.00523	0.00619	0.00605	0.00740	0.00472	0.00450	0.00891	0.03157	0.01725	0.43459	0.10238	0.32283	0.01161	0.00599	0.00167	0.00253	0.01004	0.00516	0.00461
15	0.02585	0.01459	0.17344	0.01612	0.07938	0.03992	0.27745	0.04651	0.03278	0.14597	0.03737	0.04642	0.01076	0.00583	0.00567	0.01929	0.00663	0.00546	0.00343	0.00711
16	0.01099	0.03637	0.08253	0.21153	0.15737	0.01179	0.25312	0.01538	0.06818	0.01534	0.01100	0.03266	0.00885	0.00706	0.05390	0.00204	0.00732	0.00523	0.00268	0.00666
17	0.01025	0.00640	0.00799	0.00773	0.00924	0.02206	0.00583	0.02580	0.04726	0.15049	0.15768	0.27096	0.06972	0.03510	0.10525	0.00267	0.00474	0.05066	0.00481	0.00536
18	0.00976	0.00912	0.01286	0.01140	0.01166	0.01230	0.00930	0.01102	0.00784	0.01193	0.00910	0.01469	0.00895	0.05630	0.24648	0.00407	0.54084	0.00486	0.00240	0.00512
19	0.85801	0.00978	0.00743	0.00665	0.00978	0.01134	0.00548	0.01486	0.00861	0.02269	0.00704	0.00821	0.00548	0.00469	0.00313	0.00156	0.00391	0.00274	0.00313	0.00548
20	0.03270	0.61436	0.09644	0.00944	0.01383	0.01744	0.02945	0.01570	0.04119	0.03545	0.04654	0.01064	0.00904	0.00483	0.00372	0.00122	0.00541	0.00339	0.00259	0.00660
21	0.00728	0.00515	0.00675	0.00672	0.00720	0.00552	0.00461	0.00824	0.00816	0.01136	0.06649	0.02758	0.01781	0.42234	0.36663	0.00610	0.00854	0.00662	0.00307	0.00382
22	0.85801	0.00978	0.00743	0.00665	0.00978	0.01134	0.00548	0.01486	0.00861	0.02269	0.00704	0.00821	0.00548	0.00469	0.00313	0.00156	0.00391	0.00274	0.00313	0.00548
23	0.00997	0.00644	0.00818	0.03132	0.00980	0.00637	0.00587	0.04011	0.06306	0.12747	0.25231	0.25268	0.10124	0.02758	0.00661	0.00182	0.02920	0.00947	0.00503	0.00545
24	0.26651	0.00933	0.01071	0.00849	0.01218	0.00914	0.00701	0.07330	0.01340	0.51640	0.01564	0.01423	0.01019	0.00579	0.00451	0.00156	0.00428	0.00436	0.00526	0.00769
25	0.01606	0.00770	0.00962	0.00805	0.01076	0.00725	0.00639	0.09428	0.03688	0.38526	0.09045	0.12186	0.03579	0.00794	0.00512	0.00157	0.00373	0.00667	0.13765	0.00696
26	0.00789	0.00557	0.00612	0.00612	0.00746	0.00540	0.00454	0.01081	0.08969	0.01620	0.12069	0.10635	0.25893	0.07473	0.00695	0.00188	0.00297	0.04809	0.21487	0.00473
27	0.02857	0.01259	0.07783	0.09996	0.21432	0.03256	0.08451	0.15523	0.06250	0.05476	0.01401	0.06775	0.04352	0.00630	0.00544	0.00162	0.02230	0.00555	0.00351	0.00717
28	0.03309	0.03348	0.01156	0.04550	0.01274	0.04577	0.06148	0.06483	0.04031	0.12559	0.05524	0.12595	0.15448	0.02906	0.02642	0.00186	0.04931	0.00715	0.00416	0.07202

[dist]
# distance from previous block
# <min> <max>
2	16

[block]
# block no. 2 follows, 49 sequences, length 28
# corresponding to MSA columns:
# 186-213
name=unknown_C
#
# <colnr> <probs for GDERKNQSTAVLIFYWHMCP>
#	G	D	E	R	K	N	Q	S	T	A	V	L	I	F	Y	W	H	M	C	P
0	0.01091	0.00631	0.00800	0.00709	0.00906	0.00582	0.00548	0.01382	0.06416	0.19673	0.46231	0.04632	0.12451	0.00956	0.00572	0.00161	0.00296	0.00826	0.00558	0.00579
1	0.01187	0.01141	0.01949	0.09931	0.65540	0.01154	0.03868	0.01485	0.01140	0.01603	0.01179	0.01463	0.05095	0.00501	0.00509	0.00154	0.00596	0.00489	0.00260	0.00755
2	0.00726	0.00540	0.00798	0.00800	0.00890	0.00618	0.00621	0.00905	0.00853	0.01222	0.05208	0.02252	0.01515	0.06101	0.70920	0.00749	0.01240	0.03301	0.00293	0.00449
3	0.00787	0.00485	0.00568	0.00600	0.00685	0.00475	0.00433	0.00952	0.01029	0.01560	0.08115	0.20351	0.06628	0.11211	0.04668	0.00232	0.00354	0.06536	0.33897	0.00434
4	0.01891	0.02334	0.01439	0.01292	0.01564	0.74190	0.00976	0.07779	0.01505	0.01387	0.00815	0.00935	0.00667	0.00528	0.00460	0.00132	0.00885	0.00336	0.00279	0.00607
5	0.01480	0.05505	0.17390	0.01093	0.05260	0.06959	0.00986	0.01763	0.01215	0.24853	0.02834	0.01373	0.02538	0.00521	0.00455	0.00130	0.00523	0.00413	0.00378	0.24330
6	0.00975	0.00868	0.02355	0.07850	0.06947	0.02046	0.03277	0.02373	0.04733	0.02669	0.04528	0.07696	0.01329	0.01746	0.24733	0.03318	0.19977	0.01736	0.00302	0.00544
7	0.01253	0.01107	0.01284	0.01113	0.01416	0.01259	0.06642	0.02605	0.72279	0.02077	0.01979	0.01847	0.01484	0.00666	0.00521	0.00171	0.00435	0.00574	0.00495	0.00791
8	0.18235	0.07307	0.01575	0.34863	0.18002	0.05325	0.02352	0.01441	0.01027	0.01554	0.00843	0.01151	0.00672	0.00494	0.00488	0.00158	0.03249	0.00396	0.00249	0.00617
9	0.00674	0.00525	0.00617	0.00624	0.00758	0.00475	0.00469	0.00877	0.03325	0.01610	0.29376	0.14951	0.36051	0.01231	0.00609	0.00176	0.00274	0.06424	0.00500	0.00455
10	0.04947	0.00656	0.00817	0.00707	0.00918	0.00600	0.00538	0.01495	0.01233	0.31157	0.19328	0.06387	0.09255	0.14038	0.00860	0.00213	0.00363	0.00717	0.05180	0.00590
11	0.00654	0.00498	0.00583	0.00628	0.00718	0.00460	0.00441	0.00783	0.02466	0.01320	0.05888	0.32449	0.30792	0.13495	0.02643	0.00248	0.00341	0.04736	0.00444	0.00414
12	0.00638	0.00487	0.00583	0.00621	0.00722	0.00437	0.00444	0.00775	0.01134	0.01476	0.20189	0.33261	0.30994	0.03405	0.00668	0.00191	0.00277	0.02784	0.00484	0.00430
13	0.01041	0.01006	0.01783	0.54016	0.17423	0.01142	0.11391	0.01381	0.01063	0.01418	0.00944	0.01346	0.00726	0.00487	0.00513	0.00164	0.00673	0.00470	0.02394	0.00620
14	0.01201	0.00640	0.00757	0.00674	0.00866	0.00620	0.00519	0.03765	0.07040	0.18454	0.19297	0.04880	0.04253	0.03593	0.00551	0.00158	0.00311	0.00642	0.31195	0.00583
15	0.00958	0.00873	0.01394	0.62456	0.02926	0.01049	0.01242	0.03047	0.01039	0.01363	0.01103	0.07733	0.00964	0.00627	0.00557	0.00169	0.03551	0.02982	0.00263	0.05704
16	0.01087	0.01059	0.01640	0.27213	0.17716	0.01342	0.01292	0.01309	0.00926	0.01329	0.00797	0.01213	0.00695	0.00676	0.01056	0.00190	0.39179	0.00446	0.00228	0.00606
17	0.45000	0.09814	0.14176	0.05874	0.01440	0.01264	0.00911	0.08254	0.01076	0.04981	0.00843	0.00970	0.00639	0.00498	0.00411	0.00154	0.02427	0.00330	0.00308	0.00632
18	0.03594	0.00889	0.01035	0.00826	0.01129	0.03165	0.00652	0.06749	0.01155	0.16591	0.01262	0.01544	0.01028	0.09022	0.08389	0.00223	0.05205	0.00435	0.04841	0.32266
19	0.00995	0.00957	0.01460	0.01242	0.01322	0.01227	0.08832	0.01160	0.00864	0.01291	0.04752	0.03886	0.01092	0.01522	0.19202	0.00346	0.48522	0.00534	0.00260	0.00536
20	0.01105	0.01088	0.01720	0.26448	0.26143	0.05047	0.10901	0.01456	0.04786	0.01504	0.01309	0.05539	0.04431	0.00595	0.00525	0.00162	0.00619	0.02606	0.00284	0.03732
21	0.00672	0.00484	0.00584	0.00636	0.00684	0.00460	0.00417	0.00771	0.02386	0.01254	0.06409	0.39948	0.12568	0.27810	0.01264	0.00291	0.00355	0.02195	0.00421	0.00390
22	0.00721	0.00512	0.00644	0.00669	0.00770	0.00475	0.00479	0.00916	0.03667	0.04028	0.30424	0.37663	0.14568	0.01284	0.00612	0.00181	0.00276	0.01139	0.00507	0.00464
23	0.02467	0.00858	0.01193	0.04570	0.02491	0.00887	0.08999	0.07378	0.18144	0.12488	0.01782	0.13628	0.03897	0.00952	0.00774	0.14097	0.00460	0.00664	0.03662	0.00609
24	0.01751	0.01340	0.01459	0.01240	0.05662	0.03940	0.00958	0.51226	0.16401	0.06164	0.01362	0.01352	0.00990	0.00620	0.00542	0.00157	0.03051	0.00475	0.00482	0.00827
25	0.01726	0.00916	0.01094	0.00888	0.01211	0.00908	0.00717	0.15078	0.13959	0.37392	0.06179	0.02031	0.07553	0.00703	0.00509	0.00156	0.00408	0.00572	0.07236	0.00765
26	0.00623	0.00456	0.00587	0.00676	0.00730	0.00419	0.00460	0.00730	0.01033	0.01369	0.10273	0.65760	0.12026	0.01498	0.00635	0.00197	0.00284	0.01346	0.00478	0.00419
27	0.01081	0.00927	0.01063	0.00792	0.01216	0.00763	0.00630	0.01489	0.12842	0.01719	0.01076	0.01177	0.00871	0.00422	0.00396	0.00090	0.00378	0.00341	0.00332	0.72393

[dist]
# distance from previous block
# <min> <max>
0	1

[block]
# block no. 3 follows, 49 sequences, length 6
# corresponding to MSA columns:
# 215-220
name=unknown_D
#
# <colnr> <probs for GDERKNQSTAVLIFYWHMCP>
#	G	D	E	R	K	N	Q	S	T	A	V	L	I	F	Y	W	H	M	C	P
0	0.00757	0.00559	0.00710	0.00824	0.06562	0.00553	0.00498	0.00883	0.04064	0.01217	0.02171	0.26467	0.06627	0.40348	0.01560	0.00337	0.00422	0.04658	0.00376	0.00409
1	0.00651	0.00506	0.00594	0.00610	0.00738	0.00450	0.00455	0.00812	0.01206	0.01562	0.26617	0.17392	0.39018	0.01265	0.00612	0.00177	0.00271	0.06127	0.00495	0.00442
2	0.01342	0.01315	0.01530	0.07195	0.16266	0.13270	0.07159	0.07353	0.31257	0.01836	0.01576	0.01633	0.04786	0.00606	0.00512	0.00159	0.00576	0.00520	0.00382	0.00728
3	0.01273	0.11816	0.07218	0.03998	0.08970	0.01264	0.08430	0.17451	0.03848	0.03476	0.06276	0.03158	0.01235	0.02266	0.05197	0.00203	0.07853	0.03133	0.02261	0.00672
4	0.00797	0.00525	0.00641	0.00641	0.00776	0.00465	0.00469	0.00947	0.01193	0.09178	0.22372	0.28349	0.29262	0.01250	0.00604	0.00177	0.00281	0.01090	0.00506	0.00477
5	0.31364	0.07091	0.22380	0.04542	0.04684	0.04231	0.01071	0.01551	0.00999	0.06585	0.00867	0.01030	0.00665	0.00539	0.00527	0.02141	0.06179	0.00348	0.00282	0.02924

[dist]
# distance from previous block
# <min> <max>
0	5

[block]
# block no. 4 follows, 49 sequences, length 23
# corresponding to MSA columns:
# 229-251
name=unknown_E
#
# <colnr> <probs for GDERKNQSTAVLIFYWHMCP>
#	G	D	E	R	K	N	Q	S	T	A	V	L	I	F	Y	W	H	M	C	P
0	0.13769	0.10246	0.04243	0.11613	0.21504	0.10446	0.05524	0.01639	0.07605	0.01615	0.00943	0.01155	0.00762	0.00504	0.00505	0.00151	0.04277	0.00402	0.00275	0.02822
1	0.00940	0.03738	0.05652	0.14078	0.12297	0.03278	0.02490	0.01271	0.07083	0.01505	0.10149	0.12153	0.09973	0.02960	0.07466	0.00229	0.01547	0.00703	0.01917	0.00571
2	0.01225	0.07986	0.01541	0.08504	0.09613	0.02705	0.07840	0.07868	0.05918	0.05547	0.01262	0.05524	0.02970	0.02943	0.00591	0.00149	0.04546	0.00492	0.00332	0.22446
3	0.01005	0.00551	0.00681	0.00633	0.00788	0.00508	0.00480	0.01216	0.01275	0.13976	0.34957	0.10374	0.06836	0.00913	0.00521	0.00152	0.00274	0.00787	0.23545	0.00527
4	0.01176	0.01049	0.03510	0.09187	0.07617	0.06704	0.05436	0.05667	0.16803	0.06318	0.06691	0.03758	0.05863	0.14262	0.00891	0.00219	0.02069	0.01775	0.00386	0.00617
5	0.00694	0.00501	0.00614	0.00645	0.00715	0.00482	0.00440	0.00848	0.03544	0.01416	0.18157	0.32335	0.11321	0.19381	0.04397	0.00278	0.00369	0.01047	0.02399	0.00419
6	0.01318	0.02741	0.01616	0.30143	0.12964	0.22909	0.03695	0.03112	0.05493	0.01412	0.00922	0.01209	0.00740	0.00550	0.00612	0.00160	0.09095	0.00424	0.00260	0.00625
7	0.01028	0.00825	0.00878	0.00809	0.01029	0.00890	0.00621	0.05899	0.37761	0.01914	0.07793	0.07677	0.20161	0.00892	0.00530	0.00166	0.00340	0.00749	0.09402	0.00635
8	0.00626	0.00458	0.00591	0.00694	0.00747	0.00424	0.00480	0.00728	0.01004	0.01315	0.03082	0.67143	0.13089	0.01533	0.00643	0.00203	0.00299	0.06056	0.00469	0.00416
9	0.00915	0.00822	0.01201	0.04633	0.03894	0.01066	0.00901	0.01077	0.00817	0.01214	0.01025	0.01557	0.00965	0.02289	0.40361	0.00509	0.35504	0.00492	0.00247	0.00512
10	0.00806	0.00619	0.00722	0.00689	0.00838	0.00612	0.00514	0.02955	0.13679	0.01833	0.38618	0.11820	0.17353	0.03603	0.00642	0.00177	0.00289	0.00914	0.02800	0.00516
11	0.68716	0.00978	0.00838	0.00725	0.01050	0.01098	0.00596	0.03624	0.04373	0.12644	0.00950	0.00999	0.00694	0.00503	0.00353	0.00157	0.00401	0.00323	0.00369	0.00609
12	0.31562	0.00902	0.01023	0.00817	0.01181	0.00880	0.00675	0.02121	0.01242	0.52368	0.01542	0.01406	0.01005	0.00571	0.00440	0.00156	0.00417	0.00426	0.00516	0.00751
13	0.01310	0.01112	0.01173	0.01040	0.01335	0.01282	0.00813	0.08607	0.72155	0.02200	0.01991	0.01833	0.01489	0.00680	0.00514	0.00170	0.00413	0.00562	0.00514	0.00805
14	0.00642	0.00501	0.00590	0.00649	0.00764	0.00449	0.00488	0.00776	0.01095	0.01368	0.03932	0.29963	0.40932	0.01400	0.00631	0.00193	0.00305	0.14424	0.00469	0.00429
15	0.01006	0.00941	0.01605	0.30780	0.27495	0.01008	0.07204	0.01297	0.01103	0.01491	0.05999	0.09640	0.03763	0.00680	0.00541	0.00169	0.00579	0.03780	0.00297	0.00621
16	0.01397	0.01238	0.01768	0.03000	0.08267	0.03660	0.15085	0.16078	0.12019	0.06330	0.01137	0.01329	0.00888	0.00651	0.00864	0.00178	0.24558	0.00493	0.00349	0.00709
17	0.01124	0.00575	0.00608	0.00559	0.00721	0.00578	0.00431	0.07156	0.01193	0.08168	0.01644	0.01820	0.01259	0.00593	0.00378	0.00124	0.00276	0.00473	0.71789	0.00532
18	0.01030	0.01069	0.04236	0.01182	0.01401	0.10076	0.21764	0.02871	0.01021	0.01312	0.01365	0.09184	0.01383	0.27881	0.09514	0.00342	0.02907	0.00665	0.00297	0.00502
19	0.01189	0.01127	0.01794	0.02548	0.58807	0.03574	0.03223	0.03642	0.01194	0.01656	0.04066	0.07383	0.03563	0.00619	0.00526	0.00158	0.00565	0.03336	0.00299	0.00730
20	0.00740	0.00489	0.00559	0.00558	0.00562	0.00488	0.00317	0.00740	0.00756	0.01013	0.04203	0.03264	0.01905	0.76688	0.02486	0.03399	0.00480	0.00731	0.00312	0.00309
21	0.00652	0.00478	0.00580	0.00640	0.00730	0.00428	0.00447	0.00766	0.01070	0.03065	0.08409	0.49465	0.28580	0.01427	0.00623	0.00190	0.00280	0.01260	0.00478	0.00430
22	0.00884	0.00868	0.03569	0.06234	0.17957	0.00796	0.13011	0.01132	0.01160	0.01549	0.12924	0.13919	0.22097	0.00907	0.00574	0.00169	0.00467	0.00835	0.00379	0.00569

[dist]
# distance from previous block
# <min> <max>
0	27

[block]
# block no. 5 follows, 49 sequences, length 17
# corresponding to MSA columns:
# 279-281,284-297
name=unknown_F
#
# <colnr> <probs for GDERKNQSTAVLIFYWHMCP>
#	G	D	E	R	K	N	Q	S	T	A	V	L	I	F	Y	W	H	M	C	P
0	0.01218	0.04877	0.07149	0.14311	0.35381	0.04593	0.15939	0.01546	0.01148	0.03512	0.03338	0.01328	0.00882	0.00489	0.00533	0.00157	0.02151	0.00476	0.00262	0.00709
1	0.00821	0.00682	0.00990	0.04429	0.01084	0.00851	0.00748	0.00978	0.00806	0.01173	0.01197	0.01865	0.01148	0.09340	0.52549	0.00624	0.19456	0.00531	0.00260	0.00468
2	0.03137	0.14301	0.02428	0.01646	0.02058	0.16517	0.41691	0.03894	0.01215	0.01511	0.00922	0.01183	0.00735	0.00566	0.02852	0.00173	0.03790	0.00475	0.00258	0.00649
3	0.01083	0.01154	0.07960	0.30812	0.14886	0.01107	0.18025	0.01495	0.05425	0.03150	0.01235	0.03762	0.03264	0.00547	0.00524	0.00164	0.00646	0.00532	0.03578	0.00649
4	0.01309	0.02665	0.11073	0.16677	0.21069	0.03285	0.14963	0.06989	0.02848	0.09590	0.03825	0.01399	0.00951	0.00516	0.00517	0.00159	0.00647	0.00486	0.00314	0.00719
5	0.01105	0.01196	0.09948	0.01820	0.22548	0.01044	0.20698	0.01525	0.07855	0.03401	0.05673	0.01712	0.01214	0.06654	0.09303	0.00254	0.00704	0.00549	0.02130	0.00668
6	0.00648	0.00466	0.00613	0.00703	0.00752	0.00442	0.00489	0.00757	0.01004	0.01339	0.07885	0.59594	0.06905	0.06225	0.03759	0.00242	0.00352	0.06951	0.00458	0.00416
7	0.01103	0.14107	0.15592	0.04588	0.01502	0.09864	0.05563	0.01356	0.01089	0.03033	0.04346	0.11182	0.03529	0.03446	0.03643	0.00195	0.05190	0.05763	0.00308	0.04601
8	0.01198	0.04554	0.18330	0.15876	0.19334	0.03292	0.04421	0.05597	0.02629	0.07256	0.01441	0.04108	0.06743	0.00612	0.00511	0.00160	0.00605	0.02333	0.00311	0.00689
9	0.00836	0.00583	0.00757	0.00826	0.03032	0.00572	0.00601	0.01080	0.06861	0.05661	0.09420	0.30599	0.08541	0.08293	0.03048	0.00240	0.00395	0.17706	0.00463	0.00487
10	0.00793	0.00481	0.00652	0.00683	0.00747	0.00461	0.00485	0.00835	0.00973	0.04052	0.12275	0.30066	0.06546	0.01552	0.04502	0.25108	0.00384	0.04559	0.04457	0.00388
11	0.12730	0.01221	0.01395	0.05470	0.13669	0.13903	0.07083	0.09624	0.01291	0.06400	0.04942	0.09481	0.01265	0.00655	0.00493	0.00154	0.00564	0.02594	0.00355	0.06711
12	0.04974	0.02615	0.08081	0.11308	0.19713	0.16864	0.08945	0.04610	0.03125	0.01569	0.01197	0.05324	0.03083	0.00609	0.00542	0.00160	0.03062	0.03277	0.00290	0.00653
13	0.00887	0.00560	0.00712	0.00701	0.00824	0.00558	0.02279	0.01076	0.01055	0.04625	0.04167	0.21732	0.05394	0.01119	0.04558	0.00195	0.03923	0.08481	0.33694	0.03459
14	0.01259	0.01271	0.07109	0.10574	0.32613	0.05801	0.02572	0.05957	0.13524	0.03631	0.06269	0.01499	0.01158	0.00548	0.00503	0.00153	0.00570	0.00486	0.00333	0.04169
15	0.05753	0.07455	0.01371	0.04079	0.01459	0.18976	0.00866	0.18522	0.24956	0.02035	0.04698	0.01412	0.01150	0.00596	0.00472	0.00147	0.00561	0.00452	0.00404	0.04635
16	0.01300	0.18192	0.28107	0.01221	0.03567	0.04715	0.06398	0.04980	0.03322	0.11194	0.04679	0.03816	0.03101	0.00599	0.00480	0.00152	0.00603	0.02544	0.00328	0.00700

[dist]
# distance from previous block
# <min> <max>
0	1

[block]
# block no. 6 follows, 49 sequences, length 6
# corresponding to MSA columns:
# 299-304
name=unknown_G
#
# <colnr> <probs for GDERKNQSTAVLIFYWHMCP>
#	G	D	E	R	K	N	Q	S	T	A	V	L	I	F	Y	W	H	M	C	P
0	0.03547	0.07706	0.48164	0.04252	0.01946	0.01124	0.07888	0.01536	0.01106	0.06084	0.05965	0.06220	0.01110	0.00584	0.00494	0.00160	0.00651	0.00492	0.00282	0.00691
1	0.01027	0.00943	0.01491	0.41103	0.20777	0.01089	0.01252	0.01386	0.05754	0.01461	0.01319	0.01718	0.05761	0.00608	0.00587	0.00168	0.06012	0.02750	0.04176	0.00617
2	0.01233	0.04812	0.19763	0.09275	0.15510	0.10435	0.13694	0.03788	0.01200	0.04266	0.04679	0.03785	0.02553	0.00563	0.00534	0.00158	0.02286	0.00500	0.00285	0.00680
3	0.01239	0.05307	0.17499	0.07097	0.20353	0.02955	0.05030	0.03898	0.04017	0.10185	0.01458	0.03386	0.05863	0.02665	0.01862	0.00177	0.02048	0.01898	0.02369	0.00695
4	0.00873	0.00602	0.00848	0.00812	0.00967	0.00556	0.05712	0.01047	0.01152	0.08889	0.11809	0.21130	0.18902	0.06368	0.00748	0.00210	0.00382	0.18033	0.00469	0.00489
5	0.01020	0.01277	0.16810	0.15423	0.20011	0.01018	0.10817	0.03331	0.01135	0.01561	0.04687	0.07259	0.06873	0.03253	0.00603	0.00177	0.00603	0.03200	0.00299	0.00642

[dist]
# distance from previous block
# <min> <max>
0	1

[block]
# block no. 7 follows, 49 sequences, length 8
# corresponding to MSA columns:
# 306-313
name=unknown_H
#
# <colnr> <probs for GDERKNQSTAVLIFYWHMCP>
#	G	D	E	R	K	N	Q	S	T	A	V	L	I	F	Y	W	H	M	C	P
0	0.01279	0.05025	0.27292	0.05785	0.23210	0.02951	0.05713	0.09118	0.01279	0.07103	0.05578	0.01353	0.01000	0.00524	0.00498	0.00154	0.00634	0.00455	0.00305	0.00745
1	0.01429	0.03766	0.08345	0.06269	0.06723	0.00981	0.00919	0.18126	0.01447	0.19717	0.05880	0.06995	0.06631	0.05443	0.00647	0.00182	0.00493	0.04870	0.00446	0.00689
2	0.00701	0.00534	0.00639	0.00653	0.00768	0.00502	0.00479	0.00928	0.05600	0.01584	0.27302	0.20996	0.23962	0.07143	0.00754	0.00202	0.00298	0.06013	0.00487	0.00455
3	0.01050	0.00832	0.04207	0.01154	0.08978	0.00781	0.02859	0.04531	0.09889	0.08042	0.02251	0.16236	0.04626	0.04521	0.00690	0.00208	0.00461	0.27655	0.00443	0.00586
4	0.04358	0.12872	0.15075	0.05301	0.16256	0.06981	0.03479	0.14484	0.08955	0.04997	0.01230	0.01405	0.00967	0.00617	0.00533	0.00176	0.00657	0.00465	0.00376	0.00817
5	0.01099	0.00749	0.00936	0.00878	0.01036	0.00720	0.04991	0.06911	0.03527	0.04925	0.05476	0.23625	0.06644	0.09285	0.00809	0.00229	0.00424	0.06950	0.20205	0.00582
6	0.04658	0.10501	0.05998	0.05833	0.06516	0.08737	0.04294	0.12931	0.12801	0.04003	0.01354	0.01598	0.01099	0.03503	0.03915	0.00216	0.04000	0.00496	0.06798	0.00749
7	0.03552	0.04109	0.01258	0.03894	0.11968	0.03971	0.02705	0.05344	0.03718	0.07081	0.03576	0.24210	0.05156	0.02186	0.00616	0.00192	0.00488	0.02302	0.04565	0.09109

[dist]
# distance from previous block
# <min> <max>
0	89

# created by:
# /home/cegg/simao/soft/augustus-3.2.1/scripts/msa2prfl.pl ./align_prep/EOG091G0SGT.fa
