[name]
unknown

[dist]
# distance from previous block
# <min> <max>
0	6

[block]
# block no. 0 follows, 42 sequences, length 15
# corresponding to MSA columns:
# 6-20
name=unknown_A
#
# <colnr> <probs for GDERKNQSTAVLIFYWHMCP>
#	G	D	E	R	K	N	Q	S	T	A	V	L	I	F	Y	W	H	M	C	P
0	0.01241	0.00899	0.01119	0.01106	0.01323	0.00945	0.00951	0.21128	0.01661	0.02189	0.02538	0.04994	0.02620	0.01316	0.00719	0.00235	0.00546	0.53301	0.00530	0.00637
1	0.04464	0.00913	0.01143	0.00919	0.01235	0.00858	0.00714	0.09568	0.01482	0.46747	0.01967	0.02307	0.01502	0.22238	0.01182	0.00274	0.00510	0.00620	0.00576	0.00780
2	0.01775	0.01305	0.01435	0.01136	0.01500	0.01416	0.00924	0.54845	0.02361	0.03197	0.21691	0.02124	0.02137	0.00804	0.00590	0.00171	0.00523	0.00645	0.00578	0.00842
3	0.01258	0.22559	0.01650	0.00869	0.01364	0.01150	0.00747	0.01490	0.01161	0.01696	0.00941	0.01095	0.00803	0.00434	0.00402	0.00093	0.00467	0.00325	0.00308	0.61188
4	0.01344	0.01456	0.01663	0.57891	0.03297	0.22037	0.01434	0.01657	0.01253	0.01421	0.00965	0.01369	0.00743	0.00567	0.00548	0.00176	0.00822	0.00463	0.00261	0.00633
5	0.01767	0.01172	0.01316	0.01119	0.01480	0.01274	0.00889	0.08943	0.49500	0.22708	0.02193	0.01987	0.01566	0.00738	0.00570	0.00184	0.00469	0.00606	0.00605	0.00914
6	0.01018	0.00926	0.01541	0.50564	0.06268	0.01068	0.04875	0.01367	0.01269	0.01696	0.21445	0.02229	0.01997	0.00715	0.00595	0.00184	0.00625	0.00648	0.00353	0.00618
7	0.01196	0.01099	0.01651	0.48260	0.12444	0.01302	0.01402	0.01895	0.21351	0.01737	0.01357	0.01649	0.01030	0.00609	0.00565	0.00186	0.00657	0.00537	0.00341	0.00731
8	0.00869	0.00587	0.00711	0.00685	0.00844	0.00525	0.00511	0.01074	0.01421	0.06879	0.37965	0.12813	0.26859	0.01253	0.00652	0.00185	0.00292	0.01084	0.04258	0.00533
9	0.00886	0.00723	0.01093	0.01497	0.21369	0.00701	0.00837	0.01041	0.01116	0.01524	0.02464	0.53794	0.02849	0.06366	0.00810	0.00232	0.00433	0.01253	0.00445	0.00567
10	0.01346	0.01345	0.02264	0.06019	0.22674	0.02900	0.21604	0.06411	0.01260	0.01764	0.01098	0.04864	0.00960	0.00697	0.00943	0.00198	0.22016	0.00590	0.00300	0.00748
11	0.05083	0.14581	0.62461	0.01466	0.02222	0.01444	0.01841	0.01762	0.01171	0.01748	0.00965	0.01132	0.00709	0.00526	0.00500	0.00169	0.00778	0.00393	0.00243	0.00805
12	0.00735	0.00538	0.00691	0.00727	0.00822	0.00493	0.00517	0.00916	0.01338	0.01827	0.37539	0.37205	0.11677	0.01444	0.00688	0.00201	0.00294	0.01288	0.00568	0.00493
13	0.01149	0.01087	0.01732	0.27645	0.25817	0.04155	0.04610	0.01459	0.01142	0.01542	0.01157	0.01641	0.00976	0.01531	0.21544	0.00374	0.00949	0.00530	0.00276	0.00682
14	0.01128	0.00845	0.00990	0.00881	0.01136	0.00809	0.00662	0.05192	0.15984	0.05858	0.11613	0.23314	0.03946	0.04904	0.00701	0.00190	0.00396	0.00885	0.00503	0.20065

[dist]
# distance from previous block
# <min> <max>
3	11

[block]
# block no. 1 follows, 42 sequences, length 71
# corresponding to MSA columns:
# 32-89,96-108
name=unknown_B
#
# <colnr> <probs for GDERKNQSTAVLIFYWHMCP>
#	G	D	E	R	K	N	Q	S	T	A	V	L	I	F	Y	W	H	M	C	P
0	0.01872	0.05269	0.05565	0.03704	0.09630	0.46008	0.04281	0.11764	0.01623	0.01746	0.00993	0.01200	0.00810	0.02443	0.00579	0.00164	0.00880	0.00423	0.00321	0.00726
1	0.01136	0.01008	0.01443	0.05656	0.26965	0.03121	0.02688	0.04520	0.06496	0.01874	0.16020	0.13005	0.07418	0.05262	0.00736	0.00202	0.00515	0.00822	0.00428	0.00685
2	0.01049	0.00525	0.00525	0.00525	0.00656	0.00525	0.00393	0.01311	0.01180	0.02098	0.01836	0.02098	0.01442	0.00656	0.00393	0.00131	0.00262	0.00525	0.83346	0.00525
3	0.00817	0.00549	0.00632	0.00632	0.00639	0.00556	0.00364	0.00830	0.00824	0.01105	0.01756	0.03589	0.02005	0.75393	0.07638	0.00568	0.00607	0.00805	0.00338	0.00351
4	0.01149	0.07171	0.73227	0.01569	0.02381	0.01357	0.02018	0.01777	0.01186	0.01757	0.00997	0.01172	0.00713	0.00532	0.00525	0.00175	0.00819	0.00410	0.00238	0.00826
5	0.01049	0.00525	0.00525	0.00525	0.00656	0.00525	0.00393	0.01311	0.01180	0.02098	0.01836	0.02098	0.01442	0.00656	0.00393	0.00131	0.00262	0.00525	0.83346	0.00525
6	0.74520	0.02861	0.00953	0.02449	0.01204	0.03108	0.00672	0.05413	0.01067	0.02501	0.00819	0.00951	0.00635	0.00532	0.00368	0.00172	0.00469	0.00320	0.00353	0.00631
7	0.06300	0.01067	0.01285	0.01041	0.01433	0.01064	0.00843	0.07702	0.22109	0.45735	0.03931	0.01933	0.01509	0.00716	0.00559	0.00178	0.00472	0.00579	0.00633	0.00911
8	0.01090	0.00991	0.01326	0.01158	0.01182	0.01283	0.00906	0.01179	0.00863	0.01291	0.01096	0.02045	0.01179	0.27360	0.02114	0.00338	0.49051	0.00593	0.00282	0.04673
9	0.02129	0.02491	0.01587	0.01412	0.01724	0.67077	0.01072	0.08612	0.01687	0.05721	0.00986	0.01094	0.00782	0.00595	0.00515	0.00149	0.00951	0.00386	0.00336	0.00696
10	0.01167	0.01000	0.01167	0.00834	0.01334	0.00750	0.00667	0.01417	0.01167	0.01834	0.01000	0.01167	0.00834	0.00417	0.00417	0.00083	0.00417	0.00333	0.00333	0.83663
11	0.01328	0.01518	0.03321	0.02372	0.02941	0.01423	0.74668	0.01803	0.01328	0.01803	0.01139	0.01518	0.00854	0.00474	0.00664	0.00190	0.00949	0.00664	0.00285	0.00759
12	0.00978	0.00489	0.00733	0.00733	0.00733	0.00489	0.00489	0.00733	0.00733	0.00978	0.00978	0.01711	0.00978	0.01955	0.02199	0.83627	0.00489	0.00489	0.00244	0.00244
13	0.01256	0.00677	0.00899	0.00786	0.00999	0.00610	0.00610	0.01509	0.01598	0.22148	0.56697	0.03596	0.04269	0.01030	0.00638	0.00176	0.00322	0.00898	0.00640	0.00644
14	0.02139	0.01576	0.01689	0.01295	0.01745	0.01745	0.01070	0.74835	0.02646	0.03547	0.01351	0.01351	0.00957	0.00676	0.00563	0.00169	0.00619	0.00507	0.00563	0.00957
15	0.00796	0.00575	0.00752	0.00708	0.00841	0.00531	0.00531	0.01062	0.01593	0.02257	0.76415	0.04204	0.05310	0.01150	0.00664	0.00177	0.00265	0.01018	0.00619	0.00531
16	0.01532	0.01293	0.01461	0.01240	0.01596	0.01465	0.04971	0.16132	0.58187	0.02543	0.02055	0.01930	0.01531	0.00731	0.00576	0.00187	0.00505	0.00614	0.00555	0.00896
17	0.00804	0.00603	0.00904	0.00904	0.01005	0.00703	0.00703	0.01005	0.00904	0.01306	0.01507	0.02211	0.01407	0.04221	0.77992	0.00904	0.01507	0.00603	0.00301	0.00502
18	0.84197	0.01088	0.00827	0.00740	0.01088	0.01262	0.00609	0.01654	0.00958	0.02525	0.00784	0.00914	0.00609	0.00522	0.00348	0.00174	0.00435	0.00305	0.00348	0.00609
19	0.00704	0.00599	0.00610	0.00602	0.00796	0.00520	0.00453	0.00918	0.04687	0.01589	0.08515	0.05214	0.70088	0.01384	0.00661	0.00190	0.00292	0.01155	0.00529	0.00496
20	0.00970	0.00492	0.00727	0.00727	0.00727	0.00492	0.00481	0.00737	0.00737	0.00983	0.01017	0.01809	0.01031	0.05865	0.02233	0.79476	0.00492	0.00505	0.00249	0.00249
21	0.00673	0.00566	0.00584	0.00588	0.00767	0.00477	0.00438	0.00820	0.01289	0.01556	0.09451	0.09068	0.68944	0.01427	0.00668	0.00191	0.00286	0.01199	0.00528	0.00477
22	0.01049	0.00525	0.00525	0.00525	0.00656	0.00525	0.00393	0.01311	0.01180	0.02098	0.01836	0.02098	0.01442	0.00656	0.00393	0.00131	0.00262	0.00525	0.83346	0.00525
23	0.00686	0.00490	0.00653	0.00784	0.00816	0.00457	0.00522	0.00784	0.01077	0.01437	0.03102	0.79855	0.03722	0.01763	0.00718	0.00229	0.00326	0.01600	0.00522	0.00457
24	0.01139	0.05078	0.75231	0.01586	0.02408	0.01333	0.02048	0.01780	0.01187	0.01769	0.01004	0.01180	0.00713	0.00533	0.00530	0.00177	0.00825	0.00413	0.00238	0.00829
25	0.01049	0.00525	0.00525	0.00525	0.00656	0.00525	0.00393	0.01311	0.01180	0.02098	0.01836	0.02098	0.01442	0.00656	0.00393	0.00131	0.00262	0.00525	0.83346	0.00525
26	0.02139	0.01576	0.01689	0.01295	0.01745	0.01745	0.01070	0.74835	0.02646	0.03547	0.01351	0.01351	0.00957	0.00676	0.00563	0.00169	0.00619	0.00507	0.00563	0.00957
27	0.84197	0.01088	0.00827	0.00740	0.01088	0.01262	0.00609	0.01654	0.00958	0.02525	0.00784	0.00914	0.00609	0.00522	0.00348	0.00174	0.00435	0.00305	0.00348	0.00609
28	0.01378	0.01328	0.02288	0.06487	0.71793	0.01336	0.03660	0.01717	0.01276	0.01821	0.01058	0.01401	0.00885	0.00503	0.00560	0.00169	0.00679	0.00506	0.00278	0.00877
29	0.01231	0.01231	0.01724	0.01477	0.01477	0.01724	0.01231	0.01354	0.00862	0.01354	0.00739	0.01231	0.00739	0.00985	0.01847	0.00246	0.79192	0.00492	0.00246	0.00616
30	0.01063	0.01000	0.01688	0.78870	0.03876	0.01250	0.01563	0.01438	0.01125	0.01438	0.01000	0.01500	0.00750	0.00563	0.00563	0.00188	0.00750	0.00500	0.00250	0.00625
31	0.78426	0.01123	0.00888	0.00779	0.01135	0.01296	0.00642	0.06802	0.01076	0.02597	0.00824	0.00945	0.00634	0.00533	0.00363	0.00174	0.00448	0.00319	0.00363	0.00634
32	0.00686	0.00490	0.00653	0.00784	0.00816	0.00457	0.00522	0.00784	0.01077	0.01437	0.03102	0.79855	0.03722	0.01763	0.00718	0.00229	0.00326	0.01600	0.00522	0.00457
33	0.84197	0.01088	0.00827	0.00740	0.01088	0.01262	0.00609	0.01654	0.00958	0.02525	0.00784	0.00914	0.00609	0.00522	0.00348	0.00174	0.00435	0.00305	0.00348	0.00609
34	0.00796	0.00575	0.00752	0.00708	0.00841	0.00531	0.00531	0.01062	0.01593	0.02257	0.76415	0.04204	0.05310	0.01150	0.00664	0.00177	0.00265	0.01018	0.00619	0.00531
35	0.01231	0.01231	0.01724	0.01477	0.01477	0.01724	0.01231	0.01354	0.00862	0.01354	0.00739	0.01231	0.00739	0.00985	0.01847	0.00246	0.79192	0.00492	0.00246	0.00616
36	0.00683	0.00500	0.00643	0.00757	0.00809	0.00459	0.00511	0.00787	0.01103	0.01447	0.03426	0.70567	0.12800	0.01721	0.00712	0.00224	0.00321	0.01548	0.00522	0.00459
37	0.02139	0.01576	0.01689	0.01295	0.01745	0.01745	0.01070	0.74835	0.02646	0.03547	0.01351	0.01351	0.00957	0.00676	0.00563	0.00169	0.00619	0.00507	0.00563	0.00957
38	0.00818	0.00546	0.00614	0.00614	0.00614	0.00546	0.00341	0.00818	0.00818	0.01091	0.01773	0.03683	0.02046	0.80222	0.02864	0.00546	0.00546	0.00818	0.00341	0.00341
39	0.00789	0.00575	0.00742	0.00700	0.00836	0.00528	0.00525	0.01048	0.01576	0.02216	0.72535	0.04270	0.09215	0.01166	0.00664	0.00178	0.00267	0.01027	0.00614	0.00528
40	0.01063	0.01000	0.01688	0.78870	0.03876	0.01250	0.01563	0.01438	0.01125	0.01438	0.01000	0.01500	0.00750	0.00563	0.00563	0.00188	0.00750	0.00500	0.00250	0.00625
41	0.02139	0.01576	0.01689	0.01295	0.01745	0.01745	0.01070	0.74835	0.02646	0.03547	0.01351	0.01351	0.00957	0.00676	0.00563	0.00169	0.00619	0.00507	0.00563	0.00957
42	0.00872	0.00709	0.00792	0.00746	0.00921	0.02687	0.00564	0.01267	0.10758	0.02052	0.46575	0.04175	0.23440	0.01159	0.00649	0.00181	0.00313	0.00997	0.00579	0.00564
43	0.01597	0.01307	0.01383	0.01185	0.01538	0.01492	0.00938	0.22110	0.56255	0.02672	0.02041	0.01900	0.01515	0.00740	0.00570	0.00185	0.00492	0.00602	0.00570	0.00908
44	0.00907	0.00648	0.00907	0.01036	0.01166	0.00648	0.00907	0.01166	0.01296	0.01684	0.02980	0.06348	0.03239	0.01555	0.00777	0.00259	0.00518	0.72924	0.00518	0.00518
45	0.01505	0.80561	0.02949	0.00963	0.01444	0.02227	0.00963	0.01685	0.01143	0.01324	0.00782	0.00903	0.00722	0.00481	0.00361	0.00120	0.00602	0.00301	0.00241	0.00722
46	0.01393	0.01337	0.02284	0.03454	0.76712	0.01337	0.01727	0.01727	0.01281	0.01839	0.01059	0.01393	0.00891	0.00501	0.00557	0.00167	0.00669	0.00501	0.00279	0.00891
47	0.00978	0.00489	0.00733	0.00733	0.00733	0.00489	0.00489	0.00733	0.00733	0.00978	0.00978	0.01711	0.00978	0.01955	0.02199	0.83627	0.00489	0.00489	0.00244	0.00244
48	0.01393	0.01337	0.02284	0.03454	0.76712	0.01337	0.01727	0.01727	0.01281	0.01839	0.01059	0.01393	0.00891	0.00501	0.00557	0.00167	0.00669	0.00501	0.00279	0.00891
49	0.01505	0.80561	0.02949	0.00963	0.01444	0.02227	0.00963	0.01685	0.01143	0.01324	0.00782	0.00903	0.00722	0.00481	0.00361	0.00120	0.00602	0.00301	0.00241	0.00722
50	0.00883	0.00687	0.00799	0.00827	0.04342	0.00638	0.00581	0.05935	0.03379	0.03583	0.15208	0.15528	0.42912	0.01307	0.00656	0.00191	0.00337	0.01117	0.00534	0.00554
51	0.01129	0.02911	0.77306	0.01604	0.02436	0.01307	0.02079	0.01782	0.01188	0.01782	0.01010	0.01188	0.00713	0.00535	0.00535	0.00178	0.00832	0.00416	0.00238	0.00832
52	0.00686	0.00490	0.00653	0.00784	0.00816	0.00457	0.00522	0.00784	0.01077	0.01437	0.03102	0.79855	0.03722	0.01763	0.00718	0.00229	0.00326	0.01600	0.00522	0.00457
53	0.01202	0.02752	0.70148	0.01615	0.02415	0.01291	0.05648	0.01827	0.01214	0.05215	0.01071	0.01238	0.00751	0.00539	0.00543	0.00179	0.00821	0.00435	0.00261	0.00834
54	0.01393	0.01337	0.02284	0.03454	0.76712	0.01337	0.01727	0.01727	0.01281	0.01839	0.01059	0.01393	0.00891	0.00501	0.00557	0.00167	0.00669	0.00501	0.00279	0.00891
55	0.00907	0.00648	0.00907	0.01036	0.01166	0.00648	0.00907	0.01166	0.01296	0.01684	0.02980	0.06348	0.03239	0.01555	0.00777	0.00259	0.00518	0.72924	0.00518	0.00518
56	0.01370	0.01313	0.02242	0.08764	0.71584	0.01331	0.01716	0.01707	0.01270	0.01810	0.01054	0.01400	0.00881	0.00506	0.00558	0.00169	0.00674	0.00501	0.00277	0.00873
57	0.01470	0.00760	0.00984	0.00842	0.01098	0.00702	0.00665	0.03289	0.04972	0.28743	0.39738	0.03252	0.05281	0.00963	0.00617	0.00177	0.00362	0.02320	0.03059	0.00705
58	0.84197	0.01088	0.00827	0.00740	0.01088	0.01262	0.00609	0.01654	0.00958	0.02525	0.00784	0.00914	0.00609	0.00522	0.00348	0.00174	0.00435	0.00305	0.00348	0.00609
59	0.84197	0.01088	0.00827	0.00740	0.01088	0.01262	0.00609	0.01654	0.00958	0.02525	0.00784	0.00914	0.00609	0.00522	0.00348	0.00174	0.00435	0.00305	0.00348	0.00609
60	0.02102	0.02682	0.01595	0.01450	0.01740	0.77963	0.01087	0.02247	0.01595	0.01377	0.00870	0.01015	0.00725	0.00580	0.00507	0.00145	0.01015	0.00362	0.00290	0.00652
61	0.06545	0.01168	0.03014	0.30755	0.08972	0.06586	0.01214	0.06197	0.01360	0.17128	0.01492	0.06932	0.01217	0.00719	0.00566	0.00184	0.00641	0.04181	0.00403	0.00725
62	0.01570	0.01692	0.02078	0.05706	0.46967	0.22171	0.04835	0.01914	0.04487	0.01718	0.01060	0.01330	0.00874	0.00535	0.00549	0.00164	0.00769	0.00477	0.00293	0.00810
63	0.01942	0.00817	0.01069	0.00869	0.01155	0.00731	0.00661	0.02085	0.01340	0.51116	0.02067	0.02520	0.01616	0.27884	0.01352	0.00301	0.00502	0.00652	0.00575	0.00747
64	0.01140	0.01079	0.01828	0.61212	0.20930	0.01271	0.01601	0.01506	0.01162	0.01532	0.01014	0.01475	0.00783	0.00548	0.00561	0.00183	0.00731	0.00500	0.00257	0.00687
65	0.01143	0.03924	0.41487	0.05461	0.03920	0.01225	0.13481	0.03779	0.02802	0.01801	0.04240	0.09937	0.01324	0.00711	0.00585	0.00186	0.00741	0.02184	0.00315	0.00755
66	0.00818	0.00546	0.00614	0.00614	0.00614	0.00546	0.00341	0.00818	0.00818	0.01091	0.01773	0.03683	0.02046	0.80222	0.02864	0.00546	0.00546	0.00818	0.00341	0.00341
67	0.00732	0.00513	0.00636	0.00714	0.00742	0.00489	0.00454	0.00797	0.00994	0.01317	0.02737	0.49578	0.06180	0.29715	0.01481	0.00340	0.00403	0.01304	0.00458	0.00416
68	0.01206	0.07233	0.60583	0.01768	0.08894	0.03061	0.06018	0.01783	0.01210	0.01753	0.01005	0.01204	0.00737	0.00526	0.00533	0.00174	0.00815	0.00429	0.00245	0.00823
69	0.05392	0.06316	0.01621	0.01197	0.01600	0.01453	0.04077	0.41825	0.05414	0.14537	0.01640	0.07837	0.01301	0.00764	0.00564	0.00176	0.00569	0.02313	0.00539	0.00866
70	0.01318	0.01578	0.07289	0.02362	0.06563	0.01420	0.65255	0.01787	0.01307	0.01792	0.01118	0.01487	0.00845	0.00491	0.00680	0.00189	0.02833	0.00638	0.00281	0.00766

[dist]
# distance from previous block
# <min> <max>
0	1

[block]
# block no. 2 follows, 42 sequences, length 26
# corresponding to MSA columns:
# 110-135
name=unknown_C
#
# <colnr> <probs for GDERKNQSTAVLIFYWHMCP>
#	G	D	E	R	K	N	Q	S	T	A	V	L	I	F	Y	W	H	M	C	P
0	0.01532	0.73157	0.05220	0.01004	0.01495	0.02168	0.01005	0.06272	0.01239	0.01478	0.00825	0.00940	0.00737	0.00495	0.00379	0.00125	0.00610	0.00317	0.00261	0.00740
1	0.00923	0.00559	0.00817	0.00809	0.00878	0.00595	0.00592	0.00918	0.00868	0.03299	0.01535	0.02165	0.05694	0.02918	0.36508	0.38702	0.00939	0.00585	0.00300	0.00396
2	0.01622	0.49488	0.04452	0.01118	0.01532	0.19216	0.01018	0.06313	0.01320	0.01486	0.00886	0.01049	0.00778	0.00751	0.05079	0.00180	0.02375	0.00353	0.00276	0.00709
3	0.01315	0.25985	0.13212	0.01019	0.01514	0.01329	0.00991	0.03426	0.01185	0.03904	0.01015	0.02780	0.00865	0.00581	0.00550	0.03832	0.02679	0.00385	0.00305	0.33130
4	0.06537	0.06089	0.01386	0.06557	0.03565	0.12876	0.00909	0.20765	0.09858	0.02305	0.01389	0.01522	0.01069	0.00638	0.00513	0.00159	0.02041	0.00478	0.20612	0.00732
5	0.01057	0.00634	0.00863	0.00888	0.01001	0.00630	0.00698	0.01190	0.05754	0.06718	0.02274	0.06105	0.06527	0.01599	0.01292	0.32546	0.00480	0.28853	0.00428	0.00462
6	0.01746	0.01495	0.01482	0.06043	0.01733	0.12432	0.00978	0.29929	0.13506	0.04774	0.01355	0.01406	0.01016	0.00612	0.00524	0.00151	0.00608	0.00469	0.00458	0.19282
7	0.00725	0.00551	0.00650	0.00711	0.00817	0.00502	0.00515	0.00851	0.01158	0.01462	0.03968	0.29855	0.32872	0.11489	0.00976	0.00257	0.00364	0.11318	0.00499	0.00458
8	0.01429	0.01486	0.02596	0.05531	0.08960	0.06221	0.42426	0.04688	0.09997	0.03520	0.01247	0.01525	0.00953	0.00569	0.00706	0.00188	0.06250	0.00601	0.00333	0.00775
9	0.01258	0.15982	0.34691	0.06985	0.04719	0.01501	0.23620	0.01746	0.01221	0.01686	0.01009	0.01264	0.00765	0.00508	0.00546	0.00172	0.00816	0.00478	0.00254	0.00778
10	0.01305	0.01247	0.02125	0.23588	0.57267	0.01314	0.01683	0.01650	0.01240	0.01732	0.01043	0.01422	0.00854	0.00518	0.00559	0.00173	0.00690	0.00501	0.00271	0.00820
11	0.00804	0.00601	0.00893	0.00893	0.00990	0.00697	0.00690	0.00998	0.00901	0.01298	0.01517	0.02267	0.01431	0.07098	0.75148	0.00891	0.01471	0.00611	0.00303	0.00496
12	0.02058	0.02544	0.01704	0.01495	0.01812	0.68631	0.05481	0.06754	0.01645	0.01538	0.00916	0.01066	0.00747	0.00580	0.00520	0.00149	0.00986	0.00389	0.00307	0.00678
13	0.01868	0.01441	0.01536	0.01240	0.01642	0.01618	0.01004	0.48472	0.29451	0.03109	0.01696	0.01626	0.01236	0.00708	0.00567	0.00177	0.00555	0.00554	0.00567	0.00933
14	0.01227	0.01160	0.01963	0.30997	0.45194	0.01250	0.01591	0.01562	0.01211	0.01666	0.01165	0.06349	0.01017	0.00603	0.00569	0.00178	0.00677	0.00570	0.00283	0.00766
15	0.02296	0.00955	0.01266	0.00990	0.01399	0.00852	0.00810	0.02625	0.07387	0.64736	0.06801	0.02053	0.01648	0.00723	0.00569	0.00173	0.00461	0.00594	0.00673	0.02990
16	0.02525	0.00958	0.01306	0.01001	0.01437	0.00827	0.00827	0.02743	0.01611	0.77102	0.02220	0.01915	0.01393	0.00697	0.00566	0.00174	0.00479	0.00566	0.00697	0.00958
17	0.02525	0.00958	0.01306	0.01001	0.01437	0.00827	0.00827	0.02743	0.01611	0.77102	0.02220	0.01915	0.01393	0.00697	0.00566	0.00174	0.00479	0.00566	0.00697	0.00958
18	0.00686	0.00490	0.00653	0.00784	0.00816	0.00457	0.00522	0.00784	0.01077	0.01437	0.03102	0.79855	0.03722	0.01763	0.00718	0.00229	0.00326	0.01600	0.00522	0.00457
19	0.00804	0.00576	0.00781	0.00786	0.00845	0.00631	0.00555	0.00923	0.00879	0.01229	0.01681	0.06230	0.01757	0.33560	0.45450	0.00735	0.01082	0.00731	0.00327	0.00438
20	0.01063	0.01000	0.01688	0.78870	0.03876	0.01250	0.01563	0.01438	0.01125	0.01438	0.01000	0.01500	0.00750	0.00563	0.00563	0.00188	0.00750	0.00500	0.00250	0.00625
21	0.01505	0.80561	0.02949	0.00963	0.01444	0.02227	0.00963	0.01685	0.01143	0.01324	0.00782	0.00903	0.00722	0.00481	0.00361	0.00120	0.00602	0.00301	0.00241	0.00722
22	0.01363	0.01316	0.02287	0.05960	0.67269	0.01319	0.06273	0.01705	0.01279	0.01818	0.01119	0.01553	0.00954	0.00533	0.00571	0.00172	0.00685	0.02678	0.00285	0.00863
23	0.00729	0.00573	0.00659	0.00637	0.00799	0.00502	0.00478	0.00931	0.01433	0.01878	0.40034	0.04827	0.41928	0.01292	0.00664	0.00184	0.00276	0.01105	0.00570	0.00502
24	0.02200	0.03737	0.01441	0.01088	0.01495	0.02748	0.00893	0.26818	0.01910	0.41932	0.03479	0.06665	0.01441	0.00757	0.00569	0.00174	0.00527	0.00608	0.00616	0.00903
25	0.01578	0.01142	0.01263	0.01107	0.01439	0.01266	0.00872	0.04378	0.57540	0.15132	0.04669	0.02209	0.01794	0.00779	0.00578	0.00189	0.00451	0.02137	0.00594	0.00884

[dist]
# distance from previous block
# <min> <max>
0	10

[block]
# block no. 3 follows, 42 sequences, length 29
# corresponding to MSA columns:
# 146-174
name=unknown_D
#
# <colnr> <probs for GDERKNQSTAVLIFYWHMCP>
#	G	D	E	R	K	N	Q	S	T	A	V	L	I	F	Y	W	H	M	C	P
0	0.00754	0.00848	0.11768	0.00891	0.01050	0.00584	0.00745	0.00942	0.01125	0.01527	0.06167	0.62104	0.06267	0.01544	0.00687	0.00217	0.00395	0.01386	0.00485	0.00515
1	0.02525	0.00958	0.01306	0.01001	0.01437	0.00827	0.00827	0.02743	0.01611	0.77102	0.02220	0.01915	0.01393	0.00697	0.00566	0.00174	0.00479	0.00566	0.00697	0.00958
2	0.01342	0.09713	0.24610	0.11602	0.02645	0.03687	0.30590	0.01803	0.01266	0.05794	0.01099	0.01365	0.00812	0.00519	0.00573	0.00177	0.00831	0.00520	0.00285	0.00767
3	0.84197	0.01088	0.00827	0.00740	0.01088	0.01262	0.00609	0.01654	0.00958	0.02525	0.00784	0.00914	0.00609	0.00522	0.00348	0.00174	0.00435	0.00305	0.00348	0.00609
4	0.01271	0.01527	0.13980	0.19002	0.40546	0.01332	0.08765	0.01672	0.01227	0.01729	0.01038	0.01391	0.00826	0.00530	0.00599	0.00177	0.02813	0.00503	0.00266	0.00806
5	0.01437	0.03351	0.23616	0.03708	0.04247	0.01255	0.01256	0.14437	0.13799	0.05923	0.01355	0.01431	0.01005	0.00581	0.00517	0.00156	0.00599	0.00463	0.02386	0.18479
6	0.00978	0.00489	0.00733	0.00733	0.00733	0.00489	0.00489	0.00733	0.00733	0.00978	0.00978	0.01711	0.00978	0.01955	0.02199	0.83627	0.00489	0.00489	0.00244	0.00244
7	0.01863	0.28394	0.02091	0.03642	0.01701	0.10333	0.01045	0.37404	0.04327	0.02449	0.01125	0.01191	0.00870	0.00599	0.00489	0.00151	0.00656	0.00425	0.00414	0.00831
8	0.00938	0.01139	0.16380	0.00991	0.01331	0.00748	0.03453	0.01223	0.01221	0.03748	0.06361	0.16943	0.19966	0.01245	0.04180	0.00218	0.00525	0.07323	0.00430	0.11636
9	0.01550	0.05818	0.35625	0.01636	0.08544	0.09787	0.05254	0.09129	0.05452	0.10067	0.01228	0.01334	0.00889	0.00575	0.00540	0.00171	0.00753	0.00462	0.00349	0.00837
10	0.05088	0.01649	0.16201	0.04208	0.09722	0.04367	0.01259	0.17212	0.22880	0.09343	0.01549	0.01565	0.01131	0.00643	0.00549	0.00177	0.00615	0.00517	0.00455	0.00869
11	0.02231	0.01429	0.01598	0.01225	0.01672	0.01526	0.01012	0.57632	0.02399	0.21099	0.01559	0.01486	0.01061	0.00681	0.00564	0.00170	0.00586	0.00521	0.00595	0.00957
12	0.01434	0.01256	0.03975	0.01524	0.12025	0.01165	0.09646	0.16449	0.07755	0.04340	0.01411	0.04904	0.01184	0.02248	0.00591	0.00161	0.00574	0.03041	0.00408	0.25910
13	0.05259	0.01090	0.05199	0.01209	0.07214	0.00906	0.00951	0.02578	0.01541	0.64922	0.02020	0.01803	0.01293	0.00667	0.00556	0.00174	0.00510	0.00544	0.00629	0.00934
14	0.01206	0.01216	0.02201	0.39852	0.17433	0.02601	0.21134	0.01583	0.01207	0.01599	0.01073	0.01553	0.00850	0.03318	0.00668	0.00196	0.00785	0.00553	0.00269	0.00703
15	0.01637	0.12272	0.01558	0.03345	0.01529	0.42327	0.00946	0.04337	0.01470	0.01532	0.07295	0.07664	0.07763	0.00789	0.00576	0.00160	0.03233	0.00583	0.00354	0.00631
16	0.04148	0.00895	0.01134	0.01077	0.03720	0.04171	0.00795	0.04950	0.01036	0.07178	0.01253	0.01874	0.01153	0.09798	0.21223	0.18765	0.15424	0.00547	0.00326	0.00532
17	0.04873	0.06115	0.06574	0.01314	0.05058	0.01277	0.10036	0.12430	0.21300	0.06005	0.08341	0.02266	0.10428	0.00768	0.00575	0.00179	0.00545	0.00660	0.00475	0.00782
18	0.05220	0.01357	0.01404	0.04651	0.01622	0.07805	0.00898	0.29938	0.01789	0.06013	0.01310	0.01389	0.03096	0.00585	0.00499	0.00138	0.00562	0.00445	0.00438	0.30840
19	0.10400	0.01394	0.01331	0.01083	0.01459	0.12895	0.00868	0.20021	0.04164	0.02230	0.01172	0.01425	0.00961	0.00809	0.04983	0.00187	0.04035	0.02750	0.00395	0.27437
20	0.07530	0.01292	0.01814	0.01567	0.08094	0.03637	0.17669	0.20331	0.09114	0.06706	0.01541	0.05770	0.01278	0.03574	0.03369	0.00220	0.00674	0.03003	0.02037	0.00780
21	0.01192	0.00899	0.03677	0.00938	0.03574	0.00778	0.00723	0.08218	0.01345	0.08989	0.06924	0.08421	0.11754	0.10330	0.04082	0.00238	0.00493	0.05348	0.03195	0.18882
22	0.04606	0.01385	0.01696	0.04612	0.17627	0.05664	0.03196	0.27675	0.07171	0.07665	0.01501	0.01704	0.03404	0.00684	0.00620	0.00175	0.04232	0.02809	0.00447	0.03129
23	0.01534	0.01257	0.03891	0.09485	0.07530	0.06733	0.01050	0.16107	0.14078	0.10298	0.03036	0.02311	0.06378	0.00956	0.04345	0.00217	0.00625	0.06502	0.02895	0.00771
24	0.09852	0.01487	0.01502	0.03519	0.08405	0.12336	0.01026	0.32879	0.04280	0.04424	0.01354	0.04968	0.01110	0.00785	0.02584	0.00187	0.00653	0.02663	0.00449	0.05538
25	0.14111	0.03502	0.01370	0.01237	0.06334	0.06964	0.04322	0.17140	0.03011	0.02135	0.04160	0.15683	0.01624	0.03598	0.04597	0.00231	0.04219	0.02114	0.00420	0.03228
26	0.01778	0.06870	0.01724	0.03407	0.01706	0.01483	0.07221	0.41856	0.05602	0.07640	0.01475	0.03944	0.01171	0.06008	0.05315	0.00239	0.00671	0.00574	0.00486	0.00830
27	0.05881	0.04065	0.03964	0.01385	0.07118	0.07628	0.03089	0.31635	0.03805	0.05730	0.03621	0.03725	0.01196	0.00905	0.05031	0.00214	0.05036	0.01820	0.00446	0.03709
28	0.05203	0.05226	0.01440	0.03839	0.01524	0.05686	0.00929	0.23979	0.06981	0.16306	0.02914	0.06385	0.01332	0.01167	0.09664	0.00263	0.05305	0.00586	0.00486	0.00786

[dist]
# distance from previous block
# <min> <max>
5	56

[block]
# block no. 4 follows, 42 sequences, length 17
# corresponding to MSA columns:
# 237-240,242-249,253,261-264
name=unknown_E
#
# <colnr> <probs for GDERKNQSTAVLIFYWHMCP>
#	G	D	E	R	K	N	Q	S	T	A	V	L	I	F	Y	W	H	M	C	P
0	0.01669	0.15138	0.10705	0.01452	0.08050	0.04343	0.07119	0.15513	0.07688	0.12450	0.01358	0.01492	0.01028	0.00599	0.00524	0.00160	0.00634	0.02040	0.00412	0.07625
1	0.06031	0.15670	0.19527	0.01279	0.01799	0.06434	0.04908	0.18273	0.03329	0.04423	0.01105	0.01230	0.00844	0.00640	0.02141	0.00171	0.02141	0.00426	0.00357	0.09272
2	0.03562	0.00863	0.01040	0.09697	0.02686	0.00908	0.00739	0.15952	0.01430	0.05923	0.06705	0.05398	0.15994	0.19089	0.05569	0.00305	0.00556	0.00774	0.02210	0.00601
3	0.01692	0.25420	0.02226	0.03176	0.19726	0.15857	0.04177	0.11412	0.04809	0.04857	0.01082	0.01229	0.00871	0.00552	0.00495	0.00152	0.00702	0.00431	0.00336	0.00797
4	0.01661	0.18232	0.03994	0.05636	0.26342	0.06593	0.01248	0.08864	0.01447	0.14025	0.03588	0.01455	0.01074	0.00678	0.02651	0.00179	0.00661	0.00477	0.00375	0.00820
5	0.01619	0.03429	0.02206	0.01692	0.05039	0.04617	0.31827	0.02000	0.04405	0.21431	0.09937	0.01889	0.01519	0.00654	0.00680	0.00183	0.05013	0.00638	0.00438	0.00782
6	0.01181	0.01049	0.01614	0.09771	0.38394	0.01093	0.01212	0.01563	0.09333	0.01650	0.01474	0.06228	0.01405	0.20327	0.01139	0.00269	0.00603	0.00653	0.00337	0.00706
7	0.01307	0.15994	0.56078	0.01460	0.02189	0.01513	0.01775	0.10031	0.01345	0.01904	0.01010	0.01158	0.00742	0.00542	0.00508	0.00167	0.00768	0.00407	0.00275	0.00827
8	0.01779	0.40734	0.09358	0.01170	0.03884	0.01759	0.01086	0.16052	0.01530	0.15940	0.01190	0.01220	0.00897	0.00565	0.00461	0.00147	0.00606	0.00407	0.00389	0.00827
9	0.00901	0.00799	0.09340	0.00775	0.00873	0.00622	0.00598	0.00910	0.00838	0.01145	0.01436	0.02742	0.01545	0.44281	0.05754	0.25502	0.00604	0.00664	0.00298	0.00375
10	0.00811	0.00590	0.00801	0.00782	0.00832	0.00588	0.04387	0.00883	0.00919	0.01239	0.02038	0.22247	0.02325	0.47963	0.10716	0.00489	0.00622	0.00979	0.00378	0.00410
11	0.03435	0.07821	0.05166	0.04382	0.01737	0.29777	0.01069	0.21845	0.04720	0.08140	0.05603	0.01425	0.01148	0.00645	0.00528	0.00159	0.00737	0.00469	0.00420	0.00773
12	0.01189	0.20778	0.05997	0.39478	0.09839	0.01435	0.01383	0.01514	0.01167	0.01494	0.01176	0.01874	0.01036	0.00647	0.00535	0.00177	0.00684	0.08640	0.00280	0.00673
13	0.01430	0.23113	0.03920	0.12969	0.27511	0.01427	0.01274	0.01705	0.01261	0.10142	0.03766	0.03304	0.04643	0.00619	0.00516	0.00161	0.00606	0.00524	0.00338	0.00772
14	0.01321	0.01149	0.02160	0.01753	0.07289	0.01082	0.35882	0.04573	0.01408	0.10392	0.11214	0.12357	0.05143	0.00806	0.00649	0.00189	0.00666	0.00826	0.00426	0.00718
15	0.20538	0.03408	0.08084	0.02739	0.01534	0.18680	0.00984	0.07777	0.05258	0.11156	0.03805	0.03349	0.01318	0.00735	0.00524	0.00177	0.00635	0.08165	0.00422	0.00712
16	0.10792	0.05416	0.42866	0.01372	0.02006	0.01429	0.01549	0.20758	0.01528	0.02288	0.01084	0.01229	0.00793	0.00716	0.03632	0.00202	0.00749	0.00430	0.00338	0.00821

[dist]
# distance from previous block
# <min> <max>
2	33

[block]
# block no. 5 follows, 42 sequences, length 16
# corresponding to MSA columns:
# 298-313
name=unknown_F
#
# <colnr> <probs for GDERKNQSTAVLIFYWHMCP>
#	G	D	E	R	K	N	Q	S	T	A	V	L	I	F	Y	W	H	M	C	P
0	0.21249	0.01259	0.01178	0.00920	0.01356	0.09616	0.00735	0.07836	0.01291	0.02094	0.00964	0.01105	0.00778	0.00482	0.00423	0.00119	0.00506	0.00345	0.00352	0.47392
1	0.13123	0.01562	0.01405	0.01152	0.01520	0.17211	0.00923	0.33963	0.01961	0.11238	0.07181	0.01531	0.01267	0.00674	0.00526	0.00165	0.00623	0.00497	0.02674	0.00802
2	0.01311	0.01465	0.03067	0.02210	0.02731	0.01407	0.64511	0.01745	0.01282	0.01769	0.01099	0.01475	0.00844	0.00511	0.00742	0.00188	0.07061	0.00631	0.00285	0.05667
3	0.54359	0.06230	0.17937	0.07079	0.01626	0.01329	0.01031	0.01667	0.01033	0.02204	0.00851	0.01020	0.00650	0.00526	0.00407	0.00173	0.00558	0.00344	0.00310	0.00667
4	0.54759	0.01594	0.01108	0.00985	0.01322	0.24246	0.00780	0.06174	0.01249	0.02242	0.00843	0.00970	0.00665	0.00549	0.00409	0.00165	0.00620	0.00334	0.00344	0.00643
5	0.01212	0.01152	0.01957	0.44863	0.36719	0.01289	0.01637	0.01568	0.01196	0.01619	0.01027	0.01452	0.00814	0.00535	0.00560	0.00178	0.00713	0.00501	0.00263	0.00745
6	0.00804	0.00603	0.00904	0.00904	0.01005	0.00703	0.00703	0.01005	0.00904	0.01306	0.01507	0.02211	0.01407	0.04221	0.77992	0.00904	0.01507	0.00603	0.00301	0.00502
7	0.06685	0.00944	0.01153	0.00964	0.01239	0.00967	0.03714	0.16830	0.07840	0.09792	0.39568	0.02894	0.03245	0.00908	0.00605	0.00177	0.00413	0.00776	0.00580	0.00705
8	0.84197	0.01088	0.00827	0.00740	0.01088	0.01262	0.00609	0.01654	0.00958	0.02525	0.00784	0.00914	0.00609	0.00522	0.00348	0.00174	0.00435	0.00305	0.00348	0.00609
9	0.00818	0.00546	0.00614	0.00614	0.00614	0.00546	0.00341	0.00818	0.00818	0.01091	0.01773	0.03683	0.02046	0.80222	0.02864	0.00546	0.00546	0.00818	0.00341	0.00341
10	0.84197	0.01088	0.00827	0.00740	0.01088	0.01262	0.00609	0.01654	0.00958	0.02525	0.00784	0.00914	0.00609	0.00522	0.00348	0.00174	0.00435	0.00305	0.00348	0.00609
11	0.01646	0.01775	0.01349	0.01219	0.01461	0.39100	0.00931	0.12610	0.01502	0.01665	0.01181	0.01560	0.01032	0.05471	0.24557	0.00402	0.01086	0.00480	0.00337	0.00637
12	0.01472	0.01298	0.01648	0.01439	0.05229	0.01438	0.11113	0.10732	0.53861	0.02386	0.01970	0.01903	0.01476	0.00702	0.00583	0.00187	0.00544	0.00619	0.00518	0.00880
13	0.01104	0.00800	0.01107	0.07775	0.06824	0.00746	0.00841	0.01376	0.01381	0.08146	0.27019	0.03443	0.02920	0.00958	0.00615	0.00176	0.00440	0.16629	0.00490	0.17211
14	0.01416	0.14426	0.13013	0.01183	0.01612	0.12066	0.04044	0.01845	0.09195	0.06935	0.01507	0.01938	0.02900	0.00887	0.05129	0.00203	0.00694	0.07560	0.00367	0.13078
15	0.01405	0.01132	0.01445	0.01076	0.01539	0.04023	0.09019	0.04118	0.05217	0.10502	0.04767	0.01483	0.01156	0.00523	0.00490	0.00121	0.00509	0.00452	0.00401	0.50625

[dist]
# distance from previous block
# <min> <max>
9	16

[block]
# block no. 6 follows, 42 sequences, length 10
# corresponding to MSA columns:
# 336-345
name=unknown_G
#
# <colnr> <probs for GDERKNQSTAVLIFYWHMCP>
#	G	D	E	R	K	N	Q	S	T	A	V	L	I	F	Y	W	H	M	C	P
0	0.01916	0.01435	0.01531	0.01202	0.01613	0.01576	0.00984	0.60841	0.08350	0.03226	0.01910	0.01863	0.09419	0.00766	0.00575	0.00173	0.00568	0.00593	0.00559	0.00898
1	0.00697	0.00505	0.00639	0.00741	0.00789	0.00468	0.00492	0.00790	0.01075	0.01411	0.03274	0.63157	0.12202	0.09804	0.00933	0.00257	0.00344	0.01470	0.00504	0.00447
2	0.11062	0.01072	0.01258	0.01027	0.01374	0.01124	0.00838	0.24554	0.01689	0.26818	0.01620	0.01700	0.01175	0.01457	0.17829	0.00334	0.00741	0.00526	0.02999	0.00804
3	0.01992	0.01640	0.05580	0.01298	0.01746	0.04456	0.01101	0.59356	0.11706	0.03226	0.01434	0.01424	0.01031	0.00676	0.00561	0.00171	0.00623	0.00513	0.00537	0.00931
4	0.74920	0.01031	0.00819	0.00736	0.01061	0.01181	0.00601	0.01588	0.01028	0.02495	0.09197	0.01280	0.01132	0.00592	0.00383	0.00174	0.00416	0.00384	0.00378	0.00601
5	0.00978	0.00489	0.00733	0.00733	0.00733	0.00489	0.00489	0.00733	0.00733	0.00978	0.00978	0.01711	0.00978	0.01955	0.02199	0.83627	0.00489	0.00489	0.00244	0.00244
6	0.06688	0.01554	0.01606	0.01253	0.01685	0.04544	0.01029	0.62349	0.05933	0.05675	0.01373	0.01367	0.00979	0.00668	0.00549	0.00169	0.00611	0.00498	0.00545	0.00923
7	0.01535	0.01205	0.01264	0.01087	0.01375	0.05226	0.00855	0.35984	0.09157	0.02577	0.07079	0.16955	0.05343	0.03421	0.00682	0.00198	0.00522	0.04250	0.00535	0.00750
8	0.00792	0.00540	0.00616	0.00633	0.00649	0.00530	0.00370	0.00813	0.00879	0.01161	0.02172	0.13696	0.06547	0.65478	0.02459	0.00484	0.00502	0.00941	0.00375	0.00364
9	0.01901	0.01366	0.01487	0.01205	0.01603	0.01509	0.00974	0.39275	0.30366	0.11440	0.01808	0.01700	0.01296	0.00711	0.00567	0.00178	0.00537	0.00563	0.00582	0.00932

[dist]
# distance from previous block
# <min> <max>
2	13

[block]
# block no. 7 follows, 42 sequences, length 11
# corresponding to MSA columns:
# 359-369
name=unknown_H
#
# <colnr> <probs for GDERKNQSTAVLIFYWHMCP>
#	G	D	E	R	K	N	Q	S	T	A	V	L	I	F	Y	W	H	M	C	P
0	0.02336	0.01000	0.01300	0.01025	0.01441	0.00923	0.00838	0.02784	0.14078	0.64523	0.02232	0.01946	0.01448	0.00708	0.00567	0.00177	0.00473	0.00578	0.00676	0.00946
1	0.01250	0.00826	0.00995	0.00937	0.04105	0.00813	0.00687	0.09901	0.08789	0.12514	0.24923	0.07836	0.17243	0.02628	0.00663	0.00188	0.00382	0.00883	0.03768	0.00669
2	0.01347	0.04445	0.02087	0.09236	0.56130	0.01341	0.01541	0.01819	0.09733	0.01860	0.04132	0.01572	0.01140	0.00561	0.00556	0.00170	0.00632	0.00529	0.00321	0.00848
3	0.00853	0.00650	0.00763	0.00773	0.00879	0.00667	0.00538	0.01191	0.13030	0.01532	0.06851	0.22567	0.13596	0.23333	0.09880	0.00376	0.00528	0.01026	0.00461	0.00507
4	0.54928	0.01010	0.00952	0.00809	0.01163	0.01083	0.00663	0.01904	0.01189	0.22957	0.07407	0.01460	0.01212	0.00622	0.00434	0.00174	0.00433	0.00435	0.00466	0.00699
5	0.15803	0.01746	0.08538	0.01214	0.01625	0.15944	0.01046	0.33895	0.05046	0.02661	0.06190	0.01421	0.01155	0.00654	0.00521	0.00168	0.00652	0.00476	0.00449	0.00798
6	0.01295	0.01027	0.01549	0.01257	0.01576	0.01012	0.17980	0.13388	0.07311	0.08401	0.04920	0.16325	0.15401	0.01027	0.00648	0.00195	0.00543	0.04955	0.00495	0.00694
7	0.02282	0.00907	0.01210	0.00945	0.01348	0.00781	0.00775	0.02490	0.01568	0.67225	0.02675	0.02373	0.11205	0.00792	0.00579	0.00176	0.00454	0.00647	0.00674	0.00895
8	0.01895	0.01547	0.01497	0.01230	0.01612	0.11510	0.00984	0.38769	0.22447	0.06905	0.01764	0.01703	0.04113	0.00718	0.00563	0.00173	0.00602	0.00553	0.00536	0.00880
9	0.01398	0.11702	0.02450	0.01694	0.02110	0.04367	0.35817	0.07346	0.04688	0.04490	0.01447	0.10469	0.01292	0.00724	0.00678	0.00187	0.05063	0.02989	0.00360	0.00728
10	0.01490	0.01368	0.02206	0.03172	0.66916	0.01390	0.01641	0.11280	0.01460	0.02062	0.01097	0.01387	0.00900	0.00524	0.00558	0.00167	0.00662	0.00502	0.00316	0.00900

[dist]
# distance from previous block
# <min> <max>
0	29

[block]
# block no. 8 follows, 42 sequences, length 10
# corresponding to MSA columns:
# 399-408
name=unknown_I
#
# <colnr> <probs for GDERKNQSTAVLIFYWHMCP>
#	G	D	E	R	K	N	Q	S	T	A	V	L	I	F	Y	W	H	M	C	P
0	0.00791	0.00585	0.00744	0.00734	0.00876	0.00539	0.00570	0.01034	0.01495	0.02045	0.53286	0.04733	0.17197	0.01258	0.00681	0.00192	0.00307	0.11827	0.00588	0.00519
1	0.01413	0.01427	0.02098	0.16965	0.54993	0.09960	0.01625	0.01733	0.01288	0.01714	0.01027	0.01370	0.00847	0.00521	0.00553	0.00168	0.00722	0.00486	0.00275	0.00816
2	0.04859	0.34016	0.44150	0.01309	0.01980	0.01674	0.01568	0.01738	0.01160	0.01630	0.00909	0.01062	0.00712	0.00513	0.00457	0.00155	0.00722	0.00365	0.00244	0.00778
3	0.63825	0.01169	0.01086	0.03930	0.07131	0.01332	0.00792	0.11348	0.01213	0.02567	0.00888	0.01031	0.00683	0.00543	0.00401	0.00173	0.00489	0.00354	0.00368	0.00678
4	0.06708	0.01599	0.01651	0.06554	0.22102	0.19560	0.01201	0.07367	0.23603	0.02021	0.01381	0.01488	0.01077	0.00615	0.00538	0.00171	0.00671	0.00497	0.00392	0.00806
5	0.00693	0.00520	0.00633	0.00711	0.00790	0.00471	0.00486	0.00806	0.01146	0.01482	0.07435	0.50984	0.24063	0.06015	0.00820	0.00233	0.00324	0.01412	0.00517	0.00459
6	0.00742	0.00519	0.00667	0.00751	0.00799	0.00491	0.00510	0.00828	0.01075	0.01425	0.07165	0.49165	0.08508	0.14102	0.01137	0.04928	0.00376	0.05890	0.00484	0.00436
7	0.01421	0.41031	0.25886	0.01222	0.01779	0.07704	0.01313	0.01911	0.09871	0.01591	0.01036	0.01140	0.00835	0.00539	0.00451	0.00149	0.00687	0.00381	0.00282	0.00771
8	0.04751	0.39131	0.16840	0.01137	0.01635	0.06338	0.01153	0.10897	0.04084	0.01847	0.06443	0.01304	0.01114	0.00582	0.00458	0.00148	0.00637	0.00417	0.00327	0.00756
9	0.00927	0.00610	0.00803	0.00787	0.00937	0.00565	0.00614	0.01169	0.01487	0.07484	0.48713	0.10014	0.08293	0.01250	0.00681	0.00196	0.00332	0.13994	0.00595	0.00551

[dist]
# distance from previous block
# <min> <max>
0	4

[block]
# block no. 9 follows, 42 sequences, length 7
# corresponding to MSA columns:
# 413-419
name=unknown_J
#
# <colnr> <probs for GDERKNQSTAVLIFYWHMCP>
#	G	D	E	R	K	N	Q	S	T	A	V	L	I	F	Y	W	H	M	C	P
0	0.01593	0.01353	0.01385	0.01283	0.05730	0.08250	0.00943	0.18552	0.38843	0.04456	0.01874	0.04525	0.01495	0.06267	0.00728	0.00206	0.00552	0.00618	0.00514	0.00833
1	0.13083	0.06279	0.05468	0.01652	0.12766	0.15748	0.06766	0.15285	0.06193	0.02111	0.01073	0.01249	0.00849	0.00614	0.00644	0.00173	0.08469	0.00454	0.00354	0.00770
2	0.00972	0.00588	0.00740	0.00753	0.00886	0.00528	0.00537	0.01108	0.01235	0.12670	0.10975	0.40498	0.18427	0.06358	0.00813	0.00227	0.00348	0.01254	0.00547	0.00535
3	0.02359	0.00980	0.01293	0.01007	0.01421	0.00884	0.00826	0.06020	0.05498	0.65921	0.06036	0.02018	0.01593	0.00723	0.00571	0.00175	0.00473	0.00590	0.00680	0.00932
4	0.01754	0.16316	0.01808	0.01226	0.01593	0.13031	0.03187	0.21116	0.16691	0.07430	0.01396	0.01452	0.01073	0.00840	0.04669	0.00204	0.04483	0.00486	0.00436	0.00808
5	0.01305	0.01225	0.02058	0.03049	0.65528	0.01218	0.01551	0.01629	0.01327	0.01900	0.12166	0.01807	0.01543	0.00597	0.00573	0.00169	0.00609	0.00578	0.00329	0.00838
6	0.03372	0.00726	0.00869	0.00827	0.01004	0.00733	0.00642	0.04167	0.12465	0.02188	0.45149	0.06986	0.08477	0.01142	0.00652	0.00191	0.00342	0.08891	0.00582	0.00595

[dist]
# distance from previous block
# <min> <max>
6	19

[block]
# block no. 10 follows, 42 sequences, length 6
# corresponding to MSA columns:
# 442-447
name=unknown_K
#
# <colnr> <probs for GDERKNQSTAVLIFYWHMCP>
#	G	D	E	R	K	N	Q	S	T	A	V	L	I	F	Y	W	H	M	C	P
0	0.00857	0.00807	0.08328	0.00806	0.01004	0.00601	0.00681	0.01077	0.01300	0.04839	0.24556	0.19317	0.20215	0.07474	0.00838	0.00224	0.00385	0.05640	0.00515	0.00535
1	0.11059	0.01239	0.01387	0.01139	0.01489	0.03453	0.06327	0.22297	0.22430	0.06931	0.02032	0.02106	0.08727	0.06023	0.00710	0.00204	0.00539	0.00619	0.00502	0.00787
2	0.32184	0.05839	0.01287	0.01023	0.01349	0.04729	0.04031	0.12753	0.13755	0.02309	0.01417	0.09145	0.01231	0.00947	0.05517	0.00225	0.00582	0.00557	0.00420	0.00702
3	0.06712	0.06235	0.01159	0.00904	0.01179	0.03033	0.00705	0.11975	0.05939	0.08874	0.02007	0.11696	0.07030	0.13143	0.04316	0.00258	0.00533	0.02967	0.00450	0.10885
4	0.08711	0.04022	0.01178	0.03013	0.01250	0.12614	0.05565	0.03145	0.01189	0.01598	0.06544	0.02692	0.07071	0.26190	0.01280	0.00284	0.00592	0.03897	0.00368	0.08796
5	0.07252	0.04138	0.01471	0.01241	0.04842	0.05553	0.05772	0.24547	0.07341	0.05945	0.04986	0.09659	0.03594	0.02644	0.00731	0.05605	0.00565	0.02916	0.00467	0.00731

[dist]
# distance from previous block
# <min> <max>
7	191

# created by:
# /home/cegg/simao/soft/augustus-3.2.1/scripts/msa2prfl.pl ./align_prep/EOG091G0DQ3.fa
