[name]
unknown

[dist]
# distance from previous block
# <min> <max>
0	641

[block]
# block no. 0 follows, 53 sequences, length 20
# corresponding to MSA columns:
# 732-751
name=unknown_A
#
# <colnr> <probs for GDERKNQSTAVLIFYWHMCP>
#	G	D	E	R	K	N	Q	S	T	A	V	L	I	F	Y	W	H	M	C	P
0	0.01386	0.09139	0.06556	0.01165	0.04528	0.33794	0.01849	0.03124	0.21437	0.01478	0.02704	0.03043	0.02104	0.00596	0.00480	0.00142	0.02411	0.03116	0.00323	0.00623
1	0.19268	0.06120	0.06594	0.32580	0.11659	0.03874	0.02419	0.08411	0.01081	0.01645	0.00839	0.01090	0.00646	0.00467	0.00425	0.00148	0.00565	0.00374	0.01195	0.00600
2	0.01208	0.00967	0.01080	0.00822	0.01194	0.00901	0.00662	0.24262	0.06504	0.02015	0.04444	0.01439	0.06358	0.00522	0.00422	0.00108	0.00394	0.00417	0.00375	0.45906
3	0.00942	0.04540	0.45750	0.23288	0.02223	0.01080	0.01452	0.01442	0.06116	0.01437	0.01192	0.01369	0.06095	0.00523	0.00465	0.00153	0.00628	0.00426	0.00240	0.00638
4	0.00702	0.00541	0.00682	0.00673	0.00817	0.00462	0.00478	0.00831	0.00966	0.01361	0.07421	0.54738	0.02572	0.01144	0.00536	0.00157	0.00295	0.01026	0.00405	0.24193
5	0.00726	0.00595	0.00821	0.00808	0.00897	0.03774	0.05265	0.00865	0.00868	0.01168	0.01759	0.28483	0.01908	0.10854	0.35103	0.00463	0.00786	0.04110	0.00327	0.00419
6	0.00985	0.03217	0.49138	0.18655	0.07466	0.01125	0.09863	0.01449	0.01015	0.01450	0.00867	0.01103	0.00635	0.00451	0.00470	0.00153	0.00690	0.00394	0.00211	0.00664
7	0.01218	0.04163	0.61853	0.01240	0.01867	0.01043	0.01516	0.01685	0.01084	0.18282	0.01071	0.01134	0.00728	0.00482	0.00456	0.00149	0.00638	0.00378	0.00285	0.00727
8	0.00759	0.00486	0.00642	0.00607	0.00710	0.00450	0.00447	0.00883	0.01178	0.04780	0.54261	0.03122	0.09414	0.01125	0.00837	0.18395	0.00274	0.00765	0.00455	0.00410
9	0.01122	0.01406	0.18641	0.06318	0.60016	0.01127	0.01524	0.01465	0.01065	0.01535	0.00888	0.01150	0.00719	0.00434	0.00469	0.00145	0.00600	0.00410	0.00228	0.00736
10	0.00669	0.00508	0.00647	0.00675	0.00787	0.00441	0.00470	0.00780	0.00931	0.01292	0.02255	0.65505	0.02640	0.01255	0.00556	0.00168	0.00294	0.01130	0.00410	0.18588
11	0.00768	0.00588	0.00774	0.00765	0.00846	0.01794	0.00571	0.05902	0.00894	0.01237	0.01551	0.19131	0.01622	0.12592	0.44601	0.00535	0.04381	0.00702	0.00312	0.00433
12	0.19230	0.05997	0.01524	0.29407	0.26489	0.01156	0.02804	0.02831	0.02575	0.01572	0.00842	0.01115	0.00669	0.00458	0.00442	0.00148	0.01492	0.00385	0.00248	0.00616
13	0.02722	0.01581	0.01243	0.01060	0.01357	0.37105	0.01784	0.08602	0.16491	0.01594	0.01031	0.01103	0.00817	0.00509	0.00462	0.00125	0.02948	0.00364	0.00321	0.18781
14	0.02018	0.01147	0.01169	0.00940	0.01278	0.17846	0.00755	0.06471	0.01414	0.57650	0.03308	0.01480	0.01115	0.00578	0.00472	0.00142	0.00506	0.00450	0.00511	0.00750
15	0.00950	0.00943	0.01728	0.65063	0.03123	0.01093	0.17707	0.01287	0.00992	0.01287	0.00874	0.01277	0.00656	0.00462	0.00496	0.00160	0.00673	0.00454	0.00219	0.00555
16	0.01162	0.04900	0.56517	0.01328	0.01942	0.01221	0.06210	0.17882	0.01278	0.01820	0.00919	0.01047	0.00657	0.00475	0.00461	0.00149	0.00668	0.00379	0.00263	0.00722
17	0.00859	0.00768	0.01240	0.64746	0.02704	0.00935	0.01107	0.01110	0.00900	0.01159	0.00989	0.01668	0.00871	0.18039	0.00893	0.00224	0.00600	0.00482	0.00229	0.00480
18	0.01035	0.07663	0.56509	0.01233	0.01815	0.01182	0.01462	0.01751	0.19574	0.01602	0.01102	0.01176	0.00808	0.00497	0.00452	0.00151	0.00615	0.00391	0.00269	0.00712
19	0.01111	0.06067	0.01780	0.28509	0.47137	0.02979	0.01357	0.01414	0.02465	0.01423	0.00884	0.01191	0.00719	0.00447	0.00464	0.00145	0.00590	0.00415	0.00232	0.00670

[dist]
# distance from previous block
# <min> <max>
0	8

[block]
# block no. 1 follows, 53 sequences, length 51
# corresponding to MSA columns:
# 760-810
name=unknown_B
#
# <colnr> <probs for GDERKNQSTAVLIFYWHMCP>
#	G	D	E	R	K	N	Q	S	T	A	V	L	I	F	Y	W	H	M	C	P
0	0.00715	0.00556	0.00816	0.00798	0.00872	0.00666	0.00621	0.00872	0.00762	0.01104	0.01235	0.01865	0.01172	0.07104	0.70740	0.00706	0.08202	0.00513	0.00254	0.00429
1	0.01278	0.83490	0.02505	0.00818	0.01227	0.01891	0.00818	0.01431	0.00971	0.01125	0.00664	0.00767	0.00613	0.00409	0.00307	0.00102	0.00511	0.00256	0.00204	0.00613
2	0.01786	0.02247	0.01357	0.01227	0.01478	0.78646	0.00923	0.04445	0.01384	0.01231	0.00752	0.00871	0.00622	0.00495	0.00433	0.00124	0.00851	0.00312	0.00254	0.00563
3	0.00778	0.00610	0.00944	0.07171	0.01236	0.00615	0.06768	0.00999	0.01065	0.01390	0.02333	0.15798	0.03752	0.01208	0.00630	0.00206	0.00457	0.53178	0.00408	0.00455
4	0.02144	0.00813	0.01109	0.00850	0.01220	0.00702	0.00702	0.02329	0.01368	0.80552	0.01886	0.01627	0.01183	0.00592	0.00481	0.00148	0.00407	0.00481	0.00592	0.00813
5	0.01181	0.42796	0.35678	0.01081	0.01604	0.07662	0.01229	0.01503	0.01017	0.01293	0.00752	0.00877	0.00610	0.00435	0.00379	0.00125	0.00621	0.00301	0.00207	0.00648
6	0.00592	0.00424	0.00564	0.00659	0.00695	0.00395	0.00444	0.00691	0.00962	0.01294	0.10840	0.74475	0.03304	0.01442	0.00605	0.00189	0.00272	0.01306	0.00452	0.00395
7	0.00690	0.00483	0.00623	0.00623	0.00658	0.00518	0.00416	0.00760	0.00725	0.01002	0.01413	0.02614	0.01515	0.50495	0.34836	0.00589	0.00799	0.00620	0.00276	0.00346
8	0.02085	0.00908	0.01168	0.00895	0.01267	0.00843	0.00740	0.16096	0.01527	0.66562	0.01752	0.01540	0.01116	0.00588	0.00480	0.00147	0.00428	0.00472	0.00571	0.00813
9	0.00642	0.00474	0.00601	0.00597	0.00700	0.00432	0.00437	0.00826	0.01231	0.01693	0.54332	0.19035	0.15007	0.01111	0.00573	0.00160	0.00238	0.00980	0.00498	0.00432
10	0.00622	0.00486	0.00564	0.00551	0.00686	0.00428	0.00414	0.00793	0.01209	0.01585	0.39913	0.05735	0.41501	0.01109	0.00567	0.00158	0.00239	0.02529	0.00482	0.00426
11	0.01572	0.01759	0.01549	0.01773	0.27559	0.43563	0.01097	0.10266	0.03645	0.01528	0.00872	0.01027	0.00709	0.00484	0.00452	0.00133	0.00713	0.00367	0.00276	0.00656
12	0.01221	0.01043	0.01099	0.00979	0.01255	0.01204	0.00764	0.06443	0.75402	0.02051	0.01904	0.01751	0.01426	0.00645	0.00486	0.00161	0.00386	0.00535	0.00486	0.00759
13	0.00597	0.00438	0.00564	0.00659	0.00713	0.00405	0.00461	0.00698	0.00957	0.01249	0.02944	0.64608	0.14216	0.01440	0.00608	0.00192	0.00287	0.08126	0.00443	0.00395
14	0.01106	0.01441	0.12805	0.01931	0.02443	0.01196	0.68652	0.01529	0.01113	0.01529	0.00953	0.01253	0.00710	0.00409	0.00550	0.00160	0.00793	0.00537	0.00237	0.00653
15	0.01492	0.00999	0.01273	0.01031	0.01264	0.08524	0.08839	0.05517	0.01156	0.27674	0.01272	0.01387	0.00934	0.00663	0.00763	0.04563	0.17829	0.00448	0.13750	0.00621
16	0.00582	0.00416	0.00555	0.00666	0.00693	0.00388	0.00444	0.00666	0.00915	0.01220	0.02634	0.82891	0.03161	0.01497	0.00610	0.00194	0.00277	0.01359	0.00444	0.00388
17	0.00959	0.02472	0.80726	0.01362	0.02069	0.01110	0.01766	0.01514	0.01009	0.01514	0.00858	0.01009	0.00605	0.00454	0.00454	0.00151	0.00706	0.00353	0.00202	0.00706
18	0.01183	0.01136	0.01940	0.02934	0.80221	0.01136	0.01467	0.01467	0.01088	0.01562	0.00899	0.01183	0.00757	0.00426	0.00473	0.00142	0.00568	0.00426	0.00237	0.00757
19	0.02144	0.00813	0.01109	0.00850	0.01220	0.00702	0.00702	0.02329	0.01368	0.80552	0.01886	0.01627	0.01183	0.00592	0.00481	0.00148	0.00407	0.00481	0.00592	0.00813
20	0.00683	0.00510	0.00759	0.00759	0.00842	0.00593	0.00586	0.00848	0.00766	0.01103	0.01288	0.01922	0.01214	0.06429	0.78491	0.00757	0.01251	0.00519	0.00257	0.00422
21	0.00574	0.00485	0.00499	0.00508	0.00662	0.00409	0.00383	0.00698	0.01084	0.01295	0.04664	0.07431	0.73982	0.01225	0.00571	0.00165	0.00252	0.04266	0.00444	0.00405
22	0.01040	0.00994	0.01705	0.42985	0.39400	0.01100	0.03237	0.01344	0.01022	0.01388	0.00876	0.01232	0.00696	0.00452	0.00478	0.00151	0.00609	0.00429	0.00224	0.00640
23	0.01278	0.83490	0.02505	0.00818	0.01227	0.01891	0.00818	0.01431	0.00971	0.01125	0.00664	0.00767	0.00613	0.00409	0.00307	0.00102	0.00511	0.00256	0.00204	0.00613
24	0.01300	0.00627	0.00711	0.00613	0.00816	0.00613	0.00484	0.09077	0.01218	0.21864	0.01601	0.01680	0.01174	0.00567	0.00385	0.00124	0.00299	0.00453	0.55818	0.00575
25	0.00656	0.00488	0.00611	0.00580	0.00702	0.00442	0.00435	0.00863	0.01305	0.01803	0.66290	0.03758	0.18260	0.01020	0.00564	0.00152	0.00229	0.00891	0.00511	0.00442
26	0.01204	0.01027	0.01159	0.04711	0.02808	0.01139	0.02121	0.09631	0.55996	0.01986	0.01679	0.02950	0.01283	0.00608	0.00474	0.00151	0.00411	0.00509	0.00442	0.09711
27	0.01360	0.00895	0.01068	0.00785	0.01192	0.00746	0.00637	0.09978	0.01220	0.20739	0.01132	0.01161	0.00834	0.00435	0.00398	0.00097	0.00386	0.00347	0.00379	0.56212
28	0.01315	0.01473	0.09566	0.07471	0.34463	0.14780	0.11971	0.08444	0.01232	0.03389	0.00918	0.01139	0.00720	0.00457	0.00478	0.00144	0.00661	0.00419	0.00264	0.00693
29	0.00990	0.07075	0.70206	0.01381	0.02053	0.01163	0.07608	0.01510	0.01016	0.01492	0.00855	0.01017	0.00615	0.00448	0.00454	0.00149	0.00703	0.00364	0.00205	0.00696
30	0.00683	0.00512	0.00768	0.00768	0.00853	0.00597	0.00597	0.00853	0.00768	0.01110	0.01280	0.01878	0.01195	0.03585	0.81308	0.00768	0.01280	0.00512	0.00256	0.00427
31	0.01189	0.01027	0.01081	0.00973	0.01243	0.01189	0.00757	0.02540	0.79357	0.01999	0.01945	0.01783	0.01459	0.00648	0.00486	0.00162	0.00378	0.00540	0.00486	0.00757
32	0.16766	0.00858	0.01042	0.00825	0.01175	0.00818	0.00678	0.03490	0.07281	0.59536	0.01665	0.01483	0.01082	0.00570	0.00449	0.00149	0.00400	0.00446	0.00530	0.00758
33	0.02063	0.00879	0.01141	0.00878	0.01240	0.00807	0.00722	0.13082	0.01476	0.67681	0.01772	0.01595	0.01144	0.02564	0.00527	0.00155	0.00425	0.00479	0.00568	0.00801
34	0.00891	0.00445	0.00445	0.00445	0.00557	0.00445	0.00334	0.01114	0.01002	0.01782	0.01559	0.01782	0.01225	0.00557	0.00334	0.00111	0.00223	0.00445	0.85856	0.00445
35	0.01792	0.01400	0.01416	0.01105	0.01473	0.07606	0.00904	0.70012	0.04933	0.02834	0.01145	0.01148	0.00821	0.00570	0.00475	0.00143	0.00547	0.00425	0.00461	0.00791
36	0.01065	0.01014	0.01701	0.22564	0.54834	0.01061	0.01347	0.01345	0.01055	0.01455	0.01190	0.01468	0.06820	0.00499	0.00481	0.00148	0.00560	0.00470	0.00246	0.00673
37	0.00595	0.00426	0.00574	0.00679	0.00713	0.00406	0.00464	0.00688	0.00913	0.01221	0.02553	0.75527	0.03034	0.01611	0.05230	0.00228	0.00340	0.03972	0.00433	0.00392
38	0.00582	0.00416	0.00555	0.00666	0.00693	0.00388	0.00444	0.00666	0.00915	0.01220	0.02634	0.82891	0.03161	0.01497	0.00610	0.00194	0.00277	0.01359	0.00444	0.00388
39	0.00768	0.06949	0.03617	0.00664	0.00826	0.00595	0.00547	0.00999	0.01299	0.03460	0.65485	0.03317	0.03913	0.00925	0.00543	0.00150	0.00279	0.04698	0.00487	0.00479
40	0.01128	0.01289	0.02820	0.02015	0.02498	0.01209	0.78485	0.01531	0.01128	0.01531	0.00967	0.01289	0.00725	0.00403	0.00564	0.00161	0.00806	0.00564	0.00242	0.00645
41	0.00680	0.00508	0.00743	0.00743	0.00825	0.00582	0.00570	0.00838	0.00774	0.01104	0.01413	0.02050	0.03837	0.08729	0.73465	0.00728	0.01192	0.00541	0.00264	0.00417
42	0.01155	0.01107	0.01890	0.10810	0.72563	0.01128	0.01453	0.01442	0.01075	0.01528	0.00894	0.01192	0.00745	0.00431	0.00474	0.00144	0.00575	0.00426	0.00234	0.00735
43	0.01818	0.00754	0.01014	0.00802	0.01116	0.00665	0.00652	0.03725	0.01384	0.61700	0.18867	0.02039	0.01899	0.00675	0.00499	0.00148	0.00370	0.00563	0.00575	0.00735
44	0.02128	0.00840	0.01126	0.00863	0.01234	0.00742	0.00713	0.06243	0.01413	0.76574	0.01848	0.01602	0.01164	0.00591	0.00481	0.00148	0.00413	0.00478	0.00586	0.00813
45	0.00691	0.00462	0.00523	0.00527	0.00528	0.00461	0.00295	0.00694	0.00703	0.00937	0.01547	0.06028	0.01789	0.80231	0.02366	0.00454	0.00457	0.00719	0.00295	0.00293
46	0.01165	0.01131	0.01813	0.17716	0.61303	0.04341	0.01410	0.02705	0.01093	0.01506	0.00887	0.01187	0.00730	0.00441	0.00472	0.00144	0.00592	0.00421	0.00236	0.00707
47	0.01035	0.01136	0.02382	0.01753	0.02140	0.01089	0.61843	0.01371	0.01077	0.01462	0.01262	0.13027	0.02583	0.00597	0.00622	0.00168	0.04901	0.00679	0.00273	0.00597
48	0.00665	0.00488	0.00624	0.00590	0.00707	0.00446	0.00442	0.00881	0.01327	0.01855	0.72514	0.03672	0.12003	0.01000	0.00564	0.00151	0.00227	0.00879	0.00518	0.00446
49	0.01136	0.01228	0.02467	0.02142	0.20341	0.01211	0.52668	0.01511	0.03028	0.01520	0.00949	0.01258	0.00743	0.00448	0.00620	0.00161	0.07141	0.00520	0.00244	0.00664
50	0.53739	0.03719	0.00915	0.00732	0.01043	0.02740	0.00601	0.13995	0.03852	0.02161	0.00856	0.00948	0.00659	0.00471	0.00342	0.00138	0.00401	0.00310	0.05223	0.07154

[dist]
# distance from previous block
# <min> <max>
0	1

[block]
# block no. 2 follows, 53 sequences, length 14
# corresponding to MSA columns:
# 812-825
name=unknown_C
#
# <colnr> <probs for GDERKNQSTAVLIFYWHMCP>
#	G	D	E	R	K	N	Q	S	T	A	V	L	I	F	Y	W	H	M	C	P
0	0.06706	0.12382	0.54296	0.01274	0.01877	0.01240	0.07067	0.07028	0.01089	0.01615	0.00850	0.00994	0.00624	0.00453	0.00435	0.00145	0.00654	0.00356	0.00231	0.00685
1	0.00700	0.00506	0.00606	0.00588	0.00624	0.00523	0.00383	0.00760	0.00829	0.01122	0.12646	0.03115	0.09018	0.54193	0.07418	0.00399	0.05177	0.00718	0.00329	0.00345
2	0.10344	0.00942	0.01104	0.00830	0.01222	0.00853	0.03244	0.12130	0.04741	0.13518	0.01078	0.01130	0.00807	0.00444	0.00397	0.00108	0.00403	0.00351	0.00365	0.45989
3	0.01491	0.01252	0.01246	0.01045	0.01358	0.07666	0.00831	0.33300	0.41941	0.02344	0.01527	0.01453	0.01130	0.00606	0.00479	0.00151	0.00476	0.00477	0.00464	0.00763
4	0.00610	0.00480	0.00550	0.00545	0.00676	0.00421	0.00404	0.00768	0.01177	0.01529	0.33951	0.10804	0.44094	0.01144	0.00568	0.00160	0.00239	0.00982	0.00476	0.00421
5	0.01105	0.39718	0.44766	0.01112	0.01682	0.01469	0.01330	0.01476	0.00992	0.01335	0.00769	0.00898	0.00609	0.00433	0.00386	0.00129	0.00617	0.00308	0.00203	0.00664
6	0.01512	0.13312	0.16079	0.01020	0.01439	0.01090	0.04843	0.06291	0.14051	0.29962	0.02919	0.01468	0.02758	0.00559	0.00459	0.00145	0.00493	0.00454	0.00417	0.00731
7	0.00695	0.00463	0.00521	0.00521	0.00521	0.00463	0.00290	0.00695	0.00695	0.00927	0.01506	0.03128	0.01738	0.83203	0.02433	0.00463	0.00463	0.00695	0.00290	0.00290
8	0.00978	0.00646	0.00765	0.00713	0.00885	0.00656	0.00566	0.06845	0.12127	0.07054	0.28734	0.02984	0.05200	0.00855	0.00511	0.00155	0.00313	0.12312	0.17159	0.00539
9	0.01114	0.01078	0.04365	0.33939	0.30471	0.01122	0.08079	0.05398	0.05063	0.03318	0.00972	0.01261	0.00750	0.00468	0.00483	0.00152	0.00605	0.00442	0.00259	0.00660
10	0.01228	0.01044	0.01765	0.10877	0.57376	0.01057	0.03645	0.01503	0.01089	0.09874	0.01020	0.01278	0.00811	0.00610	0.04612	0.00177	0.00602	0.00440	0.00273	0.00719
11	0.00706	0.00509	0.00695	0.05333	0.00847	0.00564	0.00504	0.00815	0.00755	0.01058	0.01357	0.02363	0.01390	0.36604	0.41523	0.00588	0.00874	0.00582	0.02558	0.00376
12	0.00955	0.00891	0.01498	0.58733	0.20141	0.01042	0.01318	0.01259	0.00995	0.01311	0.00981	0.01549	0.00815	0.00527	0.00490	0.00160	0.00608	0.05917	0.00234	0.00574
13	0.00605	0.00432	0.00580	0.00691	0.00729	0.00408	0.00483	0.00704	0.00937	0.01245	0.02622	0.73651	0.03112	0.01476	0.00616	0.00197	0.00297	0.10377	0.00443	0.00394

[dist]
# distance from previous block
# <min> <max>
1	2

[block]
# block no. 3 follows, 53 sequences, length 19
# corresponding to MSA columns:
# 828-846
name=unknown_D
#
# <colnr> <probs for GDERKNQSTAVLIFYWHMCP>
#	G	D	E	R	K	N	Q	S	T	A	V	L	I	F	Y	W	H	M	C	P
0	0.00891	0.00445	0.00445	0.00445	0.00557	0.00445	0.00334	0.01114	0.01002	0.01782	0.01559	0.01782	0.01225	0.00557	0.00334	0.00111	0.00223	0.00445	0.85856	0.00445
1	0.01054	0.00877	0.01032	0.00750	0.01154	0.00707	0.00603	0.04391	0.01041	0.03469	0.00877	0.01015	0.00720	0.00389	0.00412	0.00081	0.03757	0.00299	0.00295	0.77076
2	0.01853	0.00803	0.01028	0.00836	0.01143	0.03243	0.00669	0.03823	0.01309	0.62355	0.01962	0.15760	0.01501	0.00746	0.00502	0.00155	0.00402	0.00627	0.00552	0.00731
3	0.02144	0.00813	0.01109	0.00850	0.01220	0.00702	0.00702	0.02329	0.01368	0.80552	0.01886	0.01627	0.01183	0.00592	0.00481	0.00148	0.00407	0.00481	0.00592	0.00813
4	0.00653	0.00467	0.00639	0.00746	0.00805	0.00453	0.00566	0.00788	0.00977	0.01292	0.02554	0.52462	0.02951	0.01500	0.03198	0.00222	0.00368	0.28514	0.00436	0.00408
5	0.00996	0.02323	0.74194	0.01310	0.01979	0.01066	0.01669	0.01522	0.01038	0.04774	0.04125	0.01139	0.00788	0.00481	0.00460	0.00151	0.00674	0.00379	0.00231	0.00700
6	0.00903	0.00850	0.01434	0.82054	0.03292	0.01062	0.01327	0.01221	0.00956	0.01221	0.00850	0.01274	0.00637	0.00478	0.00478	0.00159	0.00637	0.00425	0.00212	0.00531
7	0.00569	0.00484	0.00490	0.00489	0.00648	0.00405	0.00367	0.00695	0.01100	0.01317	0.07898	0.04558	0.76955	0.01201	0.00565	0.00161	0.00241	0.01003	0.00447	0.00405
8	0.01096	0.01057	0.01813	0.25266	0.51995	0.01131	0.04571	0.01387	0.01038	0.01447	0.00877	0.01208	0.00716	0.00456	0.00523	0.00150	0.03930	0.00431	0.00229	0.00679
9	0.00959	0.02472	0.80726	0.01362	0.02069	0.01110	0.01766	0.01514	0.01009	0.01514	0.00858	0.01009	0.00605	0.00454	0.00454	0.00151	0.00706	0.00353	0.00202	0.00706
10	0.13446	0.61442	0.02084	0.00830	0.01197	0.09893	0.00777	0.01458	0.00987	0.01276	0.00719	0.02719	0.00660	0.00448	0.00325	0.00113	0.00522	0.00287	0.00227	0.00588
11	0.00941	0.00893	0.01488	0.68296	0.11051	0.01098	0.01322	0.01241	0.00954	0.01251	0.00839	0.01249	0.00649	0.00498	0.00553	0.00161	0.06324	0.00424	0.00215	0.00554
12	0.00991	0.00850	0.00991	0.00708	0.01133	0.00637	0.00566	0.01203	0.00991	0.01557	0.00850	0.00991	0.00708	0.00354	0.00354	0.00071	0.00354	0.00283	0.00283	0.86124
13	0.00690	0.00668	0.00574	0.00561	0.00731	0.08710	0.00421	0.00812	0.01117	0.01279	0.04421	0.04216	0.71871	0.01137	0.00551	0.00157	0.00306	0.00937	0.00424	0.00419
14	0.01127	0.00964	0.01027	0.00941	0.01186	0.01107	0.00724	0.02347	0.71301	0.01919	0.02016	0.10113	0.01634	0.00736	0.00499	0.00165	0.00368	0.00624	0.00482	0.00719
15	0.00573	0.00484	0.00495	0.00492	0.00650	0.00407	0.00369	0.00701	0.01108	0.01335	0.10078	0.04528	0.74764	0.01194	0.00565	0.00161	0.00241	0.00999	0.00450	0.00407
16	0.01139	0.01087	0.01836	0.12962	0.67106	0.01106	0.01412	0.01425	0.01067	0.01518	0.00891	0.01187	0.00740	0.00430	0.00469	0.00141	0.00568	0.00420	0.00235	0.04264
17	0.01274	0.80456	0.02484	0.00896	0.04137	0.01863	0.00842	0.01433	0.00975	0.01141	0.00673	0.00782	0.00619	0.00410	0.00313	0.00104	0.00513	0.00262	0.00206	0.00619
18	0.04814	0.71860	0.02314	0.00852	0.01240	0.09930	0.00816	0.01479	0.01004	0.01171	0.00672	0.00777	0.00610	0.00419	0.00319	0.00106	0.00541	0.00261	0.00212	0.00603

[dist]
# distance from previous block
# <min> <max>
0	2

[block]
# block no. 4 follows, 53 sequences, length 99
# corresponding to MSA columns:
# 849-947
name=unknown_E
#
# <colnr> <probs for GDERKNQSTAVLIFYWHMCP>
#	G	D	E	R	K	N	Q	S	T	A	V	L	I	F	Y	W	H	M	C	P
0	0.10265	0.04893	0.01844	0.02541	0.65069	0.01158	0.03432	0.01455	0.01055	0.01601	0.00885	0.01175	0.00748	0.00437	0.00451	0.00142	0.00549	0.01336	0.00244	0.00718
1	0.86579	0.00924	0.00702	0.00629	0.00924	0.01072	0.00518	0.01405	0.00813	0.02144	0.00666	0.00776	0.00518	0.00444	0.00296	0.00148	0.00370	0.00259	0.00296	0.00518
2	0.01786	0.02248	0.01357	0.01227	0.01478	0.78737	0.00923	0.04357	0.01383	0.01229	0.00752	0.00871	0.00622	0.00495	0.00432	0.00124	0.00851	0.00312	0.00254	0.00562
3	0.01113	0.00855	0.00952	0.00889	0.01106	0.00947	0.00679	0.02046	0.52801	0.08095	0.02116	0.20845	0.01868	0.00859	0.00519	0.00170	0.00358	0.02631	0.00484	0.00667
4	0.01709	0.01519	0.01342	0.01101	0.01418	0.23030	0.00875	0.51583	0.01898	0.02369	0.01156	0.07618	0.00947	0.00626	0.00476	0.00142	0.00597	0.00471	0.00413	0.00709
5	0.01099	0.01122	0.05427	0.23539	0.56526	0.01115	0.01444	0.01405	0.01050	0.01470	0.00884	0.01199	0.00719	0.00441	0.00474	0.00147	0.00592	0.00422	0.00229	0.00696
6	0.01020	0.00526	0.00570	0.00531	0.00668	0.00527	0.00401	0.05119	0.01063	0.08379	0.01551	0.01848	0.01241	0.07293	0.03523	0.00169	0.00312	0.00470	0.64309	0.00482
7	0.00577	0.00485	0.00501	0.00497	0.00653	0.00409	0.00372	0.00709	0.01117	0.01358	0.12834	0.04490	0.71994	0.01186	0.00565	0.00160	0.00240	0.00993	0.00453	0.00409
8	0.02144	0.00813	0.01109	0.00850	0.01220	0.00702	0.00702	0.02329	0.01368	0.80552	0.01886	0.01627	0.01183	0.00592	0.00481	0.00148	0.00407	0.00481	0.00592	0.00813
9	0.01238	0.71398	0.10548	0.00929	0.01372	0.01780	0.04483	0.01444	0.00982	0.01183	0.00698	0.00816	0.00618	0.00413	0.00334	0.00110	0.00545	0.00280	0.00206	0.00624
10	0.00609	0.00506	0.00536	0.00536	0.00687	0.00446	0.00399	0.00800	0.04988	0.01389	0.12707	0.10619	0.61743	0.01180	0.00564	0.00163	0.00250	0.00998	0.00455	0.00425
11	0.00761	0.00556	0.00693	0.00634	0.00771	0.00531	0.00482	0.07115	0.01409	0.01967	0.69145	0.03438	0.08747	0.00959	0.00557	0.00150	0.00251	0.00838	0.00517	0.00477
12	0.01709	0.01212	0.01328	0.01037	0.01388	0.01321	0.00855	0.65154	0.02083	0.07525	0.07553	0.01516	0.01198	0.00633	0.00491	0.00147	0.00492	0.03099	0.00487	0.00771
13	0.00621	0.00432	0.00571	0.00675	0.00716	0.00409	0.00472	0.00727	0.00940	0.01276	0.02559	0.69845	0.03002	0.01422	0.00599	0.00192	0.00291	0.09284	0.05571	0.00397
14	0.00762	0.00516	0.00576	0.00556	0.00579	0.00525	0.00327	0.05374	0.00788	0.01052	0.01484	0.03009	0.01682	0.78242	0.02315	0.00444	0.00467	0.00679	0.00301	0.00321
15	0.00574	0.00485	0.00497	0.00494	0.00651	0.00407	0.00370	0.00703	0.01111	0.01341	0.10860	0.04517	0.73978	0.01192	0.00565	0.00161	0.00241	0.00997	0.00450	0.00407
16	0.01189	0.01027	0.01081	0.00973	0.01243	0.01189	0.00757	0.02540	0.79357	0.01999	0.01945	0.01783	0.01459	0.00648	0.00486	0.00162	0.00378	0.00540	0.00486	0.00757
17	0.00628	0.00485	0.00574	0.00571	0.00693	0.00436	0.00421	0.00811	0.02469	0.01574	0.38322	0.15532	0.33476	0.01138	0.00570	0.00161	0.00242	0.00987	0.00482	0.00428
18	0.00751	0.00538	0.00748	0.00856	0.00960	0.00534	0.00736	0.00959	0.01085	0.01411	0.02583	0.11584	0.04242	0.01332	0.00654	0.00217	0.00423	0.69510	0.00440	0.00435
19	0.01278	0.83490	0.02505	0.00818	0.01227	0.01891	0.00818	0.01431	0.00971	0.01125	0.00664	0.00767	0.00613	0.00409	0.00307	0.00102	0.00511	0.00256	0.00204	0.00613
20	0.01173	0.01115	0.01846	0.05774	0.70393	0.01137	0.01400	0.01551	0.07921	0.01587	0.00989	0.01239	0.00814	0.00447	0.00475	0.00144	0.00554	0.00436	0.00257	0.00748
21	0.00582	0.00416	0.00555	0.00666	0.00693	0.00388	0.00444	0.00666	0.00915	0.01220	0.02634	0.82891	0.03161	0.01497	0.00610	0.00194	0.00277	0.01359	0.00444	0.00388
22	0.00980	0.00893	0.01441	0.74460	0.04226	0.01097	0.01296	0.07425	0.01061	0.01369	0.00874	0.01263	0.00653	0.00485	0.00478	0.00158	0.00627	0.00425	0.00234	0.00557
23	0.00609	0.00435	0.00585	0.00696	0.00735	0.00411	0.00489	0.00711	0.00941	0.01250	0.02620	0.72030	0.03104	0.01473	0.00617	0.00198	0.00300	0.11959	0.00443	0.00395
24	0.02199	0.17967	0.50309	0.01413	0.08290	0.04024	0.06469	0.01507	0.01025	0.01440	0.00824	0.00986	0.00626	0.00441	0.00431	0.00141	0.00665	0.00351	0.00211	0.00681
25	0.00599	0.00493	0.00526	0.00542	0.00690	0.00427	0.00418	0.00729	0.01076	0.01297	0.04391	0.04657	0.66172	0.04265	0.00648	0.00181	0.00278	0.11769	0.00438	0.00404
26	0.01063	0.02848	0.01587	0.48394	0.23512	0.07456	0.01306	0.01342	0.01011	0.01302	0.00838	0.01194	0.00666	0.00483	0.00529	0.00153	0.05089	0.00412	0.00221	0.00594
27	0.01907	0.00805	0.01041	0.00824	0.01156	0.00739	0.00672	0.03660	0.09200	0.62718	0.01843	0.01650	0.01208	0.00593	0.00465	0.00145	0.00386	0.00482	0.09734	0.00768
28	0.00812	0.00617	0.00845	0.00989	0.05738	0.01916	0.00789	0.01055	0.02510	0.01482	0.08421	0.04859	0.02710	0.01214	0.00635	0.00207	0.00437	0.63865	0.00432	0.00467
29	0.01347	0.76868	0.02393	0.00820	0.01226	0.01796	0.00809	0.01503	0.01003	0.07487	0.00762	0.00836	0.00659	0.00424	0.00321	0.00106	0.00503	0.00274	0.00235	0.00629
30	0.01130	0.13919	0.53158	0.01282	0.03974	0.01166	0.04500	0.01564	0.01050	0.09417	0.01001	0.01214	0.00753	0.00491	0.00448	0.00147	0.00638	0.03203	0.00253	0.00693
31	0.00583	0.00446	0.00536	0.00596	0.00678	0.00399	0.00415	0.00691	0.01012	0.01300	0.09445	0.48683	0.30788	0.01354	0.00590	0.00179	0.00261	0.01195	0.00450	0.00399
32	0.01087	0.01255	0.05950	0.01731	0.02071	0.01268	0.50120	0.01402	0.00996	0.01407	0.00866	0.01215	0.00700	0.00600	0.02501	0.00187	0.25296	0.00510	0.00230	0.00606
33	0.00969	0.00832	0.00999	0.00729	0.01132	0.00633	0.01996	0.01177	0.00989	0.01537	0.00959	0.05913	0.00856	0.00424	0.00373	0.00080	0.00358	0.00353	0.00292	0.79401
34	0.01218	0.64681	0.15800	0.00920	0.01372	0.01715	0.00976	0.01512	0.05683	0.01244	0.00774	0.00869	0.00663	0.00431	0.00343	0.00114	0.00537	0.00289	0.00221	0.00638
35	0.00595	0.00429	0.00565	0.00655	0.00698	0.00398	0.00447	0.00698	0.00974	0.01304	0.11343	0.69792	0.06285	0.01425	0.00604	0.00188	0.00273	0.02479	0.00453	0.00397
36	0.00988	0.00937	0.01588	0.57918	0.26760	0.01084	0.01370	0.01296	0.00996	0.01325	0.00865	0.01246	0.00674	0.00462	0.00476	0.00154	0.00616	0.00425	0.00220	0.00600
37	0.01117	0.42667	0.41918	0.01092	0.01651	0.01498	0.01296	0.01473	0.00990	0.01321	0.00762	0.00889	0.00609	0.00432	0.00381	0.00127	0.00610	0.00305	0.00203	0.00660
38	0.00581	0.00421	0.00549	0.00651	0.00689	0.00389	0.00437	0.00667	0.00929	0.01226	0.02811	0.76620	0.09318	0.01474	0.00606	0.00191	0.00274	0.01331	0.00444	0.00389
39	0.01039	0.00781	0.02661	0.04117	0.10198	0.00772	0.01851	0.10707	0.01246	0.07633	0.11413	0.07958	0.02144	0.03101	0.03822	0.00209	0.01483	0.27893	0.00414	0.00557
40	0.01058	0.30800	0.50553	0.01148	0.01726	0.01359	0.01388	0.01456	0.00993	0.01367	0.00851	0.03737	0.00696	0.00474	0.00408	0.00136	0.00623	0.00354	0.00211	0.00663
41	0.01215	0.01117	0.01070	0.00963	0.01225	0.09201	0.00746	0.04327	0.63206	0.01886	0.02035	0.01899	0.07650	0.00676	0.00487	0.00158	0.00420	0.00552	0.00459	0.00709
42	0.00756	0.00542	0.00759	0.00860	0.00967	0.00545	0.00743	0.00966	0.01074	0.01402	0.02493	0.07832	0.03794	0.01461	0.05499	0.00251	0.00482	0.68709	0.00429	0.00437
43	0.08478	0.06227	0.02707	0.01118	0.01385	0.43329	0.00893	0.12022	0.02202	0.07038	0.00867	0.00974	0.00684	0.00540	0.00548	0.00139	0.09595	0.00345	0.00301	0.00608
44	0.00911	0.00831	0.01363	0.74567	0.03062	0.01029	0.01250	0.01257	0.03460	0.01280	0.00927	0.01321	0.00699	0.00488	0.00470	0.00157	0.00604	0.00430	0.05362	0.00533
45	0.00651	0.00465	0.00633	0.00743	0.00801	0.00447	0.00562	0.00783	0.00982	0.01296	0.02597	0.54751	0.03012	0.01433	0.00628	0.00204	0.00336	0.28825	0.00442	0.00407
46	0.05599	0.01216	0.01303	0.01030	0.01383	0.01340	0.00845	0.57428	0.12537	0.07177	0.01376	0.01392	0.02543	0.00606	0.00476	0.00148	0.00485	0.01864	0.00476	0.00777
47	0.00904	0.00791	0.00834	0.00789	0.00922	0.06917	0.00607	0.05882	0.08134	0.01483	0.05199	0.19248	0.22730	0.01014	0.00683	0.00169	0.12327	0.03629	0.07244	0.00493
48	0.00600	0.00443	0.00564	0.00644	0.00707	0.00407	0.00452	0.00711	0.00994	0.01305	0.09478	0.57739	0.16318	0.01393	0.00602	0.00187	0.00278	0.06330	0.00450	0.00400
49	0.01006	0.03110	0.01035	0.00720	0.01139	0.00690	0.00580	0.01256	0.03683	0.01561	0.00882	0.01012	0.00731	0.00366	0.00357	0.00075	0.00359	0.00291	0.00288	0.80859
50	0.01418	0.07751	0.09160	0.05058	0.06196	0.07479	0.00922	0.17837	0.01348	0.13269	0.01088	0.01231	0.00827	0.00496	0.00432	0.00124	0.00515	0.02381	0.00350	0.22119
51	0.05245	0.59991	0.08155	0.00929	0.01339	0.09734	0.02458	0.05048	0.01067	0.01301	0.00715	0.00823	0.00620	0.00430	0.00343	0.00113	0.00561	0.00283	0.00226	0.00620
52	0.00769	0.00540	0.00603	0.00583	0.00615	0.01702	0.00358	0.04820	0.00793	0.01056	0.01456	0.02882	0.01626	0.70735	0.09162	0.00468	0.00544	0.00660	0.00296	0.00333
53	0.00996	0.14716	0.66663	0.01256	0.01902	0.01209	0.01584	0.01479	0.01006	0.01449	0.00937	0.01070	0.02773	0.00468	0.00435	0.00144	0.00664	0.00356	0.00209	0.00684
54	0.76656	0.00911	0.00750	0.00655	0.00959	0.01029	0.00539	0.01514	0.00879	0.11359	0.00809	0.00876	0.00596	0.00461	0.00318	0.00148	0.00374	0.00285	0.00331	0.00552
55	0.01119	0.01067	0.01800	0.21060	0.60386	0.01120	0.01415	0.01440	0.03197	0.01495	0.00916	0.01220	0.00749	0.00444	0.00475	0.00146	0.00579	0.00429	0.00238	0.00705
56	0.01072	0.08174	0.22541	0.02205	0.01784	0.01073	0.25791	0.03583	0.06165	0.05342	0.08820	0.06117	0.03979	0.00591	0.00504	0.00153	0.00595	0.00561	0.00312	0.00636
57	0.01151	0.01040	0.01640	0.07055	0.55070	0.01066	0.01240	0.01576	0.12504	0.04297	0.01398	0.01565	0.07216	0.00530	0.00483	0.00148	0.00513	0.00491	0.00300	0.00717
58	0.00677	0.00492	0.00640	0.00613	0.00727	0.00455	0.00466	0.00897	0.01326	0.01859	0.71869	0.03727	0.07873	0.01008	0.00570	0.00155	0.00239	0.05442	0.00517	0.00448
59	0.02606	0.03050	0.07558	0.04632	0.06474	0.17494	0.12118	0.26305	0.02462	0.09544	0.01082	0.02597	0.00812	0.00525	0.00476	0.00144	0.00635	0.00436	0.00354	0.00698
60	0.01144	0.04816	0.16678	0.03087	0.21553	0.06990	0.17228	0.02417	0.05519	0.03573	0.01151	0.07588	0.01001	0.00569	0.00516	0.00154	0.02130	0.02948	0.00278	0.00659
61	0.00830	0.00415	0.00623	0.00623	0.00623	0.00415	0.00415	0.00623	0.00623	0.00830	0.00830	0.01453	0.00830	0.01660	0.01868	0.86094	0.00415	0.00415	0.00208	0.00208
62	0.00607	0.00419	0.00567	0.00665	0.00692	0.00397	0.00446	0.00668	0.00885	0.01182	0.02432	0.73138	0.02893	0.01578	0.03296	0.07772	0.00321	0.01249	0.00417	0.00374
63	0.02884	0.19153	0.03278	0.02640	0.08960	0.04825	0.15743	0.08140	0.15028	0.05538	0.08060	0.01424	0.01184	0.00531	0.00460	0.00141	0.00539	0.00467	0.00338	0.00666
64	0.01260	0.01019	0.03110	0.01054	0.04900	0.01084	0.01758	0.10353	0.47928	0.08304	0.05450	0.02025	0.03669	0.00688	0.00501	0.00161	0.00412	0.05132	0.00470	0.00722
65	0.00622	0.00442	0.00589	0.00692	0.00732	0.00421	0.00488	0.00723	0.00931	0.01235	0.02538	0.64134	0.02992	0.07199	0.00746	0.00217	0.00318	0.14158	0.00432	0.00390
66	0.05914	0.11284	0.01443	0.01011	0.01366	0.15266	0.00832	0.40119	0.01689	0.06232	0.01030	0.02388	0.00788	0.00530	0.00432	0.00130	0.00549	0.00384	0.00384	0.08230
67	0.13080	0.03384	0.21715	0.01065	0.01490	0.11470	0.01033	0.22505	0.04142	0.11755	0.03214	0.01164	0.00859	0.00527	0.00440	0.00144	0.00566	0.00389	0.00362	0.00696
68	0.00782	0.00576	0.00829	0.08024	0.01193	0.00595	0.00819	0.01011	0.01088	0.01412	0.02383	0.05029	0.02565	0.01246	0.00644	0.00215	0.00457	0.70264	0.00420	0.00448
69	0.01428	0.01176	0.01925	0.08004	0.05872	0.01204	0.30847	0.22280	0.07723	0.11834	0.01192	0.01324	0.00858	0.00504	0.00525	0.00154	0.01572	0.00496	0.00365	0.00715
70	0.02116	0.00860	0.01138	0.00872	0.01243	0.00771	0.00721	0.09044	0.01445	0.73728	0.01821	0.01585	0.01151	0.00590	0.00480	0.00148	0.00417	0.00476	0.00582	0.00813
71	0.01723	0.01251	0.01379	0.01059	0.01425	0.01363	0.00874	0.63594	0.02010	0.07134	0.01136	0.01155	0.00815	0.00569	0.00523	0.00141	0.04668	0.00420	0.00454	0.08306
72	0.01345	0.74000	0.04520	0.00836	0.01249	0.01765	0.00834	0.01512	0.01007	0.08126	0.00777	0.00849	0.00663	0.00426	0.00326	0.00108	0.00507	0.00278	0.00238	0.00634
73	0.01017	0.05468	0.62088	0.01281	0.01880	0.07508	0.03638	0.01489	0.01069	0.01507	0.07806	0.01221	0.00953	0.00500	0.00459	0.00147	0.00671	0.00396	0.00235	0.00666
74	0.00627	0.00458	0.00590	0.00658	0.00718	0.00416	0.00442	0.00715	0.00904	0.01226	0.02387	0.69294	0.02831	0.07941	0.00734	0.00205	0.00299	0.01211	0.00417	0.07926
75	0.01488	0.18659	0.08558	0.01038	0.01427	0.02977	0.00931	0.37224	0.19019	0.02223	0.01190	0.01191	0.00893	0.00544	0.00441	0.00139	0.00512	0.00409	0.00394	0.00744
76	0.01136	0.37848	0.37822	0.01087	0.01615	0.03089	0.01244	0.01576	0.07895	0.01379	0.00866	0.00968	0.00684	0.00452	0.00392	0.00130	0.00595	0.00326	0.00229	0.00667
77	0.03017	0.04430	0.11697	0.01097	0.01472	0.07043	0.08905	0.20027	0.07885	0.12800	0.04009	0.08489	0.01181	0.00618	0.00479	0.00146	0.00530	0.00520	0.00391	0.05264
78	0.01116	0.01251	0.02659	0.01900	0.02378	0.01158	0.71627	0.01502	0.01116	0.01533	0.00957	0.01263	0.00724	0.00399	0.00546	0.00153	0.00766	0.00539	0.00245	0.08168
79	0.01113	0.00622	0.00798	0.00688	0.00885	0.00574	0.00538	0.05920	0.01395	0.22034	0.50940	0.02988	0.07811	0.00868	0.00537	0.00150	0.00291	0.00749	0.00535	0.00563
80	0.00903	0.00850	0.01434	0.82054	0.03292	0.01062	0.01327	0.01221	0.00956	0.01221	0.00850	0.01274	0.00637	0.00478	0.00478	0.00159	0.00637	0.00425	0.00212	0.00531
81	0.01108	0.01251	0.02698	0.09059	0.02568	0.01196	0.71694	0.01504	0.01113	0.01504	0.00957	0.01288	0.00717	0.00409	0.00556	0.00161	0.00791	0.00552	0.00239	0.00635
82	0.00781	0.00560	0.00716	0.00771	0.00865	0.00560	0.00600	0.07665	0.01089	0.01433	0.02392	0.32402	0.04723	0.10634	0.00825	0.00230	0.00387	0.32501	0.00428	0.00436
83	0.00664	0.00523	0.00693	0.00822	0.07094	0.00472	0.00524	0.00780	0.00964	0.01289	0.02692	0.56582	0.15080	0.01265	0.00569	0.00174	0.00302	0.01133	0.00413	0.07966
84	0.00822	0.00496	0.00584	0.00562	0.00598	0.00491	0.00340	0.00846	0.00758	0.07943	0.01529	0.02938	0.01664	0.72275	0.05884	0.00450	0.00496	0.00668	0.00315	0.00342
85	0.01218	0.74539	0.03930	0.00810	0.01199	0.01749	0.00805	0.01386	0.01006	0.01202	0.07648	0.01018	0.00956	0.00460	0.00332	0.00107	0.00490	0.00311	0.00233	0.00601
86	0.00632	0.00463	0.00603	0.00667	0.00737	0.00420	0.00460	0.00736	0.00947	0.01290	0.07089	0.66898	0.02980	0.03396	0.00631	0.00188	0.00290	0.03206	0.00431	0.07937
87	0.00966	0.12566	0.63750	0.01232	0.01841	0.01146	0.01529	0.01429	0.00996	0.01438	0.00990	0.08185	0.00831	0.00540	0.00449	0.00149	0.00644	0.00429	0.00223	0.00667
88	0.01568	0.01208	0.01439	0.08249	0.01649	0.01337	0.06047	0.47810	0.18481	0.05245	0.01305	0.01320	0.00942	0.00571	0.00486	0.00150	0.00519	0.00464	0.00445	0.00765
89	0.01909	0.00984	0.01197	0.00915	0.01290	0.00949	0.00754	0.27290	0.01624	0.46714	0.02935	0.01448	0.01078	0.00572	0.00470	0.00140	0.00438	0.00454	0.00526	0.08315
90	0.00812	0.00628	0.00883	0.00836	0.00941	0.00745	0.00661	0.07722	0.00895	0.01280	0.01216	0.01747	0.01116	0.03100	0.67807	0.00668	0.07706	0.00497	0.00272	0.00468
91	0.06293	0.01833	0.01328	0.01145	0.01435	0.52459	0.02980	0.10717	0.02381	0.13567	0.00978	0.01030	0.00733	0.00514	0.00441	0.00132	0.00721	0.00355	0.00331	0.00626
92	0.01887	0.11275	0.02401	0.00864	0.01249	0.00925	0.00739	0.09244	0.01362	0.55279	0.01558	0.01409	0.01027	0.00544	0.00447	0.00135	0.00430	0.00429	0.00500	0.08295
93	0.00739	0.00513	0.00571	0.00561	0.00585	0.00527	0.00331	0.00857	0.07618	0.01021	0.01545	0.03009	0.01713	0.75937	0.02261	0.00437	0.00456	0.00681	0.00307	0.00331
94	0.01652	0.01878	0.01253	0.01122	0.01370	0.57535	0.00859	0.12561	0.03134	0.01512	0.00977	0.01211	0.00813	0.00551	0.00441	0.00130	0.00729	0.03865	0.07827	0.00580
95	0.02379	0.01003	0.01518	0.45953	0.23878	0.04931	0.01258	0.01321	0.01006	0.01354	0.00849	0.01191	0.00673	0.00463	0.00490	0.00146	0.02829	0.00404	0.00228	0.08126
96	0.00829	0.00552	0.00694	0.00668	0.00777	0.00531	0.01745	0.03448	0.04663	0.07766	0.19507	0.26283	0.09451	0.19720	0.00988	0.00235	0.00337	0.00918	0.00439	0.00450
97	0.00582	0.00416	0.00555	0.00666	0.00693	0.00388	0.00444	0.00666	0.00915	0.01220	0.02634	0.82891	0.03161	0.01497	0.00610	0.00194	0.00277	0.01359	0.00444	0.00388
98	0.01152	0.01069	0.01536	0.02613	0.01386	0.01408	0.06157	0.06717	0.00897	0.04801	0.00746	0.01098	0.00672	0.00772	0.01359	0.00198	0.66175	0.00432	0.00247	0.00564

[dist]
# distance from previous block
# <min> <max>
0	13

# created by:
# /home/cegg/simao/soft/augustus-3.2.1/scripts/msa2prfl.pl ./align_prep/EOG091G0LT0.fa
