[name]
unknown

[dist]
# distance from previous block
# <min> <max>
7	33

[block]
# block no. 0 follows, 57 sequences, length 37
# corresponding to MSA columns:
# 38-60,72-85
name=unknown_A
#
# <colnr> <probs for GDERKNQSTAVLIFYWHMCP>
#	G	D	E	R	K	N	Q	S	T	A	V	L	I	F	Y	W	H	M	C	P
0	0.04849	0.02145	0.19740	0.03377	0.01537	0.00881	0.13640	0.03550	0.04375	0.30450	0.05702	0.03001	0.01119	0.02004	0.00495	0.00150	0.00509	0.01440	0.00378	0.00659
1	0.02964	0.11371	0.39775	0.01122	0.01604	0.01042	0.09955	0.01430	0.06357	0.03861	0.09647	0.01298	0.01075	0.00487	0.00430	0.00135	0.00548	0.00411	0.01780	0.04708
2	0.01102	0.02693	0.31198	0.01025	0.01464	0.03074	0.04493	0.08824	0.07855	0.08427	0.10000	0.01390	0.01161	0.01975	0.00470	0.00136	0.00504	0.00423	0.00320	0.13466
3	0.01338	0.00839	0.01153	0.00902	0.01196	0.00806	0.09439	0.16280	0.05022	0.24453	0.20657	0.02949	0.01760	0.00644	0.00506	0.02209	0.00400	0.00539	0.00447	0.08461
4	0.01360	0.00899	0.01229	0.00956	0.02857	0.00819	0.09869	0.11476	0.06548	0.24324	0.02754	0.04219	0.01012	0.00501	0.00431	0.00119	0.00421	0.00436	0.00392	0.29379
5	0.00663	0.03611	0.00610	0.00531	0.00678	0.02075	0.00402	0.00806	0.01101	0.03580	0.27978	0.03708	0.46573	0.04970	0.00606	0.00160	0.00260	0.00846	0.00430	0.00412
6	0.00991	0.00991	0.01388	0.01190	0.01190	0.01388	0.00991	0.01091	0.00694	0.01091	0.00595	0.00991	0.00595	0.00793	0.01487	0.00198	0.83246	0.00397	0.00198	0.00496
7	0.00896	0.00848	0.01426	0.69602	0.13782	0.01027	0.01269	0.01188	0.00917	0.01200	0.00806	0.01190	0.00619	0.00456	0.00483	0.00150	0.03002	0.00403	0.00204	0.00533
8	0.00536	0.00459	0.00459	0.00459	0.00612	0.00383	0.00344	0.00650	0.01033	0.01224	0.04590	0.04361	0.81065	0.01148	0.00536	0.00153	0.00230	0.00956	0.00421	0.00383
9	0.00856	0.00805	0.01359	0.82986	0.03121	0.01007	0.01258	0.01158	0.00906	0.01158	0.00805	0.01208	0.00604	0.00453	0.00453	0.00151	0.00604	0.00403	0.00201	0.00503
10	0.00536	0.00459	0.00459	0.00459	0.00612	0.00383	0.00344	0.00650	0.01033	0.01224	0.04590	0.04361	0.81065	0.01148	0.00536	0.00153	0.00230	0.00956	0.00421	0.00383
11	0.01107	0.00953	0.01007	0.00908	0.01158	0.01098	0.00705	0.02344	0.77194	0.01892	0.05081	0.01760	0.01501	0.00628	0.00464	0.00153	0.00353	0.00525	0.00463	0.00705
12	0.00552	0.00394	0.00526	0.00631	0.00657	0.00368	0.00421	0.00631	0.00868	0.01157	0.02498	0.83779	0.02997	0.01420	0.00578	0.00184	0.00263	0.01288	0.00421	0.00368
13	0.01179	0.00999	0.01054	0.00933	0.01198	0.01151	0.00730	0.09196	0.73557	0.01980	0.01778	0.01638	0.01329	0.00609	0.00460	0.00152	0.00371	0.00503	0.00460	0.00722
14	0.09245	0.01214	0.01286	0.00994	0.01349	0.01341	0.00821	0.69686	0.01977	0.06001	0.01076	0.01076	0.00760	0.00534	0.00438	0.00137	0.00481	0.00396	0.00443	0.00746
15	0.00888	0.00827	0.01361	0.66140	0.08974	0.01022	0.01207	0.01166	0.00899	0.01199	0.00818	0.01202	0.00635	0.00482	0.00538	0.00152	0.07837	0.00403	0.03735	0.00516
16	0.01631	0.02057	0.01293	0.01169	0.01382	0.75158	0.00886	0.01746	0.01232	0.01107	0.00691	0.00832	0.00585	0.00496	0.00503	0.00124	0.08052	0.00301	0.00230	0.00523
17	0.00706	0.00479	0.00624	0.00584	0.00704	0.00439	0.00443	0.00914	0.01268	0.05582	0.72527	0.03374	0.06932	0.00925	0.00533	0.00144	0.00227	0.02654	0.00497	0.00442
18	0.01000	0.00928	0.01582	0.45481	0.35987	0.01031	0.02976	0.01287	0.00972	0.03223	0.00851	0.01180	0.00666	0.00433	0.00453	0.00144	0.00575	0.00407	0.00220	0.00602
19	0.01714	0.01205	0.01314	0.01005	0.01368	0.01304	0.00829	0.69385	0.02004	0.09702	0.01137	0.01121	0.00797	0.00536	0.00448	0.00133	0.00481	0.00406	0.00454	0.04656
20	0.00552	0.00394	0.00526	0.00631	0.00657	0.00368	0.00421	0.00631	0.00868	0.01157	0.02498	0.83779	0.02997	0.01420	0.00578	0.00184	0.00263	0.01288	0.00421	0.00368
21	0.00909	0.02344	0.81727	0.01292	0.01961	0.01052	0.01674	0.01435	0.00957	0.01435	0.00813	0.00957	0.00574	0.00431	0.00431	0.00144	0.00670	0.00335	0.00191	0.00670
22	0.01155	0.01141	0.01806	0.02686	0.76535	0.05868	0.01360	0.01415	0.01047	0.01458	0.00843	0.01104	0.00710	0.00407	0.00446	0.00134	0.00555	0.00397	0.00225	0.00706
23	0.02637	0.00478	0.00618	0.00594	0.00705	0.00449	0.00456	0.00873	0.01250	0.01782	0.72265	0.03476	0.04042	0.00943	0.00537	0.00148	0.00235	0.07598	0.00487	0.00428
24	0.00845	0.00422	0.00422	0.00422	0.00528	0.00422	0.00317	0.01056	0.00950	0.01689	0.01478	0.01689	0.01161	0.00528	0.00317	0.00106	0.00211	0.00422	0.86591	0.00422
25	0.03252	0.00950	0.01134	0.05731	0.01330	0.03201	0.00754	0.20353	0.10303	0.44593	0.01513	0.01401	0.01012	0.00592	0.01630	0.00149	0.00445	0.00440	0.00485	0.00732
26	0.01185	0.77193	0.09298	0.00820	0.01233	0.01728	0.00854	0.01364	0.00924	0.01098	0.00646	0.00747	0.00581	0.00391	0.00303	0.00101	0.00501	0.00250	0.00194	0.00589
27	0.00552	0.00394	0.00526	0.00631	0.00657	0.00368	0.00421	0.00631	0.00868	0.01157	0.02498	0.83779	0.02997	0.01420	0.00578	0.00184	0.00263	0.01288	0.00421	0.00368
28	0.00562	0.00473	0.00513	0.00540	0.02823	0.00405	0.00384	0.00688	0.01047	0.01280	0.11102	0.07771	0.68605	0.01120	0.00535	0.00153	0.00238	0.00944	0.00422	0.00395
29	0.01229	0.03651	0.01471	0.36824	0.13188	0.19216	0.03326	0.11805	0.01181	0.02663	0.00839	0.01085	0.00647	0.00459	0.00440	0.00137	0.00626	0.00379	0.00251	0.00583
30	0.66738	0.00916	0.00808	0.05297	0.01082	0.01053	0.00590	0.09927	0.04537	0.04383	0.00779	0.00867	0.00586	0.00449	0.00322	0.00141	0.00382	0.00290	0.00311	0.00540
31	0.04426	0.00793	0.01052	0.00809	0.01158	0.00703	0.00668	0.05058	0.01313	0.76401	0.01729	0.01503	0.01091	0.00556	0.00451	0.00140	0.00389	0.00448	0.00549	0.00763
32	0.01125	0.01095	0.01838	0.04845	0.75408	0.02723	0.03514	0.01395	0.01035	0.01464	0.00850	0.01120	0.00711	0.00406	0.00450	0.00135	0.00552	0.00405	0.00224	0.00705
33	0.01086	0.11680	0.32025	0.01881	0.36932	0.05946	0.01393	0.01428	0.01005	0.01391	0.00802	0.00994	0.00639	0.00416	0.00420	0.00132	0.00598	0.00352	0.00209	0.00672
34	0.01086	0.01215	0.07053	0.02254	0.39405	0.01107	0.35864	0.01449	0.03268	0.01477	0.00906	0.01172	0.00714	0.00402	0.00486	0.00144	0.00641	0.00460	0.00231	0.00668
35	0.01321	0.02565	0.04730	0.03306	0.29770	0.30114	0.06802	0.04471	0.02812	0.01359	0.00805	0.01010	0.00664	0.00470	0.00530	0.00136	0.07914	0.00370	0.00237	0.00616
36	0.00551	0.00397	0.00523	0.00623	0.00655	0.00369	0.00417	0.00632	0.00875	0.01160	0.02592	0.80195	0.06521	0.01407	0.00576	0.00183	0.00261	0.01273	0.00421	0.00369

[dist]
# distance from previous block
# <min> <max>
0	1

[block]
# block no. 1 follows, 57 sequences, length 54
# corresponding to MSA columns:
# 87-140
name=unknown_B
#
# <colnr> <probs for GDERKNQSTAVLIFYWHMCP>
#	G	D	E	R	K	N	Q	S	T	A	V	L	I	F	Y	W	H	M	C	P
0	0.00997	0.00944	0.01590	0.33261	0.43709	0.01023	0.02764	0.01309	0.03410	0.01385	0.04587	0.01279	0.00859	0.00453	0.00456	0.00142	0.00547	0.00428	0.00236	0.00620
1	0.00641	0.00463	0.00606	0.00570	0.00677	0.00428	0.00428	0.00855	0.01283	0.01817	0.81009	0.03385	0.04276	0.00926	0.00534	0.00143	0.00214	0.00819	0.00499	0.00428
2	0.01115	0.01070	0.01827	0.04869	0.79214	0.01075	0.01387	0.01385	0.01029	0.01472	0.00851	0.01124	0.00715	0.00405	0.00449	0.00135	0.00540	0.00404	0.00224	0.00712
3	0.87276	0.00876	0.00666	0.00596	0.00876	0.01017	0.00491	0.01332	0.00771	0.02033	0.00631	0.00736	0.00491	0.00421	0.00280	0.00140	0.00351	0.00245	0.00280	0.00491
4	0.00940	0.00805	0.00940	0.00671	0.01074	0.00604	0.00537	0.01141	0.00940	0.01477	0.00805	0.00940	0.00671	0.00336	0.00336	0.00067	0.00336	0.00268	0.00268	0.86845
5	0.00629	0.00464	0.00588	0.00562	0.00675	0.00424	0.00425	0.00828	0.01239	0.01716	0.67398	0.03581	0.15500	0.00969	0.00537	0.00146	0.00222	0.03192	0.00485	0.00421
6	0.00856	0.00805	0.01359	0.82986	0.03121	0.01007	0.01258	0.01158	0.00906	0.01158	0.00805	0.01208	0.00604	0.00453	0.00453	0.00151	0.00604	0.00403	0.00201	0.00503
7	0.00716	0.00517	0.00711	0.00807	0.00915	0.00511	0.00702	0.00918	0.01042	0.01347	0.02558	0.05057	0.08294	0.01244	0.00619	0.00205	0.00404	0.72600	0.00418	0.00415
8	0.00940	0.00805	0.00940	0.00671	0.01074	0.00604	0.00537	0.01141	0.00940	0.01477	0.00805	0.00940	0.00671	0.00336	0.00336	0.00067	0.00336	0.00268	0.00268	0.86845
9	0.01127	0.00973	0.01025	0.00922	0.01178	0.01127	0.00717	0.02408	0.80430	0.01896	0.01844	0.01691	0.01383	0.00615	0.00461	0.00154	0.00359	0.00512	0.00461	0.00717
10	0.01118	0.01088	0.01785	0.09012	0.72734	0.03508	0.01365	0.01385	0.01030	0.01444	0.00844	0.01119	0.00705	0.00409	0.00448	0.00135	0.00552	0.00400	0.00223	0.00695
11	0.00853	0.00722	0.00799	0.05010	0.01020	0.00778	0.00581	0.01545	0.38862	0.01624	0.14737	0.02745	0.25431	0.02610	0.00534	0.00158	0.00313	0.00689	0.00437	0.00553
12	0.00552	0.00394	0.00526	0.00631	0.00657	0.00368	0.00421	0.00631	0.00868	0.01157	0.02498	0.83779	0.02997	0.01420	0.00578	0.00184	0.00263	0.01288	0.00421	0.00368
13	0.00863	0.00815	0.01361	0.78712	0.03020	0.01027	0.01244	0.01154	0.00895	0.01154	0.00794	0.01197	0.00604	0.00471	0.00507	0.00153	0.04923	0.00402	0.00201	0.00503
14	0.00541	0.00459	0.00467	0.00465	0.00615	0.00385	0.00349	0.00661	0.01046	0.01255	0.08584	0.04310	0.77052	0.01136	0.00535	0.00152	0.00229	0.00949	0.00425	0.00385
15	0.01117	0.00965	0.01020	0.00909	0.01173	0.01100	0.00708	0.02342	0.76276	0.01874	0.01790	0.01651	0.01346	0.00600	0.00455	0.00149	0.00357	0.00500	0.00451	0.05218
16	0.01138	0.00955	0.01005	0.00898	0.01151	0.01099	0.00700	0.05919	0.72131	0.01928	0.01788	0.01663	0.01342	0.00606	0.00452	0.00150	0.00356	0.00502	0.05514	0.00702
17	0.00856	0.00805	0.01359	0.82986	0.03121	0.01007	0.01258	0.01158	0.00906	0.01158	0.00805	0.01208	0.00604	0.00453	0.00453	0.00151	0.00604	0.00403	0.00201	0.00503
18	0.01122	0.01077	0.01839	0.02781	0.81248	0.01077	0.01391	0.01391	0.01032	0.01480	0.00852	0.01122	0.00718	0.00404	0.00449	0.00135	0.00538	0.00404	0.00224	0.00718
19	0.01127	0.00973	0.01025	0.00922	0.01178	0.01127	0.00717	0.02408	0.80430	0.01896	0.01844	0.01691	0.01383	0.00615	0.00461	0.00154	0.00359	0.00512	0.00461	0.00717
20	0.00940	0.00805	0.00940	0.00671	0.01074	0.00604	0.00537	0.01141	0.00940	0.01477	0.00805	0.00940	0.00671	0.00336	0.00336	0.00067	0.00336	0.00268	0.00268	0.86845
21	0.00845	0.00422	0.00422	0.00422	0.00528	0.00422	0.00317	0.01056	0.00950	0.01689	0.01478	0.01689	0.01161	0.00528	0.00317	0.00106	0.00211	0.00422	0.86591	0.00422
22	0.87276	0.00876	0.00666	0.00596	0.00876	0.01017	0.00491	0.01332	0.00771	0.02033	0.00631	0.00736	0.00491	0.00421	0.00280	0.00140	0.00351	0.00245	0.00280	0.00491
23	0.00909	0.02344	0.81727	0.01292	0.01961	0.01052	0.01674	0.01435	0.00957	0.01435	0.00813	0.00957	0.00574	0.00431	0.00431	0.00144	0.00670	0.00335	0.00191	0.00670
24	0.87276	0.00876	0.00666	0.00596	0.00876	0.01017	0.00491	0.01332	0.00771	0.02033	0.00631	0.00736	0.00491	0.00421	0.00280	0.00140	0.00351	0.00245	0.00280	0.00491
25	0.01723	0.01269	0.01360	0.01043	0.01405	0.01405	0.00861	0.79738	0.02131	0.02856	0.01088	0.01088	0.00771	0.00544	0.00453	0.00136	0.00499	0.00408	0.00453	0.00771
26	0.01122	0.01077	0.01839	0.02781	0.81248	0.01077	0.01391	0.01391	0.01032	0.01480	0.00852	0.01122	0.00718	0.00404	0.00449	0.00135	0.00538	0.00404	0.00224	0.00718
27	0.01127	0.00973	0.01025	0.00922	0.01178	0.01127	0.00717	0.02408	0.80430	0.01896	0.01844	0.01691	0.01383	0.00615	0.00461	0.00154	0.00359	0.00512	0.00461	0.00717
28	0.00787	0.00394	0.00590	0.00590	0.00590	0.00394	0.00394	0.00590	0.00590	0.00787	0.00787	0.01377	0.00787	0.01574	0.01771	0.86816	0.00394	0.00394	0.00197	0.00197
29	0.01235	0.80491	0.02327	0.00788	0.01174	0.01775	0.00779	0.04996	0.00977	0.01149	0.00651	0.00744	0.00590	0.00395	0.00298	0.00099	0.00485	0.00250	0.00206	0.00590
30	0.00865	0.00818	0.01361	0.77252	0.02986	0.01033	0.01240	0.01153	0.00891	0.01153	0.00791	0.01193	0.00603	0.00477	0.00526	0.00154	0.06398	0.00402	0.00201	0.00503
31	0.00657	0.00445	0.00524	0.00524	0.00534	0.00455	0.00312	0.00678	0.00668	0.00901	0.01401	0.02815	0.01582	0.73827	0.12465	0.00476	0.00538	0.00637	0.00271	0.00291
32	0.01052	0.01341	0.11071	0.01844	0.02325	0.01136	0.71326	0.01450	0.01058	0.01450	0.00906	0.01194	0.00675	0.00387	0.00524	0.00152	0.00754	0.00514	0.00225	0.00617
33	0.00730	0.00522	0.00730	0.00835	0.00939	0.00522	0.00730	0.00939	0.01043	0.01356	0.02399	0.05111	0.02608	0.01252	0.00626	0.00209	0.00417	0.78199	0.00417	0.00417
34	0.00856	0.00805	0.01359	0.82986	0.03121	0.01007	0.01258	0.01158	0.00906	0.01158	0.00805	0.01208	0.00604	0.00453	0.00453	0.00151	0.00604	0.00403	0.00201	0.00503
35	0.00540	0.00458	0.00466	0.00467	0.00615	0.00384	0.00349	0.00657	0.01039	0.01244	0.07340	0.05921	0.76691	0.01145	0.00536	0.00153	0.00230	0.00958	0.00424	0.00384
36	0.00974	0.00966	0.01355	0.01167	0.01171	0.01347	0.00970	0.01076	0.00696	0.01089	0.00626	0.01031	0.00622	0.00923	0.05526	0.00225	0.79145	0.00401	0.00200	0.00491
37	0.01122	0.01077	0.01839	0.02781	0.81248	0.01077	0.01391	0.01391	0.01032	0.01480	0.00852	0.01122	0.00718	0.00404	0.00449	0.00135	0.00538	0.00404	0.00224	0.00718
38	0.00856	0.00805	0.01359	0.82986	0.03121	0.01007	0.01258	0.01158	0.00906	0.01158	0.00805	0.01208	0.00604	0.00453	0.00453	0.00151	0.00604	0.00403	0.00201	0.00503
39	0.00586	0.00435	0.00546	0.00573	0.00657	0.00396	0.00409	0.00728	0.01072	0.01445	0.35593	0.35195	0.18375	0.01162	0.00552	0.00161	0.00236	0.01030	0.00453	0.00396
40	0.00536	0.00459	0.00459	0.00459	0.00612	0.00383	0.00344	0.00650	0.01033	0.01224	0.04590	0.04361	0.81065	0.01148	0.00536	0.00153	0.00230	0.00956	0.00421	0.00383
41	0.01211	0.84348	0.02374	0.00775	0.01163	0.01793	0.00775	0.01357	0.00921	0.01066	0.00630	0.00727	0.00582	0.00388	0.00291	0.00097	0.00485	0.00242	0.00194	0.00582
42	0.00552	0.00394	0.00526	0.00631	0.00657	0.00368	0.00421	0.00631	0.00868	0.01157	0.02498	0.83779	0.02997	0.01420	0.00578	0.00184	0.00263	0.01288	0.00421	0.00368
43	0.00952	0.00962	0.02753	0.01138	0.01160	0.01292	0.00955	0.01064	0.00708	0.01096	0.00728	0.01122	0.02161	0.01018	0.08412	0.00242	0.73129	0.00414	0.00206	0.00489
44	0.01723	0.01269	0.01360	0.01043	0.01405	0.01405	0.00861	0.79738	0.02131	0.02856	0.01088	0.01088	0.00771	0.00544	0.00453	0.00136	0.00499	0.00408	0.00453	0.00771
45	0.00981	0.00804	0.00944	0.00676	0.01077	0.00606	0.00542	0.01182	0.00953	0.04539	0.00843	0.00963	0.00688	0.00344	0.00340	0.00070	0.00337	0.00276	0.00280	0.83553
46	0.01758	0.01212	0.01324	0.01015	0.01377	0.01320	0.00839	0.70816	0.02035	0.11913	0.01168	0.01140	0.00811	0.00546	0.00454	0.00136	0.00486	0.00413	0.00466	0.00771
47	0.00909	0.02344	0.81727	0.01292	0.01961	0.01052	0.01674	0.01435	0.00957	0.01435	0.00813	0.00957	0.00574	0.00431	0.00431	0.00144	0.00670	0.00335	0.00191	0.00670
48	0.00567	0.00479	0.00493	0.00486	0.00639	0.00415	0.00366	0.00735	0.04091	0.01301	0.11067	0.04175	0.71403	0.01108	0.00533	0.00152	0.00233	0.00928	0.00429	0.00399
49	0.00641	0.00463	0.00606	0.00570	0.00677	0.00428	0.00428	0.00855	0.01283	0.01817	0.81009	0.03385	0.04276	0.00926	0.00534	0.00143	0.00214	0.00819	0.00499	0.00428
50	0.01114	0.01068	0.01825	0.05189	0.78903	0.01075	0.01387	0.01384	0.01028	0.01471	0.00851	0.01124	0.00714	0.00405	0.00449	0.00135	0.00540	0.00404	0.00224	0.00711
51	0.01068	0.01245	0.04693	0.01935	0.06122	0.01140	0.73841	0.01448	0.01065	0.01452	0.00911	0.01211	0.00686	0.00384	0.00528	0.00152	0.00751	0.00523	0.00228	0.00618
52	0.00536	0.00459	0.00459	0.00459	0.00612	0.00383	0.00344	0.00650	0.01033	0.01224	0.04590	0.04361	0.81065	0.01148	0.00536	0.00153	0.00230	0.00956	0.00421	0.00383
53	0.01110	0.00955	0.01010	0.00909	0.01160	0.01102	0.00707	0.02352	0.77584	0.01893	0.04691	0.01752	0.01487	0.00626	0.00464	0.00153	0.00353	0.00523	0.00462	0.00707

[dist]
# distance from previous block
# <min> <max>
0	16

[block]
# block no. 2 follows, 57 sequences, length 16
# corresponding to MSA columns:
# 157-172
name=unknown_C
#
# <colnr> <probs for GDERKNQSTAVLIFYWHMCP>
#	G	D	E	R	K	N	Q	S	T	A	V	L	I	F	Y	W	H	M	C	P
0	0.01719	0.01387	0.01350	0.01059	0.01405	0.12059	0.00863	0.69468	0.02019	0.02626	0.01037	0.01052	0.00746	0.00534	0.00447	0.00133	0.00541	0.00393	0.00424	0.00738
1	0.00540	0.00459	0.00465	0.00463	0.00615	0.00384	0.00348	0.00658	0.01043	0.01247	0.07577	0.04323	0.78063	0.01139	0.00536	0.00153	0.00229	0.00951	0.00424	0.00384
2	0.01509	0.01270	0.01197	0.00969	0.01264	0.15022	0.00778	0.51631	0.01813	0.02330	0.11749	0.01527	0.05676	0.00615	0.00461	0.00135	0.00500	0.00473	0.00420	0.00662
3	0.00544	0.00449	0.00479	0.00501	0.00630	0.00384	0.00370	0.00655	0.01003	0.01216	0.04146	0.18790	0.64567	0.01200	0.00546	0.00160	0.00241	0.03316	0.00421	0.00381
4	0.00930	0.02196	0.71310	0.01373	0.02015	0.01065	0.11943	0.01437	0.00972	0.01437	0.00827	0.00992	0.00589	0.00424	0.00444	0.00145	0.00682	0.00361	0.00196	0.00662
5	0.01077	0.00865	0.00999	0.00724	0.01120	0.00712	0.00584	0.11531	0.01108	0.04155	0.00873	0.00978	0.00698	0.00370	0.00355	0.00078	0.00359	0.00293	0.00302	0.72819
6	0.87276	0.00876	0.00666	0.00596	0.00876	0.01017	0.00491	0.01332	0.00771	0.02033	0.00631	0.00736	0.00491	0.00421	0.00280	0.00140	0.00351	0.00245	0.00280	0.00491
7	0.00635	0.00463	0.00598	0.00564	0.00673	0.00425	0.00423	0.00844	0.01269	0.01784	0.76750	0.03439	0.08556	0.00939	0.00535	0.00143	0.00215	0.00827	0.00494	0.00425
8	0.00972	0.04352	0.65667	0.01477	0.12380	0.01070	0.03275	0.01443	0.00975	0.03087	0.00836	0.00990	0.00607	0.00427	0.00432	0.00141	0.00644	0.00348	0.00204	0.00674
9	0.00623	0.00449	0.00589	0.00583	0.00673	0.00415	0.00426	0.00809	0.01196	0.01680	0.64693	0.20093	0.04010	0.01029	0.00544	0.00151	0.00224	0.00917	0.00483	0.00415
10	0.00831	0.01952	0.64838	0.01119	0.01681	0.00913	0.01398	0.01272	0.00973	0.01391	0.01598	0.01664	0.17302	0.00580	0.00452	0.00145	0.00578	0.00464	0.00239	0.00610
11	0.00697	0.00854	0.17465	0.00720	0.00944	0.00557	0.00687	0.00976	0.01215	0.01738	0.64343	0.02880	0.03506	0.00823	0.00513	0.00143	0.00309	0.00719	0.00435	0.00478
12	0.01251	0.01035	0.01094	0.00947	0.01225	0.01185	0.00747	0.18479	0.64157	0.02095	0.01687	0.01565	0.01256	0.00600	0.00459	0.00150	0.00388	0.00491	0.00459	0.00728
13	0.00658	0.00566	0.00577	0.00555	0.00730	0.00537	0.00422	0.01016	0.17533	0.01364	0.04020	0.03806	0.64505	0.01037	0.00520	0.00153	0.00256	0.00864	0.00429	0.00452
14	0.01862	0.18140	0.01327	0.00800	0.01158	0.00900	0.00689	0.02031	0.01219	0.64833	0.01547	0.01373	0.01009	0.00525	0.00421	0.00131	0.00406	0.00411	0.00485	0.00732
15	0.01412	0.41331	0.14162	0.00923	0.01322	0.14175	0.00907	0.01617	0.01062	0.17859	0.00910	0.00946	0.00693	0.00443	0.00365	0.00116	0.00545	0.00309	0.00276	0.00626

[dist]
# distance from previous block
# <min> <max>
0	24

# created by:
# /home/cegg/simao/soft/augustus-3.2.1/scripts/msa2prfl.pl ./align_prep/EOG091G0VNB.fa
