[name]
unknown

[dist]
# distance from previous block
# <min> <max>
0	18

[block]
# block no. 0 follows, 47 sequences, length 11
# corresponding to MSA columns:
# 19-29
name=unknown_A
#
# <colnr> <probs for GDERKNQSTAVLIFYWHMCP>
#	G	D	E	R	K	N	Q	S	T	A	V	L	I	F	Y	W	H	M	C	P
0	0.01483	0.08851	0.06972	0.01067	0.01386	0.09385	0.00934	0.13972	0.05184	0.14078	0.01659	0.07504	0.01490	0.00825	0.00600	0.00172	0.04635	0.14951	0.00430	0.04424
1	0.06560	0.05109	0.21114	0.01149	0.01619	0.01152	0.04947	0.10255	0.13936	0.18214	0.03801	0.03008	0.01162	0.00603	0.00499	0.00159	0.00548	0.00492	0.00423	0.05249
2	0.01389	0.31315	0.13483	0.06993	0.10406	0.06875	0.01152	0.10431	0.01281	0.03999	0.01019	0.05013	0.00871	0.00550	0.00447	0.00141	0.00612	0.00422	0.00294	0.03308
3	0.04128	0.12361	0.42318	0.01285	0.01865	0.01259	0.04807	0.05077	0.05306	0.09594	0.01219	0.01509	0.00943	0.00581	0.00495	0.00163	0.00654	0.05373	0.00316	0.00747
4	0.01174	0.01138	0.05506	0.21294	0.02118	0.03494	0.14379	0.07031	0.11891	0.04507	0.09044	0.02039	0.06790	0.00669	0.00550	0.00167	0.00587	0.02449	0.00376	0.04798
5	0.06759	0.13131	0.18694	0.01079	0.01454	0.02672	0.04880	0.03187	0.05627	0.06150	0.05887	0.06033	0.11530	0.00769	0.00618	0.00169	0.07887	0.02473	0.00355	0.00645
6	0.00677	0.00512	0.00601	0.00622	0.00736	0.00475	0.00449	0.00815	0.01098	0.01437	0.11583	0.20536	0.35610	0.07368	0.10529	0.00285	0.00426	0.01041	0.04762	0.00438
7	0.00738	0.00532	0.00707	0.00770	0.00843	0.00538	0.00580	0.00876	0.00988	0.01312	0.02463	0.22781	0.07924	0.17672	0.17499	0.00404	0.00617	0.21922	0.00407	0.00428
8	0.08854	0.01107	0.01221	0.04882	0.01410	0.10104	0.04627	0.09953	0.03528	0.28923	0.01508	0.01527	0.01062	0.00600	0.00499	0.00153	0.02205	0.00470	0.16652	0.00716
9	0.01228	0.01175	0.02020	0.08517	0.64759	0.01185	0.04639	0.01541	0.01196	0.01699	0.06120	0.01474	0.01086	0.00507	0.00527	0.00157	0.00610	0.00502	0.00277	0.00780
10	0.00634	0.00453	0.00604	0.00725	0.00755	0.00423	0.00483	0.00725	0.00997	0.01329	0.02870	0.81358	0.03444	0.01632	0.00665	0.00211	0.00302	0.01480	0.00483	0.00423

[dist]
# distance from previous block
# <min> <max>
0	3

[block]
# block no. 1 follows, 47 sequences, length 63
# corresponding to MSA columns:
# 33-95
name=unknown_B
#
# <colnr> <probs for GDERKNQSTAVLIFYWHMCP>
#	G	D	E	R	K	N	Q	S	T	A	V	L	I	F	Y	W	H	M	C	P
0	0.01069	0.08264	0.67138	0.01461	0.02174	0.01256	0.06007	0.01619	0.01101	0.01611	0.00978	0.03257	0.00743	0.00519	0.00495	0.00163	0.00748	0.00420	0.00230	0.00749
1	0.01715	0.01156	0.01350	0.01243	0.08038	0.11112	0.04364	0.10800	0.04342	0.28924	0.07414	0.04138	0.01551	0.00725	0.00565	0.00165	0.02277	0.05899	0.03481	0.00741
2	0.00657	0.00508	0.00603	0.00650	0.00762	0.00454	0.00476	0.00798	0.01159	0.01483	0.14006	0.32114	0.35646	0.01406	0.00641	0.00192	0.00293	0.07214	0.00495	0.00444
3	0.03473	0.01150	0.01950	0.10567	0.60355	0.01173	0.04282	0.01513	0.01154	0.01656	0.01109	0.06112	0.00991	0.00553	0.00526	0.00162	0.00609	0.01631	0.00274	0.00760
4	0.07219	0.22466	0.52155	0.01274	0.01917	0.03529	0.01542	0.01630	0.01084	0.01582	0.00863	0.01011	0.00655	0.00483	0.00441	0.00150	0.00694	0.00349	0.00229	0.00725
5	0.00630	0.00522	0.00556	0.00563	0.00720	0.00448	0.00418	0.00769	0.01183	0.01448	0.10626	0.11523	0.63928	0.01396	0.02746	0.00196	0.00296	0.01106	0.00485	0.00443
6	0.01003	0.00945	0.01597	0.75530	0.08352	0.01162	0.01456	0.01348	0.01051	0.01354	0.00929	0.01382	0.00703	0.00517	0.00520	0.00172	0.00689	0.00463	0.00233	0.00594
7	0.03253	0.06719	0.01597	0.01248	0.01585	0.33906	0.07032	0.16606	0.06608	0.09804	0.03903	0.01404	0.01050	0.00602	0.00501	0.00150	0.00708	0.02229	0.00387	0.00707
8	0.01258	0.01205	0.02057	0.11089	0.70801	0.01229	0.01583	0.01571	0.01171	0.01663	0.00974	0.01299	0.00812	0.00470	0.00516	0.00157	0.00626	0.00464	0.00255	0.00800
9	0.01217	0.01034	0.01112	0.01013	0.01282	0.01180	0.00791	0.02505	0.66146	0.02141	0.09994	0.02325	0.01997	0.00777	0.00547	0.00178	0.00398	0.04054	0.00532	0.00774
10	0.00765	0.00615	0.00845	0.00798	0.00944	0.00578	0.05977	0.03731	0.01247	0.01650	0.22416	0.27922	0.23403	0.01262	0.00647	0.00187	0.01432	0.04607	0.00488	0.00487
11	0.01257	0.01305	0.02613	0.01913	0.02360	0.01273	0.57979	0.06481	0.04184	0.03435	0.01241	0.07159	0.01023	0.00575	0.00660	0.00179	0.04696	0.00657	0.00313	0.00696
12	0.00698	0.00503	0.00674	0.00779	0.00847	0.00478	0.00582	0.00842	0.01091	0.01442	0.07182	0.51751	0.06848	0.01530	0.00675	0.00215	0.00348	0.22583	0.00487	0.00444
13	0.04266	0.14662	0.58778	0.01416	0.02102	0.01346	0.07253	0.01632	0.01095	0.01611	0.00903	0.01072	0.00667	0.00483	0.00473	0.00157	0.00731	0.00382	0.00227	0.00741
14	0.01256	0.01203	0.02054	0.11601	0.70305	0.01229	0.01582	0.01569	0.01170	0.01661	0.00974	0.01300	0.00811	0.00470	0.00516	0.00157	0.00627	0.00464	0.00255	0.00798
15	0.00667	0.00508	0.00620	0.00682	0.00785	0.00460	0.00503	0.00809	0.01140	0.01466	0.11405	0.36209	0.29663	0.01437	0.00650	0.00198	0.00308	0.11555	0.00492	0.00444
16	0.01263	0.01211	0.02067	0.09801	0.72050	0.01230	0.01585	0.01575	0.01173	0.01670	0.00975	0.01297	0.00814	0.00469	0.00516	0.00156	0.00625	0.00464	0.00256	0.00804
17	0.02984	0.01130	0.01404	0.04218	0.04229	0.07665	0.09149	0.20337	0.02993	0.15271	0.08490	0.16414	0.01758	0.00816	0.00559	0.00169	0.00536	0.00711	0.00467	0.00700
18	0.01170	0.01071	0.01730	0.49525	0.26120	0.01225	0.01449	0.08524	0.01218	0.01627	0.00973	0.01345	0.00752	0.00513	0.00519	0.00166	0.00660	0.00464	0.00267	0.00682
19	0.00657	0.00503	0.00607	0.00674	0.00775	0.00454	0.00493	0.00789	0.01117	0.01422	0.07263	0.38996	0.32486	0.01461	0.00650	0.00199	0.00306	0.10221	0.00487	0.00439
20	0.01049	0.00952	0.01514	0.08750	0.31883	0.00960	0.06502	0.04124	0.03886	0.01625	0.03237	0.14132	0.12705	0.03246	0.00632	0.00184	0.00522	0.03093	0.00356	0.00649
21	0.02988	0.05774	0.01893	0.06599	0.10558	0.06088	0.19418	0.11078	0.04235	0.14305	0.01398	0.04434	0.02127	0.00628	0.00580	0.00167	0.03295	0.03324	0.00381	0.00729
22	0.01112	0.05072	0.70439	0.01467	0.02201	0.01261	0.03632	0.05867	0.01177	0.01728	0.00949	0.01107	0.00676	0.00499	0.00494	0.00163	0.00755	0.00392	0.00238	0.00771
23	0.00727	0.00507	0.00626	0.00631	0.00706	0.00479	0.00432	0.00871	0.01158	0.01611	0.35755	0.18903	0.07545	0.22538	0.01152	0.00262	0.00326	0.00986	0.04357	0.00428
24	0.01111	0.12138	0.55703	0.04564	0.08725	0.01336	0.01707	0.01599	0.01083	0.01567	0.00898	0.01097	0.00678	0.00510	0.00546	0.00161	0.05224	0.00386	0.00224	0.00743
25	0.01703	0.01135	0.01256	0.01048	0.01355	0.11889	0.04983	0.13550	0.03828	0.29588	0.03356	0.13234	0.05658	0.00837	0.00556	0.00169	0.00525	0.04102	0.00508	0.00720
26	0.06001	0.00896	0.01025	0.00979	0.03245	0.02322	0.01989	0.08152	0.24460	0.08125	0.04646	0.23035	0.07558	0.00999	0.00569	0.00183	0.00409	0.04259	0.00493	0.00655
27	0.01186	0.20998	0.51062	0.01313	0.01953	0.01414	0.03346	0.07002	0.01203	0.01684	0.03642	0.01155	0.00831	0.00511	0.00466	0.00152	0.00690	0.00391	0.00256	0.00743
28	0.07678	0.06522	0.06087	0.06418	0.01830	0.14288	0.12391	0.22426	0.03944	0.08598	0.01126	0.01241	0.00832	0.00558	0.00526	0.00157	0.02609	0.00447	0.01588	0.00733
29	0.01045	0.02694	0.79000	0.01484	0.02254	0.01209	0.01924	0.01649	0.01099	0.01649	0.00935	0.01099	0.00660	0.00495	0.00495	0.00165	0.00770	0.00385	0.00220	0.00770
30	0.04375	0.11726	0.60916	0.01351	0.02026	0.01291	0.01668	0.01675	0.01101	0.05955	0.00959	0.01098	0.00693	0.00507	0.00500	0.00160	0.02621	0.00378	0.00248	0.00752
31	0.01231	0.01157	0.01922	0.25503	0.48969	0.01235	0.03291	0.05022	0.03517	0.01680	0.01013	0.01339	0.00812	0.00495	0.00520	0.00161	0.00638	0.00471	0.00271	0.00753
32	0.01096	0.00813	0.00996	0.02712	0.06550	0.02833	0.00729	0.05492	0.01100	0.01757	0.01370	0.04598	0.01162	0.00809	0.03206	0.00179	0.19940	0.00511	0.43591	0.00555
33	0.00634	0.00455	0.00602	0.00719	0.00754	0.00423	0.00481	0.00726	0.01003	0.01332	0.02943	0.79044	0.05712	0.01622	0.00663	0.00210	0.00301	0.01469	0.00483	0.00423
34	0.03404	0.07496	0.05094	0.05444	0.27763	0.01249	0.11598	0.09921	0.02732	0.06590	0.01275	0.06218	0.01105	0.00632	0.00568	0.00167	0.03112	0.04557	0.00337	0.00737
35	0.01104	0.14608	0.64601	0.01422	0.02133	0.01342	0.04614	0.01636	0.01098	0.01586	0.00907	0.01071	0.00666	0.00485	0.00475	0.00157	0.00742	0.00378	0.00222	0.00752
36	0.00745	0.00553	0.00811	0.00811	0.00895	0.00637	0.00619	0.00913	0.00829	0.01190	0.01419	0.02177	0.01359	0.11409	0.72209	0.00805	0.01309	0.00577	0.00283	0.00451
37	0.01212	0.01149	0.01906	0.22712	0.53846	0.01221	0.01504	0.01614	0.06637	0.01641	0.01048	0.01361	0.00847	0.00496	0.00518	0.00161	0.00623	0.00473	0.00271	0.00762
38	0.01307	0.01286	0.02393	0.08399	0.11382	0.01320	0.41187	0.07093	0.06275	0.04640	0.01121	0.01402	0.00854	0.00532	0.00684	0.00176	0.08364	0.00554	0.00307	0.00722
39	0.01045	0.02694	0.79000	0.01484	0.02254	0.01209	0.01924	0.01649	0.01099	0.01649	0.00935	0.01099	0.00660	0.00495	0.00495	0.00165	0.00770	0.00385	0.00220	0.00770
40	0.00790	0.00576	0.00776	0.00881	0.00999	0.00561	0.00747	0.01001	0.01177	0.01516	0.03091	0.13234	0.12681	0.01442	0.00701	0.00229	0.00434	0.58214	0.00480	0.00469
41	0.01232	0.33330	0.45120	0.01239	0.01863	0.01562	0.01472	0.05835	0.01159	0.01577	0.00871	0.01006	0.00676	0.00483	0.00434	0.00144	0.00676	0.00348	0.00238	0.00737
42	0.00810	0.00568	0.00814	0.00845	0.00921	0.00568	0.03254	0.00933	0.01023	0.06344	0.02531	0.61209	0.02904	0.01602	0.05160	0.00244	0.05374	0.03960	0.00459	0.00476
43	0.00634	0.00453	0.00604	0.00725	0.00755	0.00423	0.00483	0.00725	0.00997	0.01329	0.02870	0.81358	0.03444	0.01632	0.00665	0.00211	0.00302	0.01480	0.00483	0.00423
44	0.00761	0.00610	0.00940	0.00940	0.01056	0.00584	0.08937	0.00962	0.03154	0.01442	0.02711	0.51375	0.05650	0.01422	0.00666	0.00211	0.00405	0.17238	0.00460	0.00477
45	0.01201	0.01567	0.13172	0.02069	0.02608	0.01313	0.63756	0.01650	0.01196	0.01650	0.01024	0.01354	0.00769	0.00464	0.00639	0.00176	0.03851	0.00578	0.00256	0.00706
46	0.01045	0.02694	0.79000	0.01484	0.02254	0.01209	0.01924	0.01649	0.01099	0.01649	0.00935	0.01099	0.00660	0.00495	0.00495	0.00165	0.00770	0.00385	0.00220	0.00770
47	0.01289	0.01237	0.02114	0.03196	0.78450	0.01237	0.01598	0.01598	0.01186	0.01701	0.00980	0.01289	0.00825	0.00464	0.00516	0.00155	0.00619	0.00464	0.00258	0.00825
48	0.00839	0.00599	0.00839	0.00959	0.01079	0.00599	0.00839	0.01079	0.01199	0.01558	0.02757	0.05874	0.02997	0.01439	0.00719	0.00240	0.00480	0.74945	0.00480	0.00480
49	0.02245	0.01103	0.01291	0.01005	0.01401	0.06586	0.00823	0.15758	0.01661	0.59740	0.01821	0.01619	0.01173	0.00633	0.00519	0.00158	0.00502	0.00500	0.00595	0.00866
50	0.01139	0.01139	0.01595	0.01367	0.01367	0.01595	0.01139	0.01253	0.00798	0.01253	0.00684	0.01139	0.00684	0.00911	0.01709	0.00228	0.80745	0.00456	0.00228	0.00570
51	0.00737	0.00532	0.00696	0.00655	0.00778	0.00491	0.00491	0.00983	0.01474	0.02088	0.78175	0.03890	0.04914	0.01065	0.00614	0.00164	0.00246	0.00942	0.00573	0.00491
52	0.01045	0.02694	0.79000	0.01484	0.02254	0.01209	0.01924	0.01649	0.01099	0.01649	0.00935	0.01099	0.00660	0.00495	0.00495	0.00165	0.00770	0.00385	0.00220	0.00770
53	0.01137	0.02564	0.73407	0.01444	0.02187	0.01177	0.01841	0.01713	0.01128	0.07197	0.01015	0.01148	0.00705	0.00506	0.00497	0.00165	0.00746	0.00395	0.00250	0.00778
54	0.00634	0.00453	0.00604	0.00725	0.00755	0.00423	0.00483	0.00725	0.00997	0.01329	0.02870	0.81358	0.03444	0.01632	0.00665	0.00211	0.00302	0.01480	0.00483	0.00423
55	0.00983	0.00926	0.01562	0.80447	0.03587	0.01157	0.01446	0.01331	0.01041	0.01331	0.00926	0.01388	0.00694	0.00521	0.00521	0.00174	0.00694	0.00463	0.00231	0.00579
56	0.00909	0.00893	0.01744	0.01404	0.01663	0.00836	0.35612	0.01161	0.01104	0.01486	0.02031	0.44439	0.02219	0.01081	0.00642	0.00195	0.00568	0.01081	0.00382	0.00552
57	0.00615	0.00528	0.00528	0.00528	0.00703	0.00440	0.00396	0.00747	0.01187	0.01407	0.05276	0.05012	0.78238	0.01319	0.00615	0.00176	0.00264	0.01099	0.00484	0.00440
58	0.01139	0.01139	0.01595	0.01367	0.01367	0.01595	0.01139	0.01253	0.00798	0.01253	0.00684	0.01139	0.00684	0.00911	0.01709	0.00228	0.80745	0.00456	0.00228	0.00570
59	0.02229	0.00933	0.01282	0.00986	0.01388	0.00838	0.03455	0.04538	0.05781	0.69720	0.02001	0.01755	0.01277	0.00640	0.00527	0.00162	0.00460	0.00529	0.00621	0.00876
60	0.01392	0.82012	0.02729	0.00891	0.01337	0.02061	0.00891	0.01559	0.01058	0.01225	0.00724	0.00835	0.00668	0.00446	0.00334	0.00111	0.00557	0.00278	0.00223	0.00668
61	0.00615	0.00528	0.00528	0.00528	0.00703	0.00440	0.00396	0.00747	0.01187	0.01407	0.05276	0.05012	0.78238	0.01319	0.00615	0.00176	0.00264	0.01099	0.00484	0.00440
62	0.01926	0.02449	0.01479	0.01342	0.01604	0.77716	0.01009	0.02059	0.01459	0.01274	0.00802	0.00944	0.00671	0.00546	0.00500	0.00136	0.02875	0.00338	0.00267	0.00603

[dist]
# distance from previous block
# <min> <max>
0	2

[block]
# block no. 2 follows, 47 sequences, length 25
# corresponding to MSA columns:
# 98,99,102-124
name=unknown_C
#
# <colnr> <probs for GDERKNQSTAVLIFYWHMCP>
#	G	D	E	R	K	N	Q	S	T	A	V	L	I	F	Y	W	H	M	C	P
0	0.01502	0.08765	0.01196	0.00880	0.01163	0.00936	0.00709	0.10761	0.08879	0.26655	0.18492	0.13794	0.02314	0.00865	0.00546	0.00165	0.00403	0.00731	0.00538	0.00705
1	0.00839	0.00599	0.00839	0.00959	0.01079	0.00599	0.00839	0.01079	0.01199	0.01558	0.02757	0.05874	0.02997	0.01439	0.00719	0.00240	0.00480	0.74945	0.00480	0.00480
2	0.01045	0.02694	0.79000	0.01484	0.02254	0.01209	0.01924	0.01649	0.01099	0.01649	0.00935	0.01099	0.00660	0.00495	0.00495	0.00165	0.00770	0.00385	0.00220	0.00770
3	0.06401	0.01670	0.01423	0.01202	0.01535	0.31114	0.04247	0.15098	0.17260	0.12878	0.01336	0.01333	0.00984	0.00595	0.00497	0.00154	0.00665	0.00447	0.00422	0.00740
4	0.00877	0.00707	0.00804	0.00760	0.00940	0.00725	0.00574	0.01468	0.24933	0.01920	0.34070	0.09391	0.18693	0.01048	0.00592	0.00174	0.00305	0.00905	0.00535	0.00579
5	0.00627	0.00530	0.00543	0.00545	0.00718	0.00446	0.00413	0.00767	0.01199	0.01438	0.08072	0.04993	0.73105	0.01312	0.00619	0.00177	0.00270	0.03296	0.00487	0.00443
6	0.01289	0.01237	0.02114	0.03196	0.78450	0.01237	0.01598	0.01598	0.01186	0.01701	0.00980	0.01289	0.00825	0.00464	0.00516	0.00155	0.00619	0.00464	0.00258	0.00825
7	0.01223	0.01385	0.02965	0.02134	0.02623	0.01337	0.71040	0.01638	0.01198	0.01638	0.01026	0.01385	0.00782	0.00474	0.00695	0.00179	0.06721	0.00603	0.00261	0.00693
8	0.01977	0.01155	0.01338	0.01059	0.01444	0.01204	0.00864	0.31030	0.18085	0.33490	0.01760	0.01609	0.01199	0.00650	0.00524	0.00163	0.00486	0.00517	0.00573	0.00873
9	0.01175	0.08580	0.56315	0.01615	0.09601	0.01314	0.05040	0.07331	0.01213	0.01746	0.00952	0.01122	0.00699	0.00495	0.00492	0.00160	0.00728	0.00401	0.00249	0.00773
10	0.01391	0.08247	0.44834	0.01405	0.02003	0.13957	0.07367	0.02991	0.01233	0.10288	0.01038	0.01156	0.00747	0.00512	0.00492	0.00156	0.00750	0.00404	0.00284	0.00745
11	0.01608	0.23760	0.24290	0.01170	0.01672	0.13057	0.01196	0.09897	0.01360	0.15693	0.01096	0.01142	0.00802	0.00529	0.00455	0.00144	0.00657	0.00383	0.00337	0.00751
12	0.00950	0.00853	0.01448	0.46523	0.05438	0.00972	0.08514	0.01247	0.01067	0.01433	0.01416	0.15828	0.01335	0.00750	0.00551	0.00178	0.00596	0.03478	0.06861	0.00561
13	0.01712	0.01883	0.04326	0.01272	0.01572	0.40002	0.02990	0.14591	0.10611	0.04066	0.01230	0.01383	0.02798	0.00640	0.00598	0.00157	0.06982	0.02143	0.00358	0.00685
14	0.01179	0.01186	0.01859	0.42291	0.28624	0.07147	0.07316	0.01504	0.01138	0.01478	0.00945	0.01322	0.00744	0.00496	0.00522	0.00164	0.00702	0.00465	0.00246	0.00673
15	0.04623	0.00931	0.01144	0.04524	0.04212	0.00972	0.00793	0.22085	0.01515	0.20284	0.01820	0.21745	0.01635	0.00879	0.00585	0.00172	0.03603	0.00732	0.07048	0.00697
16	0.00707	0.00555	0.00771	0.14820	0.01246	0.00564	0.00638	0.00859	0.01063	0.01396	0.09458	0.47951	0.12514	0.04110	0.00697	0.00206	0.00369	0.01179	0.00441	0.00455
17	0.03484	0.22070	0.39292	0.01273	0.01810	0.11525	0.01414	0.01691	0.04000	0.01504	0.00886	0.01042	0.00698	0.00527	0.00541	0.00153	0.06781	0.00363	0.00242	0.00705
18	0.03543	0.07328	0.01305	0.01036	0.01320	0.11200	0.00845	0.19472	0.12482	0.08873	0.03726	0.05767	0.04365	0.00904	0.02622	0.00189	0.02271	0.11607	0.00453	0.00691
19	0.01910	0.00933	0.01151	0.00927	0.01284	0.00895	0.00751	0.08002	0.16244	0.49357	0.02376	0.02138	0.10155	0.00733	0.00535	0.00165	0.00426	0.00598	0.00594	0.00823
20	0.01328	0.01327	0.01910	0.26330	0.25208	0.12848	0.12911	0.03769	0.01246	0.04491	0.03005	0.01370	0.00882	0.00515	0.00529	0.00161	0.00712	0.00482	0.00282	0.00693
21	0.00988	0.00951	0.01650	0.56548	0.05518	0.01106	0.10562	0.01314	0.01075	0.01392	0.01331	0.04396	0.05967	0.00630	0.00578	0.00178	0.02700	0.02267	0.00267	0.00585
22	0.00717	0.00549	0.00682	0.00741	0.00818	0.00545	0.00523	0.00932	0.07003	0.01445	0.07814	0.52182	0.13435	0.04595	0.00759	0.00214	0.03049	0.03059	0.00477	0.00463
23	0.01067	0.01029	0.01357	0.01209	0.01246	0.04756	0.00991	0.01199	0.00863	0.01260	0.01011	0.01741	0.01017	0.04652	0.15534	0.00344	0.53797	0.06130	0.00261	0.00536
24	0.01274	0.21286	0.35696	0.01477	0.07835	0.11230	0.04412	0.01645	0.01123	0.01473	0.00855	0.01047	0.00683	0.00518	0.00561	0.00153	0.07413	0.00374	0.00232	0.00710

[dist]
# distance from previous block
# <min> <max>
0	1

[block]
# block no. 3 follows, 47 sequences, length 13
# corresponding to MSA columns:
# 126-138
name=unknown_D
#
# <colnr> <probs for GDERKNQSTAVLIFYWHMCP>
#	G	D	E	R	K	N	Q	S	T	A	V	L	I	F	Y	W	H	M	C	P
0	0.01122	0.17826	0.60048	0.01411	0.02105	0.01379	0.05983	0.01633	0.01099	0.01569	0.00901	0.01066	0.00669	0.00482	0.00471	0.00155	0.00735	0.00378	0.00223	0.00746
1	0.00800	0.00653	0.01076	0.00970	0.01111	0.00705	0.09885	0.01007	0.00930	0.01319	0.06799	0.04958	0.01602	0.07746	0.57181	0.00668	0.01161	0.00636	0.00307	0.00486
2	0.01138	0.01053	0.01699	0.32559	0.27175	0.03996	0.06616	0.01438	0.01150	0.04112	0.04313	0.08368	0.01218	0.00638	0.00544	0.00170	0.00627	0.02227	0.00298	0.00659
3	0.01106	0.00931	0.03961	0.06386	0.01385	0.00718	0.00718	0.01340	0.01097	0.07032	0.01243	0.10956	0.01125	0.00569	0.00443	0.00109	0.00415	0.00480	0.00345	0.59643
4	0.00650	0.00465	0.00621	0.00734	0.00774	0.00436	0.00503	0.00756	0.01031	0.01378	0.06489	0.73610	0.03491	0.01594	0.00665	0.00211	0.00309	0.05366	0.00488	0.00429
5	0.01289	0.01237	0.02114	0.03196	0.78450	0.01237	0.01598	0.01598	0.01186	0.01701	0.00980	0.01289	0.00825	0.00464	0.00516	0.00155	0.00619	0.00464	0.00258	0.00825
6	0.04102	0.14804	0.12936	0.01119	0.01416	0.12404	0.01026	0.01592	0.05210	0.07249	0.01198	0.07103	0.01073	0.01057	0.09195	0.00240	0.15511	0.01820	0.00311	0.00634
7	0.01114	0.14291	0.28427	0.01440	0.01902	0.01339	0.18436	0.01486	0.01096	0.01541	0.06395	0.05191	0.01126	0.00634	0.00704	0.00171	0.13242	0.00523	0.00269	0.00671
8	0.00682	0.00521	0.00626	0.00619	0.00749	0.00465	0.00457	0.00868	0.01315	0.01756	0.43301	0.13747	0.30561	0.01223	0.00621	0.00174	0.00259	0.01063	0.00531	0.00465
9	0.01313	0.63982	0.20066	0.01026	0.01545	0.01867	0.01126	0.01580	0.01068	0.01322	0.00772	0.00895	0.00666	0.00457	0.00371	0.00124	0.00605	0.00303	0.00222	0.00691
10	0.01262	0.00928	0.01330	0.24376	0.07151	0.01015	0.02880	0.08096	0.05415	0.13785	0.06281	0.03725	0.11738	0.00773	0.00635	0.00176	0.06143	0.03228	0.00407	0.00656
11	0.00749	0.00550	0.00732	0.00827	0.00912	0.00548	0.00636	0.00974	0.05138	0.01450	0.02767	0.42301	0.05528	0.01663	0.06208	0.00262	0.00446	0.27369	0.00470	0.00468
12	0.01021	0.00964	0.01629	0.71012	0.12730	0.01167	0.01465	0.01363	0.01059	0.01376	0.00932	0.01376	0.00710	0.00514	0.00520	0.00171	0.00685	0.00463	0.00235	0.00609

[dist]
# distance from previous block
# <min> <max>
0	1

[block]
# block no. 4 follows, 47 sequences, length 13
# corresponding to MSA columns:
# 140-152
name=unknown_E
#
# <colnr> <probs for GDERKNQSTAVLIFYWHMCP>
#	G	D	E	R	K	N	Q	S	T	A	V	L	I	F	Y	W	H	M	C	P
0	0.07887	0.06623	0.13340	0.01218	0.01592	0.13975	0.08640	0.10257	0.01352	0.07573	0.01444	0.03819	0.01298	0.00819	0.02440	0.00189	0.00665	0.15840	0.00367	0.00661
1	0.12778	0.03408	0.14203	0.02816	0.01383	0.01080	0.00920	0.10349	0.15228	0.07749	0.01546	0.01689	0.04186	0.03072	0.11369	0.00262	0.00622	0.00496	0.06164	0.00681
2	0.00658	0.00490	0.00614	0.00678	0.00761	0.00446	0.00480	0.00792	0.01136	0.01497	0.17410	0.47195	0.20058	0.01450	0.00647	0.00196	0.00290	0.04260	0.00500	0.00442
3	0.85377	0.01007	0.00765	0.00685	0.01007	0.01168	0.00564	0.01531	0.00886	0.02336	0.00725	0.00846	0.00564	0.00483	0.00322	0.00161	0.00403	0.00282	0.00322	0.00564
4	0.00632	0.00463	0.00594	0.00698	0.00748	0.00425	0.00471	0.00728	0.01023	0.01340	0.03200	0.70906	0.13684	0.01589	0.00658	0.00207	0.00297	0.01428	0.00483	0.00425
5	0.01212	0.07764	0.44693	0.01491	0.02081	0.04476	0.12745	0.06316	0.06070	0.01717	0.01012	0.01186	0.00755	0.00532	0.00580	0.00166	0.05762	0.00432	0.00267	0.00744
6	0.01318	0.01363	0.01611	0.30378	0.17441	0.17842	0.01260	0.04784	0.02999	0.01516	0.00932	0.01236	0.00749	0.00546	0.00602	0.00158	0.07646	0.00427	0.00269	0.06924
7	0.00883	0.00523	0.00705	0.00770	0.00858	0.00483	0.00549	0.01000	0.01080	0.11954	0.02750	0.64784	0.03116	0.01482	0.00649	0.00207	0.00335	0.06877	0.00505	0.00491
8	0.12611	0.01090	0.07831	0.05711	0.01436	0.00832	0.00774	0.01372	0.01053	0.01758	0.00899	0.01068	0.00729	0.00417	0.00395	0.00102	0.00440	0.00321	0.00298	0.60862
9	0.04910	0.27586	0.21825	0.01140	0.01608	0.07522	0.06780	0.01636	0.01202	0.08273	0.11528	0.01454	0.01306	0.00569	0.00462	0.00145	0.00607	0.00448	0.00318	0.00682
10	0.00815	0.18712	0.01086	0.00745	0.00885	0.00798	0.00571	0.00942	0.01074	0.01395	0.10948	0.50902	0.06671	0.01287	0.00583	0.00182	0.00351	0.01132	0.00435	0.00486
11	0.01236	0.19423	0.10943	0.05115	0.01620	0.05777	0.07632	0.05481	0.01098	0.01508	0.00942	0.01226	0.00795	0.00799	0.05194	0.00202	0.21477	0.00425	0.08475	0.00632
12	0.01198	0.10643	0.62101	0.01397	0.02094	0.01262	0.03991	0.01718	0.01133	0.08305	0.01014	0.01140	0.00719	0.00501	0.00484	0.00159	0.00723	0.00393	0.00258	0.00767

[dist]
# distance from previous block
# <min> <max>
49	159

[block]
# block no. 5 follows, 47 sequences, length 6
# corresponding to MSA columns:
# 359-364
name=unknown_F
#
# <colnr> <probs for GDERKNQSTAVLIFYWHMCP>
#	G	D	E	R	K	N	Q	S	T	A	V	L	I	F	Y	W	H	M	C	P
0	0.01304	0.01410	0.02923	0.02096	0.02612	0.01347	0.69052	0.09122	0.01350	0.01828	0.01073	0.01389	0.00800	0.00457	0.00605	0.00174	0.00848	0.00600	0.00289	0.00721
1	0.01229	0.01405	0.03073	0.02195	0.02722	0.01317	0.76558	0.01668	0.01229	0.01668	0.01054	0.01405	0.00790	0.00439	0.00615	0.00176	0.00878	0.00615	0.00263	0.00702
2	0.01205	0.00922	0.01093	0.00787	0.01244	0.00701	0.00632	0.01433	0.01121	0.09357	0.01038	0.01149	0.00823	0.00411	0.00399	0.00085	0.00391	0.00330	0.00342	0.76539
3	0.01080	0.00926	0.01080	0.00771	0.01234	0.00694	0.00617	0.01311	0.01080	0.01697	0.00926	0.01080	0.00771	0.00386	0.00386	0.00077	0.00386	0.00309	0.00309	0.84882
4	0.01080	0.00926	0.01080	0.00771	0.01234	0.00694	0.00617	0.01311	0.01080	0.01697	0.00926	0.01080	0.00771	0.00386	0.00386	0.00077	0.00386	0.00309	0.00309	0.84882
5	0.00839	0.00599	0.00839	0.00959	0.01079	0.00599	0.00839	0.01079	0.01199	0.01558	0.02757	0.05874	0.02997	0.01439	0.00719	0.00240	0.00480	0.74945	0.00480	0.00480

[dist]
# distance from previous block
# <min> <max>
1	10

[block]
# block no. 6 follows, 47 sequences, length 34
# corresponding to MSA columns:
# 375-408
name=unknown_G
#
# <colnr> <probs for GDERKNQSTAVLIFYWHMCP>
#	G	D	E	R	K	N	Q	S	T	A	V	L	I	F	Y	W	H	M	C	P
0	0.02088	0.01098	0.01326	0.01039	0.01427	0.01097	0.00861	0.32425	0.01858	0.42912	0.01778	0.01846	0.01245	0.00692	0.00536	0.00165	0.00498	0.05668	0.00583	0.00858
1	0.00971	0.00485	0.00485	0.00485	0.00607	0.00485	0.00364	0.01213	0.01092	0.01942	0.01699	0.01942	0.01335	0.00607	0.00364	0.00121	0.00243	0.00485	0.84589	0.00485
2	0.00641	0.00458	0.00612	0.00733	0.00766	0.00429	0.00495	0.00737	0.01004	0.01337	0.02866	0.78799	0.03429	0.01625	0.00667	0.00212	0.00308	0.03972	0.00483	0.00425
3	0.01980	0.01459	0.01563	0.01198	0.01615	0.01615	0.00990	0.76713	0.02448	0.03282	0.01250	0.01250	0.00886	0.00625	0.00521	0.00156	0.00573	0.00469	0.00521	0.00886
4	0.00971	0.00485	0.00485	0.00485	0.00607	0.00485	0.00364	0.01213	0.01092	0.01942	0.01699	0.01942	0.01335	0.00607	0.00364	0.00121	0.00243	0.00485	0.84589	0.00485
5	0.01139	0.01139	0.01595	0.01367	0.01367	0.01595	0.01139	0.01253	0.00798	0.01253	0.00684	0.01139	0.00684	0.00911	0.01709	0.00228	0.80745	0.00456	0.00228	0.00570
6	0.01229	0.01405	0.03073	0.02195	0.02722	0.01317	0.76558	0.01668	0.01229	0.01668	0.01054	0.01405	0.00790	0.00439	0.00615	0.00176	0.00878	0.00615	0.00263	0.00702
7	0.01229	0.01405	0.03073	0.02195	0.02722	0.01317	0.76558	0.01668	0.01229	0.01668	0.01054	0.01405	0.00790	0.00439	0.00615	0.00176	0.00878	0.00615	0.00263	0.00702
8	0.00615	0.00528	0.00528	0.00528	0.00703	0.00440	0.00396	0.00747	0.01187	0.01407	0.05276	0.05012	0.78238	0.01319	0.00615	0.00176	0.00264	0.01099	0.00484	0.00440
9	0.01139	0.01139	0.01595	0.01367	0.01367	0.01595	0.01139	0.01253	0.00798	0.01253	0.00684	0.01139	0.00684	0.00911	0.01709	0.00228	0.80745	0.00456	0.00228	0.00570
10	0.00983	0.00926	0.01562	0.80447	0.03587	0.01157	0.01446	0.01331	0.01041	0.01331	0.00926	0.01388	0.00694	0.00521	0.00521	0.00174	0.00694	0.00463	0.00231	0.00579
11	0.01945	0.02482	0.01476	0.01342	0.01610	0.79608	0.01006	0.02079	0.01476	0.01275	0.00805	0.00939	0.00671	0.00537	0.00470	0.00134	0.00939	0.00335	0.00268	0.00604
12	0.02336	0.00886	0.01209	0.00927	0.01329	0.00765	0.00765	0.02538	0.01491	0.78810	0.02055	0.01773	0.01289	0.00645	0.00524	0.00161	0.00443	0.00524	0.00645	0.00886
13	0.01080	0.00926	0.01080	0.00771	0.01234	0.00694	0.00617	0.01311	0.01080	0.01697	0.00926	0.01080	0.00771	0.00386	0.00386	0.00077	0.00386	0.00309	0.00309	0.84882
14	0.00615	0.00528	0.00528	0.00528	0.00703	0.00440	0.00396	0.00747	0.01187	0.01407	0.05276	0.05012	0.78238	0.01319	0.00615	0.00176	0.00264	0.01099	0.00484	0.00440
15	0.00971	0.00485	0.00485	0.00485	0.00607	0.00485	0.00364	0.01213	0.01092	0.01942	0.01699	0.01942	0.01335	0.00607	0.00364	0.00121	0.00243	0.00485	0.84589	0.00485
16	0.01080	0.00926	0.01080	0.00771	0.01234	0.00694	0.00617	0.01311	0.01080	0.01697	0.00926	0.01080	0.00771	0.00386	0.00386	0.00077	0.00386	0.00309	0.00309	0.84882
17	0.00634	0.00453	0.00604	0.00725	0.00755	0.00423	0.00483	0.00725	0.00997	0.01329	0.02870	0.81358	0.03444	0.01632	0.00665	0.00211	0.00302	0.01480	0.00483	0.00423
18	0.00971	0.00485	0.00485	0.00485	0.00607	0.00485	0.00364	0.01213	0.01092	0.01942	0.01699	0.01942	0.01335	0.00607	0.00364	0.00121	0.00243	0.00485	0.84589	0.00485
19	0.01289	0.01237	0.02114	0.03196	0.78450	0.01237	0.01598	0.01598	0.01186	0.01701	0.00980	0.01289	0.00825	0.00464	0.00516	0.00155	0.00619	0.00464	0.00258	0.00825
20	0.02336	0.00886	0.01209	0.00927	0.01329	0.00765	0.00765	0.02538	0.01491	0.78810	0.02055	0.01773	0.01289	0.00645	0.00524	0.00161	0.00443	0.00524	0.00645	0.00886
21	0.01289	0.01237	0.02114	0.03196	0.78450	0.01237	0.01598	0.01598	0.01186	0.01701	0.00980	0.01289	0.00825	0.00464	0.00516	0.00155	0.00619	0.00464	0.00258	0.00825
22	0.01980	0.01459	0.01563	0.01198	0.01615	0.01615	0.00990	0.76713	0.02448	0.03282	0.01250	0.01250	0.00886	0.00625	0.00521	0.00156	0.00573	0.00469	0.00521	0.00886
23	0.00983	0.00926	0.01562	0.80447	0.03587	0.01157	0.01446	0.01331	0.01041	0.01331	0.00926	0.01388	0.00694	0.00521	0.00521	0.00174	0.00694	0.00463	0.00231	0.00579
24	0.01980	0.01459	0.01563	0.01198	0.01615	0.01615	0.00990	0.76713	0.02448	0.03282	0.01250	0.01250	0.00886	0.00625	0.00521	0.00156	0.00573	0.00469	0.00521	0.00886
25	0.00983	0.00926	0.01562	0.80447	0.03587	0.01157	0.01446	0.01331	0.01041	0.01331	0.00926	0.01388	0.00694	0.00521	0.00521	0.00174	0.00694	0.00463	0.00231	0.00579
26	0.01860	0.02341	0.01488	0.01344	0.01584	0.71396	0.01020	0.01993	0.01404	0.01272	0.00792	0.00960	0.00672	0.00576	0.00600	0.00144	0.09339	0.00348	0.00264	0.00600
27	0.01080	0.00926	0.01080	0.00771	0.01234	0.00694	0.00617	0.01311	0.01080	0.01697	0.00926	0.01080	0.00771	0.00386	0.00386	0.00077	0.00386	0.00309	0.00309	0.84882
28	0.01289	0.01237	0.02114	0.03196	0.78450	0.01237	0.01598	0.01598	0.01186	0.01701	0.00980	0.01289	0.00825	0.00464	0.00516	0.00155	0.00619	0.00464	0.00258	0.00825
29	0.01289	0.01237	0.02114	0.03196	0.78450	0.01237	0.01598	0.01598	0.01186	0.01701	0.00980	0.01289	0.00825	0.00464	0.00516	0.00155	0.00619	0.00464	0.00258	0.00825
30	0.01102	0.00954	0.01155	0.00950	0.06599	0.00753	0.00693	0.01383	0.03826	0.01715	0.00972	0.01125	0.00804	0.00403	0.00400	0.00086	0.00403	0.00329	0.00313	0.76034
31	0.01268	0.01216	0.02075	0.08559	0.73253	0.01232	0.01588	0.01580	0.01176	0.01676	0.00976	0.01296	0.00816	0.00468	0.00516	0.00156	0.00624	0.00464	0.00256	0.00808
32	0.01125	0.01070	0.01818	0.44594	0.38332	0.01194	0.01517	0.01455	0.01108	0.01503	0.00951	0.01342	0.00755	0.00494	0.00518	0.00165	0.00659	0.00463	0.00244	0.00693
33	0.01262	0.01194	0.01988	0.02953	0.70825	0.01193	0.01497	0.03717	0.01222	0.01727	0.01286	0.01546	0.06201	0.00528	0.00523	0.00156	0.00593	0.00508	0.00281	0.00800

[dist]
# distance from previous block
# <min> <max>
0	5

# created by:
# /home/cegg/simao/soft/augustus-3.2.1/scripts/msa2prfl.pl ./align_prep/EOG091G0RTI.fa
