[name]
unknown

[dist]
# distance from previous block
# <min> <max>
0	344

[block]
# block no. 0 follows, 50 sequences, length 54
# corresponding to MSA columns:
# 497-531,539-557
name=unknown_A
#
# <colnr> <probs for GDERKNQSTAVLIFYWHMCP>
#	G	D	E	R	K	N	Q	S	T	A	V	L	I	F	Y	W	H	M	C	P
0	0.00803	0.00574	0.00790	0.00903	0.01007	0.00565	0.00763	0.01002	0.01135	0.01485	0.02677	0.17365	0.02952	0.01420	0.00692	0.00230	0.00443	0.64262	0.00469	0.00466
1	0.01087	0.00950	0.01187	0.01037	0.09458	0.00788	0.00732	0.01301	0.01046	0.01625	0.00906	0.01098	0.00766	0.00427	0.00471	0.00096	0.05248	0.00329	0.00295	0.71154
2	0.05045	0.54316	0.05022	0.00886	0.01271	0.01567	0.03221	0.01521	0.01094	0.07998	0.07302	0.01245	0.01083	0.00542	0.00411	0.01478	0.00503	0.00375	0.04477	0.00643
3	0.00622	0.00518	0.00536	0.00549	0.00702	0.00437	0.00403	0.00735	0.01131	0.01364	0.04773	0.14450	0.69402	0.01315	0.00607	0.00178	0.00268	0.01104	0.00472	0.00434
4	0.00832	0.00610	0.00810	0.00903	0.01032	0.00606	0.00775	0.01094	0.04473	0.01530	0.02856	0.05404	0.09860	0.01351	0.00683	0.00226	0.00447	0.65552	0.00470	0.00485
5	0.09446	0.03594	0.04692	0.48383	0.09392	0.01150	0.01243	0.03047	0.02516	0.08131	0.01008	0.01312	0.00756	0.00531	0.00516	0.00166	0.02763	0.00434	0.00286	0.00633
6	0.00637	0.00459	0.00597	0.00705	0.00743	0.00424	0.00472	0.00718	0.00981	0.01303	0.02876	0.78189	0.06887	0.01562	0.00646	0.00206	0.00298	0.01405	0.00472	0.00421
7	0.00633	0.00529	0.00542	0.00546	0.00710	0.00447	0.00411	0.00753	0.01145	0.01372	0.04869	0.04825	0.73549	0.03072	0.00648	0.00183	0.00278	0.04583	0.00468	0.00435
8	0.01280	0.07930	0.01966	0.01443	0.01821	0.05055	0.29796	0.02140	0.39007	0.01809	0.01499	0.01569	0.01143	0.00570	0.00532	0.00167	0.00608	0.00546	0.00384	0.00737
9	0.01316	0.01177	0.01977	0.04415	0.72951	0.01171	0.01488	0.01597	0.01167	0.06308	0.01026	0.01302	0.00841	0.00475	0.00506	0.00154	0.00593	0.00457	0.00278	0.00802
10	0.01313	0.71098	0.13550	0.00952	0.01424	0.01868	0.01004	0.01524	0.01037	0.01258	0.00751	0.00876	0.00666	0.00452	0.00355	0.00119	0.00571	0.00291	0.00223	0.00668
11	0.00638	0.00456	0.00600	0.00714	0.00746	0.00423	0.00476	0.00717	0.00973	0.01300	0.02768	0.81834	0.03312	0.01576	0.00648	0.00207	0.00300	0.01422	0.00472	0.00420
12	0.01920	0.01414	0.01514	0.01165	0.01565	0.01559	0.00958	0.77389	0.02356	0.03161	0.01224	0.01236	0.00874	0.00617	0.00511	0.00155	0.00558	0.00458	0.00507	0.00861
13	0.01028	0.02591	0.79567	0.01437	0.02174	0.01172	0.01849	0.01597	0.01070	0.01605	0.00923	0.01092	0.00659	0.00493	0.00486	0.00163	0.00745	0.00378	0.00221	0.00751
14	0.01062	0.00906	0.01053	0.00758	0.01202	0.00681	0.00603	0.01275	0.01052	0.01650	0.00915	0.01073	0.00765	0.00389	0.00382	0.00079	0.00379	0.00305	0.00305	0.85164
15	0.00742	0.00556	0.00822	0.00821	0.00912	0.00640	0.00635	0.00912	0.00820	0.01185	0.01362	0.01994	0.01271	0.03743	0.80161	0.00803	0.01341	0.00543	0.00277	0.00460
16	0.01920	0.01414	0.01514	0.01165	0.01565	0.01559	0.00958	0.77389	0.02356	0.03161	0.01224	0.01236	0.00874	0.00617	0.00511	0.00155	0.00558	0.00458	0.00507	0.00861
17	0.00620	0.00527	0.00527	0.00526	0.00696	0.00439	0.00392	0.00738	0.01154	0.01374	0.05060	0.04820	0.78847	0.01278	0.00601	0.00173	0.00263	0.01058	0.00472	0.00436
18	0.00742	0.00556	0.00822	0.00821	0.00912	0.00640	0.00635	0.00912	0.00820	0.01185	0.01362	0.01994	0.01271	0.03743	0.80161	0.00803	0.01341	0.00543	0.00277	0.00460
19	0.01267	0.01090	0.01146	0.01033	0.01316	0.01254	0.00801	0.02662	0.78144	0.02109	0.02052	0.01896	0.01545	0.00694	0.00519	0.00174	0.00404	0.00572	0.00516	0.00803
20	0.00742	0.00556	0.00822	0.00821	0.00912	0.00640	0.00635	0.00912	0.00820	0.01185	0.01362	0.01994	0.01271	0.03743	0.80161	0.00803	0.01341	0.00543	0.00277	0.00460
21	0.00970	0.00906	0.01513	0.80944	0.03444	0.01122	0.01393	0.01294	0.01015	0.01301	0.00915	0.01367	0.00692	0.00517	0.00510	0.00171	0.00673	0.00452	0.00232	0.00569
22	0.00742	0.00556	0.00822	0.00821	0.00912	0.00640	0.00635	0.00912	0.00820	0.01185	0.01362	0.01994	0.01271	0.03743	0.80161	0.00803	0.01341	0.00543	0.00277	0.00460
23	0.00755	0.00505	0.00566	0.00564	0.00567	0.00501	0.00316	0.00747	0.00744	0.00995	0.01596	0.03292	0.01834	0.82135	0.02540	0.00487	0.00493	0.00733	0.00312	0.00318
24	0.00631	0.00521	0.00546	0.00552	0.00706	0.00442	0.00407	0.00754	0.01161	0.01421	0.10917	0.11208	0.66413	0.01283	0.00605	0.00175	0.00265	0.01077	0.00479	0.00439
25	0.01035	0.00986	0.01383	0.01213	0.01236	0.01339	0.00997	0.01151	0.00791	0.01218	0.00835	0.01323	0.00813	0.01526	0.19162	0.00353	0.63395	0.00467	0.00239	0.00538
26	0.01887	0.02389	0.01431	0.01301	0.01560	0.80141	0.00974	0.02007	0.01429	0.01248	0.00800	0.00939	0.00670	0.00533	0.00462	0.00134	0.00907	0.00331	0.00267	0.00593
27	0.00895	0.00455	0.00671	0.00670	0.00672	0.00451	0.00446	0.00672	0.00669	0.00895	0.00895	0.01553	0.00892	0.01745	0.01954	0.85121	0.00443	0.00442	0.00227	0.00233
28	0.01062	0.00906	0.01053	0.00758	0.01202	0.00681	0.00603	0.01275	0.01052	0.01650	0.00915	0.01073	0.00765	0.00389	0.00382	0.00079	0.00379	0.00305	0.00305	0.85164
29	0.01267	0.09482	0.02218	0.08906	0.35148	0.07182	0.21673	0.01558	0.01151	0.01526	0.00966	0.01315	0.00804	0.00493	0.00544	0.00158	0.02842	0.01800	0.00256	0.00709
30	0.00638	0.00456	0.00600	0.00714	0.00746	0.00423	0.00476	0.00717	0.00973	0.01300	0.02768	0.81834	0.03312	0.01576	0.00648	0.00207	0.00300	0.01422	0.00472	0.00420
31	0.01053	0.00542	0.00559	0.00532	0.00674	0.00540	0.00403	0.04510	0.01135	0.05123	0.01647	0.01859	0.01282	0.00602	0.00374	0.00125	0.00264	0.00474	0.77790	0.00512
32	0.00753	0.00512	0.00599	0.00598	0.00612	0.00519	0.00357	0.00769	0.00754	0.01020	0.01566	0.03123	0.01761	0.71966	0.12609	0.00528	0.00603	0.00708	0.00307	0.00336
33	0.00647	0.00460	0.00597	0.00702	0.00731	0.00429	0.00463	0.00719	0.00954	0.01275	0.02671	0.75389	0.03191	0.08186	0.00803	0.00230	0.00315	0.01365	0.00459	0.00412
34	0.02236	0.00848	0.01157	0.00887	0.01272	0.00733	0.00733	0.02429	0.01427	0.79719	0.01966	0.01697	0.01234	0.00617	0.00501	0.00154	0.00424	0.00501	0.00617	0.00848
35	0.00883	0.00603	0.00823	0.00906	0.03511	0.00594	0.00716	0.02495	0.02616	0.06180	0.08260	0.14494	0.07319	0.01372	0.04086	0.01985	0.00448	0.41761	0.00457	0.00492
36	0.00980	0.13377	0.01239	0.02414	0.01067	0.02489	0.00737	0.03637	0.01096	0.01540	0.23269	0.02122	0.05616	0.01124	0.09318	0.00231	0.21775	0.00582	0.06860	0.00526
37	0.48778	0.08642	0.17600	0.03576	0.05757	0.01203	0.00938	0.03076	0.00975	0.04387	0.00806	0.00936	0.00614	0.00469	0.00370	0.00151	0.00497	0.00316	0.00287	0.00620
38	0.10024	0.20841	0.20651	0.01292	0.07601	0.15466	0.03790	0.09798	0.01245	0.03737	0.00873	0.00998	0.00682	0.00482	0.00425	0.00139	0.00646	0.00352	0.00275	0.00682
39	0.01091	0.03203	0.42199	0.11417	0.15370	0.03232	0.03339	0.01567	0.03965	0.03281	0.01071	0.01265	0.02203	0.00501	0.00478	0.00155	0.00656	0.00420	0.03885	0.00703
40	0.00893	0.00476	0.00521	0.00521	0.00633	0.00491	0.00395	0.01116	0.01004	0.01741	0.01577	0.01875	0.01272	0.01111	0.13812	0.00231	0.00418	0.00476	0.70975	0.00461
41	0.00691	0.00509	0.00646	0.00612	0.00736	0.00464	0.00459	0.00912	0.01376	0.01916	0.69725	0.03859	0.14140	0.01050	0.00588	0.00158	0.00237	0.00921	0.00538	0.00464
42	0.86003	0.00964	0.00733	0.00655	0.00964	0.01118	0.00540	0.01465	0.00848	0.02236	0.00694	0.00810	0.00540	0.00463	0.00308	0.00154	0.00386	0.00270	0.00308	0.00540
43	0.02074	0.00810	0.01097	0.00854	0.01209	0.00703	0.00700	0.02271	0.01414	0.71136	0.08259	0.01867	0.01519	0.00649	0.00504	0.00153	0.00403	0.00533	0.03039	0.00806
44	0.00598	0.00505	0.00518	0.00514	0.00679	0.00425	0.00386	0.00733	0.01158	0.01398	0.10840	0.04713	0.73349	0.01243	0.00589	0.00167	0.00251	0.01040	0.00470	0.00425
45	0.00705	0.00510	0.00666	0.00627	0.00745	0.00470	0.00470	0.00941	0.01411	0.01999	0.79110	0.03723	0.04703	0.01019	0.00588	0.00157	0.00235	0.00901	0.00549	0.00470
46	0.00969	0.00503	0.00507	0.00492	0.00620	0.00509	0.00373	0.04293	0.01098	0.01911	0.01608	0.01831	0.01260	0.00581	0.00355	0.00118	0.00245	0.00464	0.81783	0.00480
47	0.01234	0.01184	0.02023	0.03059	0.79373	0.01184	0.01530	0.01530	0.01135	0.01628	0.00938	0.01234	0.00790	0.00444	0.00493	0.00148	0.00592	0.00444	0.00247	0.00790
48	0.00610	0.00436	0.00581	0.00692	0.00724	0.00407	0.00463	0.00702	0.00969	0.01295	0.05142	0.79697	0.03341	0.01545	0.00635	0.00201	0.00287	0.01401	0.00465	0.00407
49	0.01305	0.76230	0.08926	0.00899	0.01351	0.01906	0.00934	0.01500	0.01016	0.01206	0.00709	0.00820	0.00639	0.00430	0.00332	0.00111	0.00550	0.00275	0.00213	0.00648
50	0.00861	0.00585	0.00820	0.00818	0.00959	0.00551	0.03902	0.01052	0.01164	0.07896	0.15494	0.16485	0.11674	0.05059	0.00720	0.00209	0.00386	0.30411	0.00472	0.00482
51	0.01139	0.01159	0.01562	0.01450	0.07697	0.05219	0.01120	0.01264	0.00824	0.01236	0.00683	0.01093	0.00665	0.00821	0.01487	0.00208	0.71154	0.00431	0.00222	0.00567
52	0.01075	0.01012	0.01708	0.33754	0.43241	0.01098	0.01399	0.01374	0.01072	0.01467	0.01056	0.05221	0.00923	0.00547	0.00508	0.00160	0.00602	0.02859	0.00254	0.00668
53	0.01299	0.07966	0.02033	0.06778	0.54360	0.08953	0.06519	0.03375	0.01176	0.01566	0.00910	0.01177	0.00755	0.00454	0.00482	0.00145	0.00637	0.00427	0.00250	0.00738

[dist]
# distance from previous block
# <min> <max>
0	1

[block]
# block no. 1 follows, 50 sequences, length 8
# corresponding to MSA columns:
# 559-566
name=unknown_B
#
# <colnr> <probs for GDERKNQSTAVLIFYWHMCP>
#	G	D	E	R	K	N	Q	S	T	A	V	L	I	F	Y	W	H	M	C	P
0	0.00817	0.00563	0.00688	0.00659	0.00763	0.00560	0.00470	0.01042	0.06757	0.05154	0.26031	0.03287	0.09565	0.28299	0.10548	0.00344	0.00475	0.03108	0.00424	0.00448
1	0.00970	0.00889	0.01473	0.48434	0.19684	0.01033	0.01261	0.01236	0.01000	0.01333	0.01105	0.10733	0.01006	0.00672	0.00613	0.03457	0.03714	0.00556	0.00255	0.00575
2	0.00969	0.00939	0.01664	0.72049	0.03336	0.01125	0.10269	0.01311	0.01018	0.01311	0.00900	0.01331	0.00675	0.00489	0.00509	0.00166	0.00685	0.00460	0.00225	0.00568
3	0.86003	0.00964	0.00733	0.00655	0.00964	0.01118	0.00540	0.01465	0.00848	0.02236	0.00694	0.00810	0.00540	0.00463	0.00308	0.00154	0.00386	0.00270	0.00308	0.00540
4	0.00712	0.00534	0.00801	0.00801	0.00890	0.00623	0.00623	0.00890	0.00801	0.01157	0.01335	0.01958	0.01246	0.03738	0.80507	0.00801	0.01335	0.00534	0.00267	0.00445
5	0.00589	0.00505	0.00505	0.00505	0.00673	0.00421	0.00379	0.00715	0.01136	0.01347	0.05049	0.04797	0.79171	0.01262	0.00589	0.00168	0.00252	0.01052	0.00463	0.00421
6	0.02236	0.00848	0.01157	0.00887	0.01272	0.00733	0.00733	0.02429	0.01427	0.79719	0.01966	0.01697	0.01234	0.00617	0.00501	0.00154	0.00424	0.00501	0.00617	0.00848
7	0.00787	0.00569	0.00781	0.00887	0.01006	0.00562	0.00771	0.01009	0.01147	0.01481	0.02821	0.05560	0.08624	0.01368	0.00681	0.00225	0.00443	0.70364	0.00459	0.00456

[dist]
# distance from previous block
# <min> <max>
0	2

[block]
# block no. 2 follows, 50 sequences, length 57
# corresponding to MSA columns:
# 569-581,590-633
name=unknown_C
#
# <colnr> <probs for GDERKNQSTAVLIFYWHMCP>
#	G	D	E	R	K	N	Q	S	T	A	V	L	I	F	Y	W	H	M	C	P
0	0.00607	0.00434	0.00578	0.00694	0.00723	0.00405	0.00463	0.00694	0.00954	0.01272	0.02747	0.82157	0.03297	0.01562	0.00636	0.00202	0.00289	0.01417	0.00463	0.00405
1	0.02219	0.00917	0.01168	0.00905	0.01285	0.04327	0.00743	0.02409	0.01426	0.76180	0.01913	0.01661	0.01207	0.00612	0.00499	0.00153	0.00446	0.00493	0.00601	0.00836
2	0.00711	0.00507	0.00650	0.00615	0.00734	0.00468	0.00461	0.00941	0.01383	0.01965	0.72515	0.03684	0.07669	0.01009	0.00577	0.00155	0.00236	0.00888	0.04363	0.00468
3	0.01341	0.65787	0.06619	0.04467	0.01435	0.01818	0.00939	0.04940	0.01077	0.03605	0.00771	0.00891	0.00668	0.00462	0.00397	0.00119	0.03471	0.00301	0.00238	0.00653
4	0.01497	0.01479	0.17647	0.01579	0.17959	0.01227	0.04175	0.30642	0.01623	0.09910	0.05020	0.01416	0.02382	0.00567	0.00502	0.00153	0.00575	0.00475	0.00391	0.00780
5	0.01332	0.16889	0.14424	0.02054	0.38073	0.13912	0.01348	0.03590	0.01174	0.01510	0.00865	0.01069	0.00714	0.00461	0.00451	0.00139	0.00652	0.00379	0.00243	0.00721
6	0.00802	0.00663	0.00959	0.00906	0.00971	0.00827	0.00717	0.00958	0.00805	0.01181	0.03211	0.01851	0.01219	0.06165	0.56622	0.00634	0.20253	0.00528	0.00264	0.00464
7	0.00959	0.04577	0.01545	0.77659	0.03336	0.01146	0.01360	0.01283	0.00997	0.01269	0.00877	0.01305	0.00663	0.00495	0.00490	0.00163	0.00659	0.00435	0.00221	0.00558
8	0.01103	0.01074	0.01752	0.41288	0.35879	0.03494	0.03079	0.01409	0.01065	0.01429	0.00901	0.01269	0.00719	0.00485	0.00530	0.00159	0.03030	0.00443	0.00234	0.00658
9	0.01085	0.01072	0.03327	0.26349	0.34904	0.04479	0.02851	0.01342	0.01046	0.01412	0.01060	0.08539	0.00963	0.00645	0.00633	0.04009	0.04871	0.00526	0.00255	0.00632
10	0.28670	0.01085	0.01394	0.05986	0.31743	0.01168	0.01026	0.13621	0.01213	0.03316	0.00952	0.01203	0.00771	0.04180	0.00525	0.00166	0.00510	0.00402	0.01388	0.00680
11	0.00590	0.00500	0.00510	0.00517	0.00677	0.00420	0.00384	0.00714	0.01124	0.01342	0.04898	0.09871	0.74195	0.01282	0.00592	0.00171	0.00255	0.01076	0.00463	0.00420
12	0.86003	0.00964	0.00733	0.00655	0.00964	0.01118	0.00540	0.01465	0.00848	0.02236	0.00694	0.00810	0.00540	0.00463	0.00308	0.00154	0.00386	0.00270	0.00308	0.00540
13	0.01507	0.01201	0.01324	0.07944	0.01591	0.01365	0.00911	0.36136	0.37760	0.02489	0.01558	0.01517	0.01147	0.00626	0.00503	0.00160	0.00487	0.00502	0.00479	0.00795
14	0.01699	0.01854	0.04378	0.03359	0.05792	0.45157	0.02828	0.06024	0.10623	0.09496	0.01085	0.01162	0.00830	0.00551	0.00507	0.00144	0.03120	0.00397	0.00332	0.00663
15	0.00607	0.00434	0.00578	0.00694	0.00723	0.00405	0.00463	0.00694	0.00954	0.01272	0.02747	0.82157	0.03297	0.01562	0.00636	0.00202	0.00289	0.01417	0.00463	0.00405
16	0.00807	0.00585	0.00737	0.00672	0.00813	0.00562	0.00511	0.07511	0.01491	0.02097	0.72442	0.03507	0.04373	0.00983	0.00580	0.00156	0.00262	0.00863	0.00544	0.00503
17	0.01081	0.01152	0.08427	0.09882	0.33961	0.01042	0.11812	0.04240	0.02529	0.01593	0.01390	0.12707	0.03488	0.00661	0.00530	0.00163	0.00579	0.02254	0.01837	0.00670
18	0.01127	0.01052	0.01775	0.08975	0.58514	0.01067	0.02530	0.01411	0.01119	0.01567	0.01233	0.04876	0.01155	0.00617	0.00527	0.00163	0.00572	0.10729	0.00282	0.00709
19	0.02187	0.00876	0.01168	0.00901	0.01283	0.00781	0.00742	0.05153	0.04352	0.74042	0.01941	0.01685	0.01231	0.00618	0.00501	0.00155	0.00428	0.00502	0.00609	0.00846
20	0.00589	0.00505	0.00505	0.00505	0.00673	0.00421	0.00379	0.00715	0.01136	0.01347	0.05049	0.04797	0.79171	0.01262	0.00589	0.00168	0.00252	0.01052	0.00463	0.00421
21	0.03496	0.08033	0.09943	0.20256	0.06046	0.01052	0.08196	0.02655	0.00988	0.03072	0.01054	0.01446	0.00880	0.01572	0.27224	0.00371	0.02423	0.00460	0.00255	0.00579
22	0.04565	0.00859	0.01206	0.03816	0.01372	0.00768	0.03625	0.02274	0.01384	0.68859	0.04646	0.01717	0.01300	0.00615	0.00502	0.00155	0.00440	0.00510	0.00577	0.00808
23	0.00803	0.00574	0.00803	0.00918	0.01033	0.00574	0.00803	0.01033	0.01147	0.01492	0.02639	0.05622	0.02869	0.01377	0.00688	0.00229	0.00459	0.76018	0.00459	0.00459
24	0.00879	0.00565	0.00703	0.00651	0.00811	0.00514	0.00494	0.02223	0.02614	0.10876	0.46574	0.09591	0.19484	0.01052	0.00579	0.00162	0.00272	0.00913	0.00531	0.00510
25	0.01294	0.05975	0.40841	0.02897	0.05646	0.04431	0.01330	0.04024	0.01191	0.17015	0.01533	0.01568	0.08911	0.00586	0.00484	0.00154	0.00607	0.00466	0.00330	0.00717
26	0.32895	0.35335	0.04645	0.07733	0.01415	0.02946	0.03576	0.01456	0.00963	0.01613	0.00791	0.03276	0.00687	0.00483	0.00358	0.00137	0.00508	0.00333	0.00259	0.00592
27	0.11684	0.48575	0.05525	0.00970	0.01349	0.17830	0.02338	0.01578	0.01075	0.01340	0.00762	0.02370	0.00680	0.00478	0.00382	0.00124	0.01776	0.00313	0.00239	0.00614
28	0.01481	0.00627	0.00757	0.00643	0.00873	0.00578	0.00511	0.01697	0.01206	0.34729	0.01770	0.01790	0.01259	0.00596	0.00413	0.00132	0.00313	0.00480	0.49520	0.00627
29	0.03138	0.74100	0.02449	0.00852	0.01272	0.01849	0.00836	0.01572	0.01045	0.07917	0.00802	0.00877	0.00688	0.00443	0.00335	0.00112	0.00521	0.00287	0.00250	0.00655
30	0.00983	0.02407	0.73131	0.01378	0.02061	0.01108	0.01753	0.01532	0.01060	0.01571	0.01044	0.01443	0.00823	0.00551	0.00492	0.00164	0.00713	0.06843	0.00232	0.00713
31	0.00696	0.00509	0.00652	0.00617	0.00739	0.00466	0.00462	0.00921	0.01387	0.01943	0.72772	0.03815	0.11076	0.01040	0.00588	0.00158	0.00237	0.00914	0.00541	0.00466
32	0.00705	0.00510	0.00666	0.00627	0.00745	0.00470	0.00470	0.00941	0.01411	0.01999	0.79110	0.03723	0.04703	0.01019	0.00588	0.00157	0.00235	0.00901	0.00549	0.00470
33	0.00607	0.00434	0.00578	0.00694	0.00723	0.00405	0.00463	0.00694	0.00954	0.01272	0.02747	0.82157	0.03297	0.01562	0.00636	0.00202	0.00289	0.01417	0.00463	0.00405
34	0.01000	0.02578	0.79900	0.01421	0.02157	0.01158	0.01842	0.01579	0.01052	0.01579	0.00895	0.01052	0.00631	0.00474	0.00474	0.00158	0.00737	0.00368	0.00210	0.00737
35	0.01259	0.01080	0.01138	0.01018	0.01303	0.01249	0.00794	0.04860	0.76230	0.02116	0.02004	0.01840	0.01502	0.00674	0.00507	0.00168	0.00399	0.00560	0.00507	0.00791
36	0.01000	0.02578	0.79900	0.01421	0.02157	0.01158	0.01842	0.01579	0.01052	0.01579	0.00895	0.01052	0.00631	0.00474	0.00474	0.00158	0.00737	0.00368	0.00210	0.00737
37	0.00608	0.00500	0.00537	0.00554	0.00700	0.00429	0.00413	0.00741	0.01131	0.01384	0.09262	0.14291	0.61832	0.01289	0.00599	0.00174	0.00265	0.04399	0.00468	0.00424
38	0.01342	0.01121	0.01198	0.02985	0.01390	0.01288	0.00830	0.15146	0.63883	0.02242	0.01862	0.01736	0.01388	0.00659	0.00506	0.00166	0.00427	0.00541	0.00499	0.00793
39	0.01862	0.02376	0.01413	0.01284	0.01541	0.80482	0.00963	0.01990	0.01413	0.01220	0.00770	0.00899	0.00642	0.00514	0.00449	0.00128	0.00899	0.00321	0.00257	0.00578
40	0.01153	0.01133	0.03545	0.18440	0.44159	0.01170	0.07281	0.03722	0.03919	0.01596	0.02899	0.02943	0.00925	0.00523	0.00561	0.00159	0.04409	0.00488	0.00268	0.00706
41	0.04457	0.01072	0.01235	0.00941	0.01310	0.01065	0.00769	0.25705	0.01439	0.07089	0.01021	0.01127	0.00788	0.00519	0.00562	0.00123	0.09751	0.00373	0.00372	0.40284
42	0.02094	0.01047	0.10195	0.00948	0.01374	0.00781	0.00860	0.02332	0.01384	0.70749	0.01843	0.01623	0.01165	0.00600	0.00498	0.00155	0.00460	0.00486	0.00570	0.00835
43	0.00619	0.00442	0.00588	0.00686	0.00725	0.00412	0.00464	0.00722	0.01007	0.01356	0.11513	0.73154	0.03458	0.01499	0.00631	0.00197	0.00283	0.01358	0.00473	0.00412
44	0.01244	0.01063	0.01535	0.30551	0.25186	0.07845	0.02657	0.01521	0.01177	0.11122	0.10006	0.01584	0.01235	0.00556	0.00505	0.00155	0.00588	0.00495	0.00319	0.00655
45	0.00755	0.00544	0.00684	0.00746	0.00817	0.00536	0.00518	0.09535	0.01114	0.01487	0.02569	0.72864	0.03016	0.01451	0.00620	0.00196	0.00319	0.01306	0.00467	0.00456
46	0.00887	0.00570	0.00842	0.00811	0.00934	0.00636	0.00636	0.01067	0.00873	0.10175	0.01408	0.01928	0.01245	0.03380	0.71324	0.00727	0.01231	0.00530	0.00307	0.00491
47	0.01007	0.02172	0.60797	0.01421	0.02042	0.01088	0.11525	0.01474	0.01022	0.01499	0.00906	0.01143	0.00675	0.00611	0.00658	0.09955	0.00715	0.00404	0.00217	0.00669
48	0.01759	0.02121	0.01429	0.10455	0.01759	0.64615	0.01010	0.08389	0.01444	0.01391	0.00820	0.00974	0.00662	0.00519	0.00459	0.00135	0.00842	0.00346	0.00273	0.00598
49	0.00644	0.00437	0.00565	0.00668	0.00707	0.00412	0.00450	0.00748	0.00965	0.01340	0.02619	0.72940	0.03065	0.01449	0.00603	0.00193	0.00283	0.01308	0.10195	0.00412
50	0.86003	0.00964	0.00733	0.00655	0.00964	0.01118	0.00540	0.01465	0.00848	0.02236	0.00694	0.00810	0.00540	0.00463	0.00308	0.00154	0.00386	0.00270	0.00308	0.00540
51	0.00760	0.00529	0.00600	0.00566	0.00617	0.00504	0.00335	0.00786	0.00760	0.01042	0.01492	0.03006	0.01689	0.73057	0.02288	0.00436	0.00470	0.00676	0.00301	0.10085
52	0.00704	0.00516	0.00664	0.00647	0.00770	0.00477	0.00498	0.00926	0.01350	0.01868	0.62063	0.04061	0.12807	0.01087	0.00600	0.00166	0.00263	0.09541	0.00529	0.00463
53	0.01047	0.01057	0.01486	0.72102	0.03216	0.10219	0.01336	0.01356	0.01044	0.01267	0.00873	0.01280	0.00662	0.00500	0.00493	0.00162	0.00691	0.00429	0.00226	0.00556
54	0.01270	0.66518	0.09045	0.00888	0.01343	0.01752	0.00907	0.01473	0.01019	0.01259	0.00732	0.00848	0.00650	0.00424	0.00339	0.00107	0.00532	0.00279	0.00222	0.10392
55	0.01202	0.01177	0.02083	0.09644	0.64062	0.01186	0.10245	0.01515	0.01128	0.01594	0.00941	0.01255	0.00775	0.00446	0.00505	0.00152	0.00627	0.00461	0.00245	0.00756
56	0.00948	0.01080	0.10495	0.72117	0.03287	0.01113	0.01437	0.01309	0.01003	0.01309	0.00887	0.01297	0.00661	0.00495	0.00495	0.00165	0.00673	0.00434	0.00220	0.00575

[dist]
# distance from previous block
# <min> <max>
0	15

[block]
# block no. 3 follows, 50 sequences, length 19
# corresponding to MSA columns:
# 649-667
name=unknown_D
#
# <colnr> <probs for GDERKNQSTAVLIFYWHMCP>
#	G	D	E	R	K	N	Q	S	T	A	V	L	I	F	Y	W	H	M	C	P
0	0.00748	0.01141	0.26543	0.00917	0.01174	0.00659	0.00898	0.00987	0.00963	0.01342	0.02021	0.47599	0.02274	0.09417	0.00776	0.00216	0.00455	0.01003	0.00364	0.00503
1	0.01081	0.01096	0.00833	0.00807	0.00895	0.26662	0.00541	0.01135	0.00982	0.01092	0.01472	0.13433	0.01635	0.44423	0.01590	0.00328	0.00592	0.00689	0.00310	0.00407
2	0.01045	0.00995	0.01670	0.51323	0.28178	0.01155	0.01416	0.01353	0.01029	0.01386	0.00890	0.01285	0.00705	0.00501	0.00559	0.00163	0.05044	0.00443	0.00230	0.00630
3	0.00806	0.01203	0.26696	0.01004	0.01305	0.00798	0.01022	0.01115	0.00883	0.01295	0.01191	0.01662	0.01045	0.02670	0.54306	0.00590	0.01139	0.00480	0.00249	0.00541
4	0.01089	0.01137	0.01001	0.00959	0.01103	0.26767	0.00734	0.01250	0.01001	0.01178	0.01150	0.01611	0.01048	0.02683	0.54299	0.00581	0.01192	0.00464	0.00264	0.00489
5	0.00736	0.01136	0.26546	0.00932	0.01193	0.00651	0.00914	0.00984	0.00986	0.01373	0.02141	0.55606	0.02424	0.01205	0.00583	0.00188	0.00436	0.01074	0.00380	0.00513
6	0.01561	0.01888	0.01440	0.27474	0.02160	0.54497	0.01101	0.01756	0.01276	0.01237	0.00808	0.01040	0.00649	0.00509	0.00465	0.00141	0.00822	0.00361	0.00245	0.00570
7	0.86003	0.00964	0.00733	0.00655	0.00964	0.01118	0.00540	0.01465	0.00848	0.02236	0.00694	0.00810	0.00540	0.00463	0.00308	0.00154	0.00386	0.00270	0.00308	0.00540
8	0.01113	0.00819	0.00979	0.03484	0.01125	0.00854	0.00690	0.26094	0.01676	0.02297	0.43266	0.03010	0.03122	0.00900	0.00566	0.00162	0.00375	0.08361	0.00512	0.00595
9	0.01224	0.56526	0.27914	0.01039	0.01567	0.01706	0.01177	0.01521	0.01026	0.01306	0.00759	0.00882	0.00637	0.00442	0.00370	0.00123	0.00600	0.00300	0.00212	0.00671
10	0.01812	0.00861	0.01267	0.27207	0.01980	0.00855	0.00946	0.02051	0.01286	0.54038	0.01613	0.01576	0.01047	0.00578	0.00500	0.00158	0.00503	0.00482	0.00487	0.00752
11	0.28591	0.00615	0.00626	0.00657	0.00772	0.00651	0.00463	0.00949	0.00874	0.01527	0.01829	0.40750	0.02082	0.13284	0.00861	0.03405	0.00355	0.00902	0.00379	0.00427
12	0.00879	0.00783	0.01227	0.46764	0.02337	0.00941	0.01055	0.01157	0.01109	0.01503	0.26471	0.02089	0.01986	0.00707	0.00643	0.00168	0.08734	0.00592	0.00328	0.00526
13	0.00717	0.00582	0.00878	0.27077	0.01610	0.00635	0.00764	0.00884	0.00968	0.01273	0.02138	0.55696	0.02435	0.01214	0.00591	0.00191	0.00412	0.01098	0.00384	0.00454
14	0.01138	0.01087	0.01850	0.28668	0.54513	0.01159	0.01482	0.01446	0.01090	0.01512	0.00921	0.01265	0.00749	0.00462	0.00495	0.00154	0.00616	0.00444	0.00238	0.00712
15	0.00607	0.00434	0.00578	0.00694	0.00723	0.00405	0.00463	0.00694	0.00954	0.01272	0.02747	0.82157	0.03297	0.01562	0.00636	0.00202	0.00289	0.01417	0.00463	0.00405
16	0.00859	0.00447	0.00665	0.00677	0.00688	0.00447	0.00470	0.00688	0.00700	0.00929	0.01046	0.01932	0.01069	0.01696	0.01820	0.76845	0.00436	0.08103	0.00241	0.00241
17	0.28573	0.00611	0.00626	0.00669	0.00788	0.00645	0.00475	0.00949	0.00901	0.01564	0.01981	0.49233	0.02276	0.07657	0.00681	0.00209	0.00336	0.00986	0.00399	0.00441
18	0.00993	0.00952	0.01487	0.59176	0.07331	0.03727	0.02501	0.01286	0.01013	0.01326	0.03818	0.02674	0.00874	0.00570	0.00616	0.00169	0.08852	0.00474	0.01599	0.00562

[dist]
# distance from previous block
# <min> <max>
0	31

# created by:
# /home/cegg/simao/soft/augustus-3.2.1/scripts/msa2prfl.pl ./align_prep/EOG091G0BAG.fa
