[name]
unknown

[dist]
# distance from previous block
# <min> <max>
0	80

[block]
# block no. 0 follows, 49 sequences, length 6
# corresponding to MSA columns:
# 157-162
name=unknown_A
#
# <colnr> <probs for GDERKNQSTAVLIFYWHMCP>
#	G	D	E	R	K	N	Q	S	T	A	V	L	I	F	Y	W	H	M	C	P
0	0.00904	0.13162	0.01103	0.00811	0.00957	0.04333	0.00655	0.01058	0.00957	0.01273	0.05081	0.02413	0.10174	0.09827	0.29846	0.00429	0.07799	0.04633	0.04104	0.00482
1	0.01065	0.01087	0.13170	0.01235	0.09629	0.00850	0.08298	0.06374	0.03485	0.07605	0.21822	0.09324	0.07103	0.00930	0.03885	0.00190	0.00507	0.00713	0.02101	0.00626
2	0.00659	0.00470	0.00562	0.00617	0.00656	0.00444	0.00394	0.00719	0.00907	0.01184	0.02688	0.40180	0.14284	0.32297	0.01374	0.00309	0.00363	0.01113	0.00407	0.00373
3	0.03221	0.01154	0.15666	0.04493	0.02778	0.03298	0.03423	0.06820	0.08391	0.01839	0.25364	0.05075	0.06652	0.03589	0.00619	0.00178	0.00469	0.05957	0.00417	0.00595
4	0.01929	0.00868	0.01226	0.01187	0.13071	0.00777	0.00822	0.02138	0.01362	0.58164	0.02039	0.01879	0.06650	0.00643	0.00506	0.00155	0.00434	0.00537	0.04812	0.00801
5	0.01318	0.13657	0.09419	0.11062	0.17675	0.03065	0.01128	0.15830	0.03704	0.04479	0.05458	0.01400	0.01059	0.00656	0.03193	0.00169	0.00587	0.00449	0.04988	0.00704

[dist]
# distance from previous block
# <min> <max>
0	2

[block]
# block no. 1 follows, 49 sequences, length 8
# corresponding to MSA columns:
# 165-172
name=unknown_B
#
# <colnr> <probs for GDERKNQSTAVLIFYWHMCP>
#	G	D	E	R	K	N	Q	S	T	A	V	L	I	F	Y	W	H	M	C	P
0	0.00720	0.00675	0.06272	0.00774	0.00914	0.00554	0.00626	0.00971	0.06280	0.01465	0.08485	0.42080	0.15206	0.01330	0.00621	0.00195	0.00347	0.11549	0.00460	0.00476
1	0.07178	0.40236	0.08076	0.01074	0.04214	0.11576	0.00958	0.05033	0.05046	0.03451	0.00893	0.01026	0.00748	0.00658	0.04287	0.00165	0.04113	0.00342	0.00271	0.00656
2	0.01653	0.20298	0.01847	0.01355	0.06640	0.41935	0.05124	0.08827	0.01366	0.01455	0.00823	0.00973	0.00687	0.00517	0.00499	0.00135	0.04599	0.00354	0.00271	0.00644
3	0.06304	0.00659	0.00799	0.00718	0.00909	0.00627	0.00542	0.04574	0.01206	0.21551	0.14645	0.13269	0.13748	0.12258	0.05685	0.00251	0.00423	0.00796	0.00481	0.00555
4	0.01193	0.01097	0.01731	0.25835	0.41240	0.01168	0.01356	0.06504	0.05878	0.01674	0.01017	0.01302	0.00809	0.00486	0.00494	0.00152	0.00591	0.00447	0.00279	0.06746
5	0.01287	0.03141	0.01241	0.01193	0.06803	0.18864	0.00883	0.05977	0.22712	0.01731	0.08235	0.02371	0.04805	0.00798	0.00613	0.00170	0.06117	0.12012	0.00405	0.00641
6	0.00665	0.00490	0.00597	0.00627	0.00710	0.00451	0.00439	0.00793	0.01101	0.01461	0.23285	0.28536	0.20125	0.14488	0.00938	0.00233	0.00309	0.03868	0.00466	0.00417
7	0.01135	0.00934	0.01007	0.00894	0.01099	0.06010	0.00704	0.20182	0.07143	0.01842	0.04253	0.04845	0.15724	0.01691	0.23153	0.00346	0.04334	0.00639	0.03474	0.00588

[dist]
# distance from previous block
# <min> <max>
0	15

[block]
# block no. 2 follows, 49 sequences, length 9
# corresponding to MSA columns:
# 197-205
name=unknown_C
#
# <colnr> <probs for GDERKNQSTAVLIFYWHMCP>
#	G	D	E	R	K	N	Q	S	T	A	V	L	I	F	Y	W	H	M	C	P
0	0.01654	0.01434	0.01501	0.01237	0.01536	0.23702	0.10883	0.07929	0.10898	0.19249	0.01407	0.06854	0.01115	0.00663	0.00613	0.00161	0.07537	0.00529	0.00404	0.00694
1	0.08998	0.00609	0.00729	0.00692	0.00870	0.00565	0.00520	0.01205	0.01182	0.18283	0.16755	0.27457	0.17967	0.01113	0.00566	0.00175	0.00314	0.00960	0.00504	0.00535
2	0.00815	0.14532	0.00966	0.00723	0.00864	0.00710	0.00557	0.00936	0.01040	0.04236	0.02776	0.47111	0.15165	0.01288	0.00581	0.00183	0.00347	0.06262	0.00432	0.00475
3	0.01148	0.01379	0.15217	0.19383	0.49840	0.01180	0.01575	0.01505	0.01107	0.01567	0.00933	0.01241	0.00747	0.00467	0.00498	0.00156	0.00641	0.00437	0.00239	0.00741
4	0.01946	0.00965	0.01180	0.00941	0.01299	0.00951	0.00766	0.13174	0.16996	0.48894	0.01878	0.01690	0.01257	0.00633	0.00501	0.00157	0.00432	0.00512	0.05000	0.00828
5	0.00943	0.00689	0.00776	0.00707	0.00901	0.00668	0.00542	0.14027	0.03571	0.05186	0.19626	0.14287	0.33914	0.01109	0.00582	0.00169	0.00320	0.00942	0.00502	0.00539
6	0.01297	0.01323	0.01281	0.01208	0.06086	0.23033	0.03702	0.07151	0.05800	0.01463	0.01274	0.06078	0.02912	0.14668	0.01078	0.00221	0.16344	0.00546	0.03971	0.00564
7	0.00706	0.00483	0.00555	0.00575	0.00591	0.00473	0.00339	0.00729	0.00801	0.01058	0.02017	0.16861	0.06891	0.63384	0.02121	0.00422	0.00442	0.00876	0.00344	0.00332
8	0.01209	0.01123	0.04586	0.09831	0.31264	0.05658	0.05324	0.05729	0.01190	0.05879	0.07393	0.01820	0.01297	0.14527	0.00866	0.00212	0.00586	0.00538	0.00317	0.00652

[dist]
# distance from previous block
# <min> <max>
0	7

[block]
# block no. 3 follows, 49 sequences, length 40
# corresponding to MSA columns:
# 213-252
name=unknown_D
#
# <colnr> <probs for GDERKNQSTAVLIFYWHMCP>
#	G	D	E	R	K	N	Q	S	T	A	V	L	I	F	Y	W	H	M	C	P
0	0.01227	0.42370	0.32809	0.01175	0.01729	0.04716	0.05349	0.01570	0.01069	0.01383	0.00807	0.00949	0.00654	0.00454	0.00406	0.00132	0.00651	0.00331	0.00220	0.02000
1	0.01185	0.01175	0.03302	0.02600	0.01281	0.13265	0.02909	0.08744	0.07323	0.01532	0.04327	0.06307	0.02541	0.10074	0.07264	0.00262	0.21658	0.01638	0.02045	0.00565
2	0.12394	0.00878	0.01107	0.00867	0.01233	0.00810	0.00713	0.05328	0.01413	0.62449	0.06177	0.01707	0.01350	0.00629	0.00489	0.00156	0.00420	0.00501	0.00579	0.00800
3	0.01033	0.00807	0.00932	0.00915	0.04130	0.00850	0.00673	0.02721	0.33304	0.05743	0.16341	0.08487	0.16379	0.00941	0.00562	0.00173	0.00352	0.04519	0.00503	0.00634
4	0.00786	0.00494	0.00563	0.00567	0.00654	0.00477	0.00400	0.00941	0.01058	0.01571	0.17634	0.06779	0.09710	0.22975	0.01061	0.00243	0.00323	0.05013	0.28331	0.00420
5	0.00954	0.00896	0.04270	0.09187	0.01423	0.03738	0.12251	0.01971	0.04785	0.01399	0.04494	0.04629	0.01509	0.24428	0.06551	0.00306	0.04985	0.04375	0.07349	0.00501
6	0.05380	0.00692	0.00843	0.00714	0.00974	0.00611	0.00559	0.01511	0.01240	0.30071	0.12207	0.08800	0.16221	0.03009	0.00568	0.00161	0.00344	0.00708	0.06344	0.09043
7	0.01477	0.01238	0.01240	0.01071	0.01366	0.08302	0.00852	0.29967	0.31491	0.02324	0.01735	0.07922	0.01453	0.00765	0.00530	0.00168	0.00501	0.06368	0.00481	0.00748
8	0.01274	0.03248	0.35824	0.04534	0.08761	0.05694	0.07690	0.09270	0.03722	0.06577	0.01085	0.02944	0.00822	0.00522	0.00491	0.00153	0.00663	0.00439	0.00299	0.05987
9	0.01469	0.17830	0.22386	0.01234	0.03151	0.32700	0.01166	0.04733	0.01263	0.02902	0.01028	0.01149	0.03750	0.00608	0.02434	0.00154	0.00752	0.00373	0.00264	0.00652
10	0.85801	0.00978	0.00743	0.00665	0.00978	0.01134	0.00548	0.01486	0.00861	0.02269	0.00704	0.00821	0.00548	0.00469	0.00313	0.00156	0.00391	0.00274	0.00313	0.00548
11	0.00638	0.00473	0.00590	0.00670	0.00739	0.00435	0.00471	0.00747	0.01030	0.01336	0.05904	0.51756	0.20212	0.05521	0.00734	0.00212	0.00307	0.07345	0.00464	0.00416
12	0.01215	0.01158	0.01940	0.12691	0.65777	0.01195	0.01496	0.01576	0.04991	0.01630	0.01000	0.01295	0.00822	0.00469	0.00502	0.00154	0.00600	0.00456	0.00260	0.00771
13	0.00707	0.00507	0.00630	0.00610	0.00722	0.00467	0.00446	0.00905	0.01298	0.01815	0.55314	0.08661	0.13654	0.06945	0.00730	0.00185	0.00262	0.00931	0.04753	0.00454
14	0.01167	0.01002	0.01059	0.00960	0.01226	0.01138	0.00744	0.02410	0.66779	0.02042	0.06739	0.02265	0.08737	0.00760	0.00527	0.00171	0.00378	0.00636	0.00513	0.00748
15	0.00705	0.00513	0.00663	0.00633	0.00751	0.00471	0.00472	0.00931	0.01395	0.01959	0.71370	0.07376	0.08722	0.01072	0.00599	0.00162	0.00242	0.00946	0.00548	0.00471
16	0.01040	0.07115	0.72226	0.01436	0.02156	0.01226	0.04764	0.01597	0.01070	0.01579	0.00900	0.01065	0.00646	0.00476	0.00476	0.00158	0.00740	0.00377	0.00215	0.00739
17	0.01284	0.39774	0.25587	0.01184	0.01693	0.09285	0.07491	0.03468	0.01130	0.01408	0.00929	0.01062	0.02741	0.00482	0.00418	0.00134	0.00658	0.00360	0.00237	0.00674
18	0.16613	0.00953	0.01100	0.03113	0.01294	0.00984	0.00779	0.20091	0.01492	0.28287	0.01660	0.02159	0.01320	0.00729	0.00502	0.00168	0.00460	0.14127	0.03458	0.00711
19	0.01267	0.01240	0.02005	0.04940	0.72648	0.04337	0.01517	0.01558	0.01152	0.01618	0.00938	0.01238	0.00789	0.00463	0.00521	0.00151	0.02142	0.00445	0.00250	0.00782
20	0.01120	0.00647	0.00668	0.00602	0.00770	0.00676	0.00465	0.15339	0.01298	0.02107	0.01567	0.01792	0.01227	0.02383	0.00430	0.00132	0.00301	0.00474	0.67461	0.00540
21	0.00679	0.00511	0.00632	0.00644	0.00758	0.00468	0.00477	0.00875	0.02404	0.01677	0.38746	0.21718	0.21914	0.01232	0.00612	0.00177	0.00270	0.05242	0.00511	0.00454
22	0.01165	0.01560	0.14969	0.02023	0.02572	0.01262	0.65449	0.01617	0.01174	0.01617	0.01005	0.01318	0.00747	0.00435	0.00579	0.00169	0.00836	0.00562	0.00249	0.00692
23	0.03670	0.00861	0.01117	0.00887	0.01246	0.00785	0.00722	0.02346	0.09934	0.63796	0.02139	0.03912	0.04840	0.00684	0.00513	0.00160	0.00415	0.00560	0.00596	0.00817
24	0.01801	0.01756	0.01399	0.01178	0.01501	0.34635	0.00925	0.33852	0.09088	0.03896	0.01282	0.01305	0.03902	0.00605	0.00489	0.00145	0.00677	0.00437	0.00404	0.00722
25	0.01876	0.00790	0.01049	0.00849	0.01169	0.00698	0.00683	0.04616	0.01403	0.58630	0.06607	0.11808	0.05901	0.00801	0.00535	0.00163	0.00397	0.00674	0.00590	0.00760
26	0.00730	0.00511	0.00655	0.00655	0.00691	0.00547	0.00436	0.00802	0.00766	0.01057	0.01498	0.02783	0.01610	0.51005	0.33485	0.00619	0.00834	0.00658	0.00292	0.00364
27	0.00649	0.00513	0.00580	0.00602	0.00735	0.00454	0.00454	0.00793	0.01148	0.01440	0.13858	0.12929	0.47843	0.05682	0.00722	0.00198	0.00296	0.10203	0.00471	0.00430
28	0.03019	0.01211	0.06103	0.01485	0.02907	0.01048	0.35844	0.01587	0.08765	0.01686	0.01157	0.01508	0.00935	0.00489	0.00512	0.00144	0.00624	0.04243	0.00304	0.26430
29	0.01631	0.02620	0.01375	0.11480	0.09940	0.01052	0.00937	0.21540	0.01532	0.25405	0.03586	0.03648	0.02626	0.00605	0.00496	0.00148	0.00497	0.00500	0.00450	0.09931
30	0.14580	0.16031	0.14604	0.01099	0.02993	0.16187	0.02484	0.06470	0.01255	0.16639	0.01061	0.01114	0.00779	0.00514	0.00430	0.00143	0.00604	0.00370	0.01952	0.00692
31	0.00791	0.00589	0.00622	0.00641	0.00776	0.03809	0.00481	0.00946	0.01143	0.04038	0.08990	0.20528	0.32955	0.01181	0.00572	0.00173	0.00312	0.07902	0.13092	0.00458
32	0.00735	0.00490	0.00552	0.00552	0.00552	0.00490	0.00306	0.00735	0.00735	0.00980	0.01593	0.03309	0.01838	0.82229	0.02574	0.00490	0.00490	0.00735	0.00306	0.00306
33	0.01296	0.08040	0.09267	0.01499	0.01932	0.01240	0.34904	0.13332	0.04560	0.04904	0.01218	0.01585	0.00972	0.05175	0.00645	0.00178	0.00669	0.02981	0.04917	0.00685
34	0.01056	0.09397	0.55299	0.01298	0.01898	0.01208	0.03084	0.03512	0.05281	0.01631	0.05411	0.01295	0.00962	0.00679	0.04114	0.00187	0.02295	0.00422	0.00261	0.00710
35	0.00727	0.00522	0.00711	0.00711	0.00766	0.00577	0.00505	0.00837	0.00782	0.01098	0.01448	0.02504	0.01489	0.34469	0.49855	0.00687	0.01016	0.00617	0.00285	0.00395
36	0.01111	0.02395	0.04308	0.07514	0.12068	0.02056	0.03608	0.11232	0.06228	0.03440	0.10400	0.02100	0.08938	0.02439	0.12350	0.00266	0.07222	0.01337	0.00365	0.00624
37	0.00698	0.00507	0.00606	0.00619	0.00739	0.00457	0.00453	0.00849	0.01166	0.03621	0.23268	0.22348	0.31885	0.03936	0.02784	0.00203	0.00307	0.03022	0.02086	0.00446
38	0.04288	0.09669	0.03338	0.10648	0.28279	0.04867	0.10052	0.04128	0.04394	0.08255	0.04158	0.01378	0.00990	0.00513	0.00486	0.00151	0.00593	0.00464	0.02639	0.00710
39	0.06210	0.22148	0.39137	0.01145	0.01693	0.01279	0.04814	0.01492	0.01062	0.01564	0.03134	0.01215	0.02716	0.00501	0.00430	0.00141	0.00604	0.00386	0.05071	0.05260

[dist]
# distance from previous block
# <min> <max>
0	20

[block]
# block no. 4 follows, 49 sequences, length 20
# corresponding to MSA columns:
# 273-292
name=unknown_E
#
# <colnr> <probs for GDERKNQSTAVLIFYWHMCP>
#	G	D	E	R	K	N	Q	S	T	A	V	L	I	F	Y	W	H	M	C	P
0	0.03188	0.16061	0.04564	0.00990	0.01309	0.01225	0.05784	0.22170	0.07156	0.04526	0.05233	0.04962	0.04064	0.10373	0.04637	0.00221	0.00552	0.00552	0.00387	0.02046
1	0.00924	0.04678	0.02663	0.00764	0.00959	0.00659	0.03785	0.01206	0.05872	0.08922	0.38837	0.11110	0.13632	0.02963	0.00620	0.00172	0.00332	0.00868	0.00497	0.00537
2	0.08002	0.00941	0.01090	0.01105	0.08921	0.01027	0.00784	0.09164	0.28169	0.04735	0.05434	0.05482	0.10950	0.00799	0.00560	0.00169	0.03358	0.04622	0.04015	0.00672
3	0.00735	0.00490	0.00552	0.00552	0.00552	0.00490	0.00306	0.00735	0.00735	0.00980	0.01593	0.03309	0.01838	0.82229	0.02574	0.00490	0.00490	0.00735	0.00306	0.00306
4	0.16176	0.03529	0.01684	0.19869	0.20011	0.04099	0.11538	0.05523	0.07933	0.01759	0.01039	0.02829	0.00831	0.00516	0.00479	0.00159	0.00598	0.00460	0.00297	0.00668
5	0.05219	0.00524	0.00584	0.00592	0.00728	0.00475	0.00435	0.00824	0.01175	0.01578	0.24258	0.19706	0.39653	0.01231	0.00592	0.00174	0.00266	0.01057	0.00485	0.00444
6	0.01785	0.10207	0.01593	0.03655	0.04857	0.57703	0.01001	0.10592	0.01477	0.01476	0.00834	0.00964	0.00682	0.00519	0.00452	0.00132	0.00814	0.00344	0.00283	0.00632
7	0.00664	0.00491	0.00636	0.00721	0.00775	0.00476	0.00514	0.00771	0.00994	0.01305	0.02894	0.54826	0.11824	0.07134	0.00813	0.00225	0.02801	0.11271	0.00450	0.00417
8	0.01551	0.03169	0.01469	0.01400	0.11110	0.20041	0.00996	0.15918	0.24088	0.04711	0.01288	0.01344	0.00994	0.00616	0.00612	0.00159	0.08959	0.00455	0.00387	0.00734
9	0.00715	0.00544	0.00660	0.00626	0.00766	0.00504	0.00471	0.00986	0.05183	0.01875	0.57531	0.03941	0.22166	0.01075	0.00593	0.00162	0.00251	0.00934	0.00534	0.00481
10	0.00643	0.00461	0.00586	0.00674	0.00716	0.00433	0.00453	0.00728	0.00958	0.01260	0.02807	0.58993	0.09905	0.14084	0.00943	0.00248	0.00329	0.04935	0.00444	0.00399
11	0.00906	0.00719	0.00810	0.00808	0.00941	0.03576	0.00595	0.08606	0.12054	0.01736	0.16554	0.41116	0.04500	0.01209	0.00598	0.00184	0.00352	0.03717	0.00488	0.00530
12	0.01122	0.28067	0.55100	0.01258	0.01905	0.01438	0.01549	0.01574	0.01055	0.01470	0.00842	0.00986	0.00643	0.00465	0.00431	0.00144	0.00682	0.00341	0.00214	0.00716
13	0.00943	0.00471	0.00471	0.00471	0.00589	0.00471	0.00353	0.01178	0.01060	0.01885	0.01650	0.01885	0.01296	0.00589	0.00353	0.00118	0.00236	0.00471	0.85036	0.00471
14	0.00616	0.00440	0.00587	0.00704	0.00733	0.00411	0.00469	0.00704	0.00968	0.01291	0.02787	0.81899	0.03344	0.01584	0.00645	0.00205	0.00293	0.01438	0.00469	0.00411
15	0.06260	0.01491	0.01311	0.01122	0.01410	0.21234	0.00886	0.23785	0.24398	0.02135	0.01299	0.01329	0.00992	0.00622	0.00568	0.00157	0.06733	0.00447	0.03101	0.00720
16	0.00663	0.00526	0.00607	0.00646	0.00789	0.00470	0.00511	0.00821	0.01154	0.01430	0.07685	0.11092	0.49030	0.01324	0.00629	0.00190	0.00315	0.21208	0.00473	0.00438
17	0.00723	0.00485	0.00555	0.00567	0.00570	0.00482	0.00323	0.00732	0.00759	0.01012	0.01716	0.11393	0.01993	0.73934	0.02375	0.00461	0.00470	0.00808	0.00323	0.00317
18	0.50107	0.03940	0.04864	0.00817	0.01112	0.01133	0.00702	0.06711	0.05457	0.04863	0.00944	0.01172	0.00763	0.00663	0.00591	0.08020	0.04789	0.02443	0.00332	0.00576
19	0.19002	0.09659	0.01351	0.00970	0.01329	0.08893	0.00799	0.25905	0.09094	0.09826	0.01181	0.02554	0.00895	0.00564	0.00438	0.00145	0.00511	0.00410	0.00412	0.06062

[dist]
# distance from previous block
# <min> <max>
2	11

[block]
# block no. 5 follows, 49 sequences, length 18
# corresponding to MSA columns:
# 304-321
name=unknown_F
#
# <colnr> <probs for GDERKNQSTAVLIFYWHMCP>
#	G	D	E	R	K	N	Q	S	T	A	V	L	I	F	Y	W	H	M	C	P
0	0.01290	0.00938	0.01044	0.00877	0.01172	0.00972	0.00692	0.12683	0.29770	0.08345	0.12397	0.01909	0.01720	0.00658	0.00484	0.00145	0.00380	0.00544	0.09911	0.14070
1	0.01955	0.01060	0.01257	0.00990	0.01363	0.01072	0.00810	0.26345	0.13054	0.41168	0.01856	0.01686	0.03681	0.00650	0.00511	0.00158	0.00460	0.00519	0.00566	0.00837
2	0.00671	0.00489	0.00641	0.00732	0.00797	0.00465	0.00528	0.00831	0.02961	0.01415	0.09565	0.56928	0.07348	0.01468	0.00644	0.00203	0.00316	0.13086	0.00478	0.00436
3	0.01148	0.05690	0.06121	0.21821	0.41129	0.03165	0.05977	0.01459	0.01115	0.01507	0.01153	0.01439	0.05057	0.00511	0.00501	0.00155	0.00627	0.00476	0.00253	0.00698
4	0.00757	0.00550	0.00742	0.00841	0.00949	0.00535	0.00703	0.00957	0.01142	0.01483	0.05863	0.17512	0.10964	0.01400	0.00676	0.00219	0.00408	0.53375	0.00470	0.00453
5	0.01006	0.00712	0.00882	0.05202	0.01079	0.00771	0.02775	0.09748	0.07906	0.01765	0.01798	0.08742	0.04450	0.05594	0.10600	0.00256	0.02618	0.05004	0.28555	0.00538
6	0.00753	0.00590	0.00912	0.00870	0.00975	0.00678	0.03561	0.00943	0.00860	0.01239	0.05589	0.02033	0.01419	0.03417	0.70228	0.00733	0.03888	0.00561	0.00284	0.00465
7	0.04736	0.03028	0.03220	0.11451	0.37423	0.07402	0.14003	0.02657	0.01188	0.07530	0.01032	0.01316	0.00814	0.00487	0.00505	0.00155	0.00653	0.01392	0.00285	0.00723
8	0.73721	0.04355	0.00869	0.00714	0.01027	0.05342	0.00589	0.03408	0.00941	0.02184	0.00745	0.00862	0.00584	0.00477	0.00327	0.00152	0.00425	0.00286	0.02432	0.00560
9	0.00931	0.01181	0.18116	0.01123	0.04482	0.02597	0.03449	0.01304	0.06465	0.01474	0.07647	0.01738	0.01321	0.01897	0.32821	0.00422	0.05918	0.00509	0.00297	0.06308
10	0.81612	0.01059	0.04639	0.00703	0.01038	0.01136	0.00613	0.01492	0.00871	0.02236	0.00714	0.00834	0.00552	0.00470	0.00321	0.00157	0.00409	0.00279	0.00308	0.00557
11	0.01461	0.04381	0.01372	0.01084	0.01322	0.06786	0.05036	0.14064	0.06062	0.16813	0.01306	0.01589	0.01053	0.07819	0.12427	0.00288	0.15597	0.00497	0.00384	0.00657
12	0.01049	0.00899	0.01049	0.00749	0.01198	0.00674	0.00599	0.01273	0.01049	0.01648	0.00899	0.01049	0.00749	0.00374	0.00374	0.00075	0.00374	0.00300	0.00300	0.85320
13	0.00630	0.00456	0.00596	0.00683	0.00734	0.00422	0.00466	0.00743	0.01049	0.01407	0.14442	0.65801	0.07731	0.01484	0.00635	0.00196	0.00283	0.01338	0.00483	0.00422
14	0.01007	0.00825	0.01070	0.06200	0.11976	0.00865	0.01861	0.07019	0.17616	0.01808	0.11075	0.12002	0.13714	0.00891	0.00546	0.00168	0.00401	0.03849	0.06497	0.00611
15	0.00635	0.00466	0.00598	0.00677	0.00742	0.00429	0.00472	0.00755	0.01066	0.01414	0.13816	0.57328	0.13969	0.01458	0.00634	0.00195	0.00287	0.04154	0.00482	0.00424
16	0.00683	0.00498	0.00612	0.00655	0.00736	0.00464	0.00471	0.00802	0.01062	0.01392	0.15042	0.25759	0.19962	0.16082	0.01010	0.01807	0.00340	0.11764	0.00448	0.00410
17	0.00630	0.00462	0.00594	0.00687	0.00745	0.00426	0.00478	0.00739	0.01028	0.01352	0.07109	0.63294	0.13464	0.01504	0.00639	0.00200	0.00295	0.05459	0.00474	0.00419

[dist]
# distance from previous block
# <min> <max>
0	3

[block]
# block no. 6 follows, 49 sequences, length 17
# corresponding to MSA columns:
# 325,340-355
name=unknown_G
#
# <colnr> <probs for GDERKNQSTAVLIFYWHMCP>
#	G	D	E	R	K	N	Q	S	T	A	V	L	I	F	Y	W	H	M	C	P
0	0.04878	0.12334	0.45079	0.01250	0.01829	0.01283	0.04955	0.12637	0.01254	0.01815	0.01106	0.01231	0.03514	0.00523	0.00461	0.00151	0.00643	0.00408	0.03931	0.00716
1	0.01034	0.12702	0.62165	0.01306	0.01953	0.01220	0.01624	0.01533	0.01083	0.01561	0.04224	0.01398	0.00936	0.00547	0.00477	0.00157	0.00684	0.04445	0.00242	0.00708
2	0.20156	0.28716	0.08140	0.00911	0.01283	0.11400	0.00841	0.05659	0.04565	0.04064	0.01141	0.01215	0.04946	0.00536	0.00392	0.00137	0.00533	0.00370	0.04365	0.00631
3	0.46147	0.19718	0.07195	0.00877	0.01240	0.14788	0.00791	0.01592	0.01011	0.01800	0.00732	0.00853	0.00595	0.00471	0.00352	0.00141	0.00540	0.00289	0.00275	0.00592
4	0.00713	0.00515	0.00637	0.00616	0.00741	0.00466	0.00455	0.00904	0.01302	0.03400	0.50873	0.10744	0.21516	0.04047	0.00670	0.00178	0.00260	0.00980	0.00522	0.00462
5	0.00840	0.00641	0.00742	0.00713	0.00876	0.00622	0.00549	0.10646	0.03677	0.01789	0.22424	0.16669	0.28403	0.01175	0.00601	0.00177	0.00320	0.08131	0.00497	0.00507
6	0.01183	0.00957	0.01038	0.00942	0.01197	0.01071	0.00728	0.02304	0.59224	0.05463	0.10185	0.06586	0.05325	0.00794	0.00534	0.00171	0.00373	0.00673	0.00519	0.00732
7	0.01170	0.50780	0.19964	0.00960	0.01413	0.01562	0.01032	0.01442	0.01103	0.01421	0.13547	0.01356	0.01322	0.00542	0.00405	0.00128	0.00539	0.00400	0.00271	0.00643
8	0.00996	0.00523	0.00529	0.00509	0.00643	0.00531	0.00387	0.05352	0.01133	0.01957	0.01626	0.01848	0.01272	0.00590	0.00362	0.00120	0.00253	0.00470	0.80407	0.00493
9	0.01577	0.01648	0.16520	0.02783	0.16902	0.07656	0.03927	0.34505	0.02930	0.05010	0.01099	0.01205	0.00809	0.00540	0.00499	0.00153	0.00635	0.00437	0.00372	0.00794
10	0.00609	0.00507	0.00532	0.00537	0.00693	0.00430	0.00398	0.00744	0.01163	0.01418	0.11343	0.10397	0.66927	0.01281	0.00601	0.00172	0.00257	0.01081	0.00477	0.00430
11	0.01368	0.03187	0.01868	0.15005	0.39502	0.11790	0.06456	0.04796	0.02273	0.05782	0.00996	0.01248	0.00789	0.00495	0.00523	0.00153	0.02323	0.00444	0.00281	0.00723
12	0.01258	0.01086	0.01143	0.01029	0.01315	0.01258	0.00800	0.02687	0.78161	0.02115	0.02058	0.01887	0.01544	0.00686	0.00515	0.00172	0.00400	0.00572	0.00515	0.00800
13	0.00994	0.00946	0.01716	0.01382	0.01673	0.00920	0.32915	0.02614	0.08279	0.01607	0.04474	0.12230	0.05224	0.03754	0.00687	0.00200	0.00588	0.18834	0.00380	0.00581
14	0.01258	0.18998	0.41140	0.01220	0.01756	0.13267	0.01365	0.01628	0.01128	0.05167	0.01117	0.01228	0.04894	0.00540	0.00490	0.00147	0.03326	0.00391	0.00255	0.00684
15	0.01368	0.00879	0.01126	0.00865	0.01227	0.00770	0.04312	0.06411	0.04601	0.21118	0.06698	0.01669	0.02671	0.03338	0.03329	0.00157	0.00446	0.00472	0.03400	0.35143
16	0.05857	0.29098	0.30801	0.01126	0.01630	0.03265	0.04474	0.03606	0.02651	0.04889	0.01006	0.04027	0.00844	0.04080	0.00523	0.00158	0.00613	0.00408	0.00268	0.00674

[dist]
# distance from previous block
# <min> <max>
0	1

[block]
# block no. 7 follows, 49 sequences, length 10
# corresponding to MSA columns:
# 357-366
name=unknown_H
#
# <colnr> <probs for GDERKNQSTAVLIFYWHMCP>
#	G	D	E	R	K	N	Q	S	T	A	V	L	I	F	Y	W	H	M	C	P
0	0.05154	0.13497	0.47269	0.01225	0.01829	0.03340	0.01426	0.08630	0.01197	0.04826	0.00937	0.01054	0.00690	0.00484	0.00446	0.00145	0.00650	0.00361	0.00269	0.06570
1	0.00820	0.00639	0.00731	0.00673	0.00859	0.00590	0.00505	0.03447	0.07530	0.01651	0.18938	0.10653	0.23358	0.07988	0.00724	0.00185	0.00322	0.03694	0.03535	0.13158
2	0.00771	0.00561	0.00692	0.00708	0.00840	0.00512	0.00524	0.03816	0.01147	0.03574	0.11330	0.39443	0.17748	0.01289	0.00606	0.00183	0.00317	0.08329	0.00471	0.07141
3	0.01321	0.56974	0.15464	0.01030	0.01471	0.08059	0.01060	0.01548	0.01049	0.01265	0.00741	0.00883	0.00649	0.00479	0.00455	0.00127	0.06248	0.00304	0.00220	0.00654
4	0.00713	0.00491	0.00602	0.00620	0.00644	0.00497	0.00390	0.00765	0.00819	0.01111	0.05418	0.16310	0.02145	0.53192	0.13708	0.00475	0.00574	0.00833	0.00340	0.00354
5	0.06334	0.31979	0.04814	0.08503	0.01670	0.13224	0.04382	0.17180	0.01353	0.01715	0.00858	0.01005	0.00695	0.00510	0.00469	0.00138	0.03852	0.00359	0.00291	0.00670
6	0.00781	0.08132	0.00901	0.00734	0.00825	0.00652	0.04510	0.00866	0.00903	0.01179	0.02064	0.26261	0.05620	0.37419	0.01476	0.00322	0.00444	0.06142	0.00362	0.00405
7	0.04404	0.10471	0.14346	0.01011	0.01392	0.07095	0.03453	0.10169	0.05069	0.12020	0.01309	0.05714	0.01041	0.00595	0.00471	0.00143	0.01914	0.00467	0.12321	0.06594
8	0.07296	0.17258	0.13184	0.04755	0.01573	0.03781	0.02752	0.19962	0.04137	0.05079	0.01109	0.05376	0.00906	0.00562	0.00447	0.00140	0.00548	0.00434	0.00346	0.10355
9	0.01448	0.12830	0.23947	0.01239	0.05703	0.04433	0.01173	0.17697	0.10082	0.10440	0.05211	0.01370	0.01078	0.00568	0.00477	0.00150	0.00578	0.00444	0.00376	0.00758

[dist]
# distance from previous block
# <min> <max>
0	1

[block]
# block no. 8 follows, 49 sequences, length 50
# corresponding to MSA columns:
# 368-417
name=unknown_I
#
# <colnr> <probs for GDERKNQSTAVLIFYWHMCP>
#	G	D	E	R	K	N	Q	S	T	A	V	L	I	F	Y	W	H	M	C	P
0	0.01507	0.03942	0.02702	0.01132	0.03704	0.29901	0.04339	0.05768	0.03215	0.08144	0.03715	0.01333	0.00999	0.00569	0.00528	0.00137	0.05887	0.00419	0.14362	0.07700
1	0.01068	0.04569	0.07159	0.00855	0.01108	0.07472	0.00728	0.12893	0.05840	0.02007	0.39045	0.02808	0.10700	0.00862	0.00545	0.00155	0.00408	0.00721	0.00471	0.00587
2	0.00720	0.00633	0.04463	0.02098	0.00873	0.00538	0.00550	0.00967	0.05606	0.01575	0.22233	0.26971	0.21064	0.03850	0.00656	0.00187	0.00313	0.02242	0.03990	0.00473
3	0.04814	0.02116	0.01399	0.01232	0.01522	0.61509	0.00942	0.11361	0.01531	0.07652	0.00928	0.01010	0.00721	0.00538	0.00461	0.00136	0.00812	0.00354	0.00321	0.00640
4	0.01175	0.01122	0.01797	0.08197	0.59938	0.03730	0.01368	0.01464	0.01191	0.01667	0.12081	0.01608	0.01355	0.00540	0.00513	0.00152	0.00564	0.00513	0.00293	0.00731
5	0.00648	0.00505	0.00588	0.00586	0.00719	0.00445	0.00432	0.00815	0.01242	0.01624	0.34590	0.14009	0.39550	0.01219	0.00603	0.00170	0.00254	0.01052	0.00505	0.00445
6	0.00784	0.00654	0.00668	0.00639	0.00788	0.04187	0.00468	0.04106	0.04182	0.01574	0.21955	0.07278	0.38266	0.11231	0.00832	0.00207	0.00331	0.00926	0.00464	0.00463
7	0.00724	0.00500	0.00647	0.00704	0.00787	0.00467	0.00513	0.00862	0.01096	0.04000	0.15920	0.40934	0.10956	0.06946	0.00769	0.00216	0.00325	0.12718	0.00478	0.00440
8	0.01229	0.07029	0.01989	0.20882	0.26009	0.07868	0.14946	0.04107	0.01149	0.01501	0.00935	0.01295	0.00771	0.03232	0.00633	0.00169	0.04874	0.00463	0.00253	0.00667
9	0.25537	0.01139	0.01194	0.00952	0.01320	0.01230	0.00783	0.33371	0.06621	0.21035	0.01311	0.01268	0.00910	0.00578	0.00453	0.00155	0.00470	0.00424	0.00481	0.00768
10	0.03991	0.09401	0.36229	0.01230	0.01783	0.05113	0.07363	0.04580	0.01145	0.03006	0.00995	0.01278	0.00794	0.00502	0.00459	0.00141	0.00634	0.03823	0.00270	0.17262
11	0.07366	0.03954	0.07954	0.00928	0.01202	0.04392	0.03273	0.15692	0.01307	0.09325	0.01555	0.08994	0.02766	0.09172	0.00738	0.00193	0.03181	0.04342	0.13058	0.00609
12	0.00652	0.00455	0.00576	0.00658	0.00679	0.00435	0.00420	0.00714	0.00898	0.01197	0.02427	0.58172	0.02890	0.25931	0.01228	0.00291	0.00353	0.01226	0.00420	0.00379
13	0.01924	0.00973	0.01477	0.16636	0.32114	0.01028	0.01137	0.07408	0.05080	0.05244	0.06849	0.04949	0.01396	0.07772	0.00703	0.00191	0.00538	0.03574	0.00341	0.00667
14	0.07874	0.17134	0.42622	0.01343	0.05198	0.07726	0.04904	0.01645	0.01099	0.04789	0.00896	0.01037	0.00674	0.00476	0.00444	0.00148	0.00680	0.00362	0.00246	0.00704
15	0.01050	0.00600	0.00757	0.00702	0.00881	0.00543	0.00531	0.01269	0.04063	0.19607	0.28116	0.19987	0.17706	0.01091	0.00584	0.00171	0.00304	0.00948	0.00536	0.00554
16	0.00691	0.00472	0.00576	0.00617	0.00643	0.00454	0.00388	0.00733	0.00879	0.01172	0.06892	0.32381	0.06052	0.39565	0.01618	0.04732	0.00389	0.01006	0.00385	0.00356
17	0.01790	0.04968	0.01717	0.01273	0.01664	0.13575	0.14433	0.33076	0.01752	0.15925	0.01243	0.01289	0.00886	0.00557	0.00502	0.00150	0.00630	0.00462	0.03344	0.00763
18	0.01102	0.16989	0.59143	0.05331	0.02072	0.03960	0.01634	0.01584	0.01070	0.01499	0.00866	0.01030	0.00644	0.00474	0.00453	0.00150	0.00712	0.00357	0.00216	0.00715
19	0.00655	0.00473	0.00622	0.00727	0.00781	0.00446	0.00521	0.00770	0.01009	0.01326	0.02892	0.59624	0.08608	0.04380	0.00720	0.00218	0.00329	0.15017	0.00463	0.00418
20	0.01335	0.69123	0.11975	0.00955	0.01419	0.05480	0.00993	0.01548	0.01051	0.01242	0.00732	0.00847	0.00648	0.00442	0.00349	0.00116	0.00583	0.00286	0.00218	0.00658
21	0.04763	0.01025	0.01352	0.14556	0.11357	0.04968	0.03921	0.08348	0.03813	0.05791	0.01388	0.02180	0.01246	0.00696	0.00557	0.00162	0.03240	0.16258	0.00353	0.14027
22	0.05930	0.01419	0.01327	0.01104	0.01442	0.13932	0.00880	0.33649	0.26952	0.05970	0.01432	0.01390	0.01053	0.00613	0.00491	0.00155	0.00548	0.00466	0.00465	0.00781
23	0.03140	0.01157	0.01263	0.00995	0.01342	0.01246	0.00814	0.49930	0.04677	0.13540	0.01420	0.01418	0.01009	0.00607	0.00477	0.00147	0.00475	0.00467	0.15090	0.00786
24	0.01254	0.42265	0.32048	0.01118	0.01659	0.03569	0.01254	0.04778	0.05099	0.01480	0.00875	0.00985	0.00701	0.00474	0.00405	0.00134	0.00623	0.00335	0.00244	0.00702
25	0.00925	0.05330	0.23266	0.00960	0.01277	0.00907	0.00956	0.01379	0.11109	0.01660	0.20993	0.05143	0.03735	0.07032	0.05230	0.00225	0.03998	0.01995	0.03292	0.00590
26	0.00627	0.00475	0.00572	0.00627	0.00712	0.00428	0.00436	0.00743	0.01075	0.01392	0.12776	0.43884	0.28029	0.04918	0.00708	0.00201	0.00283	0.01223	0.00473	0.00420
27	0.04800	0.04551	0.38592	0.05314	0.06661	0.01235	0.24402	0.01637	0.04972	0.01637	0.00987	0.01202	0.00731	0.00472	0.00507	0.00162	0.00728	0.00451	0.00248	0.00713
28	0.00625	0.00493	0.00547	0.00573	0.00688	0.00433	0.00404	0.00739	0.01087	0.01361	0.09995	0.23433	0.46838	0.09490	0.00808	0.00210	0.00287	0.01112	0.00460	0.00415
29	0.01052	0.00937	0.04356	0.00881	0.01065	0.04068	0.00691	0.10389	0.18913	0.01739	0.07148	0.17955	0.06104	0.13337	0.00924	0.00223	0.05376	0.00773	0.03494	0.00576
30	0.00701	0.00520	0.00669	0.00757	0.00843	0.00500	0.00573	0.00897	0.04407	0.01413	0.04269	0.44813	0.13231	0.01442	0.00648	0.00206	0.00342	0.22850	0.00472	0.00447
31	0.01921	0.01466	0.01513	0.01170	0.01568	0.05520	0.00962	0.73601	0.02330	0.03089	0.01192	0.01199	0.00849	0.00603	0.00503	0.00151	0.00574	0.00449	0.00494	0.00846
32	0.01062	0.04459	0.01118	0.00754	0.01203	0.00732	0.00611	0.01284	0.01048	0.01628	0.00890	0.01038	0.00745	0.00377	0.00372	0.00076	0.00382	0.00298	0.00296	0.81628
33	0.01382	0.41011	0.13878	0.07629	0.04851	0.14695	0.01102	0.04039	0.02226	0.02749	0.00842	0.00985	0.00694	0.00476	0.00404	0.00130	0.00640	0.00334	0.01271	0.00663
34	0.01368	0.01079	0.02892	0.07675	0.14476	0.01081	0.03619	0.10842	0.09236	0.12600	0.04191	0.01427	0.01062	0.00570	0.00595	0.00147	0.08195	0.00461	0.00377	0.18106
35	0.01150	0.00970	0.01083	0.00788	0.01227	0.03587	0.00630	0.03892	0.01121	0.04364	0.00943	0.01072	0.00766	0.00396	0.00386	0.00082	0.00402	0.00313	0.00316	0.76511
36	0.01033	0.01016	0.01151	0.01097	0.03722	0.12793	0.00832	0.01173	0.00907	0.01202	0.01146	0.01697	0.02856	0.08381	0.32927	0.00462	0.26339	0.00503	0.00261	0.00503
37	0.00720	0.00487	0.00565	0.00576	0.00588	0.00480	0.00338	0.00749	0.00817	0.01098	0.07790	0.12310	0.02240	0.66657	0.02199	0.00432	0.00448	0.00830	0.00345	0.00332
38	0.01097	0.00992	0.01562	0.38885	0.22239	0.01110	0.03026	0.07361	0.05064	0.01622	0.04091	0.01777	0.04600	0.00600	0.00523	0.00165	0.00592	0.03744	0.00302	0.00648
39	0.00629	0.00483	0.00559	0.00611	0.00703	0.00433	0.00427	0.00730	0.01032	0.01299	0.03687	0.36284	0.36622	0.10229	0.00836	0.00222	0.00305	0.04048	0.00452	0.00409
40	0.03406	0.04083	0.04868	0.01028	0.01353	0.01290	0.00862	0.34350	0.20660	0.03463	0.04655	0.01821	0.07151	0.04252	0.00650	0.00175	0.04188	0.00546	0.00459	0.00739
41	0.01321	0.01077	0.01155	0.01029	0.01319	0.01229	0.00809	0.07521	0.66872	0.05129	0.02027	0.02003	0.01547	0.00710	0.00522	0.00172	0.00414	0.03837	0.00516	0.00792
42	0.00899	0.02619	0.02613	0.02735	0.00923	0.03569	0.00561	0.04404	0.07823	0.02359	0.06536	0.11690	0.04842	0.33730	0.12162	0.00384	0.00582	0.00742	0.00365	0.00463
43	0.70990	0.04430	0.00927	0.00740	0.01071	0.01229	0.00617	0.11710	0.01072	0.02348	0.00773	0.00874	0.00594	0.00486	0.00339	0.00154	0.00420	0.00298	0.00335	0.00594
44	0.01110	0.02416	0.07950	0.04497	0.01332	0.20908	0.02244	0.01399	0.05934	0.01501	0.14971	0.08789	0.09161	0.01007	0.04287	0.00197	0.04832	0.06544	0.00371	0.00550
45	0.09451	0.00861	0.01129	0.00949	0.01227	0.00852	0.06686	0.12677	0.02899	0.24619	0.05483	0.16375	0.04307	0.00909	0.01647	0.00181	0.00451	0.06610	0.02028	0.00660
46	0.56577	0.07403	0.01177	0.00946	0.04718	0.01200	0.06685	0.03329	0.00964	0.02027	0.03754	0.01102	0.00802	0.03246	0.00498	0.00168	0.04164	0.00359	0.00308	0.00575
47	0.01456	0.05687	0.19607	0.07588	0.07306	0.06610	0.02269	0.20885	0.11653	0.08194	0.01305	0.01368	0.02671	0.00569	0.00492	0.00155	0.00603	0.00453	0.00373	0.00757
48	0.01373	0.01261	0.14337	0.00999	0.01364	0.01073	0.00921	0.25039	0.13077	0.09181	0.08393	0.01888	0.06444	0.00788	0.03249	0.00178	0.00503	0.00548	0.08665	0.00719
49	0.01143	0.01234	0.10430	0.03243	0.06471	0.01229	0.12303	0.07304	0.08163	0.01656	0.04064	0.01503	0.01046	0.04238	0.01773	0.00198	0.25912	0.00505	0.06951	0.00635

[dist]
# distance from previous block
# <min> <max>
0	2

[block]
# block no. 9 follows, 49 sequences, length 61
# corresponding to MSA columns:
# 420-440,455-494
name=unknown_J
#
# <colnr> <probs for GDERKNQSTAVLIFYWHMCP>
#	G	D	E	R	K	N	Q	S	T	A	V	L	I	F	Y	W	H	M	C	P
0	0.00804	0.00607	0.00759	0.00714	0.00863	0.00593	0.02403	0.03436	0.07084	0.03278	0.26554	0.12915	0.21594	0.05593	0.08847	0.00252	0.00418	0.00903	0.01890	0.00495
1	0.01273	0.47204	0.25309	0.04009	0.01662	0.04769	0.01188	0.03964	0.03865	0.01413	0.00839	0.00962	0.00686	0.00468	0.00395	0.00130	0.00617	0.00326	0.00237	0.00684
2	0.00667	0.00515	0.00643	0.00644	0.00762	0.00497	0.00481	0.00829	0.01097	0.01455	0.21690	0.10509	0.30292	0.04485	0.22733	0.00359	0.00567	0.00906	0.00431	0.00441
3	0.01265	0.03923	0.01137	0.00808	0.01221	0.00830	0.00655	0.07320	0.06511	0.09984	0.01144	0.01218	0.00886	0.00452	0.00406	0.00099	0.00396	0.00359	0.04095	0.57292
4	0.01338	0.01359	0.05268	0.08171	0.49208	0.09638	0.01402	0.04657	0.01195	0.04394	0.00950	0.01217	0.00775	0.00514	0.00597	0.00156	0.07714	0.00435	0.00269	0.00741
5	0.03650	0.30777	0.06306	0.01079	0.01460	0.14995	0.03937	0.11909	0.11946	0.04072	0.01065	0.01147	0.00848	0.00663	0.03943	0.00166	0.00639	0.00384	0.00323	0.00689
6	0.01790	0.01295	0.01404	0.01096	0.01475	0.01413	0.00903	0.63000	0.05294	0.05348	0.01333	0.01446	0.00990	0.00630	0.00502	0.00151	0.00522	0.03280	0.03921	0.04205
7	0.03034	0.58547	0.21048	0.00995	0.01502	0.01734	0.01090	0.01526	0.01034	0.01329	0.00760	0.00882	0.00649	0.00443	0.00364	0.00120	0.00581	0.00296	0.00221	0.03847
8	0.00820	0.03657	0.00838	0.00848	0.00977	0.00625	0.00709	0.03984	0.01182	0.01537	0.06113	0.19069	0.09290	0.01338	0.00654	0.00211	0.00413	0.46796	0.00463	0.00475
9	0.00673	0.00519	0.00622	0.00646	0.00777	0.00468	0.00500	0.00847	0.01211	0.01567	0.24589	0.12932	0.36163	0.01267	0.00621	0.00183	0.00295	0.15179	0.00493	0.00446
10	0.01011	0.11303	0.36570	0.01173	0.01659	0.01114	0.05868	0.01535	0.10430	0.01589	0.04474	0.04744	0.09685	0.00706	0.00511	0.00164	0.00580	0.05902	0.00320	0.00662
11	0.01407	0.01038	0.03606	0.01062	0.04683	0.01053	0.00827	0.25986	0.15002	0.11234	0.04957	0.09385	0.04677	0.04603	0.02607	0.00199	0.00484	0.06004	0.00481	0.00707
12	0.00775	0.00561	0.00586	0.00584	0.00595	0.03480	0.00337	0.00783	0.00769	0.01000	0.01600	0.05642	0.01840	0.76675	0.02435	0.00468	0.00500	0.00742	0.00310	0.00320
13	0.01282	0.06220	0.14163	0.04811	0.01947	0.15174	0.22347	0.04150	0.06055	0.01519	0.01008	0.03709	0.00833	0.00589	0.00702	0.00167	0.13917	0.00484	0.00272	0.00652
14	0.00981	0.00508	0.00512	0.00498	0.00627	0.00514	0.00377	0.04134	0.01112	0.01936	0.01633	0.01859	0.01279	0.00590	0.00359	0.00119	0.00248	0.00471	0.81757	0.00486
15	0.01366	0.02134	0.05898	0.10723	0.16302	0.09356	0.08760	0.13078	0.23383	0.01917	0.01286	0.01401	0.00979	0.00554	0.00508	0.00159	0.00610	0.00482	0.00360	0.00744
16	0.01340	0.03979	0.12287	0.01935	0.21388	0.08201	0.22539	0.06181	0.10864	0.04586	0.01135	0.01310	0.00865	0.00498	0.00518	0.00157	0.00682	0.00482	0.00308	0.00743
17	0.01207	0.01214	0.11903	0.04072	0.04554	0.01095	0.02917	0.02815	0.41374	0.06785	0.03595	0.04465	0.02109	0.00783	0.03735	0.00189	0.00509	0.00556	0.00429	0.05693
18	0.01358	0.01056	0.01632	0.05521	0.04612	0.01073	0.20867	0.12790	0.14510	0.12622	0.09026	0.03836	0.04032	0.00651	0.00540	0.00163	0.00538	0.00608	0.03857	0.00707
19	0.01350	0.01104	0.04530	0.06380	0.12101	0.01109	0.04317	0.14564	0.23166	0.10244	0.10239	0.01936	0.05351	0.00671	0.00525	0.00162	0.00483	0.00577	0.00449	0.00740
20	0.01518	0.01426	0.03986	0.01038	0.01283	0.25658	0.00817	0.15412	0.04939	0.09841	0.01441	0.06525	0.04059	0.11447	0.00889	0.03558	0.04634	0.00541	0.00377	0.00611
21	0.01158	0.01021	0.01577	0.41083	0.23437	0.01153	0.01292	0.12405	0.01251	0.01686	0.01145	0.01460	0.03574	0.00601	0.02079	0.00172	0.00621	0.00475	0.03151	0.00660
22	0.00723	0.00540	0.00806	0.00806	0.00893	0.00628	0.00623	0.00898	0.00811	0.01169	0.01361	0.02022	0.01280	0.05913	0.78125	0.00804	0.01331	0.00547	0.00272	0.00448
23	0.01289	0.01123	0.01913	0.13903	0.47742	0.01142	0.08933	0.04596	0.01202	0.08139	0.01123	0.04611	0.00923	0.00523	0.00518	0.00158	0.00608	0.00510	0.00298	0.00746
24	0.00838	0.00649	0.00723	0.00735	0.00830	0.03286	0.00519	0.06392	0.05545	0.01418	0.03361	0.30946	0.10154	0.22601	0.04502	0.00295	0.00443	0.05894	0.00417	0.00452
25	0.05344	0.01408	0.04282	0.01144	0.01495	0.10567	0.03783	0.36739	0.07406	0.05346	0.01166	0.01247	0.00874	0.00694	0.03204	0.00173	0.06225	0.00436	0.01669	0.06798
26	0.00909	0.00906	0.03820	0.01079	0.01166	0.04117	0.06050	0.01048	0.00919	0.01278	0.01638	0.34454	0.01840	0.04160	0.04576	0.00241	0.30098	0.00870	0.00332	0.00498
27	0.00644	0.00491	0.00584	0.00639	0.00736	0.00444	0.00462	0.00764	0.01070	0.01362	0.07778	0.34373	0.32492	0.06979	0.00763	0.00212	0.00308	0.09017	0.00463	0.00419
28	0.01150	0.01098	0.01869	0.29793	0.53179	0.01175	0.01501	0.01463	0.01103	0.01529	0.00933	0.01285	0.00758	0.00469	0.00502	0.00156	0.00626	0.00450	0.00242	0.00719
29	0.01010	0.00914	0.01184	0.00949	0.01272	0.04226	0.08685	0.02123	0.01079	0.01549	0.01406	0.17541	0.01417	0.00722	0.00527	0.00131	0.03410	0.05956	0.00339	0.45560
30	0.01599	0.01057	0.01175	0.00953	0.01281	0.01114	0.00770	0.33588	0.15218	0.17099	0.05122	0.02097	0.13012	0.00742	0.00521	0.00158	0.00439	0.00597	0.02697	0.00759
31	0.01000	0.00777	0.00945	0.00906	0.01074	0.03719	0.03282	0.03321	0.14128	0.06052	0.09724	0.17056	0.08133	0.04352	0.00720	0.00204	0.03154	0.20437	0.00464	0.00552
32	0.01233	0.01183	0.02020	0.07857	0.74462	0.01197	0.01543	0.01536	0.01143	0.01630	0.00948	0.01257	0.00793	0.00454	0.00501	0.00151	0.00605	0.00450	0.00249	0.00786
33	0.01827	0.00866	0.01124	0.00887	0.01228	0.00800	0.00722	0.04678	0.06701	0.51021	0.11298	0.01877	0.01619	0.00665	0.00553	0.00152	0.03676	0.00538	0.00557	0.09210
34	0.00653	0.00470	0.00626	0.00730	0.00784	0.00443	0.00523	0.00775	0.01033	0.01371	0.07111	0.62362	0.06125	0.01512	0.00650	0.00206	0.00317	0.13414	0.00474	0.00424
35	0.09095	0.01236	0.01336	0.01073	0.01423	0.14740	0.07299	0.12000	0.03294	0.31465	0.03320	0.04500	0.01167	0.00623	0.00494	0.00153	0.00551	0.01613	0.00462	0.04155
36	0.04279	0.00571	0.00708	0.00701	0.00828	0.00554	0.01636	0.03830	0.01116	0.06615	0.11178	0.33029	0.13463	0.04534	0.06977	0.00239	0.00400	0.00986	0.07874	0.00481
37	0.02084	0.01157	0.01357	0.01040	0.01439	0.01183	0.00859	0.42374	0.01943	0.38816	0.01579	0.01451	0.01043	0.00616	0.00507	0.00154	0.00497	0.00480	0.00562	0.00860
38	0.01478	0.01363	0.04204	0.01152	0.01473	0.15202	0.10456	0.23727	0.11309	0.03391	0.01367	0.04657	0.01078	0.00611	0.00486	0.00149	0.00572	0.00506	0.16133	0.00687
39	0.01252	0.01201	0.02053	0.03104	0.79074	0.01201	0.01552	0.01552	0.01151	0.01652	0.00951	0.01252	0.00801	0.00451	0.00501	0.00150	0.00601	0.00451	0.00250	0.00801
40	0.00698	0.00515	0.00653	0.00621	0.00746	0.00469	0.00465	0.00919	0.01386	0.01927	0.67675	0.05531	0.14360	0.01077	0.00598	0.00162	0.00242	0.00945	0.00544	0.00469
41	0.01881	0.01197	0.01380	0.01129	0.04528	0.01262	0.00888	0.49882	0.02016	0.21277	0.06119	0.01509	0.01200	0.00631	0.00508	0.00152	0.00501	0.00496	0.02619	0.00825
42	0.00634	0.00496	0.00577	0.00613	0.00731	0.00439	0.00450	0.00773	0.01140	0.01450	0.15057	0.27327	0.41175	0.01341	0.00618	0.00183	0.00278	0.05806	0.00482	0.00432
43	0.01076	0.00991	0.01640	0.57263	0.11108	0.01155	0.06777	0.07718	0.01143	0.01500	0.00967	0.01405	0.00756	0.03727	0.00593	0.00178	0.00662	0.00472	0.00256	0.00611
44	0.01157	0.00954	0.01030	0.00939	0.01192	0.01065	0.00741	0.07612	0.50913	0.02050	0.06999	0.02612	0.09418	0.00825	0.00540	0.00174	0.00389	0.07836	0.02847	0.00707
45	0.08248	0.48746	0.02094	0.00983	0.01363	0.20235	0.00876	0.09587	0.01251	0.01496	0.00775	0.00878	0.00664	0.00475	0.00373	0.00122	0.00618	0.00303	0.00265	0.00648
46	0.02319	0.11452	0.25065	0.04499	0.04775	0.12813	0.03198	0.18954	0.01409	0.02802	0.01014	0.03837	0.00811	0.00563	0.00513	0.00151	0.03473	0.00425	0.01218	0.00709
47	0.01206	0.01200	0.06713	0.31162	0.02181	0.08805	0.02032	0.06854	0.18313	0.04861	0.05857	0.03729	0.03646	0.00638	0.00514	0.00164	0.00578	0.00535	0.00361	0.00651
48	0.80725	0.04049	0.00832	0.00684	0.01003	0.01177	0.00569	0.03212	0.00901	0.02249	0.00716	0.00830	0.00559	0.00471	0.00318	0.00155	0.00401	0.00278	0.00314	0.00559
49	0.00651	0.00461	0.00570	0.00642	0.00674	0.00436	0.00413	0.00715	0.00911	0.01202	0.02604	0.51844	0.08775	0.26235	0.01232	0.00290	0.00351	0.01194	0.00420	0.00380
50	0.00627	0.00455	0.00594	0.00700	0.00748	0.00423	0.00483	0.00727	0.00997	0.01311	0.02996	0.70132	0.10295	0.01545	0.00644	0.00204	0.00300	0.05934	0.00469	0.00416
51	0.17556	0.01074	0.09178	0.00831	0.01132	0.00995	0.00738	0.23897	0.01408	0.02280	0.01329	0.06260	0.01078	0.00620	0.00422	0.00145	0.00418	0.00477	0.29535	0.00627
