[name]
unknown

[dist]
# distance from previous block
# <min> <max>
3	162

[block]
# block no. 0 follows, 42 sequences, length 26
# corresponding to MSA columns:
# 192-217
name=unknown_A
#
# <colnr> <probs for GDERKNQSTAVLIFYWHMCP>
#	G	D	E	R	K	N	Q	S	T	A	V	L	I	F	Y	W	H	M	C	P
0	0.01461	0.09533	0.06075	0.03897	0.12034	0.03526	0.03080	0.11162	0.05870	0.09369	0.09361	0.03743	0.01571	0.02161	0.02672	0.00186	0.00588	0.02005	0.00422	0.11286
1	0.05532	0.04186	0.05913	0.05232	0.03719	0.16979	0.03435	0.13327	0.01484	0.09583	0.01350	0.01630	0.02906	0.07014	0.05887	0.00237	0.02226	0.00497	0.00384	0.08477
2	0.06321	0.07060	0.01645	0.01392	0.09249	0.08735	0.08723	0.09309	0.02949	0.08563	0.01505	0.14561	0.01378	0.00745	0.00541	0.00161	0.00585	0.00643	0.00405	0.15531
3	0.03067	0.14767	0.09156	0.07292	0.04293	0.14517	0.08293	0.01620	0.01236	0.02956	0.05346	0.04221	0.03498	0.00978	0.07177	0.00230	0.07040	0.00537	0.00313	0.03463
4	0.05027	0.01367	0.09471	0.23439	0.18054	0.07432	0.03503	0.03137	0.01267	0.03160	0.05347	0.04220	0.02685	0.00734	0.02691	0.00192	0.00690	0.00552	0.02343	0.04687
5	0.03451	0.06877	0.03480	0.01066	0.04166	0.03199	0.00841	0.10051	0.13643	0.02041	0.01273	0.01459	0.01042	0.04884	0.00598	0.00148	0.00502	0.00436	0.00387	0.40456
6	0.01101	0.00993	0.03440	0.06011	0.13346	0.03037	0.07933	0.03193	0.06710	0.03788	0.05750	0.24860	0.04568	0.05407	0.00767	0.00220	0.00542	0.07260	0.00435	0.00640
7	0.04608	0.01705	0.01596	0.01282	0.01689	0.15261	0.01035	0.50926	0.08542	0.05721	0.01359	0.01362	0.00985	0.00662	0.00547	0.00167	0.00664	0.00488	0.00513	0.00886
8	0.00707	0.00547	0.00653	0.00705	0.00821	0.00482	0.00496	0.00839	0.01189	0.01540	0.08970	0.44960	0.29309	0.01542	0.00682	0.00205	0.00312	0.01359	0.00521	0.04160
9	0.00786	0.00577	0.00738	0.00705	0.00843	0.00529	0.00533	0.01039	0.01550	0.02160	0.66512	0.04403	0.12720	0.01193	0.00668	0.00181	0.00276	0.03456	0.00606	0.00525
10	0.01479	0.73038	0.02833	0.01012	0.01448	0.02179	0.00988	0.01654	0.01117	0.01327	0.00778	0.00934	0.00724	0.00529	0.00502	0.00132	0.08055	0.00319	0.00241	0.00712
11	0.01308	0.06745	0.25689	0.01389	0.05950	0.01133	0.07812	0.03691	0.01262	0.07314	0.01197	0.04752	0.00966	0.00555	0.00509	0.00145	0.00628	0.00474	0.00331	0.28150
12	0.01715	0.05436	0.05341	0.08072	0.06032	0.01413	0.09576	0.25640	0.11336	0.12726	0.03508	0.01632	0.01190	0.00751	0.02909	0.00197	0.00656	0.00551	0.00470	0.00851
13	0.00913	0.00489	0.00715	0.00744	0.00751	0.00482	0.00496	0.00744	0.00809	0.01079	0.01445	0.18915	0.01582	0.01913	0.01873	0.65266	0.00453	0.00733	0.00306	0.00291
14	0.01149	0.07155	0.73242	0.01569	0.02382	0.01357	0.02018	0.01777	0.01186	0.01757	0.00997	0.01173	0.00713	0.00532	0.00525	0.00175	0.00819	0.00410	0.00238	0.00826
15	0.00840	0.00644	0.00832	0.00863	0.00979	0.00647	0.02595	0.01167	0.10418	0.01610	0.04934	0.39981	0.10157	0.05223	0.07057	0.00286	0.00472	0.07234	0.03532	0.00529
16	0.00796	0.00662	0.00761	0.00835	0.04213	0.02888	0.00569	0.00999	0.03316	0.01688	0.19857	0.27400	0.31179	0.01384	0.00669	0.00197	0.00337	0.01206	0.00527	0.00517
17	0.01505	0.80561	0.02949	0.00963	0.01444	0.02227	0.00963	0.01685	0.01143	0.01324	0.00782	0.00903	0.00722	0.00481	0.00361	0.00120	0.00602	0.00301	0.00241	0.00722
18	0.01167	0.01000	0.01167	0.00834	0.01334	0.00750	0.00667	0.01417	0.01167	0.01834	0.01000	0.01167	0.00834	0.00417	0.00417	0.00083	0.00417	0.00333	0.00333	0.83663
19	0.01555	0.01489	0.01300	0.01146	0.01456	0.18311	0.00890	0.13698	0.35609	0.02211	0.04728	0.02246	0.11307	0.00809	0.00572	0.00177	0.00572	0.00640	0.00503	0.00782
20	0.01167	0.01000	0.01167	0.00834	0.01334	0.00750	0.00667	0.01417	0.01167	0.01834	0.01000	0.01167	0.00834	0.00417	0.00417	0.00083	0.00417	0.00333	0.00333	0.83663
21	0.01641	0.62724	0.02639	0.01074	0.01512	0.19572	0.00991	0.01814	0.01247	0.01336	0.00802	0.00928	0.00723	0.00504	0.00395	0.00126	0.00696	0.00315	0.00252	0.00706
22	0.00710	0.00574	0.00635	0.00629	0.00798	0.00493	0.00467	0.00881	0.01337	0.01698	0.22501	0.11703	0.51007	0.01366	0.00664	0.00188	0.00287	0.01164	0.00542	0.02357
23	0.01208	0.01137	0.01785	0.26438	0.02369	0.01381	0.09871	0.01422	0.01066	0.01500	0.01132	0.01790	0.01025	0.08120	0.08332	0.00324	0.29563	0.00585	0.00299	0.00651
24	0.07957	0.05987	0.01489	0.01119	0.01518	0.04702	0.03312	0.07253	0.09260	0.41692	0.06100	0.02043	0.03368	0.00769	0.00588	0.00190	0.00546	0.00598	0.00609	0.00901
25	0.00827	0.00592	0.00770	0.00894	0.00953	0.00551	0.00632	0.00925	0.01176	0.01571	0.03146	0.66252	0.03687	0.01773	0.00767	0.00251	0.00395	0.13767	0.00552	0.00520

[dist]
# distance from previous block
# <min> <max>
0	1

[block]
# block no. 1 follows, 42 sequences, length 35
# corresponding to MSA columns:
# 219-231,234-240,245-259
name=unknown_B
#
# <colnr> <probs for GDERKNQSTAVLIFYWHMCP>
#	G	D	E	R	K	N	Q	S	T	A	V	L	I	F	Y	W	H	M	C	P
0	0.03965	0.00853	0.01040	0.00993	0.01185	0.00769	0.02613	0.03029	0.01490	0.04803	0.24903	0.26418	0.11352	0.01411	0.00754	0.00238	0.00447	0.06500	0.00609	0.06628
1	0.01305	0.01432	0.12408	0.10758	0.02465	0.01191	0.35587	0.01714	0.01315	0.09729	0.07493	0.04945	0.03783	0.00664	0.00654	0.00188	0.02595	0.00680	0.00361	0.00731
2	0.00817	0.00549	0.00629	0.00628	0.00637	0.00551	0.00361	0.00835	0.00852	0.01144	0.04689	0.03651	0.02151	0.74438	0.05433	0.00544	0.00569	0.00819	0.00351	0.00354
3	0.01826	0.38668	0.02221	0.01225	0.01603	0.42967	0.01030	0.01987	0.01386	0.01353	0.00829	0.00963	0.00724	0.00534	0.00440	0.00134	0.00824	0.00334	0.00267	0.00685
4	0.04466	0.18270	0.18066	0.07268	0.12528	0.06543	0.11408	0.04721	0.03819	0.06190	0.01096	0.01283	0.00842	0.00538	0.00517	0.00164	0.00727	0.00456	0.00310	0.00787
5	0.01311	0.01153	0.03256	0.23683	0.24968	0.01208	0.05577	0.05816	0.05024	0.06170	0.02782	0.05409	0.01331	0.00725	0.00625	0.00189	0.02514	0.07145	0.00363	0.00750
6	0.00804	0.00548	0.00656	0.00668	0.00685	0.00558	0.00406	0.00840	0.00854	0.01152	0.01864	0.10710	0.02121	0.62769	0.12561	0.00563	0.00652	0.00864	0.00353	0.00373
7	0.00818	0.00546	0.00614	0.00614	0.00614	0.00546	0.00341	0.00818	0.00818	0.01091	0.01773	0.03683	0.02046	0.80222	0.02864	0.00546	0.00546	0.00818	0.00341	0.00341
8	0.07178	0.04160	0.04198	0.05643	0.01429	0.00858	0.13796	0.01111	0.00919	0.01318	0.01028	0.03098	0.00949	0.01388	0.01528	0.49589	0.00596	0.00518	0.00265	0.00431
9	0.53737	0.01445	0.03849	0.01074	0.05041	0.12941	0.00840	0.08275	0.01257	0.05736	0.00933	0.01047	0.00711	0.00552	0.00418	0.00169	0.00567	0.00357	0.00367	0.00684
10	0.01276	0.01136	0.01906	0.23534	0.32312	0.01202	0.07445	0.03312	0.03387	0.04902	0.06265	0.01884	0.01301	0.00786	0.04068	0.00213	0.00704	0.03273	0.00336	0.00756
11	0.00686	0.00490	0.00653	0.00784	0.00816	0.00457	0.00522	0.00784	0.01077	0.01437	0.03102	0.79855	0.03722	0.01763	0.00718	0.00229	0.00326	0.01600	0.00522	0.00457
12	0.07968	0.05595	0.10835	0.03057	0.12344	0.01179	0.02802	0.13594	0.01507	0.16647	0.05624	0.09705	0.01538	0.00850	0.02407	0.00196	0.00590	0.02323	0.00453	0.00786
13	0.15922	0.00997	0.01105	0.00916	0.01263	0.01001	0.00750	0.14444	0.03703	0.22041	0.01702	0.02005	0.01310	0.00706	0.00502	0.00165	0.00455	0.07021	0.14586	0.09406
14	0.00808	0.00573	0.00742	0.00700	0.00832	0.00531	0.00525	0.01073	0.01574	0.02250	0.73059	0.04109	0.05136	0.01128	0.00652	0.00175	0.00265	0.00996	0.04342	0.00531
15	0.01173	0.02241	0.50489	0.01447	0.02086	0.01222	0.06139	0.04430	0.09382	0.01932	0.03464	0.04736	0.01152	0.00639	0.00548	0.00178	0.00708	0.00533	0.06709	0.00790
16	0.00777	0.00560	0.00735	0.00721	0.00836	0.00518	0.00529	0.01013	0.01502	0.02111	0.63412	0.17621	0.05028	0.01259	0.00673	0.00186	0.00276	0.01121	0.00602	0.00518
17	0.01397	0.01583	0.15341	0.17251	0.34843	0.01380	0.01622	0.12965	0.04534	0.02035	0.01135	0.01400	0.00877	0.00557	0.00556	0.00174	0.00696	0.00492	0.00322	0.00840
18	0.00978	0.00489	0.00733	0.00733	0.00733	0.00489	0.00489	0.00733	0.00733	0.00978	0.00978	0.01711	0.00978	0.01955	0.02199	0.83627	0.00489	0.00489	0.00244	0.00244
19	0.02139	0.01576	0.01689	0.01295	0.01745	0.01745	0.01070	0.74835	0.02646	0.03547	0.01351	0.01351	0.00957	0.00676	0.00563	0.00169	0.00619	0.00507	0.00563	0.00957
20	0.01305	0.01156	0.01518	0.03274	0.23688	0.03868	0.01035	0.04566	0.02768	0.03049	0.03463	0.01586	0.01117	0.02143	0.00545	0.00138	0.00532	0.02818	0.00349	0.41083
21	0.01144	0.01084	0.01835	0.60211	0.21896	0.01272	0.01604	0.01509	0.01164	0.01537	0.01015	0.01474	0.00785	0.00547	0.00561	0.00182	0.00730	0.00500	0.00257	0.00691
22	0.00907	0.00648	0.00907	0.01036	0.01166	0.00648	0.00907	0.01166	0.01296	0.01684	0.02980	0.06348	0.03239	0.01555	0.00777	0.00259	0.00518	0.72924	0.00518	0.00518
23	0.01277	0.01084	0.01197	0.01096	0.01369	0.01257	0.00852	0.02582	0.60324	0.02139	0.02130	0.02122	0.01654	0.01474	0.16484	0.00338	0.00664	0.00629	0.00517	0.00811
24	0.01411	0.01082	0.01171	0.01045	0.01285	0.04122	0.00799	0.33768	0.03999	0.02421	0.04298	0.37476	0.02363	0.01187	0.00635	0.00196	0.00485	0.01021	0.00535	0.00701
25	0.01133	0.00605	0.00614	0.00584	0.00739	0.00618	0.00445	0.06947	0.01293	0.02209	0.01799	0.02041	0.01405	0.00657	0.00406	0.00134	0.00290	0.00523	0.77001	0.00558
26	0.02525	0.00958	0.01306	0.01001	0.01437	0.00827	0.00827	0.02743	0.01611	0.77102	0.02220	0.01915	0.01393	0.00697	0.00566	0.00174	0.00479	0.00566	0.00697	0.00958
27	0.84197	0.01088	0.00827	0.00740	0.01088	0.01262	0.00609	0.01654	0.00958	0.02525	0.00784	0.00914	0.00609	0.00522	0.00348	0.00174	0.00435	0.00305	0.00348	0.00609
28	0.00723	0.00560	0.00660	0.00675	0.00814	0.00498	0.00500	0.00903	0.01349	0.01758	0.28775	0.18812	0.36168	0.01401	0.00679	0.00196	0.00296	0.04185	0.00555	0.00492
29	0.01049	0.00525	0.00525	0.00525	0.00656	0.00525	0.00393	0.01311	0.01180	0.02098	0.01836	0.02098	0.01442	0.00656	0.00393	0.00131	0.00262	0.00525	0.83346	0.00525
30	0.01386	0.01014	0.01176	0.06172	0.01421	0.01129	0.00833	0.26066	0.10970	0.02381	0.03518	0.02000	0.04004	0.01489	0.17484	0.00327	0.00711	0.00583	0.16618	0.00716
31	0.00956	0.00758	0.01163	0.01034	0.01190	0.00823	0.08609	0.06215	0.01055	0.01475	0.01508	0.02357	0.01438	0.18070	0.49937	0.00708	0.01202	0.00644	0.00325	0.00531
32	0.01204	0.01896	0.30771	0.20056	0.04894	0.01369	0.19806	0.03470	0.01219	0.01715	0.01026	0.01357	0.00770	0.00567	0.00686	0.00189	0.07484	0.00508	0.00262	0.00751
33	0.52208	0.01154	0.01157	0.08164	0.07087	0.01283	0.00845	0.11151	0.01236	0.02445	0.00917	0.01083	0.00709	0.00535	0.00418	0.00166	0.00504	0.00366	0.00361	0.08210
34	0.04409	0.01345	0.01689	0.45663	0.13303	0.14865	0.01416	0.01641	0.02578	0.01534	0.01011	0.01406	0.00800	0.00695	0.03206	0.00203	0.02825	0.00474	0.00272	0.00667

[dist]
# distance from previous block
# <min> <max>
0	2

[block]
# block no. 2 follows, 42 sequences, length 64
# corresponding to MSA columns:
# 262-325
name=unknown_C
#
# <colnr> <probs for GDERKNQSTAVLIFYWHMCP>
#	G	D	E	R	K	N	Q	S	T	A	V	L	I	F	Y	W	H	M	C	P
0	0.53416	0.01307	0.03603	0.02468	0.01314	0.08911	0.00774	0.08829	0.01256	0.05769	0.04066	0.04056	0.01000	0.00623	0.00432	0.00173	0.00522	0.00426	0.00391	0.00662
1	0.57934	0.01071	0.01122	0.11910	0.07191	0.01222	0.02611	0.01595	0.01040	0.02239	0.01014	0.01469	0.00861	0.00606	0.00435	0.00182	0.00515	0.06011	0.00341	0.00629
2	0.04052	0.07062	0.03593	0.01071	0.01279	0.00923	0.08885	0.06166	0.01216	0.01662	0.02226	0.30189	0.03886	0.08219	0.04356	0.00270	0.02542	0.11406	0.00429	0.00567
3	0.01009	0.00530	0.00537	0.00535	0.00671	0.00521	0.00402	0.01262	0.01205	0.02059	0.05152	0.02442	0.07443	0.00736	0.00425	0.00138	0.00264	0.00596	0.73552	0.00521
4	0.01691	0.01295	0.01446	0.03824	0.03470	0.01423	0.00965	0.45401	0.10921	0.02913	0.10095	0.02143	0.08692	0.00807	0.00610	0.00177	0.02104	0.00642	0.00542	0.00837
5	0.00674	0.00570	0.00583	0.00580	0.00766	0.00479	0.00435	0.00826	0.01305	0.01573	0.10723	0.05330	0.71429	0.01406	0.00665	0.00189	0.00284	0.01176	0.00529	0.00479
6	0.02990	0.01083	0.01608	0.53607	0.04979	0.01280	0.01367	0.10837	0.06176	0.07134	0.01228	0.01547	0.00899	0.00599	0.00556	0.00183	0.00677	0.00511	0.02028	0.00712
7	0.00685	0.00492	0.00651	0.00778	0.00815	0.00458	0.00520	0.00784	0.01083	0.01439	0.03173	0.77805	0.05726	0.01754	0.00717	0.00227	0.00325	0.01588	0.00522	0.00458
8	0.02139	0.01576	0.01689	0.01295	0.01745	0.01745	0.01070	0.74835	0.02646	0.03547	0.01351	0.01351	0.00957	0.00676	0.00563	0.00169	0.00619	0.00507	0.00563	0.00957
9	0.01220	0.02138	0.46808	0.01548	0.04319	0.01161	0.09755	0.01758	0.03497	0.07797	0.05037	0.07604	0.01311	0.02781	0.00636	0.00193	0.00726	0.00596	0.00334	0.00781
10	0.01167	0.01000	0.01167	0.00834	0.01334	0.00750	0.00667	0.01417	0.01167	0.01834	0.01000	0.01167	0.00834	0.00417	0.00417	0.00083	0.00417	0.00333	0.00333	0.83663
11	0.00686	0.00490	0.00653	0.00784	0.00816	0.00457	0.00522	0.00784	0.01077	0.01437	0.03102	0.79855	0.03722	0.01763	0.00718	0.00229	0.00326	0.01600	0.00522	0.00457
12	0.00686	0.00490	0.00653	0.00784	0.00816	0.00457	0.00522	0.00784	0.01077	0.01437	0.03102	0.79855	0.03722	0.01763	0.00718	0.00229	0.00326	0.01600	0.00522	0.00457
13	0.01440	0.01352	0.02247	0.03318	0.71969	0.01363	0.01686	0.06352	0.01368	0.01947	0.01077	0.01390	0.00896	0.00512	0.00558	0.00167	0.00665	0.00502	0.00297	0.00896
14	0.00692	0.00492	0.00651	0.00776	0.00807	0.00461	0.00514	0.00785	0.01066	0.01421	0.03042	0.76426	0.03647	0.05295	0.00815	0.00243	0.00336	0.01565	0.00514	0.00452
15	0.01063	0.01000	0.01688	0.78870	0.03876	0.01250	0.01563	0.01438	0.01125	0.01438	0.01000	0.01500	0.00750	0.00563	0.00563	0.00188	0.00750	0.00500	0.00250	0.00625
16	0.01223	0.01008	0.01176	0.00852	0.01343	0.00780	0.00682	0.01527	0.04286	0.04399	0.01095	0.01231	0.00889	0.00441	0.00428	0.00091	0.00420	0.00354	0.00356	0.77420
17	0.01063	0.01000	0.01688	0.78870	0.03876	0.01250	0.01563	0.01438	0.01125	0.01438	0.01000	0.01500	0.00750	0.00563	0.00563	0.00188	0.00750	0.00500	0.00250	0.00625
18	0.01368	0.01296	0.02182	0.14111	0.64151	0.01337	0.01684	0.03839	0.01299	0.01832	0.01059	0.01407	0.00873	0.00515	0.00558	0.00170	0.00679	0.00501	0.00283	0.00856
19	0.01505	0.80561	0.02949	0.00963	0.01444	0.02227	0.00963	0.01685	0.01143	0.01324	0.00782	0.00903	0.00722	0.00481	0.00361	0.00120	0.00602	0.00301	0.00241	0.00722
20	0.00686	0.00490	0.00653	0.00784	0.00816	0.00457	0.00522	0.00784	0.01077	0.01437	0.03102	0.79855	0.03722	0.01763	0.00718	0.00229	0.00326	0.01600	0.00522	0.00457
21	0.00782	0.00575	0.00732	0.00693	0.00832	0.00525	0.00520	0.01034	0.01559	0.02177	0.68722	0.04336	0.13053	0.01180	0.00664	0.00178	0.00268	0.01036	0.00609	0.00525
22	0.01162	0.02679	0.65000	0.01732	0.02520	0.01326	0.14154	0.01786	0.01211	0.01786	0.01031	0.01243	0.00736	0.00525	0.00556	0.00180	0.00851	0.00457	0.00245	0.00820
23	0.01400	0.01209	0.01273	0.01145	0.01463	0.01400	0.00891	0.02990	0.75695	0.02354	0.02291	0.02100	0.01718	0.00764	0.00573	0.00191	0.00445	0.00636	0.00573	0.00891
24	0.00703	0.00502	0.00673	0.00803	0.00843	0.00472	0.00552	0.00813	0.01094	0.01456	0.03092	0.74130	0.03684	0.01747	0.00723	0.00231	0.00341	0.07155	0.00522	0.00462
25	0.00686	0.00490	0.00653	0.00784	0.00816	0.00457	0.00522	0.00784	0.01077	0.01437	0.03102	0.79855	0.03722	0.01763	0.00718	0.00229	0.00326	0.01600	0.00522	0.00457
26	0.01231	0.01231	0.01724	0.01477	0.01477	0.01724	0.01231	0.01354	0.00862	0.01354	0.00739	0.01231	0.00739	0.00985	0.01847	0.00246	0.79192	0.00492	0.00246	0.00616
27	0.01129	0.02911	0.77306	0.01604	0.02436	0.01307	0.02079	0.01782	0.01188	0.01782	0.01010	0.01188	0.00713	0.00535	0.00535	0.00178	0.00832	0.00416	0.00238	0.00832
28	0.00907	0.00648	0.00907	0.01036	0.01166	0.00648	0.00907	0.01166	0.01296	0.01684	0.02980	0.06348	0.03239	0.01555	0.00777	0.00259	0.00518	0.72924	0.00518	0.00518
29	0.00665	0.00570	0.00570	0.00570	0.00760	0.00475	0.00428	0.00808	0.01283	0.01520	0.05701	0.05416	0.76483	0.01425	0.00665	0.00190	0.00285	0.01188	0.00523	0.00475
30	0.01231	0.01231	0.01724	0.01477	0.01477	0.01724	0.01231	0.01354	0.00862	0.01354	0.00739	0.01231	0.00739	0.00985	0.01847	0.00246	0.79192	0.00492	0.00246	0.00616
31	0.04714	0.00961	0.01293	0.00994	0.01427	0.00839	0.00821	0.02713	0.01593	0.75102	0.02182	0.01889	0.01372	0.00692	0.00560	0.00174	0.00478	0.00559	0.00687	0.00948
32	0.00775	0.00566	0.00799	0.00833	0.00903	0.00618	0.00607	0.00922	0.00938	0.01311	0.01961	0.22765	0.02100	0.13844	0.47585	0.00679	0.01068	0.00893	0.00365	0.00469
33	0.00753	0.00496	0.00629	0.00735	0.00786	0.00470	0.00498	0.00882	0.01097	0.01560	0.02866	0.65349	0.03297	0.01556	0.00658	0.00210	0.00315	0.01399	0.15974	0.00470
34	0.00818	0.00546	0.00614	0.00614	0.00614	0.00546	0.00341	0.00818	0.00818	0.01091	0.01773	0.03683	0.02046	0.80222	0.02864	0.00546	0.00546	0.00818	0.00341	0.00341
35	0.00779	0.00562	0.00737	0.00720	0.00837	0.00520	0.00530	0.01019	0.01513	0.02130	0.65068	0.15912	0.05064	0.01245	0.00672	0.00185	0.00275	0.01108	0.00604	0.00520
36	0.01275	0.01037	0.01127	0.01047	0.01310	0.01161	0.00799	0.02471	0.55712	0.04882	0.02593	0.16748	0.05446	0.00977	0.00604	0.00197	0.00417	0.00838	0.00566	0.00794
37	0.07439	0.06942	0.01888	0.01531	0.03564	0.44320	0.12555	0.02001	0.01402	0.03059	0.00947	0.01153	0.00774	0.00590	0.00624	0.00162	0.07457	0.00424	0.02492	0.00676
38	0.01757	0.07341	0.01496	0.04088	0.01616	0.55725	0.00973	0.01912	0.01490	0.01403	0.01770	0.01846	0.14859	0.00731	0.00529	0.00153	0.00842	0.00517	0.00329	0.00623
39	0.01799	0.16637	0.01860	0.15804	0.02084	0.49775	0.01153	0.01993	0.01425	0.01379	0.00878	0.01085	0.00729	0.00559	0.00491	0.00148	0.00890	0.00377	0.00273	0.00660
40	0.01170	0.01453	0.15966	0.42854	0.24469	0.01286	0.01706	0.01585	0.01182	0.01617	0.01019	0.01411	0.00784	0.00540	0.00556	0.00180	0.00742	0.00485	0.00256	0.00740
41	0.16932	0.65734	0.02553	0.00921	0.01378	0.02047	0.00897	0.01679	0.01109	0.01548	0.00783	0.00905	0.00701	0.00489	0.00359	0.00130	0.00571	0.00302	0.00261	0.00701
42	0.01283	0.01351	0.01676	0.52132	0.03096	0.15637	0.01421	0.01576	0.01171	0.01413	0.00934	0.01367	0.00744	0.00633	0.00756	0.00189	0.13261	0.00473	0.00257	0.00629
43	0.19884	0.47368	0.17277	0.01041	0.01562	0.01828	0.01106	0.01698	0.01111	0.01683	0.00828	0.00962	0.00695	0.00501	0.00393	0.00144	0.00610	0.00325	0.00264	0.00719
44	0.62747	0.03907	0.03845	0.00872	0.01261	0.01347	0.00752	0.12354	0.01247	0.05963	0.00939	0.01032	0.00703	0.00552	0.00397	0.00172	0.00484	0.00350	0.00387	0.00688
45	0.01231	0.01231	0.01724	0.01477	0.01477	0.01724	0.01231	0.01354	0.00862	0.01354	0.00739	0.01231	0.00739	0.00985	0.01847	0.00246	0.79192	0.00492	0.00246	0.00616
46	0.84197	0.01088	0.00827	0.00740	0.01088	0.01262	0.00609	0.01654	0.00958	0.02525	0.00784	0.00914	0.00609	0.00522	0.00348	0.00174	0.00435	0.00305	0.00348	0.00609
47	0.01215	0.02993	0.01218	0.00851	0.01343	0.00811	0.00686	0.01508	0.03696	0.03586	0.01067	0.01209	0.00874	0.00437	0.00424	0.00090	0.00424	0.00348	0.00348	0.76873
48	0.01305	0.02576	0.52849	0.01553	0.04870	0.14735	0.01728	0.01861	0.03843	0.01761	0.03351	0.01329	0.00928	0.00573	0.00530	0.00170	0.00802	0.00440	0.04013	0.00781
49	0.00818	0.00546	0.00614	0.00614	0.00614	0.00546	0.00341	0.00818	0.00818	0.01091	0.01773	0.03683	0.02046	0.80222	0.02864	0.00546	0.00546	0.00818	0.00341	0.00341
50	0.01163	0.00941	0.01387	0.04476	0.15328	0.01079	0.05042	0.01409	0.01113	0.01775	0.01377	0.05175	0.01190	0.00753	0.00858	0.00179	0.21990	0.00567	0.33566	0.00632
51	0.01366	0.01441	0.08331	0.06222	0.63528	0.01328	0.01704	0.03915	0.01299	0.01856	0.01072	0.01400	0.00886	0.00606	0.02507	0.00187	0.00705	0.00497	0.00283	0.00868
52	0.01128	0.01115	0.01551	0.01332	0.01382	0.01483	0.03025	0.01264	0.00953	0.01397	0.01675	0.02020	0.14873	0.01054	0.01595	0.00234	0.62400	0.00627	0.00299	0.00593
53	0.00907	0.00648	0.00907	0.01036	0.01166	0.00648	0.00907	0.01166	0.01296	0.01684	0.02980	0.06348	0.03239	0.01555	0.00777	0.00259	0.00518	0.72924	0.00518	0.00518
54	0.01315	0.07931	0.06082	0.07393	0.06012	0.11164	0.01172	0.05664	0.01153	0.01529	0.01014	0.01422	0.00900	0.01484	0.17632	0.00347	0.26368	0.00481	0.00283	0.00654
55	0.06849	0.01037	0.01599	0.64343	0.03411	0.01262	0.01423	0.04620	0.04209	0.04378	0.01096	0.01493	0.00812	0.00578	0.00549	0.00186	0.00701	0.00495	0.00299	0.00661
56	0.00665	0.00570	0.00570	0.00570	0.00760	0.00475	0.00428	0.00808	0.01283	0.01520	0.05701	0.05416	0.76483	0.01425	0.00665	0.00190	0.00285	0.01188	0.00523	0.00475
57	0.02102	0.02682	0.01595	0.01450	0.01740	0.77963	0.01087	0.02247	0.01595	0.01377	0.00870	0.01015	0.00725	0.00580	0.00507	0.00145	0.01015	0.00362	0.00290	0.00652
58	0.07820	0.01276	0.01993	0.15721	0.28832	0.02809	0.12112	0.06351	0.07363	0.06790	0.01267	0.02985	0.00994	0.00580	0.00562	0.00178	0.00673	0.00544	0.00353	0.00799
59	0.01328	0.01484	0.26434	0.01147	0.01590	0.00908	0.02984	0.02957	0.03083	0.18993	0.10953	0.14716	0.07164	0.00935	0.00607	0.00189	0.00548	0.02773	0.00475	0.00734
60	0.02061	0.01101	0.01322	0.01079	0.01470	0.01118	0.00870	0.08288	0.30295	0.42679	0.02182	0.01944	0.01486	0.00721	0.00568	0.00180	0.00477	0.00589	0.00639	0.00932
61	0.84197	0.01088	0.00827	0.00740	0.01088	0.01262	0.00609	0.01654	0.00958	0.02525	0.00784	0.00914	0.00609	0.00522	0.00348	0.00174	0.00435	0.00305	0.00348	0.00609
62	0.01672	0.01128	0.01264	0.01095	0.01435	0.01232	0.00861	0.02873	0.54906	0.21399	0.02260	0.02092	0.01643	0.02744	0.00629	0.00196	0.00456	0.00623	0.00598	0.00894
63	0.01864	0.02188	0.01800	0.02011	0.22933	0.49486	0.01274	0.05306	0.01520	0.01604	0.00939	0.01146	0.00783	0.00580	0.00584	0.00157	0.04383	0.00414	0.00297	0.00732

[dist]
# distance from previous block
# <min> <max>
0	6

[block]
# block no. 3 follows, 42 sequences, length 42
# corresponding to MSA columns:
# 332-373
name=unknown_D
#
# <colnr> <probs for GDERKNQSTAVLIFYWHMCP>
#	G	D	E	R	K	N	Q	S	T	A	V	L	I	F	Y	W	H	M	C	P
0	0.00755	0.00587	0.00617	0.00601	0.00796	0.00495	0.00454	0.00912	0.01324	0.04758	0.11911	0.05160	0.66935	0.01370	0.00661	0.00188	0.00291	0.01146	0.00539	0.00500
1	0.01475	0.01231	0.01301	0.01143	0.01466	0.01410	0.00892	0.12585	0.62705	0.02462	0.02142	0.02065	0.01629	0.04086	0.00667	0.00203	0.00473	0.00626	0.00562	0.00877
2	0.00753	0.00574	0.00692	0.00662	0.00814	0.00512	0.00497	0.00977	0.01490	0.02012	0.52892	0.04607	0.28986	0.01242	0.00664	0.00181	0.00272	0.01074	0.00587	0.00512
3	0.00823	0.00629	0.00932	0.00921	0.01014	0.00744	0.00716	0.01015	0.00900	0.01302	0.01481	0.02212	0.01396	0.06365	0.72344	0.00864	0.04934	0.00605	0.00300	0.00503
4	0.01231	0.01231	0.01724	0.01477	0.01477	0.01724	0.01231	0.01354	0.00862	0.01354	0.00739	0.01231	0.00739	0.00985	0.01847	0.00246	0.79192	0.00492	0.00246	0.00616
5	0.01752	0.07378	0.03890	0.01245	0.01628	0.14653	0.01022	0.25376	0.32340	0.02471	0.01603	0.01564	0.01206	0.00677	0.00542	0.00171	0.00621	0.00518	0.00487	0.00857
6	0.00818	0.00546	0.00614	0.00614	0.00614	0.00546	0.00341	0.00818	0.00818	0.01091	0.01773	0.03683	0.02046	0.80222	0.02864	0.00546	0.00546	0.00818	0.00341	0.00341
7	0.01200	0.01176	0.01632	0.01409	0.01419	0.01624	0.01162	0.01352	0.02499	0.01362	0.00849	0.01403	0.00847	0.04928	0.04508	0.00282	0.70968	0.00515	0.00260	0.00604
8	0.01503	0.70435	0.08926	0.01039	0.01539	0.05862	0.01060	0.01721	0.01169	0.01364	0.00805	0.00931	0.00722	0.00491	0.00382	0.00126	0.00641	0.00313	0.00243	0.00728
9	0.01129	0.02911	0.77306	0.01604	0.02436	0.01307	0.02079	0.01782	0.01188	0.01782	0.01010	0.01188	0.00713	0.00535	0.00535	0.00178	0.00832	0.00416	0.00238	0.00832
10	0.00792	0.00575	0.00746	0.00703	0.00838	0.00529	0.00527	0.01053	0.01582	0.02231	0.73963	0.04246	0.07778	0.01160	0.00664	0.00177	0.00266	0.01024	0.00616	0.00529
11	0.01496	0.33415	0.09479	0.16523	0.09713	0.12618	0.02937	0.01778	0.01246	0.04621	0.00955	0.01168	0.00775	0.00527	0.00473	0.00151	0.00721	0.00399	0.00273	0.00732
12	0.01031	0.01089	0.12320	0.01015	0.01234	0.02938	0.00879	0.08004	0.01293	0.03702	0.10161	0.37302	0.02687	0.03804	0.04540	0.00250	0.05644	0.01054	0.00458	0.00595
13	0.00800	0.00596	0.00882	0.00887	0.00981	0.00688	0.00681	0.00989	0.00907	0.01301	0.01575	0.04990	0.01517	0.07593	0.71874	0.00864	0.01422	0.00648	0.00311	0.00494
14	0.01209	0.01191	0.02148	0.42820	0.25988	0.01306	0.14027	0.01588	0.01207	0.01622	0.01042	0.01470	0.00811	0.00529	0.00578	0.00182	0.00759	0.00528	0.00265	0.00729
15	0.01273	0.01365	0.02735	0.13339	0.02816	0.01355	0.52313	0.01849	0.09674	0.01832	0.04673	0.01703	0.01139	0.00551	0.00639	0.00189	0.00832	0.00653	0.00327	0.00744
16	0.01231	0.01231	0.01724	0.01477	0.01477	0.01724	0.01231	0.01354	0.00862	0.01354	0.00739	0.01231	0.00739	0.00985	0.01847	0.00246	0.79192	0.00492	0.00246	0.00616
17	0.00967	0.00530	0.00772	0.00759	0.00773	0.00546	0.00522	0.00780	0.00804	0.01079	0.04816	0.01964	0.04326	0.01850	0.02045	0.72313	0.04050	0.00544	0.00274	0.00285
18	0.00978	0.00489	0.00733	0.00733	0.00733	0.00489	0.00489	0.00733	0.00733	0.00978	0.00978	0.01711	0.00978	0.01955	0.02199	0.83627	0.00489	0.00489	0.00244	0.00244
19	0.01143	0.01082	0.01833	0.60567	0.21553	0.01271	0.01603	0.01508	0.01163	0.01535	0.01014	0.01474	0.00784	0.00548	0.00561	0.00183	0.00730	0.00500	0.00257	0.00690
20	0.01049	0.00525	0.00525	0.00525	0.00656	0.00525	0.00393	0.01311	0.01180	0.02098	0.01836	0.02098	0.01442	0.00656	0.00393	0.00131	0.00262	0.00525	0.83346	0.00525
21	0.01865	0.17751	0.01893	0.04053	0.01769	0.48071	0.03277	0.05315	0.07990	0.01561	0.01010	0.01134	0.00826	0.00577	0.00493	0.00148	0.00855	0.00394	0.00315	0.00702
22	0.84197	0.01088	0.00827	0.00740	0.01088	0.01262	0.00609	0.01654	0.00958	0.02525	0.00784	0.00914	0.00609	0.00522	0.00348	0.00174	0.00435	0.00305	0.00348	0.00609
23	0.01126	0.00955	0.01103	0.00813	0.01266	0.00739	0.00647	0.03235	0.01232	0.01859	0.04143	0.01729	0.09028	0.00556	0.00456	0.00100	0.00403	0.00453	0.00369	0.69788
24	0.01049	0.00525	0.00525	0.00525	0.00656	0.00525	0.00393	0.01311	0.01180	0.02098	0.01836	0.02098	0.01442	0.00656	0.00393	0.00131	0.00262	0.00525	0.83346	0.00525
25	0.01321	0.01468	0.02977	0.12193	0.09286	0.03487	0.57146	0.01762	0.01306	0.01748	0.01107	0.01491	0.00840	0.00491	0.00638	0.00186	0.00901	0.00621	0.00280	0.00750
26	0.01591	0.10505	0.05040	0.03379	0.14921	0.29067	0.03470	0.03121	0.03851	0.01547	0.00991	0.01256	0.00844	0.00860	0.05908	0.00217	0.11993	0.00441	0.00288	0.00710
27	0.01098	0.01152	0.06889	0.61943	0.09470	0.01234	0.03796	0.01466	0.01132	0.01485	0.01009	0.01480	0.00772	0.00612	0.00632	0.03686	0.00744	0.00499	0.00252	0.00649
28	0.05335	0.01199	0.01775	0.07486	0.30535	0.01177	0.03879	0.07848	0.01392	0.14339	0.01241	0.01418	0.00940	0.00548	0.00559	0.00157	0.02547	0.00477	0.00382	0.16767
29	0.01167	0.01000	0.01167	0.00834	0.01334	0.00750	0.00667	0.01417	0.01167	0.01834	0.01000	0.01167	0.00834	0.00417	0.00417	0.00083	0.00417	0.00333	0.00333	0.83663
30	0.00809	0.00583	0.00805	0.00805	0.00870	0.00649	0.00579	0.00941	0.00875	0.01232	0.01599	0.02717	0.01627	0.30344	0.52169	0.00781	0.01177	0.00677	0.00315	0.00447
31	0.00818	0.00557	0.00696	0.00699	0.00726	0.00583	0.00447	0.00863	0.00843	0.01151	0.01699	0.04873	0.01869	0.55182	0.22624	0.04099	0.00792	0.00765	0.00330	0.00382
32	0.84197	0.01088	0.00827	0.00740	0.01088	0.01262	0.00609	0.01654	0.00958	0.02525	0.00784	0.00914	0.00609	0.00522	0.00348	0.00174	0.00435	0.00305	0.00348	0.00609
33	0.00865	0.00650	0.00857	0.00860	0.00980	0.00703	0.00655	0.01179	0.09089	0.01521	0.07829	0.08124	0.08858	0.08506	0.36002	0.04345	0.00908	0.07141	0.00408	0.00519
34	0.00790	0.00575	0.00743	0.00701	0.00837	0.00528	0.00526	0.01050	0.01578	0.02221	0.72992	0.04262	0.08756	0.01164	0.00664	0.00178	0.00266	0.01026	0.00615	0.00528
35	0.01321	0.01263	0.02154	0.19958	0.60772	0.01318	0.01691	0.01664	0.01247	0.01751	0.01046	0.01416	0.00861	0.00515	0.00558	0.00172	0.00686	0.00501	0.00272	0.00833
36	0.01063	0.01000	0.01688	0.78870	0.03876	0.01250	0.01563	0.01438	0.01125	0.01438	0.01000	0.01500	0.00750	0.00563	0.00563	0.00188	0.00750	0.00500	0.00250	0.00625
37	0.02206	0.01186	0.01415	0.01109	0.01527	0.01199	0.00908	0.27208	0.10863	0.40865	0.04187	0.01815	0.01403	0.00711	0.00569	0.00174	0.00516	0.00568	0.00634	0.00936
38	0.01146	0.00840	0.01045	0.01064	0.01268	0.00884	0.00902	0.08168	0.15050	0.04059	0.02769	0.04969	0.04938	0.01303	0.00711	0.00234	0.00506	0.48971	0.00537	0.00637
39	0.02102	0.02682	0.01595	0.01450	0.01740	0.77963	0.01087	0.02247	0.01595	0.01377	0.00870	0.01015	0.00725	0.00580	0.00507	0.00145	0.01015	0.00362	0.00290	0.00652
40	0.01063	0.01000	0.01688	0.78870	0.03876	0.01250	0.01563	0.01438	0.01125	0.01438	0.01000	0.01500	0.00750	0.00563	0.00563	0.00188	0.00750	0.00500	0.00250	0.00625
41	0.02272	0.01014	0.02913	0.01121	0.05396	0.00850	0.00879	0.02508	0.01542	0.62889	0.03606	0.01851	0.01384	0.00666	0.00553	0.00165	0.00486	0.00547	0.00629	0.08728

[dist]
# distance from previous block
# <min> <max>
0	1

[block]
# block no. 4 follows, 42 sequences, length 35
# corresponding to MSA columns:
# 375-409
name=unknown_E
#
# <colnr> <probs for GDERKNQSTAVLIFYWHMCP>
#	G	D	E	R	K	N	Q	S	T	A	V	L	I	F	Y	W	H	M	C	P
0	0.47388	0.01290	0.01203	0.00981	0.01374	0.01453	0.00809	0.32455	0.01686	0.05062	0.01063	0.01126	0.00778	0.00592	0.00445	0.00172	0.00514	0.00397	0.00448	0.00765
1	0.01651	0.01042	0.01315	0.01123	0.07100	0.00901	0.00826	0.04835	0.06872	0.25199	0.02997	0.01552	0.01170	0.00560	0.00496	0.00131	0.00462	0.00461	0.00474	0.40834
2	0.01684	0.01763	0.01632	0.15627	0.03343	0.29943	0.02635	0.15944	0.04572	0.01859	0.01106	0.02814	0.00906	0.00814	0.03794	0.00204	0.09821	0.00483	0.00346	0.00708
3	0.01505	0.80561	0.02949	0.00963	0.01444	0.02227	0.00963	0.01685	0.01143	0.01324	0.00782	0.00903	0.00722	0.00481	0.00361	0.00120	0.00602	0.00301	0.00241	0.00722
4	0.01056	0.00910	0.01165	0.02695	0.01252	0.04760	0.08649	0.01339	0.07317	0.01517	0.01610	0.07555	0.01598	0.28570	0.09043	0.00363	0.00656	0.00687	0.03792	0.15465
5	0.00978	0.00489	0.00733	0.00733	0.00733	0.00489	0.00489	0.00733	0.00733	0.00978	0.00978	0.01711	0.00978	0.01955	0.02199	0.83627	0.00489	0.00489	0.00244	0.00244
6	0.00962	0.00496	0.00734	0.00734	0.00738	0.00501	0.00490	0.00749	0.00745	0.00997	0.01040	0.01832	0.01050	0.06036	0.05370	0.75971	0.00534	0.00510	0.00252	0.00260
7	0.07759	0.02819	0.08876	0.01387	0.09077	0.05206	0.04008	0.11143	0.04070	0.31744	0.03724	0.03472	0.01265	0.00662	0.00547	0.00171	0.00584	0.00543	0.00506	0.02438
8	0.01314	0.14412	0.41116	0.06714	0.02219	0.01407	0.06597	0.03916	0.03088	0.06745	0.01208	0.01546	0.00942	0.00607	0.00555	0.00176	0.01929	0.04413	0.00306	0.00789
9	0.01231	0.01231	0.01724	0.01477	0.01477	0.01724	0.01231	0.01354	0.00862	0.01354	0.00739	0.01231	0.00739	0.00985	0.01847	0.00246	0.79192	0.00492	0.00246	0.00616
10	0.01342	0.01446	0.04890	0.06582	0.07399	0.01360	0.54527	0.03481	0.01327	0.04332	0.01235	0.04796	0.00984	0.00564	0.00679	0.00190	0.03135	0.00665	0.00310	0.00756
11	0.01468	0.01371	0.09143	0.22581	0.11495	0.04268	0.13899	0.04472	0.03856	0.14491	0.01522	0.03745	0.03857	0.00636	0.00583	0.00181	0.00703	0.00586	0.00375	0.00768
12	0.01516	0.01494	0.08508	0.06205	0.09448	0.05545	0.01161	0.17281	0.34804	0.02350	0.01729	0.04651	0.01348	0.00713	0.00567	0.00182	0.00584	0.00589	0.00473	0.00853
13	0.01049	0.00525	0.00525	0.00525	0.00656	0.00525	0.00393	0.01311	0.01180	0.02098	0.01836	0.02098	0.01442	0.00656	0.00393	0.00131	0.00262	0.00525	0.83346	0.00525
14	0.77211	0.01163	0.00898	0.00792	0.01144	0.03615	0.00649	0.05682	0.01070	0.02546	0.00817	0.00941	0.00632	0.00533	0.00365	0.00173	0.00463	0.00318	0.00358	0.00630
15	0.84197	0.01088	0.00827	0.00740	0.01088	0.01262	0.00609	0.01654	0.00958	0.02525	0.00784	0.00914	0.00609	0.00522	0.00348	0.00174	0.00435	0.00305	0.00348	0.00609
16	0.01356	0.01483	0.12959	0.04496	0.03835	0.01367	0.06647	0.06727	0.46915	0.02215	0.01993	0.01951	0.04084	0.00711	0.00576	0.00187	0.00564	0.00608	0.00477	0.00850
17	0.00831	0.00589	0.00736	0.00726	0.00753	0.00635	0.00474	0.00890	0.00843	0.01159	0.01660	0.03191	0.01823	0.56748	0.22864	0.00629	0.03979	0.00748	0.00327	0.00395
18	0.00965	0.02554	0.00902	0.00835	0.01042	0.02158	0.00650	0.03516	0.18484	0.01869	0.13278	0.11181	0.30250	0.01225	0.00648	0.00197	0.00378	0.08729	0.00537	0.00603
19	0.01393	0.01337	0.02284	0.03454	0.76712	0.01337	0.01727	0.01727	0.01281	0.01839	0.01059	0.01393	0.00891	0.00501	0.00557	0.00167	0.00669	0.00501	0.00279	0.00891
20	0.00712	0.00567	0.00638	0.00630	0.00791	0.00494	0.00469	0.00895	0.01380	0.01773	0.30249	0.09071	0.47646	0.01348	0.00668	0.00188	0.00280	0.01151	0.00556	0.00494
21	0.01432	0.01313	0.02086	0.14113	0.51746	0.01401	0.01588	0.11199	0.01411	0.01974	0.01069	0.01393	0.00870	0.00562	0.00636	0.00175	0.05377	0.00501	0.00310	0.00844
22	0.06367	0.02796	0.72483	0.01550	0.02351	0.01304	0.01987	0.01774	0.01174	0.01829	0.00996	0.01171	0.00706	0.00534	0.00523	0.00178	0.00807	0.00409	0.00245	0.00818
23	0.01167	0.01000	0.01167	0.00834	0.01334	0.00750	0.00667	0.01417	0.01167	0.01834	0.01000	0.01167	0.00834	0.00417	0.00417	0.00083	0.00417	0.00333	0.00333	0.83663
24	0.01243	0.13547	0.51799	0.01456	0.03971	0.01406	0.01693	0.04702	0.04044	0.01816	0.01040	0.01192	0.00778	0.00529	0.00502	0.00161	0.00733	0.00406	0.00274	0.08709
25	0.20888	0.03179	0.01586	0.01785	0.23329	0.25809	0.01111	0.04292	0.01354	0.01914	0.03770	0.01241	0.00934	0.00556	0.00484	0.00156	0.00690	0.00416	0.00324	0.06184
26	0.01116	0.00865	0.01285	0.01411	0.15516	0.00880	0.03667	0.03162	0.03097	0.05676	0.01462	0.02142	0.01340	0.15591	0.32049	0.00522	0.00954	0.00594	0.00342	0.08329
27	0.17893	0.01386	0.03653	0.06986	0.26556	0.04546	0.01221	0.17231	0.06834	0.02325	0.01138	0.01314	0.00885	0.00565	0.00508	0.00167	0.00606	0.00456	0.00374	0.05356
28	0.04548	0.01431	0.07653	0.02728	0.51739	0.01324	0.03162	0.08833	0.02755	0.03832	0.01170	0.01497	0.00956	0.00553	0.00551	0.00169	0.00652	0.02269	0.00329	0.03849
29	0.06518	0.01382	0.06548	0.11627	0.38535	0.02972	0.08689	0.03455	0.03637	0.01865	0.01200	0.01480	0.02862	0.00542	0.00547	0.00168	0.00673	0.00508	0.00304	0.06489
30	0.20001	0.01335	0.05759	0.04114	0.27158	0.04385	0.03818	0.06606	0.01315	0.07020	0.01273	0.01449	0.03697	0.00568	0.00501	0.00164	0.00592	0.00470	0.02415	0.07359
31	0.04217	0.01260	0.01851	0.03781	0.36599	0.01286	0.03934	0.12356	0.09457	0.11864	0.04389	0.01627	0.01216	0.00604	0.00558	0.00170	0.00594	0.00540	0.00421	0.03275
32	0.16135	0.01529	0.07873	0.02171	0.32334	0.08234	0.06632	0.06854	0.04330	0.03986	0.01167	0.01494	0.00949	0.00580	0.00531	0.00174	0.00669	0.03220	0.00340	0.00798
33	0.07267	0.05467	0.07662	0.04526	0.23069	0.08774	0.04249	0.13984	0.09233	0.08454	0.01279	0.01403	0.00966	0.00585	0.00535	0.00169	0.00662	0.00485	0.00391	0.00838
34	0.04984	0.07179	0.13050	0.09282	0.22966	0.07015	0.01341	0.01917	0.11051	0.06858	0.03256	0.01625	0.03782	0.00612	0.00533	0.00169	0.00640	0.00511	0.00356	0.02875

[dist]
# distance from previous block
# <min> <max>
0	48

[block]
# block no. 5 follows, 42 sequences, length 12
# corresponding to MSA columns:
# 458-469
name=unknown_F
#
# <colnr> <probs for GDERKNQSTAVLIFYWHMCP>
#	G	D	E	R	K	N	Q	S	T	A	V	L	I	F	Y	W	H	M	C	P
0	0.15305	0.13188	0.07292	0.04726	0.11960	0.08861	0.01066	0.06180	0.04895	0.03502	0.03075	0.01878	0.05864	0.01804	0.00538	0.00172	0.00598	0.04955	0.00362	0.03781
1	0.06165	0.01285	0.04098	0.06782	0.20335	0.07427	0.03352	0.07249	0.04355	0.10458	0.03748	0.01851	0.05065	0.05090	0.03416	0.00214	0.02178	0.00555	0.00391	0.05985
2	0.11018	0.04027	0.06282	0.01358	0.08666	0.08501	0.05490	0.12302	0.04808	0.09546	0.03203	0.03875	0.03977	0.00641	0.00518	0.00158	0.00590	0.00521	0.00413	0.14108
3	0.19631	0.01411	0.03453	0.01480	0.08802	0.10645	0.13807	0.03300	0.07756	0.01981	0.01112	0.01314	0.00884	0.00627	0.02192	0.00176	0.03828	0.00454	0.02806	0.14342
4	0.11895	0.01532	0.07641	0.09605	0.12467	0.14037	0.01163	0.14374	0.01499	0.02079	0.03503	0.05917	0.01248	0.00710	0.00541	0.00173	0.00656	0.05316	0.00375	0.05269
5	0.12991	0.04888	0.03349	0.06075	0.10073	0.11832	0.09138	0.13373	0.06601	0.03525	0.05066	0.03009	0.01170	0.00720	0.02156	0.00189	0.04196	0.00524	0.00381	0.00745
6	0.08349	0.27929	0.07882	0.02631	0.04078	0.03250	0.02886	0.08454	0.07824	0.05982	0.03021	0.01473	0.04321	0.00597	0.00469	0.00149	0.00570	0.00452	0.00367	0.09317
7	0.01084	0.00751	0.00871	0.00806	0.01034	0.00706	0.00626	0.07319	0.06165	0.09474	0.10924	0.15126	0.30262	0.01225	0.00644	0.00191	0.00372	0.06760	0.00546	0.05114
8	0.04604	0.04417	0.01934	0.24254	0.09849	0.01297	0.16480	0.07844	0.07922	0.01831	0.01298	0.04204	0.01077	0.03682	0.06660	0.00251	0.00764	0.00586	0.00335	0.00709
9	0.03437	0.09688	0.01711	0.03060	0.14188	0.24922	0.01107	0.09331	0.07187	0.05125	0.01362	0.07662	0.01213	0.00732	0.00597	0.00170	0.04092	0.03302	0.00376	0.00739
10	0.00874	0.00584	0.00737	0.00748	0.00843	0.00575	0.00526	0.01003	0.04324	0.04425	0.04826	0.21269	0.16539	0.14539	0.12756	0.13003	0.00563	0.00978	0.00430	0.00458
11	0.00891	0.00810	0.04988	0.00958	0.06493	0.00699	0.00681	0.03894	0.04567	0.01648	0.10088	0.12514	0.26763	0.17963	0.01119	0.00268	0.00431	0.04221	0.00463	0.00539

[dist]
# distance from previous block
# <min> <max>
10	528

# created by:
# /home/cegg/simao/soft/augustus-3.2.1/scripts/msa2prfl.pl ./align_prep/EOG091G02ZI.fa
