[name]
unknown

[dist]
# distance from previous block
# <min> <max>
8	65

[block]
# block no. 0 follows, 49 sequences, length 11
# corresponding to MSA columns:
# 72-82
name=unknown_A
#
# <colnr> <probs for GDERKNQSTAVLIFYWHMCP>
#	G	D	E	R	K	N	Q	S	T	A	V	L	I	F	Y	W	H	M	C	P
0	0.00667	0.00513	0.00595	0.00576	0.00707	0.00457	0.00423	0.00838	0.01252	0.01655	0.40665	0.04203	0.36196	0.08124	0.00767	0.00193	0.00268	0.00964	0.00498	0.00441
1	0.01782	0.13269	0.01594	0.01209	0.01513	0.55267	0.00949	0.11095	0.06001	0.01518	0.00898	0.00992	0.00729	0.00529	0.00447	0.00132	0.00788	0.00348	0.00299	0.00641
2	0.01089	0.05336	0.10119	0.03385	0.04378	0.04485	0.14106	0.01401	0.05664	0.06884	0.01636	0.26423	0.01635	0.02441	0.00683	0.00182	0.07109	0.00774	0.00355	0.01916
3	0.01319	0.05698	0.06034	0.12232	0.01726	0.06008	0.06804	0.12147	0.01283	0.08305	0.03277	0.01287	0.00905	0.00585	0.00567	0.06073	0.00549	0.00415	0.00332	0.24452
4	0.03835	0.01019	0.04301	0.05555	0.01596	0.00940	0.12962	0.10980	0.01379	0.36453	0.01519	0.01558	0.01048	0.00792	0.05234	0.02655	0.00578	0.00499	0.06366	0.00734
5	0.00724	0.00527	0.00647	0.00634	0.00763	0.00482	0.00469	0.00943	0.03379	0.03644	0.44778	0.16393	0.22416	0.01162	0.00600	0.00170	0.00261	0.01016	0.00522	0.00472
6	0.01119	0.11341	0.12504	0.06130	0.14498	0.11816	0.06039	0.01381	0.01115	0.01425	0.05100	0.11354	0.04509	0.00948	0.07098	0.00210	0.01922	0.00587	0.00293	0.00612
7	0.08513	0.07080	0.14259	0.21007	0.16148	0.05432	0.07929	0.04384	0.04641	0.04497	0.00988	0.01214	0.00754	0.00494	0.00477	0.00156	0.00641	0.00424	0.00277	0.00684
8	0.01151	0.01067	0.04492	0.33888	0.11800	0.01134	0.05248	0.11659	0.05534	0.03716	0.01549	0.01763	0.10229	0.00630	0.00568	0.00166	0.03895	0.00538	0.00323	0.00649
9	0.01479	0.00853	0.06417	0.00813	0.01113	0.00688	0.00699	0.05119	0.01411	0.36154	0.25317	0.02553	0.08933	0.00792	0.00532	0.00156	0.00374	0.00665	0.05252	0.00678
10	0.02612	0.04207	0.15735	0.08385	0.10548	0.07948	0.11840	0.11476	0.01354	0.12898	0.04615	0.03885	0.01062	0.00570	0.00509	0.00157	0.00635	0.00498	0.00350	0.00716

[dist]
# distance from previous block
# <min> <max>
6	10

[block]
# block no. 1 follows, 49 sequences, length 22
# corresponding to MSA columns:
# 94-115
name=unknown_B
#
# <colnr> <probs for GDERKNQSTAVLIFYWHMCP>
#	G	D	E	R	K	N	Q	S	T	A	V	L	I	F	Y	W	H	M	C	P
0	0.00861	0.03359	0.00915	0.00780	0.00947	0.04867	0.05074	0.01072	0.01312	0.04306	0.46151	0.12667	0.11190	0.01026	0.00582	0.00164	0.00342	0.02377	0.00490	0.01518
1	0.03032	0.01233	0.04234	0.05356	0.28768	0.02785	0.03180	0.15356	0.16532	0.01998	0.03738	0.01422	0.01059	0.00563	0.00548	0.00155	0.04003	0.00477	0.00359	0.05200
2	0.16561	0.12474	0.09314	0.01577	0.24303	0.08804	0.02005	0.01552	0.01117	0.04986	0.03626	0.01315	0.04314	0.00520	0.00438	0.00142	0.00554	0.00412	0.00293	0.05693
3	0.02214	0.13146	0.14481	0.01234	0.04976	0.12307	0.08937	0.02386	0.01200	0.11916	0.06369	0.07022	0.02746	0.00630	0.00525	0.00149	0.03315	0.00518	0.00337	0.05592
4	0.01075	0.00975	0.04787	0.02565	0.01161	0.11496	0.05249	0.01172	0.01021	0.05379	0.11531	0.01917	0.05213	0.01468	0.12319	0.24603	0.06750	0.00542	0.00313	0.00465
5	0.01184	0.01419	0.10589	0.05918	0.13778	0.08513	0.29422	0.01644	0.08784	0.01590	0.01261	0.05424	0.01078	0.00644	0.01886	0.00179	0.00713	0.05005	0.00298	0.00674
6	0.01393	0.00754	0.01005	0.04457	0.04976	0.00687	0.00693	0.01643	0.04911	0.32120	0.10842	0.15578	0.08726	0.00854	0.00536	0.00159	0.00383	0.00736	0.00504	0.09043
7	0.01857	0.05067	0.08814	0.01030	0.01421	0.00947	0.04512	0.06311	0.01390	0.50180	0.07013	0.01676	0.01329	0.00636	0.00575	0.00159	0.05274	0.00510	0.00513	0.00786
8	0.01009	0.00527	0.00816	0.00758	0.00825	0.00514	0.03888	0.00894	0.00784	0.08720	0.01118	0.05785	0.01058	0.01674	0.05424	0.64602	0.00493	0.00510	0.00277	0.00325
9	0.00856	0.00580	0.00745	0.00762	0.00881	0.00555	0.02180	0.01109	0.09289	0.08934	0.02868	0.52893	0.12353	0.02663	0.00643	0.00197	0.00329	0.01179	0.00482	0.00502
10	0.00761	0.00545	0.00768	0.00943	0.08513	0.00519	0.00589	0.00883	0.01015	0.04687	0.05108	0.59332	0.05380	0.03657	0.04564	0.00232	0.00384	0.01208	0.00443	0.00471
11	0.01184	0.01188	0.01755	0.37301	0.38051	0.08985	0.01430	0.01483	0.01117	0.01452	0.00911	0.01261	0.00730	0.00482	0.00498	0.00156	0.00664	0.00438	0.00240	0.00674
12	0.06362	0.00830	0.01074	0.00849	0.01191	0.00751	0.00693	0.05352	0.01446	0.58557	0.13336	0.02041	0.03817	0.00695	0.00514	0.00157	0.00401	0.00569	0.00590	0.00776
13	0.00671	0.00515	0.00617	0.00620	0.00742	0.00468	0.00454	0.00875	0.03320	0.01663	0.37086	0.19975	0.28712	0.01217	0.00605	0.00173	0.00260	0.01062	0.00509	0.00456
14	0.12568	0.01137	0.01343	0.05846	0.01561	0.01278	0.07747	0.16957	0.39440	0.02236	0.01567	0.01637	0.01192	0.00627	0.00498	0.00167	0.00489	0.02520	0.00444	0.00745
15	0.00796	0.00507	0.00610	0.00638	0.00708	0.00517	0.00459	0.00953	0.01023	0.01560	0.09639	0.27770	0.02395	0.09835	0.00796	0.00201	0.04546	0.04526	0.32083	0.00439
16	0.00708	0.00590	0.00630	0.00635	0.00802	0.00554	0.00480	0.01025	0.12231	0.01474	0.04253	0.13834	0.54056	0.01239	0.00597	0.00179	0.00294	0.05464	0.00476	0.00481
17	0.01352	0.82533	0.02650	0.00865	0.01298	0.02001	0.00865	0.01514	0.01027	0.01190	0.00703	0.00811	0.00649	0.00433	0.00324	0.00108	0.00541	0.00270	0.00216	0.00649
18	0.00676	0.00485	0.00629	0.00725	0.00772	0.00464	0.00492	0.04222	0.01033	0.01378	0.02715	0.78197	0.03231	0.01539	0.00639	0.00203	0.00305	0.01392	0.00471	0.00431
19	0.01324	0.01119	0.01180	0.01042	0.01340	0.01288	0.00816	0.10080	0.70661	0.02221	0.01975	0.01820	0.01476	0.00678	0.00514	0.00170	0.00416	0.00560	0.00514	0.00806
20	0.01437	0.01159	0.01232	0.01058	0.01374	0.01319	0.00837	0.20236	0.58606	0.04126	0.01858	0.01725	0.01376	0.00666	0.00512	0.00167	0.00438	0.00543	0.00515	0.00816
21	0.00616	0.00440	0.00587	0.00704	0.00733	0.00411	0.00469	0.00704	0.00968	0.01291	0.02787	0.81899	0.03344	0.01584	0.00645	0.00205	0.00293	0.01438	0.00469	0.00411

[dist]
# distance from previous block
# <min> <max>
0	4

[block]
# block no. 2 follows, 49 sequences, length 23
# corresponding to MSA columns:
# 120-142
name=unknown_C
#
# <colnr> <probs for GDERKNQSTAVLIFYWHMCP>
#	G	D	E	R	K	N	Q	S	T	A	V	L	I	F	Y	W	H	M	C	P
0	0.12533	0.03284	0.01334	0.01153	0.07555	0.08158	0.00863	0.27476	0.01651	0.23621	0.06350	0.01437	0.01154	0.00598	0.00479	0.00151	0.00515	0.00460	0.00468	0.00761
1	0.73483	0.01049	0.00805	0.00716	0.01019	0.05657	0.00582	0.03980	0.00975	0.02226	0.05075	0.01004	0.00799	0.00508	0.00343	0.00155	0.00418	0.00318	0.00330	0.00556
2	0.08122	0.64484	0.04022	0.00897	0.01308	0.06220	0.00864	0.01618	0.06065	0.01348	0.00800	0.00893	0.00699	0.00458	0.00347	0.00119	0.00545	0.00296	0.00246	0.00649
3	0.01303	0.70932	0.13821	0.00949	0.01427	0.01881	0.01011	0.01527	0.01033	0.01249	0.00733	0.00848	0.00648	0.00440	0.00347	0.00116	0.00571	0.00285	0.00216	0.00663
4	0.01307	0.01093	0.01152	0.01019	0.01310	0.01255	0.00798	0.09603	0.68006	0.02206	0.01963	0.01824	0.01470	0.00675	0.00507	0.00168	0.00408	0.00557	0.03887	0.00793
5	0.01253	0.01109	0.08903	0.03934	0.01363	0.02222	0.00806	0.12869	0.02937	0.08654	0.02224	0.01468	0.00993	0.09086	0.02198	0.02777	0.01846	0.00426	0.00352	0.34578
6	0.02945	0.06655	0.07748	0.01204	0.05822	0.01378	0.00996	0.42666	0.09474	0.11214	0.02682	0.01352	0.01009	0.00592	0.00489	0.00152	0.00530	0.00460	0.01823	0.00810
7	0.01679	0.08452	0.01495	0.01300	0.06249	0.52373	0.00953	0.06848	0.08222	0.01471	0.01177	0.01258	0.05250	0.00574	0.00465	0.00137	0.00757	0.00402	0.00307	0.00632
8	0.00673	0.00515	0.00616	0.00591	0.00729	0.00459	0.00443	0.00871	0.01330	0.01787	0.52007	0.04173	0.31722	0.01124	0.00597	0.00163	0.00245	0.00970	0.00525	0.00459
9	0.01257	0.03435	0.14708	0.11473	0.09103	0.04706	0.13347	0.05092	0.02468	0.09307	0.04352	0.01484	0.01014	0.04601	0.01546	0.00188	0.09621	0.00492	0.01139	0.00666
10	0.01016	0.01290	0.17272	0.55550	0.03047	0.01159	0.05824	0.03376	0.03863	0.01451	0.00958	0.01309	0.00709	0.00505	0.00506	0.00167	0.00686	0.00447	0.00242	0.00622
11	0.00616	0.00442	0.00584	0.00698	0.00732	0.00411	0.00467	0.00705	0.00974	0.01293	0.02860	0.79496	0.05701	0.01575	0.00644	0.00204	0.00292	0.01426	0.00469	0.00411
12	0.00976	0.00513	0.00517	0.00505	0.00635	0.00522	0.00382	0.03047	0.03451	0.01923	0.01652	0.01869	0.01293	0.00593	0.00362	0.00120	0.00248	0.00474	0.80428	0.00491
13	0.01109	0.00873	0.01267	0.01255	0.10731	0.02510	0.08847	0.05198	0.03887	0.08070	0.01694	0.07661	0.05233	0.14186	0.09888	0.00298	0.07648	0.06004	0.03070	0.00573
14	0.01205	0.01147	0.01916	0.15290	0.62665	0.01192	0.01485	0.01576	0.05557	0.01622	0.01007	0.01303	0.00824	0.00473	0.00502	0.00154	0.00601	0.00457	0.00261	0.00763
15	0.02256	0.00882	0.01186	0.00910	0.01301	0.00774	0.00751	0.05289	0.01482	0.76550	0.01966	0.01702	0.01237	0.00625	0.00508	0.00156	0.00435	0.00507	0.00621	0.00861
16	0.01541	0.00901	0.01159	0.02184	0.11028	0.01931	0.00795	0.10142	0.07411	0.30205	0.13081	0.02221	0.09390	0.00764	0.01500	0.00164	0.00432	0.00610	0.03818	0.00722
17	0.01396	0.01474	0.01586	0.05338	0.11091	0.25012	0.08713	0.09568	0.03213	0.01537	0.00987	0.01322	0.00844	0.04494	0.08965	0.00242	0.12857	0.00452	0.00287	0.00624
18	0.01146	0.00896	0.01059	0.00761	0.01206	0.00680	0.00611	0.01369	0.01080	0.07868	0.00986	0.01102	0.00789	0.00395	0.00385	0.00081	0.00379	0.00316	0.00326	0.78566
19	0.00649	0.00506	0.00578	0.00594	0.00718	0.00450	0.00437	0.00791	0.01153	0.01471	0.19383	0.14956	0.42757	0.07479	0.00762	0.00202	0.00289	0.05924	0.00475	0.00428
20	0.10053	0.12290	0.03554	0.27971	0.04911	0.01267	0.03163	0.15256	0.01264	0.01809	0.00915	0.01140	0.00709	0.00486	0.00443	0.00141	0.00564	0.00387	0.00297	0.13380
21	0.01136	0.08727	0.22018	0.02325	0.11048	0.03369	0.08240	0.06018	0.04206	0.03553	0.08957	0.05897	0.01351	0.00866	0.06761	0.00206	0.01661	0.00534	0.00318	0.02808
22	0.01333	0.37671	0.06279	0.02526	0.04965	0.02809	0.07110	0.07591	0.02591	0.06572	0.01077	0.07000	0.00952	0.00641	0.02125	0.00153	0.04119	0.00450	0.00300	0.03736

[dist]
# distance from previous block
# <min> <max>
3	17

[block]
# block no. 3 follows, 49 sequences, length 24
# corresponding to MSA columns:
# 160-183
name=unknown_D
#
# <colnr> <probs for GDERKNQSTAVLIFYWHMCP>
#	G	D	E	R	K	N	Q	S	T	A	V	L	I	F	Y	W	H	M	C	P
0	0.26903	0.07956	0.03804	0.03422	0.08901	0.07427	0.02816	0.05887	0.02705	0.01809	0.00898	0.02658	0.00752	0.00535	0.00524	0.00146	0.08415	0.00376	0.02298	0.11768
1	0.00631	0.00489	0.00573	0.00612	0.00720	0.00435	0.00440	0.00762	0.01121	0.01434	0.15068	0.31689	0.37423	0.03057	0.00659	0.00190	0.00278	0.03512	0.00479	0.00427
2	0.01208	0.01166	0.03854	0.08417	0.01681	0.01348	0.08377	0.06035	0.34497	0.01770	0.01361	0.01496	0.01066	0.00693	0.00859	0.00184	0.24409	0.00513	0.00367	0.00696
3	0.01167	0.00971	0.01037	0.00940	0.01193	0.01104	0.00728	0.02363	0.63084	0.02088	0.11662	0.02124	0.01931	0.00723	0.00513	0.00166	0.00368	0.00608	0.06490	0.00737
4	0.30355	0.00900	0.01029	0.00821	0.01186	0.00875	0.00677	0.02136	0.01250	0.53482	0.01561	0.01419	0.01015	0.00573	0.00443	0.00156	0.00417	0.00430	0.00521	0.00755
5	0.02241	0.00906	0.01202	0.00921	0.01313	0.00810	0.00761	0.08565	0.01523	0.73217	0.01931	0.01680	0.01220	0.00624	0.00508	0.00156	0.00441	0.00504	0.00616	0.00861
6	0.00716	0.00517	0.00676	0.00636	0.00755	0.00477	0.00477	0.00954	0.01431	0.02028	0.78808	0.03777	0.04771	0.01034	0.00596	0.00159	0.00239	0.00914	0.00557	0.00477
7	0.00925	0.00477	0.00499	0.00499	0.00615	0.00484	0.00376	0.01156	0.01040	0.01827	0.01626	0.01893	0.01293	0.00850	0.06857	0.00174	0.00327	0.00477	0.78134	0.00470
8	0.00707	0.00517	0.00665	0.00628	0.00750	0.00474	0.00471	0.00938	0.01412	0.01982	0.73693	0.03853	0.09914	0.01051	0.00596	0.00160	0.00240	0.00925	0.00551	0.00474
9	0.00724	0.00536	0.00783	0.00783	0.00863	0.00616	0.00595	0.00884	0.00804	0.01152	0.01381	0.02136	0.01329	0.12661	0.71445	0.00776	0.01257	0.00564	0.00275	0.00435
10	0.01106	0.00959	0.01208	0.00867	0.01319	0.00765	0.05938	0.05437	0.01131	0.01730	0.00925	0.01079	0.00756	0.00391	0.00397	0.00086	0.00418	0.00329	0.00308	0.74852
11	0.01937	0.01197	0.03976	0.01029	0.01405	0.07862	0.00868	0.24271	0.01672	0.38970	0.01647	0.01784	0.01184	0.00662	0.00514	0.00157	0.00521	0.06586	0.00522	0.03237
12	0.01010	0.00925	0.01515	0.67766	0.08449	0.01118	0.01363	0.04618	0.01089	0.01412	0.01014	0.01576	0.00814	0.00555	0.00516	0.00170	0.00652	0.04600	0.00252	0.00586
13	0.00883	0.00553	0.00709	0.00649	0.00794	0.00504	0.00486	0.01089	0.01354	0.10640	0.57908	0.03594	0.10096	0.07618	0.00748	0.00187	0.00282	0.00866	0.00537	0.00503
14	0.01364	0.01074	0.06122	0.06600	0.17598	0.02741	0.08078	0.01694	0.04522	0.19693	0.07654	0.03380	0.01317	0.00578	0.00498	0.00147	0.00512	0.00519	0.05592	0.10317
15	0.01336	0.74362	0.03902	0.00892	0.01306	0.04284	0.00880	0.01502	0.01037	0.01204	0.00824	0.00933	0.02705	0.00471	0.00374	0.00114	0.02710	0.00299	0.00224	0.00640
16	0.02144	0.00852	0.01130	0.00875	0.01245	0.00756	0.00720	0.05594	0.01455	0.69688	0.01933	0.01713	0.01239	0.00622	0.00496	0.00153	0.00420	0.00503	0.07635	0.00828
17	0.00900	0.00641	0.00882	0.00872	0.04916	0.00622	0.02570	0.02851	0.01276	0.07703	0.35459	0.03432	0.15815	0.01355	0.10443	0.00248	0.02118	0.06897	0.00473	0.00526
18	0.01357	0.09298	0.07143	0.09456	0.28731	0.05459	0.02859	0.12597	0.07105	0.05105	0.01172	0.05401	0.00969	0.00565	0.00492	0.00153	0.00589	0.00487	0.00327	0.00736
19	0.03199	0.00904	0.01138	0.00959	0.02488	0.00916	0.04323	0.12723	0.14362	0.25713	0.01940	0.02042	0.07561	0.07794	0.05718	0.02646	0.00507	0.00573	0.03799	0.00693
20	0.00670	0.00519	0.00614	0.00707	0.00757	0.03044	0.00482	0.00763	0.00993	0.01286	0.02855	0.65662	0.09695	0.05904	0.00742	0.00216	0.00327	0.03897	0.00454	0.00414
21	0.01297	0.02981	0.14310	0.03943	0.47222	0.10223	0.05804	0.03660	0.02781	0.01631	0.00953	0.01196	0.00768	0.00472	0.00495	0.00151	0.00669	0.00432	0.00257	0.00756
22	0.01511	0.04092	0.05191	0.05413	0.19118	0.03705	0.14957	0.06183	0.06924	0.21693	0.01397	0.05230	0.01066	0.00577	0.00520	0.00159	0.00589	0.00534	0.00388	0.00753
23	0.01163	0.00699	0.00879	0.06368	0.01147	0.03233	0.00665	0.04218	0.01190	0.20428	0.03437	0.33802	0.07150	0.01206	0.03086	0.00203	0.00428	0.07655	0.02479	0.00563

[dist]
# distance from previous block
# <min> <max>
1	3

[block]
# block no. 4 follows, 49 sequences, length 67
# corresponding to MSA columns:
# 188-245,270-278
name=unknown_E
#
# <colnr> <probs for GDERKNQSTAVLIFYWHMCP>
#	G	D	E	R	K	N	Q	S	T	A	V	L	I	F	Y	W	H	M	C	P
0	0.02721	0.07309	0.07984	0.01244	0.07342	0.02779	0.08177	0.22983	0.04055	0.07424	0.03505	0.01413	0.01031	0.00571	0.00515	0.00147	0.03652	0.00463	0.14376	0.02310
1	0.03705	0.17120	0.06725	0.07689	0.17894	0.12607	0.04441	0.12716	0.03005	0.03382	0.00938	0.01118	0.00749	0.00520	0.00527	0.00147	0.05321	0.00399	0.00293	0.00703
2	0.00633	0.00505	0.00561	0.00573	0.00708	0.00441	0.00421	0.00772	0.01160	0.01460	0.17425	0.14866	0.50600	0.04553	0.00687	0.00188	0.00274	0.03265	0.00478	0.00430
3	0.03103	0.01091	0.01262	0.01055	0.06695	0.05841	0.03603	0.11716	0.01268	0.03453	0.01011	0.03233	0.00837	0.00462	0.00423	0.00105	0.00466	0.00378	0.00332	0.53668
4	0.00692	0.00530	0.00662	0.03711	0.00841	0.00488	0.00487	0.00903	0.01336	0.01812	0.54971	0.03991	0.25552	0.01083	0.00593	0.00163	0.00260	0.00940	0.00519	0.00466
5	0.02269	0.00861	0.01174	0.00900	0.01291	0.00743	0.00743	0.02464	0.01447	0.79425	0.01995	0.01721	0.01252	0.00626	0.00509	0.00156	0.00430	0.00509	0.00626	0.00861
6	0.01914	0.01266	0.01404	0.01094	0.01482	0.01365	0.00898	0.53501	0.11092	0.18438	0.01471	0.01395	0.01019	0.00620	0.00507	0.00155	0.00513	0.00480	0.00531	0.00853
7	0.00803	0.00580	0.00738	0.00695	0.00821	0.00529	0.00515	0.01017	0.01479	0.02098	0.77872	0.03857	0.04798	0.01082	0.00631	0.00174	0.00270	0.00935	0.00582	0.00522
8	0.05554	0.00947	0.01227	0.00957	0.01349	0.00840	0.00779	0.05498	0.01510	0.72416	0.01983	0.01773	0.01281	0.00673	0.00536	0.00172	0.00463	0.00523	0.00633	0.00888
9	0.11523	0.01101	0.01181	0.01021	0.01344	0.01195	0.00802	0.06959	0.47399	0.18633	0.01904	0.01791	0.01393	0.00696	0.00524	0.00180	0.00444	0.00542	0.00539	0.00827
10	0.74553	0.10907	0.01035	0.00748	0.01080	0.01283	0.00623	0.01545	0.00936	0.02206	0.00790	0.00939	0.00642	0.00521	0.00352	0.00166	0.00438	0.00302	0.00329	0.00603
11	0.00823	0.00554	0.00615	0.00612	0.00620	0.00542	0.00347	0.00801	0.00792	0.01065	0.01668	0.03395	0.01903	0.81215	0.02582	0.00501	0.00518	0.00758	0.00335	0.00353
12	0.01132	0.00957	0.01106	0.00807	0.01259	0.00724	0.00636	0.01332	0.01101	0.01723	0.00983	0.01164	0.00828	0.00432	0.00412	0.00091	0.00404	0.00328	0.00328	0.84254
13	0.02019	0.03212	0.01433	0.01118	0.01497	0.07503	0.00902	0.35617	0.10437	0.28172	0.01600	0.01537	0.01122	0.00665	0.00535	0.00168	0.00552	0.00498	0.00546	0.00867
14	0.74664	0.01021	0.00857	0.00752	0.01079	0.01130	0.00609	0.01660	0.00987	0.11676	0.00947	0.01049	0.00715	0.00544	0.00375	0.00172	0.00425	0.00331	0.00379	0.00629
15	0.01325	0.01332	0.02634	0.01931	0.02391	0.01262	0.60807	0.08736	0.01344	0.03871	0.01293	0.08061	0.01079	0.00600	0.00624	0.00186	0.00791	0.00675	0.00335	0.00723
16	0.00883	0.00698	0.00846	0.00824	0.00962	0.00776	0.00616	0.01436	0.25848	0.01525	0.06118	0.12023	0.03449	0.12081	0.27597	0.00432	0.00709	0.02234	0.00402	0.00542
17	0.05851	0.00972	0.01088	0.00824	0.01207	0.02397	0.00662	0.08984	0.01167	0.02940	0.00984	0.02593	0.00819	0.00473	0.00474	0.00103	0.05537	0.00355	0.03748	0.58820
18	0.00632	0.00458	0.00606	0.00705	0.00749	0.00436	0.00484	0.00732	0.00967	0.01286	0.02781	0.67164	0.07517	0.03481	0.06955	0.00258	0.00384	0.03540	0.00450	0.00414
19	0.03729	0.14541	0.22131	0.04282	0.21976	0.03675	0.07459	0.06590	0.01165	0.01633	0.00891	0.01107	0.00711	0.00493	0.00537	0.00151	0.05589	0.00401	0.00254	0.02686
20	0.01316	0.01116	0.01375	0.01146	0.01468	0.01231	0.10115	0.10776	0.53447	0.04442	0.02982	0.01906	0.04997	0.00676	0.00528	0.00169	0.00465	0.00587	0.00484	0.00773
21	0.00968	0.00913	0.01541	0.77472	0.06919	0.01127	0.01411	0.01304	0.01017	0.01308	0.00901	0.01344	0.00680	0.00503	0.00505	0.00168	0.00671	0.00449	0.00226	0.00573
22	0.00618	0.00444	0.00587	0.00698	0.00733	0.00413	0.00467	0.00710	0.00983	0.01308	0.04387	0.78228	0.05424	0.01565	0.00643	0.00203	0.00291	0.01417	0.00471	0.00413
23	0.02879	0.11444	0.27492	0.07043	0.09732	0.02777	0.13729	0.01607	0.02394	0.08608	0.01149	0.06861	0.00939	0.00559	0.00495	0.00157	0.00650	0.00498	0.00289	0.00698
24	0.01048	0.08861	0.70449	0.01424	0.02137	0.01244	0.04836	0.01595	0.01070	0.01570	0.00896	0.01059	0.00646	0.00474	0.00473	0.00156	0.00735	0.00375	0.00215	0.00737
25	0.00631	0.00514	0.00559	0.00548	0.00704	0.00441	0.00411	0.00791	0.01232	0.01555	0.26148	0.04556	0.57726	0.01210	0.00597	0.00167	0.00251	0.01024	0.00494	0.00441
26	0.01125	0.01319	0.15498	0.27728	0.20794	0.01150	0.04936	0.08844	0.03832	0.01661	0.01138	0.07627	0.00961	0.00585	0.00516	0.00164	0.00627	0.00526	0.00287	0.00683
27	0.02980	0.07666	0.01085	0.02452	0.01064	0.00761	0.06926	0.01061	0.01009	0.04343	0.07951	0.13740	0.07074	0.11190	0.15203	0.02639	0.02287	0.07447	0.02639	0.00483
28	0.05305	0.00812	0.01067	0.00837	0.01187	0.00720	0.00686	0.02236	0.01386	0.65540	0.05158	0.01789	0.01378	0.00633	0.00489	0.00153	0.00402	0.00513	0.08915	0.00794
29	0.07394	0.00548	0.00650	0.00623	0.00760	0.00517	0.00468	0.00945	0.01314	0.01897	0.56401	0.08613	0.15900	0.01062	0.00577	0.00164	0.00257	0.00921	0.00518	0.00471
30	0.05700	0.11524	0.34249	0.01429	0.07351	0.01208	0.11405	0.03678	0.01161	0.12902	0.01125	0.04124	0.00858	0.00529	0.00481	0.00155	0.00640	0.00452	0.00304	0.00727
31	0.01443	0.23714	0.02994	0.01186	0.05108	0.09981	0.07148	0.16845	0.01360	0.07180	0.01151	0.06078	0.00989	0.00976	0.10143	0.00224	0.02001	0.00474	0.00335	0.00671
32	0.79148	0.07403	0.00893	0.00681	0.01003	0.01203	0.00573	0.01489	0.00874	0.02184	0.00704	0.00821	0.00556	0.00467	0.00314	0.00153	0.00403	0.00274	0.00305	0.00556
33	0.02081	0.00819	0.01113	0.00868	0.01226	0.00711	0.00711	0.02282	0.01445	0.70056	0.11293	0.01970	0.01678	0.00675	0.00519	0.00157	0.00407	0.00558	0.00617	0.00814
34	0.01445	0.16641	0.03831	0.08042	0.12102	0.03570	0.03050	0.18653	0.20779	0.04998	0.01273	0.01335	0.00970	0.00555	0.00473	0.00150	0.00548	0.00449	0.00379	0.00757
35	0.01014	0.02616	0.79609	0.01441	0.02189	0.01174	0.01868	0.01601	0.01068	0.01601	0.00907	0.01068	0.00641	0.00480	0.00480	0.00160	0.00747	0.00374	0.00214	0.00747
36	0.00603	0.00512	0.00519	0.00517	0.00686	0.00429	0.00388	0.00735	0.01164	0.01394	0.08237	0.04820	0.75737	0.01270	0.00598	0.00170	0.00255	0.01061	0.00473	0.00429
37	0.01352	0.82533	0.02650	0.00865	0.01298	0.02001	0.00865	0.01514	0.01027	0.01190	0.00703	0.00811	0.00649	0.00433	0.00324	0.00108	0.00541	0.00270	0.00216	0.00649
38	0.00627	0.00513	0.00553	0.00543	0.00701	0.00439	0.00407	0.00782	0.01221	0.01530	0.23335	0.04597	0.60555	0.01220	0.00597	0.00168	0.00252	0.01029	0.00491	0.00439
39	0.00716	0.00517	0.00676	0.00636	0.00755	0.00477	0.00477	0.00954	0.01431	0.02028	0.78808	0.03777	0.04771	0.01034	0.00596	0.00159	0.00239	0.00914	0.00557	0.00477
40	0.00605	0.00506	0.00527	0.00536	0.00691	0.00428	0.00397	0.00736	0.01151	0.01394	0.08785	0.11566	0.68356	0.01294	0.00602	0.00173	0.00258	0.01092	0.00474	0.00428
41	0.01653	0.31965	0.04285	0.01120	0.01479	0.36526	0.00957	0.11820	0.03181	0.01510	0.00843	0.00942	0.00699	0.00502	0.00416	0.00127	0.00710	0.00330	0.00281	0.00656
42	0.00955	0.00899	0.01517	0.81013	0.03483	0.01123	0.01404	0.01292	0.01011	0.01292	0.00899	0.01348	0.00674	0.00506	0.00506	0.00169	0.00674	0.00449	0.00225	0.00562
43	0.03013	0.02964	0.02721	0.02753	0.04759	0.03672	0.06540	0.26613	0.21959	0.03531	0.01424	0.01508	0.01079	0.00599	0.00503	0.00153	0.01646	0.01477	0.09065	0.04021
44	0.00715	0.00517	0.00716	0.00777	0.00826	0.00521	0.01731	0.00817	0.00966	0.03582	0.02519	0.67461	0.02954	0.03095	0.03715	0.00233	0.05669	0.02304	0.00444	0.00438
45	0.01339	0.00655	0.00876	0.00742	0.00970	0.00584	0.00584	0.01560	0.01438	0.33079	0.47991	0.02952	0.03359	0.00870	0.00561	0.00158	0.00315	0.00752	0.00584	0.00631
46	0.00685	0.00530	0.00731	0.00902	0.06927	0.00513	0.00576	0.00798	0.00999	0.01330	0.02780	0.64188	0.09635	0.01442	0.00661	0.00199	0.02702	0.03508	0.00445	0.00449
47	0.06298	0.01269	0.02722	0.05645	0.06752	0.13364	0.00915	0.07926	0.32370	0.06732	0.04719	0.01833	0.01376	0.00666	0.00505	0.00163	0.00526	0.05078	0.00429	0.00713
48	0.51120	0.07588	0.01243	0.00988	0.03330	0.08525	0.04971	0.03022	0.00971	0.01910	0.00740	0.00918	0.00606	0.00528	0.00537	0.00160	0.11648	0.00328	0.00287	0.00580
49	0.01302	0.17055	0.09197	0.05108	0.08026	0.15919	0.26290	0.01601	0.01164	0.01430	0.00977	0.03376	0.00834	0.00526	0.00532	0.00153	0.03102	0.02503	0.00254	0.00651
50	0.00878	0.00439	0.00659	0.00659	0.00659	0.00439	0.00439	0.00659	0.00659	0.00878	0.00878	0.01537	0.00878	0.01757	0.01976	0.85288	0.00439	0.00439	0.00220	0.00220
51	0.04381	0.01831	0.39541	0.06088	0.15478	0.01136	0.10674	0.03619	0.01138	0.05057	0.01146	0.03682	0.02898	0.00534	0.00503	0.00161	0.00671	0.00473	0.00270	0.00720
52	0.11032	0.02614	0.24141	0.02536	0.07944	0.01011	0.07135	0.01759	0.05142	0.20775	0.03799	0.07478	0.01184	0.00619	0.00495	0.00162	0.00553	0.00526	0.00378	0.00716
53	0.00649	0.00467	0.00618	0.00702	0.00759	0.00436	0.00493	0.00778	0.01078	0.01453	0.17644	0.58982	0.05752	0.01455	0.00638	0.00197	0.00294	0.06689	0.00486	0.00428
54	0.00735	0.00552	0.00805	0.00799	0.00877	0.00643	0.00610	0.00894	0.00803	0.01154	0.01361	0.02104	0.01309	0.12195	0.69576	0.00761	0.03548	0.00560	0.00273	0.00439
55	0.01332	0.29226	0.21774	0.01531	0.14393	0.12047	0.06280	0.03142	0.01153	0.02500	0.00854	0.01022	0.00692	0.00471	0.00451	0.00138	0.01689	0.00364	0.00241	0.00698
56	0.01039	0.04967	0.71213	0.01478	0.02197	0.01208	0.07775	0.01600	0.01076	0.01590	0.00910	0.01083	0.00651	0.00475	0.00485	0.00159	0.00749	0.00388	0.00217	0.00739
57	0.00655	0.00511	0.00597	0.00616	0.00736	0.00462	0.00446	0.00843	0.03539	0.01550	0.24660	0.25889	0.35110	0.01279	0.00608	0.00177	0.00266	0.01113	0.00495	0.00448
58	0.01196	0.00989	0.01432	0.19625	0.21484	0.03280	0.04010	0.07473	0.06197	0.05660	0.09057	0.03458	0.01358	0.00607	0.00514	0.00155	0.01481	0.00535	0.10831	0.00659
59	0.01338	0.01327	0.15558	0.01583	0.08556	0.01023	0.26660	0.04587	0.01236	0.18048	0.01476	0.12227	0.01239	0.00660	0.00554	0.00169	0.00630	0.02052	0.00368	0.00708
60	0.00893	0.00581	0.00736	0.00776	0.00888	0.00576	0.00624	0.03304	0.01100	0.04764	0.02370	0.04382	0.06401	0.20138	0.01080	0.00272	0.00436	0.40585	0.09638	0.00455
61	0.01033	0.00975	0.01647	0.56190	0.25200	0.01127	0.01420	0.01357	0.01064	0.01417	0.03200	0.01392	0.00831	0.00505	0.00507	0.00163	0.00640	0.00463	0.00242	0.00628
62	0.01191	0.04098	0.31037	0.09882	0.22639	0.01187	0.06788	0.05179	0.01181	0.05553	0.03998	0.01303	0.00897	0.00513	0.00525	0.00158	0.02416	0.00447	0.00275	0.00732
63	0.02071	0.00840	0.01159	0.00962	0.04381	0.00735	0.00749	0.02275	0.01434	0.68459	0.09716	0.01910	0.01589	0.00660	0.00517	0.00156	0.00418	0.00547	0.00604	0.00819
64	0.00943	0.00471	0.00471	0.00471	0.00589	0.00471	0.00353	0.01178	0.01060	0.01885	0.01650	0.01885	0.01296	0.00589	0.00353	0.00118	0.00236	0.00471	0.85036	0.00471
65	0.76965	0.01007	0.00796	0.00701	0.01018	0.03228	0.00575	0.01578	0.00922	0.08319	0.00808	0.00895	0.00606	0.00483	0.00332	0.00156	0.00408	0.00294	0.00336	0.00573
66	0.03784	0.18320	0.33280	0.03139	0.06303	0.08445	0.04422	0.10533	0.04214	0.01708	0.00936	0.01072	0.00716	0.00493	0.00453	0.00146	0.00668	0.00378	0.00271	0.00719

[dist]
# distance from previous block
# <min> <max>
0	5

[block]
# block no. 5 follows, 49 sequences, length 120
# corresponding to MSA columns:
# 284-327,342-417
name=unknown_F
#
# <colnr> <probs for GDERKNQSTAVLIFYWHMCP>
#	G	D	E	R	K	N	Q	S	T	A	V	L	I	F	Y	W	H	M	C	P
0	0.01925	0.00888	0.01208	0.01098	0.08831	0.00815	0.00800	0.04206	0.06607	0.56477	0.07221	0.01928	0.04297	0.00664	0.00517	0.00157	0.00429	0.00554	0.00568	0.00809
1	0.01105	0.01055	0.01461	0.01349	0.06184	0.01411	0.01050	0.01325	0.06043	0.01352	0.00885	0.02815	0.00828	0.00838	0.01400	0.00206	0.63623	0.00473	0.06020	0.00577
2	0.00698	0.00499	0.00681	0.00798	0.00864	0.00482	0.00612	0.00846	0.01049	0.01383	0.02742	0.50341	0.03165	0.01507	0.00667	0.00217	0.00365	0.32183	0.00468	0.00433
3	0.01252	0.01201	0.02053	0.03104	0.79074	0.01201	0.01552	0.01552	0.01151	0.01652	0.00951	0.01252	0.00801	0.00451	0.00501	0.00150	0.00601	0.00451	0.00250	0.00801
4	0.01320	0.00951	0.01068	0.00935	0.01206	0.01036	0.00732	0.06167	0.47175	0.13068	0.18231	0.02228	0.02149	0.00747	0.00531	0.00166	0.00378	0.00629	0.00539	0.00744
5	0.00598	0.00512	0.00512	0.00512	0.00683	0.00427	0.00384	0.00726	0.01153	0.01366	0.05123	0.04866	0.78869	0.01281	0.00598	0.00171	0.00256	0.01067	0.00470	0.00427
6	0.00615	0.00444	0.00583	0.00693	0.00731	0.00412	0.00465	0.00705	0.00979	0.01295	0.02919	0.77561	0.07598	0.01567	0.00643	0.00203	0.00291	0.01417	0.00469	0.00412
7	0.13170	0.00973	0.01177	0.00915	0.01298	0.00938	0.00755	0.15379	0.01532	0.56028	0.01690	0.01515	0.01091	0.00602	0.00482	0.00156	0.00447	0.00468	0.00564	0.00819
8	0.01010	0.00830	0.00913	0.00831	0.01051	0.00895	0.00641	0.04573	0.39326	0.02014	0.27011	0.02913	0.14141	0.00883	0.00553	0.00167	0.00333	0.00751	0.00521	0.00643
9	0.80097	0.00985	0.00770	0.00690	0.01001	0.01143	0.00565	0.01567	0.06076	0.02258	0.00795	0.00893	0.00615	0.00484	0.00327	0.00157	0.00392	0.00294	0.00327	0.00565
10	0.01052	0.10704	0.69013	0.01379	0.02067	0.01272	0.01739	0.01579	0.01053	0.01546	0.00878	0.01043	0.00642	0.00490	0.00506	0.00157	0.03570	0.00366	0.00214	0.00730
11	0.00679	0.00446	0.00565	0.00659	0.00706	0.00422	0.00447	0.00795	0.00986	0.01405	0.02568	0.66523	0.02951	0.01393	0.00589	0.00189	0.00282	0.01252	0.16720	0.00422
12	0.63193	0.00930	0.00813	0.01987	0.01046	0.01025	0.00576	0.01554	0.02495	0.09828	0.00934	0.01076	0.00721	0.03478	0.00428	0.00163	0.00398	0.00330	0.02587	0.06438
13	0.01689	0.01493	0.01338	0.01115	0.01440	0.18873	0.00885	0.37544	0.20273	0.02408	0.01350	0.01354	0.01007	0.00606	0.00487	0.00149	0.00576	0.00456	0.06197	0.00758
14	0.00721	0.00514	0.00660	0.00728	0.00788	0.00507	0.00520	0.03271	0.00999	0.01326	0.02481	0.43850	0.05317	0.17109	0.05821	0.00298	0.00432	0.13815	0.00427	0.00418
15	0.01264	0.06239	0.14025	0.03553	0.09702	0.06977	0.03780	0.03207	0.34079	0.04178	0.06579	0.01630	0.01345	0.00607	0.00500	0.00159	0.00539	0.00508	0.00391	0.00738
16	0.01824	0.08145	0.01525	0.01272	0.01536	0.71912	0.00973	0.01956	0.01382	0.01233	0.00772	0.00911	0.00652	0.00527	0.00487	0.00132	0.03590	0.00326	0.00256	0.00590
17	0.00692	0.00516	0.00643	0.00612	0.00741	0.00467	0.00459	0.00909	0.01376	0.01896	0.64181	0.03993	0.19480	0.01083	0.00597	0.00161	0.00242	0.00945	0.00539	0.00467
18	0.00786	0.00566	0.00851	0.03734	0.01011	0.00654	0.00664	0.00973	0.00843	0.03984	0.01361	0.01954	0.01242	0.03559	0.74466	0.00766	0.01297	0.00537	0.00282	0.00470
19	0.01267	0.01227	0.02005	0.02987	0.74439	0.03111	0.01511	0.01604	0.03895	0.01658	0.00986	0.01266	0.00824	0.00461	0.00500	0.00150	0.00601	0.00452	0.00260	0.00796
20	0.02242	0.00881	0.01184	0.00910	0.01300	0.00777	0.00751	0.04826	0.02643	0.75850	0.01971	0.01708	0.01244	0.00626	0.00509	0.00157	0.00434	0.00508	0.00620	0.00860
21	0.01932	0.01401	0.01508	0.01156	0.01561	0.01546	0.00955	0.75374	0.02353	0.05236	0.01235	0.01228	0.00870	0.00608	0.00506	0.00152	0.00553	0.00457	0.00509	0.00860
22	0.00825	0.00537	0.00731	0.00813	0.00908	0.00516	0.00639	0.00988	0.01095	0.06675	0.04992	0.36728	0.02997	0.04284	0.00727	0.00223	0.00386	0.34997	0.00475	0.00464
23	0.00852	0.00582	0.00725	0.00668	0.00825	0.00546	0.00508	0.01159	0.06940	0.07549	0.58286	0.03631	0.13757	0.01011	0.00584	0.00161	0.00266	0.00880	0.00547	0.00522
24	0.01991	0.00866	0.01098	0.00863	0.01209	0.00805	0.00706	0.10686	0.03347	0.56456	0.01853	0.01695	0.01222	0.00619	0.00483	0.00150	0.00412	0.00498	0.14244	0.00796
25	0.00800	0.00574	0.00796	0.00908	0.01023	0.00570	0.00787	0.01024	0.01156	0.01500	0.02769	0.08462	0.05650	0.01400	0.00693	0.00230	0.00452	0.70279	0.00466	0.00462
26	0.00834	0.00615	0.00875	0.00936	0.01060	0.00613	0.03532	0.03576	0.01162	0.01522	0.02544	0.16278	0.02787	0.04320	0.00749	0.00233	0.00459	0.56979	0.00454	0.00473
27	0.02269	0.00861	0.01174	0.00900	0.01291	0.00743	0.00743	0.02464	0.01447	0.79425	0.01995	0.01721	0.01252	0.00626	0.00509	0.00156	0.00430	0.00509	0.00626	0.00861
28	0.85801	0.00978	0.00743	0.00665	0.00978	0.01134	0.00548	0.01486	0.00861	0.02269	0.00704	0.00821	0.00548	0.00469	0.00313	0.00156	0.00391	0.00274	0.00313	0.00548
29	0.02070	0.01180	0.01371	0.01051	0.01450	0.01217	0.00868	0.45536	0.01982	0.35598	0.01546	0.01430	0.01027	0.00615	0.00507	0.00154	0.00503	0.00478	0.00557	0.00860
30	0.01370	0.77995	0.02576	0.00884	0.01308	0.04847	0.00868	0.01556	0.02564	0.01210	0.00733	0.00836	0.00667	0.00441	0.00333	0.00110	0.00552	0.00278	0.00224	0.00650
31	0.00735	0.00490	0.00552	0.00552	0.00552	0.00490	0.00306	0.00735	0.00735	0.00980	0.01593	0.03309	0.01838	0.82229	0.02574	0.00490	0.00490	0.00735	0.00306	0.00306
32	0.00598	0.00512	0.00512	0.00512	0.00683	0.00427	0.00384	0.00726	0.01153	0.01366	0.05123	0.04866	0.78869	0.01281	0.00598	0.00171	0.00256	0.01067	0.00470	0.00427
33	0.01252	0.01201	0.02053	0.03104	0.79074	0.01201	0.01552	0.01552	0.01151	0.01652	0.00951	0.01252	0.00801	0.00451	0.00501	0.00150	0.00601	0.00451	0.00250	0.00801
34	0.01258	0.01086	0.01143	0.01029	0.01315	0.01258	0.00800	0.02687	0.78161	0.02115	0.02058	0.01887	0.01544	0.00686	0.00515	0.00172	0.00400	0.00572	0.00515	0.00800
35	0.01922	0.01416	0.01518	0.01163	0.01568	0.01568	0.00961	0.77388	0.02378	0.03187	0.01214	0.01214	0.00860	0.00607	0.00506	0.00152	0.00556	0.00455	0.00506	0.00860
36	0.01258	0.01086	0.01143	0.01029	0.01315	0.01258	0.00800	0.02687	0.78161	0.02115	0.02058	0.01887	0.01544	0.00686	0.00515	0.00172	0.00400	0.00572	0.00515	0.00800
37	0.85801	0.00978	0.00743	0.00665	0.00978	0.01134	0.00548	0.01486	0.00861	0.02269	0.00704	0.00821	0.00548	0.00469	0.00313	0.00156	0.00391	0.00274	0.00313	0.00548
38	0.01252	0.01201	0.02053	0.03104	0.79074	0.01201	0.01552	0.01552	0.01151	0.01652	0.00951	0.01252	0.00801	0.00451	0.00501	0.00150	0.00601	0.00451	0.00250	0.00801
39	0.01014	0.02616	0.79609	0.01441	0.02189	0.01174	0.01868	0.01601	0.01068	0.01601	0.00907	0.01068	0.00641	0.00480	0.00480	0.00160	0.00747	0.00374	0.00214	0.00747
40	0.11911	0.01012	0.01147	0.00926	0.01274	0.02211	0.00752	0.15615	0.14143	0.36525	0.06818	0.01667	0.01365	0.00636	0.00489	0.00157	0.00437	0.00503	0.00534	0.01877
41	0.00706	0.00577	0.03044	0.00646	0.00789	0.00489	0.00507	0.00936	0.01368	0.01903	0.64239	0.06375	0.14393	0.01068	0.00595	0.00162	0.00258	0.00935	0.00532	0.00477
42	0.01846	0.02321	0.01413	0.01284	0.01547	0.74873	0.00965	0.02064	0.06610	0.01297	0.00868	0.00978	0.00712	0.00532	0.00460	0.00133	0.00877	0.00342	0.00278	0.00601
43	0.02171	0.00842	0.01149	0.00902	0.01274	0.00732	0.00748	0.02369	0.01428	0.74168	0.02041	0.01990	0.01364	0.00678	0.00521	0.00162	0.00433	0.05580	0.00615	0.00834
44	0.01296	0.01157	0.01141	0.01018	0.01302	0.06651	0.00792	0.07534	0.61980	0.02071	0.02144	0.01998	0.07245	0.00714	0.00516	0.00167	0.00435	0.00584	0.00493	0.00762
45	0.00656	0.00468	0.00605	0.00679	0.00717	0.00456	0.00455	0.00740	0.00915	0.01220	0.02493	0.51140	0.06655	0.18708	0.10040	0.00332	0.00456	0.02458	0.00413	0.00395
46	0.01130	0.01136	0.06549	0.00848	0.01303	0.06103	0.00724	0.03742	0.01118	0.01665	0.00901	0.01046	0.00738	0.00399	0.00391	0.00087	0.00442	0.00311	0.00297	0.71067
47	0.00869	0.00684	0.06025	0.00703	0.00876	0.00545	0.00574	0.01095	0.01315	0.08780	0.53916	0.05574	0.06835	0.09056	0.00779	0.00194	0.00317	0.00845	0.00509	0.00509
48	0.59958	0.00950	0.00875	0.00742	0.01075	0.01032	0.00610	0.01797	0.03833	0.23292	0.01105	0.01105	0.00776	0.00520	0.00374	0.00157	0.00402	0.00349	0.00406	0.00642
49	0.00640	0.00488	0.00591	0.00649	0.00737	0.00447	0.00454	0.00794	0.03216	0.01420	0.12140	0.48165	0.25602	0.01407	0.00622	0.00189	0.00279	0.01245	0.00481	0.00434
50	0.00786	0.00565	0.00711	0.00662	0.00803	0.00535	0.00500	0.01098	0.06731	0.03975	0.66809	0.03663	0.09195	0.01015	0.00589	0.00161	0.00256	0.00890	0.00550	0.00506
51	0.00809	0.00578	0.00808	0.00924	0.01038	0.00577	0.00804	0.01037	0.01158	0.01506	0.02681	0.08136	0.02924	0.01403	0.00697	0.00232	0.00460	0.73302	0.00466	0.00464
52	0.00862	0.00561	0.00636	0.00622	0.00759	0.00546	0.00472	0.06694	0.01250	0.01834	0.19347	0.12918	0.14965	0.00971	0.00514	0.00156	0.00284	0.05150	0.30972	0.00487
53	0.00935	0.00914	0.04071	0.59344	0.05638	0.01034	0.03662	0.01240	0.00990	0.01298	0.01026	0.04022	0.00856	0.03061	0.08018	0.01878	0.00721	0.00499	0.00240	0.00552
54	0.02191	0.00842	0.01144	0.00883	0.01260	0.00729	0.00727	0.02389	0.01440	0.75369	0.04744	0.01798	0.01379	0.00640	0.00509	0.00156	0.00420	0.00522	0.02017	0.00840
55	0.00651	0.00523	0.00533	0.00525	0.00702	0.00437	0.00396	0.00781	0.01162	0.03857	0.05023	0.04766	0.76392	0.01260	0.00595	0.00170	0.00262	0.01049	0.00475	0.00441
56	0.01059	0.01009	0.01739	0.49297	0.18522	0.01136	0.09834	0.04120	0.01111	0.01472	0.01080	0.03967	0.02380	0.00539	0.00521	0.00166	0.00654	0.00510	0.00256	0.00627
57	0.01233	0.44831	0.27812	0.01095	0.03170	0.03464	0.01177	0.01535	0.01067	0.03426	0.03336	0.01116	0.00840	0.03408	0.00477	0.00143	0.00605	0.00353	0.00242	0.00671
58	0.00777	0.00533	0.00728	0.00719	0.00786	0.00583	0.00516	0.00891	0.00804	0.03600	0.01463	0.02465	0.01475	0.32583	0.49079	0.00673	0.01007	0.00612	0.00295	0.00411
59	0.00846	0.00816	0.05896	0.02513	0.03208	0.02862	0.04784	0.01031	0.00880	0.01236	0.03727	0.02028	0.01311	0.14881	0.43968	0.02239	0.06465	0.00557	0.00275	0.00478
60	0.01103	0.01063	0.06613	0.24489	0.01999	0.06291	0.09383	0.01430	0.08346	0.06032	0.01328	0.12398	0.01190	0.00854	0.00773	0.12005	0.03229	0.00601	0.00314	0.00561
61	0.01046	0.03910	0.01579	0.28021	0.25685	0.01056	0.04477	0.03726	0.03584	0.01538	0.05142	0.12367	0.01374	0.00730	0.01648	0.00175	0.00574	0.02427	0.00308	0.00632
62	0.01235	0.01047	0.01115	0.01004	0.01276	0.01200	0.00782	0.05181	0.68425	0.02112	0.05623	0.02076	0.01711	0.02279	0.00562	0.00178	0.00402	0.02511	0.00511	0.00769
63	0.64300	0.01110	0.00960	0.00827	0.01133	0.08338	0.05787	0.01556	0.03765	0.02073	0.00836	0.01013	0.00670	0.03092	0.00426	0.00165	0.00469	0.00331	0.02589	0.00560
64	0.00982	0.00906	0.01237	0.08320	0.08109	0.05652	0.07137	0.02437	0.08209	0.01449	0.06808	0.04656	0.07377	0.07668	0.20412	0.00353	0.06787	0.00620	0.00329	0.00553
65	0.01193	0.01142	0.01943	0.05738	0.69197	0.01144	0.02952	0.01484	0.01142	0.01616	0.01190	0.03491	0.04464	0.00519	0.00511	0.00154	0.00585	0.00507	0.00265	0.00763
66	0.00690	0.00516	0.00641	0.00610	0.00740	0.00466	0.00457	0.00905	0.01371	0.01885	0.62951	0.04012	0.20717	0.01087	0.00597	0.00162	0.00242	0.00947	0.00538	0.00466
67	0.85801	0.00978	0.00743	0.00665	0.00978	0.01134	0.00548	0.01486	0.00861	0.02269	0.00704	0.00821	0.00548	0.00469	0.00313	0.00156	0.00391	0.00274	0.00313	0.00548
68	0.00688	0.00470	0.00566	0.00613	0.00624	0.00458	0.00372	0.00723	0.00829	0.01105	0.02071	0.34764	0.02441	0.49952	0.01802	0.00376	0.00411	0.01016	0.00372	0.00348
69	0.01252	0.01201	0.02053	0.03104	0.79074	0.01201	0.01552	0.01552	0.01151	0.01652	0.00951	0.01252	0.00801	0.00451	0.00501	0.00150	0.00601	0.00451	0.00250	0.00801
70	0.01082	0.00898	0.01052	0.00753	0.01201	0.00676	0.00603	0.01306	0.01060	0.03805	0.00929	0.01067	0.00763	0.00381	0.00378	0.00077	0.00376	0.00305	0.00309	0.82977
71	0.02269	0.00861	0.01174	0.00900	0.01291	0.00743	0.00743	0.02464	0.01447	0.79425	0.01995	0.01721	0.01252	0.00626	0.00509	0.00156	0.00430	0.00509	0.00626	0.00861
72	0.85801	0.00978	0.00743	0.00665	0.00978	0.01134	0.00548	0.01486	0.00861	0.02269	0.00704	0.00821	0.00548	0.00469	0.00313	0.00156	0.00391	0.00274	0.00313	0.00548
73	0.85801	0.00978	0.00743	0.00665	0.00978	0.01134	0.00548	0.01486	0.00861	0.02269	0.00704	0.00821	0.00548	0.00469	0.00313	0.00156	0.00391	0.00274	0.00313	0.00548
74	0.00620	0.00509	0.00546	0.00546	0.00699	0.00435	0.00406	0.00765	0.01191	0.01480	0.18180	0.09299	0.61060	0.01255	0.00600	0.00171	0.00255	0.01062	0.00485	0.00435
75	0.01032	0.00978	0.01652	0.60186	0.22489	0.01150	0.01437	0.01356	0.01043	0.01382	0.00908	0.01320	0.00706	0.00497	0.00522	0.00165	0.01875	0.00450	0.00231	0.00622
76	0.01334	0.06587	0.01280	0.01043	0.02401	0.01307	0.00819	0.11052	0.59554	0.03349	0.01954	0.01823	0.03901	0.00675	0.00503	0.00164	0.00426	0.00552	0.00490	0.00786
77	0.03446	0.00897	0.01126	0.00883	0.01233	0.00833	0.00717	0.12153	0.04245	0.46069	0.10299	0.01799	0.01527	0.00680	0.00549	0.02912	0.00419	0.00522	0.00547	0.09145
78	0.01232	0.01377	0.09943	0.09067	0.37535	0.05923	0.12237	0.03102	0.05488	0.02634	0.01083	0.03985	0.00893	0.00514	0.00513	0.00156	0.00646	0.00493	0.00279	0.02900
79	0.01262	0.55013	0.18288	0.01053	0.01528	0.01741	0.03644	0.01604	0.06236	0.01352	0.00846	0.00965	0.00712	0.00476	0.00426	0.00129	0.03480	0.00329	0.00237	0.00677
80	0.04079	0.00941	0.01173	0.00913	0.01281	0.00891	0.00750	0.17339	0.01597	0.54948	0.03940	0.01769	0.04009	0.00651	0.00504	0.00155	0.00437	0.00522	0.03288	0.00815
81	0.00644	0.00473	0.00566	0.00621	0.00706	0.00429	0.00433	0.00765	0.01069	0.01414	0.11302	0.43534	0.25966	0.03997	0.00672	0.00194	0.00280	0.01194	0.05319	0.00423
82	0.01483	0.04430	0.12111	0.01113	0.01485	0.16963	0.05663	0.07452	0.10277	0.15832	0.08829	0.02850	0.05256	0.00648	0.00504	0.00151	0.00576	0.00526	0.00409	0.03441
83	0.00873	0.00443	0.00664	0.00664	0.00668	0.00446	0.00446	0.00668	0.00664	0.00889	0.00896	0.01553	0.00892	0.01831	0.04823	0.82214	0.00472	0.00443	0.00221	0.00228
84	0.00681	0.00505	0.00724	0.00806	0.00872	0.00480	0.03339	0.00813	0.01019	0.01352	0.02699	0.62195	0.03155	0.01501	0.00655	0.00210	0.00352	0.17749	0.00461	0.00433
85	0.01236	0.00922	0.03539	0.00900	0.01159	0.00913	0.00732	0.14861	0.21126	0.11161	0.07921	0.13716	0.12365	0.00941	0.00560	0.00174	0.00401	0.06206	0.00504	0.00664
86	0.00657	0.00469	0.00634	0.00751	0.00798	0.00446	0.00541	0.00775	0.01008	0.01337	0.02764	0.66209	0.03255	0.01546	0.00656	0.00211	0.00329	0.16724	0.00469	0.00422
87	0.00771	0.00546	0.00709	0.00723	0.00855	0.00510	0.00581	0.00987	0.01293	0.03890	0.38996	0.06053	0.15330	0.01190	0.00629	0.00186	0.00322	0.25442	0.00514	0.00475
88	0.01251	0.01354	0.07061	0.04349	0.59624	0.06195	0.05659	0.01559	0.01146	0.01591	0.00943	0.01240	0.00784	0.00548	0.02455	0.00169	0.02618	0.00448	0.00248	0.00758
