[name]
unknown

[dist]
# distance from previous block
# <min> <max>
0	39

[block]
# block no. 0 follows, 47 sequences, length 19
# corresponding to MSA columns:
# 43-58,70-72
name=unknown_A
#
# <colnr> <probs for GDERKNQSTAVLIFYWHMCP>
#	G	D	E	R	K	N	Q	S	T	A	V	L	I	F	Y	W	H	M	C	P
0	0.01535	0.01643	0.01473	0.04452	0.20992	0.35269	0.01065	0.06291	0.03745	0.01600	0.01154	0.01437	0.02303	0.00621	0.00542	0.03100	0.00697	0.02623	0.08807	0.00651
1	0.01745	0.03821	0.01329	0.11741	0.01611	0.01072	0.00880	0.20733	0.01570	0.31895	0.07037	0.01808	0.01367	0.06870	0.00734	0.00189	0.03812	0.00538	0.00495	0.00752
2	0.03641	0.01196	0.11825	0.01076	0.01497	0.00954	0.04055	0.08662	0.04113	0.47264	0.04333	0.03921	0.01310	0.00663	0.00561	0.00166	0.02873	0.00540	0.00531	0.00818
3	0.00791	0.00596	0.00809	0.00846	0.00963	0.00592	0.02788	0.01054	0.05773	0.01550	0.10842	0.24233	0.08332	0.04182	0.06561	0.00265	0.00465	0.26855	0.02019	0.00484
4	0.12119	0.00528	0.00626	0.00720	0.00789	0.00524	0.00494	0.00834	0.00982	0.01466	0.02580	0.70447	0.03054	0.01476	0.00618	0.00205	0.00316	0.01318	0.00462	0.00442
5	0.01684	0.01268	0.01431	0.11864	0.01770	0.01424	0.00982	0.51860	0.10737	0.02782	0.01342	0.01405	0.00977	0.00619	0.00509	0.00158	0.00544	0.00483	0.07358	0.00804
6	0.01848	0.02336	0.01692	0.01457	0.01761	0.68998	0.11245	0.02024	0.01442	0.01328	0.00839	0.01002	0.00687	0.00523	0.00489	0.00140	0.00931	0.00373	0.00268	0.00617
7	0.00837	0.00839	0.11360	0.00853	0.01021	0.00679	0.00732	0.01027	0.00886	0.03966	0.01514	0.07426	0.01504	0.22835	0.41514	0.00597	0.00980	0.00644	0.00306	0.00481
8	0.01078	0.02496	0.68580	0.01716	0.12580	0.01213	0.01880	0.01642	0.01111	0.01656	0.00941	0.01125	0.00682	0.00491	0.00498	0.00164	0.00749	0.00396	0.00225	0.00777
9	0.00737	0.00532	0.00696	0.00655	0.00778	0.00491	0.00491	0.00983	0.01474	0.02088	0.78175	0.03890	0.04914	0.01065	0.00614	0.00164	0.00246	0.00942	0.00573	0.00491
10	0.00774	0.00598	0.00808	0.00839	0.00891	0.00662	0.00631	0.00896	0.00948	0.01293	0.02210	0.30332	0.04950	0.14040	0.13922	0.00363	0.11441	0.13568	0.00389	0.00444
11	0.03011	0.04396	0.06956	0.04046	0.11822	0.09214	0.11629	0.11818	0.09442	0.15908	0.01374	0.01574	0.01039	0.00597	0.00542	0.00164	0.01757	0.03549	0.00398	0.00765
12	0.00843	0.00588	0.00730	0.00747	0.00846	0.00580	0.00535	0.04331	0.01107	0.06533	0.03030	0.46495	0.18519	0.06712	0.00834	0.00219	0.05220	0.01182	0.00469	0.00480
13	0.00634	0.00453	0.00604	0.00725	0.00755	0.00423	0.00483	0.00725	0.00997	0.01329	0.02870	0.81358	0.03444	0.01632	0.00665	0.00211	0.00302	0.01480	0.00483	0.00423
14	0.01233	0.01361	0.08284	0.10317	0.26732	0.03894	0.16688	0.01822	0.16919	0.01717	0.01273	0.01485	0.02166	0.00548	0.00576	0.00168	0.03238	0.00519	0.00312	0.00748
15	0.01375	0.23514	0.26369	0.03096	0.07974	0.12988	0.05117	0.03319	0.06146	0.04035	0.00988	0.01121	0.00769	0.00504	0.00460	0.00146	0.00692	0.00388	0.00273	0.00725
16	0.00864	0.00702	0.00764	0.00774	0.00909	0.04242	0.00570	0.07264	0.05779	0.01656	0.11947	0.37257	0.18964	0.01300	0.00622	0.00190	0.00355	0.04844	0.00490	0.00508
17	0.01278	0.01269	0.04115	0.09770	0.50992	0.01231	0.17707	0.01622	0.01190	0.04257	0.01026	0.01334	0.00817	0.00471	0.00537	0.00161	0.00679	0.00496	0.00269	0.00777
18	0.05852	0.14422	0.18288	0.01264	0.05222	0.04612	0.05090	0.17216	0.01475	0.17080	0.03780	0.01320	0.00984	0.00559	0.00482	0.00152	0.00601	0.00440	0.00389	0.00772

[dist]
# distance from previous block
# <min> <max>
3	24

[block]
# block no. 1 follows, 47 sequences, length 22
# corresponding to MSA columns:
# 97-118
name=unknown_B
#
# <colnr> <probs for GDERKNQSTAVLIFYWHMCP>
#	G	D	E	R	K	N	Q	S	T	A	V	L	I	F	Y	W	H	M	C	P
0	0.30776	0.05372	0.01455	0.09657	0.04954	0.02635	0.07669	0.07438	0.05311	0.08593	0.01014	0.01181	0.00775	0.00571	0.00596	0.00169	0.10415	0.00413	0.00341	0.00663
1	0.01203	0.01252	0.02015	0.05105	0.11158	0.10682	0.33739	0.01538	0.02577	0.01628	0.04402	0.08769	0.01325	0.00646	0.00563	0.00168	0.00685	0.03351	0.08554	0.00639
2	0.06454	0.01499	0.02151	0.07701	0.08956	0.15988	0.33436	0.07500	0.05888	0.01776	0.02904	0.01352	0.00904	0.00514	0.00542	0.00163	0.00758	0.00513	0.00308	0.00693
3	0.01700	0.04150	0.01881	0.03099	0.01881	0.43517	0.18437	0.11127	0.01488	0.01627	0.00919	0.01101	0.00729	0.00527	0.00536	0.00147	0.02892	0.00420	0.00297	0.03527
4	0.00641	0.00458	0.00610	0.00721	0.00757	0.00427	0.00484	0.00740	0.01026	0.01375	0.07364	0.76735	0.03532	0.01598	0.00662	0.00209	0.00299	0.01448	0.00489	0.00427
5	0.02234	0.01304	0.01279	0.01035	0.01403	0.21415	0.00828	0.02418	0.01487	0.58503	0.01727	0.01554	0.01127	0.00616	0.00510	0.00154	0.00573	0.00474	0.00546	0.00812
6	0.01341	0.01123	0.01190	0.01061	0.01361	0.01291	0.00828	0.04930	0.73402	0.04131	0.02092	0.01918	0.01562	0.00703	0.00529	0.00176	0.00418	0.00584	0.00533	0.00828
7	0.00632	0.00523	0.00554	0.00557	0.00716	0.00445	0.00414	0.00774	0.01209	0.01484	0.13989	0.10267	0.64022	0.01310	0.00619	0.00177	0.00264	0.01107	0.00495	0.00445
8	0.01287	0.00969	0.01089	0.00987	0.01244	0.01058	0.00791	0.15915	0.32838	0.05698	0.05845	0.07473	0.04574	0.00915	0.00573	0.00184	0.00432	0.14461	0.02957	0.00712
9	0.00744	0.00556	0.00827	0.00827	0.00917	0.00646	0.00639	0.00924	0.00834	0.01202	0.01404	0.02094	0.01323	0.06656	0.76913	0.00825	0.01363	0.00565	0.00280	0.00460
10	0.01117	0.02505	0.67599	0.01531	0.02258	0.01243	0.08533	0.06130	0.01192	0.01748	0.00964	0.01136	0.00685	0.00498	0.00507	0.00165	0.00768	0.00410	0.00242	0.00771
11	0.01379	0.01063	0.01156	0.01024	0.01321	0.01195	0.00800	0.02649	0.65240	0.10514	0.06109	0.02027	0.01732	0.00719	0.00534	0.00174	0.00407	0.00600	0.00545	0.00814
12	0.00755	0.00598	0.00768	0.02777	0.05246	0.00585	0.00596	0.01024	0.08500	0.01525	0.10358	0.44244	0.16611	0.01334	0.00627	0.00194	0.00332	0.02950	0.00478	0.00499
13	0.01229	0.01205	0.02124	0.15988	0.51598	0.01238	0.12571	0.01610	0.04224	0.01653	0.01027	0.01349	0.00828	0.00480	0.00532	0.00162	0.00661	0.00491	0.00265	0.00765
14	0.00772	0.00597	0.00882	0.00866	0.00950	0.00713	0.00675	0.00948	0.00832	0.01206	0.01352	0.02023	0.01276	0.06018	0.71831	0.00784	0.06972	0.00557	0.00276	0.00468
15	0.00639	0.00462	0.00596	0.00700	0.00741	0.00429	0.00467	0.00729	0.01001	0.01319	0.03014	0.70642	0.09848	0.05812	0.00765	0.00224	0.00309	0.01409	0.00475	0.00419
16	0.01272	0.02042	0.44576	0.01453	0.05478	0.01248	0.05993	0.19968	0.01468	0.02090	0.06494	0.01381	0.01047	0.00565	0.00515	0.00162	0.00671	0.00464	0.02342	0.00770
17	0.05343	0.15839	0.06301	0.01917	0.27811	0.19765	0.06428	0.06241	0.02713	0.01645	0.00922	0.01114	0.00756	0.00493	0.00470	0.00145	0.00693	0.00401	0.00276	0.00726
18	0.01419	0.01269	0.05376	0.01186	0.04192	0.01344	0.00945	0.18347	0.53501	0.02357	0.01843	0.01797	0.01389	0.00682	0.00529	0.00172	0.00474	0.01847	0.00501	0.00828
19	0.01175	0.00938	0.01100	0.00792	0.01250	0.00723	0.00636	0.03446	0.01140	0.06051	0.00998	0.01123	0.00803	0.00407	0.00397	0.00084	0.00394	0.00325	0.00333	0.77884
20	0.01094	0.00540	0.00566	0.00536	0.00685	0.00536	0.00409	0.03345	0.01157	0.07406	0.01712	0.01911	0.01319	0.00610	0.00380	0.00125	0.00266	0.00488	0.76392	0.00524
21	0.03510	0.01046	0.01481	0.11919	0.25700	0.01093	0.01092	0.15558	0.01441	0.13559	0.05663	0.01664	0.03263	0.00607	0.00526	0.00157	0.01779	0.00515	0.08687	0.00741

[dist]
# distance from previous block
# <min> <max>
0	1

[block]
# block no. 2 follows, 47 sequences, length 16
# corresponding to MSA columns:
# 120-135
name=unknown_C
#
# <colnr> <probs for GDERKNQSTAVLIFYWHMCP>
#	G	D	E	R	K	N	Q	S	T	A	V	L	I	F	Y	W	H	M	C	P
0	0.01100	0.03713	0.06135	0.12766	0.09719	0.03482	0.04716	0.05383	0.05961	0.01556	0.03653	0.12015	0.02934	0.01026	0.06390	0.00230	0.17644	0.00631	0.00321	0.00621
1	0.01191	0.01339	0.02875	0.02079	0.02558	0.01273	0.69408	0.01598	0.01200	0.01634	0.01149	0.06153	0.00944	0.00526	0.00656	0.00180	0.03622	0.00661	0.00275	0.00681
2	0.01775	0.01592	0.01454	0.01240	0.03330	0.18934	0.00964	0.38756	0.22046	0.02505	0.01374	0.01365	0.01022	0.00623	0.00512	0.00157	0.00613	0.00471	0.00461	0.00805
3	0.01224	0.01223	0.10665	0.07603	0.01653	0.00947	0.03336	0.10399	0.03823	0.04193	0.01043	0.01188	0.00809	0.00459	0.00442	0.00114	0.00498	0.00375	0.00333	0.49671
4	0.01202	0.10044	0.60993	0.01405	0.02098	0.01296	0.03998	0.06151	0.01199	0.05490	0.00992	0.01126	0.00709	0.00503	0.00486	0.00159	0.00725	0.00394	0.00260	0.00771
5	0.04124	0.01197	0.01186	0.01225	0.11099	0.15147	0.00835	0.11771	0.09159	0.03810	0.09711	0.06189	0.15783	0.00822	0.00570	0.00163	0.02927	0.00665	0.02973	0.00644
6	0.00667	0.00521	0.00604	0.00602	0.00740	0.00459	0.00444	0.00840	0.01281	0.01673	0.34404	0.13451	0.39948	0.01253	0.00621	0.00175	0.00261	0.01080	0.00520	0.00459
7	0.03401	0.01211	0.07731	0.16321	0.18364	0.04045	0.09278	0.03788	0.04881	0.03933	0.01561	0.03397	0.08166	0.00672	0.00612	0.00172	0.05768	0.03409	0.02622	0.00668
8	0.04704	0.17707	0.21592	0.01326	0.06924	0.16382	0.03658	0.03089	0.03561	0.10681	0.04841	0.01274	0.00991	0.00543	0.00468	0.00148	0.00661	0.00415	0.00320	0.00715
9	0.00770	0.00502	0.00581	0.00591	0.00613	0.00506	0.00358	0.00817	0.00819	0.01153	0.01730	0.09488	0.01916	0.60699	0.07714	0.00462	0.00523	0.00772	0.09632	0.00354
10	0.00741	0.00500	0.00648	0.00725	0.00801	0.00462	0.00513	0.00858	0.01073	0.05192	0.05965	0.56894	0.12209	0.03576	0.00706	0.00213	0.00323	0.07658	0.00490	0.00452
11	0.01238	0.01366	0.09809	0.04557	0.27220	0.04195	0.11106	0.03414	0.21469	0.01818	0.03633	0.01702	0.04916	0.00595	0.00536	0.00165	0.00600	0.00548	0.00352	0.00759
12	0.01906	0.12041	0.10118	0.01132	0.06292	0.01069	0.00965	0.05370	0.04532	0.46532	0.01642	0.01530	0.01103	0.00590	0.00490	0.00154	0.00505	0.00471	0.02730	0.00827
13	0.00718	0.00517	0.00680	0.00759	0.00837	0.00492	0.00571	0.00873	0.01126	0.01498	0.14762	0.36861	0.08099	0.07144	0.00810	0.00231	0.00357	0.22738	0.00485	0.00444
14	0.04237	0.08604	0.13756	0.03687	0.24259	0.03194	0.04643	0.11924	0.01333	0.04967	0.02879	0.08690	0.02483	0.00656	0.00516	0.00162	0.00592	0.02351	0.00339	0.00729
15	0.06146	0.03783	0.08875	0.05117	0.09286	0.03329	0.00986	0.13650	0.01349	0.10341	0.01081	0.01197	0.00817	0.00500	0.00477	0.00130	0.02152	0.00390	0.00357	0.30036

[dist]
# distance from previous block
# <min> <max>
0	2

[block]
# block no. 3 follows, 47 sequences, length 25
# corresponding to MSA columns:
# 138-162
name=unknown_D
#
# <colnr> <probs for GDERKNQSTAVLIFYWHMCP>
#	G	D	E	R	K	N	Q	S	T	A	V	L	I	F	Y	W	H	M	C	P
0	0.04014	0.00687	0.00901	0.00888	0.03898	0.00784	0.01777	0.00971	0.00846	0.01238	0.01561	0.02558	0.05678	0.36571	0.18196	0.00462	0.14391	0.00641	0.03497	0.00439
1	0.03069	0.01483	0.01760	0.09727	0.41002	0.20187	0.01306	0.03801	0.03155	0.01631	0.00959	0.01203	0.00786	0.00492	0.00491	0.00146	0.00674	0.00420	0.00277	0.07429
2	0.00634	0.00453	0.00604	0.00725	0.00755	0.00423	0.00483	0.00725	0.00997	0.01329	0.02870	0.81358	0.03444	0.01632	0.00665	0.00211	0.00302	0.01480	0.00483	0.00423
3	0.01339	0.01177	0.01280	0.01254	0.07925	0.03286	0.00901	0.05626	0.66074	0.02159	0.01954	0.01834	0.01473	0.00678	0.00527	0.00173	0.00450	0.00567	0.00500	0.00821
4	0.01329	0.01241	0.02013	0.02924	0.68359	0.01263	0.01506	0.06003	0.06875	0.01827	0.01079	0.01335	0.00885	0.00491	0.00517	0.00156	0.00601	0.00473	0.00293	0.00828
5	0.04253	0.01117	0.01296	0.03211	0.01439	0.09055	0.05142	0.11874	0.04411	0.39232	0.03546	0.01638	0.01213	0.00620	0.00503	0.00155	0.00515	0.00503	0.09504	0.00774
6	0.01045	0.02694	0.79000	0.01484	0.02254	0.01209	0.01924	0.01649	0.01099	0.01649	0.00935	0.01099	0.00660	0.00495	0.00495	0.00165	0.00770	0.00385	0.00220	0.00770
7	0.01182	0.01096	0.01809	0.02688	0.63498	0.01086	0.01368	0.01463	0.01173	0.01675	0.01499	0.04536	0.08297	0.00596	0.00521	0.00157	0.00551	0.00562	0.05492	0.00753
8	0.00644	0.00460	0.00614	0.00728	0.00765	0.00430	0.00493	0.00744	0.01021	0.01365	0.05813	0.76393	0.03490	0.01604	0.00664	0.00210	0.00304	0.03343	0.00487	0.00427
9	0.01131	0.01134	0.02145	0.01668	0.02044	0.01113	0.43273	0.01679	0.13391	0.01719	0.01701	0.02742	0.01536	0.00762	0.00630	0.00194	0.00692	0.21423	0.00366	0.00659
10	0.00677	0.00491	0.00640	0.00743	0.00805	0.00462	0.00536	0.00797	0.01046	0.01369	0.03050	0.55755	0.11088	0.04784	0.00750	0.00225	0.00340	0.15536	0.00476	0.00431
11	0.00656	0.00487	0.00612	0.00670	0.00751	0.00443	0.00469	0.00793	0.01150	0.01530	0.21818	0.47846	0.18000	0.01433	0.00643	0.00193	0.00281	0.01276	0.00506	0.00443
12	0.01945	0.02482	0.01476	0.01342	0.01610	0.79608	0.01006	0.02079	0.01476	0.01275	0.00805	0.00939	0.00671	0.00537	0.00470	0.00134	0.00939	0.00335	0.00268	0.00604
13	0.01197	0.16663	0.01627	0.01140	0.01340	0.08139	0.06478	0.06629	0.04389	0.01487	0.01423	0.21445	0.01483	0.00918	0.00839	0.00182	0.21500	0.02190	0.00336	0.00596
14	0.01019	0.00865	0.01244	0.36564	0.05495	0.00889	0.00992	0.01304	0.01067	0.01559	0.01085	0.03290	0.00884	0.00511	0.00455	0.00133	0.00512	0.00438	0.12256	0.29438
15	0.01080	0.00926	0.01080	0.00771	0.01234	0.00694	0.00617	0.01311	0.01080	0.01697	0.00926	0.01080	0.00771	0.00386	0.00386	0.00077	0.00386	0.00309	0.00309	0.84882
16	0.02538	0.01114	0.03125	0.03204	0.08817	0.01170	0.05051	0.12259	0.35054	0.05149	0.04350	0.04250	0.06235	0.00754	0.00549	0.00174	0.00482	0.04502	0.00470	0.00755
17	0.01456	0.04726	0.01401	0.01192	0.04270	0.06282	0.02687	0.17947	0.46322	0.02250	0.01757	0.04623	0.01368	0.00687	0.00522	0.00167	0.00500	0.00564	0.00480	0.00799
18	0.01771	0.03875	0.01187	0.00865	0.01251	0.00809	0.00702	0.05696	0.01343	0.42664	0.01634	0.03848	0.01195	0.05782	0.00617	0.00158	0.00437	0.00491	0.00500	0.25175
19	0.00759	0.00517	0.00678	0.00688	0.00789	0.00476	0.00497	0.00944	0.01294	0.04808	0.45855	0.32040	0.06161	0.01261	0.00629	0.00181	0.00274	0.01126	0.00541	0.00481
20	0.01131	0.05236	0.57980	0.01416	0.02010	0.01296	0.01686	0.01608	0.01057	0.04862	0.00927	0.01126	0.00692	0.00579	0.00724	0.00175	0.16124	0.00400	0.00240	0.00732
21	0.00668	0.00562	0.00587	0.00593	0.00765	0.00497	0.00450	0.00882	0.05566	0.01456	0.04834	0.08497	0.65922	0.01305	0.00619	0.00181	0.00287	0.05379	0.00486	0.00463
22	0.01210	0.01364	0.02961	0.02133	0.02639	0.01281	0.72767	0.01639	0.01228	0.01663	0.01139	0.01629	0.00901	0.00489	0.00620	0.00179	0.00858	0.04337	0.00274	0.00691
23	0.00726	0.00480	0.00640	0.00731	0.00785	0.00444	0.00498	0.00831	0.01050	0.05254	0.07250	0.72826	0.03423	0.01549	0.00655	0.00206	0.00306	0.01401	0.00497	0.00450
24	0.00712	0.00534	0.00675	0.00745	0.00857	0.00497	0.00585	0.00882	0.01169	0.01507	0.10907	0.25278	0.24755	0.01418	0.00665	0.00207	0.00348	0.27313	0.00491	0.00454

[dist]
# distance from previous block
# <min> <max>
2	13

[block]
# block no. 4 follows, 47 sequences, length 13
# corresponding to MSA columns:
# 179-183,185-192
name=unknown_E
#
# <colnr> <probs for GDERKNQSTAVLIFYWHMCP>
#	G	D	E	R	K	N	Q	S	T	A	V	L	I	F	Y	W	H	M	C	P
0	0.01094	0.18103	0.37293	0.01121	0.01595	0.04769	0.01251	0.01408	0.01088	0.01482	0.10765	0.01474	0.01246	0.00772	0.00726	0.13867	0.00616	0.00443	0.00269	0.00618
1	0.15358	0.01400	0.01330	0.01080	0.01437	0.09727	0.00881	0.48745	0.01960	0.02740	0.01340	0.01513	0.03670	0.00654	0.00492	0.00158	0.00562	0.03869	0.02324	0.00760
2	0.14735	0.05568	0.57183	0.01464	0.07971	0.01240	0.01636	0.01622	0.01070	0.01747	0.00895	0.01062	0.00657	0.00488	0.00462	0.00161	0.00690	0.00370	0.00240	0.00736
3	0.01131	0.06921	0.45631	0.01284	0.01797	0.01186	0.01463	0.01546	0.01046	0.07534	0.01052	0.01294	0.00816	0.01109	0.13459	0.00278	0.11066	0.00426	0.00264	0.00698
4	0.00907	0.00807	0.01231	0.51055	0.02545	0.00923	0.01064	0.01162	0.01017	0.01317	0.01598	0.02155	0.10817	0.13759	0.00867	0.00220	0.00584	0.00580	0.00283	0.07109
5	0.00712	0.00536	0.00749	0.10915	0.01122	0.00540	0.00611	0.00861	0.01073	0.01441	0.14733	0.50557	0.03213	0.06513	0.00767	0.00219	0.00363	0.04170	0.00455	0.00449
6	0.01601	0.01233	0.01643	0.01381	0.05881	0.01313	0.13168	0.22300	0.31129	0.12171	0.01643	0.01613	0.01191	0.00620	0.00540	0.00168	0.00546	0.00546	0.00484	0.00829
7	0.01108	0.14679	0.35362	0.11350	0.02032	0.01241	0.03573	0.01581	0.05298	0.01591	0.03336	0.01232	0.00869	0.00500	0.00464	0.00144	0.00631	0.00400	0.00265	0.14343
8	0.12025	0.16587	0.33262	0.01200	0.01679	0.02826	0.01303	0.01658	0.03677	0.06687	0.00941	0.01095	0.00727	0.00570	0.00643	0.00164	0.13605	0.00379	0.00274	0.00699
9	0.01238	0.06191	0.19458	0.01540	0.02016	0.01245	0.29267	0.15234	0.01376	0.01879	0.01338	0.14223	0.01201	0.00679	0.00562	0.00172	0.00686	0.00657	0.00334	0.00704
10	0.00838	0.05160	0.00850	0.00763	0.00898	0.06777	0.00580	0.01018	0.02196	0.01515	0.20469	0.21917	0.15693	0.03125	0.10757	0.00270	0.00503	0.05745	0.00444	0.00482
11	0.01107	0.05351	0.30142	0.01148	0.01553	0.08316	0.04646	0.04107	0.04311	0.01607	0.13532	0.01787	0.01515	0.05303	0.02474	0.11029	0.00632	0.00520	0.00315	0.00607
12	0.01415	0.08226	0.22054	0.04829	0.10365	0.01363	0.11463	0.19755	0.06687	0.05536	0.01181	0.02742	0.00895	0.00554	0.00514	0.00161	0.00652	0.00479	0.00348	0.00781

[dist]
# distance from previous block
# <min> <max>
7	130

# created by:
# /home/cegg/simao/soft/augustus-3.2.1/scripts/msa2prfl.pl ./align_prep/EOG091G0ZNH.fa
