[name]
unknown

[dist]
# distance from previous block
# <min> <max>
0	69

[block]
# block no. 0 follows, 52 sequences, length 10
# corresponding to MSA columns:
# 69-78
name=unknown_A
#
# <colnr> <probs for GDERKNQSTAVLIFYWHMCP>
#	G	D	E	R	K	N	Q	S	T	A	V	L	I	F	Y	W	H	M	C	P
0	0.04165	0.01089	0.01749	0.17187	0.21365	0.01143	0.16673	0.13035	0.06137	0.01771	0.01132	0.01564	0.00930	0.00539	0.00504	0.00156	0.00595	0.06077	0.00308	0.03882
1	0.08891	0.01249	0.13556	0.07778	0.07136	0.03985	0.00938	0.08216	0.02905	0.01725	0.00897	0.01053	0.00705	0.00431	0.00406	0.00115	0.00491	0.00338	0.00287	0.38896
2	0.13434	0.01402	0.01233	0.06652	0.01468	0.20623	0.00838	0.33354	0.01602	0.02134	0.01232	0.01298	0.06533	0.00571	0.00446	0.00139	0.00570	0.00416	0.00369	0.05685
3	0.09524	0.00667	0.00810	0.00811	0.06368	0.00640	0.00562	0.01218	0.05169	0.10605	0.29455	0.05487	0.13372	0.07425	0.00665	0.00176	0.00328	0.00712	0.00447	0.05560
4	0.00815	0.00577	0.00674	0.00619	0.00758	0.00539	0.00446	0.06283	0.01161	0.04514	0.25849	0.08578	0.19627	0.21240	0.01021	0.00231	0.00331	0.00819	0.00435	0.05480
5	0.06137	0.01060	0.01160	0.04136	0.06178	0.06934	0.00805	0.21416	0.12697	0.11068	0.06343	0.01838	0.03797	0.05620	0.04368	0.00201	0.02067	0.03091	0.00420	0.00662
6	0.00973	0.00881	0.01478	0.15637	0.11812	0.02321	0.18418	0.03713	0.01094	0.03342	0.01744	0.20964	0.06954	0.00804	0.00542	0.00167	0.00529	0.04032	0.04034	0.00560
7	0.05843	0.00629	0.00731	0.00659	0.00803	0.00613	0.00464	0.03672	0.04382	0.19306	0.03556	0.08562	0.08259	0.38808	0.01411	0.00303	0.00412	0.00695	0.00408	0.00486
8	0.00852	0.00551	0.00654	0.00626	0.00703	0.00558	0.00423	0.02475	0.08840	0.03982	0.03927	0.02651	0.10800	0.34186	0.04108	0.20426	0.00434	0.00639	0.02787	0.00379
9	0.03184	0.01123	0.01459	0.12301	0.18276	0.07024	0.06647	0.05003	0.26283	0.01703	0.03587	0.01610	0.04913	0.00594	0.00539	0.00157	0.04068	0.00507	0.00348	0.00674

[dist]
# distance from previous block
# <min> <max>
3	6

[block]
# block no. 1 follows, 52 sequences, length 21
# corresponding to MSA columns:
# 85-105
name=unknown_B
#
# <colnr> <probs for GDERKNQSTAVLIFYWHMCP>
#	G	D	E	R	K	N	Q	S	T	A	V	L	I	F	Y	W	H	M	C	P
0	0.01150	0.05520	0.07565	0.04320	0.02441	0.03135	0.65429	0.01546	0.01128	0.01512	0.00949	0.01252	0.00717	0.00416	0.00546	0.00159	0.00792	0.00533	0.00240	0.00650
1	0.00752	0.00612	0.00769	0.11295	0.03034	0.00611	0.00614	0.01037	0.08230	0.02938	0.12692	0.09788	0.37102	0.01105	0.02467	0.00182	0.00360	0.05504	0.00426	0.00483
2	0.00741	0.00583	0.00875	0.00913	0.04865	0.00684	0.00669	0.00911	0.00791	0.01145	0.01244	0.01853	0.01170	0.05624	0.69775	0.00703	0.06233	0.00514	0.00257	0.00452
3	0.01144	0.01307	0.02859	0.02042	0.02533	0.01225	0.78186	0.01552	0.01144	0.01552	0.00980	0.01307	0.00735	0.00408	0.00572	0.00163	0.00817	0.00572	0.00245	0.00654
4	0.08000	0.01195	0.01381	0.10555	0.11868	0.05284	0.00978	0.36439	0.06976	0.03542	0.01150	0.04052	0.00904	0.00668	0.02784	0.00169	0.02502	0.00459	0.00384	0.00711
5	0.00883	0.00573	0.00791	0.00758	0.00864	0.00585	0.03225	0.01066	0.09431	0.06242	0.02908	0.17577	0.05284	0.05205	0.14364	0.24180	0.00536	0.02683	0.02420	0.00426
6	0.00590	0.00422	0.00562	0.00675	0.00703	0.00394	0.00450	0.00675	0.00928	0.01237	0.02671	0.82653	0.03205	0.01518	0.00619	0.00197	0.00281	0.01378	0.00450	0.00394
7	0.01296	0.83261	0.02539	0.00829	0.01244	0.01917	0.00829	0.01451	0.00985	0.01140	0.00674	0.00777	0.00622	0.00415	0.00311	0.00104	0.00518	0.00259	0.00207	0.00622
8	0.01145	0.11769	0.01801	0.13271	0.40863	0.01134	0.05250	0.01403	0.01078	0.05268	0.01246	0.05206	0.04421	0.00564	0.00481	0.00149	0.00550	0.03458	0.00277	0.00668
9	0.01348	0.00916	0.01052	0.00879	0.01098	0.00990	0.00684	0.37057	0.07108	0.03612	0.05127	0.01540	0.02808	0.01006	0.00980	0.30083	0.00453	0.00475	0.02215	0.00570
10	0.01154	0.00987	0.01051	0.00949	0.01207	0.01131	0.00736	0.02409	0.71323	0.02019	0.09722	0.01989	0.01788	0.00691	0.00501	0.00163	0.00368	0.00581	0.00497	0.00736
11	0.01005	0.00861	0.01005	0.00718	0.01148	0.00646	0.00574	0.01220	0.01005	0.01579	0.00861	0.01005	0.00718	0.00359	0.00359	0.00072	0.00359	0.00287	0.00287	0.85932
12	0.00844	0.00730	0.01020	0.00933	0.00969	0.00938	0.00733	0.00958	0.00750	0.01108	0.01071	0.01795	0.01079	0.17142	0.34229	0.00491	0.34003	0.00515	0.00247	0.00447
13	0.01221	0.00871	0.01001	0.00880	0.01130	0.00924	0.00692	0.10903	0.32423	0.11294	0.13492	0.08657	0.01988	0.00871	0.02984	0.00178	0.00403	0.04465	0.00487	0.05135
14	0.01148	0.00717	0.00960	0.08034	0.07051	0.00707	0.00704	0.01472	0.09399	0.20965	0.17983	0.02700	0.16245	0.02955	0.04631	0.00196	0.00421	0.02657	0.00458	0.00596
15	0.11371	0.00800	0.00912	0.00765	0.01014	0.00798	0.00604	0.16411	0.01355	0.15800	0.19170	0.04032	0.03815	0.06896	0.00671	0.02682	0.00381	0.03188	0.01878	0.07454
16	0.00915	0.00861	0.01453	0.81804	0.03338	0.01077	0.01346	0.01238	0.00969	0.01238	0.00861	0.01292	0.00646	0.00484	0.00484	0.00161	0.00646	0.00431	0.00215	0.00538
17	0.00842	0.00421	0.00631	0.00631	0.00631	0.00421	0.00421	0.00631	0.00631	0.00842	0.00842	0.01473	0.00842	0.01684	0.01894	0.85901	0.00421	0.00421	0.00210	0.00210
18	0.06356	0.00603	0.00718	0.00656	0.00836	0.00565	0.00500	0.02946	0.02953	0.15593	0.30326	0.12408	0.19649	0.02988	0.00588	0.00167	0.00296	0.00837	0.00495	0.00520
19	0.10309	0.00630	0.00743	0.00660	0.00819	0.00613	0.00482	0.02745	0.01083	0.20211	0.20594	0.02679	0.02187	0.30947	0.01219	0.00270	0.00388	0.02492	0.00433	0.00499
20	0.03451	0.00922	0.01043	0.00893	0.01175	0.00988	0.00703	0.05944	0.42432	0.23824	0.01813	0.01736	0.01320	0.02964	0.00580	0.03035	0.00393	0.00513	0.05542	0.00730

[dist]
# distance from previous block
# <min> <max>
0	35

[block]
# block no. 2 follows, 52 sequences, length 45
# corresponding to MSA columns:
# 141-185
name=unknown_C
#
# <colnr> <probs for GDERKNQSTAVLIFYWHMCP>
#	G	D	E	R	K	N	Q	S	T	A	V	L	I	F	Y	W	H	M	C	P
0	0.09261	0.00539	0.00616	0.00624	0.00732	0.00528	0.00441	0.02388	0.01007	0.06220	0.10660	0.32777	0.09568	0.14257	0.00840	0.00217	0.00320	0.00922	0.07645	0.00438
1	0.19217	0.00594	0.00642	0.00629	0.00762	0.00602	0.00456	0.02165	0.01033	0.04759	0.21308	0.23202	0.08028	0.13553	0.00810	0.00212	0.00324	0.00834	0.00421	0.00447
2	0.00647	0.00464	0.00597	0.00678	0.00726	0.00442	0.00460	0.03676	0.00992	0.01323	0.05591	0.71127	0.05040	0.04906	0.00689	0.00204	0.00296	0.01285	0.00448	0.00409
3	0.02319	0.00650	0.00766	0.00726	0.00873	0.00664	0.00539	0.10301	0.08688	0.04883	0.16544	0.24490	0.10715	0.07591	0.06592	0.00236	0.00403	0.00873	0.01637	0.00510
4	0.03791	0.00544	0.00653	0.00643	0.00759	0.00518	0.00455	0.01055	0.04026	0.11769	0.12151	0.28180	0.10926	0.17185	0.00924	0.00228	0.00329	0.00913	0.04489	0.00462
5	0.02466	0.00574	0.00675	0.00648	0.00798	0.00539	0.00479	0.04219	0.03409	0.10992	0.13849	0.21606	0.25113	0.07904	0.00715	0.00192	0.00312	0.02404	0.02621	0.00484
6	0.00699	0.00493	0.00648	0.00648	0.00689	0.00535	0.00442	0.00781	0.00740	0.01028	0.01418	0.02568	0.01500	0.45189	0.39888	0.00617	0.00864	0.00616	0.00277	0.00360
7	0.03524	0.00555	0.00709	0.00742	0.00859	0.00536	0.00568	0.03548	0.01085	0.10071	0.05418	0.37307	0.05186	0.04381	0.00661	0.00200	0.00351	0.20329	0.03496	0.00474
8	0.06224	0.00544	0.00638	0.00632	0.00778	0.00498	0.00464	0.01011	0.01070	0.13470	0.07809	0.32380	0.26530	0.03228	0.00602	0.00179	0.00296	0.00995	0.02177	0.00475
9	0.00915	0.00861	0.01453	0.81804	0.03338	0.01077	0.01346	0.01238	0.00969	0.01238	0.00861	0.01292	0.00646	0.00484	0.00484	0.00161	0.00646	0.00431	0.00215	0.00538
10	0.00647	0.00494	0.00593	0.00568	0.00700	0.00441	0.00426	0.00839	0.01279	0.01723	0.53764	0.03982	0.30636	0.01073	0.00572	0.00156	0.00234	0.00927	0.00505	0.00441
11	0.00682	0.00483	0.00637	0.00653	0.00695	0.00512	0.00446	0.00769	0.00784	0.01083	0.03442	0.14785	0.01827	0.36842	0.33633	0.00545	0.00767	0.00737	0.00309	0.00368
12	0.00636	0.00489	0.00556	0.00589	0.00678	0.00456	0.00405	0.00779	0.04455	0.01240	0.03275	0.30449	0.33307	0.17401	0.02843	0.00249	0.00332	0.01047	0.00417	0.00398
13	0.00927	0.00721	0.02300	0.00902	0.04490	0.03107	0.02100	0.09230	0.02597	0.06120	0.03523	0.43532	0.08041	0.01266	0.03555	0.00202	0.00412	0.06030	0.00433	0.00511
14	0.01142	0.01336	0.05353	0.02082	0.07634	0.01217	0.70605	0.01547	0.01137	0.01554	0.00972	0.01291	0.00733	0.00412	0.00562	0.00162	0.00798	0.00556	0.00243	0.00663
15	0.86392	0.00937	0.00712	0.00637	0.00937	0.01087	0.00525	0.01425	0.00825	0.02174	0.00675	0.00787	0.00525	0.00450	0.00300	0.00150	0.00375	0.00262	0.00300	0.00525
16	0.00842	0.00421	0.00631	0.00631	0.00631	0.00421	0.00421	0.00631	0.00631	0.00842	0.00842	0.01473	0.00842	0.01684	0.01894	0.85901	0.00421	0.00421	0.00210	0.00210
17	0.00693	0.00517	0.00770	0.00770	0.00854	0.00601	0.00595	0.00860	0.00776	0.01119	0.01306	0.01948	0.01231	0.06386	0.78324	0.00768	0.01269	0.00526	0.00261	0.00428
18	0.00577	0.00491	0.00497	0.00495	0.00657	0.00411	0.00372	0.00704	0.01115	0.01334	0.07789	0.04624	0.76855	0.01218	0.00573	0.00163	0.00245	0.01017	0.00453	0.00411
19	0.00660	0.00494	0.00612	0.00582	0.00708	0.00446	0.00437	0.00864	0.01310	0.01798	0.62541	0.03859	0.21813	0.01045	0.00572	0.00155	0.00232	0.00910	0.00514	0.00446
20	0.01218	0.00982	0.01042	0.00930	0.01197	0.01115	0.00726	0.05094	0.65053	0.04921	0.02032	0.01893	0.04555	0.00669	0.00485	0.00160	0.00374	0.00554	0.06264	0.00736
21	0.00692	0.00519	0.00779	0.00779	0.00865	0.00606	0.00606	0.00865	0.00779	0.01125	0.01298	0.01904	0.01211	0.03634	0.81049	0.00779	0.01298	0.00519	0.00260	0.00433
22	0.05538	0.00829	0.01108	0.00853	0.01225	0.00727	0.00705	0.02324	0.01365	0.77163	0.01862	0.01615	0.01173	0.00594	0.00480	0.00150	0.00411	0.00478	0.00588	0.00813
23	0.00590	0.00422	0.00562	0.00675	0.00703	0.00394	0.00450	0.00675	0.00928	0.01237	0.02671	0.82653	0.03205	0.01518	0.00619	0.00197	0.00281	0.01378	0.00450	0.00394
24	0.77458	0.00925	0.00756	0.00661	0.00969	0.01047	0.00545	0.01524	0.00884	0.10460	0.00806	0.00879	0.00596	0.00466	0.00320	0.00150	0.00379	0.00286	0.00332	0.00557
25	0.00573	0.00491	0.00491	0.00491	0.00655	0.00409	0.00368	0.00695	0.01105	0.01309	0.04909	0.04664	0.79750	0.01227	0.00573	0.00164	0.00245	0.01023	0.00450	0.00409
26	0.00693	0.00518	0.00771	0.00771	0.00855	0.00602	0.00596	0.00860	0.00777	0.01119	0.01305	0.01943	0.01228	0.06072	0.78634	0.00769	0.01273	0.00525	0.00261	0.00428
27	0.00978	0.00952	0.01359	0.01181	0.01208	0.01280	0.03191	0.01096	0.00784	0.01185	0.01004	0.09319	0.02978	0.01103	0.06897	0.00247	0.63936	0.00545	0.00246	0.00510
28	0.00590	0.00422	0.00562	0.00675	0.00703	0.00394	0.00450	0.00675	0.00928	0.01237	0.02671	0.82653	0.03205	0.01518	0.00619	0.00197	0.00281	0.01378	0.00450	0.00394
29	0.01810	0.02310	0.01373	0.01248	0.01498	0.81024	0.00936	0.01935	0.01373	0.01186	0.00749	0.00874	0.00624	0.00499	0.00437	0.00125	0.00874	0.00312	0.00250	0.00562
30	0.00608	0.00449	0.00633	0.00717	0.00759	0.00419	0.02852	0.00702	0.00934	0.01247	0.02619	0.80139	0.03129	0.01484	0.00617	0.00196	0.00298	0.01353	0.00444	0.00402
31	0.00705	0.00470	0.00529	0.00529	0.00529	0.00470	0.00294	0.00705	0.00705	0.00940	0.01527	0.03171	0.01762	0.82969	0.02467	0.00470	0.00470	0.00705	0.00294	0.00294
32	0.00579	0.00489	0.00500	0.00502	0.00659	0.00411	0.00375	0.00705	0.01112	0.01337	0.08392	0.06880	0.73959	0.01225	0.00574	0.00164	0.00246	0.01026	0.00454	0.00411
33	0.09171	0.00834	0.01090	0.00844	0.01212	0.00743	0.00697	0.02284	0.01340	0.73793	0.01809	0.01578	0.01144	0.00587	0.00472	0.00150	0.00409	0.00469	0.00575	0.00800
34	0.00705	0.00470	0.00529	0.00529	0.00529	0.00470	0.00294	0.00705	0.00705	0.00940	0.01527	0.03171	0.01762	0.82969	0.02467	0.00470	0.00470	0.00705	0.00294	0.00294
35	0.00590	0.00425	0.00559	0.00666	0.00701	0.00394	0.00446	0.00676	0.00936	0.01240	0.02777	0.78953	0.06837	0.01504	0.00616	0.00195	0.00279	0.01361	0.00450	0.00394
36	0.01535	0.01205	0.01281	0.01053	0.01386	0.01359	0.00847	0.41771	0.39338	0.02559	0.01554	0.01475	0.01140	0.00618	0.00489	0.00155	0.00461	0.00490	0.00489	0.00797
37	0.01005	0.00861	0.01005	0.00718	0.01148	0.00646	0.00574	0.01220	0.01005	0.01579	0.00861	0.01005	0.00718	0.00359	0.00359	0.00072	0.00359	0.00287	0.00287	0.85932
38	0.01157	0.01108	0.01891	0.14709	0.68542	0.01140	0.01466	0.01450	0.01083	0.01532	0.00904	0.01213	0.00750	0.00440	0.00480	0.00147	0.00586	0.00432	0.00236	0.00733
39	0.00719	0.00601	0.00630	0.00606	0.00763	0.03572	0.00464	0.03931	0.01248	0.01586	0.28552	0.04087	0.45049	0.01104	0.00569	0.00161	0.00287	0.05152	0.00470	0.00449
40	0.01296	0.83261	0.02539	0.00829	0.01244	0.01917	0.00829	0.01451	0.00985	0.01140	0.00674	0.00777	0.00622	0.00415	0.00311	0.00104	0.00518	0.00259	0.00207	0.00622
41	0.01005	0.00861	0.01005	0.00718	0.01148	0.00646	0.00574	0.01220	0.01005	0.01579	0.00861	0.01005	0.00718	0.00359	0.00359	0.00072	0.00359	0.00287	0.00287	0.85932
42	0.04753	0.01119	0.06594	0.00974	0.01374	0.01015	0.00848	0.27491	0.01640	0.46744	0.01552	0.01417	0.01013	0.00579	0.00478	0.00149	0.00472	0.00454	0.00525	0.00807
43	0.00683	0.00498	0.00666	0.03611	0.00882	0.00487	0.00576	0.00826	0.01007	0.01322	0.06442	0.35489	0.08492	0.09406	0.00808	0.00227	0.00365	0.27374	0.00429	0.00411
44	0.08754	0.26100	0.11796	0.00944	0.01281	0.01193	0.03269	0.06500	0.03800	0.04130	0.01375	0.08544	0.01324	0.00839	0.03564	0.00179	0.00530	0.14960	0.00325	0.00592

[dist]
# distance from previous block
# <min> <max>
1	7

[block]
# block no. 3 follows, 52 sequences, length 93
# corresponding to MSA columns:
# 193-252,254-266,271-281,283-291
name=unknown_D
#
# <colnr> <probs for GDERKNQSTAVLIFYWHMCP>
#	G	D	E	R	K	N	Q	S	T	A	V	L	I	F	Y	W	H	M	C	P
0	0.04586	0.50230	0.26298	0.00993	0.01493	0.01568	0.01105	0.01531	0.01015	0.06118	0.00809	0.00906	0.00651	0.00441	0.00367	0.00124	0.00567	0.00304	0.00234	0.00659
1	0.09725	0.46233	0.19988	0.01001	0.01467	0.04849	0.03949	0.01536	0.01019	0.05206	0.00793	0.00901	0.00643	0.00441	0.00368	0.00125	0.00570	0.00307	0.00238	0.00642
2	0.77865	0.03957	0.00826	0.00675	0.00985	0.01144	0.00561	0.06368	0.00924	0.02193	0.00706	0.00811	0.00548	0.00457	0.00312	0.00148	0.00390	0.00273	0.00308	0.00548
3	0.01005	0.00861	0.01005	0.00718	0.01148	0.00646	0.00574	0.01220	0.01005	0.01579	0.00861	0.01005	0.00718	0.00359	0.00359	0.00072	0.00359	0.00287	0.00287	0.85932
4	0.10059	0.01666	0.26190	0.01176	0.01644	0.05870	0.04511	0.28877	0.01505	0.10288	0.01055	0.01119	0.00747	0.00527	0.00488	0.00150	0.02641	0.00398	0.00359	0.00730
5	0.00590	0.00422	0.00562	0.00675	0.00703	0.00394	0.00450	0.00675	0.00928	0.01237	0.02671	0.82653	0.03205	0.01518	0.00619	0.00197	0.00281	0.01378	0.00450	0.00394
6	0.01005	0.00861	0.01005	0.00718	0.01148	0.00646	0.00574	0.01220	0.01005	0.01579	0.00861	0.01005	0.00718	0.00359	0.00359	0.00072	0.00359	0.00287	0.00287	0.85932
7	0.01205	0.01041	0.01096	0.00986	0.01260	0.01205	0.00767	0.02575	0.79071	0.02027	0.01972	0.01808	0.01479	0.00657	0.00493	0.00164	0.00384	0.00548	0.00493	0.00767
8	0.03223	0.01036	0.01763	0.34159	0.44894	0.01123	0.04057	0.01389	0.01044	0.01460	0.00888	0.01230	0.00712	0.00452	0.00480	0.00152	0.00607	0.00432	0.00232	0.00667
9	0.01600	0.01165	0.01662	0.01259	0.01637	0.03888	0.21310	0.29985	0.01635	0.19422	0.06004	0.01653	0.02924	0.00599	0.00519	0.00154	0.00567	0.02850	0.00439	0.00728
10	0.07075	0.07341	0.01393	0.01166	0.01433	0.65245	0.00894	0.03145	0.05582	0.01322	0.00813	0.00918	0.00668	0.00501	0.00424	0.00128	0.00787	0.00320	0.00267	0.00579
11	0.00978	0.02461	0.77516	0.01406	0.02114	0.01129	0.04687	0.01535	0.01028	0.01535	0.00874	0.01034	0.00618	0.00458	0.00465	0.00154	0.00720	0.00366	0.00206	0.00714
12	0.00972	0.02507	0.80458	0.01381	0.02097	0.01125	0.01790	0.01535	0.01023	0.01535	0.00870	0.01023	0.00614	0.00460	0.00460	0.00153	0.00716	0.00358	0.00205	0.00716
13	0.00705	0.00470	0.00529	0.00529	0.00529	0.00470	0.00294	0.00705	0.00705	0.00940	0.01527	0.03171	0.01762	0.82969	0.02467	0.00470	0.00470	0.00705	0.00294	0.00294
14	0.00915	0.00861	0.01453	0.81804	0.03338	0.01077	0.01346	0.01238	0.00969	0.01238	0.00861	0.01292	0.00646	0.00484	0.00484	0.00161	0.00646	0.00431	0.00215	0.00538
15	0.01005	0.00861	0.01005	0.00718	0.01148	0.00646	0.00574	0.01220	0.01005	0.01579	0.00861	0.01005	0.00718	0.00359	0.00359	0.00072	0.00359	0.00287	0.00287	0.85932
16	0.00705	0.00470	0.00529	0.00529	0.00529	0.00470	0.00294	0.00705	0.00705	0.00940	0.01527	0.03171	0.01762	0.82969	0.02467	0.00470	0.00470	0.00705	0.00294	0.00294
17	0.00591	0.00495	0.00516	0.00522	0.00680	0.00421	0.00398	0.00725	0.01118	0.01348	0.08318	0.04664	0.71372	0.01223	0.00579	0.00167	0.00257	0.05739	0.00454	0.00414
18	0.00915	0.00861	0.01453	0.81804	0.03338	0.01077	0.01346	0.01238	0.00969	0.01238	0.00861	0.01292	0.00646	0.00484	0.00484	0.00161	0.00646	0.00431	0.00215	0.00538
19	0.00925	0.00871	0.01471	0.79081	0.05985	0.01079	0.01351	0.01247	0.00974	0.01250	0.00863	0.01289	0.00650	0.00483	0.00484	0.00161	0.00644	0.00431	0.00216	0.00546
20	0.00590	0.00422	0.00562	0.00675	0.00703	0.00394	0.00450	0.00675	0.00928	0.01237	0.02671	0.82653	0.03205	0.01518	0.00619	0.00197	0.00281	0.01378	0.00450	0.00394
21	0.01005	0.00861	0.01005	0.00718	0.01148	0.00646	0.00574	0.01220	0.01005	0.01579	0.00861	0.01005	0.00718	0.00359	0.00359	0.00072	0.00359	0.00287	0.00287	0.85932
22	0.00972	0.02507	0.80458	0.01381	0.02097	0.01125	0.01790	0.01535	0.01023	0.01535	0.00870	0.01023	0.00614	0.00460	0.00460	0.00153	0.00716	0.00358	0.00205	0.00716
23	0.00705	0.00470	0.00529	0.00529	0.00529	0.00470	0.00294	0.00705	0.00705	0.00940	0.01527	0.03171	0.01762	0.82969	0.02467	0.00470	0.00470	0.00705	0.00294	0.00294
24	0.01194	0.01148	0.01949	0.02913	0.77086	0.01164	0.01472	0.01476	0.01090	0.01568	0.00902	0.01194	0.00763	0.00447	0.00520	0.00146	0.03539	0.00431	0.00239	0.00759
25	0.00705	0.00470	0.00529	0.00529	0.00529	0.00470	0.00294	0.00705	0.00705	0.00940	0.01527	0.03171	0.01762	0.82969	0.02467	0.00470	0.00470	0.00705	0.00294	0.00294
26	0.00842	0.00421	0.00631	0.00631	0.00631	0.00421	0.00421	0.00631	0.00631	0.00842	0.00842	0.01473	0.00842	0.01684	0.01894	0.85901	0.00421	0.00421	0.00210	0.00210
27	0.00786	0.00662	0.00957	0.00908	0.00965	0.00833	0.00719	0.00933	0.00781	0.01146	0.01227	0.08314	0.01215	0.02684	0.52303	0.00573	0.23711	0.00563	0.00262	0.00457
28	0.04386	0.01294	0.01401	0.01077	0.01461	0.01416	0.00890	0.68853	0.02151	0.10340	0.01220	0.01198	0.00851	0.00580	0.00480	0.00146	0.00517	0.00436	0.00490	0.00815
29	0.09888	0.00697	0.00843	0.00713	0.00955	0.00658	0.00563	0.03096	0.03656	0.31843	0.26157	0.02518	0.09502	0.04336	0.00586	0.00165	0.00336	0.00645	0.02234	0.00610
30	0.01267	0.00965	0.01050	0.00930	0.01193	0.01078	0.00735	0.12346	0.49561	0.06554	0.04258	0.03780	0.01568	0.00707	0.00495	0.00161	0.00389	0.05086	0.07158	0.00716
31	0.01176	0.01127	0.01924	0.09567	0.73540	0.01145	0.01475	0.01466	0.01092	0.01554	0.00907	0.01207	0.00757	0.00436	0.00480	0.00145	0.00582	0.00432	0.00238	0.00748
32	0.24786	0.01095	0.01162	0.00915	0.01276	0.01170	0.00756	0.36392	0.01637	0.24320	0.01240	0.01197	0.00848	0.00551	0.00436	0.00148	0.00457	0.00404	0.00467	0.00743
33	0.00919	0.00816	0.00813	0.00756	0.00973	0.03716	0.00580	0.01633	0.37792	0.01666	0.06173	0.03144	0.37252	0.00924	0.00530	0.00162	0.00333	0.00768	0.00466	0.00585
34	0.00649	0.00472	0.00603	0.00634	0.00717	0.00440	0.00451	0.00828	0.02711	0.01581	0.36854	0.38768	0.09537	0.01229	0.00587	0.00173	0.00256	0.01096	0.01980	0.00431
35	0.00624	0.00489	0.00554	0.00543	0.00673	0.00430	0.00399	0.00777	0.01172	0.01517	0.32321	0.06562	0.44373	0.06583	0.00700	0.00181	0.00255	0.00958	0.00471	0.00419
36	0.16776	0.00887	0.01079	0.00843	0.01206	0.00841	0.00696	0.08279	0.01361	0.60534	0.01637	0.01461	0.01052	0.00572	0.00455	0.00150	0.00416	0.00444	0.00538	0.00773
37	0.00733	0.00548	0.00687	0.00746	0.00851	0.00542	0.00586	0.00988	0.07650	0.01410	0.06648	0.21136	0.14304	0.08879	0.00791	0.00223	0.00367	0.32025	0.00442	0.00443
38	0.04650	0.00585	0.00626	0.00592	0.00757	0.00559	0.00442	0.01067	0.09981	0.04763	0.17053	0.03605	0.40370	0.08739	0.00717	0.00187	0.00291	0.00835	0.03710	0.00471
39	0.00891	0.00451	0.00456	0.00460	0.00570	0.00449	0.00343	0.01112	0.01013	0.01785	0.01622	0.04872	0.01317	0.00601	0.00349	0.00116	0.00228	0.00487	0.82428	0.00449
40	0.01234	0.01055	0.01112	0.00992	0.01271	0.01219	0.00774	0.05998	0.75601	0.02074	0.01936	0.01779	0.01450	0.00654	0.00493	0.00164	0.00390	0.00543	0.00493	0.00770
41	0.00727	0.00473	0.00544	0.00558	0.00581	0.00472	0.00347	0.00773	0.00782	0.01086	0.01671	0.06619	0.01858	0.63913	0.02012	0.00400	0.00434	0.07279	0.09141	0.00327
42	0.00702	0.00470	0.00528	0.00528	0.00532	0.00468	0.00295	0.00704	0.00714	0.00949	0.01609	0.03207	0.03646	0.80994	0.02421	0.00462	0.00464	0.00712	0.00297	0.00296
43	0.01138	0.37019	0.42739	0.01158	0.01730	0.01477	0.03693	0.03427	0.01042	0.01404	0.00797	0.00930	0.00626	0.00442	0.00400	0.00132	0.00630	0.00324	0.00214	0.00677
44	0.01431	0.00639	0.00825	0.00715	0.00929	0.00583	0.00558	0.01596	0.01165	0.38541	0.05920	0.07219	0.01722	0.13142	0.00786	0.00201	0.00373	0.07050	0.16005	0.00600
45	0.00696	0.00466	0.00531	0.00540	0.00542	0.00464	0.00306	0.00702	0.00722	0.00963	0.01618	0.09498	0.01877	0.76486	0.02319	0.00448	0.00455	0.00758	0.00306	0.00302
46	0.01810	0.02310	0.01373	0.01248	0.01498	0.81024	0.00936	0.01935	0.01373	0.01186	0.00749	0.00874	0.00624	0.00499	0.00437	0.00125	0.00874	0.00312	0.00250	0.00562
47	0.00636	0.00493	0.00579	0.00558	0.00694	0.00436	0.00418	0.00819	0.01255	0.01666	0.47027	0.04076	0.37409	0.01094	0.00572	0.00157	0.00236	0.00940	0.00497	0.00436
48	0.01005	0.00861	0.01005	0.00718	0.01148	0.00646	0.00574	0.01220	0.01005	0.01579	0.00861	0.01005	0.00718	0.00359	0.00359	0.00072	0.00359	0.00287	0.00287	0.85932
49	0.00686	0.00495	0.00648	0.00610	0.00724	0.00457	0.00457	0.00914	0.01372	0.01943	0.79691	0.03620	0.04572	0.00991	0.00572	0.00152	0.00229	0.00876	0.00533	0.00457
50	0.00705	0.00470	0.00529	0.00529	0.00529	0.00470	0.00294	0.00705	0.00705	0.00940	0.01527	0.03171	0.01762	0.82969	0.02467	0.00470	0.00470	0.00705	0.00294	0.00294
51	0.00842	0.00421	0.00631	0.00631	0.00631	0.00421	0.00421	0.00631	0.00631	0.00842	0.00842	0.01473	0.00842	0.01684	0.01894	0.85901	0.00421	0.00421	0.00210	0.00210
52	0.01005	0.00861	0.01005	0.00718	0.01148	0.00646	0.00574	0.01220	0.01005	0.01579	0.00861	0.01005	0.00718	0.00359	0.00359	0.00072	0.00359	0.00287	0.00287	0.85932
53	0.00573	0.00491	0.00491	0.00491	0.00655	0.00409	0.00368	0.00695	0.01105	0.01309	0.04909	0.04664	0.79750	0.01227	0.00573	0.00164	0.00245	0.01023	0.00450	0.00409
54	0.00590	0.00422	0.00562	0.00675	0.00703	0.00394	0.00450	0.00675	0.00928	0.01237	0.02671	0.82653	0.03205	0.01518	0.00619	0.00197	0.00281	0.01378	0.00450	0.00394
55	0.00677	0.00489	0.00640	0.00616	0.00722	0.00452	0.00457	0.00893	0.01332	0.01880	0.72765	0.10727	0.04450	0.01038	0.00576	0.00156	0.00233	0.00921	0.00526	0.00452
56	0.00754	0.00542	0.00747	0.00846	0.00953	0.00535	0.00723	0.00964	0.01116	0.01458	0.07051	0.10986	0.05719	0.01328	0.00657	0.00215	0.00414	0.64100	0.00452	0.00442
57	0.00692	0.00519	0.00779	0.00779	0.00865	0.00606	0.00606	0.00865	0.00779	0.01125	0.01298	0.01904	0.01211	0.03634	0.81049	0.00779	0.01298	0.00519	0.00260	0.00433
58	0.00705	0.00470	0.00529	0.00529	0.00529	0.00470	0.00294	0.00705	0.00705	0.00940	0.01527	0.03171	0.01762	0.82969	0.02467	0.00470	0.00470	0.00705	0.00294	0.00294
59	0.00595	0.00484	0.00499	0.00505	0.00648	0.00414	0.00369	0.00713	0.01072	0.01310	0.05592	0.09394	0.66621	0.05872	0.00675	0.00181	0.00260	0.01005	0.03387	0.00404
60	0.00965	0.00797	0.00893	0.00868	0.01068	0.00871	0.00689	0.01779	0.42860	0.01734	0.03949	0.08961	0.12419	0.00966	0.00557	0.00181	0.00370	0.18992	0.00474	0.00609
61	0.00590	0.00422	0.00562	0.00675	0.00703	0.00394	0.00450	0.00675	0.00928	0.01237	0.02671	0.82653	0.03205	0.01518	0.00619	0.00197	0.00281	0.01378	0.00450	0.00394
62	0.00708	0.00474	0.00540	0.00544	0.00549	0.00474	0.00315	0.00718	0.00723	0.00962	0.01572	0.03271	0.01807	0.79404	0.02388	0.00459	0.00469	0.04023	0.00300	0.00300
63	0.08792	0.00529	0.00535	0.00518	0.00651	0.00544	0.00390	0.01170	0.04347	0.01837	0.12981	0.02030	0.01694	0.03745	0.00457	0.00138	0.00256	0.00510	0.58410	0.00467
64	0.00592	0.00487	0.00523	0.00542	0.00684	0.00418	0.00406	0.00720	0.01095	0.01336	0.07667	0.14167	0.62695	0.01259	0.00584	0.00171	0.00261	0.05527	0.00453	0.00411
65	0.01205	0.01041	0.01096	0.00986	0.01260	0.01205	0.00767	0.02575	0.79071	0.02027	0.01972	0.01808	0.01479	0.00657	0.00493	0.00164	0.00384	0.00548	0.00493	0.00767
66	0.00781	0.00558	0.00781	0.00892	0.01004	0.00558	0.00781	0.01004	0.01116	0.01450	0.02566	0.05466	0.02789	0.01339	0.00669	0.00223	0.00446	0.76685	0.00446	0.00446
67	0.01169	0.01120	0.01912	0.11470	0.71690	0.01143	0.01472	0.01460	0.01089	0.01546	0.00906	0.01209	0.00755	0.00437	0.00480	0.00146	0.00583	0.00432	0.00237	0.00743
68	0.00929	0.00875	0.01478	0.78057	0.06979	0.01080	0.01353	0.01250	0.00975	0.01255	0.00864	0.01288	0.00652	0.00482	0.00484	0.00161	0.00643	0.00431	0.00216	0.00549
69	0.01144	0.01307	0.02859	0.02042	0.02533	0.01225	0.78186	0.01552	0.01144	0.01552	0.00980	0.01307	0.00735	0.00408	0.00572	0.00163	0.00817	0.00572	0.00245	0.00654
70	0.00573	0.00491	0.00491	0.00491	0.00655	0.00409	0.00368	0.00695	0.01105	0.01309	0.04909	0.04664	0.79750	0.01227	0.00573	0.00164	0.00245	0.01023	0.00450	0.00409
71	0.01159	0.01171	0.04887	0.11586	0.68567	0.01142	0.01483	0.01462	0.01086	0.01543	0.00904	0.01203	0.00748	0.00439	0.00480	0.00146	0.00589	0.00429	0.00236	0.00740
72	0.01060	0.01060	0.01484	0.01272	0.01272	0.01484	0.01060	0.01166	0.00742	0.01166	0.00636	0.01060	0.00636	0.00848	0.01590	0.00212	0.82082	0.00424	0.00212	0.00530
73	0.00781	0.00558	0.00781	0.00892	0.01004	0.00558	0.00781	0.01004	0.01116	0.01450	0.02566	0.05466	0.02789	0.01339	0.00669	0.00223	0.00446	0.76685	0.00446	0.00446
74	0.00582	0.00490	0.00505	0.00504	0.00661	0.00412	0.00377	0.00712	0.01121	0.01357	0.10660	0.06375	0.72157	0.01216	0.00574	0.00164	0.00245	0.01020	0.00456	0.00412
75	0.01192	0.01144	0.01954	0.04905	0.78071	0.01150	0.01484	0.01481	0.01100	0.01575	0.00910	0.01202	0.00765	0.00433	0.00480	0.00144	0.00577	0.00432	0.00239	0.00762
76	0.00692	0.00519	0.00779	0.00779	0.00865	0.00606	0.00606	0.00865	0.00779	0.01125	0.01298	0.01904	0.01211	0.03634	0.81049	0.00779	0.01298	0.00519	0.00260	0.00433
77	0.00947	0.00897	0.01527	0.72756	0.10819	0.01086	0.02647	0.01268	0.00985	0.01277	0.00868	0.01283	0.00659	0.00478	0.00485	0.00160	0.00642	0.00433	0.00218	0.00563
78	0.00692	0.00519	0.00779	0.00779	0.00865	0.00606	0.00606	0.00865	0.00779	0.01125	0.01298	0.01904	0.01211	0.03634	0.81049	0.00779	0.01298	0.00519	0.00260	0.00433
79	0.00587	0.00444	0.00543	0.00618	0.00689	0.00400	0.00425	0.00686	0.00991	0.01275	0.05068	0.57463	0.26222	0.01419	0.00604	0.00186	0.00269	0.01260	0.00452	0.00400
80	0.01005	0.00861	0.01005	0.00718	0.01148	0.00646	0.00574	0.01220	0.01005	0.01579	0.00861	0.01005	0.00718	0.00359	0.00359	0.00072	0.00359	0.00287	0.00287	0.85932
81	0.00714	0.00464	0.00539	0.00542	0.00543	0.00463	0.00310	0.00697	0.00705	0.00940	0.01498	0.05377	0.01721	0.73113	0.02359	0.08277	0.00460	0.00699	0.00291	0.00289
82	0.01259	0.01068	0.01126	0.00997	0.01281	0.01231	0.00780	0.09001	0.72557	0.02114	0.01904	0.01753	0.01424	0.00651	0.00492	0.00163	0.00396	0.00538	0.00492	0.00772
83	0.01002	0.00970	0.01379	0.11392	0.01458	0.01322	0.01017	0.01127	0.00768	0.01154	0.00760	0.01299	0.00752	0.08299	0.03250	0.00241	0.62631	0.00452	0.00221	0.00508
84	0.76227	0.01043	0.00797	0.00702	0.01005	0.05760	0.00573	0.06228	0.00947	0.02171	0.00709	0.00816	0.00549	0.00461	0.00319	0.00148	0.00414	0.00276	0.00308	0.00546
85	0.01199	0.01151	0.01967	0.02974	0.79946	0.01151	0.01487	0.01487	0.01103	0.01583	0.00912	0.01199	0.00768	0.00432	0.00480	0.00144	0.00576	0.00432	0.00240	0.00768
86	0.01025	0.00913	0.01224	0.27774	0.06167	0.00927	0.00918	0.01508	0.16421	0.01555	0.01084	0.01269	0.00847	0.00463	0.00434	0.00124	0.00471	0.00394	0.00301	0.36182
87	0.01150	0.01073	0.01704	0.20452	0.48643	0.01151	0.01331	0.03264	0.13266	0.01606	0.01071	0.01315	0.00852	0.00482	0.00483	0.00151	0.00561	0.00450	0.00279	0.00717
88	0.00692	0.00519	0.00779	0.00779	0.00865	0.00606	0.00606	0.00865	0.00779	0.01125	0.01298	0.01904	0.01211	0.03634	0.81049	0.00779	0.01298	0.00519	0.00260	0.00433
89	0.01131	0.01134	0.02116	0.13968	0.36400	0.01141	0.27394	0.03327	0.01131	0.01560	0.02373	0.01446	0.00880	0.00478	0.00520	0.00156	0.00656	0.03253	0.00257	0.00680
90	0.55419	0.01098	0.02250	0.05473	0.01205	0.09053	0.00667	0.04007	0.04273	0.05214	0.02237	0.00983	0.00704	0.00481	0.00357	0.00144	0.00450	0.00318	0.00318	0.05349
91	0.01107	0.03897	0.01669	0.02122	0.45745	0.01159	0.01203	0.02963	0.01069	0.01537	0.10360	0.03575	0.01254	0.00626	0.00745	0.00161	0.19365	0.00502	0.00278	0.00662
92	0.04501	0.12181	0.50347	0.01225	0.01805	0.05783	0.04204	0.01568	0.02384	0.04753	0.02645	0.01081	0.00748	0.00471	0.00438	0.00142	0.00646	0.00364	0.00245	0.04469

[dist]
# distance from previous block
# <min> <max>
0	77

# created by:
# /home/cegg/simao/soft/augustus-3.2.1/scripts/msa2prfl.pl ./align_prep/EOG091G0KR3.fa
