[name]
unknown

[dist]
# distance from previous block
# <min> <max>
0	71

[block]
# block no. 0 follows, 59 sequences, length 81
# corresponding to MSA columns:
# 75-155
name=unknown_A
#
# <colnr> <probs for GDERKNQSTAVLIFYWHMCP>
#	G	D	E	R	K	N	Q	S	T	A	V	L	I	F	Y	W	H	M	C	P
0	0.01026	0.24051	0.01235	0.00766	0.00982	0.02778	0.03039	0.04480	0.07104	0.10297	0.01665	0.25758	0.03883	0.04318	0.00526	0.00156	0.00391	0.06678	0.00352	0.00514
1	0.01088	0.33251	0.12471	0.00890	0.01295	0.01223	0.05018	0.07141	0.05592	0.01393	0.00800	0.00907	0.00654	0.00402	0.00373	0.00104	0.02298	0.00301	0.00244	0.24556
2	0.00971	0.01080	0.16760	0.01109	0.01462	0.00782	0.21050	0.03114	0.01021	0.08919	0.03333	0.14217	0.01338	0.00662	0.00482	0.00145	0.00500	0.09833	0.00314	0.12911
3	0.01339	0.02811	0.13839	0.09336	0.10609	0.00919	0.09993	0.09249	0.02170	0.27313	0.03237	0.03725	0.00983	0.00520	0.00453	0.00140	0.00503	0.01847	0.00357	0.00657
4	0.01321	0.01025	0.01714	0.04325	0.41515	0.03007	0.15437	0.03253	0.01101	0.21270	0.01066	0.01206	0.00786	0.00433	0.00453	0.00136	0.00536	0.00426	0.00305	0.00684
5	0.00749	0.00645	0.01150	0.01011	0.01177	0.00610	0.22534	0.00940	0.00950	0.02968	0.01971	0.40665	0.02170	0.01047	0.00560	0.00176	0.00430	0.19443	0.00360	0.00444
6	0.01075	0.01194	0.04884	0.05285	0.18709	0.03122	0.54378	0.01415	0.01035	0.03157	0.00886	0.01159	0.00676	0.00387	0.00493	0.00144	0.00683	0.00476	0.00227	0.00616
7	0.00595	0.00426	0.00566	0.00658	0.00704	0.00409	0.00471	0.02653	0.00905	0.01201	0.02384	0.69038	0.02804	0.01335	0.00568	0.00182	0.00287	0.14027	0.00410	0.00376
8	0.00983	0.00531	0.00702	0.00650	0.00809	0.00483	0.00509	0.01154	0.01146	0.22944	0.33701	0.11727	0.07826	0.03296	0.00567	0.00160	0.00293	0.11556	0.00472	0.00491
9	0.01464	0.01051	0.01839	0.01350	0.01739	0.03284	0.40049	0.08108	0.02833	0.31735	0.01237	0.01296	0.00846	0.00457	0.00481	0.00142	0.00579	0.00475	0.00367	0.00666
10	0.03786	0.21716	0.57006	0.01113	0.01669	0.04908	0.01352	0.01394	0.00933	0.01318	0.00740	0.00866	0.00559	0.00411	0.00382	0.00128	0.00607	0.00300	0.00192	0.00620
11	0.00558	0.00401	0.00532	0.00626	0.00667	0.00376	0.00438	0.00652	0.00881	0.01168	0.04753	0.70519	0.06206	0.01342	0.00565	0.00179	0.00269	0.09088	0.00412	0.00366
12	0.00886	0.02285	0.82190	0.01259	0.01912	0.01026	0.01632	0.01399	0.00932	0.01399	0.00793	0.00932	0.00559	0.00420	0.00420	0.00140	0.00653	0.00326	0.00186	0.00653
13	0.00565	0.00444	0.00512	0.00513	0.00632	0.00391	0.00382	0.00710	0.01077	0.01394	0.31390	0.11911	0.44151	0.01072	0.00528	0.00150	0.00227	0.03125	0.00437	0.00388
14	0.00905	0.07667	0.76976	0.01226	0.01861	0.01073	0.01575	0.01394	0.00930	0.01375	0.00781	0.00918	0.00560	0.00417	0.00411	0.00137	0.00641	0.00320	0.00187	0.00647
15	0.00712	0.00508	0.00712	0.00813	0.00915	0.00508	0.00712	0.00915	0.01017	0.01322	0.02338	0.04982	0.02542	0.01220	0.00610	0.00203	0.00407	0.78750	0.00407	0.00407
16	0.00712	0.00508	0.00712	0.00813	0.00915	0.00508	0.00712	0.00915	0.01017	0.01322	0.02338	0.04982	0.02542	0.01220	0.00610	0.00203	0.00407	0.78750	0.00407	0.00407
17	0.01733	0.00962	0.01133	0.00889	0.01221	0.00986	0.00728	0.31193	0.13882	0.40196	0.01498	0.01361	0.01006	0.00549	0.00444	0.00137	0.00413	0.00435	0.00493	0.00743
18	0.01181	0.84744	0.02314	0.00756	0.01134	0.01748	0.00756	0.01323	0.00897	0.01039	0.00614	0.00708	0.00567	0.00378	0.00283	0.00094	0.00472	0.00236	0.00189	0.00567
19	0.00687	0.00491	0.00683	0.00785	0.00876	0.00487	0.00669	0.00872	0.00992	0.01294	0.02352	0.16261	0.02596	0.01243	0.00603	0.00200	0.00385	0.67715	0.00407	0.00400
20	0.00631	0.00471	0.00700	0.00700	0.00776	0.00547	0.00540	0.00783	0.00707	0.01018	0.01192	0.01783	0.01125	0.06707	0.79363	0.00698	0.01151	0.00480	0.00238	0.00389
21	0.01584	0.01962	0.01287	0.01147	0.01376	0.71474	0.03108	0.04125	0.04216	0.01170	0.00737	0.00855	0.00607	0.00474	0.00449	0.00120	0.04234	0.00307	0.00241	0.00527
22	0.00834	0.00785	0.01325	0.83417	0.03042	0.00981	0.01227	0.01128	0.00883	0.01128	0.00785	0.01178	0.00589	0.00442	0.00442	0.00147	0.00589	0.00393	0.00196	0.00491
23	0.00670	0.00479	0.00664	0.00766	0.00849	0.00472	0.00639	0.00843	0.00976	0.01275	0.02362	0.24028	0.02633	0.01259	0.00599	0.00198	0.00371	0.60116	0.00407	0.00395
24	0.01077	0.00916	0.00976	0.00880	0.01120	0.01050	0.00687	0.04603	0.71539	0.01857	0.06496	0.01822	0.01530	0.00633	0.00458	0.00150	0.00347	0.02734	0.00450	0.00676
25	0.08713	0.01336	0.01245	0.01024	0.01316	0.26806	0.07684	0.18346	0.09818	0.14006	0.04598	0.01188	0.00929	0.00509	0.00426	0.00131	0.00551	0.00395	0.00360	0.00619
26	0.01831	0.00779	0.01020	0.00791	0.01113	0.00708	0.00650	0.10553	0.01351	0.66424	0.08588	0.01611	0.01323	0.00576	0.00451	0.00136	0.00373	0.00470	0.00530	0.00723
27	0.00823	0.00412	0.00412	0.00412	0.00515	0.00412	0.00309	0.01029	0.00926	0.01647	0.01441	0.01647	0.01132	0.00515	0.00309	0.00103	0.00206	0.00412	0.86930	0.00412
28	0.00980	0.01008	0.01584	0.01289	0.01371	0.01309	0.15541	0.01128	0.00744	0.01128	0.00638	0.01008	0.00596	0.00699	0.01279	0.00185	0.68400	0.00411	0.00199	0.00504
29	0.00991	0.00950	0.01631	0.34036	0.49237	0.01025	0.03217	0.01269	0.00959	0.01320	0.00815	0.01128	0.00656	0.00412	0.00441	0.00138	0.00555	0.00396	0.00210	0.00616
30	0.01093	0.01049	0.01793	0.02711	0.81723	0.01049	0.01355	0.01355	0.01006	0.01443	0.00831	0.01093	0.00700	0.00394	0.00437	0.00131	0.00525	0.00394	0.00219	0.00700
31	0.00823	0.00412	0.00412	0.00412	0.00515	0.00412	0.00309	0.01029	0.00926	0.01647	0.01441	0.01647	0.01132	0.00515	0.00309	0.00103	0.00206	0.00412	0.86930	0.00412
32	0.00558	0.00449	0.00497	0.00485	0.00618	0.00388	0.00364	0.00703	0.01091	0.01392	0.31005	0.03923	0.54889	0.01044	0.00522	0.00146	0.00218	0.00886	0.00436	0.00388
33	0.01069	0.02832	0.00973	0.00687	0.01065	0.00655	0.00555	0.04767	0.01005	0.10443	0.00927	0.02388	0.00743	0.00380	0.00348	0.00079	0.00342	0.00304	0.00302	0.70135
34	0.00968	0.00778	0.00906	0.00678	0.01036	0.00628	0.00539	0.01259	0.08510	0.05704	0.02648	0.02861	0.02330	0.00412	0.00357	0.00083	0.00326	0.00337	0.00305	0.69335
35	0.01032	0.00979	0.01564	0.07483	0.50224	0.01082	0.01178	0.02938	0.02771	0.01395	0.05639	0.01215	0.00890	0.00519	0.00668	0.00147	0.18997	0.00419	0.00238	0.00622
36	0.00631	0.00473	0.00710	0.00710	0.00789	0.00552	0.00552	0.00789	0.00710	0.01025	0.01183	0.01735	0.01104	0.03312	0.82728	0.00710	0.01183	0.00473	0.00237	0.00394
37	0.03589	0.02966	0.01455	0.10304	0.37856	0.04419	0.01072	0.06673	0.04195	0.04993	0.00956	0.04604	0.00816	0.00632	0.03991	0.00166	0.10010	0.00426	0.00262	0.00615
38	0.00954	0.17483	0.62075	0.01142	0.01717	0.01164	0.01408	0.01447	0.06156	0.01361	0.00825	0.00938	0.00612	0.00424	0.00396	0.00132	0.00599	0.00321	0.00204	0.00640
39	0.17595	0.00827	0.00961	0.00742	0.01083	0.00772	0.00608	0.09669	0.01173	0.41056	0.01249	0.01181	0.00846	0.00470	0.00386	0.00120	0.00370	0.00360	0.00421	0.20111
40	0.00968	0.25250	0.59944	0.01119	0.01695	0.01227	0.01388	0.01377	0.00923	0.01299	0.00743	0.00870	0.00562	0.00408	0.00382	0.00127	0.00602	0.00301	0.00187	0.00629
41	0.00537	0.00387	0.00510	0.00609	0.00639	0.00359	0.00407	0.00616	0.00852	0.01130	0.02513	0.81102	0.05958	0.01373	0.00562	0.00178	0.00255	0.01243	0.00410	0.00359
42	0.31503	0.01120	0.02924	0.00844	0.01155	0.08029	0.00699	0.28069	0.08927	0.11173	0.01014	0.01022	0.00732	0.00488	0.00380	0.00135	0.00441	0.00346	0.00372	0.00629
43	0.01093	0.01049	0.01793	0.02711	0.81723	0.01049	0.01355	0.01355	0.01006	0.01443	0.00831	0.01093	0.00700	0.00394	0.00437	0.00131	0.00525	0.00394	0.00219	0.00700
44	0.87598	0.00854	0.00649	0.00581	0.00854	0.00991	0.00478	0.01298	0.00752	0.01982	0.00615	0.00717	0.00478	0.00410	0.00273	0.00137	0.00342	0.00239	0.00273	0.00478
45	0.00886	0.02285	0.82190	0.01259	0.01912	0.01026	0.01632	0.01399	0.00932	0.01399	0.00793	0.00932	0.00559	0.00420	0.00420	0.00140	0.00653	0.00326	0.00186	0.00653
46	0.01723	0.00998	0.01162	0.00908	0.01239	0.01032	0.00752	0.44790	0.01689	0.32678	0.01401	0.01473	0.00994	0.00578	0.00451	0.00138	0.00436	0.05137	0.01698	0.00726
47	0.00614	0.00451	0.00575	0.00544	0.00653	0.00412	0.00408	0.00812	0.01224	0.01709	0.73157	0.03402	0.12539	0.00926	0.00521	0.00140	0.00210	0.00813	0.00478	0.00412
48	0.00823	0.00412	0.00412	0.00412	0.00515	0.00412	0.00309	0.01029	0.00926	0.01647	0.01441	0.01647	0.01132	0.00515	0.00309	0.00103	0.00206	0.00412	0.86930	0.00412
49	0.00533	0.00404	0.00492	0.00563	0.00627	0.00363	0.00387	0.00621	0.00896	0.01148	0.03070	0.59283	0.27418	0.01301	0.00551	0.00170	0.00246	0.01155	0.00410	0.00363
50	0.01181	0.84744	0.02314	0.00756	0.01134	0.01748	0.00756	0.01323	0.00897	0.01039	0.00614	0.00708	0.00567	0.00378	0.00283	0.00094	0.00472	0.00236	0.00189	0.00567
51	0.00834	0.00785	0.01325	0.83417	0.03042	0.00981	0.01227	0.01128	0.00883	0.01128	0.00785	0.01178	0.00589	0.00442	0.00442	0.00147	0.00589	0.00393	0.00196	0.00491
52	0.00823	0.00412	0.00412	0.00412	0.00515	0.00412	0.00309	0.01029	0.00926	0.01647	0.01441	0.01647	0.01132	0.00515	0.00309	0.00103	0.00206	0.00412	0.86930	0.00412
53	0.00611	0.00451	0.00570	0.00540	0.00651	0.00411	0.00405	0.00805	0.01216	0.01690	0.70695	0.03432	0.15013	0.00933	0.00521	0.00140	0.00211	0.00817	0.00476	0.00411
54	0.01950	0.00803	0.01057	0.00810	0.01153	0.00725	0.00669	0.10395	0.01350	0.73666	0.01670	0.01457	0.01057	0.00545	0.00444	0.00136	0.00387	0.00439	0.00536	0.00752
55	0.01093	0.01049	0.01793	0.02711	0.81723	0.01049	0.01355	0.01355	0.01006	0.01443	0.00831	0.01093	0.00700	0.00394	0.00437	0.00131	0.00525	0.00394	0.00219	0.00700
56	0.00632	0.00469	0.00689	0.00689	0.00761	0.00541	0.00526	0.00775	0.00704	0.01010	0.01202	0.01840	0.01150	0.10703	0.75399	0.00684	0.01114	0.00489	0.00239	0.00383
57	0.00546	0.00390	0.00521	0.00624	0.00653	0.00365	0.00423	0.00628	0.00853	0.01136	0.02430	0.80751	0.02905	0.01377	0.00566	0.00180	0.00263	0.04620	0.00410	0.00361
58	0.01110	0.64930	0.21508	0.00877	0.01321	0.01574	0.00966	0.01341	0.00906	0.01126	0.00657	0.00762	0.00565	0.00388	0.00316	0.00105	0.00516	0.00258	0.00188	0.00587
59	0.00584	0.00459	0.00529	0.00518	0.00643	0.00411	0.00386	0.00767	0.03375	0.01455	0.37312	0.09361	0.40549	0.01030	0.00522	0.00147	0.00223	0.00885	0.00444	0.00400
60	0.00969	0.00976	0.01405	0.01189	0.01208	0.01343	0.04276	0.01078	0.00692	0.01078	0.00593	0.00976	0.00584	0.00756	0.01411	0.00191	0.80202	0.00392	0.00195	0.00488
61	0.00932	0.15139	0.69739	0.01180	0.01790	0.01138	0.01495	0.01387	0.00927	0.01343	0.00765	0.00898	0.00561	0.00413	0.00398	0.00133	0.00625	0.00312	0.00187	0.00639
62	0.00879	0.00832	0.01422	0.72610	0.07243	0.01001	0.05628	0.02948	0.00926	0.01199	0.00800	0.01171	0.00603	0.00437	0.00446	0.00146	0.00592	0.00400	0.00205	0.00514
63	0.00563	0.00451	0.00508	0.00531	0.00656	0.00396	0.00408	0.00695	0.01017	0.01264	0.11618	0.12155	0.54036	0.01139	0.00539	0.00159	0.00253	0.12814	0.00417	0.00381
64	0.87598	0.00854	0.00649	0.00581	0.00854	0.00991	0.00478	0.01298	0.00752	0.01982	0.00615	0.00717	0.00478	0.00410	0.00273	0.00137	0.00342	0.00239	0.00273	0.00478
65	0.01061	0.01021	0.01756	0.12413	0.70317	0.01043	0.03251	0.01330	0.00992	0.01404	0.00827	0.01106	0.00686	0.00399	0.00440	0.00134	0.00538	0.00396	0.00216	0.00672
66	0.01085	0.01041	0.01778	0.05313	0.79186	0.01047	0.01351	0.01348	0.01002	0.01433	0.00829	0.01096	0.00696	0.00395	0.00437	0.00132	0.00527	0.00393	0.00218	0.00693
67	0.00540	0.00385	0.00512	0.00612	0.00637	0.00360	0.00407	0.00616	0.00841	0.01121	0.02411	0.82400	0.02892	0.03214	0.00601	0.00185	0.00260	0.01242	0.00407	0.00357
68	0.04524	0.00984	0.01091	0.00938	0.01211	0.01117	0.04027	0.11316	0.63588	0.03691	0.01627	0.01521	0.01211	0.00573	0.00445	0.00147	0.00382	0.00477	0.00434	0.00693
69	0.01292	0.01565	0.29053	0.01261	0.01722	0.07663	0.19205	0.13787	0.03804	0.14752	0.01036	0.01117	0.00728	0.00455	0.00450	0.00138	0.00605	0.00403	0.00305	0.00661
70	0.00611	0.00459	0.00614	0.00731	0.03820	0.00435	0.00529	0.00741	0.00931	0.01211	0.02668	0.43321	0.15242	0.01252	0.00567	0.00180	0.00309	0.25588	0.00402	0.00389
71	0.01630	0.01205	0.01297	0.01003	0.01346	0.01337	0.00827	0.75599	0.04279	0.02703	0.01085	0.01098	0.00779	0.00617	0.02962	0.00151	0.00503	0.00403	0.00436	0.00739
72	0.03388	0.00645	0.00936	0.00865	0.01045	0.00634	0.08892	0.04517	0.04588	0.09142	0.11250	0.09470	0.05606	0.00959	0.00544	0.00173	0.00396	0.36057	0.00410	0.00485
73	0.06167	0.01164	0.02412	0.01766	0.03876	0.01112	0.70446	0.02837	0.02925	0.01483	0.00900	0.01170	0.00677	0.00383	0.00502	0.00148	0.00702	0.00499	0.00235	0.00596
74	0.01138	0.70953	0.13306	0.00829	0.01241	0.01629	0.00875	0.01362	0.03199	0.01112	0.00673	0.00766	0.00588	0.00390	0.00307	0.00102	0.00494	0.00256	0.00196	0.00582
75	0.03551	0.07947	0.60047	0.01159	0.01726	0.03364	0.03059	0.03124	0.00994	0.09760	0.00878	0.00974	0.00620	0.00432	0.00410	0.00135	0.00605	0.00334	0.00234	0.00649
76	0.01125	0.18023	0.42523	0.01217	0.05000	0.02894	0.08400	0.06085	0.01041	0.08442	0.00865	0.00973	0.00635	0.00424	0.00406	0.00130	0.00590	0.00343	0.00239	0.00644
77	0.00847	0.04716	0.00735	0.00672	0.00783	0.02872	0.00496	0.01026	0.06128	0.11059	0.07629	0.40063	0.02310	0.11161	0.00728	0.00195	0.00333	0.07404	0.00401	0.00440
78	0.00903	0.02328	0.00904	0.00907	0.04861	0.03248	0.03994	0.01136	0.04256	0.09613	0.09042	0.13722	0.02229	0.00984	0.00542	0.00172	0.00397	0.38119	0.00400	0.02243
79	0.02931	0.01099	0.03286	0.07830	0.55187	0.06171	0.05426	0.04169	0.02705	0.01448	0.00923	0.05133	0.00798	0.00458	0.00442	0.00135	0.00539	0.00433	0.00241	0.00647
80	0.04345	0.01048	0.01651	0.20351	0.41840	0.06181	0.10550	0.01341	0.02591	0.01381	0.02294	0.01138	0.00730	0.00418	0.00439	0.00135	0.00562	0.00402	0.00227	0.02375

[dist]
# distance from previous block
# <min> <max>
0	14

# created by:
# /home/cegg/simao/soft/augustus-3.2.1/scripts/msa2prfl.pl ./align_prep/EOG091G15XZ.fa
