[name]
unknown

[dist]
# distance from previous block
# <min> <max>
0	30

[block]
# block no. 0 follows, 55 sequences, length 7
# corresponding to MSA columns:
# 30-36
name=unknown_A
#
# <colnr> <probs for GDERKNQSTAVLIFYWHMCP>
#	G	D	E	R	K	N	Q	S	T	A	V	L	I	F	Y	W	H	M	C	P
0	0.00773	0.00574	0.00755	0.00835	0.00950	0.00590	0.00698	0.01105	0.11043	0.01430	0.02407	0.17092	0.02581	0.01229	0.00613	0.00203	0.00396	0.55833	0.00435	0.00459
1	0.01738	0.02217	0.01318	0.01199	0.01438	0.81783	0.00899	0.01858	0.01318	0.01139	0.00719	0.00839	0.00599	0.00479	0.00419	0.00120	0.00839	0.00300	0.00240	0.00539
2	0.01941	0.00824	0.01075	0.00846	0.01191	0.00758	0.00692	0.02299	0.13696	0.68620	0.01845	0.01607	0.01194	0.00585	0.00469	0.00146	0.00392	0.00477	0.00560	0.00783
3	0.00907	0.00793	0.01059	0.13620	0.01439	0.00680	0.04195	0.01122	0.00956	0.01422	0.01052	0.11471	0.00982	0.00507	0.00404	0.00102	0.00398	0.00442	0.00283	0.58167
4	0.02064	0.01732	0.08944	0.01619	0.02095	0.01339	0.11069	0.02024	0.01653	0.07348	0.01923	0.02446	0.01672	0.01064	0.00838	0.00289	0.00792	0.00677	0.00626	0.49784
5	0.02372	0.01644	0.01763	0.01566	0.01932	0.01535	0.01135	0.08219	0.36876	0.20388	0.02564	0.02860	0.02085	0.01229	0.00889	0.00327	0.00737	0.00789	0.00788	0.10301
6	0.01738	0.01225	0.01283	0.01241	0.01340	0.01081	0.00773	0.01473	0.01369	0.01928	0.02384	0.04122	0.02495	0.71233	0.02501	0.00588	0.00793	0.00962	0.00625	0.00847

[dist]
# distance from previous block
# <min> <max>
0	9

[block]
# block no. 1 follows, 55 sequences, length 9
# corresponding to MSA columns:
# 46-54
name=unknown_B
#
# <colnr> <probs for GDERKNQSTAVLIFYWHMCP>
#	G	D	E	R	K	N	Q	S	T	A	V	L	I	F	Y	W	H	M	C	P
0	0.01013	0.01928	0.52060	0.01888	0.30966	0.01090	0.01612	0.01457	0.01011	0.01490	0.00850	0.01044	0.00644	0.00432	0.00449	0.00144	0.00638	0.00370	0.00209	0.00706
1	0.01379	0.01127	0.01507	0.01690	0.30525	0.01209	0.01051	0.31354	0.04543	0.03874	0.01017	0.01160	0.00790	0.00518	0.00553	0.00140	0.08299	0.00412	0.02399	0.06452
2	0.00851	0.00692	0.01015	0.01371	0.30014	0.00692	0.00703	0.00953	0.00817	0.01129	0.01249	0.02348	0.01340	0.53043	0.01667	0.00336	0.00488	0.00580	0.00263	0.00449
3	0.00782	0.00662	0.01036	0.01460	0.30120	0.00645	0.00798	0.00935	0.00953	0.01310	0.01943	0.53122	0.02216	0.01074	0.00545	0.00170	0.00374	0.00989	0.00358	0.00510
4	0.00782	0.00662	0.01036	0.01460	0.30120	0.00645	0.00798	0.00935	0.00953	0.01310	0.01943	0.53122	0.02216	0.01074	0.00545	0.00170	0.00374	0.00989	0.00358	0.00510
5	0.00832	0.00691	0.01056	0.01429	0.30088	0.00699	0.00771	0.00971	0.00862	0.01201	0.01394	0.15139	0.01487	0.28044	0.12999	0.00337	0.00575	0.00658	0.00282	0.00484
6	0.01089	0.20756	0.26108	0.01705	0.30689	0.01223	0.01286	0.01409	0.01000	0.01406	0.00805	0.00988	0.00655	0.00412	0.00406	0.00125	0.00561	0.00341	0.00217	0.08817
7	0.47270	0.08845	0.01293	0.01454	0.30290	0.01142	0.00871	0.01392	0.00905	0.01785	0.00731	0.00900	0.00598	0.00422	0.00352	0.00138	0.00444	0.00311	0.00258	0.00598
8	0.01035	0.07512	0.46663	0.01852	0.30910	0.01142	0.01549	0.01451	0.01008	0.01464	0.00837	0.01028	0.00644	0.00429	0.00439	0.00141	0.00625	0.00363	0.00209	0.00699

[dist]
# distance from previous block
# <min> <max>
0	5

[block]
# block no. 2 follows, 55 sequences, length 31
# corresponding to MSA columns:
# 60-90
name=unknown_C
#
# <colnr> <probs for GDERKNQSTAVLIFYWHMCP>
#	G	D	E	R	K	N	Q	S	T	A	V	L	I	F	Y	W	H	M	C	P
0	0.01151	0.01105	0.01888	0.02855	0.80748	0.01105	0.01428	0.01428	0.01059	0.01520	0.00875	0.01151	0.00737	0.00415	0.00461	0.00138	0.00553	0.00415	0.00230	0.00737
1	0.00601	0.00529	0.00516	0.00508	0.00662	0.03047	0.00381	0.00731	0.01099	0.01324	0.13411	0.04242	0.69085	0.01129	0.00545	0.00155	0.00253	0.00943	0.00435	0.00403
2	0.00949	0.00836	0.00960	0.00844	0.01070	0.03002	0.05823	0.04599	0.36359	0.01708	0.11438	0.05265	0.23568	0.00822	0.00510	0.00156	0.00357	0.00705	0.00443	0.00586
3	0.00750	0.00676	0.00942	0.04051	0.24976	0.00634	0.00717	0.00929	0.01072	0.01373	0.08267	0.03294	0.48744	0.00908	0.00520	0.00151	0.00344	0.00781	0.00368	0.00504
4	0.01087	0.01894	0.44806	0.01163	0.01649	0.11187	0.01276	0.03253	0.20686	0.01590	0.04541	0.01324	0.02437	0.00531	0.00454	0.00146	0.00595	0.00418	0.00294	0.00667
5	0.01064	0.03209	0.05170	0.02309	0.51509	0.01048	0.15410	0.01345	0.01040	0.01461	0.01085	0.11143	0.01006	0.00538	0.00488	0.00147	0.00565	0.00542	0.00253	0.00668
6	0.01244	0.83930	0.02438	0.00796	0.01194	0.01841	0.00796	0.01393	0.00945	0.01095	0.00647	0.00746	0.00597	0.00398	0.00299	0.00100	0.00498	0.00249	0.00199	0.00597
7	0.03846	0.00996	0.01094	0.00970	0.01238	0.01142	0.03466	0.02374	0.73133	0.01924	0.01832	0.01756	0.01391	0.00629	0.00473	0.00158	0.00384	0.02016	0.00458	0.00719
8	0.01151	0.01105	0.01888	0.02855	0.80748	0.01105	0.01428	0.01428	0.01059	0.01520	0.00875	0.01151	0.00737	0.00415	0.00461	0.00138	0.00553	0.00415	0.00230	0.00737
9	0.00658	0.00476	0.00622	0.00585	0.00695	0.00439	0.00439	0.00878	0.01317	0.01866	0.80503	0.03475	0.04390	0.00951	0.00549	0.00146	0.00219	0.00841	0.00512	0.00439
10	0.00986	0.00846	0.00974	0.00718	0.01114	0.00680	0.00572	0.01316	0.09714	0.01564	0.00945	0.01050	0.00770	0.00376	0.00359	0.00079	0.00347	0.00303	0.00298	0.76990
11	0.01721	0.02186	0.01334	0.01245	0.03659	0.79523	0.00914	0.01846	0.01311	0.01149	0.00723	0.00848	0.00603	0.00478	0.00421	0.00120	0.00831	0.00303	0.00239	0.00545
12	0.02087	0.00792	0.01080	0.00828	0.01188	0.00684	0.00684	0.02267	0.01332	0.81071	0.01835	0.01583	0.01152	0.00576	0.00468	0.00144	0.00396	0.00468	0.00576	0.00792
13	0.01681	0.00702	0.00897	0.00726	0.01006	0.00639	0.00591	0.05149	0.01257	0.52420	0.01733	0.01722	0.01196	0.00588	0.00432	0.00136	0.00350	0.02883	0.25215	0.00677
14	0.00617	0.00509	0.00605	0.00627	0.00728	0.00497	0.00474	0.00732	0.00981	0.01237	0.03510	0.26698	0.43775	0.01234	0.00661	0.00176	0.07888	0.08237	0.00411	0.00403
15	0.00677	0.00451	0.00507	0.00507	0.00507	0.00451	0.00282	0.00677	0.00677	0.00902	0.01466	0.03044	0.01691	0.83650	0.02368	0.00451	0.00451	0.00677	0.00282	0.00282
16	0.01097	0.00936	0.01000	0.00903	0.01147	0.01070	0.00700	0.02279	0.70377	0.01936	0.11427	0.01947	0.01780	0.00670	0.00483	0.00156	0.00350	0.00564	0.00478	0.00700
17	0.08724	0.00506	0.00558	0.00548	0.00685	0.00471	0.00410	0.00815	0.01119	0.01569	0.34095	0.11886	0.34877	0.01047	0.00529	0.00155	0.00244	0.00893	0.00450	0.00420
18	0.01689	0.02008	0.01284	0.01155	0.01400	0.68206	0.00876	0.09086	0.01382	0.02890	0.00876	0.03279	0.00752	0.00537	0.00436	0.00127	0.00773	0.02405	0.00278	0.00561
19	0.01209	0.01124	0.01842	0.02688	0.73286	0.01137	0.01377	0.08746	0.01165	0.01653	0.00898	0.01148	0.00742	0.00428	0.00461	0.00138	0.00549	0.00415	0.00252	0.00742
20	0.00928	0.02258	0.73727	0.08968	0.02126	0.01076	0.01679	0.01447	0.00977	0.01447	0.00834	0.01006	0.00592	0.00444	0.00444	0.00148	0.00681	0.00350	0.00197	0.00671
21	0.01189	0.76077	0.02267	0.00776	0.01147	0.01709	0.00762	0.01345	0.00980	0.01167	0.08161	0.01003	0.00954	0.00450	0.00322	0.00104	0.00471	0.00305	0.00228	0.00582
22	0.01018	0.01018	0.01425	0.01221	0.01221	0.01425	0.01018	0.01120	0.00712	0.01120	0.00611	0.01018	0.00611	0.00814	0.01527	0.00204	0.82799	0.00407	0.00204	0.00509
23	0.01182	0.01012	0.01066	0.00952	0.01219	0.01169	0.00742	0.05639	0.76700	0.01987	0.01861	0.01710	0.01394	0.00628	0.00473	0.00157	0.00374	0.00522	0.00473	0.00739
24	0.00569	0.00408	0.00540	0.00642	0.00674	0.00380	0.00430	0.00654	0.00905	0.01205	0.04492	0.79634	0.04865	0.01439	0.00592	0.00187	0.00268	0.01303	0.00434	0.00380
25	0.86937	0.00900	0.00684	0.00612	0.00900	0.01044	0.00504	0.01368	0.00792	0.02087	0.00648	0.00756	0.00504	0.00432	0.00288	0.00144	0.00360	0.00252	0.00288	0.00504
26	0.01738	0.02217	0.01318	0.01199	0.01438	0.81783	0.00899	0.01858	0.01318	0.01139	0.00719	0.00839	0.00599	0.00479	0.00419	0.00120	0.00839	0.00300	0.00240	0.00539
27	0.00691	0.00504	0.00639	0.00701	0.00815	0.00476	0.00566	0.00870	0.02351	0.03094	0.04669	0.19760	0.25317	0.01254	0.00598	0.00189	0.00336	0.36313	0.00436	0.00422
28	0.00553	0.00459	0.00484	0.00505	0.00637	0.00390	0.00368	0.00664	0.01028	0.01244	0.04305	0.19449	0.65851	0.01231	0.00558	0.00163	0.00242	0.01047	0.00432	0.00390
29	0.00939	0.00885	0.01476	0.64934	0.17646	0.01051	0.01299	0.01276	0.03560	0.01276	0.00871	0.01240	0.00668	0.00461	0.00465	0.00152	0.00599	0.00417	0.00220	0.00565
30	0.01556	0.05576	0.03556	0.01106	0.02483	0.22255	0.03546	0.26702	0.06022	0.09312	0.01059	0.01136	0.00799	0.00616	0.02492	0.00154	0.07426	0.00394	0.03150	0.00659

[dist]
# distance from previous block
# <min> <max>
0	38

[block]
# block no. 3 follows, 55 sequences, length 64
# corresponding to MSA columns:
# 129-192
name=unknown_D
#
# <colnr> <probs for GDERKNQSTAVLIFYWHMCP>
#	G	D	E	R	K	N	Q	S	T	A	V	L	I	F	Y	W	H	M	C	P
0	0.01098	0.01255	0.02745	0.01961	0.02431	0.01176	0.79059	0.01490	0.01098	0.01490	0.00941	0.01255	0.00706	0.00392	0.00549	0.00157	0.00784	0.00549	0.00235	0.00627
1	0.00567	0.00405	0.00540	0.00648	0.00675	0.00378	0.00432	0.00648	0.00891	0.01188	0.02564	0.83347	0.03077	0.01457	0.00594	0.00189	0.00270	0.01323	0.00432	0.00378
2	0.00576	0.00417	0.00565	0.03020	0.00748	0.00397	0.00457	0.00663	0.00892	0.01188	0.02514	0.80968	0.03006	0.01429	0.00590	0.00188	0.00280	0.01296	0.00425	0.00382
3	0.01151	0.01105	0.01888	0.02855	0.80748	0.01105	0.01428	0.01428	0.01059	0.01520	0.00875	0.01151	0.00737	0.00415	0.00461	0.00138	0.00553	0.00415	0.00230	0.00737
4	0.01244	0.83930	0.02438	0.00796	0.01194	0.01841	0.00796	0.01393	0.00945	0.01095	0.00647	0.00746	0.00597	0.00398	0.00299	0.00100	0.00498	0.00249	0.00199	0.00597
5	0.00965	0.00827	0.00965	0.00689	0.01102	0.00620	0.00551	0.01171	0.00965	0.01516	0.00827	0.00965	0.00689	0.00345	0.00345	0.00069	0.00345	0.00276	0.00276	0.86494
6	0.01248	0.01447	0.02081	0.03146	0.08196	0.23600	0.42593	0.01528	0.01130	0.01369	0.00938	0.04538	0.00781	0.00480	0.00535	0.00147	0.03443	0.00492	0.01717	0.00592
7	0.00658	0.00476	0.00622	0.00585	0.00695	0.00439	0.00439	0.00878	0.01317	0.01866	0.80503	0.03475	0.04390	0.00951	0.00549	0.00146	0.00219	0.00841	0.00512	0.00439
8	0.00599	0.00444	0.00564	0.00652	0.00707	0.00420	0.00453	0.00742	0.04198	0.01238	0.02770	0.67089	0.11593	0.01383	0.00586	0.00185	0.00279	0.05268	0.00433	0.00397
9	0.00673	0.00449	0.00509	0.00512	0.00513	0.00449	0.00287	0.00676	0.00684	0.00912	0.01503	0.05790	0.01739	0.80840	0.02307	0.00442	0.00445	0.00699	0.00287	0.00285
10	0.02053	0.00808	0.01137	0.00866	0.01230	0.00701	0.03364	0.02241	0.01324	0.78350	0.01805	0.01572	0.01136	0.00570	0.00471	0.00144	0.00409	0.00471	0.00564	0.00786
11	0.83996	0.00951	0.03438	0.00636	0.00938	0.01045	0.00545	0.01371	0.00798	0.02066	0.00654	0.00763	0.00507	0.00432	0.00293	0.00144	0.00371	0.00255	0.00285	0.00510
12	0.00665	0.00498	0.00748	0.00748	0.00831	0.00582	0.00582	0.00831	0.00748	0.01080	0.01246	0.01828	0.01163	0.03489	0.81807	0.00748	0.01246	0.00498	0.00249	0.00415
13	0.01143	0.01096	0.01873	0.05404	0.78268	0.01103	0.01423	0.01420	0.01055	0.01509	0.00874	0.01154	0.00733	0.00416	0.00461	0.00139	0.00555	0.00414	0.00230	0.00730
14	0.00786	0.00654	0.00760	0.00702	0.00834	0.07469	0.03557	0.00982	0.01246	0.03517	0.56306	0.13304	0.06172	0.00952	0.00541	0.00150	0.00306	0.00840	0.00466	0.00454
15	0.00983	0.00838	0.00974	0.00698	0.01110	0.00639	0.00559	0.02928	0.00992	0.01548	0.00833	0.00968	0.00691	0.00349	0.00347	0.00070	0.00348	0.00279	0.00280	0.84565
16	0.01018	0.01018	0.01425	0.01221	0.01221	0.01425	0.01018	0.01120	0.00712	0.01120	0.00611	0.01018	0.00611	0.00814	0.01527	0.00204	0.82799	0.00407	0.00204	0.00509
17	0.00965	0.00827	0.00965	0.00689	0.01102	0.00620	0.00551	0.01171	0.00965	0.01516	0.00827	0.00965	0.00689	0.00345	0.00345	0.00069	0.00345	0.00276	0.00276	0.86494
18	0.00567	0.00405	0.00540	0.00648	0.00675	0.00378	0.00432	0.00648	0.00891	0.01188	0.02564	0.83347	0.03077	0.01457	0.00594	0.00189	0.00270	0.01323	0.00432	0.00378
19	0.00933	0.02406	0.81240	0.01326	0.02014	0.01080	0.01719	0.01473	0.00982	0.01473	0.00835	0.00982	0.00589	0.00442	0.00442	0.00147	0.00688	0.00344	0.00196	0.00688
20	0.01007	0.01006	0.01353	0.01171	0.01186	0.03924	0.00967	0.01113	0.00734	0.01114	0.00679	0.01110	0.00672	0.02362	0.07906	0.00248	0.72326	0.00415	0.00210	0.00499
21	0.01157	0.05790	0.01919	0.02739	0.76248	0.01147	0.01392	0.01426	0.01053	0.01496	0.00862	0.01128	0.00729	0.00414	0.00451	0.00136	0.00550	0.00405	0.00229	0.00729
22	0.00639	0.00459	0.00510	0.00506	0.00562	0.00433	0.00319	0.00696	0.00855	0.01108	0.11123	0.03495	0.24184	0.51294	0.01655	0.00335	0.00365	0.00781	0.00350	0.00330
23	0.00654	0.00525	0.00593	0.00574	0.00697	0.03023	0.00427	0.00830	0.01211	0.01612	0.49650	0.08863	0.27561	0.01038	0.00548	0.00152	0.00248	0.00898	0.00474	0.00424
24	0.00565	0.00444	0.00511	0.00554	0.00653	0.00390	0.00393	0.00675	0.01008	0.01272	0.09343	0.37507	0.42479	0.01279	0.00568	0.00170	0.00249	0.01115	0.00438	0.00390
25	0.00879	0.00827	0.01395	0.82532	0.03204	0.01034	0.01292	0.01189	0.00930	0.01189	0.00827	0.01240	0.00620	0.00465	0.00465	0.00155	0.00620	0.00413	0.00207	0.00517
26	0.00601	0.00472	0.00544	0.00528	0.00661	0.00414	0.00395	0.00767	0.01179	0.01544	0.40538	0.05303	0.43242	0.01075	0.00550	0.00153	0.00229	0.00921	0.00470	0.00414
27	0.01098	0.01255	0.02745	0.01961	0.02431	0.01176	0.79059	0.01490	0.01098	0.01490	0.00941	0.01255	0.00706	0.00392	0.00549	0.00157	0.00784	0.00549	0.00235	0.00627
28	0.01172	0.01007	0.01060	0.00950	0.01215	0.01164	0.00740	0.04351	0.78005	0.01970	0.01874	0.01721	0.01405	0.00629	0.00473	0.00157	0.00372	0.00523	0.00473	0.00738
29	0.01103	0.00943	0.01006	0.00908	0.01154	0.01080	0.00704	0.02300	0.71425	0.01937	0.10378	0.01923	0.01741	0.00666	0.00482	0.00157	0.00352	0.00560	0.00478	0.00704
30	0.03051	0.01041	0.01148	0.00868	0.01249	0.02134	0.00708	0.34213	0.01507	0.06721	0.01041	0.01158	0.00800	0.00474	0.00410	0.00109	0.00428	0.02139	0.00376	0.40427
31	0.05784	0.64202	0.09235	0.00864	0.01269	0.07645	0.00868	0.01455	0.00978	0.03142	0.00698	0.00795	0.00605	0.00414	0.00324	0.00109	0.00530	0.00267	0.00216	0.00601
32	0.00737	0.00557	0.00801	0.00777	0.00875	0.00651	0.00609	0.05433	0.00831	0.01189	0.01224	0.01768	0.01129	0.03257	0.75240	0.00700	0.03029	0.00492	0.00261	0.00439
33	0.01557	0.01198	0.01277	0.01028	0.01362	0.01344	0.00833	0.52615	0.29115	0.02590	0.01386	0.01331	0.01009	0.00584	0.00468	0.00146	0.00462	0.00456	0.00468	0.00772
34	0.00965	0.00827	0.00965	0.00689	0.01102	0.00620	0.00551	0.01171	0.00965	0.01516	0.00827	0.00965	0.00689	0.00345	0.00345	0.00069	0.00345	0.00276	0.00276	0.86494
35	0.01057	0.01276	0.08314	0.01757	0.02165	0.01172	0.59503	0.01413	0.01046	0.01454	0.04190	0.01295	0.00837	0.00476	0.00673	0.00162	0.11835	0.00527	0.00240	0.00608
36	0.01007	0.21826	0.62469	0.01200	0.01818	0.01262	0.01499	0.01454	0.00973	0.01383	0.00790	0.00926	0.00591	0.00432	0.00408	0.00136	0.00642	0.00321	0.00197	0.00666
37	0.02087	0.00792	0.01080	0.00828	0.01188	0.00684	0.00684	0.02267	0.01332	0.81071	0.01835	0.01583	0.01152	0.00576	0.00468	0.00144	0.00396	0.00468	0.00576	0.00792
38	0.00643	0.00439	0.00515	0.00544	0.00556	0.00430	0.00324	0.00669	0.00745	0.00989	0.01855	0.24670	0.04349	0.59169	0.01838	0.00372	0.00396	0.00859	0.00327	0.00311
39	0.01082	0.00925	0.01016	0.01015	0.04451	0.05201	0.00787	0.06217	0.40975	0.01751	0.01942	0.02838	0.01746	0.00835	0.00528	0.00173	0.00429	0.27031	0.00435	0.00623
40	0.01613	0.01888	0.01347	0.01186	0.01400	0.57316	0.00918	0.11480	0.01320	0.01361	0.00750	0.00906	0.00625	0.00549	0.00623	0.00137	0.15417	0.00334	0.00262	0.00566
41	0.02081	0.00801	0.01086	0.00832	0.01192	0.00698	0.00688	0.03735	0.01348	0.79580	0.01822	0.01575	0.01145	0.00575	0.00468	0.00144	0.00398	0.00467	0.00574	0.00792
42	0.00554	0.00464	0.00482	0.00493	0.00635	0.00392	0.00364	0.00670	0.01048	0.01263	0.06175	0.13068	0.70393	0.01204	0.00555	0.00160	0.00239	0.01016	0.00434	0.00392
43	0.01230	0.01039	0.01064	0.00951	0.01218	0.04478	0.00740	0.02436	0.72511	0.06077	0.01842	0.01690	0.01372	0.00622	0.00471	0.00155	0.00389	0.00514	0.00469	0.00731
44	0.01244	0.83930	0.02438	0.00796	0.01194	0.01841	0.00796	0.01393	0.00945	0.01095	0.00647	0.00746	0.00597	0.00398	0.00299	0.00100	0.00498	0.00249	0.00199	0.00597
45	0.00567	0.00405	0.00540	0.00648	0.00675	0.00378	0.00432	0.00648	0.00891	0.01188	0.02564	0.83347	0.03077	0.01457	0.00594	0.00189	0.00270	0.01323	0.00432	0.00378
46	0.00602	0.00485	0.00549	0.00578	0.00707	0.00440	0.00441	0.00762	0.03162	0.01273	0.03815	0.16828	0.51625	0.01343	0.04844	0.00201	0.00323	0.11193	0.00423	0.00406
47	0.01835	0.01197	0.01331	0.01020	0.01390	0.01285	0.00843	0.63242	0.02010	0.19138	0.01266	0.01214	0.00866	0.00562	0.00466	0.00141	0.00488	0.00429	0.00488	0.00791
48	0.00933	0.02406	0.81240	0.01326	0.02014	0.01080	0.01719	0.01473	0.00982	0.01473	0.00835	0.00982	0.00589	0.00442	0.00442	0.00147	0.00688	0.00344	0.00196	0.00688
49	0.00575	0.00417	0.00539	0.00624	0.00667	0.00386	0.00421	0.00667	0.00929	0.01233	0.08243	0.68549	0.09820	0.03779	0.00638	0.00191	0.00269	0.01240	0.00433	0.00381
50	0.01705	0.01295	0.01325	0.01034	0.01380	0.05918	0.00847	0.69440	0.02055	0.02748	0.01122	0.01144	0.00808	0.00553	0.00453	0.00136	0.00510	0.00413	0.06363	0.00752
51	0.00572	0.00409	0.00544	0.00644	0.00676	0.00381	0.00432	0.00661	0.00915	0.01226	0.06973	0.78829	0.03151	0.01429	0.00591	0.00187	0.00267	0.01295	0.00436	0.00381
52	0.00618	0.00429	0.00539	0.00606	0.00627	0.00414	0.00392	0.00675	0.00820	0.01091	0.02146	0.49062	0.02535	0.32333	0.01263	0.00289	0.00346	0.05096	0.00375	0.00344
53	0.00951	0.07018	0.76783	0.01296	0.01967	0.01123	0.01667	0.01469	0.00980	0.01452	0.00824	0.00969	0.00590	0.00440	0.00434	0.00145	0.00677	0.00338	0.00197	0.00682
54	0.00967	0.11309	0.72635	0.01268	0.01924	0.01163	0.01618	0.01465	0.00978	0.01432	0.00814	0.00956	0.00590	0.00437	0.00426	0.00142	0.00667	0.00333	0.00197	0.00678
55	0.00906	0.00872	0.01393	0.79919	0.03147	0.03628	0.01279	0.01210	0.00943	0.01187	0.00823	0.01227	0.00619	0.00466	0.00464	0.00154	0.00627	0.00410	0.00208	0.00518
56	0.00677	0.00451	0.00507	0.00507	0.00507	0.00451	0.00282	0.00677	0.00677	0.00902	0.01466	0.03044	0.01691	0.83650	0.02368	0.00451	0.00451	0.00677	0.00282	0.00282
57	0.01076	0.01029	0.01762	0.27480	0.51941	0.01093	0.04597	0.02850	0.01043	0.01443	0.00868	0.01183	0.00700	0.00432	0.00466	0.00144	0.00582	0.00420	0.00228	0.00665
58	0.01021	0.09334	0.31421	0.01045	0.05528	0.00908	0.01048	0.03824	0.01170	0.09467	0.28198	0.01885	0.01961	0.00627	0.00469	0.00141	0.00468	0.00523	0.00353	0.00610
59	0.01924	0.00813	0.01102	0.07009	0.01338	0.00746	0.00731	0.05600	0.02865	0.67959	0.01801	0.01613	0.03114	0.00583	0.00470	0.00145	0.00413	0.00476	0.00537	0.00760
60	0.02441	0.00506	0.00582	0.00559	0.00699	0.00463	0.00419	0.02071	0.01115	0.04582	0.26218	0.06249	0.39783	0.05939	0.05022	0.00203	0.00315	0.01967	0.00440	0.00425
61	0.02602	0.01058	0.05832	0.24206	0.48774	0.01044	0.01328	0.01327	0.01003	0.01420	0.00905	0.03254	0.00761	0.00520	0.02169	0.00156	0.00578	0.00429	0.00230	0.02405
62	0.01046	0.21495	0.52023	0.01190	0.01760	0.02927	0.05127	0.01453	0.00991	0.02996	0.00857	0.03037	0.00673	0.00457	0.00415	0.00135	0.00628	0.00356	0.00215	0.02219
63	0.04033	0.03128	0.01718	0.08998	0.63826	0.01068	0.01286	0.01359	0.01015	0.01473	0.00902	0.01247	0.00776	0.04846	0.00550	0.00155	0.00538	0.00419	0.01987	0.00677

[dist]
# distance from previous block
# <min> <max>
0	105

# created by:
# /home/cegg/simao/soft/augustus-3.2.1/scripts/msa2prfl.pl ./align_prep/EOG091G0VZF.fa
