[name]
unknown

[dist]
# distance from previous block
# <min> <max>
0	56

[block]
# block no. 0 follows, 47 sequences, length 24
# corresponding to MSA columns:
# 56-79
name=unknown_A
#
# <colnr> <probs for GDERKNQSTAVLIFYWHMCP>
#	G	D	E	R	K	N	Q	S	T	A	V	L	I	F	Y	W	H	M	C	P
0	0.00819	0.00585	0.00750	0.00756	0.02058	0.00512	0.01864	0.00958	0.01111	0.06538	0.06956	0.41780	0.20383	0.02378	0.00634	0.00185	0.00327	0.01131	0.00470	0.09806
1	0.00781	0.00566	0.00823	0.00812	0.00880	0.00655	0.00612	0.00897	0.00808	0.01154	0.01337	0.02111	0.01298	0.12526	0.58651	0.10057	0.04765	0.00565	0.00275	0.00426
2	0.01136	0.01171	0.02288	0.06659	0.07236	0.01195	0.42987	0.03124	0.01144	0.01579	0.03655	0.04923	0.01069	0.00877	0.06608	0.03166	0.09648	0.00613	0.00282	0.00639
3	0.01053	0.00959	0.01344	0.15819	0.20566	0.06041	0.03013	0.01280	0.01118	0.03084	0.03172	0.23314	0.02650	0.01936	0.01782	0.00181	0.00541	0.01887	0.00343	0.09916
4	0.76094	0.09961	0.00982	0.00708	0.01044	0.01267	0.00600	0.01534	0.00905	0.02214	0.00725	0.00845	0.00576	0.00479	0.00324	0.00156	0.00420	0.00282	0.00311	0.00576
5	0.10603	0.04937	0.01458	0.01260	0.01510	0.60054	0.00970	0.01912	0.01324	0.01382	0.00780	0.00948	0.00661	0.00569	0.00586	0.00147	0.09690	0.00341	0.00268	0.00598
6	0.01139	0.00961	0.01112	0.00799	0.01259	0.00755	0.00642	0.06278	0.01170	0.01801	0.00947	0.01091	0.00779	0.00401	0.00395	0.00082	0.00398	0.00319	0.00323	0.79349
7	0.01202	0.01314	0.02718	0.10897	0.11158	0.01265	0.56825	0.01608	0.01197	0.01636	0.01026	0.01377	0.00783	0.00449	0.00584	0.00169	0.00809	0.00569	0.00261	0.04154
8	0.00798	0.00690	0.00778	0.02771	0.00964	0.07456	0.02126	0.00962	0.04183	0.01366	0.02573	0.67440	0.03003	0.01446	0.00637	0.00202	0.00384	0.01301	0.00456	0.00465
9	0.01027	0.00974	0.01625	0.66700	0.11715	0.01195	0.01443	0.01355	0.01041	0.01366	0.00916	0.01361	0.00708	0.00540	0.00598	0.00175	0.05958	0.00462	0.00234	0.00605
10	0.00686	0.00528	0.00627	0.00607	0.00748	0.00469	0.00453	0.00882	0.01346	0.01796	0.47091	0.06730	0.33789	0.01182	0.00616	0.00170	0.00255	0.01020	0.00535	0.00469
11	0.00743	0.00503	0.00593	0.00606	0.00616	0.00507	0.00360	0.00767	0.00790	0.01060	0.01758	0.11919	0.02019	0.66890	0.08328	0.00498	0.00551	0.00822	0.00331	0.00339
12	0.00756	0.00613	0.00922	0.27269	0.01690	0.00671	0.00797	0.00928	0.01002	0.01316	0.02170	0.51387	0.02462	0.04690	0.00702	0.00211	0.00441	0.01111	0.00392	0.00470
13	0.01147	0.00985	0.01110	0.00861	0.01271	0.00880	0.00681	0.01762	0.24743	0.01846	0.01295	0.01347	0.01025	0.00485	0.00430	0.00108	0.00394	0.00395	0.00377	0.58856
14	0.01592	0.13917	0.01516	0.01133	0.01432	0.45987	0.00891	0.01805	0.04711	0.01377	0.01086	0.06311	0.01005	0.00622	0.00465	0.00135	0.00728	0.03771	0.00301	0.11215
15	0.00765	0.00505	0.00589	0.00588	0.00595	0.00507	0.00342	0.00766	0.00776	0.01041	0.03690	0.03259	0.01894	0.71637	0.05716	0.05426	0.00531	0.00736	0.00316	0.00321
16	0.00968	0.00563	0.00707	0.00673	0.00728	0.01883	0.01598	0.02969	0.00861	0.03589	0.01289	0.02159	0.01268	0.25088	0.01824	0.39272	0.00454	0.00551	0.13212	0.00345
17	0.00761	0.00555	0.00741	0.00838	0.00946	0.00535	0.00688	0.00954	0.01165	0.01512	0.06392	0.22161	0.13055	0.01449	0.00689	0.00222	0.00402	0.45988	0.00485	0.00462
18	0.01251	0.01174	0.01863	0.04324	0.52852	0.01213	0.04475	0.01815	0.17913	0.01797	0.03285	0.03399	0.01156	0.00561	0.00529	0.00162	0.00569	0.00534	0.00331	0.00796
19	0.00735	0.00490	0.00649	0.00742	0.00806	0.00455	0.00520	0.00846	0.01053	0.05210	0.04146	0.67037	0.06828	0.01545	0.00659	0.00209	0.00319	0.06807	0.00493	0.00452
20	0.00719	0.00526	0.00675	0.00650	0.00770	0.00482	0.00483	0.00943	0.01414	0.01973	0.66318	0.09890	0.10953	0.01129	0.00618	0.00168	0.00252	0.00996	0.00559	0.00482
21	0.01138	0.01048	0.01771	0.47916	0.33098	0.01179	0.01489	0.01467	0.01110	0.03445	0.00976	0.01359	0.00761	0.00501	0.00519	0.00166	0.00658	0.00465	0.00252	0.00684
22	0.03041	0.01019	0.01132	0.00851	0.01255	0.04181	0.00679	0.04392	0.02413	0.01715	0.00933	0.01108	0.00779	0.00483	0.00526	0.02534	0.05471	0.00334	0.00312	0.66840
23	0.40165	0.05485	0.05480	0.01323	0.16462	0.01223	0.01790	0.08866	0.02920	0.05620	0.00950	0.01107	0.00741	0.00603	0.01395	0.03983	0.00511	0.00374	0.00332	0.00669

[dist]
# distance from previous block
# <min> <max>
1	2

[block]
# block no. 1 follows, 47 sequences, length 47
# corresponding to MSA columns:
# 83-129
name=unknown_B
#
# <colnr> <probs for GDERKNQSTAVLIFYWHMCP>
#	G	D	E	R	K	N	Q	S	T	A	V	L	I	F	Y	W	H	M	C	P
0	0.01302	0.06390	0.22030	0.01435	0.12911	0.13112	0.01200	0.01708	0.06420	0.04173	0.01051	0.02244	0.00838	0.00500	0.00462	0.00134	0.00619	0.00396	0.00295	0.22781
1	0.01023	0.01123	0.04415	0.01645	0.02022	0.01011	0.47815	0.01352	0.01164	0.01557	0.01895	0.17506	0.09196	0.02661	0.00671	0.00192	0.00680	0.03131	0.00335	0.00608
2	0.01056	0.00909	0.01105	0.03530	0.01315	0.00706	0.01911	0.01287	0.01077	0.01665	0.01030	0.05318	0.00910	0.00457	0.00409	0.00089	0.00400	0.00381	0.00314	0.76133
3	0.01344	0.01383	0.11733	0.01274	0.11232	0.07559	0.00995	0.08999	0.01291	0.06729	0.01028	0.01158	0.00799	0.00463	0.00446	0.00117	0.00535	0.00370	0.00329	0.42215
4	0.01631	0.33714	0.01905	0.01109	0.01429	0.42604	0.00915	0.01773	0.01255	0.01240	0.00833	0.01056	0.00751	0.04688	0.02947	0.00165	0.00780	0.00341	0.00253	0.00610
5	0.00987	0.00850	0.01122	0.05956	0.01352	0.00896	0.07463	0.01674	0.28424	0.01876	0.20457	0.03193	0.14227	0.00925	0.00589	0.00180	0.00416	0.08303	0.00485	0.00625
6	0.00818	0.00602	0.00837	0.00760	0.00896	0.00581	0.03434	0.01048	0.01388	0.04497	0.61187	0.09140	0.06590	0.01067	0.00670	0.00171	0.04331	0.00934	0.00537	0.00510
7	0.01228	0.01369	0.07449	0.01980	0.12612	0.01294	0.40056	0.04547	0.08410	0.01734	0.01174	0.03842	0.00946	0.00566	0.00689	0.00177	0.08788	0.00579	0.01845	0.00716
8	0.00757	0.00505	0.00568	0.00568	0.00568	0.00505	0.00316	0.00757	0.00757	0.01010	0.01641	0.03408	0.01893	0.81698	0.02651	0.00505	0.00505	0.00757	0.00316	0.00316
9	0.01076	0.01307	0.16315	0.20799	0.02118	0.01150	0.09275	0.06031	0.01161	0.02662	0.04880	0.01885	0.09522	0.00715	0.00755	0.00180	0.15148	0.01761	0.02631	0.00627
10	0.00761	0.00540	0.00622	0.00598	0.00742	0.00499	0.00450	0.01010	0.03644	0.01862	0.40170	0.03806	0.25923	0.01045	0.00566	0.00160	0.00256	0.00894	0.15965	0.00485
11	0.01568	0.03703	0.01446	0.01071	0.01453	0.01328	0.00884	0.40790	0.01761	0.02458	0.01060	0.01169	0.00817	0.00577	0.00617	0.00138	0.10310	0.00410	0.00407	0.28032
12	0.00886	0.00707	0.00857	0.00881	0.01061	0.03228	0.00727	0.01124	0.03076	0.01547	0.02547	0.14924	0.07726	0.01225	0.00634	0.00198	0.00438	0.42644	0.00445	0.15123
13	0.01135	0.04298	0.46790	0.01696	0.02350	0.01248	0.28587	0.01655	0.01159	0.02949	0.02610	0.01272	0.00806	0.00488	0.00536	0.00167	0.00786	0.00478	0.00250	0.00739
14	0.00839	0.00599	0.00839	0.00959	0.01079	0.00599	0.00839	0.01079	0.01199	0.01558	0.02757	0.05874	0.02997	0.01439	0.00719	0.00240	0.00480	0.74945	0.00480	0.00480
15	0.05823	0.01113	0.01155	0.01040	0.01335	0.01288	0.00810	0.02701	0.73383	0.02187	0.02044	0.01884	0.01534	0.00695	0.00519	0.00176	0.00412	0.00572	0.00519	0.00810
16	0.01205	0.04006	0.09526	0.22708	0.41245	0.01258	0.07214	0.03721	0.01176	0.01628	0.00966	0.01289	0.00769	0.00484	0.00516	0.00161	0.00669	0.00461	0.00254	0.00743
17	0.00920	0.03072	0.01077	0.00918	0.01052	0.00811	0.06615	0.01114	0.02727	0.04349	0.08772	0.10961	0.09048	0.12041	0.17748	0.00363	0.12103	0.00746	0.05058	0.00506
18	0.01364	0.75599	0.08896	0.00939	0.01411	0.01992	0.00975	0.01567	0.01061	0.01259	0.00741	0.00857	0.00668	0.00450	0.00347	0.00116	0.00574	0.00287	0.00223	0.00676
19	0.00702	0.00522	0.00654	0.00639	0.00761	0.00474	0.00472	0.00909	0.01365	0.01872	0.55739	0.12930	0.18682	0.01178	0.00620	0.00172	0.00256	0.01033	0.00546	0.00474
20	0.01223	0.01168	0.01968	0.19483	0.57176	0.01225	0.03000	0.01602	0.04996	0.01646	0.01027	0.01345	0.00835	0.00488	0.00519	0.00160	0.00629	0.00473	0.00266	0.00770
21	0.01839	0.04495	0.01502	0.01309	0.01584	0.71099	0.03046	0.01982	0.01442	0.01291	0.01050	0.01168	0.04851	0.00574	0.00478	0.00137	0.00891	0.00383	0.00279	0.00599
22	0.00744	0.00558	0.00837	0.00837	0.00930	0.00651	0.00651	0.00930	0.00837	0.01209	0.01395	0.02046	0.01302	0.03906	0.79635	0.00837	0.01395	0.00558	0.00279	0.00465
23	0.00643	0.00460	0.00614	0.00731	0.00767	0.00430	0.00495	0.00742	0.01014	0.01353	0.04445	0.77222	0.03460	0.01613	0.00665	0.00211	0.00307	0.03914	0.00485	0.00426
24	0.01114	0.02523	0.66131	0.01525	0.02233	0.05166	0.08252	0.01708	0.03534	0.01649	0.00976	0.01144	0.00701	0.00499	0.00505	0.00165	0.00776	0.00408	0.00236	0.00757
25	0.02686	0.01353	0.06156	0.06775	0.60285	0.03649	0.02482	0.07173	0.01272	0.01794	0.00986	0.01265	0.00805	0.00483	0.00512	0.00156	0.00637	0.00455	0.00275	0.00801
26	0.00651	0.00530	0.00551	0.00551	0.00720	0.00447	0.00411	0.00787	0.01195	0.02706	0.08583	0.09016	0.69438	0.01312	0.00617	0.00177	0.00268	0.01103	0.00491	0.00449
27	0.00744	0.00558	0.00837	0.00837	0.00930	0.00651	0.00651	0.00930	0.00837	0.01209	0.01395	0.02046	0.01302	0.03906	0.79635	0.00837	0.01395	0.00558	0.00279	0.00465
28	0.05944	0.08024	0.01765	0.01906	0.28265	0.36128	0.01179	0.07825	0.01391	0.01634	0.00891	0.01073	0.00736	0.00509	0.00472	0.00143	0.00742	0.00384	0.00284	0.00706
29	0.00697	0.00525	0.00645	0.00627	0.00757	0.00473	0.00465	0.00901	0.01362	0.01851	0.53250	0.09977	0.24213	0.01174	0.00618	0.00171	0.00255	0.01024	0.00543	0.00473
30	0.01142	0.03220	0.01262	0.01053	0.09103	0.00845	0.00752	0.03888	0.01128	0.01725	0.00929	0.01102	0.00775	0.00419	0.00441	0.00093	0.02775	0.00333	0.00306	0.68710
31	0.00744	0.00544	0.00703	0.00655	0.00789	0.00496	0.00492	0.00986	0.01455	0.02058	0.73899	0.03839	0.06816	0.01052	0.00608	0.00162	0.00250	0.00928	0.00563	0.02963
32	0.06400	0.00713	0.00887	0.00774	0.01018	0.00658	0.00612	0.03956	0.01381	0.29591	0.23258	0.09964	0.13395	0.00967	0.00570	0.00172	0.00355	0.04133	0.00557	0.00637
33	0.02837	0.25866	0.08635	0.03603	0.04207	0.04315	0.04190	0.03545	0.06758	0.19119	0.01186	0.01261	0.00893	0.00584	0.00612	0.00156	0.10729	0.00421	0.00355	0.00731
34	0.00728	0.00532	0.00683	0.00646	0.00772	0.00487	0.00484	0.00965	0.01453	0.02037	0.72713	0.03974	0.10408	0.01084	0.00614	0.00165	0.00247	0.00954	0.00567	0.00487
35	0.01133	0.01140	0.01674	0.55633	0.11039	0.08435	0.05179	0.01497	0.04018	0.01411	0.00965	0.01351	0.00744	0.00531	0.00557	0.00170	0.03187	0.00463	0.00250	0.00622
36	0.01231	0.01040	0.01115	0.01006	0.01276	0.01183	0.00780	0.04953	0.63590	0.02178	0.11167	0.04611	0.02019	0.00775	0.00544	0.00176	0.00394	0.00654	0.00533	0.00774
37	0.01083	0.05141	0.05557	0.42525	0.11485	0.01192	0.02494	0.03769	0.07907	0.01528	0.02967	0.01624	0.03196	0.04165	0.00648	0.00184	0.03105	0.00506	0.00288	0.00637
38	0.00722	0.00629	0.00633	0.00637	0.00792	0.04621	0.00479	0.00878	0.01237	0.01524	0.17692	0.11406	0.49893	0.01267	0.00618	0.00179	0.00313	0.05534	0.00488	0.00458
39	0.01305	0.03951	0.09461	0.03124	0.12726	0.01064	0.25430	0.01660	0.02984	0.14778	0.04207	0.04915	0.07015	0.00741	0.02860	0.00188	0.00651	0.01864	0.00367	0.00709
40	0.00908	0.00767	0.01027	0.05038	0.04144	0.03266	0.02693	0.01204	0.07903	0.01440	0.02006	0.20499	0.02113	0.05562	0.14107	0.00329	0.07256	0.18825	0.00389	0.00523
41	0.75901	0.00951	0.00745	0.00671	0.00971	0.01092	0.00548	0.01483	0.00930	0.02300	0.04883	0.01072	0.00840	0.00521	0.00340	0.00159	0.00385	0.00329	0.05322	0.00555
42	0.02544	0.07831	0.12025	0.07387	0.19302	0.03748	0.03544	0.15426	0.07379	0.04836	0.01263	0.01393	0.03466	0.00551	0.00493	0.00151	0.00593	0.00459	0.00345	0.07262
43	0.02667	0.01313	0.05000	0.05269	0.01354	0.19005	0.00818	0.04590	0.21136	0.01630	0.04316	0.04885	0.10241	0.12709	0.00866	0.00215	0.02364	0.00625	0.00390	0.00607
44	0.01196	0.01088	0.03442	0.20357	0.39884	0.03115	0.01319	0.01470	0.01156	0.05714	0.05733	0.01641	0.03682	0.00722	0.02920	0.04442	0.00619	0.00514	0.00297	0.00691
45	0.01156	0.01127	0.03290	0.34333	0.31931	0.01190	0.07077	0.03704	0.03251	0.01596	0.01008	0.01360	0.00797	0.00567	0.02188	0.00176	0.00672	0.00473	0.00264	0.03839
46	0.01309	0.10326	0.09051	0.20756	0.03736	0.12780	0.04941	0.01683	0.07413	0.06992	0.04249	0.01472	0.01041	0.03304	0.00608	0.00167	0.03698	0.00464	0.02890	0.03119

[dist]
# distance from previous block
# <min> <max>
6	10

[block]
# block no. 2 follows, 47 sequences, length 14
# corresponding to MSA columns:
# 145-158
name=unknown_C
#
# <colnr> <probs for GDERKNQSTAVLIFYWHMCP>
#	G	D	E	R	K	N	Q	S	T	A	V	L	I	F	Y	W	H	M	C	P
0	0.01324	0.01192	0.01854	0.02556	0.56329	0.01190	0.01359	0.11654	0.01335	0.01892	0.01123	0.06005	0.00983	0.00548	0.00513	0.00151	0.00572	0.00510	0.00311	0.08598
1	0.01259	0.22077	0.21094	0.18029	0.07859	0.04334	0.03979	0.01639	0.03831	0.05610	0.00989	0.01194	0.00766	0.00516	0.00505	0.00153	0.03302	0.00405	0.01762	0.00696
2	0.01201	0.29955	0.11073	0.01023	0.03337	0.03281	0.03855	0.01463	0.01114	0.01533	0.04998	0.01160	0.00943	0.00464	0.00407	0.00112	0.00524	0.00357	0.00278	0.32923
3	0.12723	0.71083	0.02464	0.00863	0.01292	0.01940	0.00847	0.01556	0.01035	0.01375	0.00724	0.00837	0.00654	0.00451	0.00333	0.00118	0.00536	0.00279	0.00236	0.00654
4	0.00834	0.00667	0.02456	0.11299	0.03109	0.00689	0.00713	0.01015	0.03205	0.01311	0.07535	0.02431	0.07373	0.11733	0.28208	0.11863	0.00792	0.01912	0.00318	0.02535
5	0.01200	0.01147	0.01953	0.25639	0.56700	0.01214	0.01554	0.01520	0.01144	0.01594	0.00964	0.01318	0.00787	0.00480	0.00517	0.00160	0.00641	0.00464	0.00250	0.00753
6	0.00754	0.00718	0.06576	0.00783	0.02166	0.00583	0.00625	0.01021	0.04691	0.01682	0.30969	0.19595	0.16883	0.03313	0.05846	0.00230	0.00399	0.02186	0.00478	0.00503
7	0.02195	0.00934	0.01331	0.01233	0.11734	0.00829	0.00878	0.02411	0.01449	0.68407	0.01909	0.01707	0.01226	0.00620	0.00523	0.00160	0.00467	0.00516	0.00592	0.00878
8	0.00945	0.00711	0.00929	0.00870	0.00995	0.00812	0.00666	0.11202	0.03917	0.01501	0.01465	0.04978	0.01398	0.14738	0.48642	0.00625	0.04152	0.00606	0.00332	0.00515
9	0.00806	0.00549	0.00712	0.00662	0.00800	0.00502	0.00500	0.01044	0.01462	0.05620	0.71320	0.03843	0.08085	0.01057	0.00610	0.00164	0.00256	0.00930	0.00572	0.00507
10	0.01188	0.01146	0.01805	0.01421	0.01770	0.01206	0.28144	0.02077	0.37530	0.01920	0.08204	0.02028	0.05109	0.00675	0.00610	0.00177	0.03191	0.00647	0.00425	0.00726
11	0.00675	0.00483	0.00646	0.00739	0.00795	0.00454	0.00524	0.00809	0.01102	0.01487	0.15960	0.59530	0.03651	0.01512	0.00662	0.00206	0.00312	0.09513	0.00499	0.00441
12	0.08601	0.05644	0.04275	0.03733	0.01398	0.00977	0.00798	0.05722	0.02397	0.20977	0.01200	0.01256	0.00883	0.00519	0.00506	0.00128	0.05064	0.00388	0.00392	0.35141
13	0.01219	0.08532	0.08460	0.09918	0.23561	0.04365	0.12350	0.01556	0.03871	0.02645	0.01058	0.04914	0.00913	0.00654	0.01939	0.00181	0.12388	0.00510	0.00272	0.00694

[dist]
# distance from previous block
# <min> <max>
0	1

[block]
# block no. 3 follows, 47 sequences, length 15
# corresponding to MSA columns:
# 160-174
name=unknown_D
#
# <colnr> <probs for GDERKNQSTAVLIFYWHMCP>
#	G	D	E	R	K	N	Q	S	T	A	V	L	I	F	Y	W	H	M	C	P
0	0.01177	0.04479	0.15857	0.01604	0.05764	0.01206	0.28581	0.08286	0.03025	0.01720	0.03543	0.01874	0.02464	0.08669	0.00838	0.00207	0.05292	0.04432	0.00311	0.00670
1	0.01311	0.01304	0.08576	0.01801	0.26092	0.01260	0.02950	0.11765	0.26138	0.02023	0.03765	0.01656	0.01236	0.04394	0.00663	0.00182	0.03183	0.00530	0.00389	0.00782
2	0.00757	0.00505	0.00568	0.00568	0.00568	0.00505	0.00316	0.00757	0.00757	0.01010	0.01641	0.03408	0.01893	0.81698	0.02651	0.00505	0.00505	0.00757	0.00316	0.00316
3	0.01189	0.04795	0.30991	0.01405	0.05158	0.04188	0.09120	0.03235	0.17311	0.03379	0.09476	0.01618	0.01351	0.00615	0.00571	0.00167	0.03834	0.00516	0.00346	0.00733
4	0.00756	0.00510	0.00592	0.00592	0.00600	0.00518	0.00346	0.00773	0.00764	0.01028	0.01619	0.03286	0.01840	0.74735	0.09541	0.00535	0.00585	0.00739	0.00312	0.00329
5	0.01080	0.00926	0.01080	0.00771	0.01234	0.00694	0.00617	0.01311	0.01080	0.01697	0.00926	0.01080	0.00771	0.00386	0.00386	0.00077	0.00386	0.00309	0.00309	0.84882
6	0.01458	0.51963	0.10346	0.01154	0.05089	0.17263	0.01053	0.01707	0.03303	0.01328	0.00813	0.00936	0.00701	0.00477	0.00392	0.00125	0.00654	0.00318	0.00242	0.00678
7	0.00672	0.00511	0.00612	0.00672	0.00772	0.00465	0.00493	0.00799	0.01098	0.01395	0.06086	0.32319	0.31690	0.07490	0.00802	0.00223	0.00329	0.12667	0.00473	0.00432
8	0.00860	0.04215	0.00767	0.00670	0.00734	0.00674	0.00438	0.04235	0.05080	0.01219	0.01661	0.07653	0.01819	0.58571	0.08887	0.00465	0.00570	0.00740	0.00339	0.00403
9	0.05821	0.02809	0.07383	0.01189	0.10903	0.00922	0.02978	0.04164	0.04517	0.05586	0.03434	0.01364	0.00998	0.04021	0.00536	0.00134	0.00475	0.00408	0.00335	0.42022
10	0.01253	0.11115	0.29251	0.05273	0.19378	0.03158	0.05645	0.03480	0.07192	0.04731	0.02549	0.01372	0.00932	0.00534	0.00499	0.00159	0.00657	0.01774	0.00292	0.00755
11	0.06456	0.13763	0.13775	0.03201	0.30628	0.04719	0.01275	0.04573	0.04448	0.01714	0.03194	0.04260	0.00996	0.00545	0.00474	0.00149	0.00591	0.00457	0.00292	0.04487
12	0.05288	0.14395	0.18544	0.01287	0.06139	0.06523	0.05532	0.08289	0.05861	0.16848	0.02388	0.01301	0.00942	0.00542	0.00476	0.00150	0.00603	0.00430	0.00369	0.04094
13	0.02909	0.05414	0.12534	0.05243	0.21090	0.01050	0.07342	0.03810	0.01202	0.09600	0.04659	0.09659	0.01386	0.00830	0.04059	0.00195	0.00609	0.04058	0.00348	0.04003
14	0.05288	0.09223	0.14649	0.05879	0.21432	0.04354	0.05931	0.05268	0.07477	0.08019	0.01180	0.01426	0.00928	0.00544	0.00494	0.00156	0.00614	0.02887	0.00326	0.03927

[dist]
# distance from previous block
# <min> <max>
0	8

[block]
# block no. 4 follows, 47 sequences, length 9
# corresponding to MSA columns:
# 184-192
name=unknown_E
#
# <colnr> <probs for GDERKNQSTAVLIFYWHMCP>
#	G	D	E	R	K	N	Q	S	T	A	V	L	I	F	Y	W	H	M	C	P
0	0.01097	0.14676	0.18961	0.04625	0.11076	0.01111	0.03441	0.03816	0.01157	0.03555	0.04377	0.09376	0.04321	0.05382	0.00646	0.00185	0.00564	0.08556	0.00330	0.02747
1	0.01145	0.10813	0.31271	0.05178	0.02005	0.01233	0.16470	0.04755	0.01174	0.03806	0.05487	0.01438	0.01034	0.00910	0.09356	0.00237	0.02234	0.00483	0.00282	0.00690
2	0.01314	0.14060	0.19106	0.01376	0.08190	0.05420	0.07598	0.10960	0.04364	0.05663	0.06796	0.07507	0.01380	0.00674	0.00516	0.00160	0.00604	0.03247	0.00355	0.00710
3	0.01263	0.01447	0.15412	0.06882	0.47041	0.01196	0.06681	0.03738	0.01214	0.04646	0.01107	0.01506	0.00910	0.00529	0.00529	0.00163	0.00652	0.04020	0.00283	0.00781
4	0.01239	0.00941	0.03371	0.01074	0.04608	0.00923	0.05662	0.16191	0.08787	0.09583	0.04136	0.15986	0.06959	0.10555	0.05635	0.00255	0.00535	0.02469	0.00450	0.00639
5	0.04291	0.00786	0.04686	0.01053	0.06473	0.00715	0.02757	0.01265	0.04939	0.08028	0.08068	0.19375	0.05273	0.03619	0.08644	0.00269	0.00534	0.18226	0.00440	0.00560
6	0.01206	0.15913	0.38042	0.07955	0.12382	0.05895	0.01509	0.04704	0.01173	0.01589	0.00992	0.04551	0.00816	0.00541	0.00479	0.00155	0.00688	0.00431	0.00253	0.00724
7	0.04785	0.13675	0.31725	0.03837	0.09513	0.05476	0.10774	0.04794	0.01206	0.05334	0.01034	0.01302	0.00807	0.00524	0.00490	0.00158	0.00695	0.02863	0.00278	0.00730
8	0.01332	0.01395	0.22851	0.04869	0.01592	0.01001	0.01089	0.11034	0.10071	0.15737	0.06536	0.08318	0.04577	0.03707	0.00621	0.00184	0.00532	0.03401	0.00436	0.00717

[dist]
# distance from previous block
# <min> <max>
5	12

[block]
# block no. 5 follows, 47 sequences, length 10
# corresponding to MSA columns:
# 205-210,218-221
name=unknown_F
#
# <colnr> <probs for GDERKNQSTAVLIFYWHMCP>
#	G	D	E	R	K	N	Q	S	T	A	V	L	I	F	Y	W	H	M	C	P
0	0.03145	0.01135	0.01391	0.03514	0.19430	0.10079	0.04528	0.03184	0.03871	0.01627	0.04479	0.01610	0.06526	0.00675	0.00628	0.08092	0.00534	0.00476	0.00317	0.24758
1	0.01181	0.12782	0.05631	0.20091	0.13376	0.05712	0.06877	0.04571	0.03175	0.01547	0.01215	0.06994	0.01090	0.00728	0.02583	0.00181	0.03186	0.04079	0.04356	0.00644
2	0.01116	0.01065	0.01692	0.60456	0.08316	0.04952	0.07345	0.01492	0.03687	0.03457	0.01004	0.01390	0.00755	0.00521	0.00526	0.00170	0.00699	0.00475	0.00259	0.00623
3	0.20167	0.01092	0.01276	0.04457	0.09903	0.04781	0.04554	0.06856	0.02707	0.04456	0.01075	0.05394	0.00907	0.00530	0.00439	0.00134	0.00490	0.00429	0.00339	0.30014
4	0.49751	0.23246	0.01418	0.04620	0.01283	0.05376	0.00740	0.05555	0.01053	0.01981	0.00766	0.00895	0.00621	0.00485	0.00353	0.00147	0.00495	0.00302	0.00299	0.00612
5	0.00739	0.00558	0.00681	0.00697	0.00810	0.00534	0.00508	0.01007	0.07328	0.01684	0.30848	0.26152	0.15919	0.05502	0.00735	0.00202	0.00303	0.04801	0.00511	0.00480
6	0.01154	0.01039	0.01114	0.00835	0.01269	0.05507	0.00662	0.01506	0.08889	0.01721	0.01040	0.01159	0.00849	0.00427	0.00405	0.00091	0.00422	0.00339	0.00329	0.71244
7	0.30679	0.12169	0.07933	0.01073	0.05448	0.03822	0.00898	0.12744	0.13348	0.02147	0.01065	0.01136	0.00822	0.00532	0.00418	0.00152	0.00508	0.00379	0.00356	0.04373
8	0.00894	0.00456	0.00671	0.00671	0.00671	0.00456	0.00443	0.00684	0.00684	0.00912	0.00955	0.01708	0.00972	0.07283	0.02077	0.79070	0.00456	0.00473	0.00232	0.00232
9	0.00756	0.00510	0.00594	0.00594	0.00603	0.00519	0.00348	0.00774	0.00765	0.01029	0.01617	0.03277	0.01837	0.74250	0.10021	0.00537	0.00590	0.00738	0.00312	0.00330

[dist]
# distance from previous block
# <min> <max>
0	3

# created by:
# /home/cegg/simao/soft/augustus-3.2.1/scripts/msa2prfl.pl ./align_prep/EOG091G16EY.fa
