[name]
unknown

[dist]
# distance from previous block
# <min> <max>
0	40

[block]
# block no. 0 follows, 52 sequences, length 43
# corresponding to MSA columns:
# 297-313,324-329,331-335,338-352
name=unknown_A
#
# <colnr> <probs for GDERKNQSTAVLIFYWHMCP>
#	G	D	E	R	K	N	Q	S	T	A	V	L	I	F	Y	W	H	M	C	P
0	0.04057	0.12493	0.04572	0.01166	0.09178	0.04479	0.03125	0.08109	0.07216	0.10212	0.01511	0.02309	0.01362	0.00723	0.00513	0.00159	0.01905	0.20191	0.02004	0.04719
1	0.10647	0.37094	0.06446	0.02686	0.05119	0.22303	0.03158	0.03285	0.02828	0.01383	0.00768	0.00894	0.00645	0.00454	0.00378	0.00124	0.00618	0.00310	0.00243	0.00615
2	0.04147	0.12356	0.02803	0.02738	0.11523	0.10347	0.02109	0.04394	0.03952	0.02719	0.00892	0.01032	0.00730	0.00423	0.00394	0.00106	0.00497	0.00331	0.00282	0.38222
3	0.00692	0.00517	0.00623	0.00643	0.03413	0.00462	0.00455	0.00868	0.01208	0.03338	0.35513	0.08439	0.36274	0.01076	0.00560	0.00158	0.00255	0.00926	0.04131	0.00451
4	0.00798	0.00540	0.00668	0.00622	0.00769	0.00494	0.00470	0.03411	0.01314	0.07414	0.50279	0.08871	0.20437	0.01036	0.00566	0.00157	0.00259	0.00900	0.00513	0.00481
5	0.00596	0.00426	0.00568	0.00671	0.00704	0.00398	0.00450	0.00690	0.00955	0.01281	0.07435	0.77764	0.03290	0.01486	0.00616	0.00194	0.00278	0.01347	0.00455	0.00398
6	0.01815	0.01548	0.01426	0.01139	0.01494	0.18220	0.00919	0.59858	0.04524	0.02629	0.01102	0.01123	0.00803	0.00567	0.00475	0.00142	0.00600	0.00414	0.00436	0.00767
7	0.00688	0.00500	0.00687	0.00691	0.00753	0.00551	0.00500	0.00805	0.00775	0.01082	0.01552	0.05412	0.04395	0.26563	0.52124	0.00644	0.00979	0.00624	0.00284	0.00390
8	0.03879	0.02700	0.03039	0.01374	0.06911	0.14874	0.10143	0.01345	0.00973	0.01306	0.00958	0.01532	0.00899	0.00968	0.07972	0.00232	0.32642	0.07445	0.00253	0.00556
9	0.01280	0.69115	0.12302	0.00919	0.01364	0.05696	0.00956	0.01485	0.01009	0.01192	0.00702	0.00813	0.00621	0.00425	0.00336	0.00111	0.00561	0.00274	0.00209	0.00631
10	0.01522	0.01069	0.01182	0.00950	0.01254	0.01161	0.00770	0.47781	0.07328	0.06994	0.12166	0.01666	0.01464	0.00793	0.04431	0.00176	0.00486	0.00513	0.07574	0.00719
11	0.00638	0.00443	0.00553	0.00619	0.00684	0.00411	0.00429	0.00763	0.01019	0.01409	0.13378	0.53635	0.11692	0.01302	0.00574	0.00177	0.00263	0.01161	0.10438	0.00411
12	0.00590	0.00438	0.00551	0.00637	0.00694	0.00399	0.00434	0.00686	0.00976	0.01273	0.05451	0.64866	0.18349	0.01445	0.00608	0.00189	0.00273	0.01292	0.00452	0.00399
13	0.00924	0.00862	0.01424	0.69075	0.06091	0.01067	0.01282	0.01255	0.02873	0.01262	0.00910	0.01331	0.00706	0.00694	0.05515	0.00201	0.03315	0.00439	0.00226	0.00546
14	0.01128	0.01257	0.14643	0.14368	0.17860	0.01055	0.16581	0.03942	0.04274	0.06984	0.01291	0.05245	0.02960	0.00587	0.00531	0.00161	0.01763	0.04413	0.00299	0.00660
15	0.01794	0.06595	0.01476	0.01068	0.01445	0.03413	0.00888	0.65552	0.02092	0.06521	0.01170	0.01174	0.00837	0.00569	0.00468	0.00141	0.00526	0.00425	0.03053	0.00793
16	0.01296	0.83261	0.02539	0.00829	0.01244	0.01917	0.00829	0.01451	0.00985	0.01140	0.00674	0.00777	0.00622	0.00415	0.00311	0.00104	0.00518	0.00259	0.00207	0.00622
17	0.00670	0.00487	0.00631	0.00629	0.00730	0.00451	0.00468	0.00865	0.01258	0.01745	0.56798	0.16183	0.08917	0.02495	0.00617	0.00170	0.00256	0.05684	0.00506	0.00441
18	0.01441	0.11150	0.13480	0.05536	0.08990	0.07363	0.14045	0.10533	0.03227	0.15703	0.01125	0.01228	0.00818	0.00494	0.00468	0.00144	0.00609	0.00428	0.02513	0.00704
19	0.00621	0.00462	0.00577	0.00660	0.00717	0.00437	0.00449	0.00769	0.04670	0.01274	0.02899	0.65605	0.13348	0.04230	0.00670	0.00200	0.00288	0.01267	0.00447	0.00410
20	0.00590	0.00422	0.00562	0.00675	0.00703	0.00394	0.00450	0.00675	0.00928	0.01237	0.02671	0.82653	0.03205	0.01518	0.00619	0.00197	0.00281	0.01378	0.00450	0.00394
21	0.04172	0.22241	0.13279	0.03746	0.11295	0.14943	0.06902	0.02928	0.01101	0.01432	0.00918	0.01192	0.00771	0.00500	0.00458	0.00136	0.03198	0.02833	0.07335	0.00621
22	0.50386	0.07317	0.03892	0.00786	0.02980	0.03458	0.00652	0.02868	0.02352	0.01912	0.00763	0.00881	0.00609	0.00435	0.00335	0.00129	0.00418	0.00285	0.00291	0.19250
23	0.07777	0.00936	0.01117	0.00948	0.07090	0.02701	0.02649	0.03216	0.01050	0.03984	0.01057	0.01189	0.04105	0.00440	0.00422	0.00099	0.02764	0.00349	0.00302	0.57803
24	0.04841	0.03196	0.03405	0.05687	0.02517	0.15244	0.05277	0.06916	0.01034	0.01397	0.00901	0.01303	0.00808	0.06792	0.08405	0.00245	0.27393	0.00431	0.03662	0.00546
25	0.00842	0.00421	0.00631	0.00631	0.00631	0.00421	0.00421	0.00631	0.00631	0.00842	0.00842	0.01473	0.00842	0.01684	0.01894	0.85901	0.00421	0.00421	0.00210	0.00210
26	0.00588	0.00432	0.00551	0.00647	0.00696	0.00396	0.00437	0.00678	0.00955	0.01248	0.03012	0.70779	0.14859	0.01474	0.00612	0.00192	0.00276	0.01324	0.00450	0.00396
27	0.01812	0.02269	0.01377	0.01243	0.01498	0.77617	0.00936	0.05208	0.01412	0.01266	0.00767	0.00886	0.00633	0.00503	0.00439	0.00126	0.00859	0.00317	0.00260	0.00573
28	0.01296	0.83261	0.02539	0.00829	0.01244	0.01917	0.00829	0.01451	0.00985	0.01140	0.00674	0.00777	0.00622	0.00415	0.00311	0.00104	0.00518	0.00259	0.00207	0.00622
29	0.01291	0.01301	0.01654	0.11991	0.06332	0.16592	0.17389	0.07366	0.08320	0.04557	0.03186	0.01468	0.05062	0.00592	0.00638	0.00159	0.10677	0.00493	0.00310	0.00624
30	0.00593	0.00476	0.00530	0.00550	0.00676	0.00412	0.00400	0.00722	0.01102	0.01383	0.15089	0.22302	0.51545	0.01260	0.00583	0.00170	0.00251	0.01083	0.00462	0.00412
31	0.00574	0.00486	0.00496	0.00505	0.00658	0.00408	0.00374	0.00694	0.01091	0.01304	0.04738	0.10645	0.73879	0.01250	0.00576	0.00166	0.00248	0.01050	0.00450	0.00408
32	0.58730	0.01064	0.00943	0.00789	0.01114	0.01213	0.00649	0.24113	0.03788	0.02429	0.00861	0.00931	0.00644	0.00495	0.00361	0.00149	0.00422	0.00323	0.00361	0.00621
33	0.00696	0.00466	0.00531	0.00540	0.00542	0.00464	0.00305	0.00702	0.00721	0.00962	0.01613	0.09143	0.01870	0.76849	0.02328	0.00449	0.00456	0.00755	0.00305	0.00301
34	0.01049	0.00580	0.00788	0.00738	0.00880	0.00597	0.00572	0.01236	0.04561	0.16412	0.05673	0.02118	0.01462	0.04071	0.30727	0.12055	0.00714	0.05060	0.10213	0.00494
35	0.00689	0.00469	0.00560	0.00581	0.00596	0.00470	0.00356	0.00722	0.00759	0.01016	0.01725	0.15566	0.01984	0.61930	0.07594	0.00440	0.00497	0.03401	0.00321	0.00324
36	0.01013	0.07737	0.66489	0.01419	0.02090	0.01189	0.10382	0.01531	0.01034	0.01510	0.00869	0.01039	0.00628	0.00451	0.00463	0.00151	0.00714	0.00376	0.00209	0.00703
37	0.00731	0.00574	0.00844	0.00822	0.00897	0.00693	0.00643	0.00892	0.00773	0.01123	0.01236	0.01856	0.01169	0.05879	0.70272	0.00710	0.09677	0.00515	0.00256	0.00438
38	0.00662	0.00468	0.00582	0.00638	0.00668	0.00464	0.00412	0.00767	0.03683	0.01148	0.02136	0.45151	0.02483	0.32105	0.06088	0.00332	0.00416	0.01044	0.00382	0.00372
39	0.05351	0.03991	0.48342	0.01288	0.03224	0.03031	0.05606	0.06167	0.03556	0.13336	0.01065	0.01146	0.00745	0.00490	0.00461	0.00151	0.00636	0.00392	0.00297	0.00722
40	0.01245	0.01329	0.06347	0.16529	0.17506	0.15976	0.04638	0.06228	0.06183	0.03616	0.01135	0.01361	0.03655	0.00747	0.05757	0.00193	0.06191	0.00447	0.00283	0.00633
41	0.02104	0.09750	0.26429	0.10229	0.05201	0.03017	0.05072	0.08889	0.04526	0.04208	0.08690	0.01579	0.01196	0.00584	0.00508	0.00153	0.02780	0.04122	0.00308	0.00653
42	0.00949	0.00890	0.04266	0.06544	0.23261	0.00840	0.10240	0.01192	0.01074	0.04016	0.08799	0.13360	0.09560	0.02379	0.04265	0.00197	0.02822	0.03467	0.01301	0.00578

[dist]
# distance from previous block
# <min> <max>
2	5

[block]
# block no. 1 follows, 52 sequences, length 17
# corresponding to MSA columns:
# 358-374
name=unknown_B
#
# <colnr> <probs for GDERKNQSTAVLIFYWHMCP>
#	G	D	E	R	K	N	Q	S	T	A	V	L	I	F	Y	W	H	M	C	P
0	0.06714	0.17466	0.12470	0.02420	0.13956	0.08769	0.02643	0.07850	0.01156	0.05118	0.00919	0.02866	0.00755	0.00490	0.00457	0.00131	0.03389	0.00374	0.00280	0.11778
1	0.05927	0.21746	0.09480	0.05425	0.13025	0.01284	0.11575	0.05657	0.02431	0.04298	0.06315	0.01441	0.02729	0.00545	0.00501	0.00145	0.04087	0.02455	0.00290	0.00643
2	0.00671	0.00477	0.00600	0.00615	0.00706	0.00441	0.00437	0.00815	0.01115	0.03168	0.32573	0.28287	0.16280	0.07944	0.03439	0.00215	0.00307	0.01023	0.00466	0.00423
3	0.05262	0.00664	0.02335	0.00702	0.00855	0.00657	0.00543	0.09675	0.02433	0.06475	0.05248	0.28927	0.04307	0.00994	0.02215	0.00171	0.02859	0.00789	0.24376	0.00511
4	0.00692	0.00464	0.00532	0.00545	0.00548	0.00461	0.00311	0.00701	0.00730	0.00973	0.01656	0.12108	0.01924	0.73811	0.02259	0.00439	0.00449	0.00780	0.00311	0.00305
5	0.00681	0.00497	0.00581	0.00572	0.00709	0.00436	0.00424	0.00838	0.01183	0.04867	0.29799	0.14733	0.40606	0.01160	0.00575	0.00164	0.00252	0.00998	0.00485	0.00441
6	0.06845	0.07879	0.01375	0.03998	0.01410	0.06334	0.03081	0.35974	0.04658	0.08204	0.01148	0.01201	0.00847	0.00531	0.00437	0.00135	0.00502	0.00404	0.07386	0.07653
7	0.01005	0.00861	0.01005	0.00718	0.01148	0.00646	0.00574	0.01220	0.01005	0.01579	0.00861	0.01005	0.00718	0.00359	0.00359	0.00072	0.00359	0.00287	0.00287	0.85932
8	0.03139	0.15477	0.56194	0.01300	0.01923	0.01282	0.06455	0.06066	0.01094	0.01577	0.00858	0.01004	0.00633	0.00457	0.00441	0.00145	0.00671	0.00358	0.00227	0.00699
9	0.00667	0.00486	0.00630	0.00623	0.00727	0.00448	0.00463	0.00867	0.01276	0.01775	0.60079	0.16298	0.08820	0.01102	0.00583	0.00163	0.00246	0.03793	0.00512	0.00444
10	0.01268	0.00895	0.01009	0.00882	0.01138	0.00968	0.00691	0.07573	0.42914	0.13596	0.17564	0.03983	0.02049	0.00729	0.00507	0.00158	0.00361	0.00614	0.02400	0.00702
11	0.01139	0.01293	0.02778	0.01997	0.02458	0.01241	0.73608	0.01529	0.01120	0.01529	0.00960	0.01293	0.00729	0.00435	0.00632	0.00166	0.05641	0.00563	0.00243	0.00646
12	0.00737	0.00456	0.00531	0.00565	0.00614	0.00452	0.00376	0.00842	0.00876	0.01308	0.01874	0.24116	0.02001	0.30297	0.04226	0.00291	0.00375	0.03162	0.26521	0.00379
13	0.00602	0.00476	0.00544	0.00579	0.00696	0.00419	0.00425	0.00730	0.01083	0.01360	0.11498	0.26233	0.46352	0.01292	0.00591	0.00175	0.00266	0.05809	0.00458	0.00412
14	0.01179	0.01130	0.01930	0.08661	0.74420	0.01146	0.01477	0.01469	0.01094	0.01558	0.00908	0.01206	0.00759	0.00436	0.00480	0.00145	0.00581	0.00432	0.00238	0.00751
15	0.00744	0.00540	0.02962	0.00663	0.00760	0.00488	0.00510	0.00895	0.00968	0.02711	0.04325	0.25344	0.08265	0.13223	0.06869	0.00263	0.00412	0.13252	0.16383	0.00421
16	0.10274	0.00869	0.00992	0.00870	0.01123	0.00926	0.02143	0.15246	0.17621	0.11780	0.06446	0.04444	0.04048	0.00820	0.01999	0.00174	0.00418	0.11901	0.07269	0.00638

[dist]
# distance from previous block
# <min> <max>
0	3

[block]
# block no. 2 follows, 52 sequences, length 28
# corresponding to MSA columns:
# 379-406
name=unknown_C
#
# <colnr> <probs for GDERKNQSTAVLIFYWHMCP>
#	G	D	E	R	K	N	Q	S	T	A	V	L	I	F	Y	W	H	M	C	P
0	0.12602	0.08167	0.06107	0.07087	0.02695	0.00993	0.09079	0.07969	0.01142	0.01713	0.09139	0.04193	0.07853	0.00601	0.00471	0.00137	0.02107	0.00501	0.00326	0.17117
1	0.04487	0.13638	0.23331	0.02712	0.01687	0.06687	0.10814	0.13086	0.02688	0.06467	0.03851	0.03943	0.00942	0.00547	0.00494	0.00147	0.03056	0.00443	0.00309	0.00671
2	0.01084	0.30387	0.39548	0.01167	0.01700	0.01352	0.07883	0.01451	0.01005	0.01382	0.00871	0.01094	0.00707	0.04267	0.00506	0.00150	0.00624	0.00362	0.03813	0.00647
3	0.00759	0.00530	0.00663	0.00668	0.00776	0.00515	0.00484	0.03513	0.03288	0.05128	0.17373	0.30921	0.15627	0.06655	0.10543	0.00266	0.00419	0.00979	0.00442	0.00452
4	0.12535	0.03933	0.07240	0.01079	0.06847	0.02561	0.02887	0.09935	0.07208	0.21717	0.01409	0.01484	0.03943	0.00571	0.00484	0.00144	0.03058	0.02345	0.00399	0.10221
5	0.03901	0.02749	0.04542	0.00810	0.01037	0.02862	0.03498	0.08440	0.07671	0.03632	0.10995	0.07932	0.24651	0.03739	0.00608	0.00176	0.00393	0.10367	0.00427	0.01573
6	0.00724	0.00530	0.00655	0.00642	0.00702	0.00524	0.02854	0.00858	0.05213	0.01167	0.05963	0.13848	0.08222	0.49959	0.01709	0.00353	0.00420	0.04929	0.00357	0.00370
7	0.05305	0.00474	0.00591	0.00665	0.00735	0.00448	0.00459	0.00795	0.00968	0.04643	0.04880	0.66658	0.08818	0.01385	0.00591	0.00189	0.00288	0.01239	0.00450	0.00422
8	0.01266	0.36427	0.30748	0.01174	0.04121	0.04808	0.03909	0.05384	0.01110	0.05695	0.00858	0.00969	0.00669	0.00454	0.00403	0.00131	0.00613	0.00335	0.00246	0.00681
9	0.03693	0.00976	0.01271	0.00931	0.01342	0.00857	0.10137	0.13354	0.01225	0.03678	0.00976	0.01113	0.00766	0.00418	0.00405	0.00101	0.00438	0.00357	0.04276	0.53687
10	0.00671	0.00496	0.00660	0.03512	0.00835	0.00498	0.00514	0.02791	0.00976	0.01306	0.06679	0.62330	0.06694	0.01394	0.00706	0.04162	0.03748	0.01191	0.00426	0.00412
11	0.08346	0.21989	0.16442	0.04392	0.02745	0.19292	0.01919	0.06364	0.02446	0.02921	0.01073	0.05506	0.03540	0.00554	0.00422	0.00137	0.00608	0.00411	0.00276	0.00616
12	0.01067	0.00584	0.00748	0.00725	0.00868	0.00549	0.00527	0.02482	0.05838	0.21298	0.02399	0.42064	0.07294	0.06333	0.00748	0.04168	0.00341	0.00976	0.00470	0.00519
13	0.01258	0.04953	0.05659	0.02502	0.16087	0.03418	0.04194	0.13656	0.06901	0.05019	0.02398	0.03946	0.00958	0.00524	0.00486	0.00130	0.03210	0.00435	0.01567	0.22701
14	0.03531	0.02865	0.14287	0.05728	0.18900	0.13456	0.04597	0.10288	0.04030	0.01645	0.01004	0.04351	0.00836	0.00555	0.00561	0.00150	0.07535	0.00440	0.02991	0.02251
15	0.01074	0.00992	0.01639	0.20270	0.49184	0.01048	0.01292	0.01397	0.03775	0.01529	0.05246	0.01427	0.01009	0.00629	0.04069	0.00176	0.00585	0.00464	0.03522	0.00672
16	0.04127	0.13168	0.13420	0.13010	0.17500	0.01263	0.11145	0.10619	0.02512	0.01662	0.00909	0.01118	0.00710	0.00455	0.00451	0.00140	0.00599	0.00401	0.00266	0.06524
17	0.00683	0.00465	0.00587	0.02639	0.00699	0.00460	0.00411	0.00745	0.00863	0.01177	0.08717	0.29435	0.04015	0.33416	0.04902	0.05491	0.00409	0.00909	0.03622	0.00357
18	0.00809	0.00547	0.00657	0.00616	0.00776	0.00493	0.00472	0.03165	0.01274	0.08633	0.37164	0.06949	0.31602	0.01065	0.00568	0.00161	0.00270	0.03798	0.00501	0.00480
19	0.00669	0.00464	0.00530	0.00550	0.00574	0.00449	0.00330	0.00698	0.00791	0.01036	0.02123	0.17619	0.11035	0.58892	0.01916	0.00385	0.00410	0.00862	0.00340	0.00325
20	0.00647	0.00454	0.00557	0.00617	0.00648	0.00436	0.00402	0.00709	0.00862	0.01136	0.02359	0.40349	0.07927	0.34295	0.01363	0.00306	0.00365	0.05821	0.00387	0.00358
21	0.01419	0.00847	0.01042	0.00778	0.01174	0.00688	0.00628	0.01674	0.04438	0.29483	0.03265	0.01333	0.01018	0.00473	0.00415	0.00105	0.00376	0.00384	0.00413	0.50048
22	0.00633	0.00468	0.00592	0.00614	0.00705	0.00427	0.00440	0.00793	0.01169	0.01587	0.39951	0.32188	0.16209	0.01218	0.00589	0.00170	0.00250	0.01080	0.00490	0.00427
23	0.01810	0.02310	0.01373	0.01248	0.01498	0.81024	0.00936	0.01935	0.01373	0.01186	0.00749	0.00874	0.00624	0.00499	0.00437	0.00125	0.00874	0.00312	0.00250	0.00562
24	0.01431	0.61961	0.02233	0.00940	0.01311	0.22732	0.00857	0.01578	0.01087	0.01152	0.00694	0.00803	0.00623	0.00437	0.00344	0.00109	0.00612	0.00273	0.00218	0.00606
25	0.01457	0.01488	0.01049	0.00944	0.01150	0.40497	0.00721	0.09702	0.01317	0.01610	0.01093	0.01251	0.00871	0.00544	0.00445	0.00126	0.03353	0.00380	0.31452	0.00548
26	0.01319	0.16278	0.20477	0.03484	0.01582	0.06384	0.03481	0.20516	0.05680	0.04108	0.05383	0.02397	0.01111	0.00592	0.00465	0.00146	0.00572	0.05003	0.00341	0.00681
27	0.03406	0.11389	0.05327	0.05389	0.04198	0.14936	0.08375	0.18091	0.03456	0.07383	0.03906	0.01503	0.03545	0.05066	0.00576	0.00160	0.00593	0.01710	0.00345	0.00646

[dist]
# distance from previous block
# <min> <max>
1	7

[block]
# block no. 3 follows, 52 sequences, length 27
# corresponding to MSA columns:
# 414-431,437-445
name=unknown_D
#
# <colnr> <probs for GDERKNQSTAVLIFYWHMCP>
#	G	D	E	R	K	N	Q	S	T	A	V	L	I	F	Y	W	H	M	C	P
0	0.01411	0.05007	0.08435	0.02269	0.04957	0.08827	0.09228	0.08450	0.10425	0.17183	0.05843	0.03780	0.01227	0.00624	0.00572	0.00155	0.06662	0.01904	0.02363	0.00678
1	0.01777	0.00958	0.01163	0.00894	0.01274	0.00901	0.00730	0.17287	0.08610	0.41393	0.01550	0.01433	0.01050	0.00552	0.00461	0.00134	0.00423	0.00441	0.00502	0.18465
2	0.82991	0.00920	0.00710	0.00636	0.00929	0.01062	0.00522	0.01404	0.00846	0.02165	0.03811	0.00900	0.00685	0.00471	0.00311	0.00150	0.00369	0.00287	0.00309	0.00522
3	0.86392	0.00937	0.00712	0.00637	0.00937	0.01087	0.00525	0.01425	0.00825	0.02174	0.00675	0.00787	0.00525	0.00450	0.00300	0.00150	0.00375	0.00262	0.00300	0.00525
4	0.01629	0.01223	0.01309	0.01051	0.01397	0.01365	0.00853	0.51288	0.25683	0.04496	0.01439	0.01389	0.01045	0.00605	0.00483	0.00150	0.00476	0.00472	0.02848	0.00796
5	0.01060	0.01060	0.01484	0.01272	0.01272	0.01484	0.01060	0.01166	0.00742	0.01166	0.00636	0.01060	0.00636	0.00848	0.01590	0.00212	0.82082	0.00424	0.00212	0.00530
6	0.00842	0.00421	0.00631	0.00631	0.00631	0.00421	0.00421	0.00631	0.00631	0.00842	0.00842	0.01473	0.00842	0.01684	0.01894	0.85901	0.00421	0.00421	0.00210	0.00210
7	0.01813	0.01343	0.01438	0.01109	0.01492	0.01489	0.00914	0.74845	0.05811	0.03007	0.01201	0.01193	0.00854	0.00585	0.00485	0.00146	0.00526	0.00441	0.00485	0.00821
8	0.00635	0.00466	0.00601	0.00694	0.00741	0.00450	0.00471	0.00810	0.06188	0.01312	0.05059	0.74727	0.03132	0.01444	0.00609	0.00193	0.00286	0.01306	0.00455	0.00421
9	0.00604	0.00432	0.00577	0.00684	0.00720	0.00405	0.00468	0.00702	0.00955	0.01276	0.05721	0.75406	0.03237	0.01488	0.00619	0.00196	0.00288	0.05369	0.00453	0.00399
10	0.02379	0.00502	0.00628	0.00607	0.00726	0.00464	0.00451	0.00921	0.01266	0.03916	0.56058	0.13355	0.11465	0.01041	0.00561	0.00157	0.00245	0.00914	0.03890	0.00456
11	0.00687	0.00498	0.00676	0.00680	0.00739	0.00544	0.00487	0.00798	0.00774	0.01076	0.01579	0.05641	0.04751	0.29549	0.48644	0.00628	0.00941	0.00635	0.00286	0.00384
12	0.01332	0.07396	0.04520	0.06443	0.01395	0.10098	0.02061	0.29554	0.01513	0.01964	0.05858	0.04346	0.07860	0.05244	0.00631	0.00164	0.03843	0.00528	0.04628	0.00623
13	0.03514	0.00955	0.01617	0.39224	0.17008	0.01060	0.10511	0.01386	0.01036	0.07907	0.01135	0.01435	0.04038	0.00596	0.02415	0.00174	0.04637	0.00474	0.00268	0.00610
14	0.06231	0.19041	0.06254	0.04766	0.07358	0.06260	0.00875	0.07491	0.08586	0.01620	0.00996	0.03385	0.00833	0.00494	0.00424	0.00123	0.02004	0.00376	0.01738	0.21146
15	0.01102	0.10275	0.26872	0.07729	0.13638	0.02319	0.02739	0.09635	0.03584	0.01631	0.06148	0.04598	0.01111	0.03697	0.02727	0.00177	0.00600	0.00474	0.00287	0.00657
16	0.10019	0.01425	0.04101	0.09243	0.16066	0.21072	0.09338	0.09032	0.03356	0.05247	0.00978	0.01207	0.00772	0.00592	0.02697	0.00165	0.02183	0.01566	0.00296	0.00645
17	0.03447	0.00938	0.05985	0.07176	0.06815	0.00905	0.01982	0.10455	0.12655	0.09267	0.05057	0.08560	0.06535	0.02333	0.00563	0.00164	0.02936	0.03214	0.10392	0.00619
18	0.00730	0.00474	0.00550	0.00554	0.00588	0.00480	0.00350	0.00795	0.00794	0.01134	0.03421	0.04604	0.02968	0.55998	0.10002	0.00425	0.00504	0.02131	0.13158	0.00342
19	0.03376	0.00902	0.10621	0.02357	0.01103	0.00769	0.02473	0.08861	0.01027	0.09053	0.01412	0.07861	0.01338	0.23190	0.19643	0.00384	0.02378	0.00589	0.02145	0.00517
20	0.01073	0.01044	0.01445	0.01239	0.01260	0.01438	0.01030	0.04373	0.00808	0.01243	0.00693	0.01109	0.00675	0.00985	0.05776	0.00239	0.74374	0.00430	0.00226	0.00537
21	0.00745	0.00510	0.00695	0.00694	0.00760	0.00551	0.00502	0.00859	0.00803	0.03596	0.02940	0.04823	0.01593	0.30812	0.43810	0.00598	0.00895	0.04117	0.00301	0.00397
22	0.01296	0.83261	0.02539	0.00829	0.01244	0.01917	0.00829	0.01451	0.00985	0.01140	0.00674	0.00777	0.00622	0.00415	0.00311	0.00104	0.00518	0.00259	0.00207	0.00622
23	0.01842	0.01357	0.01454	0.01115	0.01503	0.01503	0.00921	0.78330	0.02278	0.03054	0.01163	0.01163	0.00824	0.00582	0.00485	0.00145	0.00533	0.00436	0.00485	0.00824
24	0.01257	0.00960	0.01252	0.01041	0.01258	0.01061	0.07380	0.29714	0.01425	0.05083	0.01467	0.19444	0.01395	0.02548	0.05803	0.01446	0.12114	0.00668	0.04069	0.00613
25	0.12439	0.01200	0.01270	0.11739	0.06076	0.11606	0.02636	0.23818	0.04666	0.02002	0.03770	0.01296	0.01966	0.00631	0.02578	0.00161	0.03054	0.00423	0.04272	0.04395
26	0.50277	0.07667	0.02587	0.07446	0.04597	0.06404	0.00748	0.04770	0.04565	0.01907	0.00793	0.00930	0.00625	0.00473	0.00381	0.00145	0.02161	0.00313	0.00293	0.02919

[dist]
# distance from previous block
# <min> <max>
1	2

[block]
# block no. 4 follows, 52 sequences, length 15
# corresponding to MSA columns:
# 448-462
name=unknown_E
#
# <colnr> <probs for GDERKNQSTAVLIFYWHMCP>
#	G	D	E	R	K	N	Q	S	T	A	V	L	I	F	Y	W	H	M	C	P
0	0.01810	0.02310	0.01373	0.01248	0.01498	0.81024	0.00936	0.01935	0.01373	0.01186	0.00749	0.00874	0.00624	0.00499	0.00437	0.00125	0.00874	0.00312	0.00250	0.00562
1	0.01349	0.03223	0.05019	0.08713	0.02747	0.03374	0.04213	0.26765	0.06334	0.08557	0.01499	0.11548	0.04353	0.00793	0.02479	0.00175	0.07216	0.00583	0.00395	0.00664
2	0.05955	0.04722	0.14794	0.01051	0.02276	0.07869	0.05272	0.06236	0.09820	0.04424	0.07022	0.09757	0.02791	0.04625	0.04339	0.00199	0.05537	0.00566	0.00342	0.02402
3	0.01217	0.00978	0.01361	0.01094	0.01322	0.03577	0.11666	0.10312	0.01217	0.11949	0.11271	0.01943	0.10630	0.00823	0.02894	0.00181	0.21954	0.00574	0.00374	0.04663
4	0.07665	0.00893	0.01116	0.00866	0.01227	0.00839	0.00714	0.13102	0.01461	0.60757	0.01709	0.01529	0.01103	0.00586	0.00468	0.00148	0.00419	0.00464	0.04146	0.00789
5	0.03049	0.01126	0.07204	0.26661	0.21133	0.04129	0.09565	0.03478	0.03075	0.01488	0.03884	0.07164	0.01041	0.00632	0.02112	0.00170	0.02678	0.00521	0.00271	0.00618
6	0.01153	0.08474	0.14523	0.06587	0.13479	0.05397	0.21637	0.07727	0.03361	0.01582	0.01220	0.07933	0.03597	0.00570	0.00500	0.00153	0.00633	0.00537	0.00283	0.00653
7	0.00677	0.00489	0.00592	0.00627	0.00701	0.00468	0.00440	0.00831	0.03631	0.01353	0.14907	0.27874	0.14175	0.20379	0.01029	0.00248	0.00329	0.07918	0.02932	0.00402
8	0.04697	0.00801	0.01008	0.00832	0.01119	0.00765	0.00675	0.11307	0.03915	0.41246	0.17751	0.05496	0.02008	0.00757	0.00514	0.00157	0.00384	0.05329	0.00542	0.00696
9	0.10300	0.01303	0.05913	0.10190	0.16775	0.13743	0.07418	0.07405	0.05269	0.05966	0.01099	0.01289	0.02612	0.00716	0.05648	0.00190	0.02789	0.00431	0.00301	0.00644
10	0.04567	0.01191	0.01661	0.08607	0.41672	0.10271	0.05425	0.03757	0.01162	0.05981	0.03214	0.01441	0.05379	0.00530	0.00515	0.00148	0.03043	0.00468	0.00288	0.00679
11	0.00604	0.00449	0.00557	0.00619	0.00689	0.00409	0.00427	0.00714	0.01021	0.01340	0.13797	0.51107	0.20764	0.04309	0.00668	0.00193	0.00273	0.01203	0.00456	0.00402
12	0.03597	0.05683	0.11289	0.01366	0.15078	0.04264	0.06400	0.07728	0.06241	0.05241	0.01525	0.07104	0.05195	0.05287	0.00633	0.00175	0.02542	0.06971	0.03057	0.00625
13	0.01234	0.09380	0.01485	0.10299	0.13874	0.01028	0.05290	0.09047	0.04568	0.09715	0.05666	0.05694	0.01156	0.00551	0.00457	0.00132	0.00480	0.00478	0.00344	0.19123
14	0.00907	0.00572	0.00737	0.00721	0.02591	0.00573	0.00500	0.01077	0.04220	0.10585	0.09322	0.07936	0.04105	0.29202	0.19983	0.00406	0.00603	0.00677	0.02715	0.02568

[dist]
# distance from previous block
# <min> <max>
3	15

[block]
# block no. 5 follows, 52 sequences, length 33
# corresponding to MSA columns:
# 484-516
name=unknown_F
#
# <colnr> <probs for GDERKNQSTAVLIFYWHMCP>
#	G	D	E	R	K	N	Q	S	T	A	V	L	I	F	Y	W	H	M	C	P
0	0.00898	0.00819	0.05305	0.08943	0.07603	0.02238	0.03610	0.01226	0.08243	0.05035	0.23195	0.18569	0.07930	0.00912	0.00569	0.00165	0.02155	0.01627	0.00414	0.00543
1	0.00958	0.02002	0.58191	0.03584	0.01830	0.01010	0.01457	0.01496	0.05787	0.01586	0.04006	0.01343	0.03297	0.00519	0.00457	0.00148	0.00608	0.00415	0.06577	0.04729
2	0.07773	0.01299	0.23830	0.01006	0.03705	0.06719	0.00972	0.01300	0.01113	0.06548	0.11283	0.06408	0.10325	0.00866	0.02373	0.00176	0.00513	0.11259	0.00358	0.02173
3	0.01315	0.13259	0.11875	0.08064	0.12467	0.05362	0.11897	0.10065	0.02672	0.08595	0.01037	0.03064	0.00814	0.00505	0.00490	0.00143	0.02630	0.00433	0.00300	0.05011
4	0.05646	0.00766	0.00840	0.00713	0.00942	0.00791	0.00560	0.15804	0.07465	0.17433	0.01550	0.01706	0.01177	0.06681	0.00563	0.00159	0.00358	0.00473	0.35762	0.00611
5	0.00967	0.00771	0.00944	0.06752	0.01215	0.00684	0.00629	0.02570	0.08668	0.04422	0.01486	0.22418	0.01455	0.00712	0.00456	0.00124	0.00367	0.00618	0.00359	0.44383
6	0.01203	0.01116	0.02160	0.05320	0.02054	0.01096	0.47626	0.04834	0.01158	0.09301	0.04885	0.01562	0.01035	0.06613	0.00763	0.00185	0.06293	0.00561	0.00305	0.01930
7	0.01101	0.01247	0.02684	0.01928	0.02394	0.01165	0.72421	0.01489	0.01141	0.01534	0.01271	0.01556	0.06589	0.00469	0.00572	0.00163	0.00775	0.00605	0.00260	0.00635
8	0.07260	0.02605	0.07776	0.04431	0.03419	0.09471	0.19576	0.09342	0.04464	0.05409	0.03566	0.01420	0.03132	0.00783	0.06534	0.00201	0.06669	0.00477	0.02840	0.00623
9	0.01813	0.02239	0.01379	0.01239	0.01498	0.75132	0.00935	0.07595	0.01440	0.01324	0.00780	0.00895	0.00639	0.00505	0.00440	0.00126	0.00849	0.00321	0.00267	0.00581
10	0.29631	0.01160	0.01141	0.00922	0.01253	0.02727	0.00753	0.43068	0.03312	0.04304	0.01044	0.01144	0.00786	0.02966	0.03611	0.00181	0.00509	0.00391	0.00408	0.00689
11	0.00821	0.00607	0.00827	0.00789	0.00891	0.00703	0.00612	0.07169	0.00911	0.01320	0.01291	0.01886	0.01193	0.08867	0.58625	0.00626	0.05281	0.00516	0.06605	0.00461
12	0.01296	0.83261	0.02539	0.00829	0.01244	0.01917	0.00829	0.01451	0.00985	0.01140	0.00674	0.00777	0.00622	0.00415	0.00311	0.00104	0.00518	0.00259	0.00207	0.00622
13	0.00903	0.00452	0.00452	0.00452	0.00565	0.00452	0.00339	0.01129	0.01016	0.01807	0.01581	0.01807	0.01242	0.00565	0.00339	0.00113	0.00226	0.00452	0.85659	0.00452
14	0.86392	0.00937	0.00712	0.00637	0.00937	0.01087	0.00525	0.01425	0.00825	0.02174	0.00675	0.00787	0.00525	0.00450	0.00300	0.00150	0.00375	0.00262	0.00300	0.00525
15	0.00681	0.00504	0.00646	0.00672	0.00785	0.00469	0.00528	0.00873	0.01205	0.01616	0.36561	0.12827	0.17774	0.01186	0.00604	0.00179	0.00297	0.21670	0.00485	0.00439
16	0.00793	0.00659	0.00939	0.00881	0.00934	0.00826	0.00690	0.00927	0.00760	0.01113	0.01147	0.01833	0.01124	0.12749	0.49782	0.00587	0.23046	0.00517	0.00251	0.00442
17	0.00757	0.00509	0.00666	0.00623	0.00748	0.00467	0.00468	0.00975	0.01349	0.05961	0.71046	0.06632	0.05955	0.00996	0.00569	0.00154	0.00241	0.00879	0.00532	0.00473
18	0.00596	0.00467	0.00528	0.00567	0.00679	0.00410	0.00408	0.00715	0.01054	0.01331	0.07853	0.31927	0.45846	0.01303	0.00585	0.00174	0.00260	0.02374	0.02515	0.00408
19	0.02983	0.00593	0.00665	0.03618	0.03154	0.00623	0.00496	0.04845	0.06848	0.03352	0.01576	0.05905	0.01287	0.00723	0.03289	0.00151	0.00326	0.00503	0.58553	0.00510
20	0.01220	0.01386	0.03432	0.00957	0.01143	0.35896	0.00735	0.02336	0.05500	0.01301	0.03385	0.12902	0.08077	0.08079	0.05320	0.00215	0.00644	0.05318	0.01651	0.00504
21	0.01379	0.00780	0.00940	0.00808	0.01065	0.00779	0.00636	0.01941	0.25790	0.29854	0.17675	0.05184	0.06408	0.00763	0.00510	0.00156	0.00346	0.00645	0.03661	0.00681
22	0.01071	0.22537	0.54161	0.01350	0.05933	0.01328	0.04286	0.01512	0.01022	0.01439	0.00827	0.00981	0.00628	0.00446	0.00428	0.00141	0.00663	0.00345	0.00209	0.00693
23	0.03108	0.03245	0.01152	0.02465	0.02751	0.08885	0.03522	0.05048	0.01165	0.18492	0.10742	0.09409	0.06102	0.02892	0.06387	0.00213	0.12829	0.00614	0.00395	0.00582
24	0.00657	0.00507	0.00587	0.00613	0.00726	0.00464	0.00440	0.04730	0.01115	0.01430	0.10947	0.37818	0.35614	0.01296	0.00588	0.00176	0.00274	0.01130	0.00460	0.00429
25	0.01271	0.00699	0.00786	0.00680	0.00894	0.00701	0.00535	0.14179	0.04509	0.16891	0.03797	0.06346	0.06096	0.00681	0.00433	0.00136	0.00323	0.00556	0.39896	0.00592
26	0.03624	0.08426	0.17894	0.13201	0.12927	0.11432	0.11773	0.01550	0.01103	0.07687	0.01028	0.05358	0.00837	0.00520	0.00472	0.00149	0.00647	0.00454	0.00269	0.00648
27	0.05561	0.01193	0.06533	0.05872	0.15081	0.04705	0.11421	0.11117	0.01131	0.01606	0.01057	0.01365	0.03449	0.02605	0.08373	0.00229	0.17341	0.00465	0.00276	0.00620
28	0.00953	0.00628	0.00877	0.03811	0.07383	0.00623	0.01894	0.01127	0.01047	0.12349	0.08411	0.10385	0.15071	0.06911	0.14513	0.00289	0.02313	0.04476	0.06428	0.00511
29	0.02086	0.00728	0.02138	0.05595	0.08618	0.04452	0.03653	0.01059	0.03989	0.03534	0.01958	0.34585	0.04665	0.14306	0.00852	0.00219	0.00421	0.00882	0.05784	0.00477
30	0.03122	0.03522	0.06303	0.20968	0.22819	0.02654	0.03204	0.06179	0.03618	0.04298	0.04691	0.02793	0.02522	0.00632	0.01799	0.00166	0.05284	0.03268	0.00296	0.01859
31	0.16105	0.05505	0.08489	0.04851	0.08181	0.11340	0.03084	0.13026	0.04114	0.06511	0.01018	0.01223	0.00808	0.04062	0.04366	0.00189	0.03866	0.00399	0.02229	0.00633
32	0.17258	0.05776	0.06205	0.06197	0.12694	0.10943	0.07551	0.07564	0.05144	0.01675	0.01226	0.01409	0.06612	0.02197	0.03645	0.00179	0.02373	0.00442	0.00297	0.00613

[dist]
# distance from previous block
# <min> <max>
7	17

[block]
# block no. 6 follows, 52 sequences, length 20
# corresponding to MSA columns:
# 536-548,563-569
name=unknown_G
#
# <colnr> <probs for GDERKNQSTAVLIFYWHMCP>
#	G	D	E	R	K	N	Q	S	T	A	V	L	I	F	Y	W	H	M	C	P
0	0.01115	0.01116	0.08625	0.04421	0.04624	0.05567	0.04972	0.09155	0.04701	0.03993	0.01304	0.12521	0.02312	0.00723	0.03355	0.00152	0.00510	0.00526	0.00333	0.29978
1	0.01385	0.13966	0.08954	0.01272	0.06861	0.05300	0.11274	0.11544	0.11511	0.12250	0.01246	0.02677	0.00976	0.02643	0.02953	0.00174	0.02584	0.01385	0.00353	0.00692
2	0.01028	0.02883	0.04937	0.08391	0.01267	0.02845	0.00766	0.11833	0.08154	0.03664	0.07830	0.05996	0.04617	0.10209	0.14444	0.00300	0.04073	0.03975	0.02242	0.00548
3	0.00755	0.00522	0.00626	0.00598	0.00752	0.00463	0.00461	0.00936	0.01244	0.07408	0.37423	0.04038	0.35609	0.01085	0.00573	0.00162	0.00264	0.06121	0.00497	0.00463
4	0.03962	0.01285	0.06770	0.05313	0.07828	0.11324	0.00947	0.11661	0.19589	0.11739	0.01350	0.01423	0.02340	0.02547	0.00591	0.00159	0.06015	0.00451	0.00381	0.04325
5	0.15738	0.01244	0.07269	0.10902	0.12177	0.05802	0.15475	0.07064	0.06017	0.06967	0.01085	0.01258	0.02342	0.00512	0.00514	0.00155	0.04079	0.00440	0.00307	0.00653
6	0.01259	0.01163	0.04555	0.04481	0.53498	0.03541	0.05934	0.03314	0.01147	0.07832	0.01090	0.01487	0.00910	0.00535	0.00529	0.02174	0.00581	0.04965	0.00285	0.00720
7	0.00915	0.00861	0.01453	0.81804	0.03338	0.01077	0.01346	0.01238	0.00969	0.01238	0.00861	0.01292	0.00646	0.00484	0.00484	0.00161	0.00646	0.00431	0.00215	0.00538
8	0.04166	0.01352	0.11829	0.04861	0.14456	0.09686	0.03069	0.14112	0.07167	0.12896	0.03681	0.03542	0.02163	0.02580	0.00551	0.00158	0.02193	0.00478	0.00365	0.00694
9	0.01182	0.15043	0.29330	0.04496	0.07610	0.04043	0.10467	0.04261	0.02893	0.05242	0.00920	0.01115	0.00712	0.00551	0.00598	0.04712	0.05522	0.00395	0.00251	0.00657
10	0.00670	0.00470	0.00589	0.00633	0.00707	0.00441	0.00449	0.00752	0.02785	0.01233	0.06183	0.32208	0.23331	0.03655	0.02193	0.16749	0.00331	0.05845	0.00401	0.00375
11	0.02156	0.00899	0.04376	0.08412	0.33531	0.00866	0.02352	0.03172	0.01040	0.01464	0.01564	0.27464	0.02795	0.00944	0.03906	0.00190	0.01541	0.00746	0.01987	0.00594
12	0.05628	0.13300	0.12187	0.12945	0.13374	0.08017	0.11578	0.08432	0.03051	0.05640	0.00947	0.01129	0.00724	0.00471	0.00454	0.00144	0.00627	0.00403	0.00278	0.00670
13	0.00693	0.00474	0.00592	0.00651	0.00732	0.00441	0.00458	0.00842	0.03125	0.04401	0.08119	0.54328	0.14568	0.01325	0.00586	0.00182	0.00281	0.02773	0.04997	0.00431
14	0.00602	0.00511	0.00527	0.00509	0.00685	0.00424	0.00384	0.00735	0.01114	0.01358	0.08727	0.04413	0.71489	0.01168	0.00561	0.00158	0.00251	0.00976	0.00446	0.04963
15	0.01082	0.05532	0.14696	0.03539	0.04674	0.02873	0.10825	0.03642	0.06164	0.08336	0.03547	0.10181	0.04839	0.07007	0.06879	0.00231	0.04425	0.00602	0.00331	0.00596
16	0.02911	0.04752	0.07742	0.11843	0.11212	0.04193	0.10067	0.15233	0.08991	0.07290	0.01307	0.01444	0.04694	0.00651	0.03006	0.00172	0.02998	0.00475	0.00338	0.00681
17	0.00629	0.00469	0.00623	0.00752	0.03489	0.00443	0.00490	0.00759	0.02977	0.01289	0.04437	0.71786	0.07179	0.01431	0.00607	0.00191	0.00291	0.01293	0.00445	0.00419
18	0.14327	0.00990	0.01379	0.05353	0.12173	0.00989	0.07922	0.12011	0.01339	0.33419	0.04353	0.01422	0.01050	0.00544	0.00469	0.00150	0.00487	0.00459	0.00436	0.00728
19	0.12387	0.01205	0.08169	0.09766	0.20933	0.05815	0.03828	0.12475	0.01235	0.04133	0.04436	0.03471	0.01005	0.00556	0.00486	0.00150	0.02488	0.01651	0.05161	0.00650

[dist]
# distance from previous block
# <min> <max>
0	10

# created by:
# /home/cegg/simao/soft/augustus-3.2.1/scripts/msa2prfl.pl ./align_prep/EOG091G0UXY.fa
