[name]
unknown

[dist]
# distance from previous block
# <min> <max>
0	144

[block]
# block no. 0 follows, 46 sequences, length 12
# corresponding to MSA columns:
# 182-193
name=unknown_A
#
# <colnr> <probs for GDERKNQSTAVLIFYWHMCP>
#	G	D	E	R	K	N	Q	S	T	A	V	L	I	F	Y	W	H	M	C	P
0	0.00852	0.00608	0.00852	0.00974	0.01095	0.00608	0.00852	0.01095	0.01217	0.01582	0.02799	0.05963	0.03042	0.01460	0.00730	0.00243	0.00487	0.74565	0.00487	0.00487
1	0.01260	0.01207	0.02059	0.15205	0.66540	0.01243	0.01598	0.01580	0.01181	0.01669	0.00986	0.01324	0.00817	0.00480	0.00524	0.00160	0.00640	0.00471	0.00258	0.00798
2	0.00644	0.00460	0.00613	0.00736	0.00767	0.00429	0.00491	0.00736	0.01012	0.01350	0.02914	0.81076	0.03497	0.01656	0.00675	0.00215	0.00307	0.01503	0.00491	0.00429
3	0.00796	0.00579	0.00718	0.00778	0.00861	0.00566	0.00543	0.09225	0.01189	0.01577	0.02879	0.67464	0.07764	0.01522	0.00655	0.00206	0.00335	0.01364	0.00495	0.00483
4	0.01315	0.01136	0.01195	0.01076	0.01375	0.01315	0.00837	0.02809	0.77168	0.02211	0.02152	0.01972	0.01614	0.00717	0.00538	0.00179	0.00418	0.00598	0.00538	0.00837
5	0.01086	0.01053	0.01484	0.01294	0.01310	0.01451	0.01070	0.01215	0.00817	0.01264	0.00821	0.01318	0.00804	0.01458	0.15344	0.00340	0.66590	0.00481	0.00240	0.00560
6	0.01975	0.02520	0.01498	0.01362	0.01634	0.79299	0.01021	0.02111	0.01498	0.01294	0.00817	0.00953	0.00681	0.00545	0.00477	0.00136	0.00953	0.00340	0.00272	0.00613
7	0.00798	0.00565	0.00747	0.00832	0.00917	0.00557	0.00663	0.00965	0.01100	0.01441	0.05084	0.14381	0.05134	0.19506	0.01159	0.00296	0.00457	0.44503	0.00453	0.00441
8	0.00658	0.00470	0.00630	0.00752	0.00789	0.00442	0.00515	0.00761	0.01026	0.01365	0.02906	0.75931	0.03465	0.01643	0.00679	0.00217	0.00319	0.06508	0.00490	0.00433
9	0.01388	0.01176	0.01295	0.03890	0.04673	0.01347	0.00911	0.11579	0.62401	0.02297	0.01956	0.01841	0.01464	0.00691	0.00536	0.00176	0.00457	0.00573	0.00515	0.00836
10	0.01944	0.01417	0.01516	0.01170	0.01574	0.01566	0.00964	0.71533	0.02397	0.03244	0.01298	0.01314	0.00928	0.00633	0.00519	0.00156	0.00560	0.00477	0.05915	0.00873
11	0.01339	0.01308	0.01817	0.02273	0.40085	0.09216	0.01335	0.01566	0.01134	0.04216	0.04427	0.01362	0.00982	0.00655	0.00904	0.00179	0.25720	0.00479	0.00281	0.00720

[dist]
# distance from previous block
# <min> <max>
0	1

[block]
# block no. 1 follows, 46 sequences, length 48
# corresponding to MSA columns:
# 195-199,202-244
name=unknown_B
#
# <colnr> <probs for GDERKNQSTAVLIFYWHMCP>
#	G	D	E	R	K	N	Q	S	T	A	V	L	I	F	Y	W	H	M	C	P
0	0.00679	0.00524	0.00622	0.00639	0.00765	0.00467	0.00471	0.00847	0.01262	0.01651	0.29306	0.21195	0.34262	0.01325	0.00639	0.00185	0.00278	0.03898	0.00522	0.00462
1	0.01303	0.01234	0.02063	0.06890	0.69454	0.01240	0.01560	0.03533	0.01225	0.01750	0.00997	0.01304	0.00830	0.00475	0.00519	0.00155	0.00621	0.00465	0.00269	0.04113
2	0.77494	0.01017	0.00850	0.03422	0.03779	0.01172	0.00637	0.01537	0.00929	0.02310	0.02539	0.00964	0.00688	0.00505	0.00348	0.00164	0.00423	0.00314	0.00328	0.00580
3	0.00810	0.00555	0.00721	0.00671	0.00810	0.00508	0.00506	0.01053	0.01486	0.05238	0.71882	0.03905	0.07696	0.01073	0.00620	0.00167	0.00258	0.00945	0.00581	0.00513
4	0.01396	0.01438	0.04858	0.01918	0.27611	0.12311	0.05863	0.07531	0.21473	0.01912	0.04209	0.01673	0.04200	0.00615	0.00534	0.00163	0.00610	0.00535	0.00376	0.00772
5	0.01210	0.01241	0.03625	0.06268	0.06773	0.19119	0.00859	0.04623	0.08454	0.01890	0.34912	0.02465	0.02701	0.00794	0.00554	0.00159	0.00516	0.00664	0.02561	0.00612
6	0.81855	0.01019	0.00809	0.03811	0.01125	0.01186	0.00608	0.01546	0.00906	0.02332	0.00744	0.00880	0.00578	0.00492	0.00335	0.00164	0.00421	0.00293	0.00324	0.00573
7	0.00759	0.00553	0.00780	0.00780	0.00851	0.00623	0.00574	0.00899	0.00829	0.01176	0.01479	0.02428	0.01474	0.23651	0.59848	0.00764	0.01186	0.00618	0.00293	0.00433
8	0.01096	0.00940	0.01096	0.00783	0.01253	0.00705	0.00626	0.01331	0.01096	0.01723	0.00940	0.01096	0.00783	0.00392	0.00392	0.00078	0.00392	0.00313	0.00313	0.84653
9	0.00644	0.00460	0.00613	0.00736	0.00767	0.00429	0.00491	0.00736	0.01012	0.01350	0.02914	0.81076	0.03497	0.01656	0.00675	0.00215	0.00307	0.01503	0.00491	0.00429
10	0.17215	0.03774	0.01396	0.05460	0.27089	0.07521	0.01010	0.01517	0.03080	0.05644	0.03919	0.12880	0.05917	0.00738	0.00508	0.00167	0.00522	0.00625	0.00356	0.00662
11	0.00632	0.00508	0.00563	0.00607	0.00733	0.00440	0.00434	0.00751	0.01136	0.01400	0.04480	0.32335	0.51226	0.01453	0.00643	0.00191	0.00282	0.01255	0.00491	0.00440
12	0.01271	0.03339	0.12686	0.03489	0.11291	0.14952	0.06608	0.03152	0.09821	0.03942	0.14563	0.05467	0.03837	0.00729	0.00549	0.00165	0.00606	0.02475	0.00381	0.00678
13	0.01947	0.00818	0.01077	0.00852	0.01207	0.00703	0.00694	0.02144	0.01450	0.58879	0.07482	0.02455	0.14026	0.00786	0.00549	0.00164	0.00406	0.00648	0.00614	0.03099
14	0.01346	0.01282	0.09310	0.09368	0.16480	0.03212	0.03343	0.05177	0.23565	0.09103	0.05292	0.01851	0.01370	0.01809	0.00600	0.00178	0.02434	0.03106	0.00409	0.00763
15	0.02594	0.24532	0.35402	0.01624	0.16298	0.04918	0.01486	0.01630	0.01125	0.01542	0.00905	0.01100	0.00726	0.00607	0.03265	0.00173	0.00716	0.00378	0.00237	0.00741
16	0.00852	0.00711	0.01007	0.01022	0.08414	0.00676	0.05652	0.01187	0.06884	0.01921	0.45181	0.03613	0.18792	0.01005	0.00608	0.00170	0.00345	0.00893	0.00509	0.00560
17	0.01224	0.05573	0.08336	0.12563	0.44479	0.01253	0.08467	0.03299	0.01212	0.01680	0.02931	0.01508	0.04066	0.00531	0.00529	0.00161	0.00647	0.00506	0.00277	0.00758
18	0.00808	0.00899	0.12486	0.00862	0.02840	0.00642	0.00747	0.01130	0.03744	0.01927	0.50053	0.10165	0.09572	0.01037	0.00605	0.00172	0.00350	0.00908	0.00504	0.00550
19	0.01299	0.01196	0.03968	0.06679	0.05322	0.09721	0.04682	0.19210	0.06056	0.02102	0.16472	0.07911	0.05992	0.00811	0.00556	0.00166	0.00527	0.01927	0.04742	0.00662
20	0.01334	0.11497	0.46116	0.01549	0.09305	0.09075	0.01594	0.08372	0.01290	0.03729	0.00973	0.01119	0.00725	0.00513	0.00486	0.00156	0.00732	0.00392	0.00270	0.00772
21	0.01013	0.00716	0.00867	0.00780	0.00968	0.00716	0.00599	0.06833	0.12795	0.06584	0.53441	0.04797	0.05796	0.00987	0.00600	0.00169	0.00312	0.00858	0.00572	0.00599
22	0.04331	0.55765	0.20140	0.01087	0.01607	0.04519	0.03165	0.01624	0.01097	0.01397	0.00796	0.00929	0.00676	0.00468	0.00389	0.00130	0.00632	0.00319	0.00232	0.00697
23	0.00767	0.00518	0.00603	0.00603	0.00613	0.00527	0.00354	0.00786	0.00777	0.01045	0.01641	0.03324	0.01863	0.73833	0.10198	0.00546	0.00601	0.00749	0.00317	0.00335
24	0.01956	0.05310	0.01546	0.01341	0.01625	0.74110	0.01017	0.04423	0.01514	0.01356	0.00828	0.00960	0.00688	0.00544	0.00473	0.00136	0.00928	0.00343	0.00279	0.00624
25	0.01370	0.01106	0.02675	0.00984	0.01439	0.00958	0.05653	0.17995	0.01435	0.06057	0.01106	0.01221	0.00853	0.00471	0.00445	0.00110	0.00471	0.00388	0.03067	0.52194
26	0.01203	0.18678	0.49236	0.01402	0.03136	0.02464	0.05695	0.01768	0.07142	0.03045	0.01027	0.01159	0.00768	0.00509	0.00479	0.00157	0.00708	0.00401	0.00260	0.00762
27	0.00768	0.00514	0.00583	0.00583	0.00586	0.00516	0.00329	0.00773	0.00771	0.01030	0.01659	0.03425	0.01907	0.79466	0.04625	0.00521	0.00535	0.00764	0.00319	0.00324
28	0.00665	0.00537	0.00591	0.00577	0.00738	0.00463	0.00433	0.00836	0.01299	0.01651	0.28723	0.04721	0.54402	0.01256	0.00624	0.00175	0.00262	0.01064	0.00520	0.00463
29	0.04777	0.01332	0.07632	0.01333	0.07214	0.01259	0.05987	0.27994	0.11085	0.21665	0.01516	0.01492	0.01060	0.00609	0.00524	0.00164	0.00554	0.00501	0.02459	0.00844
30	0.01026	0.00968	0.01635	0.73349	0.10228	0.01182	0.01482	0.01375	0.01070	0.01384	0.00944	0.01401	0.00716	0.00523	0.00528	0.00174	0.00698	0.00470	0.00237	0.00609
31	0.00772	0.00572	0.00745	0.00828	0.00953	0.00546	0.00688	0.00975	0.01213	0.01561	0.08675	0.13138	0.20416	0.01425	0.00693	0.00220	0.00402	0.45210	0.00495	0.00473
32	0.00634	0.00513	0.00563	0.00599	0.00732	0.00443	0.00431	0.00758	0.01155	0.01422	0.06459	0.27826	0.53768	0.01427	0.00640	0.00189	0.00279	0.01228	0.00493	0.00443
33	0.03844	0.00991	0.01179	0.00908	0.03360	0.00823	0.01783	0.04485	0.03503	0.01814	0.00982	0.01135	0.00806	0.00430	0.00437	0.00095	0.02256	0.00340	0.00326	0.70503
34	0.01244	0.01191	0.02030	0.19118	0.62750	0.01239	0.01591	0.01566	0.01173	0.01649	0.00983	0.01329	0.00810	0.00483	0.00524	0.00161	0.00644	0.00471	0.00256	0.00786
35	0.00666	0.00487	0.00626	0.00703	0.00771	0.00448	0.00488	0.00795	0.01131	0.01510	0.17415	0.55745	0.12827	0.01505	0.00660	0.00202	0.00295	0.02771	0.00508	0.00446
36	0.01374	0.49669	0.24802	0.01132	0.01660	0.10601	0.01224	0.01670	0.01135	0.01375	0.00807	0.00938	0.00676	0.00477	0.00402	0.00132	0.00672	0.00321	0.00231	0.00701
37	0.00902	0.00470	0.00704	0.00704	0.00713	0.00479	0.00479	0.00713	0.00704	0.00948	0.00967	0.01653	0.00957	0.02043	0.09556	0.76498	0.00552	0.00470	0.00235	0.00253
38	0.06514	0.11537	0.08864	0.01209	0.04815	0.09114	0.02279	0.24882	0.07931	0.03433	0.01117	0.01192	0.00853	0.00542	0.00467	0.00142	0.00587	0.00407	0.00379	0.13736
39	0.01836	0.00825	0.01084	0.00879	0.01201	0.00753	0.00708	0.02174	0.08614	0.50799	0.22454	0.02393	0.02326	0.00775	0.00557	0.00166	0.00393	0.00652	0.00624	0.00786
40	0.00663	0.00482	0.00612	0.00693	0.00749	0.00445	0.00469	0.00770	0.01069	0.01418	0.11274	0.58039	0.12166	0.07536	0.00815	0.00228	0.00311	0.01343	0.00488	0.00431
41	0.00902	0.00689	0.00971	0.03540	0.07582	0.00748	0.00725	0.03026	0.04533	0.01559	0.16675	0.05835	0.05346	0.02024	0.26568	0.09941	0.04585	0.00677	0.03559	0.00515
42	0.05756	0.03075	0.10536	0.01918	0.23006	0.06018	0.18275	0.03355	0.05074	0.03707	0.04066	0.05167	0.03812	0.03180	0.00611	0.00177	0.00652	0.00578	0.00324	0.00714
43	0.04630	0.00944	0.01222	0.00955	0.01352	0.00868	0.00784	0.04921	0.08756	0.66625	0.02027	0.01772	0.01304	0.00655	0.00526	0.00165	0.00450	0.00529	0.00630	0.00884
44	0.02325	0.00891	0.01215	0.00942	0.01342	0.00772	0.00779	0.02530	0.01504	0.76106	0.02108	0.01928	0.01362	0.00679	0.00538	0.00166	0.00451	0.02826	0.00649	0.00887
45	0.01220	0.17821	0.31561	0.01508	0.05129	0.03981	0.16352	0.01741	0.07895	0.01651	0.03258	0.01308	0.00931	0.00520	0.00497	0.00157	0.00698	0.00455	0.02584	0.00733
46	0.10636	0.03628	0.01385	0.01102	0.01438	0.08110	0.02038	0.36027	0.09706	0.05681	0.05789	0.01714	0.01285	0.00716	0.00574	0.01733	0.02441	0.04773	0.00467	0.00757
47	0.00703	0.00525	0.00613	0.00632	0.00762	0.00462	0.00458	0.00852	0.01222	0.03569	0.20405	0.26392	0.38794	0.01355	0.00636	0.00186	0.00280	0.01176	0.00515	0.00465

[dist]
# distance from previous block
# <min> <max>
10	252

[block]
# block no. 2 follows, 46 sequences, length 50
# corresponding to MSA columns:
# 499-538,547-556
name=unknown_C
#
# <colnr> <probs for GDERKNQSTAVLIFYWHMCP>
#	G	D	E	R	K	N	Q	S	T	A	V	L	I	F	Y	W	H	M	C	P
0	0.05797	0.33498	0.10695	0.01169	0.03189	0.22758	0.01054	0.07010	0.05586	0.03411	0.00936	0.01033	0.00759	0.00518	0.00427	0.00137	0.00679	0.00352	0.00293	0.00700
1	0.00817	0.00797	0.08547	0.00827	0.00980	0.00688	0.00688	0.02916	0.00988	0.01381	0.09072	0.04741	0.06881	0.21760	0.34510	0.00543	0.02353	0.00692	0.00340	0.00479
2	0.02681	0.02240	0.58437	0.01366	0.02009	0.01138	0.03317	0.01697	0.05411	0.05029	0.03002	0.01355	0.00921	0.00777	0.05966	0.00214	0.00759	0.00440	0.02492	0.00748
3	0.02803	0.03782	0.08548	0.01324	0.03635	0.33079	0.03511	0.14763	0.08436	0.06114	0.01148	0.01265	0.00889	0.00814	0.05983	0.00201	0.02204	0.00431	0.00357	0.00714
4	0.01652	0.34914	0.01959	0.01131	0.01460	0.42123	0.00937	0.01799	0.01290	0.01277	0.00929	0.06462	0.00875	0.00584	0.00434	0.00132	0.00749	0.00397	0.00269	0.00627
5	0.01207	0.10873	0.46073	0.01377	0.01968	0.06121	0.05428	0.01801	0.09976	0.02930	0.02792	0.01376	0.00946	0.00569	0.00533	0.00165	0.02736	0.02097	0.00286	0.00747
6	0.04036	0.25908	0.43823	0.01218	0.01831	0.01430	0.01433	0.01631	0.03416	0.01582	0.00962	0.03013	0.00775	0.00514	0.00446	0.00146	0.00655	0.00383	0.00250	0.06548
7	0.00861	0.00673	0.00674	0.00672	0.00710	0.05996	0.00414	0.00951	0.04073	0.01162	0.04088	0.11529	0.02085	0.61456	0.02169	0.00430	0.00509	0.00816	0.00352	0.00379
8	0.00651	0.00466	0.00620	0.00731	0.00768	0.00434	0.00491	0.00754	0.01046	0.01403	0.08106	0.75732	0.03600	0.01616	0.00671	0.00211	0.00303	0.01465	0.00497	0.00434
9	0.01237	0.01222	0.02195	0.18210	0.51096	0.01253	0.13836	0.01581	0.01182	0.01648	0.00996	0.01348	0.00805	0.00478	0.00541	0.00164	0.00686	0.00496	0.00257	0.00768
10	0.01433	0.04857	0.05474	0.04368	0.49546	0.02600	0.04174	0.06563	0.03149	0.08751	0.01174	0.01467	0.00942	0.00534	0.00524	0.00160	0.00621	0.02524	0.00324	0.00813
11	0.07212	0.00725	0.00912	0.00801	0.01042	0.00679	0.00625	0.01667	0.05065	0.30450	0.26012	0.14513	0.05122	0.00963	0.00574	0.00174	0.00356	0.01879	0.00571	0.00658
12	0.01120	0.01114	0.01544	0.01329	0.01341	0.01538	0.01104	0.01237	0.00837	0.01283	0.01017	0.01429	0.06044	0.00954	0.01658	0.00228	0.74897	0.00508	0.00249	0.00569
13	0.01148	0.01147	0.01627	0.18237	0.04452	0.03394	0.01235	0.01321	0.00892	0.01305	0.00759	0.01211	0.00701	0.00816	0.01407	0.00215	0.58849	0.00461	0.00234	0.00590
14	0.00989	0.00589	0.00765	0.00703	0.00867	0.00533	0.00531	0.01202	0.01415	0.14172	0.51385	0.10850	0.10004	0.02797	0.00658	0.00179	0.00294	0.00948	0.00572	0.00548
15	0.00742	0.00606	0.00681	0.00785	0.00835	0.05899	0.00537	0.00840	0.01051	0.01351	0.02766	0.73644	0.03290	0.01574	0.00662	0.00210	0.00356	0.03251	0.00476	0.00444
16	0.00684	0.00490	0.00649	0.00755	0.00806	0.00463	0.00534	0.00804	0.01062	0.01412	0.06830	0.60847	0.05403	0.04951	0.00764	0.00228	0.00338	0.12055	0.00488	0.00437
17	0.01038	0.02498	0.69500	0.01453	0.02166	0.01164	0.03624	0.01613	0.01148	0.01703	0.06326	0.01441	0.01032	0.00565	0.00519	0.00170	0.00740	0.02292	0.00256	0.00753
18	0.00716	0.00539	0.00662	0.00631	0.00770	0.00485	0.00473	0.00935	0.01420	0.01938	0.58737	0.04249	0.24210	0.01149	0.00624	0.00169	0.00254	0.00998	0.00558	0.00485
19	0.01157	0.24363	0.57900	0.01342	0.02033	0.01464	0.01666	0.01649	0.01105	0.01556	0.00890	0.01043	0.00672	0.00489	0.00458	0.00153	0.00722	0.00361	0.00224	0.00753
20	0.00717	0.00537	0.00664	0.00637	0.00772	0.00485	0.00476	0.00935	0.01415	0.01937	0.58864	0.06549	0.21752	0.01158	0.00625	0.00171	0.00255	0.01009	0.00558	0.00485
21	0.00749	0.00701	0.03827	0.00871	0.05076	0.00582	0.04108	0.00953	0.01246	0.01607	0.18671	0.10736	0.41298	0.01203	0.00626	0.00182	0.00351	0.06234	0.00476	0.00504
22	0.01350	0.04793	0.48871	0.01394	0.02007	0.12148	0.01573	0.12168	0.07372	0.01881	0.01064	0.01174	0.00778	0.00542	0.00500	0.00161	0.00742	0.00409	0.00297	0.00776
23	0.85155	0.01022	0.00777	0.00695	0.01022	0.01186	0.00573	0.01554	0.00900	0.02372	0.00736	0.00859	0.00573	0.00491	0.00327	0.00164	0.00409	0.00286	0.00327	0.00573
24	0.01426	0.23486	0.16959	0.01226	0.01659	0.08107	0.07954	0.09345	0.04472	0.05810	0.01079	0.01246	0.00851	0.01950	0.00594	0.00158	0.06645	0.00422	0.05898	0.00711
25	0.00644	0.00460	0.00613	0.00736	0.00767	0.00429	0.00491	0.00736	0.01012	0.01350	0.02914	0.81076	0.03497	0.01656	0.00675	0.00215	0.00307	0.01503	0.00491	0.00429
26	0.00879	0.01174	0.18168	0.01126	0.04416	0.00807	0.09389	0.01252	0.05690	0.01659	0.13600	0.13812	0.23905	0.00990	0.00595	0.00178	0.00477	0.00875	0.00414	0.00594
27	0.00985	0.00493	0.00493	0.00493	0.00616	0.00493	0.00370	0.01232	0.01109	0.01971	0.01725	0.01971	0.01355	0.00616	0.00370	0.00123	0.00246	0.00493	0.84356	0.00493
28	0.01096	0.00940	0.01096	0.00783	0.01253	0.00705	0.00626	0.01331	0.01096	0.01723	0.00940	0.01096	0.00783	0.00392	0.00392	0.00078	0.00392	0.00313	0.00313	0.84653
29	0.01074	0.02649	0.74519	0.01484	0.02239	0.01232	0.01893	0.01735	0.05202	0.01703	0.01013	0.01162	0.00720	0.00514	0.00504	0.00168	0.00762	0.00402	0.00240	0.00784
30	0.01618	0.01286	0.01366	0.01137	0.01490	0.01457	0.00910	0.34946	0.44537	0.02701	0.01766	0.01665	0.01301	0.00681	0.00534	0.00170	0.00490	0.00545	0.00534	0.00864
31	0.72813	0.01168	0.05015	0.00930	0.06384	0.03211	0.00729	0.01579	0.00947	0.02263	0.00767	0.00906	0.00599	0.00491	0.00354	0.00163	0.00458	0.00306	0.00316	0.00603
32	0.01016	0.00950	0.01579	0.71532	0.07497	0.01162	0.01430	0.01393	0.03078	0.01417	0.03305	0.01496	0.00866	0.00547	0.00531	0.00175	0.00679	0.00488	0.00255	0.00605
33	0.01132	0.01355	0.14963	0.02360	0.46586	0.01083	0.03034	0.01474	0.01214	0.01724	0.09427	0.04594	0.06231	0.00651	0.00547	0.00165	0.00584	0.01815	0.00315	0.00745
34	0.00769	0.00513	0.00577	0.00577	0.00577	0.00513	0.00320	0.00769	0.00769	0.01025	0.01666	0.03460	0.01922	0.81421	0.02691	0.00513	0.00513	0.00769	0.00320	0.00320
35	0.01124	0.00978	0.01216	0.00870	0.01342	0.00759	0.04695	0.02984	0.01135	0.01756	0.00954	0.01118	0.00787	0.00400	0.00407	0.00085	0.00423	0.00333	0.00315	0.78319
36	0.00634	0.00536	0.00548	0.00545	0.00720	0.00450	0.00409	0.00777	0.01227	0.01480	0.10840	0.05002	0.72391	0.01319	0.00625	0.00178	0.00266	0.01104	0.00498	0.00450
37	0.01720	0.01524	0.01500	0.01293	0.04221	0.15200	0.03534	0.31238	0.28069	0.03908	0.01494	0.01474	0.01110	0.00636	0.00526	0.00163	0.00600	0.00500	0.00471	0.00818
38	0.01588	0.26398	0.02004	0.09201	0.14198	0.29865	0.01126	0.04029	0.01292	0.02695	0.00865	0.01051	0.00725	0.00516	0.00478	0.00140	0.02519	0.00367	0.00266	0.00680
39	0.85155	0.01022	0.00777	0.00695	0.01022	0.01186	0.00573	0.01554	0.00900	0.02372	0.00736	0.00859	0.00573	0.00491	0.00327	0.00164	0.00409	0.00286	0.00327	0.00573
40	0.00635	0.00536	0.00550	0.00547	0.00720	0.00451	0.00410	0.00779	0.01230	0.01487	0.11490	0.04991	0.71737	0.01317	0.00625	0.00177	0.00266	0.01102	0.00499	0.00451
41	0.01161	0.00938	0.01103	0.00791	0.01258	0.00708	0.00634	0.01394	0.01117	0.05601	0.00998	0.01132	0.00810	0.00405	0.00399	0.00083	0.00394	0.00324	0.00330	0.80422
42	0.01975	0.02520	0.01498	0.01362	0.01634	0.79299	0.01021	0.02111	0.01498	0.01294	0.00817	0.00953	0.00681	0.00545	0.00477	0.00136	0.00953	0.00340	0.00272	0.00613
43	0.00847	0.00605	0.00846	0.00968	0.01087	0.00604	0.00843	0.01086	0.01212	0.01576	0.02802	0.07875	0.03054	0.01465	0.00729	0.00243	0.00482	0.72705	0.00487	0.00485
44	0.00644	0.00460	0.00613	0.00736	0.00767	0.00429	0.00491	0.00736	0.01012	0.01350	0.02914	0.81076	0.03497	0.01656	0.00675	0.00215	0.00307	0.01503	0.00491	0.00429
45	0.00735	0.00486	0.00645	0.00740	0.00796	0.00449	0.00503	0.00837	0.01053	0.05349	0.04531	0.73346	0.05370	0.01584	0.00665	0.00210	0.00312	0.01431	0.00501	0.00456
46	0.06379	0.02292	0.01497	0.04103	0.05400	0.66281	0.01041	0.04276	0.01466	0.01436	0.00839	0.00991	0.00690	0.00540	0.00474	0.00141	0.00889	0.00352	0.00281	0.00629
47	0.01077	0.04585	0.74243	0.01552	0.04855	0.01250	0.01917	0.01670	0.01118	0.01666	0.00945	0.01116	0.00676	0.00500	0.00499	0.00166	0.00771	0.00391	0.00225	0.00781
48	0.02955	0.61079	0.14213	0.01012	0.01503	0.04732	0.01057	0.01667	0.01116	0.05326	0.00841	0.00942	0.00708	0.00474	0.00379	0.00126	0.00604	0.00314	0.00251	0.00701
49	0.01111	0.02667	0.74540	0.01491	0.02253	0.01250	0.01902	0.05687	0.01190	0.01763	0.00966	0.01124	0.00682	0.00509	0.00504	0.00167	0.00771	0.00395	0.00240	0.00788

[dist]
# distance from previous block
# <min> <max>
0	12

# created by:
# /home/cegg/simao/soft/augustus-3.2.1/scripts/msa2prfl.pl ./align_prep/EOG091G0W2D.fa
