[name]
unknown

[dist]
# distance from previous block
# <min> <max>
0	19

[block]
# block no. 0 follows, 46 sequences, length 8
# corresponding to MSA columns:
# 21-28
name=unknown_A
#
# <colnr> <probs for GDERKNQSTAVLIFYWHMCP>
#	G	D	E	R	K	N	Q	S	T	A	V	L	I	F	Y	W	H	M	C	P
0	0.01003	0.09650	0.03266	0.02428	0.01064	0.04240	0.00666	0.03042	0.05588	0.03454	0.03270	0.24822	0.03783	0.18277	0.02717	0.00262	0.02378	0.03888	0.00391	0.05811
1	0.01385	0.01009	0.02935	0.09286	0.07336	0.01019	0.03817	0.14453	0.09182	0.14717	0.08683	0.10516	0.04498	0.00950	0.04380	0.00204	0.01884	0.00679	0.00461	0.02603
2	0.01374	0.01326	0.11020	0.07840	0.09064	0.02939	0.11270	0.08795	0.05204	0.10860	0.03327	0.01502	0.02555	0.00558	0.00538	0.00151	0.02262	0.00488	0.01827	0.17104
3	0.02203	0.00952	0.01242	0.00946	0.01363	0.00840	0.00779	0.08473	0.01547	0.63957	0.01894	0.01679	0.01218	0.00624	0.00516	0.00154	0.00454	0.00503	0.00607	0.10050
4	0.42354	0.01398	0.05250	0.06447	0.10071	0.12671	0.00938	0.08359	0.04688	0.02116	0.00914	0.01061	0.00709	0.00523	0.00421	0.00160	0.00568	0.00364	0.00328	0.00661
5	0.01350	0.01136	0.01961	0.08391	0.02066	0.01077	0.30761	0.06150	0.05338	0.11786	0.07708	0.01643	0.01257	0.00549	0.00549	0.00155	0.00626	0.00558	0.00380	0.16560
6	0.01807	0.09746	0.01348	0.00880	0.01315	0.00895	0.00737	0.02019	0.01315	0.42373	0.01525	0.01442	0.01050	0.00537	0.00460	0.00127	0.00441	0.00426	0.00485	0.31072
7	0.01140	0.06851	0.52515	0.05507	0.02248	0.01256	0.10571	0.01647	0.01127	0.03695	0.00973	0.01171	0.00712	0.00503	0.00537	0.00162	0.02977	0.00417	0.00246	0.05742

[dist]
# distance from previous block
# <min> <max>
0	5

[block]
# block no. 1 follows, 46 sequences, length 7
# corresponding to MSA columns:
# 34-40
name=unknown_B
#
# <colnr> <probs for GDERKNQSTAVLIFYWHMCP>
#	G	D	E	R	K	N	Q	S	T	A	V	L	I	F	Y	W	H	M	C	P
0	0.00677	0.00517	0.00621	0.00638	0.00757	0.00462	0.00462	0.00844	0.01265	0.01671	0.32283	0.24755	0.30487	0.01325	0.00638	0.00183	0.00271	0.01157	0.00525	0.00462
1	0.00744	0.00518	0.00639	0.00677	0.00785	0.00464	0.00481	0.00881	0.01178	0.05364	0.17014	0.41891	0.24586	0.01414	0.00644	0.00193	0.00293	0.01247	0.00515	0.00470
2	0.01052	0.01044	0.01915	0.63422	0.03453	0.01209	0.17512	0.01424	0.01098	0.01424	0.00968	0.01413	0.00726	0.00511	0.00549	0.00177	0.00745	0.00503	0.00242	0.00614
3	0.05138	0.01252	0.01375	0.01078	0.01462	0.01347	0.00884	0.48642	0.07224	0.17266	0.01499	0.01457	0.01048	0.00637	0.00510	0.00158	0.00513	0.00489	0.07172	0.00850
4	0.10181	0.01090	0.01189	0.00999	0.01288	0.04224	0.00803	0.14033	0.17751	0.19200	0.08365	0.01885	0.04687	0.00736	0.00641	0.00172	0.08698	0.00557	0.02758	0.00743
5	0.01208	0.01707	0.19341	0.02073	0.02661	0.01313	0.60263	0.01689	0.01220	0.01689	0.01044	0.01359	0.00774	0.00458	0.00598	0.00176	0.00868	0.00574	0.00258	0.00728
6	0.01247	0.01243	0.02266	0.15153	0.50200	0.01261	0.17609	0.01595	0.01190	0.01661	0.01002	0.01350	0.00809	0.00475	0.00546	0.00165	0.00697	0.00504	0.00259	0.00771

[dist]
# distance from previous block
# <min> <max>
0	2

[block]
# block no. 2 follows, 46 sequences, length 18
# corresponding to MSA columns:
# 43-60
name=unknown_C
#
# <colnr> <probs for GDERKNQSTAVLIFYWHMCP>
#	G	D	E	R	K	N	Q	S	T	A	V	L	I	F	Y	W	H	M	C	P
0	0.01401	0.75566	0.02797	0.01006	0.01465	0.02034	0.06693	0.01591	0.01088	0.01278	0.00761	0.00892	0.00688	0.00452	0.00361	0.00118	0.00590	0.00309	0.00229	0.00681
1	0.09838	0.17980	0.36892	0.01211	0.01758	0.04709	0.03943	0.01656	0.01139	0.07414	0.02915	0.06224	0.00996	0.00589	0.00471	0.00158	0.00644	0.00459	0.00296	0.00710
2	0.01218	0.07702	0.11179	0.02744	0.04399	0.08333	0.09592	0.10795	0.01258	0.03175	0.01366	0.10931	0.01269	0.04771	0.18527	0.00335	0.00831	0.00609	0.00331	0.00634
3	0.00790	0.00601	0.00846	0.06879	0.01061	0.00681	0.00642	0.00940	0.00884	0.01227	0.03850	0.02632	0.03875	0.24241	0.42769	0.00626	0.03784	0.02919	0.00309	0.00444
4	0.01029	0.01018	0.07254	0.12118	0.03458	0.00930	0.11267	0.02874	0.13684	0.03500	0.14355	0.07097	0.13143	0.00828	0.00571	0.00173	0.00495	0.00742	0.04833	0.00630
5	0.10796	0.08901	0.15515	0.05933	0.03188	0.12574	0.01073	0.11551	0.09198	0.03372	0.01337	0.11811	0.01183	0.00700	0.00497	0.00164	0.00604	0.00552	0.00361	0.00690
6	0.10369	0.01213	0.12144	0.05434	0.03914	0.02322	0.13299	0.04416	0.06638	0.04873	0.01544	0.01803	0.06890	0.02328	0.14147	0.03562	0.00740	0.00544	0.03185	0.00633
7	0.00675	0.00491	0.00632	0.00723	0.00784	0.00458	0.00507	0.00792	0.01073	0.01415	0.08092	0.55956	0.11981	0.05755	0.00777	0.00226	0.00327	0.08413	0.00487	0.00436
8	0.01312	0.01170	0.01752	0.38485	0.11973	0.03779	0.07716	0.12396	0.04974	0.04663	0.01088	0.01390	0.00822	0.00569	0.00610	0.00173	0.05627	0.00488	0.00315	0.00698
9	0.07252	0.13074	0.13503	0.01207	0.01615	0.17201	0.05188	0.16474	0.03360	0.04573	0.01286	0.02830	0.04890	0.00682	0.02042	0.00169	0.03138	0.00462	0.00347	0.00707
10	0.05015	0.12099	0.11130	0.02877	0.05592	0.10952	0.02702	0.07978	0.03205	0.09599	0.05621	0.11874	0.05640	0.00840	0.02431	0.00178	0.00589	0.00621	0.00385	0.00672
11	0.01233	0.06889	0.00976	0.00777	0.00994	0.00711	0.00604	0.03118	0.02476	0.22587	0.09530	0.24350	0.16706	0.04110	0.00667	0.00192	0.00373	0.02589	0.00518	0.00601
12	0.12858	0.01328	0.01399	0.01125	0.01481	0.06365	0.02906	0.38995	0.06996	0.11637	0.01379	0.05310	0.01058	0.00676	0.00561	0.00166	0.03977	0.00512	0.00480	0.00791
13	0.03233	0.38588	0.21268	0.07213	0.01817	0.03589	0.03549	0.04365	0.03620	0.06840	0.00974	0.01096	0.00761	0.00502	0.00433	0.00142	0.00634	0.00370	0.00281	0.00722
14	0.00975	0.00594	0.00728	0.00696	0.00860	0.00535	0.00515	0.01164	0.03160	0.14451	0.20692	0.22084	0.24761	0.05433	0.00727	0.00199	0.00320	0.01042	0.00531	0.00533
15	0.00838	0.00617	0.00725	0.00745	0.00850	0.00617	0.00523	0.06293	0.08228	0.01617	0.08399	0.41066	0.10916	0.11788	0.00894	0.00235	0.00353	0.01130	0.03671	0.00496
16	0.05506	0.01107	0.04285	0.09371	0.05854	0.01130	0.26363	0.01394	0.01103	0.03246	0.07092	0.08358	0.01387	0.03429	0.05525	0.00236	0.13032	0.00650	0.00314	0.00618
17	0.07731	0.05251	0.01261	0.05930	0.05214	0.05963	0.03880	0.09824	0.09516	0.05502	0.07605	0.17535	0.03410	0.03441	0.00613	0.00183	0.00492	0.02944	0.00427	0.03276

[dist]
# distance from previous block
# <min> <max>
0	2

[block]
# block no. 3 follows, 46 sequences, length 11
# corresponding to MSA columns:
# 63-73
name=unknown_D
#
# <colnr> <probs for GDERKNQSTAVLIFYWHMCP>
#	G	D	E	R	K	N	Q	S	T	A	V	L	I	F	Y	W	H	M	C	P
0	0.10649	0.04024	0.06144	0.03151	0.07660	0.04354	0.00814	0.01658	0.05354	0.20633	0.01777	0.12584	0.03695	0.12207	0.00821	0.00217	0.00493	0.00655	0.02461	0.00649
1	0.57172	0.01033	0.00898	0.05914	0.01224	0.04683	0.00664	0.05428	0.01049	0.02157	0.03237	0.07576	0.00987	0.00648	0.00443	0.02387	0.00450	0.00435	0.00347	0.03268
2	0.01500	0.01308	0.01421	0.11188	0.01732	0.16127	0.04948	0.08392	0.09993	0.12437	0.01530	0.01657	0.05770	0.00879	0.05634	0.00209	0.09254	0.00514	0.00386	0.05119
3	0.01038	0.00992	0.01686	0.55787	0.13502	0.01132	0.06789	0.01374	0.01102	0.01446	0.01243	0.01624	0.05742	0.00562	0.00536	0.00170	0.00667	0.00517	0.00261	0.03829
4	0.06661	0.01184	0.01213	0.11909	0.07717	0.16224	0.00907	0.02855	0.09017	0.02738	0.04652	0.07849	0.05989	0.06398	0.06986	0.00246	0.04895	0.00609	0.00352	0.01598
5	0.00887	0.00528	0.00732	0.02711	0.00820	0.00540	0.00510	0.03609	0.00850	0.01132	0.01492	0.11529	0.04895	0.09789	0.08297	0.49872	0.00529	0.00655	0.00298	0.00327
6	0.00890	0.00692	0.00781	0.00790	0.00909	0.03518	0.00579	0.07051	0.01197	0.03748	0.03075	0.40121	0.20358	0.05623	0.00799	0.00215	0.04156	0.04532	0.00469	0.00496
7	0.02274	0.04701	0.07117	0.19705	0.27615	0.02953	0.06212	0.05083	0.03777	0.01693	0.02026	0.03884	0.00939	0.00546	0.00529	0.00158	0.01655	0.00491	0.00291	0.08351
8	0.00927	0.00583	0.00805	0.03449	0.00937	0.00614	0.00580	0.04477	0.00959	0.04600	0.04240	0.13753	0.01682	0.10771	0.23723	0.24331	0.00718	0.00700	0.01727	0.00424
9	0.01191	0.01202	0.01631	0.27603	0.09930	0.12582	0.11357	0.01464	0.01193	0.03752	0.01744	0.02113	0.13007	0.00708	0.00622	0.00175	0.04945	0.03854	0.00311	0.00615
10	0.01312	0.06286	0.05380	0.16234	0.26530	0.05291	0.05669	0.04262	0.03450	0.05665	0.01051	0.01349	0.00845	0.00727	0.03660	0.03183	0.07642	0.00467	0.00289	0.00708

[dist]
# distance from previous block
# <min> <max>
0	1

[block]
# block no. 4 follows, 46 sequences, length 33
# corresponding to MSA columns:
# 75-107
name=unknown_E
#
# <colnr> <probs for GDERKNQSTAVLIFYWHMCP>
#	G	D	E	R	K	N	Q	S	T	A	V	L	I	F	Y	W	H	M	C	P
0	0.00998	0.00720	0.00847	0.04897	0.01072	0.00726	0.00613	0.13162	0.02906	0.04444	0.14195	0.15608	0.23634	0.02616	0.04483	0.00213	0.00413	0.00905	0.06992	0.00557
1	0.01194	0.16649	0.32263	0.03256	0.10406	0.01323	0.08458	0.04416	0.01198	0.01685	0.04708	0.01266	0.00936	0.00506	0.00482	0.00147	0.00658	0.00426	0.00271	0.09750
2	0.00998	0.00685	0.00799	0.00781	0.00938	0.03383	0.00573	0.01265	0.07598	0.11212	0.18332	0.36258	0.09816	0.01223	0.00614	0.00185	0.00344	0.01076	0.00520	0.03398
3	0.00899	0.00611	0.00745	0.00727	0.00877	0.00555	0.00525	0.04092	0.01170	0.07241	0.09132	0.34350	0.15044	0.09986	0.00839	0.00218	0.00354	0.03370	0.00476	0.08787
4	0.05569	0.01120	0.01271	0.01023	0.01379	0.01176	0.00827	0.30573	0.13703	0.25826	0.04442	0.04655	0.01394	0.02423	0.00574	0.00173	0.00479	0.00566	0.02004	0.00824
5	0.03212	0.32368	0.13724	0.08211	0.16855	0.09606	0.01245	0.01666	0.03733	0.01498	0.02792	0.01153	0.00847	0.00505	0.00444	0.00142	0.00646	0.00385	0.00260	0.00709
6	0.00847	0.00535	0.00686	0.00715	0.00821	0.00488	0.00509	0.00983	0.01166	0.09314	0.16488	0.43432	0.12980	0.05775	0.00756	0.00213	0.00322	0.02967	0.00514	0.00487
7	0.05156	0.00687	0.00857	0.00806	0.00989	0.00659	0.00603	0.04533	0.04808	0.21544	0.05117	0.32717	0.06803	0.03136	0.00764	0.06895	0.00382	0.02454	0.00508	0.00583
8	0.00756	0.00564	0.00839	0.00839	0.00930	0.00655	0.00648	0.00937	0.00847	0.01220	0.01426	0.02129	0.01344	0.06910	0.76412	0.00837	0.01382	0.00574	0.00285	0.00466
9	0.00918	0.04016	0.01033	0.00880	0.00965	0.01895	0.03307	0.03105	0.00893	0.01240	0.01365	0.02392	0.01410	0.34503	0.26431	0.00529	0.12439	0.00617	0.01605	0.00457
10	0.27762	0.00932	0.00945	0.00832	0.01081	0.01023	0.00652	0.15824	0.05748	0.06182	0.06045	0.12177	0.05539	0.06193	0.00672	0.00195	0.03010	0.00641	0.03929	0.00618
11	0.00778	0.00544	0.00681	0.00729	0.00792	0.00535	0.00504	0.04525	0.01086	0.01478	0.09221	0.42408	0.02975	0.19391	0.03656	0.00293	0.00407	0.06112	0.03445	0.00442
12	0.01492	0.01122	0.01220	0.01065	0.01385	0.01260	0.00838	0.06620	0.63199	0.12421	0.02097	0.01913	0.01536	0.00705	0.00537	0.00176	0.00431	0.00583	0.00553	0.00848
13	0.01500	0.01244	0.01267	0.01095	0.01417	0.05156	0.00863	0.17225	0.53548	0.05083	0.02013	0.01878	0.03889	0.00710	0.00536	0.00173	0.00473	0.00575	0.00526	0.00828
14	0.09161	0.00597	0.00703	0.00724	0.00844	0.00581	0.00520	0.02740	0.01120	0.07034	0.09908	0.39430	0.10517	0.09651	0.00829	0.00229	0.00353	0.04096	0.00478	0.00487
15	0.05434	0.01263	0.01311	0.07774	0.01576	0.10468	0.00908	0.30079	0.03238	0.10765	0.01531	0.13764	0.01339	0.00790	0.00576	0.00169	0.03149	0.02157	0.00456	0.03255
16	0.49708	0.05556	0.01107	0.03777	0.03989	0.18161	0.00749	0.01602	0.01049	0.01913	0.00852	0.03638	0.00731	0.00606	0.00471	0.04299	0.00553	0.00360	0.00305	0.00575
17	0.00987	0.00948	0.00862	0.00874	0.00977	0.17736	0.00628	0.01108	0.01052	0.01279	0.01938	0.28767	0.04134	0.11723	0.22392	0.00405	0.00774	0.00872	0.02075	0.00470
18	0.01248	0.01426	0.03119	0.02228	0.02763	0.01337	0.76203	0.01693	0.01248	0.01693	0.01070	0.01426	0.00802	0.00446	0.00624	0.00178	0.00891	0.00624	0.00267	0.00713
19	0.01315	0.01136	0.01195	0.01076	0.01375	0.01315	0.00837	0.02809	0.77168	0.02211	0.02152	0.01972	0.01614	0.00717	0.00538	0.00179	0.00418	0.00598	0.00538	0.00837
20	0.00643	0.00462	0.00611	0.00730	0.00765	0.00430	0.00488	0.00737	0.01018	0.01352	0.02990	0.78697	0.05827	0.01646	0.00673	0.00214	0.00305	0.01491	0.00491	0.00430
21	0.85155	0.01022	0.00777	0.00695	0.01022	0.01186	0.00573	0.01554	0.00900	0.02372	0.00736	0.00859	0.00573	0.00491	0.00327	0.00164	0.00409	0.00286	0.00327	0.00573
22	0.01060	0.02735	0.78682	0.01507	0.02288	0.01228	0.01953	0.01674	0.01116	0.01674	0.00949	0.01116	0.00670	0.00502	0.00502	0.00167	0.00781	0.00391	0.00223	0.00781
23	0.01060	0.02735	0.78682	0.01507	0.02288	0.01228	0.01953	0.01674	0.01116	0.01674	0.00949	0.01116	0.00670	0.00502	0.00502	0.00167	0.00781	0.00391	0.00223	0.00781
24	0.00756	0.00564	0.00839	0.00839	0.00929	0.00655	0.00647	0.00937	0.00846	0.01219	0.01426	0.02133	0.01346	0.07118	0.76207	0.00836	0.01379	0.00575	0.00285	0.00466
25	0.01151	0.00891	0.00991	0.00899	0.01134	0.00976	0.00694	0.02111	0.44792	0.05066	0.26291	0.02597	0.02662	0.00824	0.00553	0.00171	0.00354	0.00702	0.06435	0.00707
26	0.51614	0.01471	0.01052	0.00934	0.01245	0.23470	0.00739	0.07853	0.01199	0.02103	0.00827	0.00963	0.00657	0.00641	0.03178	0.00180	0.00614	0.00327	0.00327	0.00607
27	0.00698	0.00581	0.00616	0.00614	0.00787	0.00523	0.00463	0.00950	0.07244	0.01547	0.10871	0.09330	0.59108	0.01291	0.00624	0.00182	0.00287	0.03298	0.00502	0.00482
28	0.00669	0.00529	0.00603	0.00601	0.00746	0.00463	0.00445	0.00839	0.01286	0.01659	0.30159	0.12641	0.44919	0.01283	0.00630	0.00178	0.00265	0.01101	0.00522	0.00463
29	0.01214	0.01407	0.05429	0.08315	0.02743	0.01289	0.64081	0.01648	0.01221	0.01667	0.01049	0.01398	0.00789	0.00451	0.00601	0.00173	0.00848	0.00589	0.00266	0.04822
30	0.00916	0.00594	0.00752	0.00697	0.00851	0.00552	0.00523	0.01182	0.04480	0.09504	0.53666	0.07652	0.10687	0.04727	0.00708	0.00186	0.00292	0.00933	0.00563	0.00536
31	0.01551	0.53431	0.08825	0.01059	0.01502	0.16853	0.01016	0.05124	0.01238	0.03972	0.00838	0.00942	0.00709	0.00489	0.00395	0.00126	0.00655	0.00320	0.00263	0.00692
32	0.10880	0.04035	0.01362	0.01106	0.03686	0.08127	0.04239	0.14440	0.04086	0.09940	0.01327	0.10052	0.01147	0.00680	0.00569	0.00153	0.05856	0.00533	0.00399	0.17385

[dist]
# distance from previous block
# <min> <max>
0	2

[block]
# block no. 5 follows, 46 sequences, length 34
# corresponding to MSA columns:
# 110-116,135-156,161-165
name=unknown_F
#
# <colnr> <probs for GDERKNQSTAVLIFYWHMCP>
#	G	D	E	R	K	N	Q	S	T	A	V	L	I	F	Y	W	H	M	C	P
0	0.01167	0.03520	0.01674	0.35043	0.16109	0.03584	0.06589	0.06165	0.01224	0.03121	0.03570	0.06117	0.02453	0.00699	0.02184	0.00182	0.00650	0.01948	0.00308	0.03692
1	0.01469	0.01299	0.01676	0.16657	0.18981	0.12517	0.05375	0.04975	0.05540	0.11611	0.02954	0.01568	0.01042	0.00628	0.00662	0.00172	0.09070	0.02744	0.00347	0.00716
2	0.00676	0.00513	0.00623	0.00648	0.00759	0.00460	0.00466	0.00838	0.01248	0.01655	0.30975	0.29561	0.26960	0.01349	0.00641	0.00186	0.00274	0.01184	0.00524	0.00460
3	0.01071	0.00912	0.01069	0.00780	0.01225	0.00689	0.00619	0.01297	0.01091	0.01701	0.01052	0.05641	0.00937	0.00463	0.00408	0.00086	0.00387	0.00381	0.00323	0.79867
4	0.01895	0.05406	0.01609	0.01236	0.03922	0.03940	0.00989	0.59025	0.06693	0.05136	0.01285	0.01291	0.00930	0.00615	0.00514	0.00154	0.00574	0.00465	0.00494	0.03828
5	0.01007	0.00872	0.01339	0.24000	0.21894	0.00942	0.01073	0.02587	0.05615	0.01488	0.01693	0.16139	0.05561	0.08646	0.00839	0.04109	0.00541	0.00727	0.00333	0.00595
6	0.01210	0.00837	0.01101	0.01112	0.07872	0.00852	0.02217	0.12269	0.06708	0.09972	0.01954	0.18615	0.03160	0.09417	0.08348	0.03257	0.00558	0.06664	0.00440	0.03437
7	0.01064	0.00848	0.01319	0.35155	0.08743	0.00943	0.02545	0.02377	0.04319	0.07087	0.05265	0.16060	0.03959	0.00872	0.00631	0.02590	0.01531	0.03728	0.00365	0.00597
8	0.01020	0.01039	0.04188	0.51689	0.03054	0.01123	0.16190	0.01369	0.01093	0.01429	0.01171	0.04556	0.01004	0.03900	0.00651	0.00195	0.00710	0.04757	0.00268	0.00596
9	0.12261	0.00685	0.00791	0.00748	0.00937	0.00669	0.00560	0.01369	0.06145	0.16111	0.13969	0.25717	0.11737	0.05059	0.00678	0.00199	0.00351	0.00934	0.00508	0.00570
10	0.01111	0.00648	0.00813	0.00781	0.00947	0.00611	0.00581	0.06668	0.02308	0.16392	0.12069	0.37672	0.10094	0.01230	0.00612	0.00188	0.00346	0.02400	0.03954	0.00573
11	0.01377	0.03088	0.01047	0.00906	0.01114	0.00815	0.00715	0.12272	0.01336	0.21299	0.02053	0.20813	0.01979	0.05941	0.05311	0.05297	0.02504	0.11024	0.00486	0.00620
12	0.00851	0.00567	0.00683	0.00648	0.00814	0.00500	0.00488	0.01037	0.01340	0.09337	0.35255	0.11188	0.32942	0.01192	0.00620	0.00175	0.00282	0.01026	0.00545	0.00512
13	0.00950	0.00662	0.00771	0.00748	0.00911	0.00641	0.00558	0.09270	0.04521	0.06274	0.10708	0.28911	0.23742	0.02669	0.00652	0.00192	0.00340	0.03350	0.03590	0.00539
14	0.00680	0.00470	0.00602	0.00699	0.00729	0.00446	0.00457	0.00764	0.00977	0.01325	0.02656	0.64827	0.03142	0.14614	0.00990	0.00259	0.00338	0.01337	0.04274	0.00414
15	0.01183	0.04831	0.20878	0.01375	0.01675	0.02882	0.06704	0.07638	0.01095	0.01576	0.01006	0.05756	0.00909	0.00958	0.05747	0.00235	0.34110	0.00513	0.00275	0.00655
16	0.01178	0.00849	0.00875	0.00785	0.00989	0.04660	0.00599	0.10242	0.13410	0.06201	0.12467	0.02630	0.11573	0.08167	0.03111	0.00209	0.00422	0.00671	0.20359	0.00602
17	0.31274	0.00716	0.00701	0.00672	0.00839	0.00763	0.00492	0.02498	0.01048	0.03007	0.15088	0.14539	0.03239	0.17794	0.00943	0.00243	0.00380	0.00724	0.04550	0.00489
18	0.55548	0.00898	0.00792	0.00723	0.00990	0.00999	0.00572	0.02856	0.03872	0.05036	0.11301	0.08567	0.02597	0.02705	0.00479	0.00178	0.00385	0.00530	0.00401	0.00570
19	0.01256	0.06523	0.26808	0.03977	0.01740	0.09346	0.01167	0.03720	0.01194	0.03862	0.00960	0.01109	0.00744	0.00467	0.00447	0.00124	0.00608	0.00356	0.00287	0.35303
20	0.01007	0.00787	0.01125	0.04875	0.04001	0.00855	0.03634	0.07144	0.01143	0.04560	0.08620	0.06882	0.05448	0.02151	0.33470	0.00454	0.07241	0.00648	0.00362	0.05593
21	0.02862	0.00553	0.00685	0.00716	0.00825	0.00517	0.00519	0.00994	0.01119	0.07965	0.09822	0.34009	0.14158	0.11469	0.00895	0.00238	0.00354	0.09206	0.02618	0.00476
22	0.00697	0.00504	0.00640	0.00717	0.00778	0.00485	0.00491	0.00854	0.03720	0.01423	0.07229	0.56657	0.08768	0.06789	0.04811	0.00257	0.00373	0.01284	0.03079	0.00446
23	0.01237	0.28997	0.11516	0.01201	0.04607	0.07999	0.06125	0.03381	0.05481	0.01491	0.01478	0.13112	0.04915	0.00746	0.00543	0.00159	0.03910	0.02132	0.00316	0.00653
24	0.03295	0.06815	0.01901	0.19960	0.31890	0.08163	0.05067	0.03674	0.01165	0.01559	0.00926	0.01262	0.00768	0.00586	0.00672	0.03606	0.07290	0.00448	0.00260	0.00693
25	0.08543	0.00665	0.02260	0.00752	0.00905	0.00620	0.00562	0.01199	0.04779	0.10735	0.14597	0.32733	0.07947	0.08982	0.00801	0.00221	0.00359	0.02322	0.00490	0.00527
26	0.00734	0.00523	0.00711	0.00773	0.00858	0.00481	0.02673	0.00855	0.01076	0.04174	0.03157	0.60944	0.13462	0.01530	0.00665	0.00209	0.00334	0.05890	0.00490	0.00460
27	0.04279	0.03202	0.09695	0.04612	0.19216	0.07637	0.06289	0.04049	0.03599	0.06861	0.12164	0.11556	0.03079	0.00753	0.00548	0.00168	0.00565	0.00665	0.00380	0.00683
28	0.01232	0.01074	0.03816	0.14228	0.19130	0.02564	0.02005	0.09559	0.01212	0.04084	0.01198	0.05530	0.01040	0.02838	0.03207	0.04532	0.10977	0.00529	0.08243	0.03002
29	0.00797	0.00544	0.00682	0.00733	0.00821	0.00519	0.00514	0.04574	0.01140	0.04231	0.07110	0.55091	0.10096	0.03819	0.03101	0.00228	0.00356	0.01261	0.03910	0.00475
30	0.02838	0.05781	0.47709	0.04399	0.06321	0.01280	0.08121	0.07914	0.01227	0.01775	0.01068	0.05215	0.00853	0.00574	0.00546	0.00169	0.02714	0.00477	0.00271	0.00750
31	0.01325	0.02928	0.05473	0.10844	0.16439	0.10937	0.06817	0.01727	0.10089	0.06123	0.02870	0.04024	0.02393	0.02231	0.00766	0.00182	0.13279	0.00535	0.00328	0.00691
32	0.01045	0.01489	0.27224	0.06106	0.10197	0.01054	0.01286	0.04494	0.04751	0.01588	0.01430	0.01867	0.05382	0.01322	0.14462	0.05362	0.05841	0.04155	0.00296	0.00650
33	0.00786	0.00596	0.00714	0.00736	0.00857	0.00576	0.00534	0.05230	0.06156	0.01686	0.17575	0.39452	0.18717	0.01358	0.00639	0.00193	0.00315	0.02866	0.00513	0.00500

[dist]
# distance from previous block
# <min> <max>
0	40

[block]
# block no. 6 follows, 46 sequences, length 30
# corresponding to MSA columns:
# 207-236
name=unknown_G
#
# <colnr> <probs for GDERKNQSTAVLIFYWHMCP>
#	G	D	E	R	K	N	Q	S	T	A	V	L	I	F	Y	W	H	M	C	P
0	0.03801	0.03279	0.03265	0.01255	0.01660	0.01009	0.20707	0.04232	0.07221	0.31728	0.05434	0.01904	0.04398	0.03626	0.00628	0.00178	0.00560	0.00588	0.00474	0.04055
1	0.01248	0.01265	0.04659	0.28690	0.32598	0.07309	0.04398	0.01622	0.04441	0.03586	0.04330	0.01466	0.00996	0.00538	0.00530	0.00165	0.00666	0.00491	0.00288	0.00715
2	0.01320	0.06851	0.08091	0.15366	0.19645	0.06566	0.02874	0.05807	0.08399	0.06369	0.02688	0.01667	0.06802	0.00617	0.00553	0.00162	0.02924	0.00515	0.00339	0.02445
3	0.06733	0.01027	0.01330	0.05856	0.11017	0.03934	0.06599	0.07371	0.15648	0.06687	0.02772	0.05649	0.01440	0.15464	0.04316	0.00263	0.00585	0.02259	0.00395	0.00655
4	0.02340	0.00522	0.00651	0.00720	0.00816	0.00485	0.00522	0.00897	0.01109	0.04544	0.06050	0.48403	0.16894	0.01453	0.00645	0.00203	0.00322	0.09183	0.03775	0.00465
5	0.02409	0.01094	0.04896	0.03594	0.07437	0.12617	0.06262	0.02323	0.01190	0.03994	0.05259	0.34253	0.08263	0.01083	0.00626	0.00184	0.02598	0.00950	0.00403	0.00564
6	0.01269	0.03459	0.03448	0.07979	0.18417	0.03352	0.09720	0.08377	0.05406	0.06150	0.03405	0.11554	0.01358	0.00844	0.04329	0.00195	0.00611	0.00624	0.02064	0.07439
7	0.01128	0.00654	0.00791	0.00746	0.00895	0.02495	0.00543	0.01275	0.02362	0.18271	0.11815	0.18629	0.09339	0.17672	0.04203	0.02835	0.00440	0.03024	0.02352	0.00530
8	0.00683	0.00520	0.00625	0.00657	0.00769	0.00469	0.00479	0.00838	0.01211	0.01581	0.23268	0.26016	0.30028	0.04510	0.00727	0.00203	0.00298	0.06157	0.00508	0.00453
9	0.06934	0.04939	0.06887	0.04049	0.07233	0.06538	0.02453	0.10776	0.07345	0.01768	0.01254	0.05239	0.01132	0.11314	0.04968	0.02099	0.03741	0.00521	0.00340	0.10469
10	0.03333	0.00855	0.00996	0.07984	0.04560	0.04558	0.00718	0.03762	0.10069	0.12414	0.16866	0.06227	0.14668	0.09712	0.00799	0.00208	0.00436	0.00759	0.00472	0.00605
11	0.00814	0.00576	0.00723	0.00752	0.00864	0.00551	0.00550	0.04557	0.03226	0.03915	0.20958	0.41560	0.11221	0.01370	0.00646	0.00196	0.00321	0.06180	0.00520	0.00498
12	0.01171	0.01241	0.05701	0.23361	0.28411	0.03219	0.15920	0.01507	0.01134	0.01555	0.01029	0.01449	0.00842	0.03599	0.02701	0.00199	0.03608	0.00507	0.02154	0.00692
13	0.03091	0.01431	0.07477	0.03875	0.04697	0.08361	0.19112	0.15494	0.10359	0.05802	0.07101	0.03154	0.01314	0.00650	0.00611	0.00172	0.04333	0.01839	0.00393	0.00733
14	0.12298	0.00956	0.01033	0.00896	0.01154	0.02878	0.02613	0.21536	0.03977	0.06049	0.07470	0.12079	0.13045	0.03329	0.00609	0.00183	0.00438	0.04310	0.04513	0.00634
15	0.00826	0.00679	0.00767	0.00821	0.04726	0.03919	0.00570	0.00980	0.01176	0.03719	0.08221	0.22402	0.34443	0.02456	0.02927	0.00204	0.00384	0.04578	0.00461	0.05740
16	0.02371	0.01064	0.03126	0.01047	0.05027	0.00962	0.02444	0.09563	0.15313	0.08724	0.03234	0.01603	0.02715	0.04030	0.00568	0.00145	0.00453	0.00469	0.00412	0.36731
17	0.00749	0.00534	0.00675	0.00693	0.00774	0.00542	0.00491	0.00895	0.02925	0.01352	0.07373	0.18526	0.13886	0.17763	0.22016	0.04058	0.00639	0.00894	0.04783	0.00432
18	0.00746	0.00553	0.00664	0.00695	0.00795	0.00520	0.00495	0.04442	0.01187	0.01559	0.14972	0.35030	0.20893	0.10271	0.00874	0.00230	0.00334	0.04795	0.00488	0.00458
19	0.04738	0.03262	0.04585	0.10821	0.10336	0.07282	0.08879	0.01387	0.02872	0.01488	0.03299	0.01892	0.11964	0.00901	0.03569	0.03817	0.17436	0.00568	0.00300	0.00602
20	0.03305	0.00956	0.01595	0.48086	0.09589	0.01093	0.06925	0.01429	0.01103	0.07354	0.01251	0.10325	0.01079	0.00664	0.00582	0.00179	0.02961	0.00597	0.00303	0.00625
21	0.03245	0.00518	0.00626	0.00676	0.00766	0.00480	0.00471	0.00862	0.01110	0.03497	0.13101	0.44795	0.17661	0.06577	0.00766	0.00215	0.00310	0.01221	0.02649	0.00453
22	0.01224	0.01269	0.01609	0.01386	0.01408	0.08008	0.01145	0.01341	0.00866	0.01274	0.00704	0.01140	0.00693	0.00894	0.01631	0.00223	0.73915	0.00453	0.00235	0.00581
23	0.00974	0.00826	0.01268	0.04772	0.24656	0.00834	0.02780	0.01260	0.05227	0.02890	0.13220	0.28033	0.04730	0.01033	0.00631	0.00185	0.02494	0.03156	0.00417	0.00613
24	0.19432	0.01011	0.01130	0.00912	0.01272	0.01027	0.00745	0.15964	0.06715	0.35017	0.05124	0.01819	0.06192	0.00683	0.00499	0.00165	0.00443	0.00530	0.00541	0.00780
25	0.00793	0.00540	0.00682	0.00713	0.00806	0.00510	0.00507	0.02933	0.01140	0.04352	0.14382	0.37703	0.14083	0.07953	0.03239	0.04550	0.00369	0.03808	0.00478	0.00457
26	0.00769	0.00513	0.00577	0.00577	0.00577	0.00513	0.00320	0.00769	0.00769	0.01025	0.01666	0.03460	0.01922	0.81421	0.02691	0.00513	0.00513	0.00769	0.00320	0.00320
27	0.00756	0.00565	0.00841	0.00841	0.00932	0.00656	0.00650	0.00938	0.00847	0.01221	0.01424	0.02122	0.01341	0.06477	0.76841	0.00839	0.01387	0.00573	0.00284	0.00467
28	0.00704	0.00527	0.00639	0.00695	0.00792	0.00492	0.00508	0.00843	0.02204	0.01396	0.05416	0.29952	0.27304	0.09827	0.02938	0.02240	0.00375	0.12247	0.00464	0.00436
29	0.05506	0.04179	0.02973	0.09496	0.03621	0.21399	0.03713	0.08915	0.07243	0.01625	0.01128	0.01496	0.00966	0.07055	0.12034	0.00287	0.06954	0.00471	0.00316	0.00624

[dist]
# distance from previous block
# <min> <max>
0	1

[block]
# block no. 7 follows, 46 sequences, length 16
# corresponding to MSA columns:
# 238-253
name=unknown_H
#
# <colnr> <probs for GDERKNQSTAVLIFYWHMCP>
#	G	D	E	R	K	N	Q	S	T	A	V	L	I	F	Y	W	H	M	C	P
0	0.68869	0.01083	0.00917	0.00783	0.01129	0.01231	0.00646	0.12451	0.01161	0.06402	0.00882	0.00966	0.00657	0.00520	0.00367	0.00163	0.00436	0.00326	0.00373	0.00637
1	0.10861	0.02858	0.04090	0.09606	0.08155	0.03724	0.03990	0.13025	0.06387	0.12004	0.09915	0.05852	0.03809	0.00712	0.00555	0.00168	0.02568	0.00588	0.00428	0.00704
2	0.00886	0.00680	0.01049	0.01069	0.07539	0.00716	0.06232	0.01043	0.00900	0.03271	0.01453	0.02405	0.01436	0.28460	0.39841	0.00613	0.00991	0.00627	0.00302	0.00483
3	0.00765	0.00588	0.00905	0.00881	0.00984	0.00663	0.03367	0.00950	0.00873	0.01246	0.01523	0.07955	0.01485	0.06393	0.67956	0.00766	0.01283	0.00645	0.00299	0.00472
4	0.04733	0.01269	0.01710	0.05004	0.01690	0.06088	0.12081	0.14690	0.03411	0.01765	0.00999	0.04056	0.00874	0.00798	0.01111	0.03248	0.34997	0.00515	0.00314	0.00647
5	0.00671	0.00508	0.00597	0.00642	0.00742	0.00457	0.00454	0.00780	0.01105	0.01407	0.09118	0.31974	0.34352	0.08146	0.00863	0.02782	0.00316	0.04185	0.00475	0.00429
6	0.15266	0.01227	0.01333	0.01043	0.01434	0.01311	0.00859	0.43529	0.01958	0.20968	0.04846	0.01451	0.01130	0.00637	0.00502	0.00161	0.00508	0.00481	0.00529	0.00829
7	0.01343	0.01363	0.02063	0.11157	0.58740	0.09444	0.04961	0.01648	0.01221	0.01640	0.00973	0.01287	0.00805	0.00484	0.00524	0.00158	0.00682	0.00464	0.00260	0.00782
8	0.07234	0.00946	0.01526	0.74263	0.03447	0.01175	0.01402	0.01366	0.01045	0.01426	0.00925	0.01369	0.00695	0.00526	0.00514	0.00175	0.00683	0.00456	0.00242	0.00586
9	0.00824	0.00574	0.00687	0.00719	0.00835	0.00548	0.00517	0.01069	0.07769	0.05452	0.06907	0.37561	0.19530	0.06794	0.00769	0.00216	0.00332	0.04519	0.03884	0.00494
10	0.01536	0.01002	0.01150	0.01004	0.01308	0.01073	0.00794	0.04356	0.45115	0.22361	0.06228	0.05314	0.01828	0.00785	0.00554	0.00178	0.00420	0.03620	0.00567	0.00807
11	0.62406	0.01052	0.00990	0.05184	0.06446	0.01191	0.00730	0.07743	0.01090	0.05360	0.00890	0.01022	0.00676	0.00513	0.00377	0.00162	0.00451	0.00340	0.02749	0.00629
12	0.00659	0.00532	0.00587	0.00583	0.00738	0.00459	0.00434	0.00822	0.01271	0.01610	0.24786	0.09673	0.53412	0.01290	0.00628	0.00178	0.00265	0.01098	0.00516	0.00459
13	0.03211	0.11961	0.01766	0.17127	0.13214	0.12965	0.01181	0.07588	0.07820	0.01623	0.00984	0.01232	0.00807	0.00611	0.00718	0.00168	0.15614	0.00433	0.00294	0.00684
14	0.00794	0.00623	0.00923	0.00901	0.00987	0.00753	0.00708	0.00976	0.00846	0.01232	0.01347	0.01989	0.01261	0.03673	0.71882	0.00790	0.08998	0.00556	0.00278	0.00482
15	0.00847	0.00582	0.00761	0.00731	0.00872	0.00539	0.01959	0.01088	0.04110	0.07031	0.40254	0.23551	0.13232	0.01206	0.00627	0.00181	0.00298	0.01067	0.00545	0.00518

[dist]
# distance from previous block
# <min> <max>
8	42

[block]
# block no. 8 follows, 46 sequences, length 25
# corresponding to MSA columns:
# 300-324
name=unknown_I
#
# <colnr> <probs for GDERKNQSTAVLIFYWHMCP>
#	G	D	E	R	K	N	Q	S	T	A	V	L	I	F	Y	W	H	M	C	P
0	0.06238	0.01220	0.08454	0.04267	0.03045	0.05843	0.00915	0.13092	0.10763	0.13454	0.08123	0.08666	0.03678	0.05040	0.00711	0.00191	0.04521	0.00633	0.00449	0.00697
1	0.03332	0.00963	0.01130	0.00970	0.02691	0.02604	0.02760	0.21931	0.03907	0.10780	0.13581	0.04661	0.13516	0.03066	0.08188	0.00237	0.00540	0.00691	0.00485	0.03968
2	0.01230	0.02976	0.01449	0.22893	0.02022	0.04905	0.06585	0.15435	0.09209	0.01862	0.03806	0.12905	0.04502	0.00789	0.00601	0.01105	0.02726	0.00665	0.00385	0.03950
3	0.02990	0.01986	0.01394	0.03844	0.05963	0.07246	0.10190	0.11059	0.02850	0.02630	0.04825	0.03620	0.02886	0.04614	0.13704	0.10947	0.02098	0.00554	0.00339	0.06260
4	0.32457	0.01199	0.01180	0.00957	0.01330	0.01319	0.00782	0.31776	0.09544	0.05397	0.01248	0.01270	0.02312	0.00587	0.00448	0.00157	0.00477	0.00421	0.00444	0.06695
5	0.00748	0.00532	0.00712	0.00725	0.00774	0.00574	0.00503	0.00849	0.00835	0.01159	0.01687	0.11581	0.01813	0.35303	0.39161	0.00640	0.00922	0.00755	0.00322	0.00405
6	0.03010	0.01167	0.01903	0.25111	0.39079	0.01287	0.04886	0.05350	0.02973	0.01684	0.00992	0.01334	0.00801	0.00541	0.00631	0.00171	0.07597	0.00476	0.00273	0.00734
7	0.00717	0.00509	0.00617	0.00661	0.00753	0.00465	0.00459	0.00816	0.01071	0.03594	0.06643	0.37944	0.27545	0.08881	0.03610	0.03264	0.00358	0.01188	0.00467	0.00436
8	0.00642	0.00467	0.00607	0.00718	0.00762	0.00431	0.00483	0.00738	0.01029	0.01357	0.03131	0.74327	0.10106	0.01628	0.00670	0.00211	0.00303	0.01468	0.00491	0.00431
9	0.74906	0.01041	0.00854	0.00742	0.01080	0.01186	0.00611	0.05998	0.01032	0.07379	0.00855	0.00944	0.00640	0.00510	0.00352	0.00163	0.00422	0.00313	0.00360	0.00613
10	0.02465	0.00683	0.00943	0.00903	0.03636	0.00668	0.04237	0.01221	0.05584	0.09971	0.15142	0.12085	0.14009	0.05313	0.03249	0.13595	0.02337	0.02997	0.00443	0.00519
11	0.00875	0.00563	0.00700	0.00692	0.00840	0.00503	0.00517	0.01046	0.01278	0.10341	0.25736	0.23726	0.25105	0.01271	0.00632	0.00186	0.00303	0.04640	0.00536	0.00511
12	0.01792	0.01302	0.01408	0.01129	0.01507	0.01434	0.00916	0.47158	0.23021	0.08940	0.01739	0.01656	0.04153	0.00687	0.00535	0.00166	0.00514	0.00539	0.00540	0.00864
13	0.03150	0.00546	0.00681	0.00731	0.00813	0.00523	0.00507	0.00975	0.03174	0.06600	0.06983	0.48996	0.06331	0.13401	0.00950	0.00250	0.00355	0.04089	0.00478	0.00467
14	0.03935	0.00677	0.00797	0.00777	0.00936	0.00667	0.00570	0.05629	0.08317	0.10759	0.05518	0.33969	0.14261	0.08154	0.00790	0.00219	0.00367	0.02607	0.00500	0.00553
15	0.01166	0.01231	0.02267	0.01726	0.02040	0.03645	0.41464	0.01476	0.01084	0.01522	0.01046	0.01461	0.00869	0.01081	0.12238	0.00285	0.20527	0.00562	0.03677	0.00633
16	0.00719	0.00503	0.00628	0.00699	0.00771	0.00478	0.00485	0.00901	0.03725	0.01561	0.13254	0.54293	0.07747	0.01408	0.00626	0.00194	0.00294	0.01259	0.09996	0.00461
17	0.02593	0.00735	0.00901	0.00831	0.01043	0.00714	0.00639	0.06330	0.08917	0.20809	0.10994	0.25446	0.09062	0.01096	0.00594	0.00184	0.00371	0.04915	0.03192	0.00633
18	0.00686	0.00489	0.00605	0.00668	0.00725	0.00456	0.00447	0.00791	0.01055	0.01415	0.12167	0.46337	0.12455	0.15504	0.01007	0.00254	0.00329	0.01230	0.02955	0.00423
19	0.01492	0.01173	0.01326	0.06637	0.07952	0.06209	0.00941	0.24845	0.15147	0.07201	0.05361	0.05927	0.03263	0.00851	0.02958	0.00190	0.00553	0.03872	0.03358	0.00744
20	0.00997	0.00626	0.00784	0.00786	0.00919	0.00605	0.00573	0.02969	0.07650	0.11897	0.09869	0.39097	0.06888	0.08440	0.00816	0.00225	0.00363	0.05446	0.00511	0.00539
21	0.08982	0.00680	0.00795	0.00759	0.00918	0.00680	0.00561	0.05653	0.03982	0.11411	0.02356	0.22035	0.11509	0.10703	0.03058	0.09563	0.00427	0.03748	0.01663	0.00518
22	0.00943	0.00796	0.01223	0.05847	0.01369	0.00831	0.12128	0.01241	0.07742	0.03736	0.07219	0.18403	0.13592	0.04506	0.04919	0.03968	0.07394	0.03197	0.00405	0.00542
23	0.03625	0.03798	0.01962	0.10401	0.03702	0.08898	0.23946	0.13856	0.11254	0.03532	0.01206	0.01423	0.00925	0.00740	0.04187	0.02024	0.02944	0.00517	0.00349	0.00712
24	0.02490	0.00714	0.00913	0.04891	0.04539	0.00719	0.00681	0.07885	0.03038	0.09225	0.06258	0.25025	0.11787	0.06777	0.05737	0.00251	0.00470	0.05309	0.02730	0.00562

[dist]
# distance from previous block
# <min> <max>
13	64

[block]
# block no. 9 follows, 46 sequences, length 13
# corresponding to MSA columns:
# 398-410
name=unknown_J
#
# <colnr> <probs for GDERKNQSTAVLIFYWHMCP>
#	G	D	E	R	K	N	Q	S	T	A	V	L	I	F	Y	W	H	M	C	P
0	0.01278	0.06403	0.04747	0.16317	0.02945	0.06067	0.00966	0.16840	0.06451	0.01974	0.10077	0.01858	0.06121	0.00733	0.02041	0.00167	0.01796	0.00539	0.04155	0.08525
1	0.15782	0.01171	0.01400	0.04627	0.11526	0.06630	0.06006	0.11428	0.11386	0.08985	0.04859	0.04110	0.01238	0.00792	0.04215	0.00198	0.01792	0.00524	0.02618	0.00712
2	0.03322	0.01214	0.03002	0.09230	0.13604	0.06081	0.01031	0.20518	0.04981	0.06473	0.01484	0.05691	0.05183	0.00781	0.02527	0.02034	0.03859	0.00544	0.00391	0.08050
3	0.04323	0.01164	0.01645	0.25354	0.22973	0.07391	0.05883	0.07880	0.01279	0.01704	0.02712	0.06573	0.04544	0.00669	0.00545	0.00171	0.00633	0.03567	0.00319	0.00670
4	0.00985	0.00493	0.00493	0.00493	0.00616	0.00493	0.00370	0.01232	0.01109	0.01971	0.01725	0.01971	0.01355	0.00616	0.00370	0.00123	0.00246	0.00493	0.84356	0.00493
5	0.01388	0.01055	0.01398	0.01170	0.04452	0.01068	0.10522	0.21515	0.11227	0.09069	0.10328	0.02378	0.14528	0.00773	0.00558	0.00164	0.00484	0.00669	0.03110	0.04142
6	0.00644	0.00460	0.00613	0.00736	0.00767	0.00429	0.00491	0.00736	0.01012	0.01350	0.02914	0.81076	0.03497	0.01656	0.00675	0.00215	0.00307	0.01503	0.00491	0.00429
7	0.00985	0.00493	0.00493	0.00493	0.00616	0.00493	0.00370	0.01232	0.01109	0.01971	0.01725	0.01971	0.01355	0.00616	0.00370	0.00123	0.00246	0.00493	0.84356	0.00493
8	0.00768	0.00519	0.00686	0.00777	0.00840	0.00498	0.00546	0.00925	0.04434	0.04238	0.02748	0.64542	0.03174	0.01569	0.00732	0.04096	0.00339	0.07622	0.00487	0.00461
9	0.01180	0.13102	0.62511	0.01416	0.02113	0.07605	0.01741	0.01697	0.01141	0.01587	0.00910	0.01068	0.00672	0.00499	0.00479	0.00158	0.00767	0.00372	0.00228	0.00754
10	0.05071	0.05329	0.16167	0.06601	0.08420	0.12977	0.01147	0.08613	0.10504	0.04912	0.02810	0.01464	0.04086	0.00583	0.00491	0.00152	0.00616	0.00457	0.00350	0.09248
11	0.01052	0.00858	0.01336	0.54975	0.02783	0.01008	0.01178	0.01410	0.04259	0.06593	0.06961	0.01980	0.07637	0.00657	0.00535	0.00172	0.00582	0.00570	0.04859	0.00595
12	0.01270	0.01144	0.01787	0.23246	0.19306	0.02870	0.11225	0.07586	0.04837	0.04876	0.01265	0.03291	0.02629	0.00598	0.00593	0.00167	0.04200	0.02107	0.00323	0.06682

[dist]
# distance from previous block
# <min> <max>
0	1

[block]
# block no. 10 follows, 46 sequences, length 28
# corresponding to MSA columns:
# 412-432,435-441
name=unknown_K
#
# <colnr> <probs for GDERKNQSTAVLIFYWHMCP>
#	G	D	E	R	K	N	Q	S	T	A	V	L	I	F	Y	W	H	M	C	P
0	0.01393	0.05669	0.01312	0.01058	0.04097	0.01180	0.00815	0.15111	0.30236	0.05933	0.01757	0.04433	0.04258	0.00661	0.00499	0.00149	0.00447	0.00540	0.01662	0.18792
1	0.01443	0.01144	0.01214	0.01053	0.01364	0.01298	0.00830	0.16240	0.55673	0.04264	0.01954	0.01838	0.01455	0.00693	0.00523	0.00171	0.00436	0.00566	0.07018	0.00823
2	0.01525	0.00808	0.00982	0.00833	0.01099	0.00784	0.00657	0.10825	0.07096	0.28565	0.15601	0.09370	0.05599	0.00847	0.00541	0.00164	0.00377	0.00712	0.12913	0.00702
3	0.01326	0.01103	0.01184	0.01035	0.01359	0.01222	0.00809	0.02621	0.65217	0.04857	0.02002	0.01860	0.01502	0.00675	0.00520	0.00166	0.00416	0.00561	0.00515	0.11051
4	0.01104	0.00946	0.01161	0.00851	0.01293	0.00744	0.03585	0.03912	0.01145	0.01753	0.01086	0.06378	0.00966	0.00485	0.00424	0.00094	0.00412	0.00409	0.00331	0.72921
5	0.00985	0.00493	0.00493	0.00493	0.00616	0.00493	0.00370	0.01232	0.01109	0.01971	0.01725	0.01971	0.01355	0.00616	0.00370	0.00123	0.00246	0.00493	0.84356	0.00493
6	0.85155	0.01022	0.00777	0.00695	0.01022	0.01186	0.00573	0.01554	0.00900	0.02372	0.00736	0.00859	0.00573	0.00491	0.00327	0.00164	0.00409	0.00286	0.00327	0.00573
7	0.01157	0.01157	0.01619	0.01388	0.01388	0.01619	0.01157	0.01272	0.00810	0.01272	0.00694	0.01157	0.00694	0.00925	0.01735	0.00231	0.80453	0.00463	0.00231	0.00578
8	0.00658	0.00476	0.00617	0.00715	0.00764	0.00442	0.00486	0.00764	0.01054	0.01400	0.07998	0.65770	0.09242	0.04460	0.00741	0.00220	0.00311	0.02957	0.00491	0.00433
9	0.00767	0.00521	0.00619	0.00619	0.00634	0.00536	0.00374	0.00796	0.00781	0.01057	0.01627	0.03243	0.01828	0.69294	0.14689	0.00565	0.00654	0.00737	0.00315	0.00344
10	0.00985	0.00493	0.00493	0.00493	0.00616	0.00493	0.00370	0.01232	0.01109	0.01971	0.01725	0.01971	0.01355	0.00616	0.00370	0.00123	0.00246	0.00493	0.84356	0.00493
11	0.00918	0.00459	0.00689	0.00689	0.00689	0.00459	0.00459	0.00689	0.00689	0.00918	0.00918	0.01607	0.00918	0.01837	0.02066	0.84619	0.00459	0.00459	0.00230	0.00230
12	0.08821	0.06582	0.21241	0.03414	0.01780	0.15508	0.04139	0.17300	0.07774	0.01993	0.01067	0.01214	0.00819	0.01978	0.00578	0.00167	0.04136	0.00422	0.00335	0.00731
13	0.00985	0.00493	0.00493	0.00493	0.00616	0.00493	0.00370	0.01232	0.01109	0.01971	0.01725	0.01971	0.01355	0.00616	0.00370	0.00123	0.00246	0.00493	0.84356	0.00493
14	0.00666	0.00533	0.00566	0.00574	0.00736	0.00453	0.00424	0.00802	0.01200	0.02926	0.08269	0.14352	0.63960	0.01353	0.00629	0.00182	0.00275	0.01145	0.00498	0.00455
15	0.03104	0.00832	0.00973	0.00909	0.01087	0.00919	0.00708	0.05007	0.22040	0.07011	0.03943	0.13457	0.06174	0.07222	0.00849	0.00215	0.08179	0.09202	0.07551	0.00618
16	0.04611	0.16867	0.41926	0.01332	0.01927	0.01429	0.05288	0.08489	0.03931	0.04820	0.01014	0.01145	0.00755	0.00532	0.00524	0.00160	0.03803	0.00402	0.00286	0.00760
17	0.01003	0.00538	0.00758	0.00729	0.00762	0.00550	0.00501	0.06538	0.00828	0.01105	0.00945	0.01581	0.00917	0.01744	0.01947	0.78091	0.00469	0.00460	0.00253	0.00281
18	0.00799	0.00484	0.00578	0.00636	0.00715	0.00466	0.00451	0.00972	0.01100	0.01680	0.09187	0.39811	0.02741	0.01173	0.00546	0.00173	0.00281	0.02830	0.34913	0.00463
19	0.01386	0.08214	0.03783	0.17778	0.10852	0.17060	0.20285	0.06319	0.03039	0.01610	0.01060	0.04263	0.00875	0.00551	0.00531	0.00161	0.00755	0.00508	0.00288	0.00683
20	0.01378	0.01273	0.08057	0.01115	0.01439	0.06874	0.03847	0.06026	0.36138	0.09786	0.03659	0.04097	0.01520	0.04290	0.06192	0.00236	0.00589	0.02276	0.00463	0.00746
21	0.01223	0.01207	0.02147	0.20201	0.46384	0.01267	0.13062	0.01557	0.01160	0.01617	0.00980	0.01342	0.00796	0.00501	0.00595	0.00168	0.04295	0.00494	0.00255	0.00751
22	0.04410	0.09228	0.03643	0.01499	0.13503	0.05000	0.08157	0.09836	0.07580	0.12938	0.01237	0.01388	0.00951	0.00574	0.00585	0.00154	0.06493	0.01521	0.00376	0.10926
23	0.01141	0.04017	0.37633	0.04203	0.03533	0.03785	0.09536	0.04915	0.01262	0.04901	0.07357	0.01986	0.10629	0.00674	0.00543	0.00168	0.00656	0.02031	0.00328	0.00701
24	0.01072	0.00670	0.00581	0.00569	0.00705	0.07382	0.00427	0.01309	0.01143	0.01912	0.01645	0.01882	0.01296	0.00610	0.00379	0.00124	0.00308	0.00479	0.77005	0.00503
25	0.01066	0.00907	0.01075	0.00789	0.01226	0.00701	0.00629	0.01297	0.01075	0.01679	0.00981	0.01182	0.00830	0.00704	0.07292	0.00146	0.00481	0.00335	0.00311	0.77294
26	0.00691	0.00530	0.00699	0.07639	0.01015	0.00516	0.00567	0.00823	0.01062	0.01381	0.05814	0.47908	0.17767	0.05624	0.02602	0.00234	0.00375	0.03848	0.00458	0.00446
27	0.00967	0.00494	0.00500	0.00500	0.00612	0.00494	0.00365	0.01191	0.01079	0.01888	0.01719	0.02101	0.01405	0.07680	0.00572	0.00157	0.00270	0.00517	0.77009	0.00478

[dist]
# distance from previous block
# <min> <max>
0	3

[block]
# block no. 11 follows, 46 sequences, length 12
# corresponding to MSA columns:
# 445-456
name=unknown_L
#
# <colnr> <probs for GDERKNQSTAVLIFYWHMCP>
#	G	D	E	R	K	N	Q	S	T	A	V	L	I	F	Y	W	H	M	C	P
0	0.00829	0.00609	0.00742	0.00722	0.00825	0.00619	0.00512	0.04003	0.07193	0.01640	0.25902	0.14202	0.06190	0.22902	0.10441	0.00347	0.00492	0.00896	0.00455	0.00479
1	0.01156	0.01292	0.10471	0.01545	0.08823	0.02693	0.22132	0.05180	0.06800	0.03124	0.04289	0.06106	0.11451	0.00727	0.00619	0.00171	0.03919	0.02129	0.00359	0.07013
2	0.01107	0.00909	0.01185	0.01073	0.08319	0.00773	0.03632	0.05661	0.01199	0.04203	0.01629	0.15404	0.06140	0.00704	0.00489	0.00127	0.00423	0.00615	0.00373	0.46035
