[name]
unknown

[dist]
# distance from previous block
# <min> <max>
2	74

[block]
# block no. 0 follows, 51 sequences, length 9
# corresponding to MSA columns:
# 112-120
name=unknown_A
#
# <colnr> <probs for GDERKNQSTAVLIFYWHMCP>
#	G	D	E	R	K	N	Q	S	T	A	V	L	I	F	Y	W	H	M	C	P
0	0.08048	0.01255	0.10484	0.01153	0.08276	0.01101	0.00935	0.26731	0.04401	0.05299	0.01072	0.01175	0.00813	0.00644	0.04268	0.00161	0.00534	0.00390	0.00364	0.22895
1	0.24917	0.04719	0.32290	0.01155	0.01664	0.01150	0.08870	0.07256	0.01130	0.11084	0.00977	0.01076	0.00696	0.00483	0.00432	0.00153	0.00583	0.00375	0.00307	0.00683
2	0.00938	0.00535	0.00674	0.00601	0.00749	0.00528	0.07217	0.01183	0.01042	0.01809	0.01549	0.01787	0.01214	0.00559	0.00364	0.00119	0.00282	0.00469	0.77904	0.00476
3	0.01097	0.00881	0.01031	0.00751	0.01176	0.00689	0.00601	0.01376	0.05137	0.06100	0.00994	0.01099	0.00796	0.00394	0.00379	0.00082	0.00368	0.00317	0.00320	0.76413
4	0.00753	0.00555	0.00767	0.04634	0.01019	0.00554	0.00688	0.00978	0.01184	0.01586	0.25739	0.04547	0.07392	0.01323	0.04750	0.00227	0.00429	0.41956	0.00459	0.00458
5	0.01225	0.01220	0.01584	0.01510	0.12757	0.08543	0.05276	0.06807	0.03692	0.01470	0.00820	0.01121	0.00719	0.00673	0.01059	0.00175	0.42504	0.00422	0.00260	0.08164
6	0.03423	0.01195	0.01684	0.08224	0.10232	0.10331	0.18576	0.05439	0.05347	0.05152	0.05694	0.01697	0.04080	0.00639	0.00684	0.00166	0.12615	0.03879	0.00318	0.00626
7	0.05700	0.07684	0.14149	0.01513	0.18371	0.08243	0.05853	0.06587	0.03535	0.10010	0.04810	0.01465	0.05102	0.00560	0.00502	0.00148	0.02781	0.00461	0.00327	0.02199
8	0.05658	0.05868	0.14245	0.01184	0.06029	0.01112	0.05494	0.15696	0.06269	0.16511	0.01294	0.03830	0.00989	0.00658	0.02578	0.00166	0.03073	0.01488	0.02573	0.05284

[dist]
# distance from previous block
# <min> <max>
1	37

[block]
# block no. 1 follows, 51 sequences, length 7
# corresponding to MSA columns:
# 158-164
name=unknown_B
#
# <colnr> <probs for GDERKNQSTAVLIFYWHMCP>
#	G	D	E	R	K	N	Q	S	T	A	V	L	I	F	Y	W	H	M	C	P
0	0.01204	0.05660	0.01084	0.00874	0.03554	0.00775	0.03079	0.03991	0.05479	0.19188	0.10283	0.04934	0.05856	0.09745	0.11914	0.00267	0.00536	0.00592	0.00412	0.10574
1	0.11958	0.01016	0.01108	0.00889	0.01189	0.01077	0.00719	0.34937	0.01650	0.02413	0.21339	0.01752	0.01761	0.00661	0.00518	0.00142	0.03640	0.00515	0.00443	0.12272
2	0.13729	0.01845	0.44303	0.01216	0.01782	0.01086	0.06018	0.06270	0.01161	0.16475	0.01076	0.01148	0.00741	0.00496	0.00457	0.00155	0.00613	0.00392	0.00316	0.00721
3	0.00916	0.00458	0.00458	0.00458	0.00573	0.00458	0.00344	0.01145	0.01031	0.01832	0.01603	0.01832	0.01260	0.00573	0.00344	0.00115	0.00229	0.00458	0.85457	0.00458
4	0.01135	0.00942	0.01081	0.00783	0.01214	0.00774	0.00630	0.11714	0.01195	0.01805	0.00915	0.01041	0.00743	0.00395	0.00381	0.00083	0.00388	0.00312	0.00319	0.74151
5	0.00968	0.00580	0.00756	0.00734	0.00904	0.00533	0.00599	0.01171	0.01261	0.15226	0.27721	0.04121	0.16911	0.01093	0.00597	0.00179	0.00339	0.25283	0.00509	0.00516
6	0.16056	0.04539	0.01553	0.11084	0.16325	0.07117	0.07615	0.09534	0.09918	0.04390	0.01022	0.01193	0.00794	0.00526	0.00534	0.00155	0.06241	0.00419	0.00315	0.00667

[dist]
# distance from previous block
# <min> <max>
1	13

[block]
# block no. 2 follows, 51 sequences, length 36
# corresponding to MSA columns:
# 178-213
name=unknown_C
#
# <colnr> <probs for GDERKNQSTAVLIFYWHMCP>
#	G	D	E	R	K	N	Q	S	T	A	V	L	I	F	Y	W	H	M	C	P
0	0.01265	0.41605	0.21970	0.01158	0.01650	0.06201	0.10055	0.03037	0.03153	0.02989	0.00848	0.00977	0.00683	0.00449	0.00405	0.00129	0.00624	0.00345	0.00239	0.02219
1	0.00674	0.00531	0.00585	0.00585	0.00723	0.00481	0.00427	0.04942	0.01161	0.01465	0.12534	0.19853	0.47997	0.04964	0.00673	0.00185	0.00281	0.01045	0.00461	0.00435
2	0.01562	0.36755	0.01848	0.01040	0.01357	0.42663	0.00870	0.01708	0.01204	0.01217	0.00773	0.00896	0.00666	0.00473	0.00383	0.00117	0.00696	0.00301	0.04881	0.00590
3	0.00977	0.00823	0.00965	0.00714	0.01098	0.00634	0.00559	0.01174	0.00988	0.01531	0.00982	0.03221	0.00884	0.06598	0.02958	0.00127	0.00399	0.00357	0.00295	0.74715
4	0.01134	0.06368	0.03512	0.13682	0.01456	0.02465	0.00797	0.12864	0.04200	0.09201	0.01696	0.28747	0.01682	0.02252	0.02902	0.00186	0.00478	0.00755	0.00395	0.05227
5	0.01791	0.02262	0.01372	0.01237	0.01500	0.76389	0.00929	0.01923	0.01372	0.01224	0.00766	0.00893	0.00638	0.00499	0.00439	0.00124	0.00858	0.00315	0.00255	0.05213
6	0.00803	0.00606	0.00911	0.03171	0.01147	0.00606	0.04988	0.01033	0.01116	0.01456	0.02474	0.10349	0.02683	0.01294	0.00665	0.00219	0.00467	0.65113	0.00435	0.00463
7	0.00780	0.00562	0.00775	0.00881	0.00997	0.00557	0.00767	0.01000	0.01131	0.01462	0.02741	0.05496	0.07303	0.01351	0.00673	0.00223	0.00441	0.71959	0.00453	0.00450
8	0.02911	0.01006	0.07230	0.00779	0.01235	0.00703	0.00678	0.01267	0.01016	0.01611	0.00870	0.01016	0.00715	0.00374	0.00371	0.00081	0.00393	0.00296	0.00285	0.77162
9	0.01255	0.00949	0.01120	0.05558	0.03133	0.03434	0.00699	0.05240	0.01150	0.12692	0.01036	0.01136	0.00796	0.00423	0.00402	0.00096	0.00420	0.00340	0.00339	0.59782
10	0.06410	0.00907	0.04239	0.00772	0.01172	0.00694	0.00647	0.01376	0.01058	0.11886	0.01161	0.05979	0.00986	0.00504	0.00406	0.00103	0.00385	0.02658	0.00345	0.58312
11	0.01838	0.02286	0.01397	0.01258	0.01520	0.76131	0.00949	0.06403	0.01446	0.01313	0.00784	0.00903	0.00645	0.00511	0.00446	0.00128	0.00866	0.00324	0.00267	0.00585
12	0.01160	0.01326	0.02900	0.02071	0.02568	0.01243	0.77879	0.01574	0.01160	0.01574	0.00994	0.01326	0.00746	0.00414	0.00580	0.00166	0.00829	0.00580	0.00249	0.00663
13	0.01221	0.06063	0.01902	0.09340	0.06252	0.13517	0.27930	0.03943	0.11291	0.01562	0.03913	0.05861	0.02512	0.00587	0.00521	0.00157	0.00657	0.01825	0.00312	0.00633
14	0.01016	0.00873	0.01034	0.03441	0.01239	0.00670	0.00609	0.01238	0.01018	0.01590	0.00873	0.01029	0.00725	0.00368	0.00368	0.00076	0.00374	0.00296	0.00289	0.82874
15	0.01960	0.00997	0.01292	0.00998	0.01367	0.00967	0.04512	0.24752	0.01636	0.48725	0.01712	0.06223	0.01199	0.00648	0.00505	0.00154	0.00467	0.00536	0.00547	0.00802
16	0.01077	0.00889	0.01074	0.00818	0.02983	0.00707	0.01773	0.03479	0.02698	0.04014	0.04038	0.01174	0.00917	0.00412	0.00389	0.00086	0.00378	0.00338	0.00319	0.72440
17	0.23717	0.57455	0.03622	0.00813	0.01204	0.03943	0.00782	0.01480	0.00968	0.01442	0.00690	0.00799	0.00605	0.00433	0.00319	0.00119	0.00501	0.00267	0.00236	0.00605
18	0.01160	0.01326	0.02900	0.02071	0.02568	0.01243	0.77879	0.01574	0.01160	0.01574	0.00994	0.01326	0.00746	0.00414	0.00580	0.00166	0.00829	0.00580	0.00249	0.00663
19	0.01019	0.00873	0.01019	0.00728	0.01165	0.00655	0.00582	0.01237	0.01019	0.01601	0.00873	0.01019	0.00728	0.00364	0.00364	0.00073	0.00364	0.00291	0.00291	0.85734
20	0.00715	0.00476	0.00536	0.00536	0.00536	0.00476	0.00298	0.00715	0.00715	0.00953	0.01548	0.03216	0.01787	0.82729	0.02501	0.00476	0.00476	0.00715	0.00298	0.00298
21	0.01223	0.00985	0.02892	0.00861	0.02489	0.02767	0.00687	0.10551	0.04090	0.08513	0.01172	0.06912	0.00987	0.00514	0.00420	0.00105	0.00410	0.00420	0.00358	0.53644
22	0.00599	0.00428	0.00570	0.00684	0.00713	0.00399	0.00456	0.00684	0.00941	0.01254	0.02709	0.82409	0.03250	0.01540	0.00627	0.00200	0.00285	0.01397	0.00456	0.00399
23	0.01488	0.05527	0.01345	0.00949	0.01362	0.01188	0.00784	0.42230	0.01707	0.02376	0.01027	0.01093	0.00780	0.00488	0.00429	0.00114	0.00467	0.00370	0.00394	0.35883
24	0.01108	0.00958	0.01135	0.01206	0.12229	0.01059	0.00814	0.02101	0.52339	0.01920	0.11142	0.05353	0.05027	0.00733	0.00516	0.00164	0.00388	0.00632	0.00465	0.00711
25	0.05764	0.15876	0.27954	0.01181	0.04537	0.11604	0.03341	0.05643	0.01203	0.04360	0.11244	0.01441	0.01234	0.00561	0.00454	0.00143	0.00600	0.01911	0.00300	0.00649
26	0.00928	0.00873	0.01474	0.81548	0.03385	0.01092	0.01365	0.01256	0.00983	0.01256	0.00873	0.01310	0.00655	0.00491	0.00491	0.00164	0.00655	0.00437	0.00218	0.00546
27	0.01020	0.01814	0.40271	0.01593	0.04249	0.01096	0.29278	0.01485	0.01127	0.01615	0.10485	0.01468	0.01160	0.00512	0.00522	0.00159	0.00699	0.00508	0.00264	0.00673
28	0.00835	0.01176	0.24792	0.00965	0.03321	0.00743	0.00940	0.01245	0.06689	0.01780	0.40319	0.06573	0.02935	0.00847	0.00545	0.00161	0.00416	0.04727	0.00420	0.00570
29	0.01868	0.01376	0.01475	0.01131	0.01524	0.01524	0.00934	0.78025	0.02311	0.03097	0.01180	0.01180	0.00836	0.00590	0.00492	0.00147	0.00541	0.00442	0.00492	0.00836
30	0.07595	0.01311	0.01340	0.02707	0.04450	0.07344	0.00899	0.41045	0.22146	0.02485	0.01302	0.01305	0.00964	0.00592	0.00500	0.00153	0.02206	0.00450	0.00442	0.00765
31	0.00581	0.00498	0.00498	0.00498	0.00664	0.00415	0.00373	0.00705	0.01120	0.01328	0.04978	0.04729	0.79464	0.01245	0.00581	0.00166	0.00249	0.01037	0.00456	0.00415
32	0.01019	0.00873	0.01019	0.00728	0.01165	0.00655	0.00582	0.01237	0.01019	0.01601	0.00873	0.01019	0.00728	0.00364	0.00364	0.00073	0.00364	0.00291	0.00291	0.85734
33	0.01089	0.01029	0.01743	0.31943	0.47602	0.01110	0.01420	0.01391	0.01069	0.01470	0.00988	0.01464	0.00834	0.00503	0.00498	0.00156	0.00604	0.04167	0.00244	0.00676
34	0.01976	0.00921	0.01168	0.00910	0.01263	0.00877	0.00748	0.16635	0.02965	0.56098	0.06299	0.01755	0.03129	0.00648	0.00523	0.00153	0.02044	0.00519	0.00569	0.00798
35	0.36237	0.15204	0.01170	0.00794	0.01084	0.04569	0.00667	0.04871	0.10073	0.04060	0.03349	0.01494	0.06347	0.00696	0.02973	0.00169	0.02651	0.02663	0.00343	0.00586

[dist]
# distance from previous block
# <min> <max>
1	6

[block]
# block no. 3 follows, 51 sequences, length 54
# corresponding to MSA columns:
# 220-273
name=unknown_D
#
# <colnr> <probs for GDERKNQSTAVLIFYWHMCP>
#	G	D	E	R	K	N	Q	S	T	A	V	L	I	F	Y	W	H	M	C	P
0	0.02505	0.07296	0.33219	0.01759	0.21587	0.01182	0.10352	0.03067	0.03978	0.03009	0.00955	0.01138	0.00730	0.00455	0.00467	0.00145	0.00635	0.00405	0.00253	0.06864
1	0.01071	0.01033	0.01139	0.05782	0.15753	0.14493	0.00815	0.01302	0.06832	0.01291	0.04440	0.02004	0.01313	0.26979	0.08345	0.00312	0.05746	0.00540	0.00293	0.00518
2	0.00854	0.00427	0.00640	0.00640	0.00640	0.00427	0.00427	0.00640	0.00640	0.00854	0.00854	0.01494	0.00854	0.01707	0.01921	0.85702	0.00427	0.00427	0.00213	0.00213
3	0.00755	0.00761	0.08708	0.00800	0.01001	0.00584	0.06060	0.01030	0.01329	0.01885	0.64272	0.05097	0.03931	0.00922	0.00570	0.00157	0.00324	0.00827	0.00485	0.00502
4	0.00702	0.00527	0.00790	0.00790	0.00878	0.00614	0.00614	0.00878	0.00790	0.01141	0.01316	0.01931	0.01229	0.03686	0.80782	0.00790	0.01316	0.00527	0.00263	0.00439
5	0.01019	0.00873	0.01019	0.00728	0.01165	0.00655	0.00582	0.01237	0.01019	0.01601	0.00873	0.01019	0.00728	0.00364	0.00364	0.00073	0.00364	0.00291	0.00291	0.85734
6	0.01868	0.01376	0.01475	0.01131	0.01524	0.01524	0.00934	0.78025	0.02311	0.03097	0.01180	0.01180	0.00836	0.00590	0.00492	0.00147	0.00541	0.00442	0.00492	0.00836
7	0.01118	0.01706	0.31455	0.01612	0.02183	0.01114	0.37158	0.01558	0.01107	0.04572	0.00974	0.01194	0.00716	0.00435	0.00508	0.00150	0.00718	0.00461	0.00252	0.11009
8	0.01160	0.01326	0.02900	0.02071	0.02568	0.01243	0.77879	0.01574	0.01160	0.01574	0.00994	0.01326	0.00746	0.00414	0.00580	0.00166	0.00829	0.00580	0.00249	0.00663
9	0.00792	0.00566	0.00792	0.00905	0.01018	0.00566	0.00792	0.01018	0.01131	0.01471	0.02602	0.05543	0.02828	0.01358	0.00679	0.00226	0.00453	0.76356	0.00453	0.00453
10	0.00715	0.00476	0.00536	0.00536	0.00536	0.00476	0.00298	0.00715	0.00715	0.00953	0.01548	0.03216	0.01787	0.82729	0.02501	0.00476	0.00476	0.00715	0.00298	0.00298
11	0.00848	0.00429	0.00636	0.00636	0.00636	0.00429	0.00422	0.00643	0.00643	0.00857	0.00881	0.01561	0.00890	0.04885	0.01943	0.82359	0.00429	0.00438	0.00217	0.00217
12	0.01836	0.02342	0.01393	0.01266	0.01519	0.80756	0.00950	0.01962	0.01393	0.01203	0.00760	0.00886	0.00633	0.00506	0.00443	0.00127	0.00886	0.00317	0.00253	0.00570
13	0.02205	0.00836	0.01140	0.00874	0.01254	0.00722	0.00722	0.02395	0.01407	0.80004	0.01939	0.01673	0.01216	0.00608	0.00494	0.00152	0.00418	0.00494	0.00608	0.00836
14	0.00792	0.00566	0.00792	0.00905	0.01018	0.00566	0.00792	0.01018	0.01131	0.01471	0.02602	0.05543	0.02828	0.01358	0.00679	0.00226	0.00453	0.76356	0.00453	0.00453
15	0.00622	0.00457	0.00587	0.00685	0.00732	0.00432	0.00464	0.00761	0.04005	0.01290	0.02817	0.74595	0.07746	0.01488	0.00619	0.00196	0.00287	0.01342	0.00458	0.00415
16	0.00939	0.00885	0.01494	0.78517	0.06329	0.01095	0.01370	0.01265	0.00988	0.01269	0.00875	0.01307	0.00660	0.00489	0.00491	0.00163	0.00652	0.00437	0.00219	0.00555
17	0.01216	0.01168	0.01995	0.03016	0.79664	0.01168	0.01508	0.01508	0.01119	0.01605	0.00924	0.01216	0.00778	0.00438	0.00487	0.00146	0.00584	0.00438	0.00243	0.00778
18	0.86201	0.00950	0.00722	0.00646	0.00950	0.01102	0.00532	0.01445	0.00836	0.02205	0.00684	0.00798	0.00532	0.00456	0.00304	0.00152	0.00380	0.00266	0.00304	0.00532
19	0.00854	0.00427	0.00640	0.00640	0.00640	0.00427	0.00427	0.00640	0.00640	0.00854	0.00854	0.01494	0.00854	0.01707	0.01921	0.85702	0.00427	0.00427	0.00213	0.00213
20	0.00965	0.00918	0.01550	0.69321	0.10280	0.01120	0.02793	0.01282	0.00988	0.01290	0.00870	0.01292	0.00668	0.00501	0.00542	0.00164	0.04227	0.00439	0.00221	0.00569
21	0.00854	0.00427	0.00640	0.00640	0.00640	0.00427	0.00427	0.00640	0.00640	0.00854	0.00854	0.01494	0.00854	0.01707	0.01921	0.85702	0.00427	0.00427	0.00213	0.00213
22	0.01199	0.01246	0.04678	0.11054	0.55001	0.04605	0.08806	0.01552	0.04164	0.01564	0.00959	0.01241	0.00779	0.00454	0.00494	0.00150	0.00625	0.00448	0.00250	0.00732
23	0.01234	0.39231	0.24054	0.01269	0.08492	0.05746	0.04119	0.02809	0.04653	0.01407	0.00848	0.00980	0.00691	0.00452	0.00402	0.00129	0.00608	0.00338	0.00236	0.02300
24	0.06677	0.39631	0.23256	0.01018	0.01507	0.01524	0.01087	0.10659	0.01188	0.08024	0.00899	0.00976	0.00695	0.00471	0.00391	0.00131	0.00564	0.00331	0.00281	0.00692
25	0.01310	0.66136	0.11450	0.00941	0.01393	0.01763	0.02807	0.01552	0.02900	0.04729	0.00801	0.00894	0.00679	0.00440	0.00352	0.00116	0.00548	0.00299	0.00235	0.00655
26	0.00603	0.00477	0.00545	0.00585	0.00699	0.00419	0.00424	0.00725	0.01078	0.01352	0.09179	0.30923	0.45649	0.01332	0.00600	0.00179	0.00268	0.04087	0.00462	0.00414
27	0.03095	0.01399	0.11511	0.03028	0.13812	0.04219	0.03970	0.26600	0.13525	0.09283	0.01243	0.01300	0.00911	0.00559	0.00524	0.00154	0.03258	0.00450	0.00393	0.00766
28	0.02781	0.01111	0.03113	0.01316	0.03255	0.00967	0.29174	0.07121	0.01188	0.06355	0.01001	0.01183	0.00767	0.00419	0.00464	0.00122	0.00562	0.00425	0.00307	0.38369
29	0.02640	0.07640	0.24818	0.03483	0.37032	0.02898	0.06925	0.01582	0.02474	0.04559	0.00949	0.01156	0.00740	0.00457	0.00471	0.00148	0.00633	0.00412	0.00250	0.00734
30	0.01291	0.78783	0.04960	0.00854	0.01277	0.01888	0.00863	0.01463	0.01008	0.01186	0.02336	0.00856	0.00714	0.00434	0.00326	0.00108	0.00526	0.00279	0.00217	0.00630
31	0.00792	0.00566	0.00792	0.00905	0.01018	0.00566	0.00792	0.01018	0.01131	0.01471	0.02602	0.05543	0.02828	0.01358	0.00679	0.00226	0.00453	0.76356	0.00453	0.00453
32	0.10844	0.22109	0.07077	0.01082	0.06320	0.05222	0.00899	0.06140	0.15050	0.09479	0.01150	0.01231	0.00898	0.00757	0.06190	0.00189	0.03956	0.00396	0.00337	0.00674
33	0.01464	0.26121	0.01727	0.01099	0.01349	0.32905	0.00909	0.04536	0.03097	0.01291	0.02631	0.01050	0.00786	0.02554	0.00688	0.00148	0.16444	0.00356	0.00256	0.00588
34	0.00581	0.00498	0.00498	0.00498	0.00664	0.00415	0.00373	0.00705	0.01120	0.01328	0.04978	0.04729	0.79464	0.01245	0.00581	0.00166	0.00249	0.01037	0.00456	0.00415
35	0.00584	0.00498	0.00502	0.00501	0.00666	0.00416	0.00376	0.00712	0.01128	0.01346	0.07143	0.04699	0.77288	0.01238	0.00581	0.00166	0.00248	0.01033	0.00459	0.00416
36	0.01226	0.01152	0.01845	0.17489	0.45746	0.02705	0.06537	0.09752	0.01210	0.01664	0.00945	0.01262	0.00770	0.01965	0.00571	0.00159	0.03576	0.00450	0.00266	0.00711
37	0.00587	0.00500	0.00507	0.00511	0.00675	0.00420	0.00386	0.00715	0.01120	0.01332	0.04904	0.04755	0.77069	0.01248	0.00584	0.00168	0.00255	0.03391	0.00456	0.00416
38	0.01075	0.01075	0.01505	0.01290	0.01290	0.01505	0.01075	0.01183	0.00753	0.01183	0.00645	0.01075	0.00645	0.00860	0.01613	0.00215	0.81830	0.00430	0.00215	0.00538
39	0.01836	0.02342	0.01393	0.01266	0.01519	0.80756	0.00950	0.01962	0.01393	0.01203	0.00760	0.00886	0.00633	0.00506	0.00443	0.00127	0.00886	0.00317	0.00253	0.00570
40	0.01644	0.00945	0.01512	0.09282	0.03171	0.00903	0.16260	0.06363	0.02802	0.40104	0.07378	0.01829	0.01357	0.00613	0.00524	0.00159	0.00521	0.03435	0.00470	0.00728
41	0.01836	0.02342	0.01393	0.01266	0.01519	0.80756	0.00950	0.01962	0.01393	0.01203	0.00760	0.00886	0.00633	0.00506	0.00443	0.00127	0.00886	0.00317	0.00253	0.00570
42	0.01836	0.02342	0.01393	0.01266	0.01519	0.80756	0.00950	0.01962	0.01393	0.01203	0.00760	0.00886	0.00633	0.00506	0.00443	0.00127	0.00886	0.00317	0.00253	0.00570
43	0.01000	0.06092	0.76759	0.01376	0.02089	0.01177	0.01773	0.01553	0.01036	0.01539	0.00873	0.01027	0.00623	0.00465	0.00460	0.00153	0.00717	0.00359	0.00208	0.00722
44	0.01111	0.01260	0.07322	0.04848	0.02286	0.01119	0.56357	0.02974	0.01155	0.03230	0.01236	0.07687	0.01066	0.00572	0.00576	0.00171	0.00737	0.05373	0.00286	0.00636
45	0.02205	0.00836	0.01140	0.00874	0.01254	0.00722	0.00722	0.02395	0.01407	0.80004	0.01939	0.01673	0.01216	0.00608	0.00494	0.00152	0.00418	0.00494	0.00608	0.00836
46	0.00854	0.00427	0.00640	0.00640	0.00640	0.00427	0.00427	0.00640	0.00640	0.00854	0.00854	0.01494	0.00854	0.01707	0.01921	0.85702	0.00427	0.00427	0.00213	0.00213
47	0.01139	0.01287	0.07298	0.15932	0.21842	0.03111	0.33100	0.02914	0.01120	0.01525	0.00965	0.02730	0.00771	0.00479	0.00567	0.00161	0.03640	0.00506	0.00247	0.00667
48	0.00986	0.02542	0.80183	0.01401	0.02127	0.01141	0.01816	0.01556	0.01038	0.01556	0.00882	0.01038	0.00623	0.00467	0.00467	0.00156	0.00726	0.00363	0.00208	0.00726
49	0.00652	0.00501	0.00597	0.00573	0.00708	0.00445	0.00430	0.00844	0.01289	0.01728	0.51305	0.04071	0.32888	0.01095	0.00580	0.00159	0.00238	0.00945	0.00509	0.00445
50	0.00599	0.00428	0.00570	0.00684	0.00713	0.00399	0.00456	0.00684	0.00941	0.01254	0.02709	0.82409	0.03250	0.01540	0.00627	0.00200	0.00285	0.01397	0.00456	0.00399
51	0.01202	0.01149	0.01935	0.06852	0.72864	0.01166	0.01473	0.01538	0.04083	0.01605	0.00963	0.01245	0.00800	0.00449	0.00487	0.00148	0.00580	0.00442	0.00252	0.00767
52	0.00854	0.00427	0.00640	0.00640	0.00640	0.00427	0.00427	0.00640	0.00640	0.00854	0.00854	0.01494	0.00854	0.01707	0.01921	0.85702	0.00427	0.00427	0.00213	0.00213
53	0.00986	0.02542	0.80183	0.01401	0.02127	0.01141	0.01816	0.01556	0.01038	0.01556	0.00882	0.01038	0.00623	0.00467	0.00467	0.00156	0.00726	0.00363	0.00208	0.00726

[dist]
# distance from previous block
# <min> <max>
0	1

[block]
# block no. 4 follows, 51 sequences, length 7
# corresponding to MSA columns:
# 275-281
name=unknown_E
#
# <colnr> <probs for GDERKNQSTAVLIFYWHMCP>
#	G	D	E	R	K	N	Q	S	T	A	V	L	I	F	Y	W	H	M	C	P
0	0.01987	0.00861	0.01288	0.00988	0.01357	0.00756	0.08836	0.02194	0.01349	0.66470	0.01891	0.07037	0.01303	0.00650	0.00512	0.00157	0.00453	0.00564	0.00560	0.00789
1	0.00622	0.00440	0.00579	0.00681	0.00711	0.00417	0.00458	0.00706	0.00928	0.01235	0.02580	0.69798	0.03073	0.10086	0.00828	0.00230	0.00315	0.05484	0.00439	0.00391
2	0.01064	0.01059	0.01503	0.07621	0.01455	0.01473	0.01098	0.01188	0.00771	0.01188	0.00663	0.01094	0.00646	0.00831	0.01524	0.00211	0.75427	0.00431	0.00215	0.00538
3	0.04651	0.00804	0.01060	0.00837	0.01168	0.00724	0.00681	0.04549	0.01372	0.62497	0.08995	0.01876	0.01519	0.03644	0.03149	0.00184	0.00435	0.00530	0.00566	0.00760
4	0.02842	0.02648	0.01518	0.30760	0.21083	0.02740	0.01189	0.05939	0.02656	0.04355	0.04085	0.01475	0.00961	0.02892	0.00691	0.00172	0.11107	0.01978	0.00282	0.00624
5	0.01012	0.08890	0.74062	0.01357	0.02059	0.01205	0.01739	0.01550	0.01034	0.01525	0.00866	0.01018	0.00623	0.00463	0.00455	0.00152	0.00710	0.00355	0.00208	0.00719
6	0.00916	0.00458	0.00458	0.00458	0.00573	0.00458	0.00344	0.01145	0.01031	0.01832	0.01603	0.01832	0.01260	0.00573	0.00344	0.00115	0.00229	0.00458	0.85457	0.00458

[dist]
# distance from previous block
# <min> <max>
1	2

[block]
# block no. 5 follows, 51 sequences, length 55
# corresponding to MSA columns:
# 285-339
name=unknown_F
#
# <colnr> <probs for GDERKNQSTAVLIFYWHMCP>
#	G	D	E	R	K	N	Q	S	T	A	V	L	I	F	Y	W	H	M	C	P
0	0.27550	0.04143	0.04452	0.00962	0.01247	0.27113	0.00790	0.09552	0.04447	0.01809	0.00916	0.01044	0.00727	0.00586	0.02077	0.00155	0.03666	0.00345	0.07832	0.00589
1	0.01019	0.00873	0.01019	0.00728	0.01165	0.00655	0.00582	0.01237	0.01019	0.01601	0.00873	0.01019	0.00728	0.00364	0.00364	0.00073	0.00364	0.00291	0.00291	0.85734
2	0.01321	0.01130	0.01674	0.15981	0.40072	0.01210	0.01264	0.15600	0.10583	0.04613	0.01126	0.01315	0.00869	0.00508	0.00490	0.00152	0.00559	0.00455	0.00328	0.00751
3	0.00599	0.00428	0.00570	0.00684	0.00713	0.00399	0.00456	0.00684	0.00941	0.01254	0.02709	0.82409	0.03250	0.01540	0.00627	0.00200	0.00285	0.01397	0.00456	0.00399
4	0.01111	0.00963	0.01567	0.06769	0.50971	0.00957	0.01194	0.01371	0.01154	0.05809	0.10765	0.04389	0.07437	0.00639	0.00515	0.00154	0.00498	0.02727	0.00326	0.00682
5	0.01486	0.01184	0.01520	0.29084	0.09041	0.01343	0.01133	0.44767	0.01747	0.02330	0.01052	0.01228	0.00768	0.00542	0.00491	0.00153	0.00584	0.00440	0.00375	0.00731
6	0.00715	0.00476	0.00536	0.00536	0.00536	0.00476	0.00298	0.00715	0.00715	0.00953	0.01548	0.03216	0.01787	0.82729	0.02501	0.00476	0.00476	0.00715	0.00298	0.00298
7	0.77054	0.00960	0.00811	0.03840	0.03210	0.01105	0.00603	0.03125	0.00893	0.03756	0.00734	0.00856	0.00564	0.00463	0.00324	0.00152	0.00401	0.00286	0.00309	0.00552
8	0.86201	0.00950	0.00722	0.00646	0.00950	0.01102	0.00532	0.01445	0.00836	0.02205	0.00684	0.00798	0.00532	0.00456	0.00304	0.00152	0.00380	0.00266	0.00304	0.00532
9	0.01162	0.01110	0.01890	0.13938	0.67242	0.01140	0.01465	0.01454	0.01096	0.01549	0.00957	0.03042	0.00816	0.00470	0.00490	0.00150	0.00587	0.00459	0.00245	0.00737
10	0.02081	0.00862	0.01146	0.00890	0.01253	0.00782	0.00733	0.08596	0.01443	0.68586	0.01836	0.01648	0.01186	0.00802	0.05599	0.00192	0.00485	0.00492	0.00577	0.00811
11	0.01308	0.01178	0.01695	0.03723	0.47170	0.03917	0.02447	0.06462	0.20615	0.04627	0.01240	0.01377	0.00970	0.00513	0.00491	0.00151	0.00542	0.00468	0.00336	0.00770
12	0.01195	0.44299	0.31164	0.01181	0.04582	0.03409	0.03667	0.01539	0.02429	0.01351	0.00801	0.00934	0.00653	0.00444	0.00392	0.00129	0.00617	0.00323	0.00218	0.00674
13	0.00698	0.00509	0.00717	0.00724	0.00788	0.00569	0.00531	0.00828	0.00782	0.01105	0.01458	0.07344	0.01486	0.21821	0.57590	0.00680	0.01057	0.00625	0.00284	0.00404
14	0.01806	0.01346	0.01440	0.01118	0.01500	0.01495	0.00919	0.70783	0.09654	0.02997	0.01259	0.01243	0.00900	0.00597	0.00492	0.00149	0.00526	0.00453	0.00492	0.00830
15	0.01019	0.00873	0.01019	0.00728	0.01165	0.00655	0.00582	0.01237	0.01019	0.01601	0.00873	0.01019	0.00728	0.00364	0.00364	0.00073	0.00364	0.00291	0.00291	0.85734
16	0.00947	0.00892	0.01507	0.76493	0.08295	0.01097	0.01374	0.01272	0.00991	0.01278	0.00877	0.01304	0.00663	0.00488	0.00491	0.00163	0.00651	0.00437	0.00220	0.00561
17	0.02205	0.00836	0.01140	0.00874	0.01254	0.00722	0.00722	0.02395	0.01407	0.80004	0.01939	0.01673	0.01216	0.00608	0.00494	0.00152	0.00418	0.00494	0.00608	0.00836
18	0.00953	0.00888	0.01490	0.67282	0.12047	0.01067	0.01344	0.01269	0.01008	0.01310	0.00991	0.01572	0.00809	0.00541	0.00503	0.00166	0.00634	0.05324	0.00236	0.00567
19	0.00619	0.00500	0.00537	0.00552	0.00689	0.00437	0.00412	0.00741	0.01076	0.01312	0.05727	0.07619	0.59089	0.09961	0.00797	0.00206	0.00295	0.08582	0.00441	0.00406
20	0.00986	0.00968	0.01469	0.76380	0.03265	0.06220	0.01338	0.01301	0.01009	0.01252	0.00866	0.01283	0.00654	0.00492	0.00488	0.00161	0.00670	0.00429	0.00221	0.00547
21	0.01338	0.01122	0.01369	0.01125	0.01335	0.06173	0.06610	0.28459	0.01389	0.01902	0.01026	0.01304	0.00845	0.01097	0.10434	0.07282	0.20385	0.00452	0.05743	0.00611
22	0.00808	0.00437	0.00637	0.00661	0.00673	0.00433	0.00452	0.00673	0.00719	0.00956	0.01261	0.13841	0.01362	0.03649	0.01661	0.65305	0.00409	0.05536	0.00267	0.00259
23	0.00709	0.00506	0.00697	0.00810	0.00887	0.00494	0.00648	0.00875	0.01050	0.01378	0.02648	0.38493	0.03009	0.01436	0.00657	0.00215	0.00381	0.44223	0.00454	0.00430
24	0.86201	0.00950	0.00722	0.00646	0.00950	0.01102	0.00532	0.01445	0.00836	0.02205	0.00684	0.00798	0.00532	0.00456	0.00304	0.00152	0.00380	0.00266	0.00304	0.00532
25	0.00784	0.00592	0.00855	0.03256	0.00995	0.00687	0.00658	0.05855	0.00894	0.01270	0.01294	0.01863	0.01186	0.03390	0.73183	0.00729	0.01246	0.00518	0.00277	0.00468
26	0.04957	0.08927	0.66237	0.01311	0.01972	0.03228	0.01633	0.03551	0.01067	0.01585	0.00862	0.01006	0.00625	0.00467	0.00447	0.00150	0.00693	0.00351	0.00221	0.00709
27	0.00632	0.00468	0.00651	0.03134	0.03503	0.00451	0.00523	0.00734	0.00945	0.01264	0.02561	0.75385	0.03043	0.01521	0.02475	0.00210	0.00330	0.01316	0.00437	0.00417
28	0.01019	0.00873	0.01019	0.00728	0.01165	0.00655	0.00582	0.01237	0.01019	0.01601	0.00873	0.01019	0.00728	0.00364	0.00364	0.00073	0.00364	0.00291	0.00291	0.85734
29	0.00715	0.00476	0.00536	0.00536	0.00536	0.00476	0.00298	0.00715	0.00715	0.00953	0.01548	0.03216	0.01787	0.82729	0.02501	0.00476	0.00476	0.00715	0.00298	0.00298
30	0.01314	0.83025	0.02575	0.00841	0.01261	0.01945	0.00841	0.01472	0.00999	0.01156	0.00683	0.00788	0.00631	0.00420	0.00315	0.00105	0.00526	0.00263	0.00210	0.00631
31	0.00928	0.00873	0.01474	0.81548	0.03385	0.01092	0.01365	0.01256	0.00983	0.01256	0.00873	0.01310	0.00655	0.00491	0.00491	0.00164	0.00655	0.00437	0.00218	0.00546
32	0.01075	0.01075	0.01505	0.01290	0.01290	0.01505	0.01075	0.01183	0.00753	0.01183	0.00645	0.01075	0.00645	0.00860	0.01613	0.00215	0.81830	0.00430	0.00215	0.00538
33	0.01314	0.83025	0.02575	0.00841	0.01261	0.01945	0.00841	0.01472	0.00999	0.01156	0.00683	0.00788	0.00631	0.00420	0.00315	0.00105	0.00526	0.00263	0.00210	0.00631
34	0.00854	0.00427	0.00640	0.00640	0.00640	0.00427	0.00427	0.00640	0.00640	0.00854	0.00854	0.01494	0.00854	0.01707	0.01921	0.85702	0.00427	0.00427	0.00213	0.00213
35	0.00591	0.00498	0.00512	0.00509	0.00670	0.00419	0.00382	0.00725	0.01145	0.01386	0.11712	0.04634	0.72695	0.01223	0.00581	0.00165	0.00247	0.01024	0.00464	0.00419
36	0.00675	0.00502	0.00628	0.00596	0.00721	0.00455	0.00447	0.00887	0.01342	0.01854	0.65858	0.03864	0.18257	0.01048	0.00580	0.00157	0.00235	0.00916	0.00526	0.00455
37	0.01374	0.73652	0.02438	0.00890	0.01291	0.11100	0.00853	0.01529	0.01044	0.01162	0.00692	0.00800	0.00631	0.00430	0.00330	0.00108	0.00567	0.00269	0.00215	0.00624
38	0.00928	0.00873	0.01474	0.81548	0.03385	0.01092	0.01365	0.01256	0.00983	0.01256	0.00873	0.01310	0.00655	0.00491	0.00491	0.00164	0.00655	0.00437	0.00218	0.00546
39	0.00916	0.00458	0.00458	0.00458	0.00573	0.00458	0.00344	0.01145	0.01031	0.01832	0.01603	0.01832	0.01260	0.00573	0.00344	0.00115	0.00229	0.00458	0.85457	0.00458
40	0.86201	0.00950	0.00722	0.00646	0.00950	0.01102	0.00532	0.01445	0.00836	0.02205	0.00684	0.00798	0.00532	0.00456	0.00304	0.00152	0.00380	0.00266	0.00304	0.00532
41	0.01184	0.01125	0.01863	0.11871	0.64486	0.01163	0.01432	0.01569	0.07461	0.01602	0.01007	0.01278	0.00823	0.00463	0.00488	0.00150	0.00576	0.00447	0.00261	0.00752
42	0.01156	0.24405	0.44722	0.01308	0.04488	0.04877	0.04134	0.03774	0.01076	0.01464	0.00827	0.00985	0.00642	0.00472	0.00474	0.00143	0.03794	0.00349	0.00222	0.00689
43	0.00691	0.00502	0.00650	0.00613	0.00731	0.00462	0.00460	0.00918	0.01379	0.01942	0.76141	0.03717	0.07918	0.01015	0.00580	0.00155	0.00233	0.00895	0.00537	0.00462
44	0.00954	0.00900	0.01521	0.74507	0.10224	0.01099	0.01378	0.01278	0.00995	0.01287	0.00878	0.01302	0.00666	0.00487	0.00491	0.00162	0.00649	0.00437	0.00221	0.00567
45	0.00702	0.00527	0.00790	0.00790	0.00878	0.00614	0.00614	0.00878	0.00790	0.01141	0.01316	0.01931	0.01229	0.03686	0.80782	0.00790	0.01316	0.00527	0.00263	0.00439
46	0.00676	0.00502	0.00629	0.00597	0.00722	0.00455	0.00448	0.00889	0.01344	0.01859	0.66506	0.03854	0.17605	0.01046	0.00580	0.00157	0.00235	0.00914	0.00526	0.00455
47	0.00581	0.00498	0.00498	0.00498	0.00664	0.00415	0.00373	0.00705	0.01120	0.01328	0.04978	0.04729	0.79464	0.01245	0.00581	0.00166	0.00249	0.01037	0.00456	0.00415
48	0.01314	0.83025	0.02575	0.00841	0.01261	0.01945	0.00841	0.01472	0.00999	0.01156	0.00683	0.00788	0.00631	0.00420	0.00315	0.00105	0.00526	0.00263	0.00210	0.00631
49	0.00702	0.00527	0.00790	0.00790	0.00878	0.00614	0.00614	0.00878	0.00790	0.01141	0.01316	0.01931	0.01229	0.03686	0.80782	0.00790	0.01316	0.00527	0.00263	0.00439
50	0.00702	0.00527	0.00790	0.00790	0.00878	0.00614	0.00614	0.00878	0.00790	0.01141	0.01316	0.01931	0.01229	0.03686	0.80782	0.00790	0.01316	0.00527	0.00263	0.00439
51	0.04611	0.72944	0.04039	0.00864	0.01284	0.01868	0.00855	0.06400	0.01078	0.01330	0.00719	0.00819	0.00640	0.00434	0.00329	0.00111	0.00525	0.00277	0.00232	0.00642
52	0.70641	0.00954	0.00786	0.00685	0.00989	0.01086	0.00562	0.08253	0.01000	0.04601	0.00914	0.01001	0.02668	0.00498	0.00335	0.00151	0.00386	0.00316	0.03612	0.00562
53	0.71430	0.04084	0.06666	0.00740	0.01085	0.01163	0.00663	0.06384	0.00952	0.02177	0.00731	0.00840	0.00562	0.00464	0.00329	0.00150	0.00421	0.00284	0.00306	0.00570
54	0.01157	0.02818	0.21642	0.01336	0.14783	0.00920	0.01102	0.05162	0.01166	0.11046	0.02918	0.04967	0.07857	0.00669	0.00518	0.00151	0.02278	0.06821	0.00344	0.12345

[dist]
# distance from previous block
# <min> <max>
3	7

[block]
# block no. 6 follows, 51 sequences, length 29
# corresponding to MSA columns:
# 348-356,358-377
name=unknown_G
#
# <colnr> <probs for GDERKNQSTAVLIFYWHMCP>
#	G	D	E	R	K	N	Q	S	T	A	V	L	I	F	Y	W	H	M	C	P
0	0.00742	0.00528	0.00642	0.00620	0.00654	0.00552	0.00397	0.00786	0.00743	0.01023	0.01440	0.02809	0.01596	0.62220	0.15533	0.00500	0.04120	0.00652	0.00288	0.04155
1	0.01779	0.00943	0.01133	0.00922	0.01261	0.00947	0.00744	0.09373	0.26871	0.43799	0.02025	0.01817	0.04776	0.00654	0.00500	0.00157	0.00412	0.00534	0.00555	0.00798
2	0.00695	0.00548	0.00587	0.00608	0.00739	0.02924	0.00442	0.00812	0.01069	0.04415	0.03850	0.28745	0.46490	0.01398	0.04176	0.00203	0.00335	0.01083	0.00447	0.00433
3	0.00599	0.00428	0.00570	0.00684	0.00713	0.00399	0.00456	0.00684	0.00941	0.01254	0.02709	0.82409	0.03250	0.01540	0.00627	0.00200	0.00285	0.01397	0.00456	0.00399
4	0.01314	0.83025	0.02575	0.00841	0.01261	0.01945	0.00841	0.01472	0.00999	0.01156	0.00683	0.00788	0.00631	0.00420	0.00315	0.00105	0.00526	0.00263	0.00210	0.00631
5	0.00696	0.00502	0.00657	0.00618	0.00734	0.00464	0.00464	0.00927	0.01391	0.01971	0.79405	0.03671	0.04637	0.01005	0.00580	0.00155	0.00232	0.00889	0.00541	0.00464
6	0.00928	0.00873	0.01474	0.81548	0.03385	0.01092	0.01365	0.01256	0.00983	0.01256	0.00873	0.01310	0.00655	0.00491	0.00491	0.00164	0.00655	0.00437	0.00218	0.00546
7	0.00948	0.00798	0.00944	0.00721	0.01089	0.00612	0.00561	0.01144	0.01006	0.01543	0.01182	0.14708	0.01152	0.00562	0.00408	0.00094	0.00351	0.00477	0.00319	0.71381
8	0.02205	0.00836	0.01140	0.00874	0.01254	0.00722	0.00722	0.02395	0.01407	0.80004	0.01939	0.01673	0.01216	0.00608	0.00494	0.00152	0.00418	0.00494	0.00608	0.00836
9	0.00684	0.00481	0.00627	0.00707	0.00754	0.00469	0.00510	0.00791	0.00944	0.01252	0.04228	0.38442	0.02767	0.21933	0.02497	0.00286	0.00395	0.21430	0.00414	0.00390
10	0.01402	0.69455	0.02376	0.00912	0.01305	0.15200	0.00859	0.01554	0.01065	0.01164	0.00696	0.00805	0.00631	0.00435	0.00337	0.00109	0.00586	0.00272	0.00217	0.00620
11	0.01868	0.01376	0.01475	0.01131	0.01524	0.01524	0.00934	0.78025	0.02311	0.03097	0.01180	0.01180	0.00836	0.00590	0.00492	0.00147	0.00541	0.00442	0.00492	0.00836
12	0.00921	0.00656	0.00763	0.00707	0.00834	0.00657	0.00504	0.13793	0.02710	0.01513	0.05193	0.17304	0.08629	0.25752	0.01280	0.09076	0.00407	0.03154	0.00383	0.05762
13	0.14596	0.11109	0.37873	0.01159	0.01693	0.01311	0.02709	0.17496	0.04392	0.01954	0.00937	0.01039	0.00691	0.00493	0.00433	0.00148	0.00599	0.00365	0.00295	0.00709
14	0.02010	0.01631	0.01274	0.01081	0.01394	0.42958	0.00842	0.02167	0.01399	0.38419	0.01317	0.01258	0.00909	0.00555	0.00467	0.00139	0.00665	0.00400	0.00421	0.00696
15	0.00728	0.00520	0.00642	0.00616	0.00744	0.00482	0.00464	0.00962	0.03685	0.02976	0.53159	0.06036	0.17291	0.01050	0.00596	0.01877	0.00254	0.02953	0.04502	0.00463
16	0.01017	0.00595	0.00792	0.00738	0.00812	0.00623	0.00533	0.13679	0.00946	0.01265	0.00994	0.01617	0.00942	0.01574	0.04348	0.64995	0.00478	0.03447	0.00271	0.00335
17	0.01210	0.69146	0.02253	0.00803	0.01173	0.01695	0.00777	0.01380	0.01065	0.01293	0.13923	0.01273	0.01304	0.00519	0.00360	0.00113	0.00476	0.00368	0.00266	0.00603
18	0.00993	0.14690	0.01659	0.67974	0.03028	0.01235	0.01277	0.01292	0.00985	0.01239	0.00841	0.01222	0.00651	0.00479	0.00462	0.00154	0.00633	0.00407	0.00217	0.00560
19	0.00827	0.00586	0.00782	0.00860	0.00980	0.00585	0.00720	0.04063	0.02715	0.02902	0.03812	0.18098	0.05433	0.01321	0.00651	0.00213	0.00416	0.54107	0.00460	0.00471
20	0.01062	0.00990	0.01648	0.16223	0.51649	0.01026	0.01292	0.01347	0.02542	0.01494	0.01236	0.14900	0.01186	0.00637	0.00511	0.00158	0.00542	0.00601	0.00280	0.00674
21	0.00898	0.00621	0.00770	0.00702	0.00865	0.00611	0.00536	0.01322	0.14407	0.07891	0.60523	0.03211	0.03850	0.00918	0.00560	0.00156	0.00272	0.00803	0.00539	0.00545
22	0.01899	0.00933	0.01150	0.00914	0.01257	0.00911	0.00748	0.18244	0.08227	0.48475	0.01788	0.01784	0.01242	0.02320	0.00536	0.00160	0.00435	0.03688	0.04500	0.00786
23	0.00964	0.00783	0.00813	0.00800	0.00873	0.13995	0.00584	0.00947	0.00839	0.01032	0.01103	0.04464	0.01084	0.02049	0.24052	0.40773	0.00754	0.03484	0.00252	0.00353
24	0.00893	0.00572	0.00756	0.00768	0.00845	0.00600	0.00579	0.01077	0.13917	0.01227	0.01548	0.02718	0.01535	0.04931	0.01372	0.44582	0.00430	0.20945	0.00330	0.00376
25	0.00983	0.00932	0.01563	0.64880	0.16124	0.01122	0.01376	0.01295	0.00996	0.01311	0.00872	0.01284	0.00675	0.00498	0.00539	0.00163	0.04143	0.00437	0.00222	0.00585
26	0.00906	0.00607	0.01065	0.00958	0.03424	0.00596	0.13491	0.00837	0.00751	0.01013	0.00920	0.01529	0.00878	0.04040	0.04992	0.62446	0.00538	0.00466	0.00225	0.00319
27	0.01122	0.01049	0.01606	0.16471	0.15475	0.01141	0.13973	0.01874	0.32100	0.01719	0.03639	0.01763	0.01239	0.00593	0.00520	0.00165	0.00545	0.03955	0.00360	0.00692
28	0.01268	0.00950	0.01234	0.01309	0.14375	0.01006	0.00881	0.20592	0.05895	0.05385	0.01502	0.04164	0.01344	0.07296	0.24665	0.00385	0.00774	0.05914	0.00395	0.00666

[dist]
# distance from previous block
# <min> <max>
0	201

# created by:
# /home/cegg/simao/soft/augustus-3.2.1/scripts/msa2prfl.pl ./align_prep/EOG091G0JYQ.fa
