[name]
unknown

[dist]
# distance from previous block
# <min> <max>
0	107

[block]
# block no. 0 follows, 53 sequences, length 23
# corresponding to MSA columns:
# 107-129
name=unknown_A
#
# <colnr> <probs for GDERKNQSTAVLIFYWHMCP>
#	G	D	E	R	K	N	Q	S	T	A	V	L	I	F	Y	W	H	M	C	P
0	0.02868	0.01352	0.08089	0.01159	0.01474	0.17161	0.12270	0.17488	0.04013	0.03817	0.04036	0.01989	0.01261	0.00664	0.00500	0.00154	0.00591	0.13640	0.06858	0.00615
1	0.03182	0.01593	0.17336	0.01267	0.07548	0.14201	0.04610	0.23432	0.02633	0.01917	0.00940	0.01054	0.00714	0.00473	0.00441	0.00129	0.00594	0.00370	0.00314	0.17250
2	0.00865	0.00749	0.01189	0.01006	0.01208	0.00737	0.17417	0.02416	0.10570	0.02615	0.16352	0.27232	0.03748	0.02467	0.02607	0.00188	0.02085	0.02238	0.00404	0.03906
3	0.00891	0.00806	0.01287	0.48979	0.10582	0.00910	0.01099	0.01156	0.00955	0.01288	0.01082	0.10188	0.00976	0.00805	0.06621	0.00197	0.00606	0.00517	0.00252	0.10804
4	0.09769	0.01247	0.02154	0.06746	0.05342	0.15967	0.00874	0.19317	0.04038	0.06682	0.01068	0.04090	0.00885	0.03384	0.04925	0.00192	0.09446	0.00436	0.00337	0.03098
5	0.01261	0.01318	0.15683	0.13444	0.10112	0.07791	0.07180	0.10902	0.01232	0.11903	0.01293	0.13353	0.01117	0.00642	0.00496	0.00155	0.00577	0.00560	0.00335	0.00647
6	0.00774	0.00565	0.00730	0.00674	0.00805	0.00565	0.00517	0.07478	0.01320	0.01860	0.58718	0.03052	0.03583	0.01426	0.15510	0.00264	0.00446	0.00762	0.00472	0.00477
7	0.00731	0.00607	0.00854	0.11493	0.12659	0.00605	0.00664	0.00879	0.00980	0.01283	0.07129	0.23103	0.21631	0.14238	0.00852	0.00214	0.00385	0.00877	0.00363	0.00453
8	0.03044	0.04604	0.01710	0.04665	0.05576	0.15616	0.20563	0.06005	0.10243	0.20160	0.01233	0.01301	0.00890	0.00512	0.00497	0.00147	0.01727	0.00456	0.00363	0.00686
9	0.00706	0.00568	0.00623	0.00684	0.00743	0.06546	0.00471	0.00773	0.00961	0.01227	0.07676	0.55801	0.09316	0.01380	0.00727	0.09562	0.00330	0.01113	0.00408	0.00387
10	0.00828	0.00687	0.06875	0.00820	0.00977	0.00645	0.00695	0.01029	0.00837	0.07871	0.01299	0.01790	0.01149	0.03093	0.68315	0.00669	0.01163	0.00497	0.00280	0.00481
11	0.01168	0.01002	0.01673	0.16820	0.53642	0.01029	0.01299	0.01435	0.01075	0.08167	0.01106	0.07448	0.00954	0.00531	0.00485	0.00150	0.00545	0.00501	0.00278	0.00693
12	0.01327	0.01407	0.01608	0.03612	0.04756	0.22109	0.17658	0.01946	0.28176	0.02956	0.01224	0.01327	0.00948	0.00558	0.00588	0.00155	0.08198	0.00465	0.00330	0.00653
13	0.00581	0.00419	0.00551	0.00656	0.00691	0.00389	0.00440	0.00667	0.00924	0.01224	0.02745	0.78979	0.07002	0.01483	0.00608	0.00192	0.00276	0.01341	0.00444	0.00389
14	0.00701	0.00579	0.00884	0.00830	0.00968	0.00526	0.09851	0.00847	0.00966	0.01313	0.03936	0.54488	0.06274	0.01279	0.03148	0.00193	0.00382	0.02653	0.00398	0.09785
15	0.00834	0.00730	0.01065	0.00958	0.01015	0.00917	0.03795	0.00965	0.00758	0.01114	0.01064	0.01738	0.01051	0.14329	0.37371	0.00496	0.30601	0.00507	0.00243	0.00450
16	0.00610	0.00438	0.00587	0.00691	0.00735	0.00415	0.00488	0.00716	0.00947	0.01257	0.03860	0.67845	0.04887	0.01508	0.02500	0.00209	0.00320	0.11148	0.00440	0.00397
17	0.72903	0.00851	0.00688	0.00627	0.00890	0.00970	0.00507	0.01313	0.00877	0.02073	0.09423	0.05184	0.01086	0.00555	0.00341	0.00150	0.00349	0.00380	0.00328	0.00504
18	0.00980	0.00922	0.01582	0.46317	0.24823	0.01035	0.05572	0.01283	0.01019	0.01358	0.01054	0.01699	0.00907	0.00551	0.00501	0.00161	0.00605	0.08794	0.00246	0.00591
19	0.01124	0.27154	0.39993	0.10006	0.01901	0.08139	0.02650	0.01490	0.01023	0.01333	0.00789	0.00956	0.00614	0.00445	0.00411	0.00135	0.00654	0.00331	0.00208	0.00645
20	0.00689	0.00507	0.00754	0.00754	0.00833	0.00586	0.00580	0.00839	0.00760	0.01093	0.01271	0.01906	0.01200	0.06322	0.75539	0.03964	0.01219	0.00515	0.00255	0.00414
21	0.01022	0.09873	0.01156	0.00720	0.01143	0.00774	0.00594	0.01228	0.00989	0.01510	0.00829	0.00967	0.00698	0.00360	0.00349	0.00074	0.00371	0.00280	0.00275	0.76787
22	0.13537	0.00949	0.01435	0.02917	0.36724	0.00971	0.06998	0.02286	0.04953	0.01608	0.01572	0.09573	0.09704	0.00663	0.00498	0.00156	0.01509	0.03014	0.00310	0.00624

[dist]
# distance from previous block
# <min> <max>
2	4

[block]
# block no. 1 follows, 53 sequences, length 48
# corresponding to MSA columns:
# 135-182
name=unknown_B
#
# <colnr> <probs for GDERKNQSTAVLIFYWHMCP>
#	G	D	E	R	K	N	Q	S	T	A	V	L	I	F	Y	W	H	M	C	P
0	0.01173	0.41161	0.23085	0.03852	0.01687	0.03110	0.11462	0.02269	0.02029	0.02451	0.00865	0.01007	0.01791	0.00442	0.00399	0.00128	0.00604	0.00349	0.00226	0.01909
1	0.00823	0.00713	0.01203	0.01257	0.13630	0.00760	0.10515	0.01028	0.00876	0.01244	0.02822	0.04260	0.01214	0.07066	0.48129	0.00534	0.02617	0.00547	0.00263	0.00500
2	0.00722	0.00464	0.00520	0.00524	0.00541	0.00464	0.00311	0.00758	0.00747	0.01051	0.01547	0.03034	0.01707	0.70064	0.02109	0.00411	0.00432	0.03221	0.11056	0.00314
3	0.00971	0.00936	0.01557	0.63060	0.14875	0.02231	0.03918	0.01276	0.00979	0.01280	0.00851	0.01246	0.00658	0.00481	0.00521	0.00158	0.03787	0.00428	0.00217	0.00569
4	0.06042	0.09794	0.06732	0.04433	0.07891	0.04518	0.11312	0.07749	0.07818	0.06334	0.11263	0.01730	0.07211	0.00594	0.00470	0.00143	0.00501	0.00513	0.00350	0.04604
5	0.01096	0.01036	0.01695	0.41539	0.29835	0.04047	0.07118	0.01413	0.02277	0.04032	0.00923	0.01248	0.00716	0.00461	0.00481	0.00152	0.00622	0.00435	0.00241	0.00632
6	0.00654	0.00430	0.00530	0.00604	0.00661	0.00405	0.00415	0.00777	0.00965	0.01382	0.06155	0.56867	0.06969	0.01248	0.00544	0.00172	0.00261	0.01113	0.19443	0.00405
7	0.01093	0.01062	0.01680	0.20304	0.45039	0.03575	0.01314	0.01348	0.00999	0.01390	0.00862	0.01208	0.00729	0.00658	0.04682	0.00186	0.12567	0.00425	0.00228	0.00649
8	0.03967	0.07560	0.11389	0.07583	0.14488	0.16044	0.01049	0.04657	0.04105	0.13405	0.01275	0.01478	0.04367	0.00555	0.00456	0.00142	0.00577	0.03669	0.00323	0.02910
9	0.01804	0.00744	0.00977	0.00775	0.01084	0.00661	0.00631	0.04101	0.01340	0.59325	0.09568	0.01879	0.02946	0.00636	0.00472	0.00144	0.00366	0.00522	0.11303	0.00724
10	0.00695	0.00463	0.00521	0.00521	0.00521	0.00463	0.00290	0.00695	0.00695	0.00927	0.01506	0.03128	0.01738	0.83203	0.02433	0.00463	0.00463	0.00695	0.00290	0.00290
11	0.00837	0.00689	0.05431	0.00921	0.04932	0.00597	0.00730	0.03115	0.02661	0.05412	0.07501	0.27486	0.05395	0.01181	0.00597	0.00191	0.00392	0.31009	0.00432	0.00490
12	0.01179	0.01135	0.01866	0.13307	0.64023	0.03753	0.03601	0.01464	0.01085	0.02716	0.00904	0.01194	0.00742	0.00437	0.00475	0.00144	0.00591	0.00427	0.00239	0.00718
13	0.01610	0.01991	0.01449	0.01275	0.01486	0.61863	0.04832	0.01743	0.01223	0.01184	0.00729	0.00919	0.00623	0.00554	0.00657	0.00142	0.16586	0.00342	0.00239	0.00553
14	0.01247	0.01144	0.01844	0.07581	0.65344	0.01176	0.01386	0.11378	0.01229	0.01727	0.00928	0.01184	0.00757	0.00448	0.00474	0.00143	0.00567	0.00426	0.00266	0.00750
15	0.03156	0.54510	0.09031	0.00941	0.01338	0.02880	0.03373	0.06493	0.02791	0.03574	0.00852	0.01058	0.00741	0.01846	0.00440	0.00128	0.03482	0.02487	0.00251	0.00628
16	0.00774	0.01218	0.30202	0.00887	0.01216	0.00691	0.00939	0.01110	0.01190	0.01704	0.43107	0.07193	0.04954	0.00825	0.00528	0.00155	0.00410	0.01959	0.00398	0.00540
17	0.01219	0.02726	0.02321	0.07412	0.11491	0.01214	0.06214	0.09133	0.48743	0.01923	0.01553	0.01548	0.01173	0.00577	0.00485	0.00156	0.00471	0.00501	0.00408	0.00734
18	0.01298	0.80220	0.02458	0.00834	0.01237	0.05089	0.00822	0.01450	0.00987	0.01126	0.00667	0.00771	0.00613	0.00412	0.00312	0.00103	0.00525	0.00258	0.00206	0.00611
19	0.00942	0.00848	0.02383	0.00738	0.01137	0.00637	0.03371	0.01156	0.01009	0.01522	0.01356	0.01456	0.10683	0.00465	0.00390	0.00087	0.00362	0.00386	0.00300	0.70773
20	0.01124	0.02991	0.33744	0.11721	0.17814	0.05473	0.03307	0.02598	0.01100	0.07325	0.03967	0.01371	0.04340	0.00516	0.00471	0.00148	0.00615	0.00436	0.00269	0.00670
21	0.01050	0.01183	0.10690	0.02123	0.42662	0.01014	0.12604	0.01398	0.03529	0.01599	0.12040	0.03759	0.03086	0.00555	0.00503	0.00149	0.00550	0.00540	0.00291	0.00675
22	0.00571	0.00481	0.00495	0.00499	0.00651	0.00405	0.00372	0.00695	0.01093	0.01317	0.08327	0.08670	0.72363	0.01214	0.00567	0.00163	0.00243	0.01020	0.00448	0.00405
23	0.01121	0.19211	0.23431	0.05171	0.27445	0.02254	0.03480	0.02750	0.03446	0.01480	0.03503	0.01235	0.00865	0.00479	0.00442	0.00140	0.00586	0.02034	0.00245	0.00681
24	0.01162	0.02808	0.13423	0.01551	0.18194	0.03429	0.12168	0.07199	0.04715	0.07442	0.04752	0.03529	0.03452	0.00674	0.00520	0.00161	0.00558	0.13271	0.00342	0.00651
25	0.00746	0.00488	0.00667	0.00774	0.02880	0.00462	0.00549	0.00873	0.00989	0.06437	0.02487	0.57617	0.02830	0.01347	0.00600	0.00192	0.00324	0.16317	0.02983	0.00438
26	0.00590	0.00470	0.00529	0.00547	0.00669	0.00409	0.00398	0.00722	0.01100	0.01392	0.18370	0.21919	0.48740	0.01231	0.00575	0.00167	0.00247	0.01060	0.00459	0.00409
27	0.09810	0.02076	0.02548	0.03216	0.08339	0.00840	0.05753	0.05008	0.01282	0.42496	0.11357	0.02484	0.01443	0.00599	0.00476	0.00148	0.00437	0.00508	0.00473	0.00707
28	0.00978	0.00943	0.01586	0.40004	0.17620	0.01110	0.07464	0.01243	0.00950	0.01297	0.00932	0.05324	0.00808	0.00662	0.02968	0.00184	0.14639	0.00484	0.00232	0.00573
29	0.81423	0.00918	0.00727	0.00642	0.00942	0.01050	0.00529	0.01461	0.00847	0.06933	0.00740	0.00828	0.00558	0.00453	0.00307	0.00148	0.00372	0.00272	0.00314	0.00536
30	0.01087	0.04069	0.43081	0.07554	0.04349	0.09720	0.18267	0.01519	0.01078	0.01460	0.02843	0.01137	0.00737	0.00460	0.00477	0.00150	0.00719	0.00412	0.00225	0.00656
31	0.00678	0.00498	0.00652	0.00649	0.00712	0.00536	0.00462	0.00779	0.00781	0.01066	0.01801	0.02664	0.11299	0.32248	0.41298	0.00573	0.01996	0.00640	0.00291	0.00375
32	0.00669	0.00484	0.00612	0.00591	0.00691	0.00449	0.00432	0.00853	0.01227	0.01703	0.59095	0.06257	0.10372	0.11365	0.00803	0.00194	0.00265	0.03029	0.00484	0.00424
33	0.00846	0.00559	0.00665	0.00639	0.00800	0.00510	0.00488	0.03595	0.03140	0.10810	0.18166	0.17346	0.33455	0.01114	0.00564	0.00167	0.00290	0.05884	0.00479	0.00483
34	0.03772	0.01124	0.01892	0.04442	0.76277	0.01132	0.01435	0.01460	0.01077	0.01572	0.00891	0.01172	0.00747	0.00427	0.00468	0.00142	0.00563	0.00421	0.00238	0.00745
35	0.00959	0.02472	0.80726	0.01362	0.02069	0.01110	0.01766	0.01514	0.01009	0.01514	0.00858	0.01009	0.00605	0.00454	0.00454	0.00151	0.00706	0.00353	0.00202	0.00706
36	0.00586	0.00444	0.00541	0.00604	0.00681	0.00399	0.00420	0.00694	0.01010	0.01308	0.10646	0.51363	0.26857	0.01360	0.00592	0.00180	0.00262	0.01205	0.00452	0.00399
37	0.00923	0.02223	0.70654	0.01267	0.01898	0.01027	0.01601	0.01437	0.01052	0.01564	0.10807	0.01331	0.01097	0.00520	0.00468	0.00151	0.00646	0.00417	0.00243	0.00674
38	0.02015	0.01016	0.01138	0.00909	0.01255	0.10880	0.00735	0.02295	0.08232	0.63653	0.01747	0.01544	0.01136	0.00584	0.00475	0.00146	0.00461	0.00464	0.00539	0.00776
39	0.00598	0.00428	0.00569	0.00662	0.00702	0.00399	0.00451	0.00702	0.00974	0.01312	0.12358	0.71424	0.03323	0.01429	0.00605	0.00189	0.00274	0.02751	0.00454	0.00397
40	0.00702	0.00498	0.00741	0.00741	0.00812	0.00570	0.00563	0.00819	0.00747	0.01068	0.01232	0.01869	0.01169	0.06213	0.68473	0.11488	0.01142	0.00506	0.00251	0.00394
41	0.01044	0.00799	0.00999	0.02220	0.08137	0.02638	0.00780	0.10959	0.11016	0.04261	0.01810	0.03142	0.01769	0.11791	0.07896	0.00270	0.00543	0.28983	0.00394	0.00551
42	0.00738	0.00532	0.00665	0.00720	0.00792	0.00526	0.00502	0.10471	0.01083	0.01446	0.02447	0.72610	0.02866	0.01381	0.00593	0.00188	0.00309	0.01242	0.00448	0.00442
43	0.01043	0.00992	0.01686	0.42572	0.41680	0.01099	0.01397	0.01344	0.01022	0.01391	0.00874	0.01229	0.00697	0.00452	0.00476	0.00151	0.00603	0.00425	0.00224	0.00644
44	0.01159	0.01118	0.01869	0.04519	0.68543	0.01175	0.01411	0.01421	0.01040	0.01502	0.00864	0.01168	0.00738	0.00479	0.00611	0.00151	0.10852	0.00425	0.00233	0.00722
45	0.00728	0.00579	0.00856	0.00829	0.00904	0.00706	0.00654	0.00891	0.00764	0.01115	0.01198	0.01773	0.01124	0.03239	0.71280	0.00698	0.11473	0.00500	0.00250	0.00439
46	0.00874	0.00804	0.01334	0.71810	0.02968	0.00985	0.01217	0.01181	0.01006	0.01309	0.10800	0.01563	0.01124	0.00541	0.00489	0.00158	0.00585	0.00480	0.00252	0.00521
47	0.01582	0.00891	0.01073	0.00915	0.01214	0.00914	0.00743	0.06328	0.31748	0.35864	0.01951	0.02136	0.01468	0.00704	0.00505	0.00162	0.00406	0.10125	0.00525	0.00744

[dist]
# distance from previous block
# <min> <max>
0	3

[block]
# block no. 2 follows, 53 sequences, length 7
# corresponding to MSA columns:
# 186-192
name=unknown_C
#
# <colnr> <probs for GDERKNQSTAVLIFYWHMCP>
#	G	D	E	R	K	N	Q	S	T	A	V	L	I	F	Y	W	H	M	C	P
0	0.00653	0.00467	0.00605	0.00680	0.00740	0.00446	0.00497	0.00770	0.00970	0.01280	0.07843	0.40031	0.08295	0.14085	0.00899	0.00237	0.00341	0.20343	0.00424	0.00391
1	0.01158	0.01110	0.01895	0.09902	0.73446	0.01129	0.01455	0.01445	0.01077	0.01532	0.00895	0.01191	0.00747	0.00430	0.00474	0.00143	0.00574	0.00426	0.00234	0.00737
2	0.01111	0.01342	0.14297	0.16805	0.29491	0.01154	0.22244	0.04951	0.01115	0.01550	0.00913	0.01200	0.00706	0.00440	0.00496	0.00152	0.00664	0.00452	0.00239	0.00680
3	0.01045	0.00926	0.01434	0.69483	0.03011	0.01127	0.01262	0.13241	0.01156	0.01499	0.00896	0.01255	0.00664	0.00493	0.00478	0.00157	0.00620	0.00426	0.00254	0.00575
4	0.00683	0.00512	0.00768	0.00768	0.00853	0.00597	0.00597	0.00853	0.00768	0.01110	0.01280	0.01878	0.01195	0.03585	0.81308	0.00768	0.01280	0.00512	0.00256	0.00427
5	0.00939	0.16884	0.01171	0.00802	0.00986	0.00946	0.00665	0.09884	0.00988	0.01360	0.01157	0.01572	0.01038	0.02482	0.52562	0.00537	0.00996	0.00449	0.04075	0.00508
6	0.01227	0.22829	0.11885	0.01076	0.04626	0.03816	0.05791	0.12816	0.01193	0.04172	0.00988	0.04412	0.00835	0.00698	0.05911	0.00165	0.00581	0.00397	0.00290	0.16293

[dist]
# distance from previous block
# <min> <max>
0	24

# created by:
# /home/cegg/simao/soft/augustus-3.2.1/scripts/msa2prfl.pl ./align_prep/EOG091G11QL.fa
