[name]
unknown

[dist]
# distance from previous block
# <min> <max>
1	186

[block]
# block no. 0 follows, 51 sequences, length 34
# corresponding to MSA columns:
# 221-254
name=unknown_A
#
# <colnr> <probs for GDERKNQSTAVLIFYWHMCP>
#	G	D	E	R	K	N	Q	S	T	A	V	L	I	F	Y	W	H	M	C	P
0	0.10563	0.09497	0.24471	0.03557	0.07134	0.03017	0.02357	0.12071	0.07402	0.09305	0.01072	0.01151	0.00788	0.00500	0.00441	0.00144	0.00562	0.00387	0.00327	0.05253
1	0.03625	0.07972	0.10168	0.20201	0.18426	0.02493	0.07440	0.02688	0.02856	0.06240	0.01085	0.04066	0.00899	0.00531	0.00476	0.00149	0.00585	0.02944	0.00283	0.06875
2	0.03350	0.37504	0.04145	0.01012	0.03162	0.11366	0.04712	0.04617	0.03098	0.02637	0.10013	0.02569	0.02216	0.00557	0.00452	0.00129	0.03231	0.00418	0.00295	0.04518
3	0.01167	0.00937	0.01215	0.05743	0.10525	0.00860	0.02141	0.13238	0.01278	0.04767	0.07633	0.04702	0.01242	0.00549	0.00450	0.00118	0.00432	0.02246	0.00355	0.40402
4	0.06758	0.03026	0.06180	0.03361	0.19359	0.02746	0.06964	0.10712	0.05161	0.24786	0.01308	0.02537	0.00948	0.00534	0.00478	0.00149	0.00530	0.00460	0.00398	0.03605
5	0.01066	0.02866	0.04605	0.03533	0.03175	0.00760	0.03604	0.01361	0.05110	0.06521	0.06325	0.04980	0.02418	0.01541	0.00454	0.00113	0.00408	0.00445	0.00338	0.50379
6	0.00933	0.06166	0.03623	0.06004	0.03795	0.00833	0.10937	0.02320	0.04067	0.04499	0.07469	0.20447	0.03591	0.08642	0.08425	0.00255	0.03080	0.00752	0.03639	0.00525
7	0.00715	0.00476	0.00536	0.00536	0.00536	0.00476	0.00298	0.00715	0.00715	0.00953	0.01548	0.03216	0.01787	0.82729	0.02501	0.00476	0.00476	0.00715	0.00298	0.00298
8	0.00961	0.04859	0.03158	0.00768	0.01840	0.00754	0.00576	0.04306	0.13375	0.05568	0.03788	0.06648	0.05608	0.36101	0.01381	0.00302	0.00444	0.08688	0.00384	0.00490
9	0.01372	0.43830	0.02075	0.09685	0.07689	0.15163	0.00988	0.06100	0.01136	0.01328	0.00762	0.00936	0.00658	0.00483	0.00466	0.00128	0.06007	0.00326	0.00238	0.00629
10	0.01225	0.12448	0.30353	0.02869	0.12646	0.01140	0.01245	0.04869	0.02742	0.08996	0.00996	0.01114	0.00749	0.00461	0.00435	0.00132	0.00568	0.00368	0.00285	0.16360
11	0.02859	0.14785	0.37281	0.07363	0.07800	0.04933	0.04399	0.01581	0.01083	0.07968	0.02416	0.01134	0.00768	0.00487	0.00471	0.00146	0.02170	0.00384	0.00258	0.01715
12	0.00723	0.00542	0.00675	0.00635	0.00767	0.00514	0.00478	0.01029	0.06997	0.01917	0.66856	0.03636	0.11361	0.01002	0.00574	0.00157	0.00245	0.00878	0.00530	0.00482
13	0.01154	0.01305	0.02822	0.04718	0.05229	0.01235	0.72754	0.01561	0.01153	0.01565	0.00988	0.01321	0.00744	0.00418	0.00574	0.00165	0.00814	0.00570	0.00247	0.00663
14	0.03358	0.10807	0.05265	0.03905	0.14918	0.08810	0.06758	0.20006	0.05929	0.09623	0.03171	0.01437	0.02532	0.00593	0.00506	0.00159	0.00600	0.00471	0.00388	0.00761
15	0.00618	0.00469	0.00538	0.00583	0.00687	0.00422	0.00416	0.00737	0.01027	0.01325	0.03663	0.34929	0.40035	0.01436	0.04622	0.00207	0.00316	0.01112	0.06446	0.00413
16	0.00602	0.00435	0.00572	0.00680	0.00718	0.00404	0.00460	0.00693	0.00954	0.01263	0.02820	0.76644	0.07079	0.01520	0.00626	0.00199	0.00287	0.03186	0.00456	0.00401
17	0.01154	0.02507	0.01533	0.07304	0.30964	0.02322	0.04997	0.07738	0.16847	0.01737	0.04089	0.06163	0.04135	0.00757	0.03632	0.00182	0.00547	0.02354	0.00348	0.00689
18	0.01265	0.01199	0.04529	0.16075	0.26283	0.05706	0.03747	0.11137	0.15303	0.03734	0.01248	0.05419	0.01014	0.00572	0.00498	0.00156	0.00568	0.00504	0.00335	0.00708
19	0.00651	0.00488	0.00615	0.00685	0.00779	0.00451	0.00520	0.00796	0.01076	0.01392	0.10115	0.35504	0.23373	0.01368	0.00624	0.00193	0.00313	0.20172	0.00463	0.00423
20	0.01309	0.01162	0.01137	0.01019	0.01298	0.08211	0.00791	0.02547	0.69417	0.04543	0.01889	0.01745	0.01414	0.00651	0.00495	0.00163	0.00434	0.00533	0.00482	0.00761
21	0.49977	0.00986	0.01072	0.19587	0.01651	0.02933	0.04922	0.03389	0.05128	0.01914	0.00902	0.01192	0.00721	0.00512	0.00395	0.00158	0.00487	0.03213	0.00301	0.00561
22	0.00711	0.00547	0.00737	0.11074	0.01099	0.00535	0.00591	0.00870	0.01032	0.01396	0.12912	0.36817	0.09220	0.05662	0.00681	0.00192	0.00350	0.06726	0.02208	0.06639
23	0.01387	0.58056	0.07188	0.01038	0.02772	0.15238	0.03777	0.03260	0.01105	0.01255	0.00735	0.00856	0.00642	0.00442	0.00363	0.00116	0.00612	0.00297	0.00226	0.00635
24	0.00685	0.00513	0.00654	0.00702	0.00783	0.00499	0.00494	0.00868	0.05594	0.01311	0.04030	0.50759	0.06610	0.07317	0.10050	0.00277	0.00430	0.02991	0.00418	0.05016
25	0.01262	0.11912	0.25779	0.03868	0.06842	0.12343	0.17424	0.04499	0.02576	0.03298	0.00917	0.01100	0.00703	0.00470	0.00491	0.00145	0.02236	0.00405	0.00253	0.03476
26	0.01168	0.01109	0.01844	0.08293	0.66550	0.01130	0.01408	0.01512	0.05054	0.01603	0.02590	0.01403	0.03163	0.00487	0.00492	0.00149	0.00562	0.00470	0.00266	0.00746
27	0.00735	0.00528	0.00650	0.00610	0.00751	0.00482	0.00460	0.00972	0.03408	0.04493	0.57794	0.03793	0.21413	0.01036	0.00575	0.00157	0.00246	0.00900	0.00523	0.00474
28	0.00713	0.00482	0.00565	0.00565	0.00576	0.00492	0.00335	0.00734	0.00723	0.00975	0.01521	0.03067	0.01722	0.73542	0.11600	0.00513	0.00574	0.00693	0.00294	0.00314
29	0.01163	0.01064	0.04633	0.41264	0.19304	0.01122	0.07250	0.05298	0.01120	0.07591	0.00985	0.01290	0.00741	0.00497	0.00532	0.00158	0.03349	0.00448	0.00271	0.01918
30	0.01077	0.00982	0.01329	0.05845	0.15539	0.04889	0.07093	0.02571	0.04827	0.02957	0.05201	0.08210	0.04561	0.00586	0.00468	0.00127	0.00471	0.00523	0.00325	0.32419
31	0.01015	0.00854	0.01367	0.35073	0.13623	0.00936	0.04992	0.02244	0.02593	0.06734	0.11308	0.04749	0.08966	0.00675	0.00549	0.00162	0.02645	0.00598	0.00330	0.00585
32	0.01179	0.01089	0.01619	0.09595	0.38567	0.04884	0.05403	0.03681	0.08446	0.04173	0.02413	0.06391	0.05487	0.00601	0.00524	0.00154	0.02025	0.00546	0.00314	0.02910
33	0.07351	0.07990	0.08545	0.01344	0.05588	0.06686	0.22833	0.02855	0.04080	0.04251	0.11037	0.07009	0.01520	0.00703	0.01893	0.00169	0.00596	0.04605	0.00333	0.00612

[dist]
# distance from previous block
# <min> <max>
3	7

[block]
# block no. 1 follows, 51 sequences, length 11
# corresponding to MSA columns:
# 262-272
name=unknown_B
#
# <colnr> <probs for GDERKNQSTAVLIFYWHMCP>
#	G	D	E	R	K	N	Q	S	T	A	V	L	I	F	Y	W	H	M	C	P
0	0.01200	0.04722	0.04396	0.00880	0.01224	0.00887	0.02361	0.09751	0.09503	0.09854	0.04450	0.09053	0.03806	0.00655	0.00490	0.00132	0.02340	0.02737	0.00393	0.31168
1	0.01109	0.00873	0.01024	0.00754	0.01154	0.00702	0.00603	0.06726	0.01165	0.05721	0.08305	0.01312	0.01126	0.00452	0.00400	0.00090	0.00367	0.00368	0.00345	0.67403
2	0.01151	0.04493	0.20464	0.02954	0.19050	0.03946	0.06256	0.05191	0.18507	0.01722	0.05449	0.03921	0.02347	0.00586	0.00511	0.00156	0.01757	0.00507	0.00327	0.00707
3	0.00742	0.00572	0.00846	0.00818	0.00922	0.00644	0.03051	0.00974	0.04671	0.01221	0.03699	0.04144	0.01450	0.08688	0.62822	0.00672	0.01121	0.02197	0.00294	0.00453
4	0.01214	0.05664	0.05381	0.06134	0.64056	0.01217	0.04142	0.03490	0.01135	0.01602	0.00916	0.01192	0.00759	0.00444	0.00480	0.00146	0.00597	0.00430	0.00246	0.00756
5	0.00696	0.00489	0.00583	0.00618	0.00648	0.00485	0.00388	0.00809	0.04790	0.01165	0.05347	0.32759	0.02441	0.44716	0.01617	0.00343	0.00390	0.00969	0.00378	0.00367
6	0.00738	0.00528	0.00728	0.00829	0.00922	0.00518	0.00685	0.00931	0.01108	0.01461	0.09019	0.23650	0.03079	0.01371	0.00658	0.00214	0.00394	0.52266	0.00461	0.00441
7	0.01316	0.01170	0.01159	0.01029	0.01314	0.06717	0.00802	0.08560	0.67377	0.02080	0.01850	0.01716	0.01388	0.00650	0.00495	0.00162	0.00435	0.00530	0.00482	0.00768
8	0.01296	0.36591	0.12157	0.06629	0.01650	0.07999	0.07541	0.06516	0.07837	0.02948	0.03840	0.01148	0.00888	0.00495	0.00420	0.00133	0.00592	0.00383	0.00280	0.00658
9	0.01214	0.06633	0.45162	0.01482	0.12009	0.01123	0.03687	0.01708	0.06099	0.12431	0.01143	0.03229	0.00851	0.00518	0.00474	0.00153	0.00624	0.00430	0.00294	0.00736
10	0.01086	0.03509	0.25096	0.06004	0.02258	0.01138	0.39721	0.01510	0.01114	0.03388	0.01140	0.01683	0.00934	0.00538	0.00544	0.00167	0.00733	0.08519	0.00264	0.00656

[dist]
# distance from previous block
# <min> <max>
6	53

[block]
# block no. 2 follows, 51 sequences, length 25
# corresponding to MSA columns:
# 330-332,334-348,352-358
name=unknown_C
#
# <colnr> <probs for GDERKNQSTAVLIFYWHMCP>
#	G	D	E	R	K	N	Q	S	T	A	V	L	I	F	Y	W	H	M	C	P
0	0.01168	0.10932	0.12602	0.09134	0.25276	0.07385	0.15999	0.01479	0.01093	0.01446	0.01039	0.03527	0.02942	0.00513	0.00524	0.00151	0.03410	0.00468	0.00245	0.00666
1	0.01881	0.00878	0.01131	0.03713	0.01314	0.00835	0.00755	0.09209	0.09227	0.54635	0.01985	0.03812	0.03944	0.00682	0.00508	0.00158	0.00427	0.03568	0.00558	0.00780
2	0.04810	0.01108	0.16062	0.02131	0.08219	0.02552	0.05282	0.01210	0.01088	0.05413	0.10001	0.07446	0.17379	0.03755	0.02154	0.00190	0.05196	0.05086	0.00357	0.00561
3	0.03551	0.01520	0.28819	0.07406	0.16673	0.03773	0.05128	0.01507	0.02008	0.09250	0.05211	0.04811	0.02827	0.02502	0.02746	0.00180	0.00617	0.00501	0.00301	0.00669
4	0.01103	0.04023	0.11967	0.22511	0.17653	0.01054	0.09893	0.02825	0.01099	0.06980	0.05779	0.05082	0.01125	0.02846	0.02349	0.00180	0.02082	0.00521	0.00290	0.00637
5	0.07838	0.00809	0.01038	0.00835	0.01161	0.00741	0.00684	0.05314	0.01363	0.57628	0.06326	0.04394	0.01492	0.00684	0.00493	0.00156	0.00401	0.04220	0.03677	0.00747
6	0.01120	0.07509	0.26860	0.07341	0.29813	0.01177	0.07209	0.04224	0.01104	0.01557	0.02694	0.01211	0.00801	0.00528	0.00547	0.04315	0.00631	0.00422	0.00243	0.00694
7	0.02928	0.03638	0.17501	0.11736	0.20921	0.04551	0.12575	0.01449	0.02117	0.03341	0.04117	0.03608	0.00997	0.03074	0.03721	0.00190	0.02131	0.00488	0.00266	0.00650
8	0.00978	0.00817	0.01250	0.22630	0.20374	0.01868	0.02083	0.01243	0.03346	0.05451	0.01788	0.17473	0.07810	0.00925	0.03678	0.00192	0.00525	0.04744	0.02249	0.00575
9	0.00598	0.00432	0.00565	0.00671	0.00709	0.00400	0.00450	0.00686	0.00953	0.01260	0.02864	0.77077	0.08481	0.01519	0.00624	0.00197	0.00283	0.01372	0.00456	0.00400
10	0.01141	0.01299	0.05679	0.05881	0.19613	0.01195	0.52507	0.01523	0.01137	0.01560	0.01065	0.01372	0.02651	0.00445	0.00551	0.00161	0.00748	0.00544	0.00249	0.00680
11	0.00771	0.00565	0.00761	0.00848	0.00975	0.00547	0.00728	0.00981	0.01119	0.01452	0.02788	0.08306	0.10678	0.01317	0.00655	0.00213	0.00422	0.62855	0.00447	0.03573
12	0.01019	0.00873	0.01019	0.00728	0.01165	0.00655	0.00582	0.01237	0.01019	0.01601	0.00873	0.01019	0.00728	0.00364	0.00364	0.00073	0.00364	0.00291	0.00291	0.85734
13	0.01053	0.00935	0.01035	0.00750	0.01179	0.04008	0.00598	0.01268	0.01035	0.01585	0.00869	0.01013	0.00724	0.00370	0.00367	0.00075	0.00386	0.00292	0.00290	0.82168
14	0.00695	0.00557	0.02843	0.00640	0.00771	0.00479	0.00500	0.00917	0.01322	0.01850	0.65150	0.06958	0.09508	0.02806	0.00623	0.00166	0.00260	0.02978	0.00515	0.00461
15	0.00662	0.00482	0.00629	0.00676	0.00761	0.00449	0.00501	0.00826	0.01153	0.01563	0.31895	0.35208	0.09892	0.01287	0.00613	0.00184	0.00286	0.12013	0.00488	0.00433
16	0.03607	0.05026	0.11598	0.04172	0.28839	0.04857	0.07067	0.10516	0.01239	0.03509	0.01077	0.03014	0.02586	0.00500	0.00469	0.00140	0.00580	0.00441	0.00292	0.10471
17	0.00943	0.01426	0.29953	0.01246	0.07116	0.00883	0.08633	0.01301	0.01130	0.03297	0.16766	0.04217	0.08853	0.00686	0.00544	0.00154	0.02833	0.01857	0.00329	0.07833
18	0.00975	0.00918	0.01552	0.58178	0.13548	0.01072	0.04663	0.01287	0.01015	0.01339	0.00990	0.01553	0.00815	0.00540	0.00527	0.00164	0.02382	0.05246	0.00240	0.02995
19	0.01166	0.03381	0.22050	0.02823	0.27004	0.03846	0.04478	0.04079	0.02270	0.05836	0.09709	0.01522	0.02921	0.00554	0.00520	0.00149	0.02879	0.00478	0.00304	0.04032
20	0.01104	0.26307	0.14616	0.00874	0.01354	0.01131	0.00866	0.01362	0.01016	0.01458	0.00817	0.00951	0.00681	0.00398	0.00366	0.00096	0.00473	0.00294	0.00253	0.45584
21	0.00846	0.04973	0.11952	0.02630	0.01123	0.04750	0.03398	0.03006	0.02992	0.01506	0.11940	0.06030	0.36732	0.00926	0.00528	0.00155	0.00403	0.00775	0.02904	0.02429
22	0.06223	0.28707	0.10866	0.05582	0.04765	0.10305	0.02774	0.06072	0.04381	0.01529	0.03576	0.03412	0.00914	0.00520	0.00425	0.00132	0.01569	0.00390	0.02417	0.05440
23	0.01163	0.19376	0.19514	0.10489	0.11684	0.01248	0.01160	0.03506	0.07476	0.05597	0.03904	0.01394	0.04004	0.00547	0.00489	0.00145	0.03485	0.00432	0.02227	0.02162
24	0.00756	0.00686	0.03671	0.00716	0.00896	0.02328	0.03758	0.01031	0.05329	0.01721	0.43976	0.05680	0.21790	0.02847	0.00609	0.00165	0.00312	0.00859	0.00474	0.02397

[dist]
# distance from previous block
# <min> <max>
0	1

[block]
# block no. 3 follows, 51 sequences, length 10
# corresponding to MSA columns:
# 360-369
name=unknown_D
#
# <colnr> <probs for GDERKNQSTAVLIFYWHMCP>
#	G	D	E	R	K	N	Q	S	T	A	V	L	I	F	Y	W	H	M	C	P
0	0.00608	0.00465	0.00570	0.00633	0.00717	0.00426	0.00449	0.00722	0.01010	0.01299	0.05580	0.45810	0.29115	0.01566	0.06120	0.00228	0.00347	0.03478	0.00445	0.00411
1	0.01709	0.01019	0.01205	0.06471	0.01416	0.01058	0.00802	0.35913	0.01738	0.26490	0.04991	0.01732	0.06532	0.00650	0.00493	0.00149	0.00458	0.00519	0.05907	0.00747
2	0.01098	0.01670	0.30414	0.07228	0.23563	0.08743	0.01385	0.01485	0.02989	0.01504	0.02647	0.01389	0.04328	0.00669	0.04015	0.00180	0.02998	0.00441	0.02582	0.00670
3	0.01312	0.68307	0.11408	0.00934	0.01378	0.07200	0.00960	0.01515	0.01030	0.01205	0.00711	0.00824	0.00630	0.00432	0.00341	0.00112	0.00573	0.00278	0.00213	0.00637
4	0.03910	0.01081	0.08493	0.03732	0.16833	0.00901	0.00936	0.06528	0.04887	0.03974	0.05876	0.01418	0.01081	0.00682	0.05156	0.00162	0.00514	0.01597	0.00321	0.31920
5	0.07098	0.01282	0.22077	0.01140	0.08640	0.02709	0.01013	0.01542	0.01143	0.21261	0.04026	0.03625	0.14842	0.01948	0.00564	0.00164	0.03159	0.02728	0.00385	0.00654
6	0.00611	0.00442	0.00580	0.00685	0.00730	0.00412	0.00473	0.00709	0.00968	0.01275	0.02873	0.71249	0.08987	0.01505	0.00627	0.00199	0.00294	0.06522	0.00456	0.00404
7	0.01063	0.07374	0.20656	0.01602	0.10693	0.01118	0.27269	0.03160	0.03600	0.01571	0.02744	0.07062	0.05926	0.00587	0.00514	0.00157	0.00630	0.00572	0.03049	0.00652
8	0.57700	0.11636	0.01130	0.00870	0.04520	0.10122	0.00682	0.05615	0.01011	0.01981	0.00730	0.00846	0.00583	0.00464	0.00339	0.00143	0.00473	0.00288	0.00294	0.00576
9	0.00947	0.00627	0.00789	0.00762	0.00863	0.00666	0.00566	0.02479	0.07424	0.08996	0.04364	0.14887	0.01974	0.25265	0.08375	0.00325	0.06456	0.09769	0.03993	0.00476

[dist]
# distance from previous block
# <min> <max>
1	5

[block]
# block no. 4 follows, 51 sequences, length 25
# corresponding to MSA columns:
# 375-385,390-403
name=unknown_E
#
# <colnr> <probs for GDERKNQSTAVLIFYWHMCP>
#	G	D	E	R	K	N	Q	S	T	A	V	L	I	F	Y	W	H	M	C	P
0	0.06981	0.14303	0.11112	0.01154	0.05162	0.09596	0.02453	0.13667	0.21916	0.04266	0.01231	0.01303	0.00949	0.00549	0.00448	0.00145	0.00545	0.01593	0.00361	0.02266
1	0.01659	0.02450	0.01221	0.00969	0.01266	0.02961	0.00791	0.25750	0.09802	0.25640	0.03529	0.01529	0.01149	0.00796	0.04840	0.00187	0.07389	0.00480	0.06856	0.00736
2	0.01354	0.01400	0.01813	0.03698	0.57239	0.17229	0.01346	0.03616	0.04683	0.01578	0.00945	0.01178	0.00781	0.00467	0.00479	0.00143	0.00636	0.00419	0.00263	0.00734
3	0.00692	0.00499	0.00684	0.00704	0.00768	0.00532	0.00513	0.00810	0.00847	0.01168	0.04919	0.14374	0.05323	0.19059	0.40572	0.02876	0.00840	0.04097	0.00325	0.00399
4	0.00678	0.00494	0.00638	0.00619	0.00728	0.00454	0.00458	0.00887	0.01325	0.01853	0.66468	0.12676	0.08725	0.01079	0.00585	0.00160	0.00239	0.00955	0.00527	0.00454
5	0.00706	0.00479	0.00540	0.00538	0.00554	0.00472	0.00311	0.00726	0.00774	0.01029	0.05923	0.03326	0.06348	0.73717	0.02289	0.00442	0.00450	0.00742	0.00320	0.00313
6	0.01184	0.01019	0.01076	0.00971	0.01240	0.01171	0.00754	0.02494	0.73721	0.02029	0.04634	0.01988	0.04131	0.00697	0.00505	0.00166	0.00379	0.00582	0.00500	0.00756
7	0.01314	0.83025	0.02575	0.00841	0.01261	0.01945	0.00841	0.01472	0.00999	0.01156	0.00683	0.00788	0.00631	0.00420	0.00315	0.00105	0.00526	0.00263	0.00210	0.00631
8	0.00588	0.00493	0.00511	0.00517	0.00671	0.00416	0.00384	0.00715	0.01122	0.01356	0.08677	0.10054	0.70310	0.01253	0.00584	0.00168	0.00251	0.01054	0.00461	0.00416
9	0.01549	0.01263	0.01292	0.01073	0.01403	0.05038	0.00858	0.37406	0.39889	0.02497	0.01564	0.01488	0.01153	0.00624	0.00494	0.00156	0.00482	0.00492	0.00485	0.00795
10	0.00754	0.00632	0.03243	0.00789	0.00915	0.00609	0.04086	0.00904	0.00831	0.01174	0.01449	0.07839	0.01485	0.24381	0.39577	0.00546	0.00881	0.02685	0.00291	0.06929
11	0.54974	0.04055	0.02152	0.00843	0.01161	0.14985	0.00693	0.12911	0.01160	0.02119	0.00774	0.00873	0.00599	0.00484	0.00359	0.00145	0.00502	0.00302	0.00319	0.00590
12	0.00739	0.00610	0.00782	0.03157	0.09505	0.00579	0.00589	0.02076	0.04785	0.01549	0.20731	0.17530	0.33335	0.01096	0.00571	0.00167	0.00311	0.00953	0.00448	0.00490
13	0.01364	0.04608	0.03580	0.07103	0.15094	0.07516	0.00959	0.17979	0.02875	0.05370	0.01001	0.01134	0.00777	0.00468	0.00438	0.00121	0.00523	0.00377	0.00330	0.28383
14	0.01302	0.24369	0.01798	0.06429	0.01509	0.16774	0.05394	0.01465	0.01020	0.03966	0.00838	0.03503	0.00756	0.00662	0.02055	0.00163	0.24454	0.00400	0.00247	0.02896
15	0.01204	0.01163	0.05021	0.46102	0.10827	0.06893	0.01259	0.13510	0.03366	0.03161	0.02253	0.01297	0.00792	0.00517	0.00488	0.00156	0.00631	0.00438	0.00287	0.00637
16	0.01177	0.16851	0.40895	0.01437	0.09203	0.07130	0.04199	0.05150	0.01118	0.01517	0.00890	0.01126	0.00709	0.00502	0.00501	0.00148	0.04311	0.02210	0.00236	0.00690
17	0.00935	0.00883	0.01475	0.77928	0.03290	0.01110	0.01352	0.01252	0.00972	0.01252	0.00863	0.01300	0.00655	0.00508	0.00542	0.00166	0.04317	0.00436	0.00218	0.00546
18	0.04427	0.00764	0.03428	0.00931	0.07569	0.00752	0.00638	0.05740	0.09023	0.01478	0.05324	0.12555	0.08712	0.26322	0.03368	0.00282	0.03298	0.03365	0.00369	0.01657
19	0.00612	0.00502	0.00541	0.00539	0.00693	0.00431	0.00409	0.00761	0.01172	0.01456	0.18969	0.04566	0.61833	0.01204	0.00585	0.00167	0.00255	0.04407	0.00472	0.00426
20	0.00735	0.00525	0.00663	0.00629	0.00758	0.00488	0.00471	0.00986	0.04032	0.03921	0.61960	0.08453	0.12439	0.01041	0.00578	0.00159	0.00247	0.00914	0.00527	0.00475
21	0.00799	0.00617	0.03132	0.00713	0.00881	0.00530	0.03982	0.01041	0.01356	0.06066	0.65189	0.03441	0.08424	0.00955	0.00572	0.00156	0.00284	0.00847	0.00517	0.00497
22	0.00936	0.00889	0.01524	0.78767	0.03356	0.01097	0.04043	0.01267	0.00989	0.01267	0.00878	0.01311	0.00658	0.00489	0.00494	0.00164	0.00661	0.00442	0.00219	0.00550
23	0.01059	0.21386	0.55654	0.01265	0.01877	0.01319	0.03782	0.01503	0.01023	0.01446	0.00888	0.03401	0.00706	0.00494	0.00462	0.00147	0.02304	0.00378	0.00217	0.00688
24	0.01045	0.00940	0.01098	0.00861	0.01218	0.04085	0.04252	0.01427	0.12407	0.01607	0.01328	0.05962	0.03780	0.00553	0.00459	0.00111	0.02385	0.02584	0.00336	0.53560

[dist]
# distance from previous block
# <min> <max>
0	1

[block]
# block no. 5 follows, 51 sequences, length 35
# corresponding to MSA columns:
# 405-439
name=unknown_F
#
# <colnr> <probs for GDERKNQSTAVLIFYWHMCP>
#	G	D	E	R	K	N	Q	S	T	A	V	L	I	F	Y	W	H	M	C	P
0	0.01545	0.35333	0.03966	0.01035	0.01394	0.24520	0.00901	0.15963	0.06344	0.01614	0.00907	0.00986	0.00739	0.00497	0.00402	0.00125	0.00623	0.00337	0.02110	0.00660
1	0.86201	0.00950	0.00722	0.00646	0.00950	0.01102	0.00532	0.01445	0.00836	0.02205	0.00684	0.00798	0.00532	0.00456	0.00304	0.00152	0.00380	0.00266	0.00304	0.00532
2	0.01071	0.00956	0.04210	0.01914	0.02896	0.00983	0.00741	0.04510	0.45783	0.03126	0.15373	0.02453	0.12331	0.00782	0.00522	0.00163	0.00371	0.00659	0.00482	0.00674
3	0.00599	0.00428	0.00570	0.00684	0.00713	0.00399	0.00456	0.00684	0.00941	0.01254	0.02709	0.82409	0.03250	0.01540	0.00627	0.00200	0.00285	0.01397	0.00456	0.00399
4	0.00991	0.00949	0.03656	0.70239	0.06357	0.01091	0.04700	0.01323	0.01011	0.03729	0.00914	0.01311	0.00681	0.00489	0.00494	0.00163	0.00654	0.00443	0.00232	0.00574
5	0.01155	0.04842	0.13453	0.05253	0.37339	0.03955	0.05740	0.03956	0.01089	0.01527	0.00924	0.01214	0.00766	0.00757	0.07426	0.00205	0.06724	0.00426	0.00245	0.03003
6	0.07546	0.00831	0.01091	0.00846	0.01213	0.00738	0.00698	0.02293	0.01358	0.72445	0.01847	0.01622	0.01174	0.00597	0.00477	0.00151	0.00410	0.00478	0.03382	0.00804
7	0.01500	0.12728	0.01502	0.01126	0.06107	0.04445	0.00871	0.31118	0.21480	0.03856	0.01289	0.01326	0.00987	0.02364	0.00501	0.00147	0.00498	0.00436	0.00413	0.07307
8	0.00936	0.00571	0.00777	0.02105	0.00833	0.02328	0.00550	0.02221	0.00790	0.03838	0.01092	0.04214	0.01066	0.01644	0.08251	0.54816	0.05399	0.04606	0.02141	0.01821
9	0.01174	0.25672	0.41071	0.01198	0.04124	0.03920	0.01321	0.01539	0.01054	0.06137	0.03036	0.01153	0.00817	0.03401	0.00525	0.00152	0.02413	0.00371	0.00247	0.00675
10	0.00955	0.02052	0.58915	0.01228	0.01810	0.01035	0.01486	0.01543	0.08857	0.01621	0.07416	0.01673	0.06396	0.00601	0.00491	0.00159	0.00616	0.02177	0.00285	0.00684
11	0.00999	0.00901	0.01476	0.69730	0.07990	0.01094	0.01322	0.01381	0.05495	0.03510	0.00971	0.01345	0.00727	0.00501	0.00492	0.00162	0.00629	0.00445	0.00247	0.00582
12	0.01278	0.45669	0.06776	0.01367	0.17216	0.04857	0.02253	0.03211	0.01061	0.02851	0.00851	0.02443	0.00760	0.02340	0.01842	0.00146	0.03822	0.00361	0.00241	0.00655
13	0.00948	0.00899	0.01539	0.72300	0.07802	0.01091	0.04030	0.01273	0.00993	0.01285	0.00891	0.01319	0.00679	0.00558	0.02318	0.00177	0.00672	0.00444	0.00222	0.00561
14	0.00790	0.00538	0.00723	0.00805	0.00916	0.00519	0.00664	0.00977	0.01107	0.04632	0.04768	0.21066	0.09870	0.01330	0.00643	0.00208	0.00388	0.47490	0.02111	0.00454
15	0.01204	0.01423	0.06140	0.01045	0.03389	0.32289	0.03362	0.01399	0.03533	0.01335	0.03059	0.11293	0.16849	0.00840	0.00589	0.03636	0.02760	0.00632	0.04701	0.00522
16	0.01116	0.01295	0.05409	0.04348	0.02419	0.01191	0.66200	0.01500	0.01113	0.01515	0.01014	0.01431	0.00803	0.05704	0.00719	0.00186	0.02579	0.00573	0.00249	0.00635
17	0.00760	0.00596	0.00678	0.00671	0.00827	0.00576	0.00512	0.02644	0.12176	0.02579	0.16922	0.15162	0.34905	0.01152	0.00582	0.00174	0.00298	0.07818	0.00480	0.00490
18	0.00703	0.00521	0.00762	0.00762	0.00840	0.00599	0.00579	0.00859	0.00781	0.01120	0.01342	0.02073	0.01290	0.12450	0.72102	0.00755	0.01223	0.00547	0.00267	0.00423
19	0.00722	0.00475	0.00556	0.00563	0.00571	0.00473	0.00334	0.00725	0.00751	0.01004	0.03743	0.05968	0.01894	0.69546	0.02281	0.05911	0.00459	0.03406	0.00310	0.00306
20	0.01054	0.00931	0.02689	0.00765	0.01201	0.00714	0.00627	0.03863	0.03780	0.01666	0.00923	0.01053	0.00756	0.00384	0.00375	0.00080	0.00378	0.00307	0.00303	0.78149
21	0.00954	0.00918	0.05824	0.11511	0.22532	0.00845	0.07510	0.01205	0.01087	0.04252	0.07465	0.20149	0.06912	0.00847	0.00564	0.00170	0.01533	0.04789	0.00346	0.00586
22	0.01188	0.01633	0.27720	0.01243	0.04910	0.08989	0.07386	0.01605	0.06197	0.06373	0.01098	0.01217	0.02408	0.00482	0.00472	0.00132	0.01979	0.00395	0.00289	0.24286
23	0.70346	0.06603	0.04572	0.02967	0.04704	0.01164	0.00679	0.01449	0.00873	0.02051	0.00709	0.00841	0.00558	0.00454	0.00326	0.00149	0.00423	0.00283	0.00288	0.00559
24	0.00957	0.00904	0.01560	0.70183	0.06944	0.01086	0.06245	0.01285	0.01002	0.01310	0.00906	0.01322	0.00685	0.00486	0.00492	0.00162	0.00650	0.00447	0.02813	0.00562
25	0.01219	0.03514	0.09703	0.10628	0.31614	0.03023	0.06938	0.11229	0.03829	0.01711	0.02496	0.01355	0.00887	0.00598	0.02262	0.00169	0.05831	0.02006	0.00285	0.00703
26	0.00797	0.00622	0.00743	0.00710	0.00839	0.00634	0.00542	0.08484	0.01191	0.01569	0.16520	0.15794	0.28529	0.04591	0.04124	0.01964	0.06587	0.04861	0.00437	0.00466
27	0.00983	0.02560	0.09379	0.24976	0.06404	0.00975	0.01019	0.04144	0.10916	0.02695	0.04894	0.05115	0.06917	0.05864	0.03214	0.03235	0.04166	0.01651	0.00320	0.00573
28	0.00992	0.03589	0.04288	0.00979	0.05278	0.00833	0.02484	0.01489	0.19077	0.02760	0.04538	0.05427	0.09587	0.00788	0.00509	0.00151	0.00410	0.14753	0.00396	0.21671
29	0.01017	0.00859	0.00998	0.00724	0.01132	0.00662	0.00572	0.02828	0.01027	0.01591	0.00923	0.01163	0.00798	0.05648	0.00504	0.00100	0.00375	0.00321	0.00296	0.78463
30	0.01082	0.00984	0.01487	0.07633	0.25670	0.00968	0.07196	0.04944	0.06253	0.01641	0.04462	0.07457	0.03459	0.00588	0.00523	0.00140	0.03370	0.00529	0.00315	0.21300
31	0.00722	0.00526	0.00704	0.00792	0.00895	0.00508	0.00652	0.00911	0.01116	0.01456	0.09463	0.20025	0.11836	0.01349	0.00649	0.00208	0.00378	0.46911	0.00461	0.00439
32	0.00699	0.00470	0.00541	0.00556	0.00560	0.00466	0.00319	0.00711	0.00745	0.00993	0.01703	0.13750	0.01981	0.71930	0.02252	0.00440	0.00451	0.00805	0.00319	0.00311
33	0.01160	0.01681	0.32032	0.02964	0.16658	0.01153	0.14929	0.05789	0.09443	0.04113	0.01128	0.01379	0.00869	0.02318	0.00546	0.00165	0.00650	0.02013	0.00288	0.00722
34	0.02878	0.36288	0.22037	0.01169	0.07024	0.05729	0.01115	0.05261	0.01101	0.04091	0.00905	0.03524	0.00774	0.02182	0.00472	0.00139	0.02377	0.00369	0.00254	0.02312

[dist]
# distance from previous block
# <min> <max>
9	14

[block]
# block no. 6 follows, 51 sequences, length 31
# corresponding to MSA columns:
# 461-491
name=unknown_G
#
# <colnr> <probs for GDERKNQSTAVLIFYWHMCP>
#	G	D	E	R	K	N	Q	S	T	A	V	L	I	F	Y	W	H	M	C	P
0	0.01002	0.21301	0.08267	0.00902	0.05449	0.04225	0.00710	0.01127	0.00881	0.02570	0.01172	0.02059	0.01220	0.39716	0.04125	0.00317	0.03694	0.00518	0.00265	0.00480
1	0.00694	0.00582	0.00618	0.00609	0.00748	0.03646	0.00451	0.00892	0.03558	0.01573	0.31791	0.12779	0.37992	0.01143	0.00578	0.00164	0.00276	0.00980	0.00481	0.00448
2	0.00598	0.00430	0.00567	0.00677	0.00711	0.00400	0.00453	0.00685	0.00948	0.01257	0.02799	0.79324	0.06277	0.01528	0.00625	0.00198	0.00284	0.01383	0.00456	0.00400
3	0.01402	0.49427	0.04883	0.05971	0.01485	0.23606	0.00936	0.01579	0.01113	0.01202	0.00801	0.01048	0.00721	0.00488	0.00382	0.00121	0.00638	0.03360	0.00232	0.00605
4	0.00885	0.00786	0.01321	0.47790	0.05601	0.00902	0.05931	0.01148	0.00993	0.02606	0.01399	0.21068	0.01371	0.00872	0.03384	0.00195	0.00589	0.02340	0.00292	0.00526
5	0.01528	0.00726	0.00890	0.00752	0.01009	0.00690	0.00601	0.06498	0.06288	0.36546	0.04936	0.06064	0.03854	0.00705	0.00470	0.00147	0.00353	0.02903	0.24374	0.00665
6	0.00822	0.00527	0.00576	0.00584	0.00689	0.02861	0.01592	0.01006	0.01059	0.01637	0.10215	0.22563	0.06540	0.02050	0.00491	0.00149	0.00277	0.00775	0.45142	0.00446
7	0.00935	0.00566	0.00717	0.00672	0.00829	0.00518	0.00505	0.02337	0.02919	0.14550	0.36361	0.20113	0.14903	0.01075	0.00573	0.00166	0.00285	0.00940	0.00520	0.00516
8	0.01160	0.01326	0.02900	0.02071	0.02568	0.01243	0.77879	0.01574	0.01160	0.01574	0.00994	0.01326	0.00746	0.00414	0.00580	0.00166	0.00829	0.00580	0.00249	0.00663
9	0.00742	0.00504	0.00593	0.00584	0.00600	0.00529	0.00361	0.00778	0.00745	0.01039	0.01495	0.02918	0.01654	0.66615	0.09434	0.00470	0.03816	0.00668	0.06125	0.00331
10	0.01008	0.07364	0.70000	0.01320	0.02008	0.01157	0.01671	0.01529	0.01034	0.01535	0.00869	0.01021	0.00630	0.00457	0.00451	0.00147	0.00689	0.00352	0.00213	0.06544
11	0.01019	0.00873	0.01019	0.00728	0.01165	0.00655	0.00582	0.01237	0.01019	0.01601	0.00873	0.01019	0.00728	0.00364	0.00364	0.00073	0.00364	0.00291	0.00291	0.85734
12	0.01265	0.71650	0.02354	0.00851	0.01224	0.03501	0.00821	0.01417	0.00979	0.01151	0.00746	0.00938	0.00700	0.03158	0.04945	0.00159	0.03020	0.00298	0.00217	0.00605
13	0.01573	0.27592	0.13529	0.01080	0.01530	0.02872	0.02891	0.32106	0.01576	0.09240	0.01035	0.01077	0.00768	0.00513	0.00433	0.00136	0.00565	0.00379	0.00360	0.00745
14	0.02843	0.01042	0.05656	0.03426	0.04195	0.00869	0.03969	0.09865	0.03980	0.18442	0.03057	0.01293	0.00955	0.00482	0.00437	0.00118	0.00449	0.00399	0.00383	0.38138
15	0.01120	0.23892	0.36822	0.01194	0.03330	0.08462	0.03976	0.01457	0.01049	0.01368	0.01064	0.05497	0.02764	0.02335	0.00515	0.01798	0.00636	0.01843	0.00240	0.00636
16	0.00705	0.00515	0.00732	0.00732	0.00800	0.00583	0.00542	0.00841	0.00773	0.01098	0.01369	0.02222	0.01355	0.21636	0.63005	0.00719	0.01126	0.00569	0.00271	0.00407
17	0.00860	0.00843	0.01231	0.02297	0.07478	0.02668	0.12423	0.01047	0.01070	0.01388	0.06906	0.02995	0.38308	0.00935	0.00778	0.00173	0.16969	0.00763	0.00355	0.00515
18	0.01156	0.04819	0.01576	0.47237	0.15692	0.06494	0.01259	0.06705	0.01129	0.03903	0.00930	0.01259	0.00721	0.00596	0.02976	0.00174	0.02075	0.00426	0.00257	0.00616
19	0.00668	0.00506	0.00613	0.00593	0.00718	0.00460	0.00440	0.00875	0.02599	0.01728	0.51131	0.08455	0.25215	0.03053	0.00627	0.00168	0.00248	0.00949	0.00506	0.00448
20	0.01204	0.01003	0.01272	0.03512	0.01329	0.01205	0.03819	0.06434	0.28940	0.06547	0.03156	0.01674	0.03958	0.02603	0.00911	0.00185	0.27124	0.00525	0.03949	0.00651
21	0.01363	0.01214	0.06907	0.08438	0.04232	0.04936	0.09949	0.14218	0.07141	0.12196	0.01272	0.06403	0.01043	0.00679	0.00722	0.00170	0.15833	0.02250	0.00361	0.00672
22	0.01142	0.04344	0.05583	0.14925	0.14632	0.01052	0.09189	0.06218	0.08932	0.07297	0.05629	0.06272	0.08414	0.00669	0.00553	0.00160	0.03404	0.00589	0.00350	0.00647
23	0.01081	0.00961	0.05847	0.00884	0.01146	0.00945	0.00731	0.04935	0.41269	0.04990	0.22785	0.02467	0.08300	0.00784	0.00525	0.00161	0.00364	0.00663	0.00493	0.00667
24	0.00741	0.05624	0.00883	0.00776	0.00879	0.00687	0.00607	0.00904	0.00798	0.01129	0.01292	0.01945	0.01228	0.08686	0.70654	0.00727	0.01212	0.00523	0.00262	0.00441
25	0.01194	0.18236	0.32913	0.06288	0.01942	0.12569	0.12376	0.02899	0.01113	0.01425	0.00918	0.04265	0.00754	0.00502	0.00458	0.00145	0.00698	0.00415	0.00236	0.00654
26	0.01205	0.28365	0.01769	0.01113	0.04037	0.02871	0.00931	0.02479	0.02381	0.04845	0.00841	0.01112	0.00752	0.00892	0.07345	0.00213	0.35425	0.00386	0.02447	0.00590
27	0.00689	0.00629	0.05496	0.00616	0.00797	0.00481	0.00506	0.00870	0.01184	0.03895	0.25512	0.11312	0.43954	0.01137	0.00575	0.00165	0.00282	0.00970	0.00470	0.00459
28	0.01292	0.31173	0.18590	0.05509	0.01581	0.20917	0.01071	0.03005	0.01128	0.01315	0.02301	0.01153	0.03554	0.00671	0.04663	0.00164	0.00691	0.00363	0.00243	0.00615
29	0.01224	0.05682	0.24179	0.03343	0.22844	0.04360	0.01289	0.10266	0.04594	0.04773	0.05943	0.04031	0.01127	0.00579	0.00508	0.00153	0.02186	0.01900	0.00313	0.00709
30	0.02969	0.02737	0.04087	0.06474	0.07511	0.16188	0.06236	0.07637	0.12239	0.03482	0.01186	0.07694	0.01032	0.00757	0.02955	0.00183	0.15171	0.00512	0.00321	0.00630

[dist]
# distance from previous block
# <min> <max>
3	10

[block]
# block no. 7 follows, 51 sequences, length 33
# corresponding to MSA columns:
# 502-534
name=unknown_H
#
# <colnr> <probs for GDERKNQSTAVLIFYWHMCP>
#	G	D	E	R	K	N	Q	S	T	A	V	L	I	F	Y	W	H	M	C	P
0	0.02954	0.50457	0.08615	0.01006	0.01435	0.07479	0.04928	0.08069	0.01184	0.08521	0.00877	0.00957	0.00705	0.00462	0.00382	0.00123	0.00573	0.00328	0.00277	0.00670
1	0.01086	0.07082	0.05703	0.04779	0.03926	0.02693	0.00739	0.06454	0.03463	0.12313	0.08028	0.32486	0.04964	0.00983	0.00547	0.00167	0.01260	0.00851	0.01908	0.00570
2	0.00639	0.00626	0.07763	0.00735	0.00835	0.00471	0.00572	0.00773	0.00968	0.01303	0.05297	0.66973	0.06413	0.03339	0.00654	0.00199	0.00326	0.01254	0.00433	0.00429
3	0.00946	0.05108	0.01436	0.53970	0.02624	0.01052	0.04091	0.03506	0.01009	0.01321	0.04403	0.01466	0.00919	0.00969	0.10990	0.02866	0.02076	0.00465	0.00247	0.00536
4	0.05538	0.01339	0.01489	0.01280	0.08559	0.01473	0.00968	0.67725	0.02138	0.02923	0.01135	0.01166	0.00817	0.00570	0.00483	0.00148	0.00538	0.00434	0.00461	0.00817
5	0.01196	0.01039	0.01144	0.08278	0.01468	0.01211	0.00831	0.02489	0.71747	0.01983	0.01898	0.01786	0.01424	0.00651	0.00499	0.00166	0.00413	0.00545	0.00475	0.00757
6	0.00944	0.00853	0.01413	0.69619	0.07601	0.01039	0.01281	0.01260	0.00995	0.01328	0.00942	0.01352	0.00717	0.00496	0.00478	0.00158	0.00612	0.00439	0.07921	0.00552
7	0.00968	0.00911	0.01262	0.01108	0.01125	0.01222	0.00898	0.01081	0.00815	0.01232	0.07953	0.04061	0.01230	0.08680	0.06839	0.00272	0.59049	0.00534	0.00263	0.00498
8	0.00731	0.00522	0.00672	0.07907	0.00862	0.00560	0.00458	0.00796	0.00754	0.01018	0.01441	0.02786	0.01573	0.59456	0.18010	0.00511	0.00661	0.00652	0.00284	0.00348
9	0.78496	0.00943	0.00790	0.07956	0.01170	0.01101	0.00607	0.01427	0.00850	0.02119	0.00701	0.00845	0.00543	0.00459	0.00321	0.00153	0.00405	0.00282	0.00296	0.00533
10	0.38916	0.00949	0.00933	0.00734	0.01105	0.00931	0.00598	0.07970	0.01070	0.06276	0.00874	0.00971	0.00677	0.00438	0.00355	0.00119	0.00389	0.00304	0.00331	0.36059
11	0.00720	0.00511	0.00696	0.00801	0.00876	0.00502	0.00639	0.00880	0.01034	0.01357	0.02558	0.31770	0.02893	0.07659	0.00801	0.00236	0.00397	0.44806	0.00442	0.00422
12	0.01334	0.00654	0.00845	0.00716	0.00950	0.00589	0.00566	0.01575	0.03781	0.33972	0.34546	0.02789	0.09521	0.00830	0.00530	0.00153	0.00315	0.00707	0.05006	0.00622
13	0.00759	0.00457	0.00591	0.00598	0.00605	0.00460	0.00374	0.00693	0.00705	0.00944	0.01346	0.07595	0.01496	0.42505	0.06231	0.32959	0.00489	0.00639	0.00274	0.00279
14	0.00773	0.00609	0.00874	0.00828	0.00895	0.00724	0.01998	0.00912	0.00784	0.01140	0.01265	0.02034	0.01241	0.17949	0.50737	0.00616	0.12817	0.00547	0.02827	0.00431
15	0.00619	0.00440	0.00573	0.00667	0.00698	0.00418	0.00443	0.00699	0.00916	0.01218	0.02577	0.67035	0.04836	0.12063	0.02836	0.00249	0.00337	0.02556	0.00431	0.00388
16	0.02969	0.00741	0.00910	0.00781	0.01025	0.00725	0.00615	0.01787	0.18137	0.27983	0.31981	0.02559	0.04989	0.00790	0.00525	0.00156	0.00331	0.00672	0.01665	0.00656
17	0.01077	0.01039	0.05239	0.08358	0.06201	0.13102	0.05839	0.04349	0.02271	0.01293	0.03861	0.06833	0.01197	0.05705	0.02232	0.26162	0.00572	0.02803	0.01402	0.00464
18	0.01350	0.01282	0.05345	0.07429	0.11584	0.14549	0.05662	0.05701	0.06961	0.10539	0.03884	0.01486	0.01044	0.02517	0.03618	0.00189	0.11693	0.01684	0.02840	0.00644
19	0.04999	0.06210	0.05903	0.11890	0.43632	0.08102	0.03673	0.04001	0.01133	0.01567	0.00891	0.01153	0.00728	0.00467	0.00490	0.00147	0.02442	0.00410	0.01466	0.00698
20	0.03126	0.01183	0.01507	0.24395	0.23075	0.13210	0.03979	0.07137	0.02889	0.01571	0.01147	0.03501	0.02279	0.00567	0.00487	0.00153	0.00609	0.03659	0.04899	0.00628
21	0.03674	0.00589	0.00695	0.00659	0.00825	0.00550	0.03866	0.00951	0.07368	0.01470	0.10958	0.12700	0.46193	0.04275	0.00646	0.00182	0.00308	0.03185	0.00447	0.00459
22	0.01253	0.70892	0.07963	0.00892	0.01302	0.01809	0.00904	0.01435	0.00990	0.01190	0.00776	0.04053	0.00734	0.00485	0.00388	0.00117	0.03651	0.00321	0.00220	0.00625
23	0.25265	0.08110	0.01312	0.02468	0.08891	0.26018	0.00854	0.01749	0.11088	0.02782	0.00935	0.01077	0.00760	0.01958	0.00504	0.00151	0.04814	0.00358	0.00298	0.00608
24	0.00613	0.00435	0.00570	0.00668	0.00696	0.00409	0.00441	0.00695	0.00933	0.01248	0.05099	0.72082	0.03152	0.09473	0.00809	0.00225	0.00302	0.01314	0.00443	0.00391
25	0.00614	0.00451	0.00578	0.00664	0.00724	0.00415	0.00463	0.00723	0.01010	0.01328	0.08527	0.61157	0.14471	0.01448	0.00620	0.00193	0.00285	0.05456	0.00462	0.00409
26	0.04158	0.00743	0.04848	0.00803	0.04346	0.03662	0.00598	0.03306	0.02602	0.01479	0.10093	0.24531	0.25720	0.03661	0.04971	0.00213	0.00405	0.01707	0.01677	0.00477
27	0.01151	0.45347	0.17341	0.00985	0.01362	0.02876	0.01007	0.01372	0.00950	0.01222	0.00819	0.01122	0.00752	0.07076	0.04860	0.00193	0.10390	0.00352	0.00221	0.00601
28	0.00825	0.00656	0.00827	0.00857	0.00968	0.05241	0.04317	0.01003	0.01058	0.01398	0.03966	0.21896	0.02481	0.07937	0.03180	0.00239	0.00463	0.35204	0.07036	0.00445
29	0.00599	0.00472	0.00542	0.00581	0.00690	0.00414	0.00414	0.00720	0.01079	0.01365	0.11702	0.34244	0.42770	0.01333	0.00598	0.00178	0.00261	0.01159	0.00465	0.00414
30	0.01184	0.04241	0.10919	0.05533	0.05751	0.02137	0.27833	0.08040	0.12728	0.01678	0.01135	0.03941	0.00912	0.00573	0.00662	0.00167	0.11071	0.00519	0.00301	0.00675
31	0.02683	0.01067	0.01380	0.35833	0.07530	0.06814	0.02230	0.09320	0.16528	0.04017	0.02572	0.01440	0.00964	0.00710	0.04666	0.00191	0.00620	0.00466	0.00327	0.00642
32	0.06792	0.42856	0.20850	0.01094	0.03791	0.05847	0.02396	0.03307	0.01044	0.01393	0.00802	0.02688	0.00692	0.00487	0.00436	0.00132	0.04181	0.00337	0.00232	0.00644

[dist]
# distance from previous block
# <min> <max>
0	1

[block]
# block no. 8 follows, 51 sequences, length 21
# corresponding to MSA columns:
# 536-556
name=unknown_I
#
# <colnr> <probs for GDERKNQSTAVLIFYWHMCP>
#	G	D	E	R	K	N	Q	S	T	A	V	L	I	F	Y	W	H	M	C	P
0	0.00652	0.00484	0.00584	0.00625	0.00726	0.00438	0.00450	0.00795	0.02071	0.02721	0.14694	0.37554	0.29362	0.02508	0.00630	0.00185	0.00278	0.04347	0.00469	0.00427
1	0.03530	0.19786	0.19727	0.11404	0.08896	0.01341	0.11413	0.06531	0.01112	0.01530	0.00995	0.01200	0.03347	0.00503	0.00513	0.00147	0.05003	0.00413	0.00250	0.02360
2	0.01389	0.48257	0.17792	0.01029	0.01479	0.15440	0.01048	0.01626	0.01098	0.05695	0.00807	0.00905	0.00663	0.00455	0.00378	0.00122	0.00622	0.00305	0.00240	0.00651
3	0.07862	0.00813	0.01053	0.00831	0.01174	0.00733	0.00680	0.02166	0.03492	0.63725	0.08811	0.01863	0.03239	0.00649	0.00491	0.00153	0.00394	0.00527	0.00575	0.00771
4	0.02607	0.00952	0.05181	0.00823	0.01072	0.08119	0.00675	0.03994	0.10282	0.18710	0.28732	0.02581	0.09516	0.03834	0.00597	0.00166	0.00400	0.00667	0.00484	0.00607
5	0.01338	0.10544	0.15066	0.03187	0.02551	0.03670	0.02233	0.17159	0.01371	0.13997	0.06676	0.11731	0.03594	0.00795	0.02764	0.00170	0.00529	0.00584	0.01376	0.00666
6	0.00639	0.00465	0.00602	0.00693	0.00739	0.00447	0.00470	0.00798	0.04943	0.01332	0.07268	0.71791	0.03212	0.03260	0.00659	0.00201	0.00291	0.01308	0.00460	0.00420
7	0.00670	0.00533	0.00608	0.00601	0.00745	0.00488	0.00453	0.00913	0.06263	0.01585	0.28758	0.10394	0.40788	0.01157	0.00583	0.00167	0.00264	0.04089	0.00487	0.00455
8	0.02336	0.02848	0.05626	0.13720	0.17173	0.03825	0.14253	0.08893	0.03075	0.09592	0.04631	0.01397	0.00983	0.00563	0.00590	0.02088	0.04962	0.00478	0.02293	0.00672
9	0.00605	0.00433	0.00576	0.00680	0.00714	0.00403	0.00457	0.00700	0.00970	0.01301	0.07714	0.77270	0.03341	0.01505	0.00624	0.00197	0.00282	0.01364	0.00462	0.00403
10	0.00762	0.00574	0.00786	0.06097	0.00956	0.00649	0.00578	0.03004	0.00833	0.01155	0.01452	0.09520	0.01515	0.28574	0.36970	0.00549	0.04667	0.00653	0.00293	0.00413
11	0.01144	0.01047	0.03822	0.01083	0.01248	0.08458	0.05837	0.05460	0.02774	0.06259	0.01127	0.02942	0.00972	0.01470	0.21659	0.00333	0.25143	0.00480	0.08182	0.00559
12	0.00943	0.00730	0.01055	0.02896	0.17111	0.00716	0.02792	0.03882	0.03780	0.06005	0.04990	0.20702	0.14574	0.03229	0.00628	0.00187	0.00416	0.14401	0.00412	0.00552
13	0.00695	0.00505	0.00623	0.00666	0.00759	0.00475	0.00471	0.00901	0.06144	0.03492	0.16483	0.47613	0.16707	0.01313	0.00599	0.00182	0.00280	0.01166	0.00478	0.00449
14	0.01139	0.01173	0.01521	0.06598	0.04689	0.08914	0.02903	0.01268	0.00850	0.01207	0.00696	0.01096	0.00658	0.00799	0.01367	0.02606	0.61327	0.00424	0.00221	0.00545
15	0.06293	0.03915	0.07229	0.04099	0.01384	0.11708	0.00782	0.05277	0.01124	0.01628	0.00857	0.01001	0.00695	0.00415	0.00389	0.00100	0.00490	0.00311	0.00285	0.52020
16	0.04195	0.22150	0.22329	0.01130	0.01548	0.02274	0.07590	0.10287	0.01201	0.01653	0.07887	0.01571	0.03324	0.00607	0.00540	0.00150	0.06303	0.04321	0.00298	0.00642
17	0.06067	0.03097	0.04079	0.03804	0.08786	0.02852	0.00814	0.22296	0.05042	0.05641	0.05614	0.09107	0.06421	0.00694	0.00476	0.00147	0.00444	0.00571	0.08119	0.05927
18	0.01122	0.03328	0.12002	0.05506	0.18697	0.01048	0.12249	0.07926	0.06273	0.03885	0.08919	0.04477	0.04002	0.05427	0.00641	0.00174	0.01481	0.00564	0.00332	0.01946
19	0.04229	0.12178	0.05183	0.03147	0.03227	0.08575	0.02600	0.26424	0.07477	0.05577	0.04040	0.03322	0.02898	0.00586	0.00455	0.00140	0.00522	0.00457	0.03589	0.05374
20	0.08958	0.00949	0.05949	0.00950	0.03977	0.00864	0.00773	0.12700	0.02398	0.30289	0.05157	0.03412	0.02878	0.05806	0.10565	0.00253	0.00558	0.02436	0.00451	0.00676

[dist]
# distance from previous block
# <min> <max>
0	57

[block]
# block no. 9 follows, 51 sequences, length 7
# corresponding to MSA columns:
# 614-620
name=unknown_J
#
# <colnr> <probs for GDERKNQSTAVLIFYWHMCP>
#	G	D	E	R	K	N	Q	S	T	A	V	L	I	F	Y	W	H	M	C	P
0	0.04078	0.19571	0.29622	0.01325	0.06140	0.06247	0.09504	0.03947	0.01130	0.06531	0.03270	0.01131	0.00812	0.00486	0.00466	0.00142	0.02227	0.00389	0.00267	0.02717
1	0.00853	0.00581	0.00690	0.00686	0.00788	0.00577	0.00485	0.06519	0.05578	0.04785	0.10355	0.29182	0.07568	0.21116	0.01044	0.00250	0.00358	0.03910	0.04214	0.00459
2	0.00628	0.00489	0.00574	0.00604	0.00723	0.00435	0.00451	0.00774	0.01132	0.01448	0.18474	0.22311	0.40214	0.01277	0.00601	0.00177	0.00274	0.08518	0.00472	0.00424
3	0.01161	0.05072	0.18858	0.04397	0.32493	0.01164	0.14638	0.01593	0.06375	0.04332	0.01194	0.01386	0.04102	0.00496	0.00496	0.00153	0.00623	0.00474	0.00273	0.00720
