[name]
unknown

[dist]
# distance from previous block
# <min> <max>
0	21

[block]
# block no. 0 follows, 53 sequences, length 14
# corresponding to MSA columns:
# 21-34
name=unknown_A
#
# <colnr> <probs for GDERKNQSTAVLIFYWHMCP>
#	G	D	E	R	K	N	Q	S	T	A	V	L	I	F	Y	W	H	M	C	P
0	0.12442	0.01003	0.06660	0.00931	0.01226	0.00953	0.00819	0.18207	0.01346	0.22920	0.01636	0.04265	0.03387	0.00760	0.00569	0.00167	0.06017	0.15602	0.00438	0.00652
1	0.05364	0.03002	0.01122	0.01003	0.07819	0.00826	0.00740	0.06581	0.01284	0.36743	0.15138	0.04852	0.03132	0.00706	0.00566	0.00153	0.06159	0.02367	0.00476	0.01966
2	0.20702	0.00822	0.01020	0.06850	0.06514	0.00832	0.02359	0.03330	0.03906	0.28571	0.05246	0.01864	0.07564	0.06434	0.00591	0.00174	0.00419	0.01757	0.00421	0.00624
3	0.03654	0.00967	0.01526	0.25521	0.34980	0.00992	0.01184	0.01468	0.01064	0.11475	0.00996	0.01229	0.00762	0.00453	0.00455	0.00139	0.00534	0.00409	0.00282	0.11909
4	0.73401	0.01069	0.00809	0.00713	0.01011	0.07920	0.00580	0.06886	0.00960	0.02123	0.00706	0.00810	0.00547	0.00457	0.00320	0.00145	0.00423	0.00275	0.00304	0.00542
5	0.01135	0.01087	0.01854	0.16419	0.67109	0.01123	0.01443	0.01425	0.01066	0.01503	0.00891	0.01199	0.00737	0.00435	0.00474	0.00145	0.00580	0.00426	0.00232	0.00719
6	0.00580	0.00424	0.00546	0.00644	0.00688	0.00390	0.00434	0.00668	0.00935	0.01228	0.02892	0.73750	0.12136	0.01464	0.00605	0.00190	0.00273	0.01318	0.00444	0.00390
7	0.00618	0.00484	0.00566	0.00602	0.00724	0.00433	0.00461	0.00761	0.01089	0.01372	0.12265	0.18732	0.43881	0.01257	0.00590	0.00177	0.00283	0.14842	0.00452	0.00413
8	0.02052	0.00962	0.01201	0.00921	0.01294	0.00922	0.00761	0.23853	0.01616	0.58678	0.01677	0.01492	0.01079	0.00587	0.00480	0.00147	0.00440	0.00466	0.00560	0.00813
9	0.00667	0.00488	0.00626	0.00591	0.00708	0.00447	0.00444	0.00884	0.01331	0.01864	0.73582	0.03658	0.10930	0.00997	0.00564	0.00151	0.00227	0.00877	0.00519	0.00447
10	0.00576	0.00484	0.00501	0.00506	0.00659	0.00409	0.00381	0.00703	0.01095	0.01319	0.07964	0.07381	0.71962	0.01214	0.00569	0.00164	0.00248	0.03014	0.00447	0.00406
11	0.76721	0.00911	0.00750	0.00654	0.00959	0.01029	0.00539	0.01513	0.00878	0.11299	0.00808	0.00876	0.00595	0.00461	0.00317	0.00148	0.00374	0.00285	0.00330	0.00552
12	0.01278	0.83490	0.02505	0.00818	0.01227	0.01891	0.00818	0.01431	0.00971	0.01125	0.00664	0.00767	0.00613	0.00409	0.00307	0.00102	0.00511	0.00256	0.00204	0.00613
13	0.00952	0.02283	0.71468	0.10783	0.02211	0.01104	0.01715	0.01480	0.01003	0.01480	0.00857	0.01040	0.00609	0.00457	0.00457	0.00152	0.00698	0.00362	0.00203	0.00686

[dist]
# distance from previous block
# <min> <max>
0	17

[block]
# block no. 1 follows, 53 sequences, length 39
# corresponding to MSA columns:
# 52-71,85-103
name=unknown_B
#
# <colnr> <probs for GDERKNQSTAVLIFYWHMCP>
#	G	D	E	R	K	N	Q	S	T	A	V	L	I	F	Y	W	H	M	C	P
0	0.01278	0.83490	0.02505	0.00818	0.01227	0.01891	0.00818	0.01431	0.00971	0.01125	0.00664	0.00767	0.00613	0.00409	0.00307	0.00102	0.00511	0.00256	0.00204	0.00613
1	0.01189	0.01027	0.01081	0.00973	0.01243	0.01189	0.00757	0.02540	0.79357	0.01999	0.01945	0.01783	0.01459	0.00648	0.00486	0.00162	0.00378	0.00540	0.00486	0.00757
2	0.00864	0.00451	0.00470	0.00465	0.00577	0.00446	0.00349	0.01087	0.01047	0.01799	0.11448	0.02007	0.01639	0.00610	0.00363	0.00116	0.00223	0.00498	0.75094	0.00446
3	0.00961	0.00788	0.00884	0.00808	0.01008	0.00861	0.00621	0.01812	0.44707	0.01963	0.36605	0.02577	0.02814	0.00794	0.00521	0.00157	0.00310	0.00684	0.00504	0.00621
4	0.86579	0.00924	0.00702	0.00629	0.00924	0.01072	0.00518	0.01405	0.00813	0.02144	0.00666	0.00776	0.00518	0.00444	0.00296	0.00148	0.00370	0.00259	0.00296	0.00518
5	0.00695	0.00463	0.00521	0.00521	0.00521	0.00463	0.00290	0.00695	0.00695	0.00927	0.01506	0.03128	0.01738	0.83203	0.02433	0.00463	0.00463	0.00695	0.00290	0.00290
6	0.00583	0.00425	0.00550	0.00645	0.00689	0.00392	0.00436	0.00675	0.00946	0.01248	0.05188	0.72508	0.11051	0.01452	0.00604	0.00189	0.00272	0.01308	0.00446	0.00392
7	0.00582	0.00416	0.00555	0.00666	0.00693	0.00388	0.00444	0.00666	0.00915	0.01220	0.02634	0.82891	0.03161	0.01497	0.00610	0.00194	0.00277	0.01359	0.00444	0.00388
8	0.77924	0.00967	0.00777	0.00677	0.00981	0.01114	0.00558	0.09290	0.00960	0.02233	0.00715	0.00814	0.00548	0.00457	0.00314	0.00147	0.00386	0.00276	0.00314	0.00548
9	0.86579	0.00924	0.00702	0.00629	0.00924	0.01072	0.00518	0.01405	0.00813	0.02144	0.00666	0.00776	0.00518	0.00444	0.00296	0.00148	0.00370	0.00259	0.00296	0.00518
10	0.00599	0.00483	0.00534	0.00526	0.00668	0.00417	0.00392	0.00751	0.01164	0.01479	0.27659	0.06769	0.54583	0.01148	0.00566	0.00159	0.00238	0.00976	0.00469	0.00417
11	0.77957	0.00913	0.00744	0.00651	0.00955	0.01034	0.00537	0.01499	0.00870	0.10151	0.00790	0.00863	0.00586	0.00459	0.00315	0.00148	0.00374	0.00281	0.00326	0.00548
12	0.00959	0.02472	0.80726	0.01362	0.02069	0.01110	0.01766	0.01514	0.01009	0.01514	0.00858	0.01009	0.00605	0.00454	0.00454	0.00151	0.00706	0.00353	0.00202	0.00706
13	0.00657	0.00521	0.00603	0.00631	0.00750	0.00495	0.00463	0.00905	0.09037	0.01393	0.09779	0.30331	0.34310	0.01297	0.02697	0.00190	0.00303	0.04746	0.00450	0.00441
14	0.01723	0.12227	0.01495	0.01181	0.01447	0.71557	0.00911	0.01850	0.01308	0.01164	0.00730	0.00850	0.00615	0.00482	0.00416	0.00121	0.00819	0.00301	0.00241	0.00561
15	0.01344	0.01116	0.01800	0.02575	0.66266	0.03137	0.01337	0.01608	0.01137	0.13474	0.01044	0.01242	0.00818	0.00453	0.00473	0.00142	0.00551	0.00431	0.00290	0.00760
16	0.01433	0.01780	0.10794	0.01578	0.17132	0.36606	0.01149	0.04068	0.01169	0.02708	0.00796	0.01001	0.00661	0.00546	0.00665	0.00148	0.16536	0.00365	0.00245	0.00619
17	0.00903	0.00850	0.01434	0.82054	0.03292	0.01062	0.01327	0.01221	0.00956	0.01221	0.00850	0.01274	0.00637	0.00478	0.00478	0.00159	0.00637	0.00425	0.00212	0.00531
18	0.01070	0.01302	0.11823	0.09059	0.13308	0.01248	0.28163	0.01380	0.00975	0.01393	0.00833	0.01166	0.00678	0.00547	0.00825	0.00171	0.24748	0.00463	0.00224	0.00622
19	0.01065	0.00923	0.01134	0.01031	0.11018	0.00796	0.00713	0.03759	0.11064	0.01659	0.01005	0.01121	0.00813	0.00407	0.00390	0.00094	0.00389	0.00338	0.00309	0.61972
20	0.01785	0.02278	0.01354	0.01231	0.01478	0.81284	0.00924	0.01909	0.01354	0.01170	0.00739	0.00862	0.00616	0.00493	0.00431	0.00123	0.00862	0.00308	0.00246	0.00554
21	0.00693	0.00466	0.00533	0.00529	0.00541	0.00462	0.00306	0.00716	0.00762	0.01028	0.09518	0.03173	0.02021	0.74806	0.02242	0.00431	0.00439	0.00712	0.00314	0.00306
22	0.00652	0.00464	0.00627	0.00732	0.00787	0.00447	0.00548	0.00778	0.00968	0.01278	0.02547	0.52733	0.02955	0.05202	0.00711	0.00215	0.00342	0.27176	0.00435	0.00401
23	0.00676	0.00489	0.00639	0.00601	0.00714	0.00451	0.00451	0.00902	0.01353	0.01917	0.79969	0.03570	0.04510	0.00977	0.00564	0.00150	0.00225	0.00864	0.00526	0.00451
24	0.00676	0.00489	0.00639	0.00601	0.00714	0.00451	0.00451	0.00902	0.01353	0.01917	0.79969	0.03570	0.04510	0.00977	0.00564	0.00150	0.00225	0.00864	0.00526	0.00451
25	0.04790	0.39395	0.30363	0.04789	0.01627	0.06125	0.01183	0.01468	0.00991	0.01316	0.00745	0.00893	0.00608	0.00450	0.00420	0.00130	0.03556	0.00307	0.00210	0.00632
26	0.01193	0.09545	0.01998	0.02718	0.72155	0.01213	0.01401	0.01463	0.01076	0.01517	0.00875	0.01140	0.00742	0.00424	0.00456	0.00138	0.00562	0.00408	0.00233	0.00742
27	0.01420	0.34315	0.15488	0.01078	0.01471	0.31665	0.01020	0.02971	0.04173	0.01274	0.00783	0.00890	0.00649	0.00460	0.00389	0.00122	0.00672	0.00306	0.00235	0.00616
28	0.01218	0.01041	0.01097	0.00979	0.01254	0.01202	0.00764	0.06046	0.75804	0.02046	0.01909	0.01754	0.01429	0.00645	0.00486	0.00161	0.00385	0.00535	0.00486	0.00759
29	0.01630	0.09561	0.01380	0.00966	0.01333	0.03775	0.00801	0.34553	0.13116	0.16156	0.01298	0.01259	0.00934	0.00543	0.00446	0.00134	0.00472	0.00416	0.00441	0.10784
30	0.00699	0.00545	0.00666	0.02380	0.00815	0.00493	0.00472	0.00929	0.03949	0.01670	0.44161	0.10054	0.20707	0.00987	0.00542	0.00149	0.00261	0.00858	0.00468	0.09196
31	0.12967	0.01196	0.01276	0.01025	0.01354	0.07006	0.04096	0.30655	0.13540	0.13756	0.01243	0.01242	0.00897	0.00563	0.00504	0.00148	0.04389	0.00424	0.00426	0.03294
32	0.01032	0.14942	0.60411	0.01238	0.01853	0.01240	0.01515	0.01606	0.09003	0.01503	0.00939	0.01050	0.00694	0.00467	0.00434	0.00145	0.00642	0.00357	0.00231	0.00697
33	0.00582	0.00485	0.00507	0.00502	0.00656	0.00411	0.00376	0.00718	0.01129	0.01385	0.16056	0.04446	0.68754	0.01176	0.00565	0.00160	0.00240	0.00987	0.00456	0.00411
34	0.00966	0.02422	0.77417	0.01390	0.02087	0.01114	0.05025	0.01514	0.01014	0.01514	0.00862	0.01021	0.00611	0.00452	0.00459	0.00152	0.00711	0.00362	0.00204	0.00704
35	0.01075	0.29812	0.51438	0.01235	0.04607	0.01375	0.01435	0.01484	0.00999	0.01384	0.00794	0.00933	0.00614	0.00438	0.00405	0.00134	0.00635	0.00323	0.00204	0.00677
36	0.01261	0.00779	0.00915	0.00789	0.01027	0.00817	0.03317	0.03902	0.29459	0.16697	0.04090	0.01773	0.01372	0.00604	0.00435	0.00140	0.00342	0.00503	0.31133	0.00644
37	0.00691	0.00462	0.00522	0.00526	0.00527	0.00461	0.00295	0.00694	0.00703	0.00937	0.01546	0.05926	0.01788	0.80336	0.02369	0.00454	0.00457	0.00718	0.00295	0.00293
38	0.01088	0.01102	0.04574	0.25041	0.50560	0.02894	0.01383	0.01385	0.01065	0.01470	0.04239	0.01297	0.00874	0.00466	0.00477	0.00147	0.00584	0.00439	0.00241	0.00674

[dist]
# distance from previous block
# <min> <max>
0	28

[block]
# block no. 2 follows, 53 sequences, length 16
# corresponding to MSA columns:
# 134-149
name=unknown_C
#
# <colnr> <probs for GDERKNQSTAVLIFYWHMCP>
#	G	D	E	R	K	N	Q	S	T	A	V	L	I	F	Y	W	H	M	C	P
0	0.08597	0.01073	0.01527	0.23906	0.12798	0.03018	0.09183	0.19241	0.01284	0.03835	0.01036	0.05861	0.00851	0.00564	0.00538	0.00156	0.05106	0.00478	0.00311	0.00637
1	0.00695	0.00463	0.00521	0.00521	0.00521	0.00463	0.00290	0.00695	0.00695	0.00927	0.01506	0.03128	0.01738	0.83203	0.02433	0.00463	0.00463	0.00695	0.00290	0.00290
2	0.00683	0.00527	0.00633	0.00658	0.00763	0.00513	0.00473	0.00976	0.11456	0.01507	0.21924	0.38734	0.16938	0.01206	0.00574	0.00173	0.00272	0.01067	0.00470	0.00455
3	0.11523	0.01173	0.01447	0.04933	0.25188	0.10479	0.05140	0.08957	0.07609	0.13284	0.02611	0.01278	0.00914	0.00507	0.00453	0.00144	0.00536	0.00426	0.02710	0.00689
4	0.00903	0.00850	0.01434	0.82054	0.03292	0.01062	0.01327	0.01221	0.00956	0.01221	0.00850	0.01274	0.00637	0.00478	0.00478	0.00159	0.00637	0.00425	0.00212	0.00531
5	0.04572	0.41032	0.09143	0.01047	0.04568	0.11958	0.02694	0.03171	0.05960	0.10383	0.00936	0.00999	0.00739	0.00465	0.00383	0.00124	0.00559	0.00332	0.00282	0.00653
6	0.01278	0.83490	0.02505	0.00818	0.01227	0.01891	0.00818	0.01431	0.00971	0.01125	0.00664	0.00767	0.00613	0.00409	0.00307	0.00102	0.00511	0.00256	0.00204	0.00613
7	0.00580	0.00485	0.00505	0.00500	0.00655	0.00410	0.00375	0.00715	0.01125	0.01377	0.15100	0.04459	0.69715	0.01179	0.00565	0.00160	0.00240	0.00989	0.00455	0.00410
8	0.29287	0.24061	0.01369	0.00769	0.01126	0.01156	0.00675	0.01777	0.01077	0.32822	0.01147	0.01110	0.00807	0.00492	0.00372	0.00135	0.00424	0.00346	0.00387	0.00661
9	0.00582	0.00489	0.00508	0.00514	0.00670	0.00415	0.00392	0.00714	0.01100	0.01324	0.07616	0.04610	0.72172	0.01208	0.00571	0.00165	0.00254	0.05840	0.00447	0.00408
10	0.00576	0.00482	0.00501	0.00502	0.00654	0.00407	0.00374	0.00705	0.01107	0.01346	0.11622	0.07361	0.70327	0.01200	0.00566	0.00162	0.00242	0.01008	0.00451	0.00407
11	0.00593	0.00423	0.00567	0.00677	0.00710	0.00397	0.00462	0.00684	0.00925	0.01232	0.02629	0.78592	0.03138	0.01488	0.00613	0.00196	0.00286	0.05554	0.00443	0.00391
12	0.00565	0.00484	0.00484	0.00484	0.00646	0.00403	0.00363	0.00686	0.01089	0.01291	0.04842	0.04600	0.80027	0.01210	0.00565	0.00161	0.00242	0.01009	0.00444	0.00403
13	0.04899	0.02065	0.01324	0.01182	0.01445	0.65840	0.00898	0.09922	0.05471	0.01441	0.00841	0.00936	0.00676	0.00507	0.00434	0.00128	0.00784	0.00331	0.00285	0.00590
14	0.01128	0.01289	0.02820	0.02015	0.02498	0.01209	0.78485	0.01531	0.01128	0.01531	0.00967	0.01289	0.00725	0.00403	0.00564	0.00161	0.00806	0.00564	0.00242	0.00645
15	0.01412	0.01462	0.01175	0.01115	0.05294	0.37545	0.00801	0.05994	0.02926	0.06318	0.01048	0.01472	0.00942	0.15337	0.08501	0.00255	0.07138	0.00433	0.00292	0.00540

[dist]
# distance from previous block
# <min> <max>
0	17

[block]
# block no. 3 follows, 53 sequences, length 50
# corresponding to MSA columns:
# 167-216
name=unknown_D
#
# <colnr> <probs for GDERKNQSTAVLIFYWHMCP>
#	G	D	E	R	K	N	Q	S	T	A	V	L	I	F	Y	W	H	M	C	P
0	0.00625	0.00479	0.00553	0.00549	0.00675	0.00428	0.00406	0.00784	0.01148	0.01515	0.30978	0.10315	0.39914	0.02563	0.03247	0.00183	0.00276	0.00941	0.04000	0.00420
1	0.02144	0.00813	0.01109	0.00850	0.01220	0.00702	0.00702	0.02329	0.01368	0.80552	0.01886	0.01627	0.01183	0.00592	0.00481	0.00148	0.00407	0.00481	0.00592	0.00813
2	0.01017	0.17180	0.66526	0.01263	0.01916	0.01252	0.01594	0.01499	0.01002	0.01443	0.00823	0.00965	0.00607	0.00446	0.00427	0.00142	0.00671	0.00335	0.00202	0.00689
3	0.00777	0.00827	0.11602	0.00961	0.01151	0.00640	0.05071	0.01020	0.01048	0.01407	0.03895	0.21394	0.02442	0.01176	0.00630	0.00200	0.01919	0.42967	0.00396	0.00477
4	0.00577	0.00485	0.00501	0.00497	0.00653	0.00409	0.00373	0.00709	0.01118	0.01358	0.12857	0.04490	0.71970	0.01186	0.00565	0.00160	0.00240	0.00993	0.00453	0.00409
5	0.00903	0.00850	0.01434	0.82054	0.03292	0.01062	0.01327	0.01221	0.00956	0.01221	0.00850	0.01274	0.00637	0.00478	0.00478	0.00159	0.00637	0.00425	0.00212	0.00531
6	0.01145	0.01151	0.01378	0.01181	0.01259	0.10035	0.00968	0.05882	0.00907	0.01284	0.00726	0.01084	0.00679	0.00940	0.06616	0.00225	0.58688	0.00406	0.00237	0.05207
7	0.01227	0.00670	0.00834	0.00720	0.00933	0.00639	0.00563	0.07193	0.06052	0.24865	0.31692	0.07996	0.05921	0.00825	0.00513	0.00150	0.00314	0.00706	0.07592	0.00595
8	0.00581	0.00477	0.00512	0.00519	0.00660	0.00408	0.00383	0.00712	0.01105	0.01365	0.14347	0.13037	0.61815	0.01212	0.00570	0.00164	0.00244	0.01028	0.00455	0.00408
9	0.01275	0.71371	0.03673	0.00813	0.01203	0.01705	0.00801	0.01442	0.01022	0.05524	0.06636	0.01027	0.00934	0.00462	0.00338	0.00109	0.00488	0.00315	0.00249	0.00614
10	0.06635	0.01080	0.01267	0.01056	0.04616	0.05231	0.03482	0.23722	0.07367	0.35449	0.04153	0.01451	0.01112	0.00577	0.00473	0.00147	0.00474	0.00463	0.00488	0.00758
11	0.00992	0.00966	0.01361	0.01183	0.01195	0.01335	0.00979	0.01106	0.00737	0.01144	0.00724	0.01169	0.00712	0.01244	0.13405	0.00292	0.70297	0.00432	0.00216	0.00509
12	0.01237	0.06655	0.02852	0.03103	0.02927	0.11622	0.05195	0.02994	0.29191	0.05934	0.03438	0.02813	0.01299	0.00663	0.00559	0.00156	0.06584	0.06613	0.05528	0.00638
13	0.01162	0.05590	0.12945	0.12684	0.11092	0.02158	0.28331	0.07851	0.01179	0.04977	0.03184	0.04670	0.00925	0.00508	0.00503	0.00153	0.00649	0.00507	0.00281	0.00653
14	0.01354	0.01069	0.01133	0.00858	0.01249	0.06854	0.00690	0.18869	0.04021	0.09486	0.01046	0.01105	0.00796	0.00447	0.00404	0.00102	0.00436	0.00346	0.00361	0.49373
15	0.00606	0.00496	0.00537	0.00537	0.00681	0.00436	0.00399	0.00782	0.03693	0.01414	0.17252	0.11755	0.57373	0.01180	0.00566	0.00163	0.00247	0.01002	0.00459	0.00422
16	0.00991	0.00850	0.00991	0.00708	0.01133	0.00637	0.00566	0.01203	0.00991	0.01557	0.00850	0.00991	0.00708	0.00354	0.00354	0.00071	0.00354	0.00283	0.00283	0.86124
17	0.01979	0.00935	0.01167	0.00910	0.01272	0.00901	0.00747	0.16601	0.10006	0.57537	0.01754	0.01554	0.01144	0.00594	0.00481	0.00149	0.00426	0.00478	0.00559	0.00807
18	0.00664	0.00488	0.00622	0.00588	0.00706	0.00446	0.00441	0.00878	0.01324	0.01848	0.71671	0.03684	0.12851	0.01003	0.00564	0.00152	0.00227	0.00880	0.00517	0.00446
19	0.00582	0.00416	0.00555	0.00666	0.00693	0.00388	0.00444	0.00666	0.00915	0.01220	0.02634	0.82891	0.03161	0.01497	0.00610	0.00194	0.00277	0.01359	0.00444	0.00388
20	0.00959	0.02472	0.80726	0.01362	0.02069	0.01110	0.01766	0.01514	0.01009	0.01514	0.00858	0.01009	0.00605	0.00454	0.00454	0.00151	0.00706	0.00353	0.00202	0.00706
21	0.00565	0.00484	0.00484	0.00484	0.00646	0.00403	0.00363	0.00686	0.01089	0.01291	0.04842	0.04600	0.80027	0.01210	0.00565	0.00161	0.00242	0.01009	0.00444	0.00403
22	0.00991	0.00850	0.00991	0.00708	0.01133	0.00637	0.00566	0.01203	0.00991	0.01557	0.00850	0.00991	0.00708	0.00354	0.00354	0.00071	0.00354	0.00283	0.00283	0.86124
23	0.01817	0.01339	0.01434	0.01100	0.01482	0.01482	0.00908	0.78627	0.02247	0.03012	0.01148	0.01148	0.00813	0.00574	0.00478	0.00143	0.00526	0.00430	0.00478	0.00813
24	0.01183	0.01136	0.01940	0.02934	0.80221	0.01136	0.01467	0.01467	0.01088	0.01562	0.00899	0.01183	0.00757	0.00426	0.00473	0.00142	0.00568	0.00426	0.00237	0.00757
25	0.01198	0.54549	0.23625	0.01103	0.06218	0.03629	0.01116	0.01468	0.00998	0.01257	0.00733	0.00860	0.00620	0.00424	0.00360	0.00118	0.00576	0.00294	0.00207	0.00646
26	0.01150	0.01027	0.01445	0.01207	0.01306	0.01314	0.06139	0.10700	0.00989	0.04473	0.00935	0.07205	0.00881	0.00808	0.01224	0.00192	0.55528	0.00503	0.02409	0.00566
27	0.00991	0.00850	0.00991	0.00708	0.01133	0.00637	0.00566	0.01203	0.00991	0.01557	0.00850	0.00991	0.00708	0.00354	0.00354	0.00071	0.00354	0.00283	0.00283	0.86124
28	0.00683	0.00512	0.00768	0.00768	0.00853	0.00597	0.00597	0.00853	0.00768	0.01110	0.01280	0.01878	0.01195	0.03585	0.81308	0.00768	0.01280	0.00512	0.00256	0.00427
29	0.01308	0.78599	0.02435	0.00843	0.01242	0.06672	0.00824	0.01460	0.00994	0.01127	0.00669	0.00772	0.00614	0.00414	0.00314	0.00103	0.00532	0.00259	0.00207	0.00610
30	0.01688	0.00889	0.01129	0.00860	0.01220	0.00810	0.00706	0.08757	0.01287	0.44041	0.01416	0.01350	0.00966	0.00537	0.00523	0.00129	0.06497	0.00412	0.00461	0.26320
31	0.01667	0.01340	0.08859	0.07111	0.01623	0.02770	0.00985	0.49550	0.06980	0.12405	0.01236	0.01241	0.00866	0.00561	0.00476	0.00147	0.00533	0.00434	0.00443	0.00773
32	0.01168	0.01120	0.01912	0.07250	0.76024	0.01132	0.01459	0.01453	0.01081	0.01543	0.00896	0.01188	0.00751	0.00429	0.00473	0.00143	0.00572	0.00426	0.00235	0.00745
33	0.01278	0.83490	0.02505	0.00818	0.01227	0.01891	0.00818	0.01431	0.00971	0.01125	0.00664	0.00767	0.00613	0.00409	0.00307	0.00102	0.00511	0.00256	0.00204	0.00613
34	0.01733	0.01274	0.01366	0.01057	0.01411	0.01406	0.00862	0.72828	0.02132	0.02857	0.01174	0.01295	0.00882	0.06722	0.00624	0.00167	0.00521	0.00450	0.00464	0.00774
35	0.00571	0.00484	0.00493	0.00491	0.00649	0.00406	0.00368	0.00698	0.01104	0.01325	0.08941	0.04544	0.75907	0.01198	0.00565	0.00161	0.00241	0.01001	0.00448	0.00406
36	0.00591	0.00419	0.00552	0.00655	0.00680	0.00394	0.00432	0.00668	0.00899	0.01198	0.02550	0.76955	0.03055	0.07577	0.00746	0.00214	0.00291	0.01309	0.00432	0.00381
37	0.00999	0.00987	0.01484	0.67317	0.11638	0.07039	0.01313	0.01299	0.01000	0.01255	0.00847	0.01234	0.00649	0.00473	0.00474	0.00155	0.00646	0.00416	0.00218	0.00558
38	0.00903	0.00850	0.01434	0.82054	0.03292	0.01062	0.01327	0.01221	0.00956	0.01221	0.00850	0.01274	0.00637	0.00478	0.00478	0.00159	0.00637	0.00425	0.00212	0.00531
39	0.02084	0.00815	0.01103	0.00843	0.01216	0.00699	0.00695	0.02270	0.01348	0.76411	0.01831	0.01594	0.01158	0.00579	0.00474	0.00144	0.00404	0.00470	0.00575	0.05286
40	0.01109	0.01060	0.01806	0.23941	0.59796	0.01116	0.01430	0.01402	0.01053	0.01471	0.00886	0.01207	0.00725	0.00440	0.00474	0.00147	0.00586	0.00426	0.00230	0.00697
41	0.73111	0.01006	0.04958	0.05586	0.01141	0.01079	0.00643	0.01450	0.04346	0.02049	0.00744	0.00864	0.00572	0.00455	0.00324	0.00149	0.00404	0.00286	0.00294	0.00539
42	0.00770	0.00548	0.00738	0.00833	0.00939	0.00551	0.00703	0.01022	0.04571	0.01446	0.02467	0.15455	0.02668	0.01274	0.00629	0.00208	0.00404	0.59405	0.04920	0.00448
43	0.00779	0.04226	0.00670	0.00575	0.00622	0.00583	0.00362	0.04829	0.00830	0.01109	0.06170	0.02917	0.01794	0.68445	0.03877	0.00418	0.00473	0.00668	0.00309	0.00344
44	0.01717	0.01564	0.01297	0.01098	0.01402	0.31415	0.00868	0.28867	0.11083	0.10419	0.01231	0.01358	0.00943	0.00587	0.00470	0.00142	0.00618	0.03828	0.00402	0.00692
45	0.04425	0.00849	0.01042	0.00775	0.01171	0.00700	0.00630	0.03609	0.01174	0.34697	0.01285	0.01254	0.00903	0.00462	0.00408	0.00108	0.00381	0.00369	0.00418	0.45341
46	0.01117	0.29750	0.46597	0.01249	0.05855	0.01392	0.01391	0.04933	0.01056	0.01452	0.00808	0.00942	0.00625	0.00443	0.00406	0.00134	0.00625	0.00327	0.00217	0.00682
47	0.01184	0.59748	0.17511	0.00922	0.01368	0.01639	0.00982	0.01482	0.05105	0.01281	0.04317	0.00992	0.00830	0.00456	0.00356	0.00117	0.00529	0.00317	0.00233	0.00632
48	0.00697	0.00520	0.00615	0.00638	0.00726	0.00497	0.00449	0.00862	0.05628	0.01233	0.02512	0.25198	0.15647	0.26875	0.01158	0.00268	0.00361	0.10844	0.00389	0.04883
49	0.06196	0.01047	0.01328	0.41272	0.07045	0.11219	0.02237	0.01366	0.05423	0.01381	0.06276	0.02914	0.02372	0.00578	0.00562	0.00157	0.07343	0.00465	0.00268	0.00550

[dist]
# distance from previous block
# <min> <max>
0	791

# created by:
# /home/cegg/simao/soft/augustus-3.2.1/scripts/msa2prfl.pl ./align_prep/EOG091G0ZUA.fa
