[name]
unknown

[dist]
# distance from previous block
# <min> <max>
0	43

[block]
# block no. 0 follows, 52 sequences, length 109
# corresponding to MSA columns:
# 66-125,266-314
name=unknown_A
#
# <colnr> <probs for GDERKNQSTAVLIFYWHMCP>
#	G	D	E	R	K	N	Q	S	T	A	V	L	I	F	Y	W	H	M	C	P
0	0.00773	0.00576	0.00745	0.00847	0.06621	0.00551	0.00560	0.06560	0.01132	0.03213	0.11202	0.45775	0.15786	0.01239	0.00584	0.00178	0.00316	0.02420	0.00449	0.00473
1	0.01148	0.01078	0.01801	0.06875	0.67265	0.01093	0.01371	0.01459	0.03484	0.01572	0.02350	0.03009	0.00927	0.01919	0.00516	0.00152	0.00551	0.00468	0.02235	0.00727
2	0.01088	0.01009	0.03375	0.19551	0.34149	0.01024	0.08445	0.01389	0.02446	0.05508	0.05193	0.05367	0.03963	0.00592	0.00546	0.00158	0.03394	0.01863	0.00292	0.00649
3	0.01357	0.01024	0.01113	0.00957	0.01244	0.01142	0.00756	0.16144	0.50742	0.08857	0.07499	0.01810	0.01557	0.00661	0.00493	0.00157	0.00398	0.00544	0.02794	0.00751
4	0.01205	0.01041	0.01096	0.00986	0.01260	0.01205	0.00767	0.02575	0.79071	0.02027	0.01972	0.01808	0.01479	0.00657	0.00493	0.00164	0.00384	0.00548	0.00493	0.00767
5	0.60340	0.01167	0.01001	0.00906	0.03682	0.13497	0.05294	0.01538	0.00965	0.04765	0.00801	0.00986	0.00638	0.00481	0.00359	0.00148	0.00488	0.02089	0.00301	0.00555
6	0.00600	0.00435	0.00590	0.03168	0.00784	0.00415	0.00477	0.00692	0.00929	0.01237	0.02615	0.80153	0.03126	0.01486	0.00614	0.00196	0.00292	0.01349	0.00443	0.00398
7	0.00973	0.00801	0.00919	0.00874	0.03156	0.00871	0.00649	0.01805	0.42428	0.01969	0.35493	0.03603	0.02817	0.00806	0.00528	0.00159	0.00321	0.00697	0.00503	0.00629
8	0.83623	0.00921	0.00707	0.00638	0.00930	0.01065	0.00522	0.01400	0.00828	0.02144	0.00739	0.03429	0.00611	0.00484	0.00310	0.00151	0.00372	0.00298	0.00305	0.00521
9	0.00602	0.00434	0.00576	0.00674	0.00715	0.00408	0.00460	0.00700	0.00951	0.01270	0.05964	0.72118	0.05719	0.01559	0.03517	0.00215	0.00318	0.02955	0.00446	0.00399
10	0.01921	0.00934	0.01173	0.02854	0.04162	0.04672	0.00765	0.06525	0.01366	0.57879	0.01679	0.03992	0.01139	0.00599	0.00494	0.00145	0.01551	0.00484	0.00521	0.07147
11	0.00690	0.00506	0.00651	0.00607	0.00734	0.00461	0.00457	0.00913	0.01348	0.01902	0.73697	0.03589	0.08044	0.00983	0.00565	0.00150	0.00233	0.00865	0.00522	0.03082
12	0.01654	0.02748	0.07568	0.00906	0.01244	0.00948	0.00796	0.21643	0.01499	0.32981	0.05711	0.01565	0.01212	0.00604	0.00500	0.00145	0.03272	0.00472	0.13809	0.00723
13	0.01351	0.04772	0.11499	0.03399	0.21516	0.03125	0.10353	0.06207	0.07997	0.14959	0.03922	0.01366	0.00999	0.00513	0.00496	0.00146	0.01704	0.00457	0.00344	0.04874
14	0.01659	0.05420	0.01400	0.03120	0.05350	0.56015	0.00931	0.03995	0.08510	0.04770	0.00950	0.01059	0.00762	0.00622	0.03247	0.00154	0.00779	0.00358	0.00291	0.00607
15	0.01047	0.00860	0.01009	0.00723	0.01152	0.00648	0.00579	0.01261	0.01019	0.04418	0.00899	0.01028	0.00735	0.00368	0.00364	0.00075	0.00361	0.00294	0.00298	0.82862
16	0.01011	0.00992	0.01471	0.20437	0.05093	0.01319	0.02150	0.01180	0.00829	0.01211	0.00850	0.03220	0.02440	0.00763	0.01221	0.00195	0.54391	0.00465	0.00226	0.00538
17	0.00958	0.01452	0.29004	0.08230	0.07936	0.01073	0.07040	0.01282	0.00959	0.01395	0.05395	0.03549	0.01002	0.00937	0.08538	0.02862	0.17072	0.00474	0.00244	0.00597
18	0.01150	0.01079	0.07961	0.19492	0.10590	0.01065	0.02955	0.06261	0.22212	0.06964	0.09594	0.03110	0.01391	0.00619	0.00536	0.00159	0.03293	0.00528	0.00372	0.00668
19	0.00590	0.00422	0.00562	0.00675	0.00703	0.00394	0.00450	0.00675	0.00928	0.01237	0.02671	0.82653	0.03205	0.01518	0.00619	0.00197	0.00281	0.01378	0.00450	0.00394
20	0.12621	0.02919	0.01219	0.19866	0.08626	0.03976	0.00907	0.11170	0.15967	0.04577	0.05605	0.01584	0.04733	0.00588	0.00459	0.00152	0.00481	0.00477	0.03439	0.00635
21	0.05786	0.03423	0.00827	0.03499	0.00969	0.01837	0.00553	0.06249	0.01224	0.12131	0.14060	0.04419	0.37098	0.00932	0.00545	0.00155	0.02241	0.00764	0.00447	0.02842
22	0.00593	0.00426	0.00566	0.00673	0.00706	0.00400	0.00452	0.00680	0.00928	0.01236	0.02689	0.78557	0.05040	0.01568	0.02780	0.00212	0.00308	0.01346	0.00445	0.00395
23	0.00692	0.00519	0.00779	0.00779	0.00865	0.00606	0.00606	0.00865	0.00779	0.01125	0.01298	0.01904	0.01211	0.03634	0.81049	0.00779	0.01298	0.00519	0.00260	0.00433
24	0.19961	0.07237	0.03730	0.01016	0.01341	0.14273	0.04452	0.13133	0.24383	0.02867	0.02320	0.01241	0.00954	0.00544	0.00431	0.00147	0.00522	0.00409	0.00371	0.00668
25	0.01192	0.01170	0.01925	0.10627	0.67014	0.04037	0.03995	0.01481	0.01101	0.01534	0.00903	0.01200	0.00749	0.00439	0.00482	0.00146	0.00601	0.00432	0.00238	0.00734
26	0.00730	0.00614	0.00637	0.00615	0.00796	0.00594	0.00465	0.01144	0.19096	0.01500	0.06018	0.07180	0.54692	0.01086	0.00551	0.00164	0.00278	0.00911	0.02436	0.00493
27	0.00603	0.00437	0.00571	0.00675	0.00713	0.00411	0.00454	0.00715	0.02561	0.01256	0.02734	0.78258	0.05831	0.01490	0.00614	0.00195	0.00282	0.01348	0.00451	0.00402
28	0.09680	0.07648	0.01416	0.36934	0.04130	0.02425	0.01039	0.12443	0.03266	0.14867	0.01075	0.01247	0.00775	0.00512	0.00452	0.00151	0.00549	0.00412	0.00334	0.00644
29	0.01392	0.00732	0.00918	0.00775	0.01025	0.00696	0.00613	0.05606	0.10633	0.33075	0.28047	0.05284	0.06283	0.00799	0.00523	0.00154	0.00338	0.00679	0.01776	0.00654
30	0.00608	0.00442	0.00573	0.00646	0.00703	0.00408	0.00444	0.00725	0.01032	0.01385	0.18373	0.60082	0.10011	0.01387	0.00605	0.00185	0.00268	0.01246	0.00467	0.00408
31	0.04151	0.03097	0.13303	0.01654	0.05051	0.01259	0.39587	0.18981	0.01379	0.05215	0.01027	0.01217	0.00750	0.00466	0.00515	0.00155	0.00692	0.00486	0.00310	0.00708
32	0.01224	0.01283	0.05897	0.04839	0.44710	0.05985	0.11578	0.05913	0.05832	0.01639	0.02111	0.02551	0.00877	0.00495	0.00525	0.00151	0.02931	0.00468	0.00274	0.00716
33	0.00691	0.00512	0.00662	0.00738	0.00840	0.00492	0.00594	0.00853	0.01044	0.01339	0.03011	0.19093	0.20239	0.05600	0.04143	0.00241	0.00408	0.38648	0.00432	0.00420
34	0.01005	0.00861	0.01005	0.00718	0.01148	0.00646	0.00574	0.01220	0.01005	0.01579	0.00861	0.01005	0.00718	0.00359	0.00359	0.00072	0.00359	0.00287	0.00287	0.85932
35	0.01253	0.03232	0.18254	0.03464	0.21752	0.01936	0.21897	0.03070	0.07603	0.09978	0.01112	0.01276	0.00825	0.00471	0.00497	0.00152	0.00636	0.00463	0.00297	0.01833
36	0.03639	0.37533	0.12920	0.01099	0.04757	0.12319	0.01003	0.08539	0.09834	0.01519	0.00909	0.00997	0.00738	0.00483	0.00412	0.00129	0.01896	0.00338	0.00273	0.00663
37	0.01945	0.00870	0.01134	0.00891	0.01233	0.00822	0.00732	0.13916	0.01452	0.58836	0.01722	0.01605	0.01143	0.00962	0.10173	0.00225	0.00538	0.00483	0.00541	0.00777
38	0.09404	0.00860	0.01053	0.00831	0.01170	0.00809	0.00679	0.10280	0.03511	0.49417	0.08567	0.01770	0.04123	0.00630	0.00475	0.00147	0.00397	0.00506	0.00532	0.04840
39	0.00693	0.00517	0.00768	0.00768	0.00851	0.00600	0.00592	0.00859	0.00776	0.01117	0.01308	0.01958	0.01235	0.07004	0.77712	0.00766	0.01263	0.00527	0.00261	0.00427
40	0.00926	0.00873	0.01474	0.78718	0.06338	0.01080	0.01351	0.01248	0.00974	0.01252	0.00863	0.01288	0.00651	0.00482	0.00484	0.00161	0.00643	0.00431	0.00216	0.00547
41	0.01112	0.01100	0.01937	0.12027	0.46436	0.02519	0.16311	0.01410	0.01096	0.01514	0.02635	0.05858	0.01002	0.00527	0.00511	0.00154	0.00610	0.02301	0.00260	0.00680
42	0.00939	0.00862	0.03265	0.01035	0.02796	0.05607	0.05148	0.03792	0.00910	0.03201	0.01130	0.01601	0.01017	0.02477	0.50086	0.00545	0.14333	0.00485	0.00265	0.00507
43	0.01174	0.01014	0.01066	0.00962	0.01230	0.01166	0.00747	0.02483	0.75244	0.01992	0.02117	0.01948	0.05321	0.00685	0.00497	0.00164	0.00377	0.00571	0.00491	0.00749
44	0.01018	0.02306	0.68406	0.01434	0.02108	0.01131	0.10160	0.01579	0.03141	0.02910	0.00930	0.01086	0.00661	0.00462	0.00474	0.00155	0.00713	0.00389	0.00224	0.00713
45	0.03044	0.01476	0.21214	0.04558	0.07090	0.01104	0.35982	0.04241	0.01159	0.08956	0.01251	0.01434	0.05161	0.00496	0.00519	0.00158	0.00682	0.00512	0.00288	0.00677
46	0.00596	0.00471	0.00531	0.00564	0.00675	0.00414	0.00404	0.00711	0.01050	0.01315	0.09048	0.27892	0.46360	0.05300	0.00681	0.00189	0.00270	0.02679	0.00448	0.00403
47	0.00826	0.00618	0.00729	0.00675	0.00840	0.00611	0.00514	0.01267	0.17170	0.04684	0.47902	0.03362	0.17014	0.00950	0.00553	0.00157	0.00270	0.00821	0.00513	0.00525
48	0.02613	0.01598	0.03848	0.05899	0.24821	0.29537	0.11004	0.06593	0.03253	0.04874	0.00941	0.01124	0.00739	0.00479	0.00475	0.00142	0.00703	0.00408	0.00280	0.00670
49	0.01150	0.16691	0.38327	0.01356	0.04417	0.05563	0.10483	0.04828	0.04955	0.01529	0.02312	0.01103	0.00759	0.00488	0.00498	0.00146	0.04079	0.00390	0.00246	0.00680
50	0.00953	0.00908	0.01558	0.70625	0.11368	0.01090	0.04142	0.01276	0.00989	0.01286	0.00871	0.01283	0.00662	0.00476	0.00487	0.00160	0.00645	0.00436	0.00219	0.00567
51	0.01076	0.00683	0.03233	0.00768	0.00928	0.00627	0.00583	0.06525	0.05648	0.17737	0.03071	0.36603	0.02182	0.13270	0.03322	0.00238	0.00406	0.02117	0.00450	0.00532
52	0.01428	0.14738	0.13830	0.02514	0.12308	0.17562	0.07908	0.07735	0.01222	0.08882	0.00933	0.01078	0.00723	0.00504	0.00532	0.00143	0.06618	0.00386	0.00283	0.00674
53	0.00869	0.00608	0.00762	0.00775	0.03705	0.00588	0.00572	0.02251	0.03730	0.09608	0.14490	0.15579	0.29931	0.01106	0.00627	0.00174	0.04609	0.09058	0.00459	0.00498
54	0.00669	0.00487	0.00630	0.00611	0.00718	0.00447	0.00452	0.00876	0.01307	0.01830	0.67051	0.12882	0.08096	0.01064	0.00577	0.00158	0.00236	0.00942	0.00520	0.00447
55	0.01291	0.05355	0.06646	0.02009	0.32511	0.09567	0.15770	0.04334	0.07549	0.04948	0.01067	0.03124	0.00863	0.00500	0.00512	0.00149	0.02346	0.00467	0.00287	0.00705
56	0.01410	0.01350	0.07077	0.01350	0.07795	0.09839	0.12513	0.18318	0.21628	0.06363	0.03428	0.01430	0.01077	0.00557	0.00490	0.00151	0.00564	0.00481	0.03458	0.00720
57	0.01058	0.01831	0.43702	0.01152	0.01630	0.07062	0.01280	0.01628	0.13591	0.03309	0.05100	0.01568	0.06598	0.00599	0.00522	0.00155	0.04162	0.00466	0.03925	0.00662
58	0.03060	0.01274	0.13429	0.03457	0.13434	0.03883	0.02341	0.06703	0.13910	0.05071	0.01181	0.01273	0.02218	0.00486	0.00441	0.00128	0.00497	0.00403	0.00326	0.26485
59	0.01474	0.49021	0.02059	0.00978	0.01337	0.17301	0.00872	0.13959	0.03374	0.01483	0.00801	0.00897	0.00679	0.00480	0.00415	0.00120	0.03529	0.00312	0.00268	0.00643
60	0.00758	0.03524	0.00721	0.00617	0.00771	0.00533	0.00473	0.00989	0.03323	0.04512	0.54249	0.04801	0.18842	0.00987	0.00553	0.00152	0.00257	0.00854	0.00499	0.02586
61	0.05028	0.01230	0.18088	0.05620	0.08370	0.00909	0.11150	0.02603	0.02350	0.16432	0.07227	0.01610	0.03751	0.02030	0.01603	0.00160	0.00538	0.00489	0.03971	0.06841
62	0.02402	0.01345	0.17265	0.03059	0.34728	0.01064	0.08778	0.03794	0.03956	0.12145	0.01187	0.04063	0.00948	0.00531	0.00494	0.00153	0.00582	0.02467	0.00310	0.00729
63	0.00638	0.00465	0.00567	0.00623	0.00714	0.00418	0.00444	0.00753	0.01035	0.03271	0.08502	0.46183	0.28694	0.01356	0.00599	0.00183	0.00276	0.04402	0.00459	0.00416
64	0.00975	0.02486	0.79133	0.01393	0.02105	0.01127	0.03095	0.01535	0.01025	0.01535	0.00872	0.01028	0.00616	0.00460	0.00462	0.00154	0.00718	0.00362	0.00205	0.00715
65	0.05184	0.17828	0.13562	0.07888	0.20518	0.02891	0.09511	0.01561	0.02141	0.09902	0.01113	0.01263	0.03603	0.00486	0.00448	0.00142	0.00582	0.00420	0.00279	0.00678
66	0.03068	0.04089	0.01985	0.04851	0.54719	0.01136	0.12944	0.01492	0.01100	0.05005	0.01022	0.04542	0.00867	0.00481	0.00490	0.00148	0.00589	0.00484	0.00264	0.00720
67	0.00583	0.00476	0.00515	0.00537	0.00669	0.00408	0.00391	0.00703	0.01081	0.01327	0.08430	0.21511	0.59133	0.01278	0.00583	0.00170	0.00252	0.01092	0.00454	0.00408
68	0.25022	0.04608	0.01387	0.01211	0.04940	0.45766	0.07516	0.01724	0.01177	0.01506	0.00753	0.00899	0.00613	0.00472	0.00408	0.00135	0.00706	0.00324	0.00261	0.00571
69	0.10240	0.02567	0.00984	0.00782	0.01042	0.03312	0.05195	0.16495	0.01301	0.10511	0.01333	0.01448	0.00999	0.00538	0.00396	0.00129	0.00388	0.00426	0.38228	0.03685
70	0.86392	0.00937	0.00712	0.00637	0.00937	0.01087	0.00525	0.01425	0.00825	0.02174	0.00675	0.00787	0.00525	0.00450	0.00300	0.00150	0.00375	0.00262	0.00300	0.00525
71	0.01091	0.01245	0.03874	0.01886	0.02336	0.01154	0.68309	0.01470	0.01126	0.01523	0.01225	0.04028	0.04206	0.00505	0.00591	0.00166	0.02155	0.02215	0.00263	0.00630
72	0.00825	0.00533	0.00635	0.00599	0.00760	0.00469	0.00455	0.00986	0.01202	0.11532	0.27658	0.07425	0.37265	0.04049	0.00635	0.00173	0.00278	0.03558	0.00489	0.00473
73	0.00972	0.02507	0.80458	0.01381	0.02097	0.01125	0.01790	0.01535	0.01023	0.01535	0.00870	0.01023	0.00614	0.00460	0.00460	0.00153	0.00716	0.00358	0.00205	0.00716
74	0.00976	0.02481	0.78767	0.01396	0.02107	0.01128	0.03455	0.01535	0.01026	0.01535	0.00872	0.01029	0.00617	0.00459	0.00463	0.00154	0.00718	0.00363	0.00206	0.00715
75	0.00642	0.00462	0.00610	0.00648	0.00721	0.00429	0.00462	0.00802	0.01152	0.01592	0.40819	0.41600	0.03872	0.01252	0.00597	0.00175	0.00259	0.02988	0.00491	0.00426
76	0.00575	0.00491	0.00494	0.00494	0.00656	0.00410	0.00370	0.00700	0.01110	0.01323	0.06548	0.04641	0.78103	0.01222	0.00573	0.00163	0.00245	0.01020	0.00452	0.00410
77	0.00746	0.03528	0.01726	0.02302	0.00854	0.00545	0.01896	0.00898	0.01089	0.05360	0.20252	0.28374	0.22037	0.03281	0.03544	0.00199	0.01488	0.00985	0.00442	0.00454
78	0.01159	0.01356	0.04518	0.01951	0.02407	0.04127	0.68852	0.01542	0.01124	0.01515	0.00948	0.01270	0.00722	0.00440	0.00627	0.00165	0.05842	0.00548	0.00242	0.00644
79	0.02174	0.00825	0.01125	0.00862	0.01237	0.00712	0.00712	0.02362	0.01387	0.80282	0.01912	0.01649	0.01200	0.00600	0.00487	0.00150	0.00412	0.00487	0.00600	0.00825
80	0.01064	0.05053	0.60311	0.03695	0.10160	0.04056	0.01639	0.03885	0.01073	0.01544	0.00866	0.01040	0.00638	0.00471	0.00484	0.00151	0.02577	0.00367	0.00219	0.00707
81	0.01602	0.04353	0.01401	0.12916	0.07326	0.41368	0.00978	0.06578	0.01307	0.10645	0.00974	0.01133	0.00756	0.01617	0.01350	0.00147	0.01913	0.00377	0.02643	0.00614
82	0.00972	0.02507	0.80458	0.01381	0.02097	0.01125	0.01790	0.01535	0.01023	0.01535	0.00870	0.01023	0.00614	0.00460	0.00460	0.00153	0.00716	0.00358	0.00205	0.00716
83	0.00590	0.00424	0.00560	0.00670	0.00702	0.00394	0.00448	0.00675	0.00933	0.01239	0.02732	0.80537	0.05282	0.01510	0.00617	0.00196	0.00280	0.01368	0.00450	0.00394
84	0.01404	0.01305	0.04108	0.08311	0.04236	0.15465	0.00916	0.26879	0.07346	0.04136	0.06487	0.01818	0.08199	0.00678	0.00536	0.00152	0.03429	0.03544	0.00392	0.00655
85	0.00590	0.00422	0.00562	0.00675	0.00703	0.00394	0.00450	0.00675	0.00928	0.01237	0.02671	0.82653	0.03205	0.01518	0.00619	0.00197	0.00281	0.01378	0.00450	0.00394
86	0.01923	0.00848	0.01101	0.00860	0.01200	0.00780	0.00704	0.12073	0.01501	0.59278	0.12663	0.01861	0.01621	0.00652	0.00499	0.00150	0.00403	0.00535	0.00576	0.00773
87	0.04018	0.01066	0.09928	0.65549	0.03071	0.01091	0.05949	0.01295	0.00980	0.01322	0.00863	0.01246	0.00644	0.00476	0.00480	0.00160	0.00654	0.00425	0.00219	0.00564
88	0.01204	0.04042	0.01919	0.07967	0.64011	0.03955	0.03413	0.01533	0.04412	0.01549	0.00941	0.01208	0.00779	0.00446	0.00476	0.00144	0.00587	0.00430	0.00248	0.00737
89	0.00761	0.00545	0.00747	0.00848	0.00951	0.00541	0.00724	0.00962	0.01083	0.01406	0.02586	0.08581	0.05296	0.06196	0.00771	0.00235	0.00434	0.66462	0.00437	0.00434
90	0.00990	0.00691	0.03670	0.03624	0.03060	0.00619	0.00622	0.07966	0.01167	0.13412	0.06500	0.37677	0.12915	0.03973	0.00629	0.00184	0.00359	0.00966	0.00452	0.00526
91	0.08697	0.09189	0.25734	0.01210	0.04908	0.02551	0.07739	0.06363	0.08745	0.05593	0.07722	0.01451	0.03416	0.00567	0.00509	0.00152	0.04015	0.00457	0.00319	0.00663
92	0.00824	0.00429	0.00631	0.00631	0.00635	0.00434	0.00420	0.00648	0.00644	0.00863	0.00916	0.01622	0.00929	0.07923	0.05766	0.75324	0.00467	0.00447	0.00219	0.00227
93	0.01171	0.01128	0.01942	0.10403	0.70678	0.01146	0.03481	0.01465	0.01092	0.01550	0.00909	0.01211	0.00755	0.00436	0.00483	0.00146	0.00589	0.00435	0.00238	0.00743
94	0.01079	0.00876	0.01023	0.00740	0.01161	0.00683	0.00593	0.04729	0.01075	0.04493	0.00940	0.02241	0.00777	0.00395	0.00373	0.00080	0.00368	0.00317	0.00310	0.77748
95	0.00842	0.00421	0.00631	0.00631	0.00631	0.00421	0.00421	0.00631	0.00631	0.00842	0.00842	0.01473	0.00842	0.01684	0.01894	0.85901	0.00421	0.00421	0.00210	0.00210
96	0.00993	0.02358	0.70829	0.01463	0.02151	0.01138	0.11270	0.01537	0.01038	0.01537	0.00883	0.01058	0.00629	0.00454	0.00474	0.00155	0.00729	0.00385	0.00210	0.00708
97	0.05974	0.00959	0.01141	0.00921	0.05659	0.02747	0.03449	0.05117	0.01078	0.01676	0.00870	0.01019	0.00713	0.00385	0.00378	0.00089	0.00410	0.00312	0.00293	0.66812
98	0.00614	0.00447	0.00588	0.00677	0.00728	0.00408	0.00457	0.00706	0.00932	0.01257	0.02568	0.77986	0.03063	0.01452	0.00604	0.00190	0.00286	0.01315	0.00441	0.05283
99	0.00896	0.00634	0.00791	0.02479	0.00933	0.03189	0.04153	0.01079	0.01207	0.11191	0.25904	0.10674	0.27958	0.01010	0.00555	0.00160	0.00326	0.03145	0.03221	0.00495
100	0.07179	0.02685	0.30899	0.05949	0.09344	0.03874	0.08097	0.05138	0.07229	0.10301	0.03929	0.01286	0.00920	0.00510	0.00470	0.00152	0.00602	0.00430	0.00311	0.00697
101	0.01095	0.08290	0.44260	0.01484	0.12130	0.01108	0.07272	0.01516	0.01081	0.06105	0.05659	0.01240	0.00921	0.00483	0.00462	0.00144	0.00623	0.00411	0.00260	0.05453
102	0.01472	0.00901	0.01064	0.00795	0.01196	0.03476	0.00642	0.01694	0.02519	0.30923	0.01269	0.01255	0.00907	0.00459	0.00412	0.00104	0.00397	0.00367	0.00406	0.49742
103	0.01000	0.00847	0.00985	0.00722	0.01122	0.00660	0.00571	0.02349	0.03115	0.01589	0.01978	0.02601	0.00871	0.03272	0.00445	0.00092	0.00363	0.00338	0.00302	0.76776
104	0.01466	0.04503	0.06770	0.01006	0.05088	0.00889	0.02145	0.09513	0.03666	0.27683	0.02570	0.06431	0.02182	0.00605	0.00487	0.00136	0.02163	0.02015	0.00422	0.20261
105	0.22018	0.12812	0.01403	0.01133	0.05722	0.40444	0.00853	0.02747	0.03361	0.01488	0.00766	0.00895	0.00635	0.00490	0.00432	0.00134	0.03509	0.00312	0.00264	0.00581
106	0.01144	0.01307	0.02859	0.02042	0.02533	0.01225	0.78186	0.01552	0.01144	0.01552	0.00980	0.01307	0.00735	0.00408	0.00572	0.00163	0.00817	0.00572	0.00245	0.00654
107	0.00842	0.00421	0.00631	0.00631	0.00631	0.00421	0.00421	0.00631	0.00631	0.00842	0.00842	0.01473	0.00842	0.01684	0.01894	0.85901	0.00421	0.00421	0.00210	0.00210
108	0.01347	0.09072	0.03623	0.05375	0.41678	0.01213	0.03663	0.08181	0.09466	0.09966	0.01126	0.01271	0.00869	0.00486	0.00469	0.00145	0.00543	0.00436	0.00320	0.00750

[dist]
# distance from previous block
# <min> <max>
0	11

# created by:
# /home/cegg/simao/soft/augustus-3.2.1/scripts/msa2prfl.pl ./align_prep/EOG091G0WPV.fa
