[name]
unknown

[dist]
# distance from previous block
# <min> <max>
2	69

[block]
# block no. 0 follows, 44 sequences, length 56
# corresponding to MSA columns:
# 78-96,98-120,123-136
name=unknown_A
#
# <colnr> <probs for GDERKNQSTAVLIFYWHMCP>
#	G	D	E	R	K	N	Q	S	T	A	V	L	I	F	Y	W	H	M	C	P
0	0.01014	0.07270	0.05393	0.03187	0.01211	0.00872	0.03561	0.05444	0.03240	0.03806	0.09426	0.08472	0.22565	0.10215	0.00862	0.00211	0.02574	0.02286	0.00425	0.07966
1	0.01288	0.06433	0.13746	0.11290	0.05838	0.05189	0.04849	0.12296	0.02518	0.03947	0.11380	0.02025	0.06406	0.00694	0.00543	0.00162	0.00595	0.02524	0.00383	0.07896
2	0.06916	0.01146	0.01183	0.03697	0.04404	0.11541	0.02789	0.09268	0.10676	0.05002	0.20105	0.06684	0.07885	0.00837	0.00559	0.00167	0.00495	0.00698	0.00468	0.05481
3	0.03426	0.14788	0.02565	0.05608	0.02961	0.20594	0.00915	0.07330	0.08363	0.07227	0.04262	0.09886	0.01364	0.00711	0.00502	0.00154	0.00610	0.00556	0.02848	0.05331
4	0.04834	0.10192	0.27714	0.11538	0.02084	0.01289	0.07701	0.05913	0.07477	0.03761	0.02980	0.03697	0.01076	0.05182	0.00647	0.00189	0.00663	0.00511	0.00321	0.02231
5	0.00812	0.03015	0.05074	0.00697	0.00976	0.00616	0.00583	0.01014	0.01238	0.01628	0.12435	0.06509	0.43337	0.01077	0.00579	0.00159	0.00341	0.00901	0.00455	0.18557
6	0.06720	0.14463	0.01476	0.01066	0.03354	0.08041	0.03313	0.08965	0.14013	0.01849	0.06160	0.08910	0.05104	0.07459	0.00740	0.00194	0.02864	0.00632	0.00403	0.04274
7	0.41308	0.08287	0.01243	0.00935	0.01276	0.07773	0.00766	0.20642	0.01427	0.02407	0.01120	0.08517	0.00981	0.00659	0.00439	0.00165	0.00518	0.00468	0.00393	0.00676
8	0.00722	0.00551	0.00670	0.02996	0.00862	0.00519	0.00509	0.00862	0.01147	0.01487	0.14106	0.21102	0.28322	0.13902	0.05470	0.00287	0.00415	0.05146	0.00472	0.00452
9	0.08070	0.00662	0.00811	0.00762	0.00900	0.00654	0.00551	0.04298	0.03610	0.06689	0.04341	0.13492	0.07468	0.03779	0.01294	0.35891	0.00425	0.00697	0.00380	0.05228
10	0.01644	0.03313	0.01367	0.03815	0.03057	0.06124	0.00898	0.16216	0.28011	0.14584	0.01767	0.06014	0.01365	0.00704	0.00535	0.00165	0.00513	0.00573	0.00505	0.08831
11	0.03244	0.00561	0.00659	0.00652	0.00722	0.00558	0.00435	0.00887	0.01010	0.01393	0.15900	0.03677	0.12022	0.43070	0.11047	0.00445	0.00554	0.02351	0.00401	0.00410
12	0.00663	0.00500	0.00607	0.00690	0.00767	0.00451	0.00472	0.00767	0.01096	0.01405	0.03729	0.54788	0.26053	0.04382	0.00753	0.00221	0.00311	0.01401	0.00500	0.00444
13	0.01430	0.01115	0.01619	0.05959	0.09478	0.03119	0.13073	0.15221	0.06979	0.10716	0.06503	0.12837	0.01764	0.00854	0.00628	0.01625	0.00577	0.05322	0.00454	0.00727
14	0.01804	0.06151	0.05335	0.03147	0.10928	0.06489	0.06203	0.40383	0.03832	0.06284	0.01224	0.01316	0.00904	0.00607	0.00571	0.00164	0.02889	0.00482	0.00436	0.00852
15	0.00808	0.00670	0.00722	0.00689	0.00883	0.00641	0.00522	0.01238	0.15421	0.01795	0.22046	0.04363	0.45799	0.01197	0.00627	0.00181	0.00301	0.01011	0.00538	0.00549
16	0.01415	0.54904	0.16185	0.01198	0.01720	0.06895	0.07879	0.01695	0.01160	0.01407	0.00834	0.00985	0.00710	0.00481	0.00416	0.00134	0.00679	0.00347	0.00240	0.00717
17	0.00938	0.00477	0.00704	0.00704	0.00704	0.00477	0.00466	0.00715	0.00715	0.00953	0.00990	0.01763	0.01005	0.06285	0.02167	0.79488	0.00477	0.00491	0.00242	0.00242
18	0.01527	0.01242	0.01522	0.21829	0.05112	0.02776	0.01130	0.31487	0.14607	0.02366	0.01365	0.01596	0.01046	0.00791	0.02753	0.02967	0.02690	0.01996	0.00426	0.00772
19	0.01249	0.36304	0.45895	0.01288	0.01949	0.01647	0.01552	0.01686	0.01133	0.01537	0.00884	0.01033	0.00694	0.00496	0.00446	0.00149	0.00711	0.00355	0.00231	0.00760
20	0.01193	0.01003	0.01198	0.00925	0.03584	0.00814	0.00712	0.03071	0.03056	0.03422	0.01026	0.01181	0.00842	0.00444	0.00465	0.00095	0.03099	0.00349	0.00337	0.73185
21	0.00928	0.00480	0.00691	0.00694	0.00700	0.00479	0.00459	0.00738	0.00742	0.01007	0.01101	0.04037	0.01128	0.08763	0.02086	0.71526	0.00466	0.00533	0.03184	0.00260
22	0.00675	0.00490	0.00640	0.00755	0.00805	0.00455	0.00519	0.00783	0.01074	0.01413	0.03224	0.69425	0.10199	0.01667	0.00695	0.00220	0.00323	0.05685	0.00506	0.00448
23	0.00810	0.00595	0.00708	0.00757	0.03417	0.00526	0.00546	0.00973	0.01257	0.06023	0.10538	0.16322	0.45890	0.01348	0.00653	0.00193	0.00326	0.08093	0.00516	0.00507
24	0.54384	0.00981	0.00934	0.00797	0.01142	0.01047	0.00650	0.01875	0.01129	0.25521	0.01322	0.05976	0.01005	0.00630	0.00424	0.00172	0.00428	0.00448	0.00451	0.00685
25	0.00674	0.00482	0.00642	0.00752	0.00793	0.00449	0.00507	0.00784	0.01090	0.01465	0.09888	0.73392	0.03749	0.01653	0.00691	0.00217	0.00311	0.01498	0.00515	0.00449
26	0.03735	0.00617	0.00765	0.00728	0.00903	0.00556	0.02462	0.01089	0.01269	0.10296	0.17756	0.23119	0.30706	0.02643	0.00672	0.00195	0.00330	0.01102	0.00528	0.00529
27	0.02611	0.00813	0.00970	0.00849	0.01108	0.00791	0.00664	0.05895	0.13096	0.23266	0.16083	0.07966	0.16643	0.03732	0.00673	0.00192	0.00388	0.03000	0.00571	0.00687
28	0.00820	0.00534	0.00609	0.00608	0.00617	0.00531	0.00346	0.00827	0.00817	0.02550	0.01775	0.06468	0.02032	0.76277	0.02653	0.00510	0.00519	0.00817	0.00344	0.00346
29	0.01193	0.01193	0.01670	0.01431	0.01431	0.01670	0.01193	0.01312	0.00835	0.01312	0.00716	0.01193	0.00716	0.00954	0.01789	0.00239	0.79843	0.00477	0.00239	0.00596
30	0.02962	0.00612	0.00736	0.00693	0.00872	0.00551	0.00520	0.01203	0.01321	0.14277	0.24093	0.15793	0.24887	0.03552	0.00678	0.00191	0.00318	0.01002	0.05188	0.00551
31	0.03023	0.00703	0.00838	0.00803	0.00978	0.00696	0.00594	0.02963	0.12699	0.12648	0.13617	0.28818	0.08732	0.05029	0.00714	0.00206	0.00358	0.01008	0.04974	0.00599
32	0.00908	0.00571	0.00623	0.00614	0.00763	0.00556	0.00469	0.01214	0.05572	0.01948	0.17625	0.03285	0.16789	0.00928	0.00514	0.00157	0.00283	0.04808	0.41852	0.00520
33	0.00986	0.00778	0.00877	0.00865	0.01013	0.00837	0.00619	0.03308	0.29729	0.01742	0.04704	0.30057	0.05041	0.15674	0.01013	0.00259	0.00402	0.01003	0.00496	0.00596
34	0.00937	0.00672	0.00802	0.00802	0.00927	0.00673	0.00584	0.07801	0.06771	0.03483	0.10767	0.29686	0.09829	0.15471	0.01033	0.00261	0.00399	0.08082	0.00496	0.00524
35	0.00958	0.00706	0.00835	0.00862	0.01006	0.00735	0.00649	0.01471	0.20938	0.03614	0.02740	0.31189	0.06765	0.05867	0.00762	0.00225	0.00389	0.13792	0.05925	0.00575
36	0.01532	0.01033	0.01153	0.00997	0.01312	0.01107	0.00786	0.06563	0.43445	0.18701	0.05076	0.02331	0.08828	0.00791	0.00558	0.00177	0.00420	0.00654	0.03719	0.00817
37	0.00786	0.00518	0.00638	0.00684	0.00768	0.00488	0.00476	0.00930	0.01134	0.03281	0.13300	0.38975	0.10836	0.08210	0.03484	0.00243	0.00355	0.01150	0.13276	0.00467
38	0.00876	0.00624	0.00786	0.00813	0.00923	0.00621	0.00598	0.03907	0.07135	0.03483	0.19428	0.35190	0.03411	0.07939	0.02423	0.00246	0.00390	0.10170	0.00517	0.00520
39	0.01523	0.01222	0.01292	0.01109	0.01439	0.01389	0.00877	0.21987	0.52061	0.02569	0.01950	0.01843	0.01452	0.00710	0.00541	0.00176	0.00464	0.00576	0.05962	0.00857
40	0.01103	0.00935	0.01411	0.54465	0.02877	0.01115	0.01223	0.09362	0.01226	0.01628	0.01262	0.03579	0.02286	0.08549	0.00759	0.00211	0.00643	0.00553	0.06212	0.00600
41	0.01581	0.06658	0.02033	0.15586	0.11864	0.30317	0.14480	0.05926	0.01391	0.01588	0.00952	0.01217	0.00762	0.00541	0.00563	0.00161	0.02951	0.00451	0.00282	0.00695
42	0.01207	0.01064	0.01429	0.17524	0.01815	0.02873	0.01076	0.12475	0.01173	0.01637	0.01072	0.01588	0.00954	0.06180	0.15324	0.00345	0.29582	0.00517	0.01553	0.00612
43	0.22935	0.01051	0.01091	0.04574	0.01334	0.05370	0.00776	0.11278	0.06667	0.07586	0.01381	0.01598	0.03003	0.01550	0.21736	0.00355	0.00772	0.00477	0.00389	0.06077
44	0.01559	0.01794	0.01512	0.21844	0.06467	0.40670	0.01154	0.01878	0.07099	0.01445	0.01096	0.03656	0.00921	0.00830	0.05596	0.00206	0.00866	0.00465	0.00299	0.00641
45	0.00834	0.00538	0.00667	0.00687	0.00748	0.00510	0.00451	0.00926	0.01062	0.05679	0.15228	0.30070	0.04805	0.33565	0.01519	0.00333	0.00399	0.01081	0.00461	0.00437
46	0.01246	0.01406	0.03049	0.02198	0.02716	0.01318	0.70593	0.01682	0.01271	0.01723	0.01226	0.06601	0.01008	0.00541	0.00647	0.00186	0.00880	0.00702	0.00291	0.00716
47	0.03342	0.00694	0.00806	0.00730	0.00954	0.00640	0.00573	0.06063	0.01432	0.14606	0.19705	0.05771	0.34126	0.01129	0.00614	0.00180	0.00341	0.04980	0.02727	0.00587
48	0.19102	0.00698	0.00740	0.00692	0.00887	0.00693	0.00520	0.01294	0.01164	0.12053	0.11949	0.10783	0.15016	0.12113	0.00845	0.00225	0.00372	0.02108	0.08205	0.00544
49	0.00843	0.00725	0.01003	0.00975	0.01026	0.00846	0.02348	0.00960	0.00990	0.01367	0.02399	0.41551	0.09492	0.03680	0.05474	0.00267	0.24053	0.01098	0.00405	0.00496
50	0.00782	0.00524	0.00598	0.00609	0.00612	0.00521	0.00346	0.00790	0.00815	0.01087	0.01831	0.10330	0.02125	0.73883	0.02592	0.00502	0.00510	0.00859	0.00346	0.00340
51	0.00843	0.00569	0.00703	0.00748	0.00824	0.00549	0.00511	0.05023	0.01128	0.04068	0.04816	0.49317	0.06639	0.16816	0.01072	0.00271	0.00376	0.02601	0.02657	0.00470
52	0.00974	0.00678	0.00752	0.00708	0.00885	0.00667	0.00535	0.05784	0.09228	0.04236	0.17546	0.07070	0.23655	0.06352	0.00722	0.00195	0.00334	0.02699	0.16423	0.00557
53	0.00758	0.00523	0.00697	0.00804	0.00875	0.00492	0.00586	0.00891	0.01113	0.03604	0.03099	0.58587	0.07612	0.01618	0.00701	0.00224	0.00357	0.16479	0.00510	0.00470
54	0.06200	0.00551	0.00687	0.00742	0.00835	0.00528	0.00529	0.00947	0.01191	0.03310	0.22347	0.48391	0.04867	0.01420	0.00651	0.00202	0.00315	0.03751	0.02051	0.00485
55	0.09851	0.00680	0.00803	0.00814	0.02326	0.00667	0.00581	0.05676	0.01244	0.09526	0.10035	0.38116	0.10411	0.04047	0.00686	0.00206	0.00362	0.01085	0.02332	0.00552

[dist]
# distance from previous block
# <min> <max>
0	9

[block]
# block no. 1 follows, 44 sequences, length 60
# corresponding to MSA columns:
# 146-154,158-208
name=unknown_B
#
# <colnr> <probs for GDERKNQSTAVLIFYWHMCP>
#	G	D	E	R	K	N	Q	S	T	A	V	L	I	F	Y	W	H	M	C	P
0	0.00980	0.00630	0.00809	0.00839	0.00958	0.00609	0.00615	0.07615	0.01284	0.08626	0.08635	0.53407	0.03242	0.01455	0.00670	0.00210	0.00367	0.07976	0.00532	0.00541
1	0.00890	0.00585	0.00758	0.02582	0.00902	0.00546	0.00541	0.01143	0.01492	0.06524	0.62586	0.03759	0.06945	0.01046	0.00614	0.00168	0.00281	0.00916	0.07183	0.00538
2	0.00856	0.00605	0.00856	0.00840	0.00941	0.00684	0.00639	0.02795	0.00930	0.02993	0.01515	0.02289	0.01430	0.13371	0.63005	0.00775	0.01261	0.00605	0.03123	0.00488
3	0.05899	0.00703	0.00776	0.00699	0.00832	0.00716	0.00482	0.09037	0.01145	0.09647	0.03492	0.02753	0.01704	0.44112	0.01717	0.00356	0.00471	0.00664	0.14289	0.00505
4	0.08749	0.01236	0.01409	0.01092	0.01512	0.01282	0.00901	0.38280	0.03605	0.33840	0.01630	0.01515	0.01090	0.00653	0.00530	0.00167	0.00526	0.00502	0.00582	0.00899
5	0.01175	0.02672	0.70694	0.01549	0.02323	0.01265	0.04361	0.03815	0.01209	0.04487	0.01033	0.01191	0.00725	0.00525	0.00524	0.00173	0.00792	0.00418	0.00256	0.00811
6	0.01547	0.01385	0.01336	0.01154	0.01428	0.18132	0.02235	0.24498	0.07223	0.03892	0.01345	0.01604	0.01096	0.01857	0.28275	0.00414	0.00979	0.00507	0.00397	0.00698
7	0.00658	0.00540	0.00580	0.00598	0.00752	0.00462	0.00438	0.00798	0.01233	0.01517	0.10896	0.17815	0.58995	0.01414	0.00653	0.00189	0.00281	0.01204	0.00514	0.00462
8	0.02037	0.02598	0.01545	0.01404	0.01685	0.78652	0.01053	0.02177	0.01545	0.01334	0.00843	0.00983	0.00702	0.00562	0.00492	0.00140	0.00983	0.00351	0.00281	0.00632
9	0.01111	0.02707	0.72156	0.01660	0.05838	0.01271	0.04319	0.01725	0.01159	0.01730	0.00984	0.01170	0.00703	0.00515	0.00523	0.00173	0.00802	0.00414	0.00233	0.00806
10	0.00773	0.00523	0.00669	0.00693	0.00780	0.00488	0.00488	0.00854	0.01117	0.02773	0.17815	0.26447	0.19077	0.05341	0.04985	0.14826	0.00394	0.01063	0.00462	0.00430
11	0.02381	0.00909	0.01231	0.00949	0.01357	0.00788	0.00782	0.02594	0.01542	0.74385	0.02134	0.01864	0.01352	0.00673	0.00541	0.00167	0.00454	0.00546	0.04442	0.00909
12	0.02420	0.00970	0.01291	0.00990	0.01413	0.00863	0.00818	0.07747	0.01630	0.72628	0.02092	0.01817	0.01320	0.00673	0.00548	0.00168	0.00473	0.00544	0.00666	0.00928
13	0.01438	0.01301	0.06902	0.07722	0.10016	0.10339	0.05135	0.06596	0.07313	0.12440	0.04234	0.05344	0.02888	0.00837	0.00594	0.00186	0.00615	0.14955	0.00432	0.00713
14	0.01920	0.02405	0.01561	0.03374	0.01710	0.68352	0.01080	0.02063	0.01456	0.01333	0.00832	0.01018	0.00704	0.00604	0.00634	0.00152	0.09531	0.00368	0.00275	0.00627
15	0.01015	0.00569	0.00799	0.00768	0.00813	0.00593	0.00537	0.06668	0.00876	0.01179	0.01044	0.01718	0.01009	0.03585	0.09993	0.67164	0.00587	0.00493	0.00269	0.00319
16	0.01332	0.01280	0.01794	0.32169	0.16698	0.08991	0.06143	0.08534	0.01306	0.02761	0.01103	0.01607	0.00913	0.00634	0.00678	0.00181	0.08456	0.04424	0.00302	0.00693
17	0.00971	0.00763	0.01062	0.01028	0.03828	0.00756	0.06563	0.12124	0.01374	0.01848	0.12614	0.39400	0.08182	0.02472	0.02851	0.00221	0.00446	0.02442	0.00489	0.00565
18	0.00791	0.00534	0.00612	0.00616	0.00629	0.00535	0.00362	0.00809	0.00824	0.01095	0.01860	0.03652	0.04259	0.73363	0.05200	0.00521	0.00551	0.03102	0.00340	0.00345
19	0.01937	0.01385	0.01509	0.01189	0.01584	0.01517	0.00969	0.60675	0.07146	0.07618	0.01552	0.07655	0.01212	0.00745	0.00558	0.00170	0.00559	0.00586	0.00551	0.00885
20	0.01315	0.01218	0.01881	0.32784	0.36662	0.03092	0.01505	0.09260	0.03703	0.01806	0.01066	0.01399	0.00838	0.00536	0.00542	0.00170	0.00675	0.00487	0.00297	0.00764
21	0.01084	0.01338	0.12998	0.01614	0.01986	0.01142	0.32606	0.01430	0.01101	0.01545	0.01298	0.04490	0.01175	0.07626	0.14220	0.00338	0.09148	0.03935	0.00290	0.00636
22	0.01287	0.01471	0.03217	0.02298	0.02849	0.01379	0.75460	0.01746	0.01287	0.01746	0.01103	0.01471	0.00827	0.00460	0.00643	0.00184	0.00919	0.00643	0.00276	0.00735
23	0.00779	0.00584	0.00876	0.00876	0.00974	0.00681	0.00681	0.00974	0.00876	0.01266	0.01460	0.02142	0.01363	0.04089	0.78680	0.00876	0.01460	0.00584	0.00292	0.00487
24	0.00793	0.00529	0.00595	0.00595	0.00595	0.00529	0.00330	0.00793	0.00793	0.01057	0.01718	0.03568	0.01982	0.80840	0.02775	0.00529	0.00529	0.00793	0.00330	0.00330
25	0.01458	0.81168	0.02857	0.00933	0.01399	0.02157	0.00933	0.01632	0.01108	0.01283	0.00758	0.00875	0.00700	0.00466	0.00350	0.00117	0.00583	0.00292	0.00233	0.00700
26	0.02028	0.04112	0.01722	0.01278	0.01716	0.02939	0.03270	0.69829	0.02462	0.03282	0.01277	0.01294	0.00913	0.00641	0.00541	0.00162	0.00615	0.00487	0.00523	0.00909
27	0.04331	0.06720	0.01906	0.13607	0.23567	0.20001	0.06418	0.07670	0.07333	0.01773	0.01069	0.01290	0.00850	0.00544	0.00519	0.00160	0.00726	0.00456	0.00313	0.00746
28	0.84691	0.01054	0.00801	0.00717	0.01054	0.01223	0.00590	0.01603	0.00928	0.02446	0.00759	0.00886	0.00590	0.00506	0.00337	0.00169	0.00422	0.00295	0.00337	0.00590
29	0.00777	0.00554	0.00753	0.00861	0.00942	0.00537	0.00673	0.00953	0.01172	0.01554	0.08773	0.37285	0.03453	0.04388	0.00792	0.00242	0.00405	0.34910	0.00505	0.00472
30	0.00793	0.00529	0.00595	0.00595	0.00595	0.00529	0.00330	0.00793	0.00793	0.01057	0.01718	0.03568	0.01982	0.80840	0.02775	0.00529	0.00529	0.00793	0.00330	0.00330
31	0.00654	0.00551	0.00555	0.00555	0.00727	0.00465	0.00409	0.00783	0.01214	0.01446	0.05278	0.05138	0.72370	0.06502	0.00782	0.00206	0.00292	0.01128	0.00495	0.00452
32	0.02072	0.01527	0.01636	0.01254	0.01691	0.01691	0.01036	0.75622	0.02563	0.03436	0.01309	0.01309	0.00927	0.00654	0.00545	0.00164	0.00600	0.00491	0.00545	0.00927
33	0.00790	0.00615	0.00731	0.00770	0.00888	0.00607	0.00550	0.01155	0.13615	0.01667	0.13916	0.43174	0.16643	0.01405	0.00656	0.00202	0.00320	0.01244	0.00528	0.00526
34	0.00758	0.00557	0.00709	0.00671	0.00806	0.00508	0.00503	0.01002	0.01510	0.02108	0.69329	0.04201	0.13015	0.01144	0.00643	0.00173	0.00259	0.01004	0.00590	0.00508
35	0.00776	0.00533	0.00653	0.00667	0.00689	0.00548	0.00418	0.00824	0.00837	0.01135	0.01812	0.11913	0.02045	0.57218	0.17134	0.00561	0.00684	0.00838	0.00343	0.00373
36	0.02051	0.01507	0.01614	0.01239	0.01670	0.01667	0.01023	0.74132	0.02535	0.03408	0.01318	0.01323	0.00937	0.00654	0.00542	0.00163	0.00593	0.00491	0.02215	0.00919
37	0.01151	0.00714	0.00863	0.00782	0.01001	0.00674	0.00607	0.03528	0.09082	0.16339	0.27985	0.08242	0.21894	0.01097	0.00621	0.00181	0.00341	0.03701	0.00575	0.00622
38	0.01130	0.00969	0.01130	0.00807	0.01292	0.00727	0.00646	0.01373	0.01130	0.01776	0.00969	0.01130	0.00807	0.00404	0.00404	0.00081	0.00404	0.00323	0.00323	0.84173
39	0.00672	0.00522	0.00613	0.00671	0.00783	0.00464	0.00482	0.00804	0.01176	0.01491	0.08925	0.37917	0.37220	0.01511	0.00672	0.00203	0.00303	0.04602	0.00512	0.00458
40	0.00664	0.00474	0.00633	0.00759	0.00791	0.00443	0.00506	0.00759	0.01044	0.01392	0.03005	0.80485	0.03606	0.01708	0.00696	0.00221	0.00316	0.01550	0.00506	0.00443
41	0.00760	0.00542	0.00689	0.00766	0.00824	0.00524	0.00525	0.04186	0.01119	0.01494	0.06488	0.58286	0.04432	0.11798	0.00956	0.00257	0.00362	0.05044	0.00490	0.00457
42	0.01962	0.02616	0.07597	0.01416	0.01739	0.72527	0.01129	0.02141	0.01514	0.01365	0.00853	0.00996	0.00701	0.00558	0.00494	0.00143	0.00969	0.00355	0.00277	0.00646
43	0.01236	0.00653	0.00702	0.00649	0.00838	0.00664	0.00500	0.01669	0.11939	0.11166	0.01886	0.02011	0.01430	0.00655	0.00426	0.00140	0.00305	0.00528	0.61993	0.00609
44	0.00797	0.00581	0.00759	0.00847	0.00951	0.00564	0.00675	0.01001	0.02460	0.01554	0.07287	0.22907	0.11746	0.07783	0.00878	0.00253	0.00420	0.37565	0.00496	0.00477
45	0.03349	0.00552	0.00632	0.00654	0.00783	0.00502	0.00475	0.00871	0.01231	0.01630	0.20826	0.22420	0.34609	0.05600	0.00763	0.00210	0.00307	0.03603	0.00513	0.00467
46	0.00742	0.00573	0.00694	0.00761	0.00902	0.00526	0.00613	0.00920	0.01223	0.01527	0.04144	0.14960	0.38105	0.01472	0.00695	0.00216	0.00372	0.30577	0.00505	0.00475
47	0.00745	0.00547	0.00699	0.00691	0.00812	0.00501	0.00513	0.00965	0.01429	0.01974	0.56106	0.15241	0.13080	0.01242	0.00654	0.00182	0.00275	0.03274	0.00573	0.00498
48	0.24313	0.00795	0.00849	0.00742	0.01023	0.00775	0.00594	0.01563	0.01290	0.22511	0.14665	0.02961	0.22374	0.00909	0.00536	0.00175	0.00369	0.02403	0.00520	0.00632
49	0.01464	0.01122	0.01334	0.06169	0.01548	0.06256	0.05348	0.22787	0.04454	0.07947	0.08972	0.07381	0.01875	0.00874	0.00618	0.00182	0.02747	0.11136	0.07085	0.00699
50	0.00913	0.00479	0.00705	0.00713	0.00723	0.00474	0.00479	0.00735	0.00790	0.01062	0.06021	0.08052	0.01428	0.01829	0.01921	0.72085	0.00447	0.00592	0.00281	0.00271
51	0.00720	0.00513	0.00667	0.00728	0.00791	0.00483	0.00505	0.00859	0.01174	0.01597	0.24277	0.44678	0.05299	0.10388	0.00915	0.00242	0.00331	0.04864	0.00513	0.00454
52	0.01003	0.00701	0.00958	0.05385	0.01144	0.00775	0.00704	0.10731	0.01161	0.01615	0.10723	0.02125	0.01649	0.02526	0.36143	0.18897	0.00919	0.00591	0.01750	0.00500
53	0.01316	0.01476	0.08217	0.14802	0.09785	0.08284	0.28911	0.01756	0.05173	0.04181	0.01204	0.01618	0.00956	0.00556	0.00575	0.00172	0.00765	0.03842	0.00307	0.06102
54	0.01818	0.01367	0.01474	0.01174	0.01575	0.01500	0.00953	0.47239	0.23768	0.05647	0.01580	0.01526	0.01147	0.00664	0.00539	0.00165	0.00534	0.00518	0.00538	0.06274
55	0.07218	0.00912	0.01025	0.05105	0.01243	0.00993	0.00717	0.19164	0.12335	0.02174	0.09928	0.15519	0.02055	0.08889	0.00829	0.02976	0.00445	0.00760	0.07078	0.00634
56	0.01455	0.08217	0.07115	0.01624	0.02070	0.08956	0.32053	0.13909	0.04532	0.03444	0.01327	0.08514	0.01120	0.00638	0.00573	0.00172	0.00740	0.00621	0.02183	0.00736
57	0.00817	0.00594	0.00727	0.00769	0.00888	0.00570	0.00560	0.01098	0.08671	0.04184	0.12968	0.41620	0.16972	0.01427	0.00664	0.00205	0.00330	0.05892	0.00529	0.00517
58	0.00889	0.00657	0.00918	0.01020	0.01134	0.00686	0.00882	0.01125	0.01218	0.01600	0.02752	0.09196	0.03003	0.01480	0.00817	0.00249	0.05607	0.65776	0.00485	0.00505
59	0.01231	0.01004	0.01258	0.02524	0.02924	0.01072	0.06689	0.05204	0.37209	0.05862	0.12973	0.04608	0.11105	0.00878	0.00593	0.00184	0.00445	0.02976	0.00525	0.00736

[dist]
# distance from previous block
# <min> <max>
0	16

[block]
# block no. 2 follows, 44 sequences, length 17
# corresponding to MSA columns:
# 225-241
name=unknown_C
#
# <colnr> <probs for GDERKNQSTAVLIFYWHMCP>
#	G	D	E	R	K	N	Q	S	T	A	V	L	I	F	Y	W	H	M	C	P
0	0.07504	0.10829	0.17488	0.11045	0.16520	0.07929	0.07660	0.06558	0.06147	0.01814	0.01046	0.01254	0.00812	0.00530	0.00505	0.00163	0.00699	0.00443	0.00297	0.00756
1	0.00691	0.00504	0.00651	0.00719	0.00792	0.00464	0.00499	0.00834	0.01198	0.01614	0.23288	0.52507	0.11191	0.01516	0.00677	0.00204	0.00296	0.01359	0.00532	0.00464
2	0.01453	0.01345	0.02063	0.07958	0.61994	0.06949	0.01559	0.01758	0.01275	0.06840	0.01084	0.01363	0.00876	0.00508	0.00537	0.00162	0.00665	0.00480	0.00296	0.00834
3	0.01117	0.01061	0.01547	0.20141	0.09752	0.04212	0.11297	0.03130	0.13899	0.01752	0.08239	0.04539	0.14126	0.00796	0.00590	0.00180	0.00576	0.01987	0.00395	0.00663
4	0.01802	0.00805	0.01065	0.00897	0.01193	0.00724	0.00706	0.05563	0.01477	0.47033	0.09462	0.20729	0.04160	0.00978	0.00594	0.00182	0.00411	0.00839	0.00617	0.00762
5	0.01297	0.01442	0.03056	0.02466	0.14833	0.01365	0.63605	0.01735	0.01279	0.01752	0.01090	0.01451	0.00833	0.00464	0.00627	0.00180	0.00876	0.00618	0.00275	0.00756
6	0.00776	0.00756	0.06625	0.00953	0.01111	0.00606	0.06174	0.00969	0.01124	0.01491	0.02929	0.49167	0.09978	0.01463	0.00684	0.00217	0.00425	0.13583	0.00468	0.00503
7	0.01160	0.01164	0.04659	0.31538	0.36870	0.01201	0.04310	0.01500	0.01152	0.01585	0.01084	0.03293	0.00905	0.00802	0.06299	0.00224	0.00745	0.00520	0.00265	0.00722
8	0.06950	0.02798	0.10851	0.18597	0.08844	0.07004	0.21250	0.05276	0.01264	0.04605	0.01113	0.01394	0.02147	0.00559	0.00616	0.00176	0.05041	0.00506	0.00297	0.00713
9	0.01341	0.01320	0.04056	0.13395	0.21388	0.01322	0.24254	0.13956	0.01441	0.01954	0.01415	0.01677	0.06540	0.00595	0.00615	0.00176	0.02884	0.00583	0.00330	0.00758
10	0.01391	0.00906	0.04997	0.06174	0.07817	0.00777	0.03097	0.01633	0.01340	0.26799	0.10304	0.07408	0.18095	0.01045	0.03542	0.00205	0.00496	0.02777	0.00505	0.00690
11	0.01362	0.01316	0.09537	0.24367	0.21872	0.02787	0.05314	0.08965	0.01352	0.09116	0.01417	0.04563	0.04365	0.00627	0.00555	0.00173	0.00656	0.00559	0.00344	0.00750
12	0.01404	0.08289	0.09789	0.13311	0.27002	0.09718	0.05380	0.05932	0.06845	0.03394	0.01152	0.03328	0.00935	0.00566	0.00528	0.00164	0.00690	0.00493	0.00311	0.00769
13	0.01428	0.07178	0.19644	0.15439	0.02320	0.10688	0.13073	0.08144	0.06891	0.06451	0.01200	0.03030	0.00915	0.00578	0.00539	0.00169	0.00739	0.00498	0.00330	0.00745
14	0.01400	0.06807	0.04860	0.15739	0.21995	0.11647	0.06934	0.05454	0.03235	0.03601	0.01090	0.03510	0.00900	0.00571	0.00574	0.00161	0.03856	0.00486	0.00304	0.06877
15	0.01251	0.01374	0.09799	0.13392	0.21335	0.06016	0.07802	0.06392	0.04369	0.01769	0.01476	0.04487	0.03229	0.00712	0.00593	0.00179	0.01917	0.09515	0.00336	0.04057
16	0.04487	0.01546	0.13895	0.07422	0.18607	0.08299	0.10803	0.08689	0.03507	0.03704	0.01564	0.06769	0.06950	0.00677	0.00557	0.00173	0.00670	0.00600	0.00344	0.00737

[dist]
# distance from previous block
# <min> <max>
0	59

# created by:
# /home/cegg/simao/soft/augustus-3.2.1/scripts/msa2prfl.pl ./align_prep/EOG091G0RKU.fa
