[name]
unknown

[dist]
# distance from previous block
# <min> <max>
2	229

[block]
# block no. 0 follows, 53 sequences, length 7
# corresponding to MSA columns:
# 236-242
name=unknown_A
#
# <colnr> <probs for GDERKNQSTAVLIFYWHMCP>
#	G	D	E	R	K	N	Q	S	T	A	V	L	I	F	Y	W	H	M	C	P
0	0.17209	0.00963	0.03820	0.05843	0.08844	0.00971	0.03352	0.14969	0.01234	0.18081	0.03254	0.01414	0.00989	0.02684	0.14044	0.00258	0.00615	0.00440	0.00372	0.00643
1	0.00609	0.00475	0.00523	0.00526	0.00638	0.00421	0.00371	0.00722	0.01047	0.01323	0.16648	0.10739	0.46523	0.16248	0.00911	0.00218	0.00283	0.00956	0.00429	0.00389
2	0.01146	0.01045	0.01781	0.02134	0.42472	0.01038	0.15107	0.01547	0.09344	0.05296	0.05108	0.01795	0.03761	0.00565	0.00511	0.00154	0.00548	0.05641	0.00315	0.00692
3	0.05182	0.04255	0.05368	0.05560	0.28448	0.06522	0.09883	0.11930	0.06762	0.01769	0.06648	0.01429	0.03072	0.00526	0.00476	0.00146	0.00562	0.00471	0.00313	0.00678
4	0.04830	0.00549	0.00715	0.07538	0.03475	0.00560	0.00574	0.00859	0.00938	0.01287	0.06567	0.22354	0.09895	0.20292	0.03715	0.00268	0.00421	0.14381	0.00373	0.00411
5	0.00608	0.00465	0.00560	0.00597	0.00697	0.00417	0.00434	0.00744	0.01086	0.01413	0.20608	0.32318	0.31487	0.01267	0.00586	0.00174	0.00262	0.05405	0.00462	0.00411
6	0.01050	0.02007	0.50511	0.01635	0.16673	0.06722	0.05918	0.01493	0.01078	0.01526	0.06168	0.01219	0.00903	0.00484	0.00470	0.00148	0.00665	0.00410	0.00236	0.00685

[dist]
# distance from previous block
# <min> <max>
3	4

[block]
# block no. 1 follows, 53 sequences, length 68
# corresponding to MSA columns:
# 247-304,308-317
name=unknown_B
#
# <colnr> <probs for GDERKNQSTAVLIFYWHMCP>
#	G	D	E	R	K	N	Q	S	T	A	V	L	I	F	Y	W	H	M	C	P
0	0.64454	0.04466	0.00939	0.00829	0.03852	0.15961	0.00638	0.01501	0.00930	0.01903	0.00687	0.00806	0.00548	0.00451	0.00328	0.00141	0.00474	0.00274	0.00281	0.00537
1	0.03027	0.00524	0.00603	0.00575	0.00718	0.00484	0.00434	0.00910	0.04806	0.01693	0.46185	0.03796	0.32436	0.01034	0.00553	0.00155	0.00243	0.00887	0.00487	0.00449
2	0.00791	0.01777	0.00947	0.00957	0.05696	0.00768	0.00704	0.01049	0.06577	0.01206	0.01240	0.01740	0.01130	0.02891	0.62301	0.00627	0.08353	0.00497	0.00267	0.00482
3	0.00689	0.00509	0.00646	0.00608	0.00730	0.00476	0.00457	0.00951	0.04289	0.01882	0.72421	0.03566	0.09013	0.00979	0.00561	0.00151	0.00232	0.00861	0.00520	0.00460
4	0.00865	0.00785	0.01076	0.09303	0.21097	0.05306	0.00838	0.01065	0.02735	0.01354	0.05783	0.34106	0.06712	0.01077	0.03807	0.00192	0.02175	0.00854	0.00350	0.00521
5	0.01817	0.01339	0.01434	0.01100	0.01482	0.01482	0.00908	0.78627	0.02247	0.03012	0.01148	0.01148	0.00813	0.00574	0.00478	0.00143	0.00526	0.00430	0.00478	0.00813
6	0.00593	0.00435	0.00557	0.00632	0.00690	0.00399	0.00434	0.00702	0.01000	0.01328	0.13819	0.61342	0.13539	0.01386	0.00598	0.00184	0.00265	0.01243	0.00455	0.00399
7	0.01027	0.07308	0.15857	0.19892	0.27647	0.01095	0.06032	0.01356	0.01040	0.01425	0.01090	0.01722	0.00962	0.00562	0.00490	0.00156	0.00601	0.10850	0.00251	0.00637
8	0.00571	0.00477	0.00492	0.00503	0.00646	0.00404	0.00368	0.00684	0.01058	0.01271	0.04508	0.12191	0.69746	0.04147	0.00636	0.00175	0.00253	0.01032	0.00438	0.00398
9	0.80287	0.00932	0.00730	0.00654	0.00948	0.01081	0.00535	0.01489	0.06600	0.02134	0.00760	0.00851	0.00587	0.00459	0.00310	0.00149	0.00370	0.00280	0.00310	0.00535
10	0.06745	0.11555	0.04167	0.01329	0.13259	0.23640	0.01939	0.13565	0.07117	0.01702	0.06742	0.01222	0.01012	0.00539	0.00478	0.00137	0.03493	0.00402	0.00314	0.00642
11	0.01660	0.03372	0.01345	0.01129	0.01425	0.38905	0.00882	0.25159	0.17899	0.01897	0.01112	0.01138	0.00851	0.00548	0.00454	0.00137	0.00653	0.00392	0.00365	0.00676
12	0.00809	0.00921	0.11015	0.00760	0.00980	0.06541	0.00667	0.01102	0.07017	0.01497	0.20420	0.07848	0.24922	0.05721	0.00647	0.00176	0.00385	0.05919	0.00408	0.02244
13	0.00789	0.00583	0.00717	0.01757	0.03969	0.00552	0.00520	0.01045	0.07871	0.05396	0.21262	0.15397	0.23477	0.07553	0.00699	0.00185	0.00311	0.03730	0.00445	0.03742
14	0.01069	0.08425	0.42363	0.01372	0.03084	0.03578	0.14211	0.02579	0.04462	0.02721	0.01055	0.02904	0.02924	0.00526	0.00551	0.00154	0.06680	0.00435	0.00245	0.00662
15	0.01227	0.70567	0.14982	0.00905	0.01361	0.01767	0.00969	0.01444	0.00977	0.01187	0.00695	0.00805	0.00612	0.00416	0.00330	0.00110	0.00542	0.00271	0.00204	0.00628
16	0.00825	0.00655	0.00830	0.06791	0.03850	0.00690	0.00640	0.01245	0.17586	0.01560	0.21299	0.04714	0.10509	0.09570	0.03827	0.02591	0.00403	0.11498	0.00419	0.00500
17	0.00966	0.02002	0.57496	0.01479	0.11003	0.01043	0.03678	0.02410	0.01023	0.01499	0.01016	0.02632	0.00829	0.01998	0.04771	0.00192	0.00697	0.04360	0.00231	0.00672
18	0.01676	0.04105	0.01342	0.01161	0.01410	0.63020	0.00887	0.09837	0.01423	0.01416	0.06614	0.01093	0.00923	0.00543	0.00470	0.00129	0.02722	0.00363	0.00289	0.00574
19	0.41350	0.01125	0.01080	0.00870	0.01212	0.01260	0.00718	0.39588	0.01544	0.05692	0.00952	0.00994	0.00690	0.00514	0.00393	0.00146	0.00448	0.00352	0.00398	0.00675
20	0.00687	0.00483	0.00625	0.00625	0.00666	0.00512	0.00422	0.00770	0.00776	0.01076	0.07224	0.04318	0.01763	0.44996	0.32446	0.00551	0.00755	0.00651	0.00297	0.00356
21	0.00745	0.00517	0.00595	0.00597	0.00638	0.00518	0.00375	0.06429	0.00878	0.01165	0.01884	0.22216	0.05126	0.54212	0.01776	0.00363	0.00414	0.00848	0.00347	0.00356
22	0.04608	0.00604	0.00839	0.02649	0.10353	0.00599	0.00724	0.00968	0.01062	0.01453	0.08158	0.20618	0.09670	0.01159	0.00592	0.00190	0.00388	0.34485	0.00412	0.00470
23	0.03126	0.09072	0.01456	0.01169	0.01379	0.50797	0.00922	0.01651	0.01149	0.01194	0.00709	0.00900	0.00620	0.00561	0.00684	0.00140	0.20118	0.00328	0.00236	0.03790
24	0.00990	0.00639	0.00792	0.00680	0.00901	0.00562	0.00524	0.03102	0.03244	0.13940	0.34156	0.10582	0.09175	0.00845	0.00509	0.00139	0.00297	0.00730	0.00470	0.17722
25	0.01649	0.06225	0.01338	0.01138	0.01381	0.68235	0.00858	0.01768	0.01273	0.01164	0.00796	0.01029	0.00702	0.06577	0.00569	0.00145	0.00795	0.00333	0.00249	0.03776
26	0.01236	0.25053	0.19836	0.04906	0.17109	0.08175	0.03847	0.05695	0.03943	0.02541	0.01946	0.01061	0.00747	0.00465	0.00436	0.00134	0.01583	0.00366	0.00250	0.00671
27	0.01128	0.01289	0.02820	0.02015	0.02498	0.01209	0.78485	0.01531	0.01128	0.01531	0.00967	0.01289	0.00725	0.00403	0.00564	0.00161	0.00806	0.00564	0.00242	0.00645
28	0.00643	0.00487	0.00593	0.00566	0.00694	0.00437	0.00425	0.00838	0.01274	0.01730	0.57551	0.03877	0.27044	0.01047	0.00564	0.00154	0.00230	0.00907	0.00502	0.00437
29	0.01299	0.17941	0.13928	0.08669	0.15896	0.06472	0.04199	0.06896	0.10826	0.07811	0.01057	0.01171	0.00808	0.00485	0.00441	0.00140	0.00573	0.00397	0.00299	0.00691
30	0.02288	0.04483	0.16912	0.01060	0.01338	0.03803	0.10622	0.01210	0.03856	0.01371	0.03519	0.06787	0.01572	0.11716	0.08185	0.00266	0.02333	0.17846	0.00312	0.00521
31	0.01088	0.00580	0.00771	0.00671	0.00856	0.00522	0.00522	0.01302	0.01357	0.23972	0.58068	0.03025	0.03577	0.00869	0.00540	0.00150	0.00276	0.00757	0.00544	0.00553
32	0.00891	0.00445	0.00445	0.00445	0.00557	0.00445	0.00334	0.01114	0.01002	0.01782	0.01559	0.01782	0.01225	0.00557	0.00334	0.00111	0.00223	0.00445	0.85856	0.00445
33	0.01192	0.16936	0.22912	0.04691	0.17371	0.04658	0.08045	0.06635	0.01119	0.04415	0.00922	0.01123	0.00728	0.00682	0.06399	0.00185	0.00674	0.00390	0.00252	0.00671
34	0.00973	0.04552	0.10222	0.01540	0.09247	0.00969	0.34664	0.01281	0.01075	0.02444	0.02652	0.13587	0.09757	0.00707	0.00543	0.00163	0.00595	0.04139	0.00303	0.00588
35	0.00580	0.00443	0.00530	0.00596	0.00672	0.00397	0.00411	0.00677	0.00979	0.01249	0.04602	0.51573	0.30699	0.03454	0.00639	0.00189	0.00269	0.01209	0.00441	0.00392
36	0.03430	0.01049	0.02529	0.09928	0.14472	0.02777	0.07200	0.15620	0.03365	0.29017	0.01411	0.03651	0.02205	0.00563	0.00485	0.00150	0.00517	0.00487	0.00417	0.00728
37	0.01412	0.05690	0.05460	0.02949	0.28795	0.17753	0.10627	0.08769	0.03863	0.06936	0.00978	0.01145	0.00763	0.00479	0.00490	0.00142	0.02352	0.00414	0.00290	0.00693
38	0.01309	0.78532	0.02434	0.00843	0.01242	0.06738	0.00824	0.01460	0.00995	0.01127	0.00669	0.00773	0.00614	0.00414	0.00314	0.00104	0.00533	0.00259	0.00207	0.00610
39	0.01153	0.01237	0.14916	0.00974	0.03962	0.02393	0.00869	0.12529	0.04680	0.03468	0.02629	0.01124	0.00829	0.00439	0.00408	0.00106	0.00456	0.00350	0.00316	0.47164
40	0.01233	0.03393	0.08866	0.06781	0.33121	0.11936	0.12235	0.01536	0.02518	0.04960	0.01012	0.03686	0.00848	0.00514	0.00525	0.00149	0.03759	0.01996	0.00263	0.00668
41	0.00591	0.00422	0.00562	0.00671	0.00701	0.00395	0.00452	0.00678	0.00918	0.01222	0.02610	0.78702	0.03121	0.02966	0.00645	0.00200	0.00286	0.04030	0.00441	0.00388
42	0.01402	0.01185	0.03930	0.02015	0.32423	0.02227	0.21402	0.09155	0.04134	0.15570	0.01149	0.01298	0.00849	0.00473	0.00498	0.00149	0.00598	0.00473	0.00332	0.00739
43	0.13963	0.09338	0.03514	0.01253	0.07134	0.35582	0.07305	0.05892	0.01208	0.02521	0.00911	0.04309	0.00794	0.00537	0.00448	0.00138	0.01969	0.02320	0.00277	0.00588
44	0.86579	0.00924	0.00702	0.00629	0.00924	0.01072	0.00518	0.01405	0.00813	0.02144	0.00666	0.00776	0.00518	0.00444	0.00296	0.00148	0.00370	0.00259	0.00296	0.00518
45	0.00686	0.00500	0.00709	0.00709	0.00773	0.00565	0.00523	0.00815	0.00751	0.01065	0.01335	0.02179	0.01326	0.22786	0.62286	0.00695	0.01083	0.00556	0.00264	0.00394
46	0.01673	0.02094	0.01426	0.01265	0.01492	0.68740	0.04023	0.01805	0.01272	0.01182	0.00735	0.00900	0.00621	0.00529	0.00570	0.00135	0.10411	0.00331	0.00242	0.00554
47	0.07220	0.00843	0.01099	0.00848	0.01214	0.00759	0.00700	0.05617	0.01373	0.72427	0.01780	0.01555	0.01127	0.00582	0.00469	0.00148	0.00410	0.00465	0.00569	0.00796
48	0.00638	0.00497	0.00590	0.00629	0.00758	0.00450	0.00498	0.00795	0.01103	0.01390	0.11733	0.12153	0.42424	0.01246	0.00597	0.00180	0.00301	0.23149	0.00451	0.00418
49	0.86579	0.00924	0.00702	0.00629	0.00924	0.01072	0.00518	0.01405	0.00813	0.02144	0.00666	0.00776	0.00518	0.00444	0.00296	0.00148	0.00370	0.00259	0.00296	0.00518
50	0.00682	0.00461	0.00522	0.00530	0.00539	0.00455	0.00304	0.00693	0.00727	0.00963	0.01722	0.09063	0.04956	0.73922	0.02224	0.00432	0.00441	0.00756	0.00307	0.00301
51	0.01817	0.01339	0.01434	0.01100	0.01482	0.01482	0.00908	0.78627	0.02247	0.03012	0.01148	0.01148	0.00813	0.00574	0.00478	0.00143	0.00526	0.00430	0.00478	0.00813
52	0.01128	0.01289	0.02820	0.02015	0.02498	0.01209	0.78485	0.01531	0.01128	0.01531	0.00967	0.01289	0.00725	0.00403	0.00564	0.00161	0.00806	0.00564	0.00242	0.00645
53	0.86579	0.00924	0.00702	0.00629	0.00924	0.01072	0.00518	0.01405	0.00813	0.02144	0.00666	0.00776	0.00518	0.00444	0.00296	0.00148	0.00370	0.00259	0.00296	0.00518
54	0.59214	0.00945	0.00860	0.00723	0.01038	0.01043	0.00595	0.11057	0.01093	0.16328	0.00962	0.00996	0.00688	0.00489	0.00352	0.00147	0.00393	0.00324	0.02148	0.00606
55	0.01128	0.01289	0.02820	0.02015	0.02498	0.01209	0.78485	0.01531	0.01128	0.01531	0.00967	0.01289	0.00725	0.00403	0.00564	0.00161	0.00806	0.00564	0.00242	0.00645
56	0.00695	0.00463	0.00521	0.00521	0.00521	0.00463	0.00290	0.00695	0.00695	0.00927	0.01506	0.03128	0.01738	0.83203	0.02433	0.00463	0.00463	0.00695	0.00290	0.00290
57	0.00596	0.00426	0.00570	0.00681	0.00715	0.00400	0.00468	0.00689	0.00929	0.01236	0.02627	0.77181	0.03131	0.01484	0.00614	0.00196	0.00289	0.06932	0.00443	0.00392
58	0.00903	0.00850	0.01434	0.82054	0.03292	0.01062	0.01327	0.01221	0.00956	0.01221	0.00850	0.01274	0.00637	0.00478	0.00478	0.00159	0.00637	0.00425	0.00212	0.00531
59	0.16074	0.00832	0.01042	0.00814	0.01171	0.00763	0.00672	0.02177	0.01277	0.67616	0.01684	0.01487	0.01073	0.00567	0.00450	0.00148	0.00401	0.00444	0.00543	0.00765
60	0.00653	0.00472	0.00616	0.00613	0.00708	0.00436	0.00447	0.00843	0.01247	0.01744	0.60642	0.21745	0.05839	0.01101	0.00574	0.00161	0.00238	0.00981	0.00505	0.00436
61	0.01661	0.00708	0.00936	0.00757	0.01050	0.00614	0.00610	0.01840	0.01313	0.55546	0.13818	0.04755	0.12732	0.00762	0.00509	0.00152	0.00353	0.00637	0.00557	0.00690
62	0.01121	0.01340	0.06131	0.01987	0.02480	0.01205	0.75224	0.01530	0.01123	0.01530	0.00962	0.01277	0.00720	0.00405	0.00559	0.00161	0.00802	0.00555	0.00240	0.00647
63	0.00911	0.00866	0.01486	0.79025	0.03262	0.01067	0.04247	0.01233	0.00962	0.01233	0.00854	0.01275	0.00640	0.00475	0.00481	0.00159	0.00644	0.00430	0.00213	0.00535
64	0.00891	0.00445	0.00445	0.00445	0.00557	0.00445	0.00334	0.01114	0.01002	0.01782	0.01559	0.01782	0.01225	0.00557	0.00334	0.00111	0.00223	0.00445	0.85856	0.00445
65	0.05625	0.10109	0.01206	0.02799	0.02948	0.00879	0.00654	0.06489	0.01066	0.01631	0.00840	0.00976	0.00694	0.00384	0.00360	0.00087	0.00396	0.00295	0.00285	0.62277
66	0.08814	0.09061	0.02906	0.01095	0.03725	0.16658	0.03510	0.22672	0.10554	0.09339	0.02057	0.01187	0.00880	0.00595	0.02066	0.00152	0.01934	0.00401	0.00372	0.02022
67	0.00979	0.00812	0.00944	0.02392	0.01116	0.01958	0.00570	0.01182	0.01035	0.03905	0.06942	0.05163	0.04116	0.00498	0.00397	0.00091	0.00353	0.00413	0.00322	0.66814

[dist]
# distance from previous block
# <min> <max>
0	2

[block]
# block no. 2 follows, 53 sequences, length 24
# corresponding to MSA columns:
# 320-328,336-350
name=unknown_C
#
# <colnr> <probs for GDERKNQSTAVLIFYWHMCP>
#	G	D	E	R	K	N	Q	S	T	A	V	L	I	F	Y	W	H	M	C	P
0	0.04092	0.00939	0.01309	0.05811	0.13754	0.00832	0.06724	0.01337	0.03162	0.03172	0.00906	0.01088	0.00735	0.00402	0.00424	0.00104	0.02097	0.00348	0.00279	0.52485
1	0.00788	0.00547	0.00741	0.00813	0.00937	0.00531	0.00696	0.00998	0.01134	0.04202	0.10473	0.05002	0.10378	0.01250	0.00635	0.00205	0.00398	0.59366	0.00454	0.00451
2	0.02750	0.00902	0.01321	0.10670	0.29678	0.04269	0.03101	0.01218	0.01026	0.04650	0.01676	0.13845	0.09736	0.05093	0.00672	0.00177	0.05099	0.03227	0.00311	0.00577
3	0.01647	0.02013	0.01281	0.01164	0.01408	0.65915	0.00877	0.01953	0.12645	0.01325	0.04614	0.01122	0.00920	0.00538	0.00445	0.00130	0.00762	0.00367	0.00294	0.00579
4	0.00599	0.00426	0.00565	0.00659	0.00687	0.00408	0.00439	0.00680	0.00886	0.01186	0.02447	0.70540	0.02909	0.09129	0.05784	0.00254	0.00357	0.01245	0.00418	0.00382
5	0.00592	0.00498	0.00514	0.00508	0.00667	0.00428	0.00382	0.00754	0.03106	0.01370	0.12012	0.04429	0.70746	0.01174	0.00563	0.00160	0.00244	0.00983	0.00453	0.00417
6	0.01687	0.01274	0.01361	0.01073	0.01433	0.01421	0.00877	0.62853	0.18234	0.02802	0.01313	0.01279	0.00947	0.00589	0.00480	0.00147	0.00495	0.00453	0.00480	0.00801
7	0.00618	0.00454	0.00558	0.00594	0.00666	0.00417	0.00409	0.00734	0.01031	0.01372	0.22536	0.36523	0.18585	0.12262	0.00834	0.00213	0.00282	0.01075	0.00444	0.00394
8	0.86579	0.00924	0.00702	0.00629	0.00924	0.01072	0.00518	0.01405	0.00813	0.02144	0.00666	0.00776	0.00518	0.00444	0.00296	0.00148	0.00370	0.00259	0.00296	0.00518
9	0.83067	0.00942	0.00733	0.00648	0.00947	0.01089	0.00534	0.04604	0.00873	0.02180	0.00685	0.00792	0.00530	0.00449	0.00303	0.00148	0.00376	0.00266	0.00303	0.00530
10	0.01128	0.01289	0.02820	0.02015	0.02498	0.01209	0.78485	0.01531	0.01128	0.01531	0.00967	0.01289	0.00725	0.00403	0.00564	0.00161	0.00806	0.00564	0.00242	0.00645
11	0.01051	0.01063	0.01558	0.01307	0.01341	0.01446	0.06396	0.01177	0.00759	0.01177	0.00651	0.01063	0.00634	0.00807	0.01499	0.00206	0.76695	0.00428	0.00211	0.00531
12	0.01128	0.01289	0.02820	0.02015	0.02498	0.01209	0.78485	0.01531	0.01128	0.01531	0.00967	0.01289	0.00725	0.00403	0.00564	0.00161	0.00806	0.00564	0.00242	0.00645
13	0.86579	0.00924	0.00702	0.00629	0.00924	0.01072	0.00518	0.01405	0.00813	0.02144	0.00666	0.00776	0.00518	0.00444	0.00296	0.00148	0.00370	0.00259	0.00296	0.00518
14	0.00667	0.00488	0.00625	0.00591	0.00708	0.00447	0.00443	0.00883	0.01330	0.01862	0.73434	0.03660	0.11078	0.00997	0.00564	0.00151	0.00227	0.00877	0.00519	0.00447
15	0.00687	0.00497	0.00692	0.00692	0.00751	0.00556	0.00502	0.00804	0.00746	0.01053	0.01350	0.02265	0.01363	0.28250	0.56873	0.00674	0.01027	0.00569	0.00266	0.00384
16	0.86579	0.00924	0.00702	0.00629	0.00924	0.01072	0.00518	0.01405	0.00813	0.02144	0.00666	0.00776	0.00518	0.00444	0.00296	0.00148	0.00370	0.00259	0.00296	0.00518
17	0.00602	0.00428	0.00545	0.00630	0.00660	0.00403	0.00412	0.00672	0.00884	0.01170	0.02542	0.64422	0.06821	0.16314	0.00939	0.00241	0.00309	0.01220	0.00416	0.00371
18	0.00991	0.00850	0.00991	0.00708	0.01133	0.00637	0.00566	0.01203	0.00991	0.01557	0.00850	0.00991	0.00708	0.00354	0.00354	0.00071	0.00354	0.00283	0.00283	0.86124
19	0.01148	0.03152	0.01493	0.33363	0.11806	0.16805	0.01171	0.01367	0.01002	0.01240	0.00827	0.01239	0.00707	0.00581	0.00724	0.00162	0.19760	0.02662	0.00228	0.00561
20	0.00891	0.00445	0.00445	0.00445	0.00557	0.00445	0.00334	0.01114	0.01002	0.01782	0.01559	0.01782	0.01225	0.00557	0.00334	0.00111	0.00223	0.00445	0.85856	0.00445
21	0.10684	0.00873	0.02916	0.00728	0.01084	0.00732	0.00592	0.06953	0.01063	0.03176	0.02739	0.04674	0.03679	0.04307	0.01859	0.00128	0.00389	0.00401	0.00320	0.52703
22	0.41700	0.03074	0.02357	0.00794	0.01084	0.02610	0.00660	0.15168	0.05083	0.07582	0.03256	0.01257	0.03363	0.00810	0.07489	0.00202	0.02168	0.00387	0.00359	0.00596
23	0.03348	0.15551	0.23241	0.00939	0.01317	0.02596	0.00948	0.08660	0.01118	0.01550	0.04385	0.19075	0.03269	0.00729	0.00460	0.00144	0.00483	0.02047	0.00317	0.09825

[dist]
# distance from previous block
# <min> <max>
1	3

[block]
# block no. 3 follows, 53 sequences, length 12
# corresponding to MSA columns:
# 354-363,368,369
name=unknown_D
#
# <colnr> <probs for GDERKNQSTAVLIFYWHMCP>
#	G	D	E	R	K	N	Q	S	T	A	V	L	I	F	Y	W	H	M	C	P
0	0.01152	0.01115	0.05065	0.09191	0.22587	0.01215	0.03001	0.10478	0.12174	0.01653	0.03601	0.01337	0.00951	0.00714	0.03727	0.00187	0.20436	0.00458	0.00300	0.00658
1	0.00723	0.00572	0.00642	0.00631	0.00774	0.00546	0.00460	0.01010	0.13035	0.01376	0.06309	0.18975	0.32770	0.07980	0.00776	0.04791	0.00307	0.02322	0.00419	0.05583
2	0.00891	0.00445	0.00445	0.00445	0.00557	0.00445	0.00334	0.01114	0.01002	0.01782	0.01559	0.01782	0.01225	0.00557	0.00334	0.00111	0.00223	0.00445	0.85856	0.00445
3	0.01384	0.45783	0.14436	0.01031	0.01436	0.26191	0.00999	0.01591	0.01095	0.01200	0.00718	0.00834	0.00613	0.00442	0.00368	0.00116	0.00650	0.00287	0.00217	0.00610
4	0.00767	0.02581	0.00835	0.03986	0.00926	0.00666	0.00604	0.00893	0.03571	0.01098	0.01285	0.09541	0.01277	0.06335	0.41459	0.16613	0.06323	0.00569	0.00269	0.00402
5	0.00661	0.00499	0.00569	0.00578	0.00704	0.00449	0.00425	0.00824	0.03284	0.03395	0.15250	0.17631	0.42445	0.06554	0.00695	0.00188	0.00278	0.04700	0.00451	0.00423
6	0.00940	0.00873	0.01388	0.71477	0.03025	0.01078	0.01253	0.01393	0.11183	0.01323	0.00992	0.01341	0.00744	0.00500	0.00479	0.00160	0.00603	0.00440	0.00248	0.00560
7	0.01077	0.04156	0.10252	0.22131	0.36875	0.02745	0.07750	0.01417	0.02855	0.01442	0.00969	0.04431	0.00812	0.00488	0.00479	0.00150	0.00608	0.00460	0.00240	0.00662
8	0.00787	0.00576	0.00752	0.00810	0.03786	0.00558	0.01897	0.02623	0.07311	0.05062	0.07580	0.39756	0.14600	0.01211	0.00582	0.00181	0.00328	0.10674	0.00448	0.00477
9	0.00581	0.00422	0.00548	0.00649	0.00689	0.00390	0.00436	0.00667	0.00931	0.01226	0.02831	0.75905	0.10019	0.01472	0.00606	0.00191	0.00274	0.01328	0.00444	0.00390
10	0.01553	0.11864	0.01534	0.01313	0.08433	0.50519	0.00956	0.01794	0.07697	0.01266	0.00834	0.00972	0.00699	0.00521	0.00528	0.00133	0.08190	0.00341	0.00257	0.00593
11	0.00991	0.00817	0.01075	0.03450	0.05474	0.04155	0.03947	0.07147	0.05927	0.05030	0.04947	0.08416	0.06239	0.04047	0.25906	0.00363	0.09496	0.01703	0.00336	0.00533

[dist]
# distance from previous block
# <min> <max>
5	7

[block]
# block no. 4 follows, 53 sequences, length 17
# corresponding to MSA columns:
# 377-393
name=unknown_E
#
# <colnr> <probs for GDERKNQSTAVLIFYWHMCP>
#	G	D	E	R	K	N	Q	S	T	A	V	L	I	F	Y	W	H	M	C	P
0	0.00757	0.00505	0.00616	0.00587	0.00727	0.00453	0.00444	0.00940	0.01229	0.07340	0.42635	0.08495	0.25705	0.01034	0.00551	0.00155	0.00251	0.02382	0.04733	0.00459
1	0.01148	0.01222	0.02610	0.01874	0.02335	0.01140	0.70422	0.01525	0.01138	0.05438	0.01221	0.01484	0.05016	0.00456	0.00560	0.00161	0.00756	0.00584	0.00270	0.00640
2	0.04968	0.16627	0.11126	0.02927	0.16046	0.16682	0.02664	0.05773	0.01151	0.01511	0.01010	0.01372	0.00867	0.00527	0.00426	0.00136	0.00582	0.05875	0.09114	0.00616
3	0.04153	0.06164	0.03603	0.09261	0.06249	0.06231	0.00920	0.11772	0.01096	0.04062	0.04853	0.01461	0.01012	0.10107	0.03769	0.00218	0.23759	0.00455	0.00291	0.00566
4	0.00592	0.00435	0.00546	0.00622	0.00676	0.00399	0.00421	0.00686	0.00958	0.01258	0.07816	0.59871	0.15970	0.06498	0.00713	0.00203	0.00280	0.01228	0.00439	0.00389
5	0.00880	0.00568	0.00714	0.00649	0.00806	0.00537	0.00496	0.01187	0.07769	0.10614	0.58510	0.03232	0.08480	0.00912	0.00543	0.00151	0.00259	0.00795	0.02385	0.00513
6	0.01108	0.01226	0.02556	0.01826	0.02301	0.01126	0.67215	0.01484	0.01108	0.01535	0.00950	0.01246	0.00723	0.00396	0.00534	0.00148	0.00740	0.00523	0.00248	0.13008
7	0.02076	0.00829	0.01107	0.00859	0.01222	0.00738	0.00706	0.02344	0.06984	0.74896	0.01890	0.01638	0.01203	0.00596	0.00481	0.00149	0.00405	0.00485	0.00584	0.00809
8	0.01080	0.01814	0.41003	0.01411	0.01950	0.01163	0.19239	0.04141	0.20023	0.01681	0.01155	0.01265	0.00846	0.00493	0.00488	0.00156	0.00644	0.00450	0.00288	0.00708
9	0.00683	0.00512	0.00768	0.00768	0.00853	0.00597	0.00597	0.00853	0.00768	0.01110	0.01280	0.01878	0.01195	0.03585	0.81308	0.00768	0.01280	0.00512	0.00256	0.00427
10	0.00830	0.00415	0.00623	0.00623	0.00623	0.00415	0.00415	0.00623	0.00623	0.00830	0.00830	0.01453	0.00830	0.01660	0.01868	0.86094	0.00415	0.00415	0.00208	0.00208
11	0.01055	0.01074	0.01623	0.01344	0.01400	0.01434	0.10104	0.01195	0.00778	0.01195	0.00667	0.01074	0.00639	0.00786	0.01451	0.00204	0.72791	0.00435	0.00213	0.00537
12	0.01297	0.80378	0.02461	0.00834	0.01236	0.04934	0.00822	0.01449	0.00986	0.01126	0.00667	0.00770	0.00613	0.00412	0.00311	0.00103	0.00525	0.00258	0.00206	0.00611
13	0.00991	0.00850	0.00991	0.00708	0.01133	0.00637	0.00566	0.01203	0.00991	0.01557	0.00850	0.00991	0.00708	0.00354	0.00354	0.00071	0.00354	0.00283	0.00283	0.86124
14	0.00655	0.00528	0.00653	0.03520	0.00842	0.02768	0.01765	0.00785	0.02218	0.01254	0.04404	0.54657	0.15495	0.03625	0.03137	0.00209	0.00349	0.02307	0.00419	0.00411
15	0.01452	0.07787	0.01695	0.01530	0.13764	0.35913	0.10504	0.07161	0.01241	0.01405	0.00859	0.01117	0.00728	0.00625	0.03375	0.00163	0.07948	0.01865	0.00259	0.00610
16	0.00981	0.07212	0.54170	0.09376	0.06954	0.02748	0.01526	0.01427	0.01015	0.01441	0.00997	0.04121	0.00824	0.00536	0.00464	0.00153	0.00652	0.04519	0.00227	0.00658

[dist]
# distance from previous block
# <min> <max>
0	1

[block]
# block no. 5 follows, 53 sequences, length 16
# corresponding to MSA columns:
# 395-410
name=unknown_F
#
# <colnr> <probs for GDERKNQSTAVLIFYWHMCP>
#	G	D	E	R	K	N	Q	S	T	A	V	L	I	F	Y	W	H	M	C	P
0	0.00959	0.04917	0.29874	0.01264	0.10861	0.02937	0.02521	0.03324	0.07745	0.01585	0.12911	0.14694	0.01724	0.00727	0.00499	0.00156	0.00511	0.01845	0.00330	0.00618
1	0.00683	0.00512	0.00768	0.00768	0.00853	0.00597	0.00597	0.00853	0.00768	0.01110	0.01280	0.01878	0.01195	0.03585	0.81308	0.00768	0.01280	0.00512	0.00256	0.00427
2	0.01044	0.00976	0.01652	0.34246	0.35176	0.01073	0.04997	0.01330	0.01034	0.02935	0.03641	0.01410	0.03250	0.00512	0.00540	0.00154	0.04687	0.00465	0.00249	0.00630
3	0.01335	0.02753	0.08697	0.08842	0.25365	0.14851	0.09039	0.09454	0.04022	0.05589	0.01007	0.02817	0.00801	0.00506	0.00505	0.00146	0.02868	0.00436	0.00288	0.00679
4	0.06705	0.01127	0.01471	0.03921	0.28793	0.06691	0.01068	0.14833	0.01198	0.04024	0.00947	0.01208	0.00784	0.00924	0.10693	0.00231	0.14019	0.00419	0.00291	0.00654
5	0.01811	0.01527	0.01418	0.01126	0.01481	0.17500	0.00911	0.63228	0.02068	0.02642	0.01065	0.01090	0.00773	0.00557	0.00469	0.00139	0.00593	0.00406	0.00432	0.00761
6	0.00797	0.00646	0.00764	0.00715	0.00887	0.00638	0.02887	0.06474	0.13477	0.01631	0.16507	0.16308	0.31359	0.01064	0.00557	0.00166	0.00311	0.03849	0.00461	0.00502
7	0.00695	0.00463	0.00521	0.00521	0.00521	0.00463	0.00290	0.00695	0.00695	0.00927	0.01506	0.03128	0.01738	0.83203	0.02433	0.00463	0.00463	0.00695	0.00290	0.00290
8	0.00589	0.00425	0.00559	0.00663	0.00702	0.00395	0.00451	0.00679	0.00933	0.01233	0.02764	0.75144	0.07812	0.01473	0.00609	0.00193	0.00281	0.04260	0.00444	0.00391
9	0.01962	0.00876	0.01128	0.00867	0.01238	0.00794	0.00712	0.09371	0.05331	0.62275	0.01727	0.01533	0.01120	0.00571	0.00469	0.00141	0.00412	0.00461	0.00548	0.08463
10	0.01269	0.72319	0.09935	0.00887	0.01318	0.05164	0.00913	0.01459	0.00991	0.01164	0.00686	0.00794	0.00613	0.00417	0.00326	0.00108	0.00545	0.00267	0.00206	0.00620
11	0.00572	0.00478	0.00498	0.00506	0.00653	0.00404	0.00375	0.00695	0.01087	0.01315	0.08267	0.11573	0.69491	0.01225	0.00569	0.00164	0.00244	0.01033	0.00448	0.00404
12	0.01785	0.02278	0.01354	0.01231	0.01478	0.81284	0.00924	0.01909	0.01354	0.01170	0.00739	0.00862	0.00616	0.00493	0.00431	0.00123	0.00862	0.00308	0.00246	0.00554
13	0.01569	0.01952	0.01837	0.01489	0.01814	0.54899	0.26480	0.01784	0.01280	0.01289	0.00814	0.01003	0.00652	0.00463	0.00475	0.00136	0.00843	0.00392	0.00245	0.00584
14	0.00987	0.09740	0.73710	0.01313	0.01993	0.01180	0.01681	0.01506	0.01006	0.01479	0.00840	0.00987	0.00606	0.00450	0.00441	0.00147	0.00689	0.00344	0.00202	0.00698
15	0.00980	0.03050	0.01329	0.38801	0.11591	0.09846	0.02785	0.01231	0.01077	0.01363	0.12560	0.08806	0.03329	0.00649	0.00496	0.00154	0.00554	0.00571	0.00291	0.00538

[dist]
# distance from previous block
# <min> <max>
1	2

[block]
# block no. 6 follows, 53 sequences, length 55
# corresponding to MSA columns:
# 413-467
name=unknown_G
#
# <colnr> <probs for GDERKNQSTAVLIFYWHMCP>
#	G	D	E	R	K	N	Q	S	T	A	V	L	I	F	Y	W	H	M	C	P
0	0.00725	0.00628	0.00794	0.04222	0.11953	0.02307	0.00598	0.00906	0.01161	0.01504	0.25900	0.06300	0.39232	0.00997	0.00547	0.00156	0.00314	0.00858	0.00425	0.00475
1	0.01785	0.02278	0.01354	0.01231	0.01478	0.81284	0.00924	0.01909	0.01354	0.01170	0.00739	0.00862	0.00616	0.00493	0.00431	0.00123	0.00862	0.00308	0.00246	0.00554
2	0.01104	0.01626	0.33302	0.01622	0.15619	0.01070	0.14346	0.02588	0.08575	0.05202	0.02121	0.01403	0.00906	0.00504	0.00485	0.00151	0.00617	0.03576	0.00281	0.04902
3	0.01223	0.04457	0.04368	0.00962	0.01249	0.01179	0.00787	0.13830	0.52552	0.02026	0.04478	0.02752	0.01454	0.04556	0.00576	0.00172	0.00418	0.01796	0.00453	0.00715
4	0.00683	0.00512	0.00768	0.00768	0.00853	0.00597	0.00597	0.00853	0.00768	0.01110	0.01280	0.01878	0.01195	0.03585	0.81308	0.00768	0.01280	0.00512	0.00256	0.00427
5	0.00984	0.00890	0.01411	0.12817	0.43493	0.00893	0.01094	0.01225	0.01088	0.03434	0.05145	0.02211	0.21991	0.00668	0.00502	0.00150	0.00473	0.00600	0.00309	0.00622
6	0.01122	0.07321	0.25361	0.01847	0.25412	0.04266	0.13549	0.01563	0.07218	0.01509	0.00976	0.02560	0.00783	0.00485	0.00517	0.00150	0.03990	0.00435	0.00247	0.00690
7	0.01667	0.02074	0.01398	0.10764	0.01714	0.68911	0.02697	0.02919	0.01315	0.01210	0.00763	0.00924	0.00623	0.00490	0.00440	0.00129	0.00829	0.00329	0.00246	0.00557
8	0.00585	0.00417	0.00554	0.00662	0.00689	0.00390	0.00440	0.00666	0.00909	0.01212	0.02605	0.80785	0.03124	0.03655	0.00658	0.00201	0.00282	0.01341	0.00440	0.00386
9	0.01074	0.01002	0.01519	0.02867	0.02857	0.07742	0.24724	0.07091	0.02948	0.03532	0.03013	0.10270	0.04046	0.00854	0.00573	0.00177	0.00575	0.24214	0.00364	0.00558
10	0.01304	0.01114	0.01727	0.05171	0.45529	0.04749	0.07876	0.05883	0.03669	0.10754	0.01174	0.05787	0.00977	0.00534	0.00491	0.00149	0.00560	0.01525	0.00313	0.00715
11	0.00582	0.00418	0.00553	0.00661	0.00692	0.00389	0.00442	0.00666	0.00919	0.01222	0.02685	0.81086	0.04933	0.01491	0.00609	0.00193	0.00276	0.01351	0.00444	0.00389
12	0.01206	0.08062	0.25817	0.06632	0.30699	0.12874	0.01391	0.03041	0.03175	0.01475	0.00874	0.01072	0.00692	0.00455	0.00449	0.00141	0.00647	0.00376	0.00235	0.00689
13	0.01396	0.01479	0.01630	0.04908	0.40773	0.26938	0.01196	0.03174	0.06606	0.03187	0.00935	0.01129	0.00762	0.00485	0.00498	0.00140	0.03422	0.00397	0.00268	0.00678
14	0.00679	0.00459	0.00536	0.00559	0.00567	0.00454	0.00333	0.00701	0.00747	0.00994	0.01732	0.16519	0.02013	0.66515	0.02062	0.00409	0.00431	0.03654	0.00321	0.00312
15	0.00671	0.00488	0.00631	0.00595	0.00711	0.00449	0.00447	0.00891	0.01340	0.01885	0.76137	0.03623	0.08361	0.00989	0.00564	0.00151	0.00226	0.00872	0.00522	0.00449
16	0.00709	0.00507	0.00700	0.00811	0.00894	0.00498	0.00664	0.00885	0.01040	0.01362	0.02564	0.30521	0.02884	0.01378	0.00644	0.00212	0.00387	0.52476	0.00441	0.00423
17	0.00669	0.00488	0.00629	0.00594	0.00710	0.00448	0.00445	0.00888	0.01336	0.01877	0.75241	0.03635	0.09262	0.00992	0.00564	0.00151	0.00227	0.00873	0.00521	0.00448
18	0.01085	0.01031	0.01787	0.06219	0.57223	0.01032	0.07878	0.01360	0.01073	0.01506	0.01173	0.07731	0.01101	0.00584	0.00507	0.00155	0.00558	0.07047	0.00269	0.00682
19	0.00695	0.00465	0.00531	0.00531	0.00535	0.00469	0.00302	0.00701	0.00698	0.00934	0.01497	0.03077	0.01716	0.79998	0.05607	0.00476	0.00496	0.00688	0.00288	0.00295
20	0.04908	0.04127	0.14783	0.00940	0.01197	0.13717	0.00829	0.05644	0.09812	0.02537	0.01683	0.33429	0.01739	0.01794	0.00526	0.00166	0.00487	0.00766	0.00362	0.00553
21	0.01450	0.01800	0.10887	0.07811	0.16811	0.37539	0.09253	0.03661	0.01233	0.03890	0.00862	0.01048	0.00678	0.00470	0.00462	0.00138	0.00742	0.00380	0.00253	0.00633
22	0.01268	0.81054	0.04857	0.00834	0.01252	0.01868	0.00846	0.01434	0.00972	0.01136	0.00670	0.00774	0.00613	0.00410	0.00311	0.00104	0.00517	0.00259	0.00204	0.00616
23	0.01416	0.01208	0.04514	0.01107	0.04193	0.01294	0.00881	0.31169	0.44245	0.02346	0.01562	0.01490	0.01155	0.00604	0.00481	0.00154	0.00454	0.00487	0.00463	0.00776
24	0.00689	0.00514	0.00658	0.00706	0.00827	0.00484	0.00579	0.00879	0.01149	0.01499	0.20974	0.07504	0.23235	0.01219	0.00611	0.00188	0.00334	0.37059	0.00461	0.00431
25	0.00676	0.00489	0.00639	0.00601	0.00714	0.00451	0.00451	0.00902	0.01353	0.01917	0.79969	0.03570	0.04510	0.00977	0.00564	0.00150	0.00225	0.00864	0.00526	0.00451
26	0.01116	0.28331	0.17103	0.01380	0.04708	0.01347	0.26641	0.01477	0.03815	0.01423	0.03312	0.03202	0.00881	0.00473	0.00448	0.00139	0.00621	0.00443	0.02504	0.00637
27	0.00991	0.00850	0.00991	0.00708	0.01133	0.00637	0.00566	0.01203	0.00991	0.01557	0.00850	0.00991	0.00708	0.00354	0.00354	0.00071	0.00354	0.00283	0.00283	0.86124
28	0.00903	0.00818	0.01159	0.20669	0.18752	0.03214	0.00913	0.01184	0.04031	0.01510	0.18051	0.04041	0.12708	0.00714	0.00504	0.00148	0.00443	0.02630	0.00343	0.07264
29	0.02424	0.20984	0.42430	0.01117	0.01647	0.04426	0.02926	0.01524	0.01061	0.08872	0.03148	0.01272	0.05171	0.00512	0.00430	0.00139	0.00598	0.00393	0.00265	0.00661
30	0.01641	0.01251	0.01335	0.01064	0.01415	0.01400	0.00866	0.57310	0.23851	0.02728	0.01371	0.01326	0.00994	0.00595	0.00480	0.00149	0.00485	0.00461	0.00480	0.00797
31	0.01090	0.02172	0.60361	0.01416	0.02051	0.01170	0.11827	0.11279	0.01182	0.01706	0.00909	0.01064	0.00648	0.00462	0.00472	0.00152	0.00697	0.00391	0.00242	0.00712
32	0.00828	0.00420	0.00628	0.00632	0.00636	0.00420	0.00428	0.00636	0.00640	0.00853	0.00894	0.01600	0.00902	0.01648	0.01823	0.82888	0.00416	0.03274	0.00216	0.00216
33	0.00695	0.00463	0.00521	0.00521	0.00521	0.00463	0.00290	0.00695	0.00695	0.00927	0.01506	0.03128	0.01738	0.83203	0.02433	0.00463	0.00463	0.00695	0.00290	0.00290
34	0.79848	0.01009	0.04552	0.00707	0.01028	0.01078	0.03024	0.01414	0.00833	0.02095	0.00684	0.00804	0.00528	0.00443	0.00312	0.00148	0.00399	0.00273	0.00290	0.00531
35	0.00697	0.00470	0.00566	0.00566	0.00580	0.00484	0.00345	0.00719	0.00705	0.00954	0.01447	0.02864	0.01617	0.67202	0.15705	0.03229	0.00599	0.00655	0.00281	0.00310
36	0.00678	0.00506	0.00753	0.00758	0.00839	0.00584	0.00584	0.00841	0.00775	0.01112	0.01355	0.06155	0.01308	0.04893	0.75665	0.00733	0.01213	0.00560	0.00267	0.00422
37	0.02169	0.02890	0.04316	0.14698	0.41600	0.01099	0.01234	0.05822	0.06166	0.07837	0.02444	0.01282	0.00872	0.00483	0.00480	0.00144	0.01586	0.00432	0.00296	0.04149
38	0.01172	0.04412	0.10144	0.00861	0.01278	0.00887	0.00773	0.10113	0.09148	0.06962	0.04980	0.01252	0.01001	0.00469	0.00410	0.00108	0.00419	0.00374	0.00346	0.44891
39	0.76964	0.01078	0.00776	0.00697	0.00987	0.10168	0.00564	0.01462	0.00875	0.02034	0.00674	0.00786	0.00529	0.00449	0.00311	0.00145	0.00426	0.00264	0.00290	0.00522
40	0.01191	0.06427	0.02692	0.01868	0.02339	0.01273	0.67559	0.07562	0.01206	0.01622	0.00962	0.01246	0.00725	0.00417	0.00541	0.00156	0.00765	0.00534	0.00258	0.00656
41	0.14134	0.17856	0.03767	0.00874	0.01237	0.03662	0.00763	0.12312	0.04897	0.32116	0.01311	0.03032	0.00941	0.00546	0.00419	0.00139	0.00458	0.00409	0.00423	0.00706
42	0.01134	0.01176	0.07950	0.06882	0.43803	0.02844	0.03968	0.07251	0.05255	0.01688	0.09436	0.01567	0.03849	0.00539	0.00488	0.00147	0.00538	0.00494	0.00301	0.00691
43	0.01051	0.07029	0.40843	0.01370	0.11493	0.02848	0.02862	0.03212	0.06444	0.04067	0.06757	0.04477	0.04339	0.00575	0.00470	0.00149	0.00577	0.00478	0.00288	0.00669
44	0.00778	0.00636	0.00708	0.00683	0.00849	0.00644	0.00518	0.01277	0.23711	0.01635	0.20827	0.12090	0.29454	0.01030	0.00550	0.00164	0.00287	0.03168	0.00475	0.00516
45	0.00891	0.00985	0.09029	0.02781	0.01480	0.00843	0.23714	0.03634	0.04349	0.01498	0.10450	0.04082	0.15475	0.06158	0.07164	0.00230	0.02377	0.03981	0.00338	0.00538
46	0.03018	0.07641	0.01255	0.02126	0.07051	0.05865	0.00772	0.04527	0.32634	0.01737	0.01280	0.01303	0.01000	0.00502	0.00422	0.00124	0.00433	0.00403	0.00359	0.27550
47	0.00603	0.00430	0.00574	0.00681	0.00715	0.00406	0.00469	0.00697	0.00925	0.01230	0.02589	0.73198	0.03078	0.04046	0.00672	0.00205	0.00298	0.08355	0.00439	0.00390
48	0.01147	0.04314	0.11138	0.05065	0.11218	0.06190	0.41957	0.01580	0.06765	0.01500	0.00994	0.01268	0.00773	0.02068	0.00566	0.00160	0.01903	0.00491	0.00253	0.00653
49	0.01074	0.16060	0.50847	0.01378	0.01978	0.04277	0.14933	0.01517	0.01036	0.01437	0.00839	0.01011	0.00628	0.00439	0.00447	0.00144	0.00696	0.00372	0.00211	0.00674
50	0.01609	0.01233	0.01373	0.01084	0.01435	0.01367	0.03975	0.54926	0.20370	0.02672	0.01343	0.01325	0.00976	0.00584	0.00479	0.00147	0.00492	0.00462	0.03368	0.00780
51	0.01319	0.12792	0.04244	0.04313	0.12285	0.06608	0.02427	0.04689	0.07485	0.15172	0.04460	0.06250	0.01170	0.00574	0.00448	0.00133	0.00483	0.01709	0.00356	0.13084
52	0.00649	0.00522	0.00593	0.00656	0.00733	0.03172	0.00456	0.00801	0.04209	0.01301	0.06995	0.56148	0.19314	0.01341	0.00587	0.00181	0.00291	0.01190	0.00443	0.00415
53	0.00680	0.00507	0.00737	0.00737	0.00817	0.00579	0.00562	0.00834	0.00773	0.01100	0.01421	0.02081	0.03918	0.10555	0.71583	0.00721	0.01173	0.00545	0.00265	0.00414
54	0.01034	0.00959	0.02902	0.04513	0.23493	0.00978	0.05046	0.03311	0.26706	0.01649	0.03028	0.05190	0.12568	0.03499	0.00574	0.00169	0.00453	0.02908	0.00372	0.00649

[dist]
# distance from previous block
# <min> <max>
0	21

[block]
# block no. 7 follows, 53 sequences, length 20
# corresponding to MSA columns:
# 489-492,507-522
name=unknown_H
#
# <colnr> <probs for GDERKNQSTAVLIFYWHMCP>
#	G	D	E	R	K	N	Q	S	T	A	V	L	I	F	Y	W	H	M	C	P
0	0.00928	0.05550	0.01398	0.50245	0.10336	0.00980	0.02767	0.01139	0.00919	0.01194	0.00943	0.05825	0.00821	0.00711	0.00697	0.13777	0.00571	0.00469	0.00227	0.00502
1	0.00579	0.00428	0.00543	0.00635	0.00685	0.00391	0.00430	0.00669	0.00945	0.01232	0.03009	0.69599	0.16211	0.01449	0.00602	0.00189	0.00271	0.01299	0.00444	0.00391
2	0.86579	0.00924	0.00702	0.00629	0.00924	0.01072	0.00518	0.01405	0.00813	0.02144	0.00666	0.00776	0.00518	0.00444	0.00296	0.00148	0.00370	0.00259	0.00296	0.00518
3	0.00582	0.00416	0.00555	0.00666	0.00693	0.00388	0.00444	0.00666	0.00915	0.01220	0.02634	0.82891	0.03161	0.01497	0.00610	0.00194	0.00277	0.01359	0.00444	0.00388
4	0.01198	0.05829	0.01949	0.14699	0.49688	0.01150	0.10593	0.01488	0.01083	0.06361	0.00947	0.01213	0.00753	0.00440	0.00476	0.00145	0.00594	0.00436	0.00254	0.00704
5	0.01172	0.03516	0.15921	0.05790	0.14360	0.01051	0.19096	0.02902	0.08187	0.10258	0.03625	0.01526	0.01032	0.00734	0.06143	0.00197	0.00650	0.02859	0.00312	0.00671
6	0.00695	0.00497	0.00684	0.00795	0.00872	0.00486	0.00640	0.00861	0.01026	0.01347	0.02572	0.36277	0.02914	0.01391	0.00640	0.00210	0.00375	0.46857	0.00442	0.00419
7	0.01173	0.47042	0.09815	0.00979	0.04191	0.03965	0.00911	0.01369	0.00984	0.04090	0.01078	0.01316	0.05192	0.00755	0.06120	0.00173	0.06971	0.03034	0.00246	0.00596
8	0.01225	0.08793	0.26674	0.03785	0.20795	0.08074	0.05351	0.08835	0.03008	0.03510	0.00974	0.03570	0.00782	0.00502	0.00479	0.00145	0.02123	0.00418	0.00266	0.00691
9	0.02721	0.04502	0.03617	0.03785	0.03884	0.12428	0.07625	0.16305	0.06296	0.28911	0.01379	0.04189	0.01003	0.00572	0.00475	0.00146	0.00546	0.00470	0.00426	0.00718
10	0.64792	0.05641	0.01077	0.00926	0.06411	0.04346	0.06069	0.03197	0.00917	0.01986	0.00716	0.00851	0.00564	0.00443	0.00337	0.00145	0.00445	0.00297	0.00285	0.00556
11	0.01085	0.01056	0.01859	0.28913	0.47282	0.01118	0.08944	0.01392	0.01049	0.01446	0.00889	0.01223	0.00714	0.00441	0.00484	0.00150	0.00614	0.00439	0.00229	0.00672
12	0.00592	0.00439	0.00556	0.00645	0.00705	0.00403	0.00451	0.00692	0.00962	0.01249	0.03060	0.62108	0.18223	0.01429	0.00605	0.00190	0.00282	0.06573	0.00443	0.00395
13	0.00889	0.06109	0.01187	0.02334	0.03478	0.01013	0.02077	0.01058	0.01016	0.01452	0.29443	0.02204	0.07283	0.00935	0.03207	0.00190	0.34670	0.00612	0.00341	0.00502
14	0.00694	0.00477	0.00571	0.03510	0.00653	0.00488	0.00356	0.00722	0.00724	0.00968	0.01546	0.08441	0.01763	0.69921	0.06880	0.00452	0.00505	0.00720	0.00295	0.00313
15	0.00602	0.00536	0.05029	0.00692	0.00767	0.00430	0.00512	0.00714	0.00933	0.01241	0.02689	0.72847	0.08387	0.01419	0.00598	0.00189	0.00299	0.01278	0.00430	0.00407
16	0.12257	0.02820	0.10433	0.01052	0.03858	0.03650	0.00910	0.31706	0.04108	0.20130	0.03609	0.01273	0.00958	0.00552	0.00451	0.00145	0.00498	0.00421	0.00431	0.00738
17	0.00944	0.00690	0.00819	0.00746	0.01952	0.00688	0.01786	0.10236	0.11594	0.05882	0.30010	0.07522	0.19994	0.00915	0.00532	0.00154	0.00310	0.00784	0.03897	0.00545
18	0.01228	0.30475	0.23351	0.01065	0.03285	0.13257	0.01066	0.01493	0.01056	0.04247	0.01008	0.01113	0.04713	0.00491	0.00432	0.00125	0.03133	0.00348	0.00244	0.07871
19	0.68786	0.03857	0.00867	0.00708	0.01015	0.01151	0.00585	0.09291	0.06712	0.02186	0.00808	0.00887	0.00620	0.00471	0.00329	0.00147	0.00391	0.00297	0.00325	0.00568

[dist]
# distance from previous block
# <min> <max>
0	1

[block]
# block no. 8 follows, 53 sequences, length 11
# corresponding to MSA columns:
# 524-534
name=unknown_I
#
# <colnr> <probs for GDERKNQSTAVLIFYWHMCP>
#	G	D	E	R	K	N	Q	S	T	A	V	L	I	F	Y	W	H	M	C	P
0	0.01336	0.59868	0.10790	0.00952	0.01364	0.16297	0.00940	0.01527	0.01045	0.01175	0.00699	0.00810	0.00613	0.00429	0.00345	0.00111	0.00596	0.00276	0.00212	0.00613
1	0.01046	0.01046	0.01464	0.01255	0.01255	0.01464	0.01046	0.01150	0.00732	0.01150	0.00627	0.01046	0.00627	0.00837	0.01569	0.00209	0.82328	0.00418	0.00209	0.00523
2	0.00581	0.00422	0.00549	0.00650	0.00689	0.00389	0.00437	0.00667	0.00930	0.01226	0.02818	0.76378	0.09555	0.01474	0.00606	0.00191	0.00274	0.01330	0.00444	0.00389
3	0.01146	0.01220	0.02300	0.13527	0.04827	0.05810	0.50954	0.01488	0.01102	0.03782	0.01015	0.01440	0.00806	0.00486	0.00590	0.00163	0.04560	0.03913	0.00255	0.00617
4	0.00660	0.00469	0.00529	0.00540	0.00587	0.00448	0.00342	0.00709	0.00837	0.01080	0.04623	0.09174	0.19921	0.52865	0.01748	0.00356	0.00392	0.04036	0.00349	0.00334
5	0.01469	0.12822	0.07570	0.01020	0.01390	0.05120	0.00892	0.27442	0.26135	0.06691	0.01323	0.01293	0.00981	0.00555	0.00449	0.00141	0.00495	0.00427	0.00411	0.03371
6	0.01098	0.11448	0.25948	0.07813	0.10926	0.04682	0.06423	0.04257	0.05623	0.02619	0.03444	0.02958	0.00950	0.00614	0.00567	0.06523	0.00592	0.02624	0.00266	0.00626
7	0.03401	0.08626	0.36526	0.01380	0.11234	0.03448	0.03881	0.02964	0.10175	0.03910	0.03698	0.01342	0.03949	0.00532	0.00487	0.00149	0.02911	0.00428	0.00281	0.00679
8	0.00827	0.00420	0.00605	0.00605	0.00612	0.00420	0.00402	0.00661	0.00653	0.00901	0.00919	0.01572	0.00910	0.06281	0.01795	0.75228	0.00405	0.00433	0.06123	0.00229
9	0.00772	0.00584	0.00586	0.00582	0.00601	0.06035	0.00347	0.00774	0.00748	0.00953	0.01474	0.06794	0.01684	0.69378	0.02177	0.04747	0.00479	0.00687	0.00290	0.00309
10	0.00879	0.03060	0.03104	0.06807	0.12105	0.05178	0.04534	0.01150	0.06165	0.01413	0.12522	0.06185	0.17905	0.07835	0.07594	0.00232	0.00514	0.01948	0.00350	0.00517

[dist]
# distance from previous block
# <min> <max>
0	2

[block]
# block no. 9 follows, 53 sequences, length 7
# corresponding to MSA columns:
# 537-543
name=unknown_J
#
# <colnr> <probs for GDERKNQSTAVLIFYWHMCP>
