[name]
unknown

[dist]
# distance from previous block
# <min> <max>
0	37

[block]
# block no. 0 follows, 61 sequences, length 64
# corresponding to MSA columns:
# 42-105
name=unknown_A
#
# <colnr> <probs for GDERKNQSTAVLIFYWHMCP>
#	G	D	E	R	K	N	Q	S	T	A	V	L	I	F	Y	W	H	M	C	P
0	0.00721	0.00563	0.00855	0.12908	0.03177	0.00586	0.03506	0.00932	0.00980	0.01286	0.07864	0.03874	0.03761	0.01040	0.01739	0.01325	0.00429	0.53677	0.00357	0.00419
1	0.00529	0.00378	0.00503	0.00597	0.00626	0.00353	0.00400	0.00610	0.00844	0.01130	0.06186	0.80683	0.02907	0.01327	0.00548	0.00173	0.00248	0.01203	0.00403	0.00353
2	0.00632	0.00468	0.00632	0.00643	0.04549	0.00436	0.00450	0.00837	0.01208	0.01712	0.78061	0.03115	0.03902	0.00857	0.00504	0.00135	0.00218	0.00760	0.00462	0.00420
3	0.00524	0.00378	0.00497	0.00592	0.00623	0.00351	0.00396	0.00601	0.00832	0.01103	0.02469	0.80728	0.06640	0.01337	0.00548	0.00174	0.00248	0.01209	0.00400	0.00351
4	0.00624	0.00468	0.00622	0.00635	0.04544	0.00433	0.00445	0.00824	0.01191	0.01673	0.72639	0.03179	0.09348	0.00872	0.00504	0.00136	0.00219	0.00769	0.00456	0.00417
5	0.00552	0.00415	0.00555	0.00678	0.04527	0.00385	0.00436	0.00643	0.00862	0.01141	0.05050	0.69202	0.11432	0.01260	0.00538	0.00168	0.00258	0.01136	0.00393	0.00369
6	0.80045	0.00846	0.00693	0.04573	0.00957	0.00982	0.00517	0.04655	0.00794	0.01926	0.00626	0.00736	0.00483	0.00406	0.00281	0.00134	0.00351	0.00247	0.00270	0.00478
7	0.01152	0.85121	0.02257	0.00737	0.01106	0.01704	0.00737	0.01290	0.00875	0.01013	0.00599	0.00691	0.00553	0.00369	0.00276	0.00092	0.00461	0.00230	0.00184	0.00553
8	0.00540	0.00381	0.00506	0.00603	0.00634	0.00358	0.00411	0.00624	0.00835	0.01122	0.02344	0.78614	0.02784	0.01319	0.00545	0.00174	0.00255	0.04840	0.02756	0.00353
9	0.00942	0.00942	0.01319	0.01131	0.01131	0.01319	0.00942	0.01037	0.00660	0.01037	0.00565	0.00942	0.00565	0.00754	0.01414	0.00188	0.84073	0.00377	0.00188	0.00471
10	0.00513	0.00437	0.00441	0.00440	0.00584	0.00365	0.00330	0.00625	0.00990	0.01183	0.06998	0.04114	0.79354	0.01084	0.00509	0.00145	0.00218	0.00905	0.00403	0.00365
11	0.00893	0.00766	0.00893	0.00638	0.01021	0.00574	0.00510	0.01085	0.00893	0.01404	0.00766	0.00893	0.00638	0.00319	0.00319	0.00064	0.00319	0.00255	0.00255	0.87495
12	0.00910	0.00893	0.01224	0.01056	0.01071	0.02737	0.02120	0.01002	0.00674	0.01021	0.00678	0.01162	0.00689	0.09053	0.05388	0.00233	0.69038	0.00406	0.00199	0.00449
13	0.00813	0.00766	0.01292	0.83826	0.02967	0.00957	0.01196	0.01101	0.00861	0.01101	0.00766	0.01148	0.00574	0.00431	0.00431	0.00144	0.00574	0.00383	0.00191	0.00479
14	0.00961	0.00557	0.00667	0.03859	0.02005	0.00571	0.03550	0.07948	0.03160	0.06443	0.01345	0.01505	0.01031	0.00497	0.00339	0.00110	0.00277	0.00408	0.64296	0.00471
15	0.01541	0.01491	0.01243	0.01036	0.01293	0.33947	0.00822	0.37739	0.01527	0.03727	0.00922	0.00995	0.02278	0.00524	0.00514	0.00128	0.08987	0.00354	0.00325	0.00606
16	0.15411	0.01110	0.01138	0.00961	0.04389	0.04244	0.00751	0.49261	0.11133	0.03849	0.01048	0.01061	0.00765	0.00498	0.00401	0.00131	0.00440	0.00372	0.02372	0.00666
17	0.00535	0.00386	0.00509	0.00599	0.00635	0.00359	0.00410	0.00623	0.00856	0.01138	0.05996	0.74108	0.06271	0.01311	0.00548	0.00173	0.00253	0.04533	0.00403	0.00355
18	0.00917	0.00780	0.00906	0.00649	0.01031	0.00598	0.00520	0.03620	0.00929	0.01445	0.00774	0.00898	0.00641	0.00325	0.00323	0.00066	0.00324	0.00259	0.00261	0.84733
19	0.03283	0.00852	0.00992	0.00785	0.01084	0.06760	0.01971	0.09559	0.02546	0.45148	0.10295	0.02581	0.02383	0.00555	0.00427	0.00126	0.00386	0.00452	0.00450	0.09365
20	0.01057	0.01032	0.01817	0.03986	0.73079	0.01029	0.08966	0.01324	0.00982	0.01399	0.00815	0.01077	0.00678	0.00383	0.00434	0.00130	0.00534	0.00396	0.00213	0.00669
21	0.00626	0.00418	0.00470	0.00470	0.00470	0.00418	0.00261	0.00626	0.00626	0.00835	0.01357	0.02819	0.01566	0.84862	0.02192	0.00418	0.00418	0.00626	0.00261	0.00261
22	0.01043	0.01000	0.01708	0.09922	0.75074	0.01018	0.01311	0.01302	0.00970	0.01380	0.00806	0.01073	0.00673	0.00388	0.00427	0.00129	0.00517	0.00384	0.00211	0.00664
23	0.01066	0.01023	0.01748	0.02644	0.82174	0.01023	0.01322	0.01322	0.00981	0.01407	0.00810	0.01066	0.00682	0.00384	0.00426	0.00128	0.00512	0.00384	0.00213	0.00682
24	0.00529	0.00378	0.00505	0.00605	0.00632	0.00354	0.00408	0.00608	0.00829	0.01105	0.02372	0.82463	0.02839	0.01345	0.00551	0.00176	0.00254	0.03297	0.00400	0.00351
25	0.00525	0.00375	0.00500	0.00600	0.00625	0.00350	0.00400	0.00600	0.00825	0.01100	0.02374	0.84580	0.02849	0.01350	0.00550	0.00175	0.00250	0.01225	0.00400	0.00350
26	0.00627	0.00441	0.00578	0.00550	0.00650	0.00407	0.00410	0.00821	0.01193	0.03101	0.75136	0.08712	0.03929	0.00906	0.00510	0.00138	0.00209	0.00803	0.00470	0.00408
27	0.00893	0.00766	0.00893	0.00638	0.01021	0.00574	0.00510	0.01085	0.00893	0.01404	0.00766	0.00893	0.00638	0.00319	0.00319	0.00064	0.00319	0.00255	0.00255	0.87495
28	0.87904	0.00833	0.00633	0.00566	0.00833	0.00966	0.00467	0.01266	0.00733	0.01933	0.00600	0.00700	0.00467	0.00400	0.00267	0.00133	0.00333	0.00233	0.00267	0.00467
29	0.00943	0.00898	0.01526	0.42225	0.43556	0.00991	0.01261	0.01214	0.00923	0.01258	0.00788	0.01106	0.00630	0.00407	0.00429	0.00136	0.00542	0.00383	0.00203	0.00583
30	0.00509	0.00436	0.00436	0.00436	0.00582	0.00364	0.00327	0.00618	0.00982	0.01164	0.04364	0.04146	0.82000	0.01091	0.00509	0.00145	0.00218	0.00909	0.00400	0.00364
31	0.01008	0.01126	0.02342	0.01754	0.05244	0.01118	0.66511	0.01330	0.00966	0.01334	0.00827	0.01128	0.00643	0.00418	0.00630	0.00151	0.12201	0.00485	0.00214	0.00570
32	0.00942	0.00942	0.01319	0.01131	0.01131	0.01319	0.00942	0.01037	0.00660	0.01037	0.00565	0.00942	0.00565	0.00754	0.01414	0.00188	0.84073	0.00377	0.00188	0.00471
33	0.00509	0.00436	0.00436	0.00436	0.00582	0.00364	0.00327	0.00618	0.00982	0.01164	0.04364	0.04146	0.82000	0.01091	0.00509	0.00145	0.00218	0.00909	0.00400	0.00364
34	0.00525	0.00375	0.00500	0.00600	0.00625	0.00350	0.00400	0.00600	0.00825	0.01100	0.02374	0.84580	0.02849	0.01350	0.00550	0.00175	0.00250	0.01225	0.00400	0.00350
35	0.00825	0.00412	0.00424	0.00417	0.00523	0.00408	0.00314	0.01025	0.00924	0.03752	0.04567	0.01665	0.01219	0.00518	0.00313	0.00103	0.00205	0.00417	0.81558	0.00410
36	0.01071	0.00925	0.00974	0.00877	0.01120	0.01071	0.00682	0.02289	0.81396	0.01802	0.01753	0.01607	0.01315	0.00584	0.00438	0.00146	0.00341	0.00487	0.00438	0.00682
37	0.87904	0.00833	0.00633	0.00566	0.00833	0.00966	0.00467	0.01266	0.00733	0.01933	0.00600	0.00700	0.00467	0.00400	0.00267	0.00133	0.00333	0.00233	0.00267	0.00467
38	0.01609	0.02053	0.01221	0.01110	0.01332	0.83132	0.00832	0.01720	0.01221	0.01054	0.00666	0.00777	0.00555	0.00444	0.00388	0.00111	0.00777	0.00277	0.00222	0.00499
39	0.00524	0.00376	0.00498	0.00595	0.00624	0.00350	0.00398	0.00600	0.00829	0.01101	0.02427	0.82450	0.04945	0.01343	0.00549	0.00174	0.00249	0.01216	0.00400	0.00350
40	0.00803	0.00401	0.00401	0.00401	0.00502	0.00401	0.00301	0.01004	0.00903	0.01606	0.01405	0.01606	0.01104	0.00502	0.00301	0.00100	0.00201	0.00401	0.87253	0.00401
41	0.01185	0.01006	0.01028	0.00900	0.01158	0.04332	0.00706	0.13156	0.65925	0.03200	0.01610	0.01493	0.01200	0.00569	0.00435	0.00142	0.00377	0.00464	0.00430	0.00683
42	0.01047	0.01004	0.01714	0.08699	0.76267	0.01019	0.01313	0.01305	0.00972	0.01384	0.00807	0.01072	0.00674	0.00387	0.00427	0.00129	0.00516	0.00384	0.00212	0.00667
43	0.00874	0.05193	0.79755	0.01210	0.01837	0.01026	0.01561	0.01362	0.00908	0.01352	0.00767	0.00902	0.00546	0.00408	0.00404	0.00135	0.00630	0.00315	0.00182	0.00634
44	0.01503	0.01123	0.01212	0.00963	0.01279	0.01245	0.00793	0.65618	0.11606	0.02504	0.01209	0.01371	0.00925	0.00572	0.00443	0.00136	0.00452	0.05912	0.00429	0.00703
45	0.00637	0.00489	0.00710	0.00690	0.00755	0.00560	0.01990	0.00760	0.00696	0.00988	0.01261	0.05652	0.02573	0.17045	0.57916	0.00574	0.05561	0.00529	0.00244	0.00370
46	0.01152	0.85121	0.02257	0.00737	0.01106	0.01704	0.00737	0.01290	0.00875	0.01013	0.00599	0.00691	0.00553	0.00369	0.00276	0.00092	0.00461	0.00230	0.00184	0.00553
47	0.00615	0.00462	0.00692	0.00692	0.00769	0.00538	0.00538	0.00769	0.00692	0.01000	0.01154	0.01692	0.01077	0.03231	0.83154	0.00692	0.01154	0.00462	0.00231	0.00385
48	0.00525	0.00375	0.00500	0.00600	0.00625	0.00350	0.00400	0.00600	0.00825	0.01100	0.02374	0.84580	0.02849	0.01350	0.00550	0.00175	0.00250	0.01225	0.00400	0.00350
49	0.01056	0.01013	0.01730	0.05868	0.79029	0.01021	0.01317	0.01313	0.00976	0.01395	0.00808	0.01069	0.00678	0.00386	0.00427	0.00129	0.00514	0.00384	0.00212	0.00674
50	0.01130	0.00989	0.01005	0.00893	0.01143	0.04320	0.00697	0.07510	0.72934	0.01834	0.01662	0.01536	0.01246	0.00574	0.00436	0.00144	0.00367	0.00472	0.00429	0.00678
51	0.00525	0.00375	0.00500	0.00600	0.00625	0.00350	0.00400	0.00600	0.00825	0.01100	0.02374	0.84580	0.02849	0.01350	0.00550	0.00175	0.00250	0.01225	0.00400	0.00350
52	0.01933	0.00733	0.01000	0.00766	0.01100	0.00633	0.00633	0.02099	0.01233	0.82473	0.01699	0.01466	0.01066	0.00533	0.00433	0.00133	0.00367	0.00433	0.00533	0.00733
53	0.24072	0.01220	0.01107	0.00894	0.01201	0.12583	0.00726	0.47937	0.01566	0.03464	0.00880	0.00918	0.00644	0.00477	0.00382	0.00128	0.00478	0.00333	0.00361	0.00631
54	0.01152	0.85121	0.02257	0.00737	0.01106	0.01704	0.00737	0.01290	0.00875	0.01013	0.00599	0.00691	0.00553	0.00369	0.00276	0.00092	0.00461	0.00230	0.00184	0.00553
55	0.00602	0.00437	0.00567	0.00540	0.00640	0.00402	0.00403	0.00796	0.01193	0.01678	0.75465	0.06732	0.07107	0.00909	0.00510	0.00138	0.00206	0.00803	0.00468	0.00402
56	0.01022	0.00997	0.01370	0.01181	0.01188	0.01358	0.00973	0.01095	0.00714	0.01115	0.00648	0.01053	0.00642	0.00803	0.01436	0.00202	0.83070	0.00403	0.00217	0.00513
57	0.00571	0.00439	0.00522	0.00501	0.00620	0.00390	0.00376	0.00737	0.01127	0.01509	0.51864	0.03577	0.34284	0.00962	0.00508	0.00139	0.00209	0.00829	0.00445	0.00390
58	0.00610	0.00440	0.00576	0.00542	0.00644	0.00406	0.00406	0.00813	0.01219	0.01727	0.81947	0.03218	0.04064	0.00881	0.00508	0.00135	0.00203	0.00779	0.00474	0.00406
59	0.00823	0.00776	0.01310	0.80630	0.06086	0.00960	0.01201	0.01109	0.00866	0.01113	0.00767	0.01145	0.00578	0.00429	0.00430	0.00143	0.00572	0.00383	0.00192	0.00487
60	0.87904	0.00833	0.00633	0.00566	0.00833	0.00966	0.00467	0.01266	0.00733	0.01933	0.00600	0.00700	0.00467	0.00400	0.00267	0.00133	0.00333	0.00233	0.00267	0.00467
61	0.01145	0.83173	0.04146	0.00749	0.01123	0.01688	0.00757	0.01292	0.00876	0.01022	0.00603	0.00696	0.00553	0.00369	0.00280	0.00093	0.00465	0.00232	0.00184	0.00555
62	0.00667	0.00449	0.00502	0.00491	0.00504	0.00454	0.00283	0.03808	0.00682	0.00910	0.01344	0.02748	0.01533	0.81512	0.02123	0.00406	0.00420	0.00617	0.00268	0.00280
63	0.01140	0.81829	0.05449	0.00757	0.01136	0.01676	0.00771	0.01293	0.00877	0.01027	0.00606	0.00700	0.00553	0.00370	0.00282	0.00094	0.00468	0.00234	0.00184	0.00556

[dist]
# distance from previous block
# <min> <max>
1	3

[block]
# block no. 1 follows, 61 sequences, length 77
# corresponding to MSA columns:
# 109-185
name=unknown_B
#
# <colnr> <probs for GDERKNQSTAVLIFYWHMCP>
#	G	D	E	R	K	N	Q	S	T	A	V	L	I	F	Y	W	H	M	C	P
0	0.00720	0.00517	0.00638	0.00657	0.00757	0.00507	0.00480	0.08947	0.04157	0.03195	0.08282	0.52766	0.06397	0.01128	0.00522	0.00162	0.00286	0.06646	0.00409	0.02826
1	0.01470	0.01664	0.01195	0.01052	0.01287	0.54629	0.02893	0.11622	0.09410	0.02591	0.00882	0.00986	0.00706	0.00685	0.06894	0.00164	0.00716	0.00335	0.00275	0.00544
2	0.00608	0.00455	0.00677	0.00685	0.00758	0.00524	0.00528	0.00756	0.00703	0.01008	0.01250	0.08193	0.01216	0.03083	0.76676	0.00652	0.01083	0.00521	0.00244	0.00382
3	0.00893	0.00766	0.00893	0.00638	0.01021	0.00574	0.00510	0.01085	0.00893	0.01404	0.00766	0.00893	0.00638	0.00319	0.00319	0.00064	0.00319	0.00255	0.00255	0.87495
4	0.00870	0.04092	0.80823	0.01217	0.01847	0.01016	0.01572	0.01362	0.00909	0.01356	0.00769	0.00905	0.00546	0.00408	0.00406	0.00135	0.00633	0.00316	0.00182	0.00635
5	0.01013	0.01188	0.04514	0.01801	0.02242	0.01087	0.78664	0.01379	0.01014	0.01379	0.00869	0.01156	0.00651	0.00364	0.00506	0.00145	0.00724	0.00504	0.00217	0.00582
6	0.01066	0.01023	0.01748	0.02644	0.82174	0.01023	0.01322	0.01322	0.00981	0.01407	0.00810	0.01066	0.00682	0.00384	0.00426	0.00128	0.00512	0.00384	0.00213	0.00682
7	0.00610	0.00440	0.00576	0.00542	0.00644	0.00406	0.00406	0.00813	0.01219	0.01727	0.81947	0.03218	0.04064	0.00881	0.00508	0.00135	0.00203	0.00779	0.00474	0.00406
8	0.00604	0.00440	0.00568	0.00536	0.00640	0.00404	0.00402	0.00802	0.01206	0.01696	0.77627	0.03269	0.08404	0.00892	0.00508	0.00136	0.00204	0.00786	0.00470	0.00404
9	0.01051	0.00896	0.00957	0.00872	0.01106	0.01030	0.00685	0.03412	0.73844	0.01776	0.01783	0.01853	0.01397	0.00631	0.00450	0.00150	0.00347	0.06665	0.00435	0.00660
10	0.00610	0.00440	0.00576	0.00542	0.00644	0.00406	0.00406	0.00813	0.01219	0.01727	0.81947	0.03218	0.04064	0.00881	0.00508	0.00135	0.00203	0.00779	0.00474	0.00406
11	0.87904	0.00833	0.00633	0.00566	0.00833	0.00966	0.00467	0.01266	0.00733	0.01933	0.00600	0.00700	0.00467	0.00400	0.00267	0.00133	0.00333	0.00233	0.00267	0.00467
12	0.01017	0.01140	0.02435	0.01849	0.08486	0.01070	0.72224	0.01367	0.01011	0.01383	0.00864	0.01147	0.00655	0.00364	0.00497	0.00142	0.00698	0.00492	0.00219	0.02941
13	0.00626	0.00418	0.00470	0.00470	0.00470	0.00418	0.00261	0.00626	0.00626	0.00835	0.01357	0.02819	0.01566	0.84862	0.02192	0.00418	0.00418	0.00626	0.00261	0.00261
14	0.00907	0.00861	0.01461	0.53741	0.32321	0.00982	0.01243	0.01183	0.00906	0.01214	0.00782	0.01118	0.00614	0.00413	0.00429	0.00138	0.00551	0.00383	0.00199	0.00554
15	0.00513	0.00437	0.00441	0.00440	0.00584	0.00365	0.00330	0.00625	0.00991	0.01184	0.07213	0.04111	0.79138	0.01083	0.00509	0.00145	0.00218	0.00904	0.00403	0.00365
16	0.87904	0.00833	0.00633	0.00566	0.00833	0.00966	0.00467	0.01266	0.00733	0.01933	0.00600	0.00700	0.00467	0.00400	0.00267	0.00133	0.00333	0.00233	0.00267	0.00467
17	0.00532	0.00381	0.00507	0.00605	0.00636	0.00357	0.00411	0.00613	0.00835	0.01109	0.02411	0.79403	0.04471	0.01337	0.00551	0.00175	0.00256	0.04657	0.00400	0.00352
18	0.00834	0.00541	0.00560	0.00517	0.00667	0.00545	0.00398	0.10929	0.05526	0.01632	0.04263	0.03325	0.23078	0.00688	0.00390	0.00121	0.00248	0.00562	0.44729	0.00448
19	0.00942	0.00942	0.01319	0.01131	0.01131	0.01319	0.00942	0.01037	0.00660	0.01037	0.00565	0.00942	0.00565	0.00754	0.01414	0.00188	0.84073	0.00377	0.00188	0.00471
20	0.87904	0.00833	0.00633	0.00566	0.00833	0.00966	0.00467	0.01266	0.00733	0.01933	0.00600	0.00700	0.00467	0.00400	0.00267	0.00133	0.00333	0.00233	0.00267	0.00467
21	0.00942	0.00942	0.01319	0.01131	0.01131	0.01319	0.00942	0.01037	0.00660	0.01037	0.00565	0.00942	0.00565	0.00754	0.01414	0.00188	0.84073	0.00377	0.00188	0.00471
22	0.01015	0.01158	0.02519	0.01803	0.02230	0.01094	0.79098	0.01373	0.01010	0.01373	0.00866	0.01158	0.00652	0.00371	0.00526	0.00146	0.02308	0.00506	0.00217	0.00579
23	0.00574	0.00439	0.00526	0.00504	0.00622	0.00391	0.00378	0.00744	0.01135	0.01527	0.54363	0.03548	0.31774	0.00955	0.00508	0.00139	0.00209	0.00825	0.00448	0.00391
24	0.00589	0.00437	0.00528	0.00505	0.00619	0.00394	0.00379	0.00765	0.01136	0.01558	0.55859	0.03416	0.26575	0.00925	0.00499	0.00137	0.00207	0.00800	0.04277	0.00394
25	0.00893	0.00766	0.00893	0.00638	0.01021	0.00574	0.00510	0.01085	0.00893	0.01404	0.00766	0.00893	0.00638	0.00319	0.00319	0.00064	0.00319	0.00255	0.00255	0.87495
26	0.00753	0.00393	0.00590	0.04399	0.00671	0.00402	0.00410	0.00598	0.00584	0.00788	0.00767	0.01310	0.00750	0.01420	0.01588	0.81024	0.00379	0.00375	0.02592	0.00206
27	0.81162	0.00825	0.00662	0.00582	0.00854	0.00940	0.00480	0.01332	0.00772	0.08249	0.00686	0.00760	0.00514	0.00410	0.00280	0.00133	0.00336	0.00249	0.00287	0.00487
28	0.01144	0.78275	0.05380	0.00792	0.01170	0.02931	0.02978	0.01302	0.00886	0.01038	0.00614	0.00714	0.00555	0.00371	0.00290	0.00096	0.00480	0.00242	0.00186	0.00556
29	0.00878	0.00776	0.03649	0.00787	0.01071	0.01784	0.06864	0.02377	0.07591	0.04348	0.05235	0.02246	0.11160	0.00644	0.00437	0.00122	0.00371	0.15356	0.00331	0.33972
30	0.01155	0.07982	0.54556	0.01089	0.01626	0.00963	0.03004	0.01542	0.00990	0.21581	0.00993	0.01038	0.00678	0.00436	0.00408	0.00133	0.00558	0.00345	0.00271	0.00653
31	0.01706	0.01097	0.01225	0.00939	0.01281	0.01174	0.00776	0.62615	0.01843	0.21096	0.01188	0.01134	0.00809	0.00521	0.00431	0.00130	0.00449	0.00398	0.00454	0.00733
32	0.00525	0.00375	0.00500	0.00600	0.00625	0.00350	0.00400	0.00600	0.00825	0.01100	0.02374	0.84580	0.02849	0.01350	0.00550	0.00175	0.00250	0.01225	0.00400	0.00350
33	0.03280	0.00735	0.00971	0.00763	0.01072	0.00658	0.00623	0.06602	0.01239	0.70009	0.01694	0.07946	0.01176	0.00594	0.00439	0.00136	0.00363	0.00489	0.00512	0.00698
34	0.00734	0.00459	0.00607	0.00651	0.00735	0.00432	0.00480	0.02879	0.00953	0.09841	0.07257	0.54339	0.04342	0.01182	0.00538	0.00170	0.00287	0.13284	0.00419	0.00411
35	0.00605	0.00425	0.00526	0.00547	0.00639	0.00382	0.00392	0.00729	0.00994	0.04820	0.25038	0.36747	0.24337	0.01114	0.00522	0.00154	0.00233	0.00982	0.00426	0.00386
36	0.01012	0.01152	0.02511	0.03835	0.02269	0.01086	0.78654	0.01373	0.01013	0.01373	0.00869	0.01162	0.00652	0.00365	0.00506	0.00145	0.00722	0.00505	0.00217	0.00578
37	0.00815	0.00767	0.01281	0.78944	0.02851	0.00963	0.01173	0.01090	0.00852	0.01098	0.00782	0.02439	0.00609	0.00459	0.00475	0.00146	0.04190	0.00396	0.00195	0.00476
38	0.01017	0.01162	0.02542	0.01816	0.02251	0.01089	0.80610	0.01380	0.01017	0.01380	0.00871	0.01162	0.00654	0.00363	0.00508	0.00145	0.00726	0.00508	0.00218	0.00581
39	0.00534	0.00379	0.00497	0.00588	0.00611	0.00356	0.00387	0.00602	0.00807	0.01076	0.02282	0.77149	0.02732	0.08940	0.00699	0.00197	0.00265	0.01170	0.00387	0.00342
40	0.03403	0.79293	0.02170	0.00749	0.01109	0.05274	0.00734	0.01308	0.00887	0.01039	0.00602	0.00695	0.00551	0.00373	0.00281	0.00094	0.00471	0.00232	0.00188	0.00548
41	0.00610	0.00440	0.00576	0.00542	0.00644	0.00406	0.00406	0.00813	0.01219	0.01727	0.81947	0.03218	0.04064	0.00881	0.00508	0.00135	0.00203	0.00779	0.00474	0.00406
42	0.01152	0.85121	0.02257	0.00737	0.01106	0.01704	0.00737	0.01290	0.00875	0.01013	0.00599	0.00691	0.00553	0.00369	0.00276	0.00092	0.00461	0.00230	0.00184	0.00553
43	0.00517	0.00437	0.00447	0.00445	0.00587	0.00367	0.00333	0.00633	0.01000	0.01208	0.10448	0.04073	0.75887	0.01074	0.00509	0.00145	0.00217	0.00899	0.00406	0.00367
44	0.00525	0.00375	0.00500	0.00600	0.00625	0.00350	0.00400	0.00600	0.00825	0.01100	0.02374	0.84580	0.02849	0.01350	0.00550	0.00175	0.00250	0.01225	0.00400	0.00350
45	0.00517	0.00437	0.00447	0.00445	0.00587	0.00367	0.00333	0.00633	0.01000	0.01208	0.10448	0.04073	0.75887	0.01074	0.00509	0.00145	0.00217	0.00899	0.00406	0.00367
46	0.01428	0.01083	0.01157	0.00927	0.01223	0.01207	0.00747	0.55731	0.21705	0.02359	0.01235	0.01299	0.00934	0.06285	0.00553	0.00153	0.00437	0.00429	0.00421	0.00688
47	0.87904	0.00833	0.00633	0.00566	0.00833	0.00966	0.00467	0.01266	0.00733	0.01933	0.00600	0.00700	0.00467	0.00400	0.00267	0.00133	0.00333	0.00233	0.00267	0.00467
48	0.00946	0.00952	0.01372	0.01161	0.01179	0.01309	0.04397	0.01052	0.00675	0.01052	0.00579	0.00952	0.00569	0.00737	0.01374	0.00187	0.80459	0.00383	0.00190	0.00476
49	0.01071	0.00925	0.00974	0.00877	0.01120	0.01071	0.00682	0.02289	0.81396	0.01802	0.01753	0.01607	0.01315	0.00584	0.00438	0.00146	0.00341	0.00487	0.00438	0.00682
50	0.00929	0.00926	0.01321	0.01128	0.01142	0.01278	0.02933	0.01033	0.00670	0.01044	0.00600	0.00983	0.00591	0.00858	0.05163	0.00211	0.78145	0.00384	0.00191	0.00470
51	0.01038	0.00995	0.01698	0.11698	0.73341	0.01016	0.01308	0.01297	0.00968	0.01373	0.00805	0.01075	0.00670	0.00389	0.00427	0.00130	0.00519	0.00384	0.00211	0.00660
52	0.00625	0.00419	0.00478	0.00475	0.00483	0.00417	0.00272	0.00641	0.00673	0.00905	0.07678	0.02850	0.01762	0.78275	0.02060	0.00395	0.00401	0.00638	0.00278	0.00272
53	0.00912	0.02118	0.75177	0.01196	0.01801	0.01011	0.01512	0.06887	0.00994	0.01466	0.02553	0.00968	0.00635	0.00427	0.00413	0.00136	0.00616	0.00333	0.00206	0.00638
54	0.01784	0.00718	0.00954	0.00745	0.01060	0.00631	0.00611	0.01991	0.04689	0.72598	0.01911	0.01682	0.07424	0.00579	0.00439	0.00135	0.00354	0.00473	0.00519	0.00702
55	0.00634	0.00463	0.00623	0.00614	0.00656	0.00518	0.00436	0.00722	0.00677	0.00952	0.03344	0.02173	0.01339	0.37349	0.43424	0.00540	0.04415	0.00535	0.00248	0.00337
56	0.00864	0.02228	0.82630	0.01228	0.01864	0.01000	0.01592	0.01364	0.00909	0.01364	0.00773	0.00909	0.00546	0.00409	0.00409	0.00136	0.00637	0.00318	0.00182	0.00637
57	0.01006	0.01044	0.01483	0.03533	0.03481	0.06512	0.11363	0.02502	0.00780	0.01123	0.00632	0.00971	0.00582	0.00660	0.01160	0.00174	0.61908	0.00388	0.00199	0.00498
58	0.08671	0.06151	0.69973	0.01155	0.01741	0.01033	0.02805	0.01352	0.00894	0.01398	0.00751	0.00884	0.00541	0.00406	0.00392	0.00134	0.00602	0.00310	0.00190	0.00616
59	0.12816	0.01827	0.03114	0.01032	0.01280	0.63560	0.00802	0.08324	0.01218	0.01316	0.00691	0.00792	0.00558	0.00444	0.00377	0.00116	0.00690	0.00282	0.00244	0.00518
60	0.01050	0.01009	0.01710	0.06098	0.75169	0.01034	0.01300	0.01300	0.00961	0.01378	0.00798	0.01064	0.00672	0.00402	0.00470	0.00131	0.04197	0.00383	0.00211	0.00664
61	0.00618	0.00414	0.00472	0.00480	0.00482	0.00412	0.00272	0.00624	0.00642	0.00856	0.01437	0.09231	0.01667	0.78312	0.02064	0.00399	0.00404	0.00673	0.00272	0.00268
62	0.00617	0.00455	0.00659	0.00659	0.00725	0.00521	0.00498	0.00748	0.00683	0.00976	0.01184	0.01858	0.01149	0.15272	0.71212	0.00652	0.01045	0.00486	0.00235	0.00366
63	0.00514	0.00437	0.00444	0.00442	0.00585	0.00366	0.00332	0.00629	0.00995	0.01194	0.08509	0.04096	0.77836	0.01080	0.00509	0.00145	0.00217	0.00902	0.00404	0.00366
64	0.01609	0.02053	0.01221	0.01110	0.01332	0.83132	0.00832	0.01720	0.01221	0.01054	0.00666	0.00777	0.00555	0.00444	0.00388	0.00111	0.00777	0.00277	0.00222	0.00499
65	0.01005	0.00845	0.00971	0.00716	0.01103	0.00641	0.00560	0.01164	0.00965	0.01507	0.00878	0.01048	0.00744	0.00395	0.00369	0.00085	0.00359	0.00294	0.00293	0.86060
66	0.86523	0.00911	0.00716	0.00645	0.00918	0.01026	0.00517	0.01343	0.00808	0.02027	0.00715	0.00857	0.00575	0.00474	0.00317	0.00154	0.00373	0.00272	0.00304	0.00525
67	0.01723	0.01271	0.01356	0.01060	0.01407	0.01383	0.00860	0.77559	0.03992	0.02773	0.01159	0.01200	0.00851	0.00591	0.00479	0.00150	0.00508	0.00426	0.00466	0.00785
68	0.01964	0.00800	0.01051	0.00827	0.01157	0.00687	0.00667	0.02096	0.01288	0.77602	0.01913	0.01729	0.04731	0.00630	0.00484	0.00154	0.00399	0.00490	0.00560	0.00771
69	0.01196	0.01009	0.01059	0.00953	0.01206	0.01137	0.00732	0.04471	0.77939	0.01923	0.01829	0.01734	0.01393	0.00654	0.00486	0.00166	0.00384	0.00519	0.00473	0.00738
70	0.86523	0.00911	0.00716	0.00645	0.00918	0.01026	0.00517	0.01343	0.00808	0.02027	0.00715	0.00857	0.00575	0.00474	0.00317	0.00154	0.00373	0.00272	0.00304	0.00525
71	0.02010	0.00839	0.01092	0.00854	0.01193	0.00738	0.00691	0.06533	0.01343	0.76752	0.01759	0.01587	0.01146	0.00604	0.00481	0.00153	0.00411	0.00466	0.00561	0.00787
72	0.00733	0.00540	0.00746	0.00741	0.00818	0.00591	0.00553	0.00837	0.00759	0.01090	0.01284	0.01973	0.01236	0.13376	0.71746	0.00669	0.01088	0.00517	0.00273	0.00429
73	0.01664	0.01710	0.01309	0.01127	0.01391	0.45595	0.00868	0.29490	0.05695	0.01784	0.00961	0.01073	0.00764	0.00563	0.00495	0.00143	0.04007	0.00369	0.00344	0.00647
74	0.01493	0.00870	0.01048	0.00802	0.01162	0.00738	0.00639	0.07859	0.03416	0.34753	0.01308	0.01313	0.00945	0.00505	0.00427	0.00121	0.00391	0.00383	0.00426	0.41398
75	0.00674	0.00492	0.00599	0.00669	0.00720	0.00458	0.00448	0.00766	0.04443	0.01223	0.02485	0.67827	0.08065	0.07906	0.00717	0.00210	0.00306	0.01146	0.00426	0.00419
76	0.01171	0.35459	0.38344	0.01050	0.01523	0.05690	0.01157	0.01439	0.00990	0.04870	0.00866	0.01038	0.00705	0.01923	0.01807	0.00151	0.00601	0.00331	0.00242	0.00645

[dist]
# distance from previous block
# <min> <max>
0	2

[block]
# block no. 2 follows, 61 sequences, length 25
# corresponding to MSA columns:
# 188-212
name=unknown_C
#
# <colnr> <probs for GDERKNQSTAVLIFYWHMCP>
#	G	D	E	R	K	N	Q	S	T	A	V	L	I	F	Y	W	H	M	C	P
0	0.01346	0.01087	0.01172	0.05110	0.02721	0.06787	0.02560	0.36637	0.17240	0.03945	0.05527	0.04603	0.03991	0.00634	0.00468	0.00146	0.00461	0.02333	0.00413	0.02819
1	0.01495	0.12035	0.03758	0.01027	0.01308	0.45846	0.02334	0.17456	0.04541	0.03556	0.00821	0.00916	0.00653	0.01914	0.00420	0.00121	0.00638	0.00318	0.00275	0.00568
2	0.00702	0.00483	0.00571	0.00527	0.00678	0.00428	0.00402	0.00886	0.02967	0.08677	0.38470	0.03363	0.36458	0.00919	0.00496	0.00138	0.00230	0.00784	0.00442	0.02379
3	0.00704	0.00560	0.00604	0.00567	0.00724	0.01939	0.00431	0.01034	0.14921	0.04215	0.27092	0.03279	0.40491	0.00910	0.00492	0.00142	0.00250	0.00770	0.00430	0.00446
4	0.00893	0.00766	0.00893	0.00638	0.01021	0.00574	0.00510	0.01085	0.00893	0.01404	0.00766	0.00893	0.00638	0.00319	0.00319	0.00064	0.00319	0.00255	0.00255	0.87495
5	0.01637	0.01207	0.01293	0.00991	0.01336	0.01336	0.00819	0.80738	0.02025	0.02715	0.01034	0.01034	0.00733	0.00517	0.00431	0.00129	0.00474	0.00388	0.00431	0.00733
6	0.00626	0.00418	0.00470	0.00470	0.00470	0.00418	0.00261	0.00626	0.00626	0.00835	0.01357	0.02819	0.01566	0.84862	0.02192	0.00418	0.00418	0.00626	0.00261	0.00261
7	0.00693	0.00461	0.00588	0.00544	0.00669	0.00417	0.00413	0.00881	0.01189	0.07508	0.66055	0.03211	0.13967	0.00883	0.00503	0.00137	0.00217	0.00771	0.00469	0.00425
8	0.00524	0.00379	0.00496	0.00590	0.00622	0.00351	0.00395	0.00601	0.00835	0.01104	0.02499	0.79536	0.07813	0.01333	0.00547	0.00173	0.00248	0.01205	0.00400	0.00351
9	0.00661	0.00472	0.00656	0.00756	0.00840	0.00467	0.00637	0.00836	0.00959	0.01252	0.02299	0.20334	0.02551	0.01221	0.00586	0.00194	0.00368	0.64125	0.00397	0.00388
10	0.01152	0.85121	0.02257	0.00737	0.01106	0.01704	0.00737	0.01290	0.00875	0.01013	0.00599	0.00691	0.00553	0.00369	0.00276	0.00092	0.00461	0.00230	0.00184	0.00553
11	0.00520	0.00437	0.00452	0.00448	0.00589	0.00368	0.00336	0.00639	0.01008	0.01225	0.12822	0.04044	0.73503	0.01068	0.00509	0.00144	0.00217	0.00895	0.00408	0.00368
12	0.01017	0.01162	0.02542	0.01816	0.02251	0.01089	0.80610	0.01380	0.01017	0.01380	0.00871	0.01162	0.00654	0.00363	0.00508	0.00145	0.00726	0.00508	0.00218	0.00581
13	0.06116	0.01031	0.01243	0.00954	0.01292	0.04855	0.07515	0.34195	0.01513	0.34950	0.01252	0.01192	0.00840	0.00501	0.00428	0.00132	0.00459	0.00403	0.00436	0.00695
14	0.04715	0.01203	0.01183	0.00953	0.01262	0.10147	0.00770	0.49630	0.16758	0.07232	0.01154	0.01128	0.00833	0.00518	0.00422	0.00131	0.00470	0.00392	0.00410	0.00688
15	0.01007	0.00873	0.01004	0.00899	0.01133	0.00984	0.04759	0.02029	0.65565	0.01701	0.01862	0.02032	0.04372	0.00658	0.00462	0.00152	0.00362	0.09093	0.00421	0.00634
16	0.00594	0.00440	0.00553	0.00525	0.00634	0.00400	0.00394	0.00782	0.01181	0.01637	0.69521	0.03366	0.16547	0.00914	0.00508	0.00137	0.00206	0.00800	0.00462	0.00400
17	0.00599	0.00440	0.00561	0.00530	0.00637	0.00402	0.00398	0.00792	0.01193	0.01666	0.73489	0.03319	0.12561	0.00904	0.00508	0.00137	0.00205	0.00793	0.00466	0.00402
18	0.01216	0.00815	0.00922	0.00802	0.01050	0.00876	0.00631	0.02041	0.51402	0.21375	0.09029	0.01822	0.04845	0.00619	0.00446	0.00142	0.00330	0.00518	0.00463	0.00656
19	0.00615	0.00462	0.00692	0.00692	0.00769	0.00538	0.00538	0.00769	0.00692	0.01000	0.01154	0.01692	0.01077	0.03231	0.83154	0.00692	0.01154	0.00462	0.00231	0.00385
20	0.00600	0.00433	0.00568	0.00548	0.00641	0.00400	0.00406	0.00790	0.01176	0.01659	0.73272	0.12088	0.03932	0.00932	0.00513	0.00140	0.00208	0.00828	0.00466	0.00400
21	0.00615	0.00462	0.00692	0.00692	0.00769	0.00538	0.00538	0.00769	0.00692	0.01000	0.01154	0.01692	0.01077	0.03231	0.83154	0.00692	0.01154	0.00462	0.00231	0.00385
22	0.01014	0.01133	0.02413	0.05048	0.10410	0.01078	0.69495	0.01363	0.01007	0.01372	0.00861	0.01152	0.00653	0.00368	0.00497	0.00143	0.00699	0.00491	0.00216	0.00587
23	0.00524	0.00377	0.00497	0.00593	0.00623	0.00350	0.00397	0.00601	0.00831	0.01102	0.02457	0.81247	0.06129	0.01339	0.00548	0.00174	0.00249	0.01211	0.00400	0.00350
24	0.00606	0.02244	0.00646	0.03414	0.00772	0.00488	0.01726	0.00759	0.01011	0.01324	0.27122	0.09217	0.34586	0.01100	0.04770	0.00176	0.03381	0.05871	0.00391	0.00394

[dist]
# distance from previous block
# <min> <max>
0	3

[block]
# block no. 3 follows, 61 sequences, length 12
# corresponding to MSA columns:
# 216-227
name=unknown_D
#
# <colnr> <probs for GDERKNQSTAVLIFYWHMCP>
#	G	D	E	R	K	N	Q	S	T	A	V	L	I	F	Y	W	H	M	C	P
0	0.10041	0.54050	0.07912	0.00995	0.09119	0.07466	0.02719	0.01330	0.00902	0.01184	0.00644	0.00762	0.00559	0.00382	0.00314	0.00106	0.00495	0.00262	0.00199	0.00560
1	0.01035	0.51498	0.34858	0.00936	0.01413	0.01419	0.01084	0.01320	0.00889	0.01156	0.00670	0.00780	0.00550	0.00385	0.00330	0.00110	0.00532	0.00266	0.00183	0.00587
2	0.00610	0.00440	0.00576	0.00542	0.00644	0.00406	0.00406	0.00813	0.01219	0.01727	0.81947	0.03218	0.04064	0.00881	0.00508	0.00135	0.00203	0.00779	0.00474	0.00406
3	0.01066	0.01023	0.01748	0.02644	0.82174	0.01023	0.01322	0.01322	0.00981	0.01407	0.00810	0.01066	0.00682	0.00384	0.00426	0.00128	0.00512	0.00384	0.00213	0.00682
4	0.00610	0.00440	0.00576	0.00542	0.00644	0.00406	0.00406	0.00813	0.01219	0.01727	0.81947	0.03218	0.04064	0.00881	0.00508	0.00135	0.00203	0.00779	0.00474	0.00406
5	0.00892	0.05943	0.71081	0.01263	0.01867	0.01042	0.09293	0.01362	0.00918	0.01350	0.00775	0.00924	0.00557	0.00403	0.00413	0.00135	0.00637	0.00333	0.00186	0.00627
6	0.00851	0.00804	0.01359	0.71846	0.14656	0.00967	0.01215	0.01133	0.00879	0.01146	0.00772	0.01136	0.00590	0.00424	0.00430	0.00141	0.00565	0.00383	0.00195	0.00509
7	0.00548	0.00467	0.00475	0.00468	0.00617	0.00409	0.00352	0.00729	0.05968	0.01224	0.07092	0.03954	0.74103	0.01052	0.00505	0.00145	0.00225	0.00878	0.00405	0.00385
8	0.00884	0.08058	0.76977	0.01193	0.01811	0.01050	0.01531	0.01359	0.00907	0.01339	0.00761	0.00894	0.00546	0.00406	0.00400	0.00133	0.00624	0.00312	0.00182	0.00631
9	0.00649	0.00502	0.00722	0.00704	0.00762	0.00598	0.00539	0.00775	0.00680	0.00980	0.01125	0.01777	0.01096	0.14478	0.63752	0.00604	0.09173	0.00476	0.00231	0.00376
10	0.01044	0.01009	0.01747	0.09048	0.72405	0.01021	0.04770	0.01307	0.00973	0.01382	0.00809	0.01077	0.00672	0.00387	0.00430	0.00130	0.00526	0.00389	0.00212	0.00662
11	0.01035	0.00986	0.01677	0.02526	0.77477	0.00985	0.01269	0.01280	0.00972	0.01390	0.00900	0.05876	0.00807	0.00439	0.00434	0.00131	0.00497	0.00432	0.00224	0.00663

[dist]
# distance from previous block
# <min> <max>
0	5

# created by:
# /home/cegg/simao/soft/augustus-3.2.1/scripts/msa2prfl.pl ./align_prep/EOG091G0M0T.fa
