[name]
unknown

[dist]
# distance from previous block
# <min> <max>
4	80

[block]
# block no. 0 follows, 46 sequences, length 14
# corresponding to MSA columns:
# 87-100
name=unknown_A
#
# <colnr> <probs for GDERKNQSTAVLIFYWHMCP>
#	G	D	E	R	K	N	Q	S	T	A	V	L	I	F	Y	W	H	M	C	P
0	0.01372	0.01289	0.01959	0.10807	0.23248	0.07855	0.18566	0.08974	0.04533	0.05439	0.07319	0.03739	0.01266	0.00594	0.00557	0.00166	0.00665	0.00571	0.00349	0.00732
1	0.01305	0.01223	0.01744	0.30532	0.21322	0.05360	0.02961	0.11908	0.03920	0.01742	0.01003	0.01326	0.00795	0.00591	0.00697	0.00175	0.11927	0.00471	0.00295	0.00704
2	0.05226	0.01043	0.01744	0.47410	0.23622	0.01180	0.05089	0.01472	0.01114	0.03306	0.01031	0.01497	0.00821	0.00537	0.00528	0.00172	0.00666	0.02613	0.00265	0.00665
3	0.06754	0.01186	0.06884	0.43488	0.17857	0.03786	0.02778	0.02940	0.01150	0.03396	0.03044	0.01459	0.00887	0.00545	0.00518	0.00170	0.00663	0.01556	0.00276	0.00662
4	0.01426	0.01475	0.02172	0.06075	0.41469	0.14381	0.17159	0.01731	0.01256	0.04222	0.01007	0.01291	0.00810	0.00499	0.00568	0.00161	0.02782	0.00483	0.00276	0.00758
5	0.01238	0.01162	0.01848	0.15541	0.45008	0.01233	0.04017	0.01801	0.16617	0.01774	0.03646	0.01548	0.01102	0.00549	0.00534	0.00166	0.00596	0.00517	0.00324	0.00780
6	0.00793	0.00590	0.00833	0.00913	0.06073	0.00640	0.00601	0.00920	0.00853	0.01196	0.01539	0.05905	0.01591	0.30591	0.43889	0.00658	0.01000	0.00671	0.00304	0.00442
7	0.06592	0.11208	0.01754	0.22182	0.06730	0.24100	0.05668	0.04781	0.06439	0.01563	0.00966	0.01194	0.00770	0.00544	0.00526	0.00157	0.03466	0.00417	0.00286	0.00657
8	0.00977	0.00707	0.01004	0.00934	0.01060	0.00824	0.00741	0.01206	0.03601	0.07867	0.03545	0.01947	0.01332	0.02966	0.54646	0.00641	0.12301	0.00554	0.00326	0.02821
9	0.03760	0.06874	0.03520	0.01352	0.04878	0.44073	0.01037	0.14775	0.08840	0.01780	0.01022	0.01123	0.00812	0.00578	0.00525	0.00148	0.03472	0.00395	0.00337	0.00699
10	0.01061	0.00825	0.01211	0.05048	0.15416	0.00807	0.05102	0.06656	0.01396	0.06276	0.29761	0.06095	0.12662	0.02720	0.00632	0.00175	0.00424	0.00794	0.02321	0.00616
11	0.01903	0.12784	0.01668	0.01295	0.01598	0.65544	0.01005	0.05583	0.01490	0.01384	0.00828	0.00955	0.00691	0.00537	0.00461	0.00134	0.00885	0.00339	0.00279	0.00635
12	0.01027	0.00958	0.01582	0.64152	0.11287	0.01128	0.01397	0.01359	0.01074	0.01416	0.01006	0.03817	0.00810	0.00548	0.00523	0.00169	0.00663	0.00491	0.00251	0.06343
13	0.01266	0.01212	0.02069	0.13849	0.67853	0.01245	0.01601	0.01585	0.01184	0.01675	0.00987	0.01322	0.00819	0.00479	0.00524	0.00160	0.00639	0.00471	0.00258	0.00803

[dist]
# distance from previous block
# <min> <max>
0	1

[block]
# block no. 1 follows, 46 sequences, length 6
# corresponding to MSA columns:
# 102-107
name=unknown_B
#
# <colnr> <probs for GDERKNQSTAVLIFYWHMCP>
#	G	D	E	R	K	N	Q	S	T	A	V	L	I	F	Y	W	H	M	C	P
0	0.01204	0.01172	0.01759	0.38802	0.31850	0.05818	0.01443	0.01633	0.08115	0.01570	0.01064	0.01395	0.00837	0.00525	0.00524	0.00167	0.00664	0.00474	0.00275	0.00707
1	0.00796	0.00729	0.07141	0.00887	0.01037	0.00572	0.03981	0.00978	0.01106	0.04295	0.06350	0.52143	0.06524	0.01407	0.00655	0.00207	0.00393	0.09832	0.00469	0.00499
2	0.08000	0.01262	0.01503	0.15186	0.17290	0.16287	0.04375	0.01523	0.01112	0.05154	0.00980	0.01325	0.00814	0.00920	0.05196	0.12088	0.05658	0.00443	0.00278	0.00605
3	0.01262	0.01284	0.01925	0.19451	0.40537	0.09868	0.08212	0.01566	0.01213	0.01596	0.04157	0.04410	0.01056	0.00559	0.00538	0.00163	0.00677	0.00529	0.00279	0.00718
4	0.01409	0.01302	0.01964	0.08357	0.45531	0.05806	0.07458	0.05986	0.09778	0.05424	0.01182	0.01400	0.00928	0.00523	0.00532	0.00162	0.00640	0.00493	0.00325	0.00802
5	0.01317	0.00878	0.01200	0.09837	0.01507	0.03688	0.06807	0.07597	0.01309	0.18588	0.03909	0.16447	0.04356	0.08581	0.00799	0.00219	0.00518	0.11363	0.00461	0.00619

[dist]
# distance from previous block
# <min> <max>
2	4

[block]
# block no. 2 follows, 46 sequences, length 6
# corresponding to MSA columns:
# 112-117
name=unknown_C
#
# <colnr> <probs for GDERKNQSTAVLIFYWHMCP>
#	G	D	E	R	K	N	Q	S	T	A	V	L	I	F	Y	W	H	M	C	P
0	0.03589	0.01085	0.04854	0.07711	0.07382	0.07134	0.00893	0.01842	0.20355	0.11901	0.07087	0.15899	0.01844	0.00831	0.00544	0.00173	0.00481	0.00710	0.05004	0.00682
1	0.21100	0.00892	0.00960	0.00750	0.01129	0.00790	0.00601	0.01434	0.01134	0.09223	0.08463	0.01636	0.06255	0.00567	0.00427	0.00121	0.00380	0.00440	0.00386	0.43313
2	0.01373	0.04196	0.01772	0.19600	0.24634	0.04554	0.04529	0.01804	0.10913	0.10357	0.01207	0.01428	0.00930	0.00590	0.00661	0.00172	0.09726	0.00487	0.00332	0.00738
3	0.00657	0.00537	0.00580	0.00569	0.00734	0.00460	0.00427	0.00821	0.01281	0.01609	0.24286	0.04790	0.58865	0.01271	0.00624	0.00175	0.00263	0.01074	0.00515	0.00460
4	0.19102	0.01483	0.14459	0.01626	0.17196	0.04948	0.10549	0.04159	0.04686	0.04361	0.01023	0.01195	0.00787	0.00493	0.00472	0.00153	0.00607	0.00418	0.00311	0.11971
5	0.01145	0.09478	0.00977	0.00709	0.00895	0.00890	0.00576	0.10272	0.01285	0.02017	0.08751	0.01892	0.01523	0.00668	0.00514	0.00139	0.06428	0.00510	0.50764	0.00569

[dist]
# distance from previous block
# <min> <max>
1	1

[block]
# block no. 3 follows, 46 sequences, length 11
# corresponding to MSA columns:
# 120-130
name=unknown_D
#
# <colnr> <probs for GDERKNQSTAVLIFYWHMCP>
#	G	D	E	R	K	N	Q	S	T	A	V	L	I	F	Y	W	H	M	C	P
0	0.05130	0.01562	0.22736	0.07072	0.02125	0.01139	0.22968	0.01641	0.01168	0.09332	0.02717	0.01435	0.02728	0.00548	0.00604	0.00165	0.05697	0.00497	0.00309	0.10428
1	0.00672	0.00538	0.00599	0.00619	0.00766	0.00473	0.00469	0.00822	0.01203	0.01494	0.11991	0.10915	0.52686	0.04610	0.00725	0.00202	0.00305	0.09970	0.00493	0.00450
2	0.01201	0.01242	0.05588	0.25928	0.47673	0.01236	0.06369	0.01549	0.01159	0.01611	0.00981	0.01337	0.00788	0.00488	0.00530	0.00165	0.00675	0.00477	0.00252	0.00753
3	0.03143	0.06375	0.13197	0.04093	0.24392	0.14486	0.02541	0.03295	0.03437	0.11749	0.01095	0.01259	0.00841	0.00561	0.00601	0.00161	0.07263	0.00436	0.00319	0.00755
4	0.01828	0.06158	0.07511	0.00999	0.01374	0.05551	0.00879	0.08454	0.01463	0.41387	0.02042	0.07869	0.05333	0.00787	0.00543	0.00169	0.00508	0.05844	0.00527	0.00772
5	0.00889	0.00480	0.00703	0.00711	0.00734	0.00482	0.00495	0.00736	0.00757	0.01006	0.01277	0.02074	0.04656	0.01943	0.07473	0.69415	0.00521	0.05114	0.00262	0.00273
6	0.01303	0.38522	0.15237	0.05716	0.01610	0.08594	0.01084	0.05145	0.01222	0.01515	0.04716	0.01625	0.03596	0.00616	0.00451	0.00145	0.00610	0.05662	0.01970	0.00662
7	0.04085	0.17354	0.21516	0.02851	0.02704	0.08220	0.02494	0.03812	0.06872	0.03012	0.01058	0.01316	0.00877	0.05688	0.03355	0.00194	0.04795	0.00415	0.00291	0.09090
8	0.16047	0.06977	0.01565	0.12639	0.17096	0.08077	0.01087	0.08834	0.12191	0.05068	0.01131	0.01286	0.00878	0.00567	0.00533	0.00163	0.04360	0.00435	0.00347	0.00721
9	0.01249	0.01183	0.02025	0.05489	0.59826	0.01187	0.06789	0.03403	0.01223	0.01722	0.01210	0.06265	0.01101	0.00596	0.00550	0.00167	0.00622	0.04319	0.00293	0.00780
10	0.04262	0.01407	0.01532	0.12658	0.04525	0.06348	0.01062	0.47871	0.10452	0.02710	0.01266	0.01337	0.00925	0.00613	0.00520	0.00162	0.00601	0.00474	0.00456	0.00817

[dist]
# distance from previous block
# <min> <max>
0	1

[block]
# block no. 4 follows, 46 sequences, length 23
# corresponding to MSA columns:
# 132-154
name=unknown_E
#
# <colnr> <probs for GDERKNQSTAVLIFYWHMCP>
#	G	D	E	R	K	N	Q	S	T	A	V	L	I	F	Y	W	H	M	C	P
0	0.06565	0.01178	0.03491	0.14076	0.26212	0.04153	0.06671	0.06151	0.02413	0.12303	0.01315	0.04984	0.02250	0.00720	0.03296	0.00191	0.02416	0.00534	0.00350	0.00733
1	0.01218	0.04145	0.06445	0.14129	0.11174	0.03647	0.32585	0.01763	0.12191	0.01693	0.03082	0.03273	0.01055	0.00550	0.00565	0.00172	0.00719	0.00573	0.00310	0.00714
2	0.01975	0.02520	0.01498	0.01362	0.01634	0.79299	0.01021	0.02111	0.01498	0.01294	0.00817	0.00953	0.00681	0.00545	0.00477	0.00136	0.00953	0.00340	0.00272	0.00613
3	0.00673	0.00492	0.00625	0.00719	0.00782	0.00458	0.00505	0.00782	0.01050	0.01367	0.03215	0.55112	0.15455	0.06903	0.00807	0.00232	0.00334	0.09577	0.00479	0.00431
4	0.01503	0.03953	0.14185	0.15335	0.11130	0.05152	0.07518	0.10624	0.04292	0.15582	0.01243	0.01397	0.00902	0.00641	0.02409	0.00182	0.02349	0.00477	0.00363	0.00762
5	0.07680	0.21291	0.42016	0.01304	0.01908	0.03249	0.06636	0.03272	0.01156	0.02951	0.03360	0.01155	0.00827	0.00510	0.00463	0.00154	0.00686	0.00394	0.00261	0.00727
6	0.00969	0.00631	0.00881	0.00971	0.01115	0.00621	0.00846	0.01209	0.01240	0.07497	0.02744	0.05643	0.02909	0.01398	0.00715	0.00237	0.00484	0.68871	0.00500	0.00519
7	0.85155	0.01022	0.00777	0.00695	0.01022	0.01186	0.00573	0.01554	0.00900	0.02372	0.00736	0.00859	0.00573	0.00491	0.00327	0.00164	0.00409	0.00286	0.00327	0.00573
8	0.00643	0.00464	0.00609	0.00726	0.00764	0.00430	0.00486	0.00737	0.01022	0.01354	0.03040	0.77142	0.07349	0.01640	0.00672	0.00213	0.00305	0.01483	0.00491	0.00430
9	0.01882	0.01000	0.01276	0.01009	0.01359	0.00977	0.03542	0.23090	0.01729	0.38184	0.10392	0.07978	0.01757	0.00765	0.00552	0.00166	0.00465	0.00641	0.02430	0.00802
10	0.01095	0.03178	0.02730	0.00934	0.02681	0.02548	0.00726	0.05463	0.01135	0.09805	0.07833	0.08452	0.02845	0.10858	0.25722	0.00426	0.05174	0.04656	0.00390	0.03351
11	0.07086	0.70155	0.02537	0.00926	0.01356	0.08033	0.00891	0.01622	0.01095	0.01324	0.00741	0.00857	0.00672	0.00462	0.00349	0.00118	0.00585	0.00287	0.00237	0.00666
12	0.01292	0.00944	0.01111	0.00855	0.01255	0.00816	0.00686	0.06724	0.08829	0.11043	0.08461	0.01696	0.01399	0.00569	0.00464	0.00117	0.00404	0.02739	0.00421	0.50175
13	0.01864	0.02309	0.01606	0.01676	0.14394	0.66280	0.01122	0.02030	0.01449	0.01366	0.00847	0.01013	0.00707	0.00532	0.00484	0.00140	0.00899	0.00362	0.00271	0.00650
14	0.06966	0.02749	0.06455	0.07504	0.44324	0.01223	0.06442	0.03327	0.05196	0.06372	0.02508	0.01439	0.02094	0.00527	0.00517	0.00162	0.00609	0.00489	0.00314	0.00782
15	0.01572	0.00969	0.03577	0.00952	0.01260	0.00929	0.00781	0.09965	0.19612	0.27929	0.12606	0.08367	0.03659	0.00839	0.00562	0.00174	0.00422	0.03142	0.01924	0.00759
16	0.00740	0.06752	0.00784	0.00692	0.00798	0.00590	0.00503	0.00864	0.01101	0.01432	0.13175	0.35450	0.18142	0.11558	0.00891	0.00233	0.00347	0.05038	0.00461	0.00450
17	0.03796	0.01189	0.07392	0.03867	0.15970	0.00986	0.04089	0.04141	0.03412	0.05108	0.01039	0.01218	0.00825	0.00470	0.00494	0.00124	0.02990	0.00394	0.00319	0.42177
18	0.00814	0.00650	0.00732	0.00736	0.03231	0.00604	0.00529	0.08856	0.01361	0.01733	0.15227	0.13758	0.47357	0.01238	0.00617	0.00178	0.00314	0.01052	0.00501	0.00512
19	0.01207	0.01202	0.07358	0.08120	0.10032	0.03607	0.04738	0.03848	0.01179	0.04368	0.01120	0.01309	0.03058	0.00493	0.00506	0.00123	0.03456	0.00408	0.00311	0.43555
20	0.04391	0.01476	0.01599	0.03216	0.22993	0.19004	0.03835	0.09597	0.10324	0.01857	0.01239	0.01378	0.03269	0.00550	0.00496	0.00145	0.00630	0.00452	0.00341	0.13208
21	0.02390	0.02293	0.01437	0.06943	0.19955	0.04539	0.03401	0.05884	0.10507	0.07016	0.06060	0.03292	0.02649	0.07690	0.04883	0.00222	0.00585	0.00558	0.00376	0.09320
22	0.03723	0.01224	0.01824	0.03950	0.52222	0.04645	0.02998	0.06711	0.03707	0.01806	0.01505	0.03851	0.08295	0.00610	0.00533	0.00162	0.00590	0.00558	0.00319	0.00768

[dist]
# distance from previous block
# <min> <max>
1	49

[block]
# block no. 5 follows, 46 sequences, length 22
# corresponding to MSA columns:
# 206-227
name=unknown_F
#
# <colnr> <probs for GDERKNQSTAVLIFYWHMCP>
#	G	D	E	R	K	N	Q	S	T	A	V	L	I	F	Y	W	H	M	C	P
0	0.04409	0.02023	0.09425	0.06296	0.19434	0.03633	0.01095	0.04028	0.14814	0.04147	0.11024	0.03667	0.03723	0.00675	0.00525	0.00161	0.00518	0.02075	0.00388	0.07937
1	0.06335	0.08124	0.03910	0.02490	0.10153	0.08149	0.00800	0.01391	0.06451	0.01707	0.15791	0.09375	0.11131	0.02278	0.00559	0.00163	0.00458	0.00689	0.03073	0.06973
2	0.01203	0.00938	0.01121	0.04842	0.03704	0.05867	0.03352	0.02772	0.03983	0.11207	0.20792	0.02382	0.10222	0.00735	0.00524	0.00141	0.00431	0.00625	0.00443	0.24717
3	0.03864	0.01212	0.07222	0.13663	0.13000	0.03813	0.03619	0.08988	0.08665	0.03443	0.06646	0.04257	0.02405	0.01606	0.00537	0.00157	0.00551	0.00528	0.00362	0.15462
4	0.01319	0.01230	0.02014	0.09143	0.63454	0.01248	0.01522	0.06467	0.01271	0.01802	0.01005	0.01304	0.00828	0.00482	0.00518	0.00155	0.00620	0.00464	0.00279	0.04876
5	0.07904	0.02232	0.01327	0.02812	0.05821	0.00902	0.08407	0.04088	0.04836	0.06860	0.03233	0.05859	0.02100	0.00856	0.05685	0.03144	0.00540	0.01862	0.00361	0.31173
6	0.01145	0.01057	0.04911	0.03565	0.05984	0.03760	0.03330	0.06226	0.03091	0.05211	0.01266	0.01692	0.02682	0.03685	0.28512	0.00430	0.22010	0.00526	0.00309	0.00606
7	0.00745	0.00538	0.00692	0.00654	0.00773	0.00498	0.00483	0.00974	0.01438	0.02022	0.70103	0.03960	0.07570	0.06337	0.00759	0.00189	0.00267	0.00950	0.00561	0.00485
8	0.01193	0.00685	0.00974	0.00845	0.01067	0.00615	0.05515	0.01405	0.01367	0.22580	0.29498	0.14638	0.12989	0.01053	0.00610	0.00177	0.00364	0.03266	0.00553	0.00604
9	0.01384	0.09178	0.19356	0.08329	0.14346	0.14305	0.11234	0.03146	0.04909	0.04291	0.01024	0.01230	0.00793	0.00529	0.00555	0.00160	0.03781	0.00442	0.00281	0.00729
10	0.04752	0.09065	0.33579	0.06893	0.08605	0.06372	0.08222	0.01669	0.02701	0.04875	0.01125	0.03388	0.02266	0.00567	0.00549	0.00165	0.03746	0.00463	0.00276	0.00721
11	0.00685	0.00494	0.00652	0.00763	0.00819	0.00466	0.00548	0.00805	0.01055	0.01388	0.03004	0.60200	0.07887	0.03931	0.00741	0.00227	0.00344	0.15067	0.00485	0.00438
12	0.01075	0.02477	0.67466	0.01483	0.02201	0.01177	0.06436	0.01643	0.01148	0.03220	0.03717	0.01364	0.03149	0.00546	0.00518	0.00168	0.00748	0.00449	0.00255	0.00760
13	0.01567	0.01413	0.19930	0.01448	0.11306	0.02739	0.05730	0.01937	0.03558	0.29521	0.05305	0.02803	0.01371	0.00746	0.02376	0.00187	0.01489	0.05360	0.00437	0.00779
14	0.01143	0.16933	0.48275	0.01357	0.01970	0.01303	0.06814	0.01602	0.01130	0.03853	0.01166	0.05597	0.00990	0.00612	0.00504	0.00165	0.00697	0.04896	0.00270	0.00725
15	0.02286	0.00934	0.01238	0.00953	0.01353	0.00837	0.00786	0.08517	0.01592	0.69704	0.04675	0.01832	0.01404	0.00668	0.00535	0.00163	0.00454	0.00542	0.00642	0.00886
16	0.01714	0.06793	0.01761	0.05212	0.21163	0.16174	0.01164	0.31325	0.01750	0.03958	0.01087	0.01233	0.00840	0.00653	0.02709	0.00171	0.00688	0.00440	0.00376	0.00789
17	0.01201	0.01056	0.13549	0.01031	0.01340	0.00772	0.06635	0.01521	0.05746	0.18672	0.04147	0.24646	0.08678	0.02157	0.00655	0.01774	0.00477	0.04839	0.00464	0.00638
18	0.03896	0.00895	0.01100	0.07348	0.03580	0.00751	0.00705	0.01280	0.01065	0.01651	0.01095	0.06119	0.00993	0.03276	0.03266	0.00141	0.00459	0.00426	0.00316	0.61638
19	0.05693	0.01340	0.16055	0.31096	0.02516	0.01146	0.10266	0.04915	0.05241	0.08822	0.06746	0.01572	0.01128	0.00578	0.00532	0.00172	0.00648	0.00512	0.00335	0.00687
20	0.04164	0.06245	0.25472	0.06579	0.23147	0.03036	0.03947	0.01662	0.04849	0.04794	0.04610	0.03603	0.01072	0.00562	0.00506	0.00159	0.00632	0.00484	0.00301	0.04173
21	0.08090	0.09917	0.04432	0.10245	0.30795	0.08619	0.03024	0.08523	0.01292	0.01777	0.01188	0.01395	0.05005	0.00545	0.00488	0.00153	0.00623	0.00456	0.00299	0.03135

[dist]
# distance from previous block
# <min> <max>
3	5

[block]
# block no. 6 follows, 46 sequences, length 18
# corresponding to MSA columns:
# 234-251
name=unknown_G
#
# <colnr> <probs for GDERKNQSTAVLIFYWHMCP>
#	G	D	E	R	K	N	Q	S	T	A	V	L	I	F	Y	W	H	M	C	P
0	0.00719	0.00518	0.00656	0.00742	0.00811	0.00499	0.00522	0.00912	0.05059	0.01480	0.06985	0.57441	0.07305	0.03339	0.00699	0.00213	0.00323	0.06892	0.04425	0.00460
1	0.01547	0.01159	0.01302	0.01000	0.01419	0.01130	0.00817	0.33178	0.05703	0.06398	0.01303	0.01516	0.01026	0.00583	0.00483	0.00131	0.00482	0.04445	0.00443	0.35936
2	0.05487	0.01371	0.04444	0.19115	0.28202	0.11587	0.01289	0.07076	0.06788	0.01777	0.02855	0.01350	0.00924	0.00535	0.00505	0.00157	0.00643	0.00454	0.00309	0.05132
3	0.13803	0.32652	0.12473	0.01042	0.01498	0.09790	0.01006	0.12082	0.01308	0.03760	0.00894	0.00995	0.00715	0.00501	0.00409	0.00136	0.00602	0.00339	0.00304	0.05689
4	0.01015	0.07346	0.07791	0.03345	0.03422	0.03293	0.17049	0.03092	0.01210	0.01594	0.06348	0.18730	0.07192	0.00981	0.00605	0.00186	0.00562	0.13757	0.00384	0.02097
5	0.00911	0.00611	0.00751	0.00711	0.00887	0.00564	0.00556	0.01186	0.05148	0.09267	0.38403	0.04182	0.24245	0.01135	0.00623	0.00179	0.00309	0.09243	0.00551	0.00539
6	0.01239	0.11447	0.20515	0.09538	0.20602	0.05390	0.08033	0.05120	0.01214	0.01631	0.01100	0.02775	0.00942	0.02525	0.01896	0.00182	0.00701	0.04156	0.00276	0.00718
7	0.00806	0.00631	0.03267	0.00764	0.00836	0.00635	0.00569	0.00888	0.00852	0.01187	0.05463	0.02599	0.03877	0.29645	0.30513	0.11383	0.04726	0.00647	0.00306	0.00405
8	0.00821	0.00522	0.00629	0.00637	0.00755	0.00482	0.00464	0.01008	0.01236	0.04839	0.26679	0.24250	0.14524	0.01151	0.00576	0.00171	0.00275	0.01005	0.19489	0.00487
9	0.01415	0.01156	0.04941	0.06989	0.03314	0.01146	0.12212	0.12298	0.21682	0.12390	0.05425	0.06004	0.03778	0.00714	0.00573	0.00173	0.01730	0.00630	0.02677	0.00752
10	0.03234	0.04938	0.01171	0.01127	0.07128	0.00949	0.00831	0.01106	0.00902	0.01321	0.01290	0.02012	0.01234	0.04700	0.47746	0.00594	0.14359	0.04547	0.00283	0.00529
11	0.00796	0.00564	0.00765	0.00872	0.00959	0.00557	0.00707	0.00976	0.01116	0.01462	0.02684	0.22169	0.03003	0.11411	0.00961	0.00270	0.00450	0.49356	0.00467	0.00454
12	0.00700	0.00539	0.00650	0.00701	0.00830	0.00490	0.00544	0.00866	0.01201	0.01528	0.12223	0.20635	0.35794	0.01406	0.00661	0.00201	0.00329	0.19744	0.00500	0.00459
13	0.01351	0.42373	0.16076	0.06880	0.07199	0.04214	0.06229	0.05700	0.02727	0.01527	0.00888	0.01055	0.00729	0.00486	0.00432	0.00139	0.00650	0.00370	0.00256	0.00717
14	0.01365	0.01584	0.09965	0.06681	0.50945	0.12979	0.03351	0.01722	0.03328	0.01650	0.00994	0.01262	0.00810	0.00495	0.00517	0.00157	0.00697	0.00450	0.00266	0.00782
15	0.00955	0.00859	0.01232	0.01117	0.01164	0.01137	0.00907	0.01107	0.00830	0.01250	0.01058	0.01620	0.01010	0.02456	0.40803	0.00543	0.40658	0.00515	0.00257	0.00525
16	0.59420	0.03605	0.01149	0.01195	0.13951	0.06805	0.00807	0.04600	0.01062	0.02192	0.00806	0.00957	0.00641	0.00496	0.00379	0.00159	0.00496	0.00328	0.00317	0.00636
17	0.01046	0.12648	0.41555	0.01216	0.03139	0.01164	0.01342	0.01466	0.03798	0.01493	0.01252	0.04181	0.01155	0.15717	0.00933	0.00232	0.02211	0.04522	0.00276	0.00654

[dist]
# distance from previous block
# <min> <max>
3	38

[block]
# block no. 7 follows, 46 sequences, length 6
# corresponding to MSA columns:
# 291-296
name=unknown_H
#
# <colnr> <probs for GDERKNQSTAVLIFYWHMCP>
#	G	D	E	R	K	N	Q	S	T	A	V	L	I	F	Y	W	H	M	C	P
0	0.01749	0.00984	0.07468	0.04313	0.07611	0.00793	0.00907	0.01977	0.01329	0.46194	0.02039	0.18895	0.01669	0.00840	0.00560	0.00175	0.00470	0.00724	0.00535	0.00770
1	0.00938	0.00786	0.01344	0.01246	0.01457	0.00767	0.17207	0.01225	0.01224	0.01606	0.02424	0.04978	0.02556	0.01240	0.00707	0.00229	0.00575	0.58516	0.00439	0.00536
2	0.01996	0.01085	0.01299	0.01014	0.01388	0.01087	0.00830	0.32262	0.01905	0.37256	0.12437	0.01888	0.01661	0.00706	0.00543	0.00162	0.00475	0.00569	0.00593	0.00843
3	0.01136	0.01001	0.01673	0.48860	0.12739	0.01138	0.07398	0.01545	0.06393	0.05858	0.01232	0.06527	0.01005	0.00606	0.00546	0.00176	0.00650	0.00561	0.00302	0.00655
4	0.01345	0.64202	0.02407	0.00878	0.01334	0.01791	0.00844	0.01528	0.01079	0.01348	0.00779	0.00902	0.00701	0.00439	0.00351	0.00106	0.00528	0.00289	0.00245	0.18905
5	0.00963	0.01166	0.16807	0.12238	0.08436	0.00889	0.01077	0.04171	0.02700	0.01566	0.03572	0.25239	0.03320	0.01074	0.03566	0.03717	0.02222	0.00783	0.00350	0.06144

[dist]
# distance from previous block
# <min> <max>
0	1

[block]
# block no. 8 follows, 46 sequences, length 21
# corresponding to MSA columns:
# 298-318
name=unknown_I
#
# <colnr> <probs for GDERKNQSTAVLIFYWHMCP>
#	G	D	E	R	K	N	Q	S	T	A	V	L	I	F	Y	W	H	M	C	P
0	0.01353	0.01535	0.06522	0.14547	0.35489	0.18649	0.02575	0.01636	0.01219	0.01532	0.01041	0.03571	0.00907	0.00582	0.00579	0.00164	0.04311	0.02809	0.00270	0.00709
1	0.01981	0.02337	0.01514	0.01336	0.01635	0.65613	0.01019	0.15196	0.01672	0.01653	0.00897	0.01009	0.00719	0.00561	0.00486	0.00140	0.00888	0.00364	0.00318	0.00663
2	0.00856	0.00639	0.00875	0.00829	0.00920	0.00722	0.00627	0.01001	0.00912	0.03686	0.06268	0.02473	0.05087	0.18898	0.42034	0.00597	0.09828	0.00637	0.00325	0.02784
3	0.03335	0.03977	0.05375	0.00950	0.01160	0.00930	0.02114	0.14312	0.01167	0.01651	0.01364	0.03595	0.01248	0.08545	0.47154	0.00593	0.01074	0.00558	0.00329	0.00567
4	0.01277	0.15580	0.03058	0.01995	0.02515	0.01470	0.62933	0.01674	0.01217	0.01614	0.01011	0.01324	0.00780	0.00447	0.00574	0.00167	0.00834	0.00564	0.00260	0.00707
5	0.01089	0.25017	0.33129	0.01131	0.01589	0.01310	0.01243	0.01399	0.01051	0.01437	0.03229	0.12811	0.01220	0.00792	0.00667	0.06218	0.05209	0.00546	0.00274	0.00641
6	0.01315	0.01136	0.01195	0.01076	0.01375	0.01315	0.00837	0.02809	0.77168	0.02211	0.02152	0.01972	0.01614	0.00717	0.00538	0.00179	0.00418	0.00598	0.00538	0.00837
7	0.01066	0.00723	0.00894	0.00735	0.00968	0.00620	0.00536	0.03034	0.00964	0.05005	0.01123	0.01713	0.01055	0.15151	0.01340	0.27100	0.00442	0.00455	0.00309	0.36766
8	0.01349	0.01457	0.15418	0.11127	0.44147	0.02675	0.01527	0.03334	0.01232	0.08879	0.01104	0.01341	0.00849	0.00509	0.00516	0.00160	0.00642	0.00461	0.02478	0.00794
9	0.01215	0.01657	0.16436	0.02101	0.02679	0.01318	0.63118	0.01690	0.01225	0.01690	0.01048	0.01371	0.00779	0.00456	0.00602	0.00176	0.00872	0.00583	0.00260	0.00725
10	0.00730	0.00916	0.14333	0.00746	0.00994	0.00596	0.00690	0.00936	0.01132	0.01445	0.06137	0.10895	0.44649	0.10358	0.00846	0.00219	0.00395	0.03064	0.00427	0.00492
11	0.01267	0.01133	0.01776	0.43518	0.23339	0.01283	0.03342	0.14652	0.01353	0.01810	0.01016	0.01358	0.00777	0.00530	0.00530	0.00168	0.00667	0.00475	0.00295	0.00713
12	0.03505	0.15359	0.01883	0.25897	0.05866	0.06921	0.11096	0.02628	0.04719	0.09503	0.01225	0.03708	0.01002	0.00597	0.00512	0.00164	0.00650	0.03770	0.00324	0.00673
13	0.01268	0.01191	0.01879	0.02696	0.59844	0.01217	0.01409	0.01779	0.14591	0.01794	0.01466	0.01658	0.05708	0.00568	0.00532	0.00162	0.00569	0.00533	0.00324	0.00813
14	0.00765	0.00615	0.00633	0.00621	0.00755	0.04177	0.00449	0.00842	0.01140	0.01399	0.13729	0.04029	0.46379	0.06273	0.00999	0.15077	0.00346	0.00921	0.00436	0.00415
15	0.01196	0.01381	0.12398	0.18268	0.12047	0.10794	0.07205	0.01543	0.02822	0.04499	0.01239	0.01788	0.01051	0.01198	0.14427	0.00291	0.00844	0.06065	0.00295	0.00650
16	0.03716	0.02004	0.04565	0.09170	0.15518	0.00925	0.06382	0.01408	0.10123	0.03066	0.08850	0.10620	0.03621	0.00975	0.00827	0.15057	0.00512	0.01708	0.00359	0.00593
17	0.00769	0.00533	0.00693	0.00695	0.00751	0.00566	0.00481	0.00884	0.00890	0.01265	0.07625	0.06352	0.01960	0.35569	0.32934	0.00583	0.00827	0.00719	0.05495	0.00411
18	0.01322	0.01201	0.01986	0.03638	0.35338	0.01214	0.15797	0.14690	0.01431	0.01967	0.02531	0.06261	0.01277	0.00673	0.00575	0.00174	0.00634	0.08186	0.00350	0.00756
19	0.03754	0.01233	0.05072	0.23246	0.12334	0.06561	0.01122	0.18236	0.04612	0.01866	0.01187	0.01688	0.01012	0.14807	0.00899	0.00226	0.00633	0.00512	0.00337	0.00665
20	0.00901	0.00748	0.00998	0.01220	0.18061	0.00731	0.00732	0.03428	0.02305	0.01638	0.11763	0.03372	0.32034	0.07742	0.03992	0.00224	0.02477	0.00815	0.06262	0.00557

[dist]
# distance from previous block
# <min> <max>
0	2

[block]
# block no. 9 follows, 46 sequences, length 9
# corresponding to MSA columns:
# 321-323,337-339,369-371
name=unknown_J
#
# <colnr> <probs for GDERKNQSTAVLIFYWHMCP>
#	G	D	E	R	K	N	Q	S	T	A	V	L	I	F	Y	W	H	M	C	P
0	0.10475	0.06606	0.25961	0.05148	0.04381	0.01131	0.07997	0.04631	0.02698	0.10407	0.05592	0.02804	0.01135	0.00582	0.00489	0.00161	0.00589	0.00484	0.08021	0.00709
1	0.01200	0.05016	0.20330	0.01754	0.02274	0.01249	0.41611	0.01616	0.01190	0.05053	0.01379	0.03899	0.05739	0.00584	0.00636	0.00176	0.04701	0.00600	0.00292	0.00704
2	0.00797	0.00541	0.00744	0.00745	0.00803	0.00587	0.00537	0.00882	0.00880	0.01254	0.06775	0.08704	0.01785	0.17741	0.34408	0.13813	0.02974	0.00683	0.04940	0.00407
3	0.10395	0.07420	0.13226	0.01384	0.04900	0.15968	0.13821	0.06001	0.06693	0.07759	0.01153	0.01281	0.00868	0.00537	0.00486	0.00156	0.00672	0.00443	0.06129	0.00710
4	0.03934	0.09045	0.16172	0.01387	0.13385	0.03038	0.01121	0.01956	0.06144	0.25743	0.05696	0.01536	0.01206	0.00579	0.00495	0.00153	0.00545	0.00472	0.00415	0.06975
5	0.00789	0.00608	0.00825	0.06238	0.01008	0.00685	0.00606	0.00905	0.00873	0.01196	0.01815	0.10812	0.06502	0.29450	0.28437	0.00530	0.07213	0.00752	0.00323	0.00431
6	0.00801	0.00583	0.00754	0.00786	0.00884	0.00580	0.00590	0.00992	0.03228	0.04321	0.17202	0.36752	0.12977	0.01373	0.00724	0.00203	0.05392	0.10869	0.00498	0.00490
7	0.01419	0.11360	0.14603	0.05878	0.12752	0.05023	0.07902	0.05250	0.01296	0.15328	0.03901	0.07058	0.04615	0.00659	0.00524	0.00162	0.00606	0.00568	0.00369	0.00730
8	0.09281	0.01397	0.05163	0.04001	0.06272	0.05198	0.07929	0.36077	0.01827	0.11850	0.04883	0.01423	0.01074	0.00604	0.00520	0.00162	0.00597	0.00491	0.00452	0.00800

[dist]
# distance from previous block
# <min> <max>
0	187

# created by:
# /home/cegg/simao/soft/augustus-3.2.1/scripts/msa2prfl.pl ./align_prep/EOG091G0TZ2.fa
