[name]
unknown

[dist]
# distance from previous block
# <min> <max>
18	171

[block]
# block no. 0 follows, 52 sequences, length 60
# corresponding to MSA columns:
# 288-347
name=unknown_A
#
# <colnr> <probs for GDERKNQSTAVLIFYWHMCP>
#	G	D	E	R	K	N	Q	S	T	A	V	L	I	F	Y	W	H	M	C	P
0	0.21530	0.20609	0.04296	0.00877	0.01187	0.12031	0.02071	0.01510	0.05050	0.05994	0.03095	0.03680	0.05135	0.00600	0.00446	0.00141	0.03326	0.03793	0.00314	0.04315
1	0.01239	0.33973	0.08359	0.00911	0.01246	0.09064	0.02876	0.01479	0.04133	0.09407	0.04552	0.05394	0.05761	0.02915	0.06543	0.00189	0.00580	0.00471	0.00309	0.00598
2	0.09774	0.03111	0.04047	0.00802	0.01159	0.02815	0.01449	0.05949	0.01177	0.15021	0.08928	0.03159	0.03000	0.00565	0.00429	0.00120	0.00401	0.02812	0.00382	0.34900
3	0.02302	0.08559	0.44317	0.01147	0.01707	0.03326	0.03243	0.02232	0.01056	0.06050	0.00963	0.01180	0.00745	0.02077	0.00474	0.00140	0.00601	0.02102	0.00258	0.17523
4	0.10703	0.01500	0.03438	0.04733	0.01507	0.23388	0.02842	0.32011	0.01600	0.03651	0.01085	0.03433	0.00889	0.00604	0.00493	0.00149	0.02566	0.04380	0.00367	0.00661
5	0.03662	0.00994	0.06090	0.61847	0.02863	0.01095	0.01257	0.07339	0.04210	0.01486	0.03918	0.01359	0.00837	0.00516	0.00481	0.00159	0.00607	0.00443	0.00262	0.00577
6	0.00693	0.00471	0.00546	0.00559	0.00575	0.00464	0.00336	0.00724	0.00785	0.01048	0.05892	0.10315	0.04053	0.66287	0.02087	0.00412	0.00434	0.03667	0.00330	0.00320
7	0.00876	0.00593	0.00755	0.00680	0.00860	0.00539	0.03074	0.04261	0.01278	0.10520	0.32075	0.07835	0.29841	0.01033	0.00565	0.00161	0.00299	0.03761	0.00493	0.00500
8	0.01213	0.01255	0.02400	0.12775	0.02445	0.05395	0.55149	0.03792	0.01169	0.05845	0.01016	0.01312	0.00757	0.00520	0.02564	0.00175	0.00778	0.00529	0.00268	0.00642
9	0.05405	0.00767	0.01313	0.04177	0.01395	0.00777	0.20675	0.01121	0.00993	0.03908	0.01733	0.17749	0.03401	0.03457	0.15691	0.00302	0.02614	0.13678	0.00339	0.00504
10	0.01971	0.00780	0.01059	0.00828	0.01167	0.00677	0.00677	0.02164	0.01385	0.69559	0.12558	0.01919	0.01661	0.00653	0.00499	0.00150	0.00387	0.00541	0.00591	0.00774
11	0.00983	0.05181	0.77878	0.01363	0.02069	0.01152	0.01759	0.01532	0.01022	0.01522	0.00863	0.01015	0.00614	0.00459	0.00455	0.00152	0.00710	0.00355	0.00205	0.00713
12	0.01102	0.07098	0.63672	0.01288	0.01919	0.05374	0.01577	0.03494	0.01098	0.05043	0.03365	0.01113	0.00770	0.00486	0.00456	0.00149	0.00680	0.00374	0.00242	0.00702
13	0.03507	0.01298	0.01380	0.10387	0.01654	0.06537	0.00933	0.56545	0.04175	0.02616	0.05273	0.01300	0.01001	0.00586	0.00482	0.00147	0.00544	0.00450	0.00437	0.00747
14	0.01645	0.01243	0.01331	0.01067	0.01418	0.01388	0.00866	0.52116	0.26950	0.04609	0.01442	0.01383	0.01044	0.00607	0.00488	0.00152	0.00482	0.00473	0.00490	0.00806
15	0.00922	0.00874	0.01494	0.79482	0.03314	0.01081	0.03583	0.01247	0.00974	0.01247	0.00865	0.01292	0.00649	0.00482	0.00487	0.00162	0.00651	0.00435	0.00216	0.00542
16	0.16424	0.01145	0.01194	0.00918	0.01302	0.09011	0.05399	0.16643	0.01276	0.03042	0.00899	0.01012	0.00703	0.00440	0.00396	0.00112	0.00477	0.00335	0.00327	0.38946
17	0.02028	0.00857	0.01120	0.00881	0.01241	0.00786	0.00720	0.02394	0.13077	0.68506	0.01921	0.01673	0.01242	0.00608	0.00488	0.00152	0.00408	0.00496	0.00584	0.00816
18	0.00705	0.00470	0.00529	0.00529	0.00529	0.00470	0.00294	0.00705	0.00705	0.00940	0.01527	0.03171	0.01762	0.82969	0.02467	0.00470	0.00470	0.00705	0.00294	0.00294
19	0.01181	0.01415	0.11943	0.04541	0.02422	0.01193	0.60975	0.03632	0.01165	0.05118	0.01010	0.01284	0.00741	0.00430	0.00550	0.00161	0.00774	0.00534	0.00262	0.00669
20	0.01750	0.01338	0.01386	0.01086	0.01443	0.05454	0.00887	0.68622	0.02146	0.02846	0.03820	0.04649	0.01039	0.00630	0.00491	0.00147	0.00530	0.00484	0.00473	0.00781
21	0.00600	0.00489	0.00531	0.00528	0.00673	0.00420	0.00393	0.00746	0.01158	0.01454	0.22262	0.08207	0.58479	0.01186	0.00575	0.00163	0.00243	0.01006	0.00469	0.00420
22	0.00992	0.02368	0.71486	0.01458	0.02148	0.01137	0.10624	0.01537	0.01037	0.01537	0.00882	0.01056	0.00628	0.00454	0.00473	0.00155	0.00728	0.00383	0.00209	0.00709
23	0.01739	0.01310	0.01403	0.01104	0.01452	0.03568	0.00905	0.60432	0.10299	0.05865	0.01236	0.01237	0.00892	0.00605	0.00553	0.00151	0.05544	0.00446	0.00467	0.00793
24	0.00618	0.00480	0.00564	0.00582	0.00700	0.00426	0.00429	0.00768	0.01145	0.01486	0.26369	0.21482	0.37736	0.01226	0.00586	0.00170	0.00256	0.04081	0.00474	0.00421
25	0.00674	0.00486	0.00637	0.00618	0.00721	0.00449	0.00456	0.00884	0.01316	0.01854	0.69940	0.13626	0.04399	0.01057	0.00578	0.00158	0.00235	0.00940	0.00523	0.00449
26	0.08391	0.01140	0.01651	0.14050	0.01833	0.05080	0.15540	0.08230	0.01036	0.01512	0.00831	0.01209	0.00706	0.00644	0.00943	0.00180	0.34227	0.01962	0.00257	0.00580
27	0.01939	0.00877	0.01118	0.00892	0.01243	0.00832	0.00726	0.02414	0.20266	0.61264	0.01927	0.01688	0.01268	0.00614	0.00489	0.00153	0.00405	0.00502	0.00574	0.00811
28	0.00684	0.00474	0.00530	0.00528	0.00558	0.00460	0.00314	0.00716	0.00802	0.01052	0.06602	0.03414	0.13253	0.66290	0.02080	0.00407	0.00423	0.00761	0.00330	0.00320
29	0.33538	0.01105	0.01097	0.00890	0.01227	0.02848	0.00730	0.29264	0.06035	0.15851	0.01139	0.01136	0.00808	0.00542	0.00432	0.00150	0.01698	0.00384	0.00427	0.00699
30	0.01838	0.01473	0.01445	0.01131	0.01502	0.11133	0.00923	0.69078	0.02169	0.02828	0.01113	0.01128	0.00800	0.00572	0.00479	0.00143	0.00575	0.00421	0.00456	0.00792
31	0.00657	0.00495	0.00609	0.00591	0.00717	0.00447	0.00447	0.00854	0.01279	0.01735	0.54527	0.05793	0.24734	0.01081	0.00577	0.00159	0.00243	0.04107	0.00505	0.00442
32	0.01727	0.01164	0.01292	0.01022	0.01373	0.01258	0.00833	0.47644	0.15734	0.16270	0.05471	0.01489	0.01199	0.00619	0.00491	0.00150	0.00470	0.00488	0.00509	0.00795
33	0.00901	0.00613	0.00815	0.00872	0.01004	0.00618	0.00742	0.04575	0.03302	0.05306	0.02365	0.04789	0.02499	0.08271	0.00802	0.00236	0.00449	0.60921	0.00444	0.00477
34	0.00767	0.00548	0.00764	0.00876	0.00981	0.00545	0.00756	0.00979	0.01101	0.01434	0.02574	0.11274	0.02820	0.01352	0.00666	0.00221	0.00434	0.71018	0.00447	0.00442
35	0.00634	0.00450	0.00600	0.00703	0.00745	0.00429	0.00498	0.00737	0.00945	0.01253	0.02565	0.62524	0.03019	0.07678	0.00768	0.00222	0.00326	0.15069	0.00437	0.00396
36	0.01133	0.42626	0.41748	0.01107	0.01673	0.01519	0.01313	0.01493	0.01004	0.01339	0.00772	0.00901	0.00618	0.00438	0.00386	0.00129	0.00618	0.00309	0.00206	0.00669
37	0.01898	0.01352	0.01388	0.01083	0.01455	0.08808	0.00885	0.57701	0.02036	0.16579	0.01257	0.01223	0.00872	0.00577	0.00481	0.00144	0.00544	0.00434	0.00483	0.00800
38	0.01238	0.01057	0.01114	0.00993	0.01273	0.01221	0.00775	0.06466	0.75126	0.02080	0.01931	0.01775	0.01446	0.00654	0.00493	0.00163	0.00391	0.00542	0.00493	0.00770
39	0.00702	0.00485	0.00597	0.00608	0.00634	0.00501	0.00387	0.01757	0.00771	0.01046	0.01632	0.13771	0.01834	0.54446	0.18314	0.00492	0.00615	0.00755	0.00311	0.00343
40	0.05795	0.00972	0.01035	0.00883	0.01041	0.10858	0.06724	0.14757	0.01112	0.01476	0.01237	0.02136	0.01248	0.41688	0.03894	0.00327	0.03471	0.00558	0.00315	0.00475
41	0.02155	0.00829	0.01124	0.00865	0.01238	0.00722	0.00713	0.02366	0.02904	0.78754	0.01913	0.01653	0.01205	0.00601	0.00487	0.00150	0.00412	0.00489	0.00598	0.00824
42	0.00743	0.00500	0.00657	0.00680	0.00785	0.00464	0.00515	0.00917	0.01176	0.05751	0.34218	0.28094	0.09010	0.01205	0.00597	0.00178	0.00291	0.13277	0.00491	0.00452
43	0.00928	0.00801	0.01110	0.00984	0.01162	0.00917	0.07733	0.01506	0.26688	0.01464	0.01537	0.01861	0.03126	0.04568	0.36808	0.00453	0.06906	0.00544	0.00338	0.00566
44	0.03182	0.01740	0.01383	0.01151	0.01473	0.36794	0.00908	0.37822	0.02978	0.06433	0.01025	0.01065	0.00761	0.00545	0.00461	0.00137	0.00673	0.00383	0.00384	0.00702
45	0.01806	0.01323	0.01416	0.01090	0.01467	0.01463	0.00899	0.75398	0.02231	0.03007	0.01179	0.01188	0.00840	0.00581	0.00479	0.00144	0.00522	0.00437	0.03720	0.00810
46	0.00697	0.00473	0.00539	0.00539	0.00553	0.00474	0.00314	0.00712	0.00730	0.00969	0.01694	0.03185	0.05863	0.74565	0.06403	0.00469	0.00500	0.00712	0.00300	0.00307
47	0.00939	0.00893	0.01451	0.72647	0.05053	0.02885	0.02479	0.01253	0.00992	0.01261	0.00949	0.01495	0.00760	0.00526	0.00494	0.00163	0.00642	0.04347	0.00229	0.00542
48	0.02157	0.00852	0.01142	0.00875	0.01251	0.00753	0.00723	0.06264	0.01433	0.76315	0.01873	0.01624	0.01180	0.00599	0.00487	0.00150	0.00419	0.00485	0.00594	0.00825
49	0.00723	0.00507	0.00615	0.00587	0.00727	0.00451	0.00440	0.00904	0.01254	0.05982	0.44981	0.08687	0.30187	0.01083	0.00570	0.00159	0.00248	0.00936	0.00503	0.00457
50	0.00675	0.00452	0.00587	0.00664	0.00727	0.00414	0.00455	0.00772	0.00982	0.05448	0.04816	0.68223	0.11120	0.01426	0.00606	0.00190	0.00283	0.01281	0.00460	0.00420
51	0.54348	0.15665	0.01182	0.00773	0.01105	0.04653	0.00659	0.13640	0.01107	0.02089	0.00755	0.00849	0.00594	0.00467	0.00337	0.00140	0.00446	0.00291	0.00311	0.00591
52	0.00689	0.00497	0.00653	0.00629	0.00740	0.00462	0.00477	0.00913	0.01344	0.01894	0.72907	0.05917	0.04427	0.01026	0.00579	0.00158	0.00243	0.05463	0.00526	0.00455
53	0.02174	0.00825	0.01125	0.00862	0.01237	0.00712	0.00712	0.02362	0.01387	0.80282	0.01912	0.01649	0.01200	0.00600	0.00487	0.00150	0.00412	0.00487	0.00600	0.00825
54	0.01373	0.35370	0.21914	0.01103	0.01560	0.15610	0.04022	0.03532	0.03088	0.07001	0.00882	0.00975	0.00692	0.00464	0.00403	0.00128	0.00632	0.00333	0.00258	0.00659
55	0.01462	0.01719	0.01608	0.01357	0.01554	0.40897	0.11052	0.03460	0.01145	0.01272	0.00750	0.01003	0.00648	0.00611	0.00859	0.00161	0.29245	0.00388	0.00242	0.00569
56	0.00681	0.00472	0.00551	0.00565	0.00598	0.00458	0.00354	0.00733	0.00848	0.01127	0.09797	0.12834	0.08818	0.55004	0.01827	0.00370	0.00404	0.03865	0.00355	0.00338
57	0.33188	0.01099	0.01082	0.00883	0.01209	0.01228	0.00722	0.36459	0.07230	0.04415	0.07061	0.01270	0.01056	0.00570	0.00423	0.00149	0.00437	0.00415	0.00423	0.00681
58	0.05532	0.00953	0.01526	0.53830	0.13126	0.01147	0.03465	0.03836	0.01004	0.01395	0.00849	0.01225	0.00663	0.00514	0.00590	0.00163	0.08942	0.00425	0.00233	0.00580
59	0.00660	0.00453	0.00610	0.00708	0.00760	0.00427	0.00504	0.00771	0.00981	0.03240	0.05188	0.67041	0.03142	0.01453	0.00621	0.00198	0.00306	0.12068	0.00456	0.00414

[dist]
# distance from previous block
# <min> <max>
3	7

[block]
# block no. 1 follows, 52 sequences, length 25
# corresponding to MSA columns:
# 356-380
name=unknown_B
#
# <colnr> <probs for GDERKNQSTAVLIFYWHMCP>
#	G	D	E	R	K	N	Q	S	T	A	V	L	I	F	Y	W	H	M	C	P
0	0.00738	0.00523	0.00597	0.00625	0.00655	0.03778	0.00403	0.00735	0.00821	0.01062	0.03726	0.26911	0.06184	0.30847	0.01551	0.18926	0.00401	0.00852	0.00335	0.00327
1	0.03503	0.01295	0.01417	0.01118	0.01454	0.04509	0.03273	0.58220	0.05436	0.02630	0.01147	0.01223	0.00853	0.00800	0.06110	0.00194	0.05187	0.00442	0.00434	0.00756
2	0.01807	0.00998	0.01183	0.00948	0.01293	0.01021	0.00769	0.20165	0.21996	0.39783	0.03611	0.01624	0.01266	0.00620	0.00490	0.00153	0.00429	0.00501	0.00543	0.00801
3	0.00658	0.00466	0.00550	0.00573	0.00615	0.00449	0.00365	0.00719	0.00865	0.01143	0.08213	0.21438	0.13146	0.43506	0.04902	0.00354	0.00412	0.00907	0.00368	0.00351
4	0.02009	0.01022	0.01211	0.00946	0.01312	0.03734	0.00775	0.20784	0.07358	0.53007	0.01694	0.01516	0.01109	0.00596	0.00485	0.00149	0.00456	0.00473	0.00552	0.00811
5	0.00607	0.00453	0.00551	0.00606	0.00678	0.00412	0.00416	0.00713	0.01011	0.01319	0.12748	0.45508	0.23457	0.08269	0.00757	0.00206	0.00281	0.01165	0.00447	0.00397
6	0.00659	0.00478	0.00561	0.00562	0.00633	0.00451	0.00376	0.00756	0.00980	0.01300	0.21230	0.10876	0.20414	0.34026	0.04363	0.00310	0.00374	0.00874	0.00400	0.00374
7	0.00935	0.00881	0.01489	0.76406	0.08584	0.01082	0.01356	0.01255	0.00978	0.01262	0.00865	0.01286	0.00654	0.00481	0.00484	0.00160	0.00641	0.00431	0.00217	0.00554
8	0.06866	0.00794	0.00882	0.03579	0.01058	0.00874	0.00613	0.03854	0.33707	0.06300	0.03806	0.11766	0.01684	0.18714	0.00963	0.02484	0.00401	0.00657	0.00421	0.00577
9	0.00689	0.00470	0.00583	0.00634	0.00710	0.00431	0.00440	0.00788	0.00984	0.05059	0.06012	0.46005	0.18937	0.11683	0.00837	0.00222	0.00309	0.04357	0.00441	0.00410
10	0.01158	0.01221	0.01653	0.29584	0.20544	0.15100	0.10858	0.01486	0.04961	0.01391	0.01151	0.03311	0.04395	0.00532	0.00494	0.00152	0.00651	0.00483	0.00261	0.00613
11	0.00824	0.00494	0.00714	0.00703	0.00736	0.00537	0.00500	0.00791	0.03932	0.00975	0.01012	0.01621	0.00976	0.04042	0.21643	0.56058	0.03446	0.00458	0.00237	0.00302
12	0.00766	0.00487	0.00612	0.00655	0.00748	0.00446	0.00469	0.00879	0.01011	0.08424	0.04527	0.45389	0.16437	0.07254	0.00726	0.00205	0.00310	0.06762	0.03457	0.00435
13	0.00682	0.00519	0.00735	0.00741	0.00821	0.00579	0.00562	0.00832	0.00846	0.01184	0.05093	0.13167	0.07987	0.06096	0.54363	0.00592	0.03768	0.00696	0.00312	0.00424
14	0.00988	0.00964	0.01493	0.56775	0.13780	0.04802	0.02725	0.01275	0.01004	0.01290	0.01054	0.03092	0.03859	0.00544	0.00541	0.00161	0.04382	0.00471	0.00235	0.00565
15	0.01081	0.01029	0.01771	0.33030	0.46104	0.01109	0.04112	0.01375	0.01043	0.01433	0.00893	0.01245	0.00722	0.00480	0.00517	0.02120	0.00608	0.00436	0.00230	0.00663
16	0.00664	0.00489	0.00603	0.00648	0.00728	0.00459	0.00456	0.03756	0.01075	0.01423	0.15260	0.46418	0.16356	0.06110	0.00708	0.00199	0.00293	0.03481	0.00455	0.00419
17	0.00826	0.00737	0.01279	0.07980	0.10104	0.00725	0.16127	0.01038	0.01028	0.01383	0.04615	0.35893	0.02189	0.03037	0.00633	0.00190	0.00475	0.10870	0.00365	0.00505
18	0.00968	0.00774	0.03030	0.16387	0.01538	0.00813	0.07556	0.04047	0.01039	0.07511	0.13909	0.01923	0.01546	0.04828	0.21861	0.05570	0.05311	0.00552	0.00324	0.00514
19	0.00765	0.00573	0.00714	0.00723	0.00834	0.00567	0.01983	0.03634	0.09275	0.01400	0.05688	0.28845	0.17483	0.06837	0.00841	0.08293	0.00348	0.10334	0.00421	0.00441
20	0.00649	0.00470	0.00592	0.00664	0.00715	0.00451	0.00456	0.00785	0.03646	0.01274	0.06792	0.51978	0.07404	0.14912	0.00919	0.00239	0.00324	0.06903	0.00430	0.00398
21	0.63038	0.00916	0.00915	0.22814	0.01593	0.01084	0.00749	0.01374	0.00864	0.01918	0.00726	0.00925	0.00558	0.00459	0.00350	0.00153	0.00449	0.00308	0.00277	0.00529
22	0.00706	0.00513	0.00694	0.10573	0.01045	0.00507	0.00564	0.00833	0.00973	0.04559	0.02709	0.48369	0.15804	0.04437	0.03445	0.00216	0.00371	0.02837	0.00415	0.00431
23	0.02271	0.01033	0.01617	0.36313	0.15405	0.03213	0.10818	0.08455	0.04688	0.01588	0.04078	0.03477	0.00952	0.00525	0.00494	0.00154	0.00600	0.00486	0.00284	0.03550
24	0.04790	0.01136	0.02593	0.14326	0.19296	0.10941	0.07356	0.04811	0.05177	0.06190	0.11142	0.04392	0.01350	0.00583	0.00488	0.00148	0.00553	0.00514	0.00331	0.03883

[dist]
# distance from previous block
# <min> <max>
4	10

[block]
# block no. 2 follows, 52 sequences, length 10
# corresponding to MSA columns:
# 391-400
name=unknown_C
#
# <colnr> <probs for GDERKNQSTAVLIFYWHMCP>
#	G	D	E	R	K	N	Q	S	T	A	V	L	I	F	Y	W	H	M	C	P
0	0.01189	0.00789	0.02669	0.00795	0.00996	0.05203	0.00619	0.07879	0.03563	0.20629	0.11651	0.29055	0.08891	0.01072	0.02510	0.00181	0.00396	0.00862	0.00479	0.00573
1	0.00815	0.00426	0.00618	0.00624	0.00626	0.00424	0.00411	0.00641	0.00655	0.00873	0.01010	0.06246	0.01062	0.09304	0.01875	0.73011	0.00418	0.00502	0.00232	0.00229
2	0.06070	0.04912	0.04841	0.10141	0.09015	0.15036	0.05055	0.15006	0.01381	0.18613	0.02862	0.02891	0.00936	0.00546	0.00467	0.00145	0.00585	0.00440	0.00370	0.00687
3	0.01218	0.18618	0.29482	0.04326	0.10918	0.04564	0.13442	0.06741	0.01151	0.03854	0.00897	0.01069	0.00685	0.00454	0.00452	0.00142	0.00658	0.00390	0.00248	0.00691
4	0.01828	0.01002	0.01151	0.00919	0.01253	0.04951	0.00744	0.20492	0.06892	0.43040	0.06175	0.04075	0.03895	0.00663	0.00496	0.00151	0.00443	0.00536	0.00534	0.00761
5	0.01204	0.00949	0.10158	0.00897	0.02633	0.00777	0.02909	0.10153	0.05655	0.17820	0.09872	0.07086	0.08128	0.15061	0.00911	0.03693	0.00444	0.00644	0.00421	0.00588
6	0.14411	0.03576	0.01385	0.05901	0.14964	0.02666	0.04251	0.13173	0.05913	0.17381	0.03270	0.04148	0.01028	0.00583	0.00524	0.00154	0.05133	0.00467	0.00383	0.00689
7	0.07854	0.06876	0.20089	0.01075	0.03673	0.02966	0.04340	0.07162	0.09408	0.15174	0.04742	0.05951	0.04989	0.00622	0.00468	0.00150	0.00503	0.00510	0.00375	0.03073
8	0.03812	0.02873	0.01104	0.00876	0.01157	0.00819	0.04985	0.10703	0.07123	0.26232	0.20550	0.04810	0.05247	0.00761	0.00516	0.00154	0.00394	0.04495	0.00497	0.02893
9	0.07672	0.05521	0.11724	0.00996	0.01329	0.04846	0.03440	0.13827	0.02384	0.17372	0.06863	0.09768	0.01391	0.00700	0.00545	0.00156	0.05082	0.03088	0.00401	0.02893

[dist]
# distance from previous block
# <min> <max>
1	15

[block]
# block no. 3 follows, 52 sequences, length 30
# corresponding to MSA columns:
# 416-445
name=unknown_D
#
# <colnr> <probs for GDERKNQSTAVLIFYWHMCP>
#	G	D	E	R	K	N	Q	S	T	A	V	L	I	F	Y	W	H	M	C	P
0	0.09809	0.01245	0.07959	0.02513	0.02771	0.09486	0.05787	0.12070	0.09490	0.11727	0.05863	0.01449	0.03438	0.00553	0.00454	0.00138	0.00506	0.00446	0.00380	0.13916
1	0.05532	0.04097	0.02772	0.04154	0.16732	0.09714	0.10859	0.11904	0.06435	0.12091	0.06331	0.01391	0.01084	0.00538	0.00499	0.00146	0.02102	0.00463	0.00359	0.02797
2	0.07837	0.08225	0.07415	0.01425	0.12542	0.10718	0.09948	0.08400	0.09033	0.05961	0.01172	0.01305	0.03025	0.00551	0.00534	0.00151	0.05240	0.00436	0.00328	0.05756
3	0.19939	0.01105	0.01307	0.07606	0.13370	0.05654	0.04318	0.17304	0.04006	0.08108	0.06309	0.01302	0.01018	0.00527	0.00443	0.00144	0.00500	0.00424	0.00362	0.06257
4	0.14978	0.01033	0.01188	0.05718	0.10068	0.06256	0.03475	0.07666	0.10228	0.09222	0.06109	0.01523	0.05100	0.00558	0.00444	0.00138	0.00460	0.00453	0.00368	0.15015
5	0.01629	0.01250	0.01538	0.04141	0.19844	0.01342	0.01044	0.50776	0.03555	0.05232	0.01127	0.01201	0.00828	0.00538	0.00479	0.00143	0.00533	0.00434	0.00416	0.03951
6	0.05282	0.01174	0.01317	0.01050	0.01371	0.03597	0.03563	0.41098	0.08774	0.04066	0.01202	0.03876	0.00945	0.00775	0.05145	0.00182	0.06215	0.00460	0.00411	0.09494
7	0.00829	0.00425	0.00632	0.00640	0.00644	0.00423	0.00432	0.00643	0.00657	0.00875	0.00969	0.05191	0.00998	0.01667	0.01805	0.79830	0.00415	0.02471	0.00227	0.00225
8	0.01101	0.00869	0.01019	0.00766	0.01157	0.00708	0.00616	0.07911	0.01135	0.05189	0.01097	0.04682	0.00958	0.00487	0.00402	0.00095	0.00378	0.04259	0.00333	0.66839
9	0.05614	0.00649	0.00639	0.00631	0.00789	0.04645	0.00475	0.00991	0.07321	0.01483	0.13629	0.12067	0.41728	0.03077	0.00599	0.00173	0.00312	0.04283	0.00442	0.00456
10	0.04266	0.00521	0.00642	0.03501	0.00795	0.00521	0.00467	0.00877	0.03355	0.01434	0.24546	0.22372	0.06030	0.22823	0.02792	0.00264	0.00362	0.03606	0.00415	0.00411
11	0.00990	0.00546	0.00728	0.00740	0.00877	0.00500	0.00563	0.01131	0.01095	0.19442	0.05207	0.41492	0.08673	0.01235	0.00592	0.00187	0.00336	0.14673	0.00486	0.00505
12	0.00691	0.00469	0.00528	0.00534	0.00545	0.00462	0.00306	0.00703	0.00739	0.00976	0.01778	0.07319	0.06287	0.74141	0.02264	0.00438	0.00447	0.00757	0.00311	0.00305
13	0.00658	0.00462	0.00568	0.00621	0.00659	0.00444	0.00413	0.00729	0.00884	0.01167	0.05006	0.34536	0.08090	0.34514	0.01369	0.00306	0.00370	0.08455	0.00389	0.00362
14	0.37533	0.01019	0.01029	0.00839	0.01177	0.01102	0.00689	0.20597	0.07347	0.22400	0.01211	0.01179	0.00845	0.00537	0.00408	0.00150	0.00424	0.00385	0.00437	0.00694
15	0.00695	0.00494	0.00594	0.00576	0.00687	0.00449	0.00413	0.00846	0.01158	0.03865	0.38761	0.09471	0.24253	0.14555	0.00884	0.00211	0.00282	0.00912	0.00467	0.00424
16	0.00672	0.00502	0.00585	0.00593	0.00710	0.00457	0.00433	0.00835	0.02864	0.02854	0.21088	0.16176	0.34430	0.10044	0.00787	0.00203	0.00290	0.05601	0.00456	0.00423
17	0.00736	0.00503	0.00621	0.00647	0.00729	0.00482	0.00467	0.00887	0.02855	0.03672	0.15271	0.21427	0.10825	0.22378	0.01076	0.00256	0.00349	0.13152	0.03254	0.00412
18	0.37539	0.00971	0.00965	0.00803	0.01117	0.01054	0.00654	0.17230	0.08801	0.16840	0.05784	0.01417	0.03759	0.00582	0.00416	0.00151	0.00402	0.00428	0.00430	0.00657
19	0.43386	0.00832	0.00830	0.00710	0.01001	0.00872	0.00575	0.01651	0.04434	0.25308	0.08441	0.03661	0.05248	0.00619	0.00411	0.00153	0.00364	0.00464	0.00430	0.00609
20	0.01069	0.00900	0.01040	0.00748	0.01176	0.00712	0.00601	0.07169	0.01103	0.01693	0.00885	0.01017	0.00726	0.00376	0.00369	0.00077	0.00372	0.00299	0.00302	0.79366
21	0.00717	0.00503	0.00754	0.00754	0.00826	0.00575	0.00575	0.00826	0.00754	0.01077	0.01221	0.01831	0.01149	0.03306	0.67708	0.15125	0.01150	0.00503	0.00251	0.00395
22	0.00591	0.00434	0.00551	0.00643	0.00690	0.00398	0.00433	0.00679	0.00948	0.01239	0.02972	0.68568	0.14640	0.03924	0.00667	0.00200	0.00281	0.01304	0.00445	0.00393
23	0.00761	0.00519	0.00581	0.00564	0.00730	0.00444	0.00423	0.00892	0.01130	0.10148	0.08953	0.14482	0.56261	0.01181	0.00569	0.00166	0.00268	0.01000	0.00472	0.00456
24	0.00933	0.00632	0.00866	0.00819	0.00868	0.00722	0.00622	0.06976	0.00860	0.01178	0.01145	0.04335	0.01167	0.04972	0.04964	0.43540	0.14944	0.09820	0.00274	0.00363
25	0.01128	0.01079	0.01838	0.22711	0.60766	0.01133	0.01452	0.01425	0.01070	0.01497	0.00899	0.01223	0.00737	0.00445	0.00481	0.00148	0.00593	0.00431	0.00234	0.00710
26	0.00609	0.00446	0.00563	0.00649	0.00702	0.00413	0.00447	0.00703	0.00952	0.01240	0.02937	0.58825	0.15381	0.07656	0.00755	0.00214	0.00301	0.06377	0.00438	0.00392
27	0.00772	0.00544	0.00658	0.00679	0.00772	0.00530	0.00477	0.05294	0.05046	0.04036	0.09476	0.42507	0.11656	0.12777	0.00852	0.00222	0.00326	0.02486	0.00444	0.00446
28	0.13783	0.01349	0.01312	0.04354	0.03233	0.14387	0.02998	0.39062	0.01677	0.02310	0.03573	0.03222	0.00914	0.00562	0.00452	0.00141	0.00554	0.00425	0.00386	0.05306
29	0.06274	0.01404	0.03271	0.01201	0.05671	0.15569	0.02912	0.33274	0.10644	0.02928	0.01144	0.02890	0.00894	0.00686	0.03368	0.00169	0.04000	0.00437	0.00383	0.02880

[dist]
# distance from previous block
# <min> <max>
4	18

[block]
# block no. 4 follows, 52 sequences, length 6
# corresponding to MSA columns:
# 464-469
name=unknown_E
#
# <colnr> <probs for GDERKNQSTAVLIFYWHMCP>
#	G	D	E	R	K	N	Q	S	T	A	V	L	I	F	Y	W	H	M	C	P
0	0.07017	0.01150	0.05907	0.02628	0.03519	0.08291	0.04517	0.10143	0.07522	0.05734	0.06020	0.01523	0.06330	0.00549	0.00443	0.00126	0.00472	0.00445	0.00355	0.27310
1	0.01291	0.07156	0.16916	0.07217	0.13778	0.04490	0.01125	0.12127	0.14261	0.07473	0.03073	0.01381	0.02691	0.00540	0.00465	0.00145	0.00542	0.00441	0.00344	0.04545
2	0.05956	0.10321	0.14361	0.01300	0.11932	0.21369	0.01034	0.08253	0.01237	0.06207	0.01187	0.05337	0.04654	0.00566	0.00445	0.00138	0.00604	0.00436	0.00302	0.04361
3	0.00842	0.00421	0.00631	0.00631	0.00631	0.00421	0.00421	0.00631	0.00631	0.00842	0.00842	0.01473	0.00842	0.01684	0.01894	0.85901	0.00421	0.00421	0.00210	0.00210
4	0.01525	0.00918	0.01182	0.01077	0.07193	0.05783	0.05683	0.05065	0.06810	0.34183	0.06662	0.06671	0.05843	0.02865	0.00562	0.00164	0.00453	0.03908	0.02775	0.00678
5	0.04590	0.03721	0.04426	0.01317	0.09171	0.09547	0.08629	0.28729	0.07033	0.06550	0.01099	0.01176	0.00820	0.00507	0.00461	0.00137	0.00564	0.00415	0.00371	0.10737

[dist]
# distance from previous block
# <min> <max>
2	7

[block]
# block no. 5 follows, 52 sequences, length 29
# corresponding to MSA columns:
# 505-513,531-542,554-561
name=unknown_F
#
# <colnr> <probs for GDERKNQSTAVLIFYWHMCP>
#	G	D	E	R	K	N	Q	S	T	A	V	L	I	F	Y	W	H	M	C	P
0	0.00876	0.02993	0.07190	0.09588	0.01287	0.00759	0.03214	0.05991	0.06445	0.01746	0.34215	0.09635	0.05946	0.02472	0.00566	0.00159	0.00386	0.00726	0.00420	0.05386
1	0.13336	0.00883	0.01086	0.00854	0.01213	0.00837	0.00702	0.06433	0.06268	0.60661	0.01709	0.01518	0.01107	0.00582	0.00463	0.00151	0.00412	0.00458	0.00547	0.00781
2	0.00898	0.02878	0.03587	0.28783	0.07763	0.00898	0.06099	0.01286	0.08829	0.01566	0.22608	0.02258	0.09167	0.00696	0.00518	0.00157	0.00475	0.00621	0.00354	0.00559
3	0.07028	0.00810	0.01061	0.00831	0.01178	0.00726	0.00682	0.02194	0.03228	0.67425	0.08127	0.01761	0.01439	0.00624	0.00483	0.00150	0.00395	0.00507	0.00574	0.00776
4	0.01014	0.07655	0.26838	0.01060	0.03675	0.00876	0.03625	0.01351	0.03123	0.09082	0.06105	0.16098	0.03768	0.00808	0.00510	0.00163	0.00494	0.08867	0.04288	0.00599
5	0.00713	0.00543	0.00791	0.00779	0.00852	0.00639	0.00598	0.00865	0.00769	0.01108	0.01286	0.01990	0.01238	0.11693	0.68656	0.00716	0.05547	0.00533	0.00261	0.00424
6	0.06746	0.66651	0.04801	0.00880	0.01279	0.10425	0.00852	0.01505	0.01018	0.01223	0.00688	0.00796	0.00616	0.00428	0.00329	0.00110	0.00554	0.00268	0.00218	0.00612
7	0.00705	0.00470	0.00529	0.00529	0.00529	0.00470	0.00294	0.00705	0.00705	0.00940	0.01527	0.03171	0.01762	0.82969	0.02467	0.00470	0.00470	0.00705	0.00294	0.00294
8	0.01169	0.07080	0.05440	0.01079	0.01381	0.09214	0.12865	0.05845	0.18080	0.05216	0.17733	0.02045	0.05447	0.00773	0.03182	0.00172	0.00531	0.01727	0.00396	0.00624
9	0.10447	0.00855	0.01087	0.00842	0.01211	0.00776	0.00694	0.04245	0.02605	0.65853	0.01725	0.01526	0.01107	0.00575	0.00463	0.00147	0.00409	0.00456	0.00552	0.04424
10	0.07198	0.04803	0.09870	0.16189	0.01703	0.02521	0.03172	0.04886	0.14790	0.18158	0.08849	0.03245	0.01332	0.00602	0.00476	0.00154	0.00492	0.00500	0.00396	0.00665
11	0.01618	0.01366	0.01415	0.05130	0.01559	0.11971	0.03589	0.44318	0.12462	0.03848	0.01227	0.03359	0.00936	0.00607	0.00537	0.00151	0.04283	0.00465	0.00422	0.00737
12	0.01239	0.10938	0.26427	0.05529	0.01770	0.08038	0.07714	0.11053	0.01219	0.03757	0.00909	0.01052	0.00690	0.00454	0.00436	0.00130	0.00611	0.00364	0.00274	0.17395
13	0.01247	0.16393	0.30533	0.03260	0.06963	0.11257	0.11861	0.07645	0.03602	0.01555	0.00895	0.01053	0.00687	0.00464	0.00451	0.00142	0.00679	0.00383	0.00250	0.00681
14	0.00972	0.02507	0.80458	0.01381	0.02097	0.01125	0.01790	0.01535	0.01023	0.01535	0.00870	0.01023	0.00614	0.00460	0.00460	0.00153	0.00716	0.00358	0.00205	0.00716
15	0.00603	0.00455	0.00561	0.00639	0.00716	0.00413	0.00455	0.00711	0.00999	0.01278	0.03340	0.51943	0.26363	0.01414	0.00609	0.00189	0.00285	0.08173	0.00450	0.00403
16	0.04168	0.01313	0.01390	0.01077	0.01455	0.02884	0.00886	0.65910	0.05932	0.06350	0.01208	0.01197	0.00859	0.00576	0.00476	0.00145	0.00518	0.00434	0.00476	0.02747
17	0.00667	0.00470	0.00546	0.00565	0.00613	0.00448	0.00364	0.00734	0.00890	0.01177	0.09547	0.17415	0.15220	0.43609	0.01561	0.00328	0.00372	0.03245	0.01877	0.00353
18	0.01181	0.01106	0.01658	0.29058	0.19123	0.06049	0.10045	0.08228	0.03779	0.03346	0.00983	0.01278	0.00769	0.00600	0.02889	0.00174	0.06146	0.00448	0.02503	0.00636
19	0.01809	0.00938	0.01188	0.04359	0.03657	0.00920	0.00787	0.13170	0.13385	0.46274	0.03890	0.01606	0.01229	0.00598	0.00485	0.00149	0.00433	0.00488	0.00526	0.04109
20	0.71748	0.03867	0.00915	0.00755	0.01060	0.09576	0.03157	0.01484	0.00899	0.02014	0.00693	0.00813	0.00546	0.00453	0.00324	0.00146	0.00447	0.00278	0.00290	0.00536
21	0.01264	0.36829	0.03803	0.01437	0.01887	0.03361	0.37909	0.03579	0.01114	0.03198	0.00867	0.01067	0.00695	0.00423	0.00450	0.00136	0.00671	0.00422	0.00243	0.00647
22	0.00911	0.00939	0.08886	0.10916	0.18452	0.00816	0.01018	0.01241	0.05153	0.01527	0.09120	0.07294	0.05600	0.00835	0.00542	0.00169	0.00476	0.20238	0.00352	0.05514
23	0.00609	0.00455	0.00568	0.00627	0.00704	0.00413	0.00442	0.00732	0.01054	0.01388	0.17215	0.48257	0.20950	0.01351	0.00601	0.00182	0.00268	0.03309	0.00465	0.00410
24	0.01180	0.01152	0.01120	0.08106	0.07757	0.21653	0.00828	0.03180	0.07809	0.04091	0.03402	0.12038	0.08010	0.00918	0.02245	0.06981	0.05534	0.03126	0.00335	0.00536
25	0.00605	0.00459	0.00557	0.00616	0.00701	0.00414	0.00438	0.00721	0.01033	0.01331	0.10437	0.44411	0.28627	0.02701	0.00632	0.00188	0.00276	0.04993	0.00455	0.00406
26	0.02174	0.00825	0.01125	0.00862	0.01237	0.00712	0.00712	0.02362	0.01387	0.80282	0.01912	0.01649	0.01200	0.00600	0.00487	0.00150	0.00412	0.00487	0.00600	0.00825
27	0.00985	0.00840	0.00983	0.00716	0.01127	0.00634	0.00568	0.01194	0.01001	0.01563	0.00949	0.04956	0.00838	0.00415	0.00371	0.00078	0.00355	0.00340	0.00295	0.81793
28	0.01243	0.01131	0.03583	0.11145	0.51300	0.01115	0.08997	0.01600	0.05200	0.08363	0.01054	0.01287	0.00822	0.00462	0.00490	0.00150	0.00586	0.00455	0.00281	0.00735

[dist]
# distance from previous block
# <min> <max>
4	9

[block]
# block no. 6 follows, 52 sequences, length 8
# corresponding to MSA columns:
# 572-579
name=unknown_G
#
# <colnr> <probs for GDERKNQSTAVLIFYWHMCP>
#	G	D	E	R	K	N	Q	S	T	A	V	L	I	F	Y	W	H	M	C	P
0	0.03589	0.01050	0.00925	0.00847	0.01042	0.19512	0.00648	0.08663	0.03697	0.07989	0.20983	0.13023	0.08303	0.00870	0.00518	0.00154	0.00450	0.04098	0.03093	0.00545
1	0.01106	0.01000	0.01451	0.25038	0.10642	0.01086	0.07667	0.05640	0.21030	0.01661	0.01186	0.01369	0.00913	0.00514	0.00503	0.00146	0.02850	0.00452	0.02166	0.13577
2	0.74231	0.05015	0.04828	0.00711	0.01035	0.04728	0.00621	0.01454	0.00867	0.02048	0.00688	0.00802	0.00538	0.00451	0.00315	0.00147	0.00421	0.00269	0.00288	0.00541
3	0.00842	0.00421	0.00631	0.00631	0.00631	0.00421	0.00421	0.00631	0.00631	0.00842	0.00842	0.01473	0.00842	0.01684	0.01894	0.85901	0.00421	0.00421	0.00210	0.00210
4	0.00877	0.00505	0.00655	0.00681	0.00789	0.00463	0.00498	0.00987	0.01032	0.13113	0.04637	0.43312	0.11659	0.01270	0.00655	0.05285	0.00313	0.07133	0.05676	0.00458
5	0.00667	0.00508	0.00712	0.05640	0.05715	0.00497	0.00572	0.00789	0.00966	0.01290	0.06314	0.58088	0.05413	0.05828	0.00702	0.00204	0.00336	0.04914	0.00418	0.00426
6	0.10749	0.00814	0.01050	0.00822	0.01172	0.00734	0.00676	0.02168	0.01328	0.66978	0.07005	0.01693	0.01356	0.00611	0.00474	0.00150	0.00396	0.00490	0.00564	0.00769
7	0.09185	0.01025	0.01120	0.00986	0.04016	0.01122	0.00757	0.25678	0.26050	0.09963	0.04245	0.04132	0.01279	0.00633	0.00466	0.00151	0.00417	0.00507	0.07549	0.00719

[dist]
# distance from previous block
# <min> <max>
2	15

[block]
# block no. 7 follows, 52 sequences, length 23
# corresponding to MSA columns:
# 605-627
name=unknown_H
#
# <colnr> <probs for GDERKNQSTAVLIFYWHMCP>
#	G	D	E	R	K	N	Q	S	T	A	V	L	I	F	Y	W	H	M	C	P
0	0.09906	0.01050	0.02683	0.09799	0.11404	0.01054	0.24931	0.03960	0.06485	0.01650	0.03906	0.01699	0.06560	0.00570	0.00538	0.00156	0.03436	0.03262	0.00305	0.06648
1	0.01215	0.01177	0.01547	0.15020	0.23249	0.10079	0.06626	0.03319	0.18570	0.02870	0.03928	0.01400	0.01025	0.00528	0.00508	0.00149	0.02477	0.00462	0.00317	0.05533
2	0.01118	0.00830	0.00961	0.00873	0.03857	0.00857	0.00655	0.16637	0.17823	0.06630	0.28145	0.02652	0.13638	0.00819	0.00526	0.00153	0.00349	0.00691	0.00492	0.02293
3	0.86392	0.00937	0.00712	0.00637	0.00937	0.01087	0.00525	0.01425	0.00825	0.02174	0.00675	0.00787	0.00525	0.00450	0.00300	0.00150	0.00375	0.00262	0.00300	0.00525
4	0.00600	0.00437	0.00568	0.00654	0.00702	0.00408	0.00445	0.00699	0.00966	0.01282	0.07854	0.65926	0.10676	0.02795	0.03346	0.00215	0.00311	0.01271	0.00446	0.00399
5	0.00638	0.00490	0.00584	0.00568	0.00697	0.00436	0.00423	0.00820	0.01249	0.01669	0.47590	0.07827	0.33043	0.01106	0.00574	0.00159	0.00238	0.00956	0.00498	0.00436
6	0.01005	0.00861	0.01005	0.00718	0.01148	0.00646	0.00574	0.01220	0.01005	0.01579	0.00861	0.01005	0.00718	0.00359	0.00359	0.00072	0.00359	0.00287	0.00287	0.85932
7	0.05334	0.00772	0.03079	0.00792	0.01036	0.00720	0.00648	0.10771	0.01281	0.24776	0.10299	0.09730	0.12379	0.01252	0.11893	0.00247	0.00506	0.03415	0.00466	0.00604
8	0.01777	0.02182	0.01362	0.01226	0.01485	0.71889	0.00926	0.06274	0.05958	0.01340	0.00844	0.00945	0.00685	0.00513	0.00443	0.00128	0.00826	0.00333	0.00277	0.00589
9	0.00714	0.00548	0.00810	0.00798	0.00876	0.00651	0.00620	0.00877	0.00774	0.01121	0.01269	0.01901	0.01199	0.06338	0.73689	0.00735	0.05868	0.00520	0.00258	0.00433
10	0.00635	0.00481	0.00576	0.00576	0.00687	0.00432	0.00417	0.00793	0.01176	0.01566	0.38490	0.16290	0.29043	0.05820	0.00687	0.00181	0.00256	0.00993	0.00479	0.00422
11	0.03921	0.01077	0.04073	0.17819	0.37034	0.01095	0.05829	0.04811	0.08650	0.01671	0.08215	0.01483	0.01148	0.00522	0.00490	0.00152	0.00550	0.00484	0.00298	0.00680
12	0.03879	0.00653	0.00727	0.03418	0.00916	0.00640	0.00520	0.07165	0.08347	0.05083	0.20720	0.03470	0.38471	0.03130	0.00591	0.00167	0.00308	0.00822	0.00465	0.00509
13	0.00829	0.00614	0.00804	0.00785	0.02811	0.00568	0.03190	0.06065	0.01165	0.04949	0.14720	0.32520	0.16609	0.01117	0.00565	0.00167	0.00328	0.04514	0.00447	0.07230
14	0.38191	0.01047	0.04855	0.01227	0.13973	0.01052	0.06918	0.04108	0.07042	0.05557	0.01028	0.03805	0.00834	0.00685	0.04998	0.00186	0.00515	0.00409	0.00319	0.03252
15	0.01285	0.03735	0.01923	0.06887	0.27480	0.08374	0.21303	0.01564	0.01145	0.09288	0.02890	0.01331	0.02122	0.00485	0.00524	0.00146	0.02991	0.00469	0.00287	0.05772
16	0.03711	0.00983	0.01215	0.26090	0.05163	0.08962	0.03666	0.08427	0.06457	0.01547	0.04244	0.14209	0.06050	0.00772	0.00541	0.00165	0.02439	0.04461	0.00340	0.00559
17	0.06043	0.04160	0.07858	0.28782	0.14505	0.10541	0.01163	0.07402	0.04510	0.01566	0.00911	0.01146	0.00709	0.00475	0.00449	0.00142	0.00601	0.00388	0.00266	0.08384
18	0.30335	0.01254	0.09028	0.06509	0.08275	0.05712	0.13728	0.05285	0.06378	0.01825	0.01018	0.01173	0.02870	0.00486	0.00428	0.00149	0.00549	0.00401	0.00294	0.04303
19	0.03965	0.01272	0.10204	0.20275	0.15605	0.11097	0.09074	0.01470	0.02570	0.05966	0.07838	0.01556	0.03030	0.03360	0.00556	0.00162	0.00609	0.00485	0.00292	0.00614
20	0.05967	0.01036	0.01540	0.06959	0.26073	0.03884	0.10282	0.04507	0.07428	0.08769	0.06369	0.03849	0.01285	0.00600	0.00499	0.00154	0.00529	0.05793	0.00346	0.04132
21	0.01311	0.03557	0.05759	0.03211	0.07254	0.06733	0.08123	0.09354	0.13603	0.10809	0.04038	0.03899	0.01122	0.00742	0.04339	0.00180	0.07930	0.00490	0.00363	0.07182
22	0.05238	0.04770	0.06452	0.03516	0.03578	0.10307	0.02279	0.06673	0.16511	0.11653	0.09208	0.02604	0.04662	0.00754	0.03170	0.00172	0.03261	0.02058	0.00395	0.02740

[dist]
# distance from previous block
# <min> <max>
0	150

# created by:
# /home/cegg/simao/soft/augustus-3.2.1/scripts/msa2prfl.pl ./align_prep/EOG091G0LMX.fa
