[name]
unknown

[dist]
# distance from previous block
# <min> <max>
6	39

[block]
# block no. 0 follows, 42 sequences, length 6
# corresponding to MSA columns:
# 56-61
name=unknown_A
#
# <colnr> <probs for GDERKNQSTAVLIFYWHMCP>
#	G	D	E	R	K	N	Q	S	T	A	V	L	I	F	Y	W	H	M	C	P
0	0.11303	0.01239	0.03001	0.13505	0.06923	0.05312	0.03270	0.14935	0.04283	0.06121	0.03046	0.04275	0.01148	0.04351	0.00682	0.00185	0.03639	0.00529	0.02116	0.10136
1	0.04702	0.01114	0.01450	0.01188	0.01519	0.01153	0.10662	0.20265	0.13103	0.02270	0.01857	0.10150	0.03436	0.04625	0.03345	0.00221	0.00579	0.06086	0.02851	0.09424
2	0.11971	0.04503	0.07832	0.01068	0.01433	0.01114	0.04350	0.16165	0.04408	0.14353	0.01870	0.18068	0.03282	0.00872	0.00555	0.00180	0.00511	0.00729	0.03655	0.03079
3	0.12059	0.00748	0.00904	0.00961	0.06046	0.00822	0.00645	0.01284	0.07526	0.01595	0.01554	0.02403	0.01486	0.25561	0.27134	0.00527	0.00830	0.00617	0.06768	0.00531
4	0.01396	0.01280	0.04434	0.16988	0.33932	0.01336	0.06232	0.01804	0.06270	0.08363	0.01194	0.01487	0.00936	0.00612	0.00738	0.00186	0.11164	0.00523	0.00325	0.00799
5	0.15579	0.01419	0.01546	0.11565	0.01921	0.01599	0.01059	0.52917	0.02163	0.03096	0.01210	0.01299	0.00872	0.00635	0.00527	0.00172	0.00606	0.00472	0.00486	0.00855

[dist]
# distance from previous block
# <min> <max>
0	4

[block]
# block no. 1 follows, 42 sequences, length 9
# corresponding to MSA columns:
# 66-74
name=unknown_B
#
# <colnr> <probs for GDERKNQSTAVLIFYWHMCP>
#	G	D	E	R	K	N	Q	S	T	A	V	L	I	F	Y	W	H	M	C	P
0	0.01421	0.20508	0.21298	0.02611	0.01768	0.05635	0.06873	0.03340	0.01291	0.11748	0.03274	0.01767	0.07547	0.00962	0.07370	0.00228	0.00742	0.00525	0.00353	0.00739
1	0.01518	0.01549	0.01811	0.10200	0.17193	0.18219	0.07581	0.10088	0.07057	0.01893	0.06209	0.01656	0.03179	0.00678	0.00698	0.00178	0.08644	0.00547	0.00359	0.00743
2	0.00956	0.00671	0.00892	0.07727	0.01206	0.00685	0.00697	0.01109	0.01174	0.09175	0.03239	0.37906	0.20358	0.01393	0.00776	0.00213	0.07202	0.03585	0.00492	0.00543
3	0.00865	0.00648	0.00939	0.07610	0.01200	0.00756	0.00733	0.01063	0.00938	0.01368	0.01491	0.02252	0.01393	0.11142	0.54065	0.00714	0.04072	0.00605	0.07642	0.00503
4	0.06238	0.01065	0.01192	0.00890	0.01359	0.00912	0.00713	0.06437	0.08774	0.02041	0.01141	0.01258	0.00918	0.00475	0.00438	0.00105	0.00434	0.00374	0.00374	0.64863
5	0.15785	0.03531	0.06680	0.09143	0.04949	0.12041	0.05138	0.20316	0.03195	0.02247	0.01100	0.01333	0.00866	0.03912	0.00602	0.00178	0.00667	0.00450	0.00372	0.07496
6	0.01591	0.01338	0.01587	0.04940	0.08850	0.08052	0.06765	0.31969	0.01847	0.04134	0.01937	0.14817	0.07921	0.00877	0.00600	0.00181	0.00610	0.00748	0.00469	0.00768
7	0.15179	0.02711	0.04134	0.06012	0.04709	0.12602	0.04988	0.13326	0.04159	0.02103	0.04940	0.01709	0.02383	0.07657	0.00711	0.00195	0.00613	0.00512	0.05694	0.05662
8	0.08387	0.04817	0.07365	0.01049	0.03870	0.00918	0.02354	0.01141	0.01003	0.01497	0.01798	0.26012	0.01962	0.14054	0.13031	0.00367	0.08594	0.00874	0.00365	0.00542

[dist]
# distance from previous block
# <min> <max>
5	14

[block]
# block no. 2 follows, 42 sequences, length 10
# corresponding to MSA columns:
# 89-98
name=unknown_C
#
# <colnr> <probs for GDERKNQSTAVLIFYWHMCP>
#	G	D	E	R	K	N	Q	S	T	A	V	L	I	F	Y	W	H	M	C	P
0	0.05223	0.15014	0.07431	0.01357	0.04520	0.08811	0.08927	0.11018	0.11221	0.01991	0.01229	0.01429	0.00986	0.00608	0.00579	0.00160	0.05070	0.01853	0.03589	0.08985
1	0.07623	0.07362	0.03066	0.01510	0.09065	0.05967	0.12119	0.08690	0.10846	0.13369	0.01516	0.06671	0.01221	0.00697	0.00624	0.00178	0.05182	0.00587	0.02924	0.00783
2	0.15123	0.18818	0.07425	0.01510	0.09611	0.05764	0.12992	0.06466	0.05105	0.04819	0.01156	0.04291	0.00954	0.00581	0.00496	0.00163	0.00649	0.00485	0.00341	0.03251
3	0.03233	0.08577	0.03630	0.08002	0.21283	0.04745	0.13792	0.07641	0.06300	0.01965	0.09299	0.01681	0.01376	0.00601	0.00556	0.00166	0.00653	0.00554	0.00358	0.05588
4	0.07747	0.00920	0.01113	0.05325	0.04194	0.03841	0.03176	0.01644	0.05879	0.18401	0.01658	0.02442	0.01490	0.33334	0.01486	0.00323	0.00556	0.00630	0.00424	0.05418
5	0.06182	0.10270	0.01514	0.03435	0.01491	0.10577	0.00913	0.20988	0.07918	0.04295	0.08536	0.04467	0.06240	0.00779	0.00633	0.00170	0.06420	0.00587	0.00445	0.04137
6	0.35318	0.01048	0.00962	0.00859	0.01155	0.03873	0.00675	0.07163	0.11904	0.02291	0.09711	0.08590	0.07524	0.00808	0.00497	0.00175	0.00431	0.00627	0.00451	0.05936
7	0.04605	0.21937	0.06437	0.01010	0.01314	0.06126	0.00890	0.01411	0.01054	0.01453	0.01094	0.01581	0.01026	0.09650	0.18235	0.00356	0.08782	0.00458	0.00286	0.12296
8	0.00694	0.00571	0.00610	0.00600	0.00778	0.00487	0.00450	0.00863	0.01351	0.01681	0.21153	0.05151	0.60931	0.01365	0.00665	0.00187	0.00281	0.01151	0.00544	0.00487
9	0.01163	0.07201	0.01274	0.00841	0.01310	0.00848	0.00681	0.01398	0.01160	0.01769	0.01114	0.06058	0.01005	0.00506	0.00431	0.00095	0.00426	0.00410	0.00338	0.71971

[dist]
# distance from previous block
# <min> <max>
1	2

[block]
# block no. 3 follows, 42 sequences, length 47
# corresponding to MSA columns:
# 101-139,141-148
name=unknown_D
#
# <colnr> <probs for GDERKNQSTAVLIFYWHMCP>
#	G	D	E	R	K	N	Q	S	T	A	V	L	I	F	Y	W	H	M	C	P
0	0.08348	0.47870	0.07170	0.01506	0.16674	0.04620	0.01158	0.01750	0.01190	0.03908	0.00900	0.01056	0.00767	0.00502	0.00422	0.00140	0.00627	0.00359	0.00273	0.00759
1	0.01299	0.05794	0.16312	0.23446	0.25424	0.06511	0.09924	0.01699	0.01240	0.01656	0.01015	0.01347	0.00795	0.00526	0.00553	0.00173	0.00773	0.00484	0.00263	0.00767
2	0.00695	0.00503	0.00657	0.00763	0.00815	0.00465	0.00517	0.00811	0.01139	0.01519	0.10187	0.68008	0.08472	0.01684	0.00710	0.00221	0.00318	0.01519	0.00532	0.00465
3	0.01358	0.17419	0.09457	0.01720	0.13222	0.03348	0.15456	0.04227	0.15432	0.01844	0.03245	0.01766	0.04890	0.00641	0.00577	0.00172	0.02341	0.01748	0.00357	0.00781
4	0.00708	0.00572	0.00630	0.00615	0.00786	0.00493	0.00461	0.00891	0.01384	0.01761	0.28802	0.05020	0.53232	0.01335	0.00665	0.00186	0.00279	0.01132	0.00554	0.00493
5	0.01642	0.01510	0.06662	0.02976	0.11066	0.04329	0.01153	0.26131	0.33441	0.02587	0.01668	0.01655	0.01244	0.00676	0.00562	0.00178	0.00583	0.00550	0.00494	0.00895
6	0.00895	0.00656	0.00957	0.00929	0.01027	0.00770	0.00721	0.01078	0.00920	0.03939	0.01495	0.02230	0.01402	0.08973	0.64837	0.00808	0.06925	0.00608	0.00314	0.00516
7	0.01818	0.04155	0.01445	0.01096	0.01465	0.01453	0.00900	0.52035	0.04383	0.03082	0.04237	0.01618	0.01233	0.00685	0.00524	0.00160	0.00526	0.00526	0.17819	0.00841
8	0.03529	0.01104	0.01747	0.50804	0.18007	0.01278	0.01481	0.05129	0.04533	0.05353	0.01139	0.01502	0.00858	0.00570	0.00556	0.00182	0.00693	0.00505	0.00309	0.00721
9	0.02153	0.01554	0.01675	0.01284	0.01734	0.01712	0.01061	0.72238	0.02609	0.06196	0.01382	0.01371	0.00973	0.00676	0.00563	0.00169	0.00614	0.00509	0.00568	0.00957
10	0.06811	0.01507	0.01598	0.01236	0.01677	0.01659	0.01018	0.64247	0.05668	0.03360	0.01344	0.01350	0.00965	0.00659	0.00545	0.00166	0.00592	0.00493	0.00541	0.04564
11	0.78635	0.01105	0.00925	0.00922	0.06168	0.01267	0.00685	0.01659	0.00979	0.02479	0.00802	0.00946	0.00628	0.00521	0.00362	0.00174	0.00451	0.00318	0.00344	0.00628
12	0.01304	0.00996	0.01181	0.00851	0.01344	0.00758	0.00683	0.01551	0.01212	0.09448	0.01124	0.01243	0.00890	0.00445	0.00432	0.00093	0.00423	0.00357	0.00370	0.75296
13	0.84197	0.01088	0.00827	0.00740	0.01088	0.01262	0.00609	0.01654	0.00958	0.02525	0.00784	0.00914	0.00609	0.00522	0.00348	0.00174	0.00435	0.00305	0.00348	0.00609
14	0.84197	0.01088	0.00827	0.00740	0.01088	0.01262	0.00609	0.01654	0.00958	0.02525	0.00784	0.00914	0.00609	0.00522	0.00348	0.00174	0.00435	0.00305	0.00348	0.00609
15	0.01328	0.01518	0.03321	0.02372	0.02941	0.01423	0.74668	0.01803	0.01328	0.01803	0.01139	0.01518	0.00854	0.00474	0.00664	0.00190	0.00949	0.00664	0.00285	0.00759
16	0.01831	0.02230	0.01635	0.01458	0.01658	0.54220	0.01132	0.01969	0.01367	0.01370	0.00829	0.01082	0.00729	0.00706	0.00925	0.00177	0.25361	0.00403	0.00276	0.00641
17	0.04950	0.00601	0.00756	0.00710	0.00853	0.00567	0.00535	0.01091	0.01561	0.02270	0.72649	0.04040	0.05076	0.01119	0.00648	0.00177	0.00274	0.00982	0.00606	0.00535
18	0.02072	0.06560	0.01662	0.01426	0.01725	0.74191	0.01081	0.02219	0.01572	0.01375	0.00866	0.01009	0.00725	0.00575	0.00500	0.00144	0.00994	0.00359	0.00288	0.00656
19	0.01310	0.01184	0.01850	0.10499	0.47175	0.01241	0.01426	0.01847	0.13567	0.01897	0.01406	0.01800	0.01164	0.00611	0.00557	0.00174	0.00600	0.03766	0.07108	0.00817
20	0.00896	0.00655	0.00839	0.03047	0.01003	0.00642	0.00603	0.01289	0.08966	0.03771	0.62021	0.07196	0.04666	0.01112	0.00652	0.00181	0.00305	0.00981	0.00601	0.00575
21	0.01968	0.04505	0.01582	0.01351	0.01646	0.51990	0.01041	0.13612	0.01679	0.04450	0.01136	0.06404	0.00988	0.00695	0.00593	0.00160	0.04661	0.00480	0.00360	0.00699
22	0.01606	0.01311	0.01388	0.01187	0.01542	0.01496	0.00941	0.22994	0.55356	0.02686	0.02029	0.01891	0.01506	0.00739	0.00570	0.00185	0.00494	0.00600	0.00570	0.00909
23	0.01393	0.01337	0.02284	0.03454	0.76712	0.01337	0.01727	0.01727	0.01281	0.01839	0.01059	0.01393	0.00891	0.00501	0.00557	0.00167	0.00669	0.00501	0.00279	0.00891
24	0.01541	0.00759	0.01003	0.00847	0.01113	0.00687	0.00668	0.01836	0.04343	0.33536	0.42668	0.03170	0.03540	0.00946	0.00619	0.00176	0.00361	0.00815	0.00650	0.00723
25	0.01284	0.41997	0.32769	0.01211	0.01796	0.01700	0.01383	0.01652	0.01161	0.01525	0.01081	0.06446	0.00978	0.00614	0.00465	0.00154	0.00674	0.02103	0.00265	0.00744
26	0.00777	0.00555	0.00698	0.00714	0.00832	0.00503	0.00516	0.00961	0.01362	0.03673	0.36578	0.29732	0.18221	0.01397	0.00680	0.00197	0.00295	0.01234	0.00570	0.00506
27	0.01063	0.01000	0.01688	0.78870	0.03876	0.01250	0.01563	0.01438	0.01125	0.01438	0.01000	0.01500	0.00750	0.00563	0.00563	0.00188	0.00750	0.00500	0.00250	0.00625
28	0.00814	0.00544	0.00615	0.00619	0.00620	0.00543	0.00347	0.00817	0.00827	0.01103	0.01817	0.06182	0.02101	0.77648	0.02794	0.00535	0.00538	0.00844	0.00347	0.00345
29	0.01308	0.01342	0.01830	0.04456	0.11400	0.06770	0.03297	0.01478	0.00988	0.01434	0.00809	0.01255	0.00761	0.00866	0.01512	0.00226	0.58866	0.00490	0.00255	0.00658
30	0.00743	0.00538	0.00701	0.00735	0.00827	0.00497	0.00523	0.00930	0.01356	0.01870	0.41603	0.37075	0.07647	0.01428	0.00687	0.00200	0.00293	0.01277	0.00573	0.00497
31	0.01734	0.08231	0.15550	0.01509	0.05904	0.04489	0.14310	0.03964	0.01415	0.27550	0.01578	0.01851	0.01175	0.00737	0.02466	0.00195	0.00701	0.05382	0.00437	0.00822
32	0.01770	0.06376	0.06830	0.01421	0.06757	0.01620	0.02527	0.40064	0.21732	0.02827	0.01519	0.01517	0.01122	0.00662	0.00553	0.00173	0.00596	0.00525	0.00499	0.00908
33	0.02449	0.00941	0.01282	0.00988	0.01410	0.00814	0.00814	0.02669	0.01610	0.73804	0.05489	0.02016	0.01566	0.00717	0.00570	0.00174	0.00469	0.00586	0.00693	0.00939
34	0.01531	0.35863	0.14668	0.01293	0.06002	0.06110	0.01183	0.05483	0.15488	0.05507	0.01227	0.01284	0.00965	0.00571	0.00470	0.00152	0.00632	0.00422	0.00346	0.00801
35	0.00971	0.00491	0.00728	0.00728	0.00728	0.00491	0.00482	0.00737	0.00737	0.00983	0.01013	0.01798	0.01025	0.05403	0.02229	0.79967	0.00491	0.00503	0.00249	0.00249
36	0.00672	0.00543	0.00598	0.00643	0.00779	0.00469	0.00460	0.00799	0.01213	0.01492	0.04817	0.30742	0.51728	0.01540	0.00683	0.00203	0.00299	0.01328	0.00523	0.00469
37	0.01567	0.07543	0.02733	0.01046	0.01509	0.06344	0.02300	0.15200	0.01504	0.09073	0.01149	0.01248	0.00888	0.00525	0.00503	0.00123	0.02582	0.00398	0.00395	0.43369
38	0.05416	0.10692	0.44164	0.01416	0.03596	0.05112	0.04103	0.03243	0.01219	0.04831	0.01124	0.02991	0.00906	0.05913	0.00670	0.00193	0.00738	0.00463	0.00290	0.02921
39	0.01356	0.16665	0.35177	0.01506	0.07400	0.04593	0.04393	0.05337	0.03088	0.03392	0.01043	0.01199	0.00800	0.00523	0.00496	0.00153	0.00709	0.00411	0.00291	0.11471
40	0.00992	0.00696	0.00822	0.00765	0.00961	0.00666	0.00581	0.01407	0.12474	0.08447	0.35643	0.08490	0.23549	0.01164	0.00645	0.00185	0.00319	0.01003	0.00587	0.00602
41	0.01184	0.01124	0.01907	0.51122	0.30674	0.01282	0.01623	0.01544	0.01183	0.01585	0.01022	0.01461	0.00802	0.00540	0.00561	0.00180	0.00720	0.00501	0.00261	0.00723
42	0.01486	0.06129	0.11801	0.02091	0.16672	0.06918	0.27644	0.08460	0.03476	0.05043	0.03949	0.01498	0.01047	0.00555	0.00583	0.00174	0.00777	0.00554	0.00338	0.00805
43	0.01339	0.01429	0.06391	0.10816	0.46452	0.06544	0.05946	0.03335	0.01310	0.01767	0.01409	0.03545	0.06000	0.00610	0.00571	0.00173	0.00692	0.00569	0.00303	0.00798
44	0.00725	0.00543	0.00682	0.00775	0.00869	0.00500	0.00571	0.00868	0.01182	0.01521	0.05109	0.44972	0.22661	0.01624	0.00715	0.00223	0.00351	0.15112	0.00523	0.00475
45	0.01451	0.00800	0.01104	0.01106	0.07530	0.00734	0.02403	0.03740	0.01361	0.27716	0.02873	0.23743	0.13861	0.04620	0.00735	0.00211	0.00443	0.04328	0.00550	0.00689
46	0.01189	0.02051	0.43492	0.01524	0.07115	0.02583	0.04667	0.03349	0.03079	0.05798	0.06121	0.11416	0.03636	0.00765	0.00579	0.00184	0.00683	0.00654	0.00350	0.00765

[dist]
# distance from previous block
# <min> <max>
1	29

[block]
# block no. 4 follows, 42 sequences, length 41
# corresponding to MSA columns:
# 182-222
name=unknown_E
#
# <colnr> <probs for GDERKNQSTAVLIFYWHMCP>
#	G	D	E	R	K	N	Q	S	T	A	V	L	I	F	Y	W	H	M	C	P
0	0.03106	0.01286	0.02198	0.07084	0.40614	0.02503	0.15998	0.03424	0.01328	0.07012	0.03809	0.01567	0.01076	0.00680	0.03509	0.00199	0.00727	0.00549	0.00329	0.03001
1	0.03415	0.02042	0.01548	0.04123	0.03874	0.42545	0.01073	0.13391	0.15873	0.01937	0.01254	0.01388	0.00993	0.00650	0.00561	0.00164	0.02450	0.01585	0.00388	0.00747
2	0.01309	0.01263	0.02037	0.35129	0.35764	0.04013	0.05600	0.05005	0.01292	0.01730	0.01045	0.01430	0.00827	0.00537	0.00564	0.00176	0.00728	0.00505	0.00280	0.00766
3	0.00696	0.00565	0.00619	0.00640	0.00801	0.00489	0.00481	0.00851	0.01286	0.01588	0.11681	0.14824	0.55907	0.01451	0.00679	0.00198	0.00304	0.05926	0.00531	0.00481
4	0.01866	0.02064	0.01494	0.01330	0.01646	0.43924	0.01018	0.10007	0.27020	0.01935	0.01405	0.01420	0.01088	0.00653	0.00535	0.00163	0.00779	0.00471	0.00415	0.00765
5	0.01349	0.01272	0.02129	0.20037	0.57654	0.01334	0.01665	0.04549	0.01301	0.01817	0.01057	0.01415	0.00863	0.00522	0.00559	0.00172	0.00685	0.00501	0.00283	0.00835
6	0.01642	0.24288	0.21663	0.01209	0.01728	0.03547	0.01233	0.11346	0.06106	0.15238	0.01349	0.04147	0.01040	0.00636	0.00533	0.00163	0.02440	0.00478	0.00395	0.00819
7	0.84197	0.01088	0.00827	0.00740	0.01088	0.01262	0.00609	0.01654	0.00958	0.02525	0.00784	0.00914	0.00609	0.00522	0.00348	0.00174	0.00435	0.00305	0.00348	0.00609
8	0.00962	0.06390	0.27082	0.01084	0.01437	0.00971	0.01111	0.01273	0.00998	0.01423	0.01350	0.02099	0.01266	0.19234	0.30337	0.00529	0.01011	0.00567	0.00284	0.00594
9	0.00716	0.00511	0.00659	0.00751	0.00792	0.00487	0.00499	0.00810	0.01051	0.01401	0.05013	0.57877	0.06736	0.14526	0.05126	0.00312	0.00420	0.01386	0.00484	0.00444
10	0.00733	0.00575	0.00667	0.02197	0.00844	0.00519	0.00487	0.00907	0.01322	0.01713	0.28152	0.08453	0.39999	0.08160	0.02587	0.00234	0.00340	0.01094	0.00528	0.00485
11	0.00744	0.00560	0.00661	0.00657	0.00779	0.00506	0.00469	0.00912	0.01323	0.01756	0.34303	0.12837	0.28218	0.12607	0.00985	0.00240	0.00319	0.01109	0.00537	0.00477
12	0.01341	0.01205	0.01717	0.17949	0.23516	0.02907	0.03847	0.06761	0.21201	0.01942	0.03596	0.01696	0.01214	0.00719	0.00704	0.05411	0.02571	0.00554	0.00378	0.00773
13	0.02100	0.06526	0.01768	0.01274	0.01726	0.01775	0.01063	0.70251	0.02552	0.03407	0.01315	0.01323	0.00942	0.00663	0.00550	0.00166	0.00618	0.00494	0.00543	0.00942
14	0.01283	0.34875	0.46698	0.01340	0.02028	0.01686	0.01620	0.01742	0.01170	0.01594	0.00916	0.01071	0.00717	0.00513	0.00463	0.00154	0.00737	0.00369	0.00239	0.00787
15	0.01058	0.01065	0.08990	0.15192	0.12640	0.00936	0.03258	0.04564	0.02798	0.03215	0.09243	0.24410	0.04400	0.01008	0.00619	0.00193	0.00533	0.02256	0.02973	0.00648
16	0.01699	0.01357	0.01441	0.01206	0.01577	0.01539	0.00963	0.32048	0.46151	0.02836	0.01911	0.01797	0.01410	0.00728	0.00569	0.00182	0.00516	0.00584	0.00569	0.00918
17	0.01063	0.01000	0.01688	0.78870	0.03876	0.01250	0.01563	0.01438	0.01125	0.01438	0.01000	0.01500	0.00750	0.00563	0.00563	0.00188	0.00750	0.00500	0.00250	0.00625
18	0.01606	0.01197	0.01400	0.01226	0.04901	0.01324	0.00935	0.43825	0.01925	0.02613	0.01417	0.01790	0.01172	0.07952	0.23637	0.00416	0.00878	0.00559	0.00455	0.00771
19	0.01328	0.01518	0.03321	0.02372	0.02941	0.01423	0.74668	0.01803	0.01328	0.01803	0.01139	0.01518	0.00854	0.00474	0.00664	0.00190	0.00949	0.00664	0.00285	0.00759
20	0.01187	0.04122	0.02102	0.05556	0.02047	0.01162	0.32521	0.01545	0.03741	0.03514	0.01663	0.02894	0.01580	0.10439	0.01016	0.00250	0.06130	0.17526	0.00360	0.00643
21	0.00887	0.00790	0.03359	0.27986	0.04148	0.00819	0.01028	0.01132	0.01130	0.01492	0.02181	0.34348	0.02371	0.01327	0.03286	0.00239	0.00567	0.11956	0.00405	0.00550
22	0.02102	0.02682	0.01595	0.01450	0.01740	0.77963	0.01087	0.02247	0.01595	0.01377	0.00870	0.01015	0.00725	0.00580	0.00507	0.00145	0.01015	0.00362	0.00290	0.00652
23	0.00810	0.00634	0.00858	0.03827	0.01081	0.00631	0.03124	0.01108	0.09103	0.01613	0.08067	0.56036	0.06270	0.01506	0.00690	0.00217	0.00375	0.03007	0.00516	0.00527
24	0.02304	0.03236	0.04636	0.01175	0.01637	0.03174	0.07694	0.05422	0.01596	0.60083	0.01961	0.01775	0.01262	0.00660	0.00567	0.00173	0.00560	0.00554	0.00611	0.00919
25	0.01539	0.61695	0.07864	0.01034	0.01517	0.05014	0.01028	0.06296	0.01278	0.03733	0.01069	0.01159	0.03677	0.00544	0.00409	0.00133	0.00619	0.00366	0.00287	0.00739
26	0.01562	0.00695	0.00818	0.00709	0.00952	0.00653	0.00559	0.01844	0.03448	0.28135	0.02076	0.02115	0.03249	0.00692	0.00465	0.00149	0.00343	0.00558	0.50292	0.00684
27	0.00714	0.00519	0.00678	0.00785	0.00849	0.00484	0.00554	0.00844	0.01153	0.01523	0.07981	0.60173	0.10781	0.01670	0.00716	0.00225	0.00339	0.09016	0.00528	0.00470
28	0.01359	0.09576	0.31033	0.01712	0.02323	0.01414	0.26253	0.04613	0.03831	0.06532	0.01210	0.03352	0.00924	0.00575	0.00605	0.00179	0.02860	0.00541	0.00314	0.00796
29	0.01348	0.01286	0.02190	0.08602	0.68778	0.01307	0.01677	0.01680	0.01256	0.01791	0.01072	0.01431	0.00901	0.00647	0.03492	0.00196	0.00706	0.00505	0.00277	0.00858
30	0.00682	0.00535	0.00618	0.00672	0.00790	0.00471	0.00476	0.00813	0.01212	0.01530	0.08995	0.37926	0.40171	0.01556	0.00688	0.00206	0.00302	0.01357	0.00529	0.00471
31	0.02736	0.01161	0.06391	0.64885	0.03509	0.01286	0.01520	0.05218	0.04800	0.01630	0.01077	0.01491	0.00802	0.00575	0.00557	0.00186	0.00728	0.00498	0.00282	0.00667
32	0.04117	0.15852	0.17399	0.01290	0.01774	0.10507	0.04819	0.08282	0.12336	0.14152	0.01359	0.01392	0.00999	0.00611	0.00549	0.00167	0.02716	0.00464	0.00401	0.00815
33	0.00957	0.00644	0.00805	0.00834	0.00995	0.00603	0.00666	0.03209	0.01317	0.07684	0.07035	0.17150	0.24521	0.04245	0.00781	0.00231	0.00409	0.26841	0.00534	0.00538
34	0.00688	0.00571	0.00602	0.00594	0.00774	0.00485	0.00446	0.00853	0.01338	0.01651	0.18209	0.05202	0.63894	0.01377	0.00665	0.00188	0.00282	0.01158	0.00540	0.00485
35	0.01381	0.00945	0.01406	0.31698	0.02313	0.01053	0.03250	0.03631	0.07688	0.16637	0.01566	0.02147	0.01270	0.07581	0.03529	0.04853	0.02879	0.05098	0.00402	0.00671
36	0.04300	0.07386	0.40730	0.03615	0.10480	0.03382	0.05337	0.07613	0.01350	0.06945	0.01153	0.01395	0.00867	0.00574	0.00536	0.00174	0.00745	0.02284	0.00314	0.00820
37	0.02092	0.00897	0.01229	0.00985	0.01346	0.00806	0.02425	0.03858	0.02980	0.56102	0.07228	0.08868	0.01848	0.00932	0.03163	0.00203	0.00492	0.00689	0.03004	0.00852
38	0.01534	0.01513	0.19426	0.01204	0.01666	0.01140	0.05714	0.19560	0.04755	0.14185	0.02114	0.05507	0.10927	0.00780	0.00570	0.00176	0.00576	0.00648	0.07212	0.00792
39	0.04450	0.03377	0.15326	0.04722	0.16045	0.01094	0.13411	0.01547	0.01272	0.05319	0.12829	0.05350	0.04299	0.01019	0.07247	0.00241	0.00711	0.00661	0.00365	0.00715
40	0.01242	0.02819	0.08046	0.04680	0.17950	0.01085	0.03264	0.03809	0.12241	0.03108	0.10781	0.03380	0.01629	0.00653	0.00541	0.00155	0.00532	0.01699	0.00396	0.21989

[dist]
# distance from previous block
# <min> <max>
4	6

[block]
# block no. 5 follows, 42 sequences, length 10
# corresponding to MSA columns:
# 230-239
name=unknown_F
#
# <colnr> <probs for GDERKNQSTAVLIFYWHMCP>
#	G	D	E	R	K	N	Q	S	T	A	V	L	I	F	Y	W	H	M	C	P
0	0.01894	0.01438	0.01619	0.01421	0.08532	0.01570	0.01061	0.53321	0.10887	0.03113	0.01443	0.01470	0.01058	0.00658	0.00550	0.00166	0.00578	0.00515	0.04470	0.04235
1	0.01273	0.02077	0.40313	0.01877	0.19056	0.01212	0.03508	0.03592	0.01260	0.04386	0.01072	0.01268	0.00808	0.00514	0.00524	0.00159	0.00706	0.00434	0.00289	0.15672
2	0.01146	0.15530	0.57209	0.01415	0.02107	0.01373	0.01736	0.01665	0.01170	0.01671	0.01184	0.09123	0.01020	0.00650	0.00525	0.00174	0.00742	0.00517	0.00267	0.00776
3	0.01537	0.29281	0.01945	0.08229	0.01704	0.01681	0.00992	0.09245	0.31495	0.06045	0.01545	0.01540	0.01186	0.00633	0.00496	0.00163	0.00547	0.00489	0.00431	0.00817
4	0.01169	0.01073	0.08714	0.01349	0.09029	0.00868	0.11122	0.01512	0.05089	0.11511	0.09089	0.17578	0.17464	0.01027	0.00634	0.00191	0.00508	0.00927	0.00471	0.00676
5	0.01466	0.01980	0.40723	0.03831	0.04390	0.01126	0.05754	0.01927	0.01311	0.20792	0.04858	0.05111	0.01246	0.00665	0.00592	0.00181	0.02282	0.00556	0.00388	0.00820
6	0.01041	0.01029	0.08295	0.07267	0.23230	0.00883	0.01144	0.01306	0.01208	0.03801	0.04499	0.30876	0.02340	0.01124	0.00644	0.00204	0.00528	0.09516	0.00414	0.00653
7	0.01039	0.00865	0.01380	0.16136	0.04804	0.00925	0.09526	0.01282	0.02863	0.05080	0.02272	0.23957	0.09855	0.01150	0.00842	0.04559	0.07675	0.04803	0.00402	0.00584
8	0.01190	0.00951	0.01537	0.49543	0.09972	0.01095	0.01326	0.01507	0.01178	0.09419	0.01514	0.04177	0.05338	0.00993	0.07688	0.00251	0.00744	0.00589	0.00328	0.00660
9	0.01363	0.01402	0.06105	0.15790	0.26594	0.10049	0.04693	0.05577	0.03272	0.04216	0.03676	0.04311	0.07846	0.00701	0.00578	0.00177	0.00673	0.01878	0.00352	0.00746

[dist]
# distance from previous block
# <min> <max>
1	8

[block]
# block no. 6 follows, 42 sequences, length 25
# corresponding to MSA columns:
# 250,251,253-275
name=unknown_G
#
# <colnr> <probs for GDERKNQSTAVLIFYWHMCP>
#	G	D	E	R	K	N	Q	S	T	A	V	L	I	F	Y	W	H	M	C	P
0	0.00994	0.00985	0.04233	0.05067	0.11343	0.00988	0.09771	0.01231	0.01186	0.01635	0.10674	0.22296	0.11241	0.01096	0.00861	0.00205	0.14242	0.00940	0.00402	0.00610
1	0.01064	0.02214	0.51640	0.01426	0.03393	0.03123	0.01633	0.01548	0.01186	0.01705	0.04256	0.14189	0.03385	0.00820	0.00640	0.00190	0.04465	0.02078	0.00313	0.00731
2	0.01459	0.01326	0.01923	0.14972	0.45189	0.07772	0.01472	0.02792	0.03905	0.07443	0.02693	0.01638	0.03747	0.00589	0.00561	0.00171	0.00667	0.00533	0.00335	0.00812
3	0.01973	0.00960	0.01269	0.08856	0.01635	0.03383	0.00934	0.03917	0.01511	0.47460	0.02212	0.02878	0.01732	0.00882	0.00614	0.00194	0.00536	0.17650	0.00593	0.00810
4	0.02130	0.01635	0.01516	0.01252	0.01605	0.28100	0.04121	0.07725	0.03131	0.33118	0.05049	0.01618	0.01262	0.00681	0.00615	0.00168	0.04458	0.00513	0.00498	0.00804
5	0.01177	0.01093	0.01767	0.54167	0.10158	0.03980	0.07013	0.01521	0.01193	0.04391	0.01293	0.05554	0.03024	0.00640	0.00579	0.00186	0.00723	0.00585	0.00295	0.00661
6	0.01185	0.04158	0.44666	0.01581	0.05682	0.01169	0.10466	0.01666	0.01222	0.06436	0.01548	0.12562	0.03697	0.00738	0.00579	0.00185	0.00720	0.00650	0.00324	0.00766
7	0.01063	0.01000	0.01688	0.78870	0.03876	0.01250	0.01563	0.01438	0.01125	0.01438	0.01000	0.01500	0.00750	0.00563	0.00563	0.00188	0.00750	0.00500	0.00250	0.00625
8	0.00704	0.00504	0.00670	0.00771	0.00820	0.00470	0.00524	0.00831	0.01164	0.01575	0.15463	0.67099	0.03990	0.01660	0.00709	0.00220	0.00316	0.01502	0.00539	0.00470
9	0.01345	0.01065	0.03635	0.18599	0.10997	0.01051	0.12157	0.03120	0.02502	0.14122	0.04162	0.04983	0.04182	0.09461	0.00876	0.00228	0.02027	0.04393	0.00399	0.00697
10	0.01222	0.01534	0.19250	0.03682	0.11669	0.01125	0.24438	0.01639	0.01330	0.06544	0.12216	0.04601	0.05417	0.00712	0.00616	0.00184	0.00694	0.02016	0.00370	0.00741
11	0.01393	0.01337	0.02284	0.03454	0.76712	0.01337	0.01727	0.01727	0.01281	0.01839	0.01059	0.01393	0.00891	0.00501	0.00557	0.00167	0.00669	0.00501	0.00279	0.00891
12	0.01164	0.01104	0.01872	0.55641	0.26311	0.01277	0.01613	0.01527	0.01173	0.01561	0.01018	0.01467	0.00794	0.00544	0.00561	0.00181	0.00725	0.00501	0.00259	0.00707
13	0.03787	0.01200	0.11071	0.04958	0.06539	0.03695	0.05600	0.04499	0.01306	0.06569	0.03809	0.11934	0.15016	0.01042	0.00698	0.00201	0.04851	0.12148	0.00427	0.00649
14	0.01460	0.01401	0.05383	0.29764	0.05241	0.08177	0.03170	0.05177	0.01268	0.07233	0.01165	0.03381	0.00962	0.00777	0.00957	0.00214	0.22657	0.00544	0.00338	0.00728
15	0.02252	0.01562	0.01699	0.01316	0.01768	0.01685	0.01076	0.66275	0.02570	0.11376	0.01524	0.01527	0.01082	0.00733	0.00599	0.00185	0.00632	0.00540	0.00603	0.00997
16	0.01524	0.03291	0.04796	0.01407	0.01764	0.02328	0.20013	0.07439	0.08098	0.15174	0.01988	0.16252	0.01809	0.07814	0.00855	0.00238	0.00643	0.03314	0.00487	0.00764
17	0.01133	0.03684	0.01185	0.06873	0.05862	0.01021	0.00840	0.01787	0.27045	0.01968	0.11831	0.18414	0.13727	0.01124	0.00654	0.00208	0.00446	0.00954	0.00534	0.00713
18	0.01427	0.01343	0.02241	0.14352	0.65246	0.01367	0.01726	0.01740	0.01310	0.01857	0.01135	0.01524	0.00951	0.00568	0.00594	0.00186	0.00707	0.00528	0.00304	0.00894
19	0.01763	0.01498	0.06900	0.11808	0.02371	0.04172	0.21935	0.16488	0.06376	0.15939	0.01551	0.01805	0.01149	0.00681	0.00631	0.00198	0.00745	0.02666	0.00462	0.00861
20	0.11316	0.17364	0.04810	0.01292	0.01698	0.05983	0.09751	0.20089	0.03548	0.04206	0.01444	0.07430	0.01272	0.00866	0.02788	0.00207	0.00683	0.04033	0.00429	0.00790
21	0.01174	0.01084	0.01783	0.72286	0.09294	0.01300	0.01600	0.01518	0.01190	0.01549	0.01090	0.01606	0.00843	0.00615	0.00598	0.00201	0.00770	0.00527	0.00282	0.00689
22	0.03227	0.01419	0.02295	0.27740	0.13356	0.07544	0.25186	0.03875	0.01359	0.04658	0.01191	0.01580	0.00925	0.00668	0.02253	0.00211	0.00845	0.00570	0.00328	0.00771
23	0.13744	0.01150	0.04000	0.01048	0.01404	0.02800	0.03375	0.11105	0.05165	0.19180	0.18329	0.02475	0.05945	0.00847	0.00593	0.00188	0.00499	0.02002	0.00556	0.05596
24	0.11404	0.20400	0.03607	0.00977	0.01425	0.02922	0.00836	0.05604	0.03986	0.01966	0.02877	0.04187	0.01102	0.00603	0.00468	0.00140	0.00522	0.00437	0.00373	0.36164

[dist]
# distance from previous block
# <min> <max>
0	66

# created by:
# /home/cegg/simao/soft/augustus-3.2.1/scripts/msa2prfl.pl ./align_prep/EOG091G0SBR.fa
