[name]
unknown

[dist]
# distance from previous block
# <min> <max>
5	422

[block]
# block no. 0 follows, 42 sequences, length 34
# corresponding to MSA columns:
# 462-477,562-579
name=unknown_A
#
# <colnr> <probs for GDERKNQSTAVLIFYWHMCP>
#	G	D	E	R	K	N	Q	S	T	A	V	L	I	F	Y	W	H	M	C	P
0	0.04404	0.01098	0.02839	0.04251	0.10263	0.01106	0.00945	0.13423	0.15370	0.10774	0.14329	0.06601	0.03763	0.00806	0.00590	0.00175	0.01453	0.00680	0.00507	0.06623
1	0.03317	0.01123	0.04297	0.01247	0.09241	0.01034	0.00913	0.11597	0.10376	0.10169	0.09917	0.08642	0.01762	0.00750	0.00570	0.00158	0.01974	0.00628	0.00469	0.21815
2	0.03361	0.01244	0.01635	0.07113	0.26391	0.04346	0.01181	0.12426	0.08378	0.03714	0.05904	0.01831	0.05987	0.00674	0.00615	0.00167	0.04444	0.00561	0.00396	0.09631
3	0.02953	0.01358	0.07376	0.03129	0.11979	0.01262	0.04726	0.21805	0.08652	0.03327	0.04299	0.03863	0.01245	0.02858	0.00636	0.00171	0.02417	0.00543	0.00420	0.16980
4	0.14895	0.01088	0.01170	0.00982	0.02649	0.03050	0.00767	0.12932	0.08827	0.13705	0.09812	0.04163	0.04545	0.00715	0.00516	0.00157	0.00459	0.00570	0.00492	0.18507
5	0.15976	0.01303	0.01426	0.01215	0.03015	0.07703	0.06511	0.14464	0.17999	0.07961	0.03296	0.04218	0.02452	0.00843	0.03633	0.00206	0.03192	0.00561	0.00459	0.03569
6	0.01525	0.01384	0.01540	0.08358	0.18958	0.13992	0.01114	0.18176	0.02871	0.04577	0.07506	0.05974	0.10033	0.00788	0.00580	0.00173	0.00621	0.00657	0.00427	0.00749
7	0.23820	0.01193	0.01296	0.03926	0.03049	0.01324	0.00884	0.22121	0.07681	0.07221	0.03041	0.03486	0.01113	0.02454	0.00666	0.00183	0.07571	0.00498	0.00444	0.08029
8	0.05825	0.01678	0.01453	0.01272	0.01492	0.28042	0.00999	0.16059	0.01549	0.01929	0.06913	0.08663	0.01396	0.00844	0.00857	0.00185	0.19203	0.00583	0.00383	0.00674
9	0.01759	0.01208	0.01319	0.01193	0.07123	0.06763	0.00876	0.20544	0.08560	0.16827	0.01613	0.01645	0.01178	0.00637	0.00510	0.00153	0.00514	0.00505	0.17807	0.09267
10	0.00832	0.00583	0.00672	0.00670	0.00836	0.00507	0.00494	0.00989	0.01311	0.07395	0.15696	0.21032	0.44141	0.01400	0.00669	0.00195	0.00306	0.01203	0.00551	0.00517
11	0.00843	0.00665	0.00836	0.00828	0.00976	0.00633	0.03473	0.06577	0.03757	0.01698	0.06298	0.42242	0.26105	0.01469	0.00681	0.00207	0.00362	0.01298	0.00521	0.00530
12	0.07158	0.00614	0.00735	0.00693	0.00849	0.00580	0.00524	0.01075	0.01505	0.02184	0.61643	0.04106	0.13997	0.01137	0.00640	0.00178	0.00281	0.00985	0.00586	0.00530
13	0.02005	0.02142	0.01640	0.03188	0.01765	0.43952	0.01107	0.25729	0.01854	0.02081	0.01016	0.01157	0.00802	0.00650	0.00658	0.00164	0.08544	0.00425	0.00373	0.00747
14	0.01375	0.01086	0.01444	0.01059	0.01541	0.00913	0.08887	0.06326	0.04041	0.09167	0.01249	0.03078	0.00994	0.00509	0.00480	0.00116	0.00493	0.00443	0.00390	0.56407
15	0.01178	0.01088	0.01795	0.34402	0.35869	0.01184	0.01476	0.01511	0.01210	0.01664	0.01438	0.01789	0.06648	0.00607	0.00557	0.00175	0.00648	0.00555	0.05479	0.00726
16	0.01279	0.01439	0.03117	0.02250	0.02779	0.01349	0.68998	0.01725	0.01309	0.01775	0.01289	0.07509	0.01073	0.00573	0.00668	0.00193	0.00901	0.00736	0.00303	0.00736
17	0.01117	0.01046	0.01757	0.57712	0.19348	0.01224	0.01533	0.01476	0.01188	0.01576	0.05778	0.01648	0.01069	0.00587	0.00568	0.00182	0.00702	0.00533	0.00280	0.00676
18	0.74887	0.01269	0.00914	0.00821	0.01162	0.09961	0.00664	0.01722	0.01030	0.02395	0.00793	0.00926	0.00623	0.00529	0.00366	0.00171	0.00501	0.00311	0.00342	0.00614
19	0.02102	0.02682	0.01595	0.01450	0.01740	0.77963	0.01087	0.02247	0.01595	0.01377	0.00870	0.01015	0.00725	0.00580	0.00507	0.00145	0.01015	0.00362	0.00290	0.00652
20	0.01211	0.01034	0.01228	0.00949	0.04191	0.00809	0.00722	0.04109	0.01225	0.01897	0.01015	0.01182	0.00840	0.00429	0.00427	0.00090	0.00434	0.00346	0.00340	0.77521
21	0.00768	0.00544	0.00679	0.00724	0.00830	0.00491	0.00513	0.00920	0.01265	0.04144	0.21053	0.42208	0.20778	0.01505	0.00688	0.00206	0.00308	0.01333	0.00551	0.00495
22	0.00698	0.00505	0.00663	0.00784	0.00834	0.00470	0.00540	0.00809	0.01106	0.01458	0.03278	0.69942	0.08841	0.01726	0.00718	0.00228	0.00336	0.06078	0.00522	0.00462
23	0.01424	0.01418	0.02323	0.03277	0.67699	0.05192	0.06883	0.01759	0.01300	0.01813	0.01055	0.01383	0.00880	0.00503	0.00562	0.00168	0.00706	0.00506	0.00280	0.00870
24	0.01251	0.00916	0.01142	0.01000	0.01140	0.01057	0.00765	0.16071	0.01261	0.05837	0.01460	0.02313	0.01398	0.27037	0.20156	0.00481	0.15121	0.00630	0.00379	0.00588
25	0.00718	0.00572	0.00645	0.00642	0.00805	0.00500	0.00484	0.00903	0.01375	0.01759	0.28056	0.07787	0.48020	0.01355	0.00671	0.00190	0.00290	0.04180	0.00553	0.00494
26	0.01266	0.01181	0.01611	0.28980	0.09308	0.04335	0.03943	0.04329	0.22714	0.01833	0.03293	0.05428	0.01304	0.00723	0.00683	0.00191	0.07160	0.00605	0.00381	0.00732
27	0.01854	0.01999	0.01658	0.10848	0.05733	0.39240	0.01176	0.17965	0.04711	0.01920	0.01048	0.01227	0.00829	0.00633	0.00634	0.00166	0.06834	0.00439	0.00352	0.00735
28	0.00835	0.00584	0.00724	0.00688	0.00840	0.00527	0.00516	0.01065	0.01494	0.04908	0.53318	0.07524	0.20418	0.01206	0.00656	0.00181	0.00280	0.01050	0.02652	0.00532
29	0.01302	0.00981	0.01168	0.00850	0.01331	0.00750	0.00680	0.01544	0.01213	0.10051	0.01192	0.03441	0.00975	0.00485	0.00441	0.00097	0.00421	0.00394	0.00378	0.72303
30	0.00927	0.00504	0.00742	0.00753	0.00772	0.00510	0.00515	0.00770	0.00794	0.01065	0.01324	0.08177	0.03076	0.02185	0.10693	0.65422	0.00587	0.00609	0.00280	0.00297
31	0.01211	0.02667	0.65531	0.01667	0.02452	0.01300	0.10428	0.01825	0.01222	0.04968	0.01076	0.01257	0.00758	0.00535	0.00551	0.00179	0.00830	0.00451	0.00262	0.00829
32	0.00846	0.00626	0.00880	0.00820	0.00889	0.00653	0.05156	0.00942	0.00879	0.01206	0.01646	0.03065	0.01762	0.50339	0.27283	0.00640	0.00885	0.00738	0.00325	0.00420
33	0.32538	0.16600	0.07654	0.10509	0.01718	0.04507	0.00995	0.11650	0.01323	0.03407	0.03785	0.01210	0.00899	0.00570	0.00443	0.00164	0.00580	0.00398	0.00350	0.00703

[dist]
# distance from previous block
# <min> <max>
1	2

[block]
# block no. 1 follows, 42 sequences, length 15
# corresponding to MSA columns:
# 588-602
name=unknown_B
#
# <colnr> <probs for GDERKNQSTAVLIFYWHMCP>
#	G	D	E	R	K	N	Q	S	T	A	V	L	I	F	Y	W	H	M	C	P
0	0.00724	0.00589	0.00646	0.00652	0.00819	0.00522	0.00488	0.00940	0.03996	0.01674	0.17385	0.12521	0.51824	0.01392	0.00671	0.00194	0.00300	0.03624	0.00541	0.00499
1	0.00774	0.00633	0.02737	0.00736	0.00879	0.00547	0.00562	0.01025	0.03193	0.01948	0.45124	0.20556	0.16583	0.01302	0.00670	0.00191	0.00301	0.01146	0.00571	0.00522
2	0.01509	0.00990	0.01202	0.00876	0.01360	0.00770	0.00707	0.01750	0.01279	0.20768	0.01307	0.01355	0.00974	0.00487	0.00454	0.00106	0.00432	0.00392	0.00425	0.62857
3	0.01505	0.80561	0.02949	0.00963	0.01444	0.02227	0.00963	0.01685	0.01143	0.01324	0.00782	0.00903	0.00722	0.00481	0.00361	0.00120	0.00602	0.00301	0.00241	0.00722
4	0.00805	0.00598	0.00877	0.00877	0.00968	0.00688	0.00669	0.00987	0.00896	0.01286	0.01533	0.02350	0.01467	0.11423	0.70872	0.00870	0.01416	0.00623	0.00305	0.00487
5	0.00878	0.01040	0.14922	0.00936	0.01214	0.00708	0.03639	0.01223	0.01508	0.02152	0.59688	0.03547	0.04295	0.01012	0.00640	0.00178	0.00396	0.00894	0.00537	0.00595
6	0.00823	0.00614	0.00795	0.00829	0.00974	0.00562	0.00648	0.01028	0.01292	0.01749	0.20123	0.25318	0.10382	0.01398	0.00690	0.00209	0.00376	0.23283	0.00526	0.08381
7	0.76420	0.01135	0.00909	0.00793	0.01151	0.01308	0.00653	0.08590	0.01118	0.02622	0.00837	0.00956	0.00642	0.00537	0.00369	0.00174	0.00453	0.00324	0.00369	0.00642
8	0.01347	0.01262	0.04540	0.15914	0.19357	0.01211	0.24469	0.01704	0.01266	0.09016	0.01325	0.07294	0.01100	0.00624	0.00627	0.00181	0.02577	0.00628	0.00335	0.05223
9	0.01553	0.01282	0.01397	0.06112	0.01683	0.01472	0.00976	0.19858	0.53713	0.02578	0.01987	0.01885	0.01477	0.00730	0.00570	0.00185	0.00506	0.00597	0.00550	0.00890
10	0.01600	0.01103	0.01226	0.01047	0.01377	0.01188	0.00829	0.13323	0.38183	0.15766	0.07876	0.02361	0.07431	0.00814	0.00578	0.00182	0.00446	0.00671	0.03157	0.00843
11	0.09490	0.00582	0.00555	0.00546	0.00700	0.00599	0.00415	0.01346	0.01158	0.02141	0.01729	0.01978	0.01358	0.00642	0.00389	0.00135	0.00280	0.00502	0.74921	0.00533
12	0.05430	0.00815	0.01026	0.00845	0.01173	0.00722	0.00679	0.02023	0.01472	0.45942	0.08426	0.05281	0.17713	0.00910	0.00581	0.00177	0.00404	0.00751	0.04860	0.00770
13	0.00701	0.00500	0.00664	0.00790	0.00826	0.00470	0.00534	0.00804	0.01078	0.01436	0.03046	0.73409	0.03636	0.04690	0.00802	0.00242	0.00344	0.05058	0.00515	0.00456
14	0.00816	0.00555	0.00663	0.00663	0.00680	0.00572	0.00402	0.00850	0.00833	0.01127	0.01728	0.03435	0.01938	0.67425	0.15514	0.00606	0.00708	0.00782	0.00334	0.00368

[dist]
# distance from previous block
# <min> <max>
0	2

[block]
# block no. 2 follows, 42 sequences, length 30
# corresponding to MSA columns:
# 605-609,613-637
name=unknown_C
#
# <colnr> <probs for GDERKNQSTAVLIFYWHMCP>
#	G	D	E	R	K	N	Q	S	T	A	V	L	I	F	Y	W	H	M	C	P
0	0.00692	0.00507	0.00650	0.00749	0.00811	0.00465	0.00511	0.00809	0.01146	0.01514	0.09336	0.63952	0.13452	0.01669	0.00707	0.00219	0.00316	0.01499	0.00530	0.00465
1	0.01102	0.01021	0.01712	0.66564	0.12514	0.01231	0.01535	0.01467	0.01146	0.01513	0.01042	0.01512	0.00796	0.00559	0.00555	0.00183	0.00720	0.00501	0.03673	0.00653
2	0.00804	0.00603	0.00904	0.00904	0.01005	0.00703	0.00703	0.01005	0.00904	0.01306	0.01507	0.02211	0.01407	0.04221	0.77992	0.00904	0.01507	0.00603	0.00301	0.00502
3	0.01231	0.01231	0.01724	0.01477	0.01477	0.01724	0.01231	0.01354	0.00862	0.01354	0.00739	0.01231	0.00739	0.00985	0.01847	0.00246	0.79192	0.00492	0.00246	0.00616
4	0.01800	0.02072	0.01956	0.01602	0.01953	0.41970	0.18023	0.10640	0.03446	0.01760	0.01169	0.03669	0.02210	0.00642	0.00626	0.00168	0.04735	0.00514	0.00337	0.00708
5	0.00839	0.00529	0.00707	0.00802	0.00868	0.00488	0.00548	0.00947	0.01122	0.07747	0.03028	0.73355	0.03528	0.01674	0.00706	0.00224	0.00339	0.01514	0.00537	0.00499
6	0.01758	0.02089	0.01821	0.01770	0.11663	0.45455	0.07311	0.01993	0.03640	0.01494	0.00957	0.01227	0.00816	0.02206	0.00789	0.00177	0.13412	0.00444	0.00291	0.00688
7	0.01167	0.01000	0.01167	0.00834	0.01334	0.00750	0.00667	0.01417	0.01167	0.01834	0.01000	0.01167	0.00834	0.00417	0.00417	0.00083	0.00417	0.00333	0.00333	0.83663
8	0.05661	0.43790	0.06474	0.01275	0.01736	0.18820	0.10119	0.03473	0.01293	0.01528	0.00871	0.01029	0.00738	0.00512	0.00444	0.00141	0.00741	0.00370	0.00269	0.00717
9	0.00804	0.00603	0.00904	0.00904	0.01005	0.00703	0.00703	0.01005	0.00904	0.01306	0.01507	0.02211	0.01407	0.04221	0.77992	0.00904	0.01507	0.00603	0.00301	0.00502
10	0.00674	0.00568	0.00585	0.00585	0.00767	0.00478	0.00437	0.00824	0.01298	0.01567	0.10314	0.07430	0.69719	0.01417	0.00667	0.00190	0.00285	0.01188	0.00529	0.00478
11	0.01248	0.01213	0.01529	0.01327	0.01381	0.06463	0.01088	0.03365	0.01039	0.01533	0.07171	0.01559	0.01194	0.01073	0.04575	0.00251	0.57608	0.00535	0.05237	0.00610
12	0.03897	0.23181	0.36007	0.01606	0.08301	0.04106	0.08927	0.01760	0.01209	0.02906	0.01019	0.02826	0.00817	0.00541	0.00501	0.00163	0.00746	0.00440	0.00265	0.00781
13	0.01063	0.01000	0.01688	0.78870	0.03876	0.01250	0.01563	0.01438	0.01125	0.01438	0.01000	0.01500	0.00750	0.00563	0.00563	0.00188	0.00750	0.00500	0.00250	0.00625
14	0.00684	0.00496	0.00647	0.00768	0.00812	0.00458	0.00516	0.00785	0.01092	0.01443	0.03290	0.74451	0.09004	0.01739	0.00714	0.00226	0.00323	0.01570	0.00522	0.00458
15	0.01399	0.04572	0.02248	0.14474	0.46310	0.07761	0.09539	0.01767	0.03303	0.01729	0.01065	0.01391	0.00868	0.00521	0.00558	0.00170	0.00732	0.00503	0.00282	0.00810
16	0.04045	0.08018	0.12692	0.01497	0.07156	0.02985	0.13591	0.07110	0.02518	0.05878	0.02938	0.12308	0.04999	0.00810	0.00699	0.00186	0.08308	0.00688	0.02856	0.00717
17	0.00685	0.00493	0.00649	0.00775	0.00814	0.00458	0.00518	0.00785	0.01086	0.01440	0.03211	0.76713	0.06793	0.01749	0.00716	0.00227	0.00325	0.01582	0.00522	0.00458
18	0.71367	0.01073	0.00944	0.09569	0.01418	0.01243	0.00726	0.01676	0.01004	0.05550	0.00869	0.01023	0.00658	0.00534	0.00382	0.00176	0.00473	0.00338	0.00352	0.00626
19	0.01521	0.01537	0.02108	0.08542	0.36001	0.13344	0.09867	0.09555	0.01433	0.01868	0.01061	0.01370	0.00865	0.00683	0.03155	0.00197	0.05288	0.00502	0.00308	0.00796
20	0.03773	0.01216	0.01407	0.03025	0.07359	0.09024	0.05865	0.15099	0.12266	0.05816	0.01943	0.19888	0.01838	0.00952	0.00604	0.00190	0.00567	0.05463	0.02980	0.00724
21	0.00809	0.00583	0.00805	0.00805	0.00871	0.00649	0.00580	0.00941	0.00875	0.01233	0.01598	0.02714	0.01625	0.30205	0.52306	0.00782	0.01179	0.00677	0.00315	0.00447
22	0.05558	0.09834	0.19792	0.01291	0.01762	0.07444	0.06777	0.05349	0.15953	0.11063	0.01575	0.08466	0.01281	0.00708	0.00544	0.00176	0.00639	0.00585	0.00413	0.00789
23	0.00707	0.00505	0.00673	0.00782	0.00831	0.00472	0.00536	0.00830	0.01148	0.01546	0.12134	0.68140	0.03902	0.01681	0.00713	0.00223	0.00325	0.03847	0.00534	0.00468
24	0.01084	0.01041	0.01817	0.72833	0.03802	0.01264	0.07332	0.01467	0.01141	0.01467	0.01011	0.01502	0.00758	0.00556	0.00571	0.00188	0.00766	0.00513	0.00253	0.00636
25	0.00762	0.00570	0.00707	0.00681	0.00822	0.00515	0.00508	0.00992	0.01499	0.02053	0.57116	0.08179	0.21042	0.01242	0.00667	0.00182	0.00273	0.01084	0.00593	0.00515
26	0.00686	0.00490	0.00653	0.00784	0.00816	0.00457	0.00522	0.00784	0.01077	0.01437	0.03102	0.79855	0.03722	0.01763	0.00718	0.00229	0.00326	0.01600	0.00522	0.00457
27	0.00697	0.00494	0.00650	0.00769	0.00799	0.00464	0.00507	0.00786	0.01056	0.01408	0.02991	0.73502	0.03582	0.08307	0.00897	0.00255	0.00345	0.01535	0.00507	0.00447
28	0.00813	0.00569	0.00743	0.00725	0.00848	0.00524	0.00534	0.01046	0.01497	0.03789	0.60362	0.17357	0.06561	0.01253	0.00671	0.00186	0.00281	0.01113	0.00602	0.00527
29	0.01250	0.01377	0.02877	0.02115	0.02575	0.01340	0.59659	0.01654	0.01264	0.01728	0.01332	0.08809	0.01169	0.00664	0.00774	0.00200	0.07594	0.02598	0.00309	0.00713

[dist]
# distance from previous block
# <min> <max>
0	22

[block]
# block no. 3 follows, 42 sequences, length 7
# corresponding to MSA columns:
# 660-666
name=unknown_D
#
# <colnr> <probs for GDERKNQSTAVLIFYWHMCP>
#	G	D	E	R	K	N	Q	S	T	A	V	L	I	F	Y	W	H	M	C	P
0	0.00774	0.00574	0.00721	0.00684	0.00827	0.00521	0.00513	0.01018	0.01540	0.02131	0.64304	0.04411	0.17500	0.01198	0.00664	0.00179	0.00269	0.01047	0.00603	0.00521
1	0.01505	0.80561	0.02949	0.00963	0.01444	0.02227	0.00963	0.01685	0.01143	0.01324	0.00782	0.00903	0.00722	0.00481	0.00361	0.00120	0.00602	0.00301	0.00241	0.00722
2	0.00976	0.00698	0.00809	0.00762	0.00955	0.00670	0.00581	0.03589	0.10346	0.06545	0.28263	0.09893	0.26873	0.01192	0.00643	0.00187	0.00329	0.02963	0.03138	0.00589
3	0.01493	0.01453	0.09792	0.02388	0.36197	0.01238	0.12632	0.05631	0.01373	0.10305	0.01203	0.01419	0.00920	0.00521	0.00555	0.00162	0.00673	0.00504	0.00344	0.11197
4	0.01379	0.45737	0.23019	0.01492	0.09476	0.01829	0.06719	0.01724	0.01183	0.01535	0.00898	0.01075	0.00746	0.00497	0.00450	0.00146	0.00696	0.00379	0.00247	0.00772
5	0.01231	0.00947	0.01124	0.00871	0.01281	0.00805	0.00692	0.01609	0.08743	0.06888	0.01316	0.01486	0.01061	0.00961	0.10204	0.00206	0.00554	0.00423	0.04204	0.55394
6	0.01478	0.05827	0.01980	0.01546	0.01772	0.20994	0.13158	0.01676	0.01160	0.01464	0.00857	0.01202	0.00760	0.00734	0.01139	0.00194	0.37091	0.00467	0.00269	0.06233

[dist]
# distance from previous block
# <min> <max>
0	1

[block]
# block no. 4 follows, 42 sequences, length 50
# corresponding to MSA columns:
# 668-717
name=unknown_E
#
# <colnr> <probs for GDERKNQSTAVLIFYWHMCP>
#	G	D	E	R	K	N	Q	S	T	A	V	L	I	F	Y	W	H	M	C	P
0	0.01968	0.00994	0.01227	0.00964	0.01346	0.00928	0.00784	0.16046	0.01731	0.40707	0.10140	0.02246	0.06980	0.00768	0.00564	0.00166	0.00456	0.00626	0.03810	0.07550
1	0.00687	0.00506	0.00645	0.00748	0.00809	0.00463	0.00508	0.00799	0.01130	0.01484	0.06602	0.65363	0.14822	0.01686	0.00708	0.00221	0.00318	0.01513	0.00527	0.00463
2	0.01374	0.01344	0.02242	0.11444	0.64068	0.03365	0.04507	0.01713	0.01275	0.01782	0.01050	0.01399	0.00870	0.00509	0.00561	0.00170	0.00697	0.00504	0.00276	0.00851
3	0.01349	0.09116	0.35694	0.01514	0.04493	0.09964	0.01551	0.04712	0.05849	0.01711	0.01026	0.01243	0.00812	0.00717	0.02348	0.00198	0.16218	0.00439	0.00282	0.00764
4	0.00709	0.00507	0.00680	0.00811	0.00854	0.00478	0.00564	0.00825	0.01101	0.01463	0.03089	0.71975	0.03670	0.01741	0.00725	0.00232	0.00347	0.09246	0.00522	0.00464
5	0.01931	0.01310	0.01354	0.01140	0.01508	0.09437	0.00905	0.08967	0.35622	0.28467	0.02033	0.01855	0.01433	0.00713	0.00562	0.00178	0.00533	0.00571	0.00585	0.00894
6	0.01174	0.01088	0.01798	0.55462	0.20919	0.01266	0.01549	0.04326	0.01236	0.01641	0.03516	0.01558	0.00942	0.00572	0.00565	0.00182	0.00710	0.00518	0.00281	0.00698
7	0.00721	0.00579	0.00652	0.00685	0.00847	0.00510	0.00533	0.00890	0.01287	0.01588	0.09132	0.11467	0.52417	0.01461	0.00691	0.00206	0.00332	0.14990	0.00527	0.00485
8	0.01583	0.00806	0.00910	0.00773	0.01032	0.00804	0.00614	0.12467	0.03724	0.20811	0.01873	0.01944	0.01367	0.00672	0.00466	0.00149	0.00373	0.00535	0.48391	0.00706
9	0.00679	0.00529	0.00618	0.00683	0.00791	0.00467	0.00479	0.00802	0.01185	0.01497	0.06242	0.43634	0.37207	0.01592	0.00692	0.00209	0.00306	0.01395	0.00525	0.00467
10	0.00818	0.00663	0.01018	0.03202	0.01188	0.00645	0.08546	0.01053	0.05039	0.01541	0.02781	0.60204	0.03193	0.01524	0.00704	0.00223	0.00424	0.06221	0.00492	0.00521
11	0.02363	0.01064	0.01353	0.01054	0.01480	0.01004	0.00865	0.12261	0.09038	0.60059	0.02113	0.01859	0.01368	0.00700	0.00566	0.00175	0.00494	0.00565	0.00667	0.00951
12	0.05872	0.56080	0.03859	0.09380	0.01744	0.12152	0.01045	0.01734	0.01193	0.01415	0.00822	0.00987	0.00719	0.00506	0.00405	0.00135	0.00668	0.00333	0.00254	0.00699
13	0.00879	0.00529	0.00628	0.00678	0.00771	0.00514	0.00493	0.01077	0.01187	0.01821	0.10353	0.29016	0.02801	0.03976	0.00652	0.00194	0.00316	0.07075	0.36545	0.00495
14	0.01400	0.01209	0.01273	0.01145	0.01463	0.01400	0.00891	0.02990	0.75695	0.02354	0.02291	0.02100	0.01718	0.00764	0.00573	0.00191	0.00445	0.00636	0.00573	0.00891
15	0.00689	0.00499	0.00653	0.00774	0.00821	0.00463	0.00525	0.00794	0.01097	0.01448	0.03283	0.72840	0.08871	0.01734	0.00716	0.00227	0.00328	0.03255	0.00522	0.00460
16	0.00819	0.00616	0.00786	0.00864	0.01011	0.00582	0.00725	0.01038	0.01304	0.01659	0.07927	0.07296	0.26865	0.01495	0.00734	0.00232	0.00426	0.44593	0.00525	0.00504
17	0.00747	0.00552	0.00717	0.00782	0.00874	0.00495	0.00539	0.00877	0.01134	0.01553	0.09486	0.64599	0.03556	0.01564	0.00681	0.00208	0.00331	0.01412	0.00511	0.09384
18	0.11116	0.00964	0.01200	0.00943	0.01340	0.00895	0.00775	0.06443	0.01556	0.57800	0.01981	0.01795	0.01290	0.00673	0.00526	0.00170	0.00461	0.00531	0.08663	0.00878
19	0.00975	0.00514	0.00771	0.04199	0.00868	0.00525	0.00531	0.00768	0.00754	0.01002	0.01009	0.01777	0.01009	0.04913	0.02152	0.76715	0.00503	0.00502	0.00248	0.00265
20	0.02115	0.01762	0.01662	0.01318	0.01737	0.15131	0.01068	0.60321	0.04249	0.03136	0.01290	0.01310	0.00935	0.00661	0.00553	0.00165	0.00685	0.00484	0.00515	0.00902
21	0.01912	0.01144	0.01288	0.01000	0.01425	0.07534	0.00807	0.07276	0.01495	0.36069	0.01598	0.01569	0.01121	0.00804	0.05147	0.00185	0.00576	0.00470	0.00509	0.28071
22	0.01160	0.04805	0.67418	0.01669	0.02464	0.01344	0.09832	0.01782	0.01202	0.01772	0.01018	0.01216	0.00728	0.00527	0.00544	0.00178	0.00838	0.00439	0.00243	0.00821
23	0.01186	0.14663	0.66053	0.01507	0.02286	0.01446	0.01910	0.01768	0.01181	0.01713	0.00975	0.01145	0.00714	0.00527	0.00508	0.00169	0.00797	0.00398	0.00238	0.00815
24	0.02316	0.00931	0.01237	0.00962	0.01372	0.00812	0.00790	0.04305	0.01601	0.67193	0.02572	0.02277	0.09432	0.00774	0.00576	0.00176	0.00462	0.00631	0.00675	0.00906
25	0.70466	0.01066	0.00908	0.00784	0.01147	0.01189	0.00646	0.01837	0.01068	0.15064	0.01025	0.01083	0.00741	0.00552	0.00385	0.00174	0.00443	0.00349	0.00407	0.00668
26	0.03614	0.01250	0.02076	0.35427	0.33058	0.03835	0.09424	0.01627	0.01221	0.01668	0.01028	0.01426	0.00814	0.00528	0.00563	0.00178	0.00738	0.00508	0.00269	0.00748
27	0.00746	0.00590	0.00759	0.00761	0.00901	0.00603	0.00587	0.00922	0.01078	0.01408	0.03370	0.03698	0.34225	0.02943	0.42586	0.00579	0.00953	0.02399	0.00403	0.00491
28	0.00686	0.00528	0.00628	0.00694	0.00796	0.00470	0.00486	0.00815	0.01198	0.01534	0.09876	0.44768	0.32337	0.01583	0.00693	0.00209	0.00305	0.01393	0.00530	0.00470
29	0.01129	0.02911	0.77306	0.01604	0.02436	0.01307	0.02079	0.01782	0.01188	0.01782	0.01010	0.01188	0.00713	0.00535	0.00535	0.00178	0.00832	0.00416	0.00238	0.00832
30	0.01385	0.01237	0.01304	0.04682	0.04681	0.06543	0.00939	0.06318	0.50901	0.02176	0.02135	0.10348	0.01777	0.00849	0.00586	0.00191	0.00505	0.02108	0.00520	0.00812
31	0.00804	0.00601	0.00895	0.00895	0.00992	0.00698	0.00691	0.00999	0.00902	0.01299	0.01516	0.02261	0.01429	0.06806	0.75437	0.00892	0.01475	0.00610	0.00303	0.00497
32	0.01393	0.01337	0.02284	0.03454	0.76712	0.01337	0.01727	0.01727	0.01281	0.01839	0.01059	0.01393	0.00891	0.00501	0.00557	0.00167	0.00669	0.00501	0.00279	0.00891
33	0.01365	0.00887	0.01127	0.03016	0.01308	0.00861	0.04669	0.12957	0.04080	0.16751	0.04725	0.09035	0.26835	0.01082	0.00631	0.00191	0.00451	0.06988	0.02358	0.00683
34	0.00797	0.00570	0.00770	0.00784	0.00840	0.00619	0.00550	0.00912	0.00891	0.01241	0.01777	0.11080	0.01892	0.32138	0.41851	0.00699	0.01024	0.00790	0.00340	0.00438
35	0.01138	0.02849	0.74020	0.01638	0.02458	0.01312	0.05304	0.01783	0.01194	0.01783	0.01016	0.01203	0.00719	0.00532	0.00540	0.00179	0.00837	0.00427	0.00240	0.00828
36	0.01745	0.01997	0.01918	0.04042	0.13506	0.38523	0.11457	0.05233	0.09703	0.01710	0.01113	0.01300	0.00890	0.00593	0.00601	0.00166	0.03963	0.00472	0.00328	0.00741
37	0.01401	0.01291	0.02192	0.10717	0.66949	0.01311	0.01679	0.01735	0.01278	0.04464	0.01094	0.01422	0.00895	0.00514	0.00558	0.00169	0.00670	0.00504	0.00291	0.00868
38	0.01280	0.01112	0.01449	0.01044	0.01546	0.00920	0.08640	0.08670	0.01330	0.01999	0.01050	0.01223	0.00848	0.00448	0.00458	0.00103	0.00494	0.00386	0.00351	0.66651
39	0.01604	0.00975	0.01201	0.00885	0.01354	0.00770	0.00716	0.01844	0.01325	0.26653	0.03463	0.01497	0.01140	0.00529	0.00473	0.00116	0.00433	0.00429	0.00461	0.54132
40	0.01480	0.75496	0.07799	0.01005	0.01509	0.02167	0.01036	0.01691	0.01146	0.01354	0.00797	0.00921	0.00722	0.00485	0.00372	0.00124	0.00617	0.00308	0.00241	0.00729
41	0.00898	0.02726	0.00893	0.07030	0.01170	0.00631	0.00683	0.01035	0.01128	0.04872	0.04216	0.43534	0.05357	0.01521	0.02121	0.06383	0.00432	0.10034	0.00468	0.04864
42	0.00671	0.00545	0.00596	0.00636	0.00778	0.00469	0.00457	0.00800	0.01219	0.01494	0.04893	0.28552	0.53869	0.01530	0.00682	0.00202	0.00298	0.01316	0.00523	0.00469
43	0.01086	0.00935	0.01536	0.10136	0.22290	0.00955	0.06322	0.01393	0.01276	0.01708	0.02113	0.04135	0.02163	0.01085	0.00686	0.00221	0.00614	0.40290	0.00408	0.00649
44	0.01129	0.02911	0.77306	0.01604	0.02436	0.01307	0.02079	0.01782	0.01188	0.01782	0.01010	0.01188	0.00713	0.00535	0.00535	0.00178	0.00832	0.00416	0.00238	0.00832
45	0.01291	0.01282	0.02052	0.32587	0.36916	0.05348	0.05843	0.01630	0.01222	0.01636	0.01017	0.01415	0.00819	0.00548	0.00618	0.00179	0.04072	0.00503	0.00267	0.00756
46	0.01216	0.00986	0.01239	0.01202	0.08244	0.04920	0.05819	0.09466	0.06041	0.06865	0.22784	0.08648	0.18228	0.01011	0.00627	0.00181	0.00461	0.00880	0.00516	0.00665
47	0.01282	0.23498	0.53555	0.01417	0.02136	0.01575	0.01729	0.05592	0.01253	0.01753	0.00967	0.01121	0.00728	0.00528	0.00490	0.00162	0.00759	0.00390	0.00256	0.00809
48	0.01640	0.02907	0.01903	0.01711	0.12655	0.04655	0.16424	0.16320	0.08533	0.12164	0.01634	0.02087	0.01310	0.00704	0.00592	0.00181	0.00648	0.08313	0.04806	0.00812
49	0.01702	0.41019	0.10322	0.01136	0.01597	0.15248	0.01081	0.05348	0.01349	0.11307	0.01066	0.01161	0.00849	0.00701	0.03756	0.00174	0.00723	0.00381	0.00326	0.00754

[dist]
# distance from previous block
# <min> <max>
0	4

[block]
# block no. 5 follows, 42 sequences, length 61
# corresponding to MSA columns:
# 722-726,772-791,835-870
name=unknown_F
#
# <colnr> <probs for GDERKNQSTAVLIFYWHMCP>
#	G	D	E	R	K	N	Q	S	T	A	V	L	I	F	Y	W	H	M	C	P
0	0.00927	0.00586	0.00767	0.00795	0.00914	0.00542	0.00588	0.01099	0.01293	0.09045	0.22323	0.34357	0.08645	0.05298	0.00798	0.00227	0.00358	0.10353	0.00555	0.00529
1	0.01102	0.00890	0.01055	0.00955	0.01199	0.00930	0.03430	0.04197	0.29336	0.03808	0.19804	0.05835	0.18183	0.01057	0.00634	0.00192	0.00398	0.05752	0.00560	0.00683
2	0.01752	0.26042	0.13582	0.03990	0.01842	0.19227	0.03261	0.14765	0.01557	0.07465	0.01062	0.01164	0.00817	0.00565	0.00487	0.00152	0.00740	0.00406	0.00344	0.00779
3	0.01784	0.00765	0.00944	0.00784	0.01075	0.00700	0.00628	0.03653	0.01440	0.39232	0.03881	0.02162	0.04265	0.00716	0.00499	0.00156	0.00378	0.00580	0.35609	0.00747
4	0.00685	0.00493	0.00649	0.00774	0.00814	0.00458	0.00518	0.00785	0.01087	0.01440	0.03218	0.76536	0.06966	0.01748	0.00716	0.00227	0.00325	0.01581	0.00522	0.00458
5	0.01442	0.01223	0.01289	0.01144	0.01469	0.01406	0.00894	0.08760	0.67997	0.02431	0.02296	0.02118	0.03443	0.00772	0.00574	0.00189	0.00456	0.00639	0.00571	0.00886
6	0.01781	0.01476	0.01458	0.01224	0.01592	0.08907	0.00973	0.29242	0.38950	0.05529	0.01806	0.01713	0.01331	0.00711	0.00563	0.00178	0.00565	0.00560	0.00546	0.00895
7	0.00728	0.00569	0.00659	0.00644	0.00800	0.00501	0.00480	0.00927	0.01421	0.01865	0.39023	0.07778	0.39972	0.01309	0.00667	0.00185	0.00277	0.01124	0.00568	0.00501
8	0.01282	0.01224	0.02085	0.28710	0.52320	0.01308	0.01672	0.01630	0.01229	0.01704	0.01039	0.01429	0.00844	0.00522	0.00559	0.00174	0.00696	0.00501	0.00269	0.00802
9	0.01808	0.01394	0.01596	0.01362	0.08147	0.01445	0.01021	0.49015	0.02129	0.02932	0.01244	0.01330	0.00932	0.00679	0.02292	0.00165	0.00595	0.00466	0.00477	0.20972
10	0.00760	0.00572	0.00703	0.00675	0.00820	0.00515	0.00505	0.00990	0.01500	0.02048	0.56493	0.06634	0.23244	0.01237	0.00666	0.00182	0.00272	0.01077	0.00592	0.00515
11	0.02104	0.02641	0.01598	0.01444	0.01740	0.75151	0.01087	0.04926	0.01634	0.01457	0.00888	0.01027	0.00733	0.00583	0.00509	0.00146	0.01000	0.00368	0.00300	0.00664
12	0.01355	0.01307	0.02256	0.11574	0.66261	0.01331	0.04253	0.01698	0.01266	0.01794	0.01055	0.01409	0.00875	0.00507	0.00561	0.00170	0.00687	0.00507	0.00276	0.00858
13	0.03758	0.01211	0.01278	0.01135	0.01463	0.01388	0.00888	0.05777	0.68017	0.05164	0.02209	0.02031	0.01645	0.00751	0.00566	0.00189	0.00453	0.00619	0.00571	0.00888
14	0.01520	0.78578	0.02914	0.00975	0.01452	0.04155	0.00966	0.01699	0.01155	0.01325	0.00785	0.00906	0.00722	0.00484	0.00365	0.00121	0.00612	0.00302	0.00242	0.00720
15	0.02280	0.01024	0.01313	0.01023	0.01430	0.00955	0.00839	0.13601	0.03654	0.57156	0.08844	0.02042	0.01691	0.00736	0.00575	0.00174	0.00480	0.00600	0.00666	0.00917
16	0.01231	0.00868	0.01160	0.01054	0.01302	0.02872	0.07514	0.01628	0.10392	0.13590	0.04656	0.10271	0.15727	0.01163	0.00665	0.00208	0.00487	0.22150	0.02416	0.00646
17	0.01455	0.01306	0.04659	0.01141	0.01484	0.03825	0.00929	0.09349	0.54833	0.04597	0.04105	0.02195	0.06043	0.00786	0.00575	0.00186	0.00484	0.00645	0.00550	0.00855
18	0.00690	0.00492	0.00652	0.00778	0.00810	0.00460	0.00516	0.00785	0.01069	0.01425	0.03059	0.77378	0.03668	0.04315	0.00788	0.00239	0.00334	0.01574	0.00516	0.00453
19	0.00721	0.00538	0.00732	0.00814	0.00881	0.00501	0.02576	0.00838	0.01105	0.01453	0.03227	0.62737	0.10485	0.05284	0.00814	0.00240	0.00361	0.05720	0.00507	0.00465
20	0.01835	0.01517	0.05084	0.01365	0.01790	0.04710	0.08528	0.34334	0.20416	0.09697	0.01590	0.01582	0.01149	0.00678	0.00611	0.00179	0.02978	0.00550	0.00514	0.00892
21	0.01579	0.01518	0.01360	0.01300	0.05331	0.20543	0.00950	0.02557	0.43407	0.05808	0.05188	0.04821	0.01645	0.00756	0.00565	0.00178	0.00589	0.00610	0.00493	0.00802
22	0.00826	0.00553	0.00644	0.00648	0.00663	0.00561	0.00389	0.00857	0.00848	0.01152	0.01784	0.03586	0.02007	0.69449	0.09209	0.00558	0.00620	0.02737	0.02544	0.00365
23	0.60990	0.03939	0.01215	0.01253	0.14075	0.01345	0.00847	0.07172	0.01146	0.02443	0.00873	0.01028	0.00688	0.00529	0.00401	0.00171	0.00495	0.00353	0.00349	0.00688
24	0.01774	0.01428	0.01504	0.01267	0.03275	0.03838	0.00994	0.38081	0.33089	0.02877	0.01709	0.01648	0.01262	0.00695	0.00559	0.00174	0.00551	0.00550	0.00543	0.04180
25	0.00715	0.00510	0.00662	0.00767	0.00810	0.00481	0.00519	0.00817	0.01081	0.01436	0.05065	0.61951	0.06413	0.10857	0.00968	0.00264	0.00359	0.05370	0.00504	0.00450
26	0.06820	0.18090	0.30640	0.03454	0.13795	0.01430	0.01471	0.03474	0.01253	0.10976	0.01129	0.01301	0.00856	0.02357	0.00549	0.00172	0.00677	0.00430	0.00318	0.00806
27	0.16931	0.08345	0.01893	0.03871	0.18916	0.17264	0.08840	0.07505	0.01408	0.08404	0.01074	0.01242	0.00831	0.00549	0.00504	0.00163	0.00703	0.00442	0.00348	0.00765
28	0.00688	0.00552	0.00616	0.00648	0.00792	0.00480	0.00473	0.00834	0.01260	0.01571	0.11477	0.24053	0.49865	0.01488	0.00681	0.00200	0.00299	0.03017	0.00531	0.00477
29	0.01039	0.00689	0.00802	0.00751	0.00958	0.00635	0.00577	0.04827	0.04344	0.11269	0.16787	0.12051	0.35931	0.02443	0.00688	0.00197	0.00348	0.04516	0.00562	0.00584
30	0.01654	0.03116	0.12427	0.04961	0.20745	0.21238	0.11056	0.05030	0.04137	0.08538	0.01168	0.01350	0.00888	0.00559	0.00554	0.00167	0.00793	0.00483	0.00335	0.00800
31	0.02453	0.01040	0.01353	0.01041	0.01476	0.00954	0.00859	0.11766	0.03322	0.66304	0.02113	0.01849	0.01345	0.00695	0.00566	0.00174	0.00496	0.00560	0.00677	0.00956
32	0.02002	0.01569	0.01697	0.01375	0.04691	0.05380	0.02723	0.59744	0.04091	0.03181	0.01307	0.01344	0.00949	0.00643	0.00552	0.00162	0.00629	0.00493	0.00516	0.06951
33	0.03079	0.01497	0.20411	0.12612	0.17047	0.02533	0.02371	0.04459	0.01334	0.02884	0.14186	0.05088	0.05059	0.00727	0.00572	0.00174	0.00611	0.00631	0.00364	0.04361
34	0.03982	0.06198	0.48107	0.01485	0.02117	0.08376	0.05372	0.03258	0.02840	0.03121	0.03827	0.01344	0.00947	0.00687	0.02757	0.00196	0.03871	0.00454	0.00287	0.00776
35	0.01404	0.31213	0.20314	0.11423	0.03915	0.01666	0.05085	0.08650	0.04593	0.03358	0.01151	0.01310	0.02517	0.00561	0.00489	0.00158	0.00681	0.00438	0.00305	0.00771
36	0.00695	0.00500	0.00661	0.00787	0.00830	0.00466	0.00536	0.00802	0.01095	0.01451	0.03195	0.73757	0.06458	0.01741	0.00719	0.00228	0.00333	0.04764	0.00522	0.00461
37	0.02025	0.01294	0.04413	0.01140	0.01556	0.01281	0.00962	0.34790	0.08653	0.26871	0.06265	0.01800	0.01439	0.00795	0.02348	0.00190	0.00559	0.00567	0.02151	0.00902
38	0.00851	0.02555	0.04582	0.00928	0.01065	0.00637	0.04364	0.02685	0.01184	0.03418	0.07121	0.59568	0.03321	0.01515	0.00690	0.00217	0.00402	0.03868	0.00501	0.00527
39	0.00992	0.00528	0.00561	0.00566	0.00689	0.00520	0.00419	0.01242	0.01221	0.02067	0.10657	0.08221	0.02067	0.00797	0.00450	0.00144	0.00267	0.00663	0.67408	0.00520
40	0.01204	0.01016	0.01187	0.00885	0.01336	0.00840	0.00712	0.05759	0.02768	0.01928	0.02938	0.01518	0.02710	0.00531	0.00497	0.00106	0.02988	0.02566	0.00365	0.68144
41	0.84197	0.01088	0.00827	0.00740	0.01088	0.01262	0.00609	0.01654	0.00958	0.02525	0.00784	0.00914	0.00609	0.00522	0.00348	0.00174	0.00435	0.00305	0.00348	0.00609
42	0.00726	0.00526	0.00634	0.00693	0.00752	0.00490	0.00456	0.00817	0.01079	0.01414	0.08371	0.40194	0.16412	0.23275	0.01296	0.00305	0.00375	0.01270	0.00479	0.00434
43	0.84197	0.01088	0.00827	0.00740	0.01088	0.01262	0.00609	0.01654	0.00958	0.02525	0.00784	0.00914	0.00609	0.00522	0.00348	0.00174	0.00435	0.00305	0.00348	0.00609
44	0.01157	0.01057	0.04579	0.00913	0.01371	0.00796	0.02132	0.01417	0.01185	0.03322	0.04562	0.05278	0.01186	0.00548	0.00503	0.00108	0.02997	0.00448	0.00355	0.66088
45	0.01256	0.01336	0.02623	0.17884	0.07300	0.01386	0.43553	0.01708	0.04442	0.01703	0.01166	0.03414	0.00931	0.00585	0.00744	0.00194	0.08129	0.00627	0.00292	0.00725
46	0.01393	0.01337	0.02284	0.03454	0.76712	0.01337	0.01727	0.01727	0.01281	0.01839	0.01059	0.01393	0.00891	0.00501	0.00557	0.00167	0.00669	0.00501	0.00279	0.00891
47	0.02271	0.00902	0.01225	0.00958	0.01349	0.00784	0.00784	0.02496	0.01608	0.66124	0.13102	0.02251	0.01968	0.00763	0.00580	0.00175	0.00448	0.00632	0.00685	0.00895
48	0.01403	0.01390	0.08671	0.18106	0.30786	0.01287	0.12806	0.05147	0.02936	0.07971	0.03222	0.01548	0.01022	0.00560	0.00577	0.00177	0.00709	0.00541	0.00333	0.00810
49	0.01343	0.01135	0.01951	0.42153	0.24485	0.01242	0.07558	0.01697	0.01241	0.10042	0.01165	0.01517	0.00871	0.00553	0.00570	0.00180	0.00713	0.00521	0.00311	0.00750
50	0.00693	0.00505	0.00645	0.00748	0.00801	0.00466	0.00503	0.00797	0.01106	0.01457	0.05804	0.64811	0.12263	0.05551	0.00815	0.00238	0.00330	0.01493	0.00517	0.00456
51	0.03497	0.00980	0.03742	0.01094	0.01216	0.02468	0.00892	0.06731	0.01037	0.01518	0.01255	0.01939	0.01195	0.11475	0.35243	0.00558	0.23714	0.00569	0.00309	0.00568
52	0.01441	0.15677	0.08409	0.03787	0.29584	0.05896	0.04105	0.07867	0.01352	0.03858	0.01293	0.03731	0.03522	0.04514	0.00673	0.00183	0.02479	0.00528	0.00322	0.00779
53	0.04051	0.00935	0.01028	0.00937	0.01176	0.03174	0.00718	0.04802	0.26500	0.09995	0.23092	0.13396	0.05839	0.01011	0.00611	0.00188	0.00399	0.00866	0.00574	0.00707
54	0.00729	0.00520	0.00674	0.00761	0.00805	0.00493	0.00504	0.00819	0.01027	0.01382	0.02731	0.60499	0.03233	0.15494	0.04873	0.00313	0.00425	0.01378	0.00474	0.02867
55	0.01290	0.01288	0.01805	0.16106	0.05712	0.05198	0.04984	0.04059	0.03037	0.01520	0.00892	0.01321	0.00787	0.00821	0.01342	0.00220	0.48187	0.00501	0.00272	0.00659
56	0.04003	0.02344	0.50384	0.05526	0.05302	0.01327	0.13457	0.05565	0.01282	0.01885	0.01095	0.01402	0.00821	0.00560	0.00559	0.00182	0.00807	0.02419	0.00276	0.00803
57	0.01363	0.01208	0.01342	0.03668	0.03130	0.06399	0.02474	0.09671	0.09269	0.02005	0.01170	0.01315	0.00936	0.00546	0.00521	0.02554	0.00515	0.00408	0.00373	0.51131
58	0.06053	0.00575	0.00626	0.00629	0.00660	0.00583	0.00373	0.00893	0.00863	0.01254	0.01806	0.08683	0.02042	0.65909	0.02437	0.00480	0.00510	0.00826	0.04425	0.00375
59	0.00803	0.00629	0.00917	0.06477	0.06098	0.00615	0.03144	0.00957	0.01124	0.01514	0.06055	0.51723	0.07428	0.06466	0.00817	0.00233	0.00407	0.01288	0.02798	0.00507
60	0.01315	0.01310	0.06603	0.16318	0.40453	0.03110	0.01493	0.03888	0.04972	0.03308	0.01197	0.01530	0.00967	0.00891	0.07803	0.00240	0.00753	0.00511	0.02545	0.00791

[dist]
# distance from previous block
# <min> <max>
0	148

# created by:
# /home/cegg/simao/soft/augustus-3.2.1/scripts/msa2prfl.pl ./align_prep/EOG091G0IRO.fa
