[name]
unknown

[dist]
# distance from previous block
# <min> <max>
0	107

[block]
# block no. 0 follows, 53 sequences, length 21
# corresponding to MSA columns:
# 117-137
name=unknown_A
#
# <colnr> <probs for GDERKNQSTAVLIFYWHMCP>
#	G	D	E	R	K	N	Q	S	T	A	V	L	I	F	Y	W	H	M	C	P
0	0.00737	0.00531	0.00679	0.00739	0.00823	0.00523	0.00560	0.06235	0.01072	0.01418	0.05748	0.41059	0.05926	0.07768	0.00755	0.00216	0.00355	0.23990	0.00436	0.00429
1	0.01103	0.23743	0.54561	0.01200	0.01806	0.01342	0.01456	0.06891	0.01086	0.01516	0.00827	0.00955	0.00622	0.00451	0.00417	0.00138	0.00642	0.00333	0.00222	0.00689
2	0.04736	0.01046	0.01039	0.00908	0.01177	0.06855	0.00712	0.11943	0.41834	0.07241	0.06911	0.02006	0.10127	0.00698	0.00487	0.00155	0.00409	0.00566	0.00465	0.00685
3	0.00646	0.00486	0.00585	0.00560	0.00688	0.00436	0.00420	0.00838	0.01260	0.01713	0.53962	0.03854	0.28556	0.01041	0.00558	0.00153	0.00231	0.00900	0.02678	0.00436
4	0.01098	0.00846	0.01002	0.00721	0.01141	0.00643	0.00579	0.01307	0.01026	0.08853	0.00945	0.01050	0.00752	0.00376	0.00366	0.00078	0.00359	0.00301	0.00312	0.78246
5	0.01196	0.01166	0.01862	0.05994	0.70847	0.04375	0.01412	0.01517	0.04139	0.01549	0.00931	0.01197	0.00774	0.00439	0.00472	0.00143	0.00575	0.00426	0.00246	0.00740
6	0.04514	0.59102	0.12070	0.00910	0.01337	0.01620	0.04035	0.03179	0.01014	0.01285	0.01005	0.01096	0.06178	0.00476	0.00357	0.00118	0.00523	0.00337	0.00232	0.00612
7	0.00620	0.00449	0.00611	0.00685	0.00726	0.00424	0.01971	0.00713	0.00922	0.01233	0.05602	0.64742	0.02984	0.10686	0.00816	0.00224	0.00316	0.05462	0.00425	0.00388
8	0.00935	0.00882	0.01492	0.72957	0.12136	0.01070	0.01343	0.01249	0.00971	0.01260	0.00855	0.01264	0.00651	0.00472	0.00477	0.00157	0.00629	0.00425	0.00215	0.00557
9	0.21673	0.01435	0.01259	0.01089	0.01296	0.27239	0.03035	0.06104	0.04456	0.03425	0.00799	0.00980	0.00660	0.00590	0.00733	0.00158	0.23863	0.00356	0.00279	0.00569
10	0.00798	0.00597	0.00703	0.00753	0.00833	0.06097	0.02025	0.00903	0.00990	0.06974	0.02411	0.66610	0.02776	0.01333	0.00589	0.00186	0.00344	0.04202	0.00437	0.00438
11	0.00903	0.00850	0.01434	0.82054	0.03292	0.01062	0.01327	0.01221	0.00956	0.01221	0.00850	0.01274	0.00637	0.00478	0.00478	0.00159	0.00637	0.00425	0.00212	0.00531
12	0.02132	0.00834	0.01122	0.00860	0.01230	0.00733	0.00710	0.05279	0.01402	0.77555	0.01857	0.01608	0.01169	0.00591	0.00481	0.00148	0.00411	0.00479	0.00587	0.00813
13	0.00891	0.00445	0.00445	0.00445	0.00557	0.00445	0.00334	0.01114	0.01002	0.01782	0.01559	0.01782	0.01225	0.00557	0.00334	0.00111	0.00223	0.00445	0.85856	0.00445
14	0.00606	0.00442	0.00603	0.00741	0.03117	0.00416	0.00484	0.00699	0.00926	0.01237	0.02579	0.78130	0.03076	0.01460	0.00607	0.00193	0.00291	0.03555	0.00437	0.00401
15	0.00717	0.00560	0.00661	0.00681	0.00769	0.03941	0.00491	0.03032	0.01164	0.01577	0.36690	0.38184	0.03517	0.01256	0.02944	0.00188	0.00319	0.02406	0.00467	0.00437
16	0.00891	0.00445	0.00445	0.00445	0.00557	0.00445	0.00334	0.01114	0.01002	0.01782	0.01559	0.01782	0.01225	0.00557	0.00334	0.00111	0.00223	0.00445	0.85856	0.00445
17	0.01817	0.01339	0.01434	0.01100	0.01482	0.01482	0.00908	0.78627	0.02247	0.03012	0.01148	0.01148	0.00813	0.00574	0.00478	0.00143	0.00526	0.00430	0.00478	0.00813
18	0.00605	0.00435	0.00579	0.00687	0.00729	0.00409	0.00482	0.00707	0.00944	0.01249	0.02692	0.70665	0.05555	0.01466	0.00615	0.00196	0.00297	0.10850	0.00443	0.00395
19	0.00620	0.00486	0.00561	0.00542	0.00680	0.00427	0.00407	0.00793	0.01220	0.01602	0.42115	0.04089	0.42561	0.01095	0.00564	0.00156	0.00234	0.00937	0.00485	0.00427
20	0.01183	0.01136	0.01940	0.02934	0.80221	0.01136	0.01467	0.01467	0.01088	0.01562	0.00899	0.01183	0.00757	0.00426	0.00473	0.00142	0.00568	0.00426	0.00237	0.00757

[dist]
# distance from previous block
# <min> <max>
2	55

[block]
# block no. 1 follows, 53 sequences, length 12
# corresponding to MSA columns:
# 193-204
name=unknown_B
#
# <colnr> <probs for GDERKNQSTAVLIFYWHMCP>
#	G	D	E	R	K	N	Q	S	T	A	V	L	I	F	Y	W	H	M	C	P
0	0.01213	0.66959	0.18465	0.00929	0.01399	0.01732	0.01011	0.01448	0.00979	0.01204	0.00704	0.00816	0.00612	0.00418	0.00337	0.00112	0.00551	0.00275	0.00204	0.00632
1	0.01128	0.01289	0.02820	0.02015	0.02498	0.01209	0.78485	0.01531	0.01128	0.01531	0.00967	0.01289	0.00725	0.00403	0.00564	0.00161	0.00806	0.00564	0.00242	0.00645
2	0.00695	0.00463	0.00521	0.00521	0.00521	0.00463	0.00290	0.00695	0.00695	0.00927	0.01506	0.03128	0.01738	0.83203	0.02433	0.00463	0.00463	0.00695	0.00290	0.00290
3	0.00937	0.04849	0.70843	0.01279	0.01916	0.01070	0.01614	0.01440	0.01014	0.01497	0.03555	0.05965	0.00886	0.00532	0.00462	0.00152	0.00659	0.00427	0.00227	0.00676
4	0.00736	0.00565	0.00741	0.02602	0.00863	0.02469	0.00559	0.00922	0.03635	0.01182	0.05152	0.06200	0.01589	0.17302	0.47936	0.00571	0.00924	0.03606	0.02026	0.00419
5	0.01291	0.74411	0.06529	0.00871	0.01286	0.06582	0.00874	0.01464	0.00996	0.01148	0.00679	0.00785	0.00613	0.00416	0.00322	0.00106	0.00542	0.00264	0.00207	0.00615
6	0.86579	0.00924	0.00702	0.00629	0.00924	0.01072	0.00518	0.01405	0.00813	0.02144	0.00666	0.00776	0.00518	0.00444	0.00296	0.00148	0.00370	0.00259	0.00296	0.00518
7	0.00862	0.00455	0.00490	0.00490	0.00598	0.00466	0.00370	0.01078	0.00970	0.01689	0.01521	0.01795	0.01221	0.00974	0.11488	0.00202	0.00368	0.00455	0.74065	0.00443
8	0.01178	0.58194	0.26928	0.00988	0.01490	0.01647	0.01114	0.01457	0.00983	0.01246	0.00725	0.00842	0.00611	0.00423	0.00353	0.00118	0.00572	0.00286	0.00204	0.00642
9	0.01835	0.02076	0.01321	0.01179	0.01442	0.70184	0.00893	0.01967	0.01356	0.12105	0.00897	0.00967	0.00694	0.00506	0.00438	0.00127	0.00799	0.00332	0.00294	0.00590
10	0.00944	0.11885	0.00729	0.00497	0.00649	0.00645	0.00401	0.01157	0.00998	0.01691	0.01436	0.01642	0.01141	0.00536	0.00330	0.00110	0.00262	0.00419	0.74057	0.00469
11	0.01173	0.42652	0.38105	0.01068	0.01610	0.01479	0.01245	0.01511	0.01007	0.05046	0.00810	0.00918	0.00637	0.00438	0.00382	0.00127	0.00595	0.00311	0.00222	0.00665

[dist]
# distance from previous block
# <min> <max>
4	6

[block]
# block no. 2 follows, 53 sequences, length 15
# corresponding to MSA columns:
# 211-225
name=unknown_C
#
# <colnr> <probs for GDERKNQSTAVLIFYWHMCP>
#	G	D	E	R	K	N	Q	S	T	A	V	L	I	F	Y	W	H	M	C	P
0	0.01072	0.00996	0.01661	0.04831	0.61784	0.00995	0.01257	0.01345	0.01138	0.01623	0.16941	0.01670	0.01515	0.00539	0.00492	0.00144	0.00500	0.00515	0.00295	0.00688
1	0.35070	0.01556	0.01115	0.00968	0.01261	0.33612	0.00761	0.17277	0.01323	0.01926	0.00793	0.00886	0.00617	0.00490	0.00387	0.00137	0.00601	0.00313	0.00313	0.00592
2	0.01702	0.15644	0.01544	0.01163	0.01436	0.68217	0.00906	0.01830	0.01291	0.01162	0.00727	0.00846	0.00615	0.00479	0.00411	0.00120	0.00804	0.00299	0.00239	0.00564
3	0.01027	0.00957	0.01462	0.43634	0.17493	0.01135	0.01215	0.01530	0.16870	0.01439	0.01063	0.01341	0.00826	0.00532	0.00570	0.00161	0.07406	0.00448	0.00272	0.00620
4	0.04720	0.35507	0.25367	0.00978	0.01414	0.01302	0.04278	0.01351	0.01060	0.01462	0.16826	0.01430	0.01402	0.00539	0.00413	0.00131	0.00518	0.00421	0.00274	0.00605
5	0.01206	0.01233	0.01106	0.05426	0.04331	0.28280	0.02743	0.04573	0.01132	0.02561	0.01382	0.04243	0.01398	0.17491	0.00943	0.00223	0.03579	0.17341	0.00314	0.00494
6	0.00690	0.00532	0.00635	0.00601	0.00740	0.00500	0.00453	0.00981	0.07809	0.01757	0.53386	0.03696	0.24414	0.01012	0.00558	0.00154	0.00243	0.00876	0.00501	0.00464
7	0.00720	0.00573	0.00749	0.00756	0.00835	0.04030	0.00569	0.00864	0.00804	0.01110	0.01431	0.11233	0.01440	0.09693	0.62152	0.00650	0.01081	0.00615	0.00280	0.00417
8	0.01264	0.45432	0.10393	0.00931	0.01330	0.01562	0.00903	0.10503	0.17041	0.01591	0.04084	0.01152	0.00958	0.00503	0.00389	0.00126	0.00496	0.00368	0.00305	0.00669
9	0.00891	0.00478	0.00509	0.00498	0.00603	0.00502	0.00380	0.01106	0.00980	0.01726	0.01502	0.01748	0.01194	0.00681	0.03329	0.00140	0.04412	0.00447	0.78426	0.00449
10	0.01316	0.01090	0.01153	0.00998	0.01291	0.01248	0.00787	0.17978	0.63712	0.02205	0.01783	0.01654	0.01328	0.00633	0.00485	0.00158	0.00408	0.00518	0.00485	0.00768
11	0.01563	0.01165	0.01242	0.00975	0.01312	0.01263	0.00798	0.62813	0.02012	0.02663	0.01897	0.01848	0.16885	0.00703	0.00496	0.00147	0.00468	0.00548	0.00471	0.00730
12	0.01694	0.01336	0.01317	0.01033	0.01399	0.12002	0.00836	0.47629	0.04489	0.08997	0.01136	0.01147	0.00823	0.00534	0.00453	0.00131	0.00530	0.00400	0.00427	0.13686
13	0.01778	0.01828	0.01379	0.01165	0.01471	0.43942	0.00911	0.35118	0.04488	0.01996	0.00958	0.01018	0.00731	0.00533	0.00453	0.00133	0.00700	0.00369	0.00355	0.00673
14	0.00669	0.00468	0.00514	0.00514	0.00547	0.00451	0.00305	0.00693	0.00775	0.01001	0.02183	0.03426	0.17623	0.66566	0.02054	0.00402	0.00418	0.00759	0.00321	0.00313

[dist]
# distance from previous block
# <min> <max>
0	1

[block]
# block no. 3 follows, 53 sequences, length 58
# corresponding to MSA columns:
# 227,235-291
name=unknown_D
#
# <colnr> <probs for GDERKNQSTAVLIFYWHMCP>
#	G	D	E	R	K	N	Q	S	T	A	V	L	I	F	Y	W	H	M	C	P
0	0.84414	0.00912	0.00699	0.00629	0.00919	0.01055	0.00516	0.01386	0.00816	0.02121	0.00715	0.02844	0.00584	0.00470	0.00304	0.00149	0.00367	0.00287	0.00300	0.00514
1	0.00655	0.00493	0.00619	0.00673	0.00783	0.00457	0.00531	0.00818	0.01098	0.01421	0.15254	0.20696	0.26469	0.01270	0.00606	0.00186	0.00314	0.26781	0.00455	0.00420
2	0.00577	0.00485	0.00500	0.00496	0.00653	0.00408	0.00372	0.00709	0.01117	0.01357	0.12701	0.04492	0.72127	0.01186	0.00565	0.00160	0.00240	0.00994	0.00452	0.00408
3	0.02030	0.00997	0.01223	0.00937	0.01312	0.00975	0.00774	0.28951	0.01675	0.53497	0.01628	0.01460	0.01054	0.00585	0.00480	0.00146	0.00448	0.00463	0.00552	0.00813
4	0.00795	0.00533	0.00742	0.00777	0.00892	0.00505	0.02333	0.00973	0.01106	0.06966	0.15100	0.27043	0.06876	0.01239	0.00611	0.00192	0.00354	0.32047	0.00461	0.00456
5	0.00799	0.00591	0.00785	0.00869	0.00997	0.00602	0.00749	0.01120	0.08403	0.01477	0.02592	0.05015	0.06507	0.01252	0.00639	0.00212	0.00424	0.66055	0.00445	0.00468
6	0.06273	0.06677	0.01412	0.01037	0.01398	0.05760	0.00857	0.56796	0.06871	0.05083	0.01202	0.01199	0.02128	0.00567	0.00457	0.00142	0.00517	0.00421	0.00441	0.00760
7	0.01054	0.00954	0.01020	0.00756	0.01161	0.06063	0.00600	0.01318	0.04947	0.01554	0.00897	0.01022	0.00739	0.00378	0.00366	0.00079	0.00389	0.00298	0.00291	0.76113
8	0.03916	0.16157	0.55754	0.01322	0.06936	0.01235	0.01489	0.01510	0.03208	0.01492	0.02309	0.01040	0.00710	0.00459	0.00428	0.00142	0.00634	0.00353	0.00222	0.00684
9	0.01301	0.75650	0.04884	0.00862	0.01270	0.07046	0.00854	0.01465	0.00997	0.01140	0.00675	0.00781	0.00613	0.00416	0.00319	0.00105	0.00540	0.00262	0.00207	0.00612
10	0.01817	0.01339	0.01434	0.01100	0.01482	0.01482	0.00908	0.78627	0.02247	0.03012	0.01148	0.01148	0.00813	0.00574	0.00478	0.00143	0.00526	0.00430	0.00478	0.00813
11	0.00830	0.00415	0.00623	0.00623	0.00623	0.00415	0.00415	0.00623	0.00623	0.00830	0.00830	0.01453	0.00830	0.01660	0.01868	0.86094	0.00415	0.00415	0.00208	0.00208
12	0.00676	0.00489	0.00639	0.00601	0.00714	0.00451	0.00451	0.00902	0.01353	0.01917	0.79969	0.03570	0.04510	0.00977	0.00564	0.00150	0.00225	0.00864	0.00526	0.00451
13	0.01825	0.00818	0.01019	0.00803	0.01120	0.00771	0.00656	0.14147	0.01429	0.51459	0.01699	0.01584	0.01133	0.00581	0.00449	0.00139	0.00386	0.00465	0.18780	0.00735
14	0.01144	0.01096	0.01870	0.13830	0.69627	0.01125	0.01448	0.01433	0.01070	0.01515	0.00892	0.01196	0.00741	0.00433	0.00474	0.00144	0.00577	0.00426	0.00233	0.00726
15	0.00830	0.00415	0.00623	0.00623	0.00623	0.00415	0.00415	0.00623	0.00623	0.00830	0.00830	0.01453	0.00830	0.01660	0.01868	0.86094	0.00415	0.00415	0.00208	0.00208
16	0.01128	0.01289	0.02820	0.02015	0.02498	0.01209	0.78485	0.01531	0.01128	0.01531	0.00967	0.01289	0.00725	0.00403	0.00564	0.00161	0.00806	0.00564	0.00242	0.00645
17	0.06492	0.00854	0.01386	0.76742	0.03137	0.01063	0.01275	0.01233	0.00946	0.01281	0.00838	0.01242	0.00629	0.00476	0.00466	0.00159	0.00620	0.00414	0.00218	0.00530
18	0.00587	0.00493	0.00510	0.00508	0.00664	0.00422	0.00380	0.00739	0.02589	0.01355	0.11028	0.06659	0.70044	0.01188	0.00565	0.00161	0.00244	0.00998	0.00452	0.00414
19	0.11297	0.12660	0.05454	0.01119	0.03877	0.27530	0.00913	0.26214	0.03464	0.01912	0.00892	0.00971	0.00692	0.00502	0.00418	0.00133	0.00623	0.00346	0.00324	0.00659
20	0.01237	0.01245	0.01498	0.41480	0.13138	0.17186	0.02510	0.10378	0.03996	0.01497	0.00910	0.01183	0.00700	0.00490	0.00470	0.00148	0.00653	0.00409	0.00263	0.00609
21	0.00747	0.00522	0.00657	0.00747	0.07520	0.00527	0.00421	0.00802	0.00764	0.01067	0.01482	0.05586	0.01630	0.61977	0.07039	0.00419	0.00500	0.00665	0.06573	0.00354
22	0.01105	0.00920	0.01219	0.05358	0.20881	0.02047	0.02045	0.06693	0.24236	0.03287	0.18107	0.01924	0.01803	0.00635	0.00486	0.00148	0.00416	0.00556	0.07477	0.00655
23	0.01075	0.00999	0.01564	0.14549	0.40692	0.00961	0.02567	0.01343	0.01036	0.01506	0.00876	0.01136	0.00722	0.00410	0.00436	0.00122	0.00513	0.00381	0.00248	0.28863
24	0.86579	0.00924	0.00702	0.00629	0.00924	0.01072	0.00518	0.01405	0.00813	0.02144	0.00666	0.00776	0.00518	0.00444	0.00296	0.00148	0.00370	0.00259	0.00296	0.00518
25	0.00726	0.00474	0.00548	0.00529	0.00650	0.00441	0.00397	0.00932	0.01190	0.01759	0.40675	0.03172	0.17156	0.00882	0.00489	0.00140	0.00228	0.00754	0.28419	0.00441
26	0.00683	0.00512	0.00768	0.00768	0.00853	0.00597	0.00597	0.00853	0.00768	0.01110	0.01280	0.01878	0.01195	0.03585	0.81308	0.00768	0.01280	0.00512	0.00256	0.00427
27	0.02144	0.00813	0.01109	0.00850	0.01220	0.00702	0.00702	0.02329	0.01368	0.80552	0.01886	0.01627	0.01183	0.00592	0.00481	0.00148	0.00407	0.00481	0.00592	0.00813
28	0.00633	0.00505	0.00569	0.00550	0.00695	0.00451	0.00413	0.00841	0.03952	0.01575	0.35876	0.04074	0.45965	0.01094	0.00562	0.00157	0.00240	0.00932	0.00479	0.00436
29	0.01776	0.01318	0.01411	0.01091	0.01466	0.01463	0.00898	0.73611	0.07331	0.02945	0.01200	0.01189	0.00855	0.00579	0.00479	0.00145	0.00516	0.00438	0.00479	0.00809
30	0.00690	0.00503	0.00651	0.00611	0.00729	0.00471	0.00459	0.00947	0.03487	0.01919	0.77835	0.03521	0.04426	0.00968	0.00562	0.00151	0.00230	0.00856	0.00525	0.00459
31	0.01459	0.01090	0.01183	0.00991	0.01298	0.01218	0.00792	0.28789	0.42357	0.08504	0.01634	0.01554	0.01200	0.00720	0.03324	0.00175	0.00461	0.00495	0.01994	0.00763
32	0.86579	0.00924	0.00702	0.00629	0.00924	0.01072	0.00518	0.01405	0.00813	0.02144	0.00666	0.00776	0.00518	0.00444	0.00296	0.00148	0.00370	0.00259	0.00296	0.00518
33	0.00985	0.01034	0.06416	0.57572	0.17301	0.02404	0.01349	0.01354	0.04424	0.01335	0.00905	0.01257	0.00693	0.00475	0.00475	0.00155	0.00621	0.00424	0.00229	0.00594
34	0.00584	0.00417	0.00556	0.00664	0.00694	0.00389	0.00444	0.00670	0.00924	0.01234	0.04186	0.81300	0.03188	0.01487	0.00609	0.00193	0.00276	0.01349	0.00445	0.00389
35	0.01018	0.00869	0.01016	0.00732	0.01146	0.00682	0.00588	0.03576	0.01024	0.01593	0.00854	0.00997	0.00709	0.00372	0.00386	0.00076	0.02240	0.00291	0.00287	0.81545
36	0.01353	0.01229	0.06138	0.01339	0.03736	0.05952	0.26979	0.10582	0.01272	0.13525	0.02420	0.01247	0.00852	0.00458	0.00475	0.00132	0.00588	0.00443	0.00334	0.20944
37	0.39389	0.06987	0.01143	0.03355	0.01209	0.06524	0.00736	0.14626	0.02636	0.05922	0.00913	0.01024	0.02060	0.00543	0.00524	0.00151	0.10991	0.00347	0.00325	0.00596
38	0.00674	0.00544	0.00605	0.00590	0.00743	0.00506	0.00449	0.00952	0.09084	0.01539	0.25376	0.04043	0.45035	0.02665	0.00598	0.00167	0.00267	0.05244	0.00468	0.00452
39	0.00635	0.00492	0.00604	0.00630	0.02721	0.00441	0.00445	0.00802	0.01182	0.01573	0.38774	0.16706	0.30995	0.01130	0.00569	0.00161	0.00249	0.00984	0.00476	0.00432
40	0.00966	0.03992	0.06699	0.66282	0.05763	0.01116	0.03303	0.03874	0.01012	0.01317	0.00858	0.01231	0.00647	0.00473	0.00472	0.00156	0.00635	0.00418	0.00222	0.00566
41	0.01030	0.20556	0.63266	0.01241	0.01881	0.01284	0.01554	0.01495	0.01001	0.01427	0.00815	0.00955	0.00607	0.00444	0.00421	0.00140	0.00663	0.00331	0.00202	0.00686
42	0.00643	0.00459	0.00624	0.00735	0.00789	0.00440	0.00549	0.00770	0.00975	0.01288	0.02601	0.57963	0.03029	0.01440	0.00626	0.00202	0.00330	0.25690	0.00443	0.00405
43	0.01189	0.01142	0.01964	0.05688	0.69945	0.01148	0.06469	0.03828	0.01122	0.01592	0.00909	0.01192	0.00752	0.00431	0.00479	0.00144	0.00585	0.00435	0.00243	0.00743
44	0.03604	0.06755	0.04339	0.03560	0.01515	0.06975	0.00928	0.56903	0.04067	0.05038	0.01102	0.01126	0.00796	0.00550	0.00459	0.00141	0.00547	0.00408	0.00426	0.00761
45	0.01045	0.00927	0.01464	0.63742	0.11083	0.03574	0.01281	0.01339	0.01003	0.06429	0.00913	0.01269	0.00684	0.00490	0.00506	0.00157	0.02856	0.00425	0.00241	0.00574
46	0.81047	0.01013	0.00745	0.00668	0.00960	0.06305	0.00544	0.01438	0.00849	0.02081	0.00670	0.00782	0.00524	0.00447	0.00305	0.00146	0.00402	0.00262	0.00293	0.00520
47	0.00614	0.00486	0.00554	0.00544	0.00682	0.00427	0.00409	0.00777	0.01183	0.01530	0.33551	0.05566	0.47098	0.01162	0.01708	0.00167	0.00255	0.02391	0.00473	0.00422
48	0.01019	0.00744	0.00874	0.00759	0.00985	0.00745	0.00594	0.02592	0.20341	0.10337	0.19150	0.04546	0.15995	0.00871	0.02410	0.00162	0.04513	0.00665	0.00451	0.12248
49	0.00690	0.00510	0.00757	0.00757	0.00843	0.00592	0.00589	0.00862	0.00776	0.01132	0.01290	0.01874	0.01196	0.03483	0.78579	0.00746	0.01245	0.00510	0.03142	0.00427
50	0.01024	0.00975	0.01644	0.47286	0.30187	0.01100	0.04147	0.01385	0.04942	0.01391	0.00926	0.01268	0.00724	0.00465	0.00480	0.00153	0.00606	0.00436	0.00236	0.00626
51	0.01665	0.01249	0.01353	0.01028	0.01418	0.01327	0.00845	0.64367	0.02016	0.02744	0.01093	0.01119	0.00794	0.00533	0.00455	0.00130	0.00494	0.00403	0.00442	0.16526
52	0.00903	0.00850	0.01434	0.82054	0.03292	0.01062	0.01327	0.01221	0.00956	0.01221	0.00850	0.01274	0.00637	0.00478	0.00478	0.00159	0.00637	0.00425	0.00212	0.00531
53	0.01278	0.83490	0.02505	0.00818	0.01227	0.01891	0.00818	0.01431	0.00971	0.01125	0.00664	0.00767	0.00613	0.00409	0.00307	0.00102	0.00511	0.00256	0.00204	0.00613
54	0.01139	0.01012	0.01074	0.07294	0.01368	0.03797	0.00781	0.02269	0.64226	0.01855	0.02018	0.01955	0.06513	0.00678	0.00492	0.00161	0.00407	0.01804	0.00453	0.00704
55	0.01852	0.01217	0.01351	0.01043	0.01417	0.01310	0.00859	0.59412	0.05939	0.18610	0.01337	0.01276	0.00920	0.00581	0.00479	0.00145	0.00494	0.00446	0.00501	0.00810
56	0.00990	0.03972	0.01606	0.01205	0.01510	0.04937	0.30305	0.05370	0.06345	0.01587	0.12381	0.05649	0.20543	0.00747	0.00540	0.00156	0.00521	0.00710	0.00363	0.00561
57	0.01159	0.01094	0.01570	0.29381	0.33406	0.08101	0.01247	0.04001	0.01103	0.04302	0.02469	0.01357	0.03572	0.00519	0.00531	0.00151	0.04695	0.00445	0.00261	0.00636

[dist]
# distance from previous block
# <min> <max>
0	3

# created by:
# /home/cegg/simao/soft/augustus-3.2.1/scripts/msa2prfl.pl ./align_prep/EOG091G0NIU.fa
