[name]
unknown

[dist]
# distance from previous block
# <min> <max>
17	86

[block]
# block no. 0 follows, 59 sequences, length 17
# corresponding to MSA columns:
# 108-124
name=unknown_A
#
# <colnr> <probs for GDERKNQSTAVLIFYWHMCP>
#	G	D	E	R	K	N	Q	S	T	A	V	L	I	F	Y	W	H	M	C	P
0	0.08396	0.16087	0.03324	0.00822	0.02305	0.06311	0.03470	0.04358	0.09158	0.09102	0.07671	0.01452	0.01150	0.08127	0.08634	0.00205	0.00508	0.00415	0.00313	0.08193
1	0.11299	0.14478	0.17746	0.01151	0.01555	0.01092	0.23221	0.05579	0.00989	0.04655	0.00890	0.02689	0.00712	0.00678	0.07623	0.00182	0.00618	0.00394	0.00248	0.04201
2	0.00708	0.00531	0.00686	0.00755	0.00870	0.00534	0.00632	0.00990	0.08845	0.01338	0.02571	0.12398	0.12685	0.01162	0.00578	0.00189	0.00363	0.53328	0.00412	0.00426
3	0.03477	0.00934	0.01095	0.00996	0.08868	0.02020	0.00724	0.34180	0.01497	0.14745	0.09348	0.03587	0.08268	0.02270	0.00483	0.00138	0.00406	0.00502	0.00416	0.06046
4	0.00606	0.00413	0.00493	0.00529	0.00538	0.00404	0.00318	0.00633	0.00714	0.00952	0.01758	0.31460	0.02068	0.55278	0.01656	0.00341	0.00368	0.00858	0.00318	0.00300
5	0.01140	0.01025	0.00994	0.00885	0.01132	0.08201	0.00689	0.08742	0.59402	0.01796	0.01900	0.01779	0.09104	0.00632	0.00451	0.00145	0.00388	0.00514	0.00425	0.00655
6	0.00678	0.00478	0.00546	0.00552	0.00584	0.00489	0.00345	0.00818	0.08565	0.01005	0.01593	0.12393	0.01774	0.63016	0.01805	0.00362	0.00399	0.03963	0.00308	0.00326
7	0.11367	0.00702	0.00895	0.00725	0.01008	0.00639	0.00586	0.01792	0.01168	0.58042	0.09506	0.08837	0.01486	0.00640	0.00443	0.00141	0.00345	0.00527	0.00498	0.00654
8	0.05866	0.00882	0.00997	0.00805	0.01063	0.00927	0.00636	0.33458	0.04794	0.21819	0.01313	0.01561	0.01030	0.16249	0.04315	0.00214	0.00458	0.00454	0.02536	0.00622
9	0.07091	0.00949	0.01099	0.00827	0.01190	0.08736	0.07550	0.01405	0.01012	0.16175	0.00948	0.01022	0.00716	0.00389	0.00369	0.00095	0.00420	0.00318	0.00308	0.49380
10	0.05043	0.01250	0.01040	0.05366	0.01227	0.28644	0.00718	0.13608	0.12674	0.06504	0.01202	0.08551	0.01057	0.08876	0.02164	0.00174	0.00552	0.00470	0.00332	0.00548
11	0.01084	0.01283	0.10875	0.02976	0.15959	0.03341	0.46708	0.03364	0.02742	0.03278	0.00897	0.01142	0.00683	0.00410	0.00515	0.00145	0.03282	0.00460	0.00235	0.00622
12	0.00750	0.00504	0.00645	0.00605	0.00733	0.00477	0.00461	0.01012	0.06269	0.07519	0.61148	0.07107	0.05891	0.00901	0.00517	0.00144	0.00241	0.04142	0.00479	0.00454
13	0.00648	0.00449	0.00536	0.00533	0.00543	0.00470	0.00326	0.00672	0.00656	0.00890	0.01369	0.04819	0.01550	0.70262	0.11512	0.00447	0.03131	0.00631	0.00265	0.00291
14	0.00634	0.00463	0.00658	0.00658	0.00719	0.00524	0.00487	0.00755	0.00694	0.00987	0.01231	0.01998	0.01218	0.21807	0.64390	0.00646	0.01011	0.00512	0.00244	0.00365
15	0.01379	0.17399	0.01522	0.02391	0.10043	0.35587	0.02543	0.08642	0.08172	0.01348	0.01981	0.00969	0.00722	0.00475	0.00450	0.00123	0.05081	0.00335	0.00259	0.00579
16	0.09961	0.06069	0.10404	0.01154	0.07645	0.29204	0.04315	0.08022	0.01188	0.16595	0.00935	0.00994	0.00687	0.00457	0.00403	0.00127	0.00590	0.00340	0.00302	0.00610

[dist]
# distance from previous block
# <min> <max>
0	1

[block]
# block no. 1 follows, 59 sequences, length 37
# corresponding to MSA columns:
# 126-162
name=unknown_B
#
# <colnr> <probs for GDERKNQSTAVLIFYWHMCP>
#	G	D	E	R	K	N	Q	S	T	A	V	L	I	F	Y	W	H	M	C	P
0	0.01663	0.00955	0.07828	0.00934	0.01295	0.00796	0.07960	0.10004	0.03727	0.52504	0.05396	0.01510	0.02221	0.00545	0.00454	0.00138	0.00433	0.00462	0.00469	0.00706
1	0.01402	0.14137	0.03482	0.00980	0.01250	0.35004	0.00803	0.18575	0.05273	0.01557	0.08698	0.01180	0.02067	0.00528	0.00441	0.00123	0.03249	0.00375	0.00304	0.00573
2	0.00613	0.00451	0.00574	0.00543	0.00653	0.00412	0.00407	0.00811	0.01222	0.01705	0.72708	0.03408	0.12990	0.00928	0.00521	0.00140	0.00210	0.00814	0.00478	0.00412
3	0.01017	0.00958	0.01642	0.30489	0.43534	0.01025	0.07107	0.01340	0.04411	0.02928	0.00879	0.01162	0.00695	0.00420	0.00446	0.00139	0.00553	0.00408	0.00228	0.00621
4	0.01042	0.01191	0.02606	0.01862	0.02308	0.01117	0.80119	0.01415	0.01042	0.01415	0.00894	0.01191	0.00670	0.00372	0.00521	0.00149	0.00745	0.00521	0.00223	0.00596
5	0.00627	0.00476	0.00627	0.06684	0.00828	0.00453	0.00466	0.00830	0.01192	0.01650	0.65714	0.03263	0.13742	0.00896	0.00515	0.00141	0.00239	0.00786	0.00455	0.00417
6	0.01204	0.80671	0.02262	0.00775	0.01145	0.05737	0.00761	0.01344	0.00915	0.01041	0.00617	0.00713	0.00567	0.00382	0.00289	0.00095	0.00488	0.00239	0.00191	0.00564
7	0.00629	0.00456	0.00595	0.00572	0.00677	0.00422	0.00436	0.00834	0.01226	0.01722	0.73457	0.03451	0.06223	0.00932	0.00528	0.00144	0.00223	0.06581	0.00478	0.00415
8	0.00944	0.00801	0.00931	0.00667	0.01058	0.00617	0.00535	0.03991	0.00958	0.01488	0.00795	0.00921	0.00658	0.00334	0.00331	0.00068	0.00333	0.00267	0.00268	0.84034
9	0.01387	0.01074	0.01156	0.00957	0.01252	0.01203	0.00777	0.44777	0.31950	0.02320	0.01435	0.01574	0.01111	0.00608	0.00457	0.00144	0.00428	0.06244	0.00442	0.00706
10	0.07403	0.00572	0.00780	0.00714	0.00819	0.00579	0.08992	0.00895	0.06037	0.01167	0.01707	0.21487	0.05638	0.33859	0.05645	0.00296	0.00441	0.02267	0.00317	0.00384
11	0.01433	0.01201	0.01175	0.00981	0.01271	0.10857	0.00790	0.42212	0.25041	0.02199	0.01327	0.01492	0.01038	0.00593	0.00451	0.00141	0.00477	0.06222	0.00416	0.00682
12	0.87598	0.00854	0.00649	0.00581	0.00854	0.00991	0.00478	0.01298	0.00752	0.01982	0.00615	0.00717	0.00478	0.00410	0.00273	0.00137	0.00342	0.00239	0.00273	0.00478
13	0.01534	0.05389	0.01156	0.00888	0.01173	0.15078	0.00718	0.27627	0.03244	0.22314	0.13739	0.01527	0.01369	0.00583	0.00442	0.00131	0.00463	0.01556	0.00425	0.00642
14	0.00715	0.00489	0.00543	0.00520	0.00551	0.00496	0.00312	0.06543	0.00760	0.01009	0.01461	0.02796	0.03981	0.75712	0.02061	0.00398	0.00426	0.00633	0.00285	0.00307
15	0.83863	0.00835	0.00639	0.00574	0.00840	0.00966	0.00471	0.01287	0.00759	0.01967	0.00651	0.00757	0.00506	0.00414	0.00275	0.00135	0.00336	0.00247	0.04004	0.00475
16	0.00524	0.00448	0.00451	0.00450	0.00598	0.00374	0.00337	0.00638	0.01012	0.01207	0.06268	0.04228	0.79742	0.01114	0.00522	0.00149	0.00223	0.00929	0.00412	0.00374
17	0.00538	0.00384	0.00512	0.00615	0.00641	0.00359	0.00410	0.00615	0.00846	0.01127	0.02434	0.84190	0.02921	0.01384	0.00564	0.00179	0.00256	0.01256	0.00410	0.00359
18	0.01290	0.00787	0.00963	0.00708	0.01082	0.00631	0.00574	0.03682	0.01064	0.28148	0.01110	0.01114	0.00802	0.00405	0.00369	0.00091	0.00348	0.00326	0.00361	0.56145
19	0.01471	0.01160	0.01607	0.01559	0.21280	0.11081	0.16555	0.14193	0.01275	0.22286	0.01091	0.01174	0.00785	0.00465	0.00469	0.00135	0.01983	0.00419	0.00340	0.00674
20	0.00966	0.00966	0.01353	0.01160	0.01160	0.01353	0.00966	0.01063	0.00676	0.01063	0.00580	0.00966	0.00580	0.00773	0.01449	0.00193	0.83670	0.00387	0.00193	0.00483
21	0.00660	0.00488	0.00621	0.00581	0.00696	0.00467	0.00438	0.00946	0.07156	0.01777	0.75583	0.03177	0.03958	0.00880	0.00516	0.00140	0.00219	0.00777	0.00483	0.00438
22	0.00946	0.00803	0.00932	0.00668	0.01059	0.00620	0.00536	0.04235	0.00962	0.01492	0.00796	0.00922	0.00658	0.00335	0.00332	0.00068	0.00333	0.00267	0.00269	0.83768
23	0.01101	0.00878	0.00942	0.00840	0.01081	0.00985	0.00655	0.05659	0.61552	0.06307	0.04301	0.03662	0.07499	0.00657	0.00457	0.00148	0.00339	0.00548	0.01729	0.00660
24	0.00582	0.00424	0.00538	0.00615	0.00665	0.00400	0.00420	0.03759	0.00910	0.01199	0.02575	0.73277	0.10343	0.01325	0.00555	0.00175	0.00262	0.01191	0.00411	0.00376
25	0.04477	0.00910	0.01527	0.01130	0.01503	0.00831	0.26048	0.04171	0.01200	0.51328	0.01414	0.01365	0.00928	0.00486	0.00463	0.00140	0.00496	0.00461	0.00431	0.00693
26	0.00623	0.00451	0.00587	0.00553	0.00658	0.00416	0.00415	0.00829	0.01245	0.01758	0.79769	0.03320	0.05897	0.00908	0.00521	0.00139	0.00209	0.00802	0.00484	0.00416
27	0.00543	0.00393	0.00515	0.00610	0.00647	0.00365	0.00415	0.00627	0.00863	0.01139	0.02576	0.75811	0.08484	0.01359	0.00562	0.00178	0.00259	0.03883	0.00410	0.00361
28	0.01008	0.00959	0.01633	0.34364	0.44224	0.01036	0.05169	0.03853	0.00994	0.01362	0.00823	0.01130	0.00656	0.00416	0.00443	0.00138	0.00559	0.00400	0.00217	0.00614
29	0.00916	0.00785	0.00916	0.00654	0.01047	0.00589	0.00523	0.01112	0.00916	0.01439	0.00785	0.00916	0.00654	0.00327	0.00327	0.00065	0.00327	0.00262	0.00262	0.87178
30	0.87598	0.00854	0.00649	0.00581	0.00854	0.00991	0.00478	0.01298	0.00752	0.01982	0.00615	0.00717	0.00478	0.00410	0.00273	0.00137	0.00342	0.00239	0.00273	0.00478
31	0.00623	0.00457	0.00599	0.00628	0.03129	0.00424	0.00444	0.00800	0.01128	0.01572	0.52561	0.18656	0.10147	0.00996	0.00523	0.00148	0.00235	0.03539	0.02980	0.00410
32	0.00610	0.00445	0.00574	0.00554	0.00654	0.00409	0.00411	0.00800	0.01198	0.01674	0.69177	0.10560	0.09362	0.00960	0.00525	0.00143	0.00214	0.00849	0.00474	0.00409
33	0.01056	0.00895	0.00989	0.00868	0.01094	0.03916	0.03741	0.05769	0.51071	0.03542	0.15931	0.03160	0.01795	0.03516	0.00526	0.00155	0.00365	0.00556	0.00434	0.00622
34	0.00625	0.00451	0.00590	0.00556	0.00660	0.00417	0.00417	0.00833	0.01250	0.01771	0.81490	0.03299	0.04167	0.00903	0.00521	0.00139	0.00208	0.00799	0.00486	0.00417
35	0.00721	0.00571	0.00736	0.00695	0.00749	0.00663	0.00510	0.00897	0.06928	0.01096	0.07249	0.03623	0.03892	0.31626	0.24110	0.00412	0.14278	0.00573	0.00284	0.00387
36	0.01077	0.08802	0.40649	0.01114	0.04963	0.05447	0.01167	0.05100	0.07975	0.07611	0.04975	0.03867	0.00943	0.00499	0.00419	0.00133	0.00537	0.00398	0.00277	0.04049

[dist]
# distance from previous block
# <min> <max>
0	1

[block]
# block no. 2 follows, 59 sequences, length 14
# corresponding to MSA columns:
# 164-177
name=unknown_C
#
# <colnr> <probs for GDERKNQSTAVLIFYWHMCP>
#	G	D	E	R	K	N	Q	S	T	A	V	L	I	F	Y	W	H	M	C	P
0	0.05220	0.67475	0.12764	0.00822	0.01230	0.01606	0.00861	0.03625	0.00929	0.01182	0.00651	0.00749	0.00567	0.00389	0.00306	0.00104	0.00490	0.00253	0.00200	0.00579
1	0.63135	0.01050	0.07547	0.00725	0.01045	0.01070	0.00647	0.17178	0.01033	0.02094	0.00719	0.00804	0.00540	0.00435	0.00319	0.00136	0.00396	0.00278	0.00300	0.00548
2	0.02559	0.07789	0.08021	0.00975	0.05968	0.05257	0.00796	0.19355	0.14184	0.15602	0.03457	0.01635	0.11297	0.00593	0.00436	0.00135	0.00434	0.00472	0.00389	0.00644
3	0.03091	0.00836	0.00969	0.00866	0.03184	0.00886	0.02574	0.09817	0.36220	0.11696	0.06093	0.05941	0.11299	0.00689	0.00463	0.00145	0.00354	0.01596	0.00435	0.02844
4	0.01352	0.01216	0.03526	0.01716	0.32869	0.11143	0.05737	0.19246	0.07141	0.08614	0.01044	0.02588	0.00810	0.00477	0.00442	0.00133	0.00535	0.00414	0.00318	0.00679
5	0.01079	0.01090	0.03684	0.11469	0.49141	0.05603	0.01204	0.01456	0.11225	0.01406	0.00919	0.01143	0.00749	0.00461	0.00521	0.00140	0.07423	0.00399	0.00243	0.00646
6	0.00615	0.00451	0.00572	0.00567	0.00636	0.00461	0.00401	0.00719	0.00812	0.01099	0.12555	0.02774	0.15982	0.29500	0.30468	0.00441	0.00632	0.00654	0.00311	0.00352
7	0.00641	0.00430	0.00491	0.00488	0.00496	0.00427	0.00280	0.00658	0.00693	0.00932	0.08034	0.02924	0.01818	0.77548	0.02105	0.00404	0.00410	0.00655	0.00286	0.00280
8	0.00758	0.00481	0.00633	0.00578	0.00706	0.00440	0.00440	0.00963	0.01252	0.09638	0.73674	0.03123	0.03866	0.00868	0.00513	0.00139	0.00225	0.00764	0.00492	0.00450
9	0.01571	0.01179	0.01325	0.11583	0.01584	0.01320	0.00889	0.70104	0.01924	0.02571	0.01025	0.01075	0.00730	0.00519	0.00442	0.00134	0.00499	0.00397	0.00410	0.00718
10	0.12712	0.01165	0.01224	0.00949	0.01292	0.01286	0.00784	0.66352	0.01867	0.06509	0.01036	0.01038	0.00733	0.00516	0.00420	0.00133	0.00462	0.00380	0.00425	0.00716
11	0.76579	0.00903	0.00736	0.00637	0.00920	0.01039	0.00525	0.11423	0.00922	0.02084	0.00672	0.00761	0.00513	0.00425	0.00295	0.00136	0.00360	0.00259	0.00295	0.00513
12	0.01449	0.01153	0.01191	0.00975	0.01280	0.04711	0.00788	0.47638	0.29316	0.02345	0.01337	0.01366	0.01002	0.00571	0.00447	0.00140	0.00450	0.02696	0.00434	0.00713
13	0.00597	0.00445	0.00543	0.00528	0.00638	0.00401	0.00392	0.00771	0.01150	0.01572	0.53847	0.09323	0.23956	0.00983	0.00519	0.00144	0.00216	0.00856	0.02717	0.00401

[dist]
# distance from previous block
# <min> <max>
0	13

[block]
# block no. 3 follows, 59 sequences, length 38
# corresponding to MSA columns:
# 191-228
name=unknown_D
#
# <colnr> <probs for GDERKNQSTAVLIFYWHMCP>
#	G	D	E	R	K	N	Q	S	T	A	V	L	I	F	Y	W	H	M	C	P
0	0.01164	0.00956	0.01014	0.00896	0.01154	0.01095	0.00702	0.08493	0.71013	0.04114	0.01731	0.01597	0.01290	0.00591	0.00446	0.00147	0.00358	0.00488	0.02052	0.00699
1	0.00585	0.00447	0.00537	0.00521	0.00637	0.00399	0.00388	0.00753	0.01145	0.01537	0.50684	0.07831	0.30927	0.01003	0.00524	0.00145	0.00216	0.00869	0.00456	0.00399
2	0.01608	0.02036	0.01258	0.01139	0.01353	0.77753	0.00860	0.01721	0.01217	0.01080	0.00676	0.00807	0.00570	0.00474	0.00462	0.00119	0.05841	0.00291	0.00225	0.00510
3	0.02818	0.22795	0.24411	0.01002	0.05504	0.01062	0.00983	0.01618	0.01037	0.28836	0.01069	0.01074	0.00754	0.00446	0.00387	0.00123	0.00484	0.00342	0.00317	0.04939
4	0.01163	0.78475	0.02207	0.00762	0.01121	0.03539	0.00747	0.01305	0.00896	0.01039	0.00645	0.00764	0.00595	0.00532	0.04569	0.00127	0.00517	0.00250	0.00192	0.00557
5	0.07021	0.01238	0.01275	0.00989	0.01333	0.04579	0.00814	0.70653	0.01945	0.04247	0.01031	0.01037	0.00734	0.00520	0.00430	0.00132	0.00487	0.00384	0.00425	0.00725
6	0.01606	0.01201	0.01285	0.01002	0.01342	0.01336	0.00822	0.70521	0.11924	0.02667	0.01152	0.01134	0.00826	0.00539	0.00443	0.00135	0.00469	0.00410	0.00443	0.00745
7	0.00695	0.00467	0.00613	0.00568	0.00684	0.00429	0.00429	0.00902	0.01251	0.05914	0.77373	0.03206	0.04009	0.00885	0.00517	0.00139	0.00217	0.00780	0.00489	0.00434
8	0.01039	0.01180	0.02544	0.01827	0.02252	0.01129	0.76208	0.01397	0.01024	0.01397	0.00878	0.01180	0.00666	0.00392	0.00567	0.00151	0.04842	0.00515	0.00222	0.00590
9	0.00620	0.00474	0.00556	0.00555	0.00668	0.00435	0.00407	0.04829	0.01100	0.01446	0.28664	0.24210	0.32245	0.01086	0.00528	0.00153	0.00241	0.00944	0.00436	0.00403
10	0.00537	0.00390	0.00507	0.00601	0.00637	0.00360	0.00404	0.00617	0.00859	0.01133	0.02602	0.77619	0.09383	0.01362	0.00560	0.00177	0.00254	0.01229	0.00410	0.00360
11	0.01982	0.00752	0.01025	0.00786	0.01127	0.00649	0.00649	0.02152	0.01264	0.82029	0.01742	0.01503	0.01093	0.00547	0.00444	0.00137	0.00376	0.00444	0.00547	0.00752
12	0.00886	0.02285	0.82190	0.01259	0.01912	0.01026	0.01632	0.01399	0.00932	0.01399	0.00793	0.00932	0.00559	0.00420	0.00420	0.00140	0.00653	0.00326	0.00186	0.00653
13	0.00887	0.02204	0.77513	0.01268	0.01901	0.01016	0.04260	0.01387	0.00938	0.01397	0.00834	0.01040	0.00612	0.00438	0.00428	0.00142	0.00650	0.02247	0.00193	0.00645
14	0.01880	0.00750	0.01006	0.00782	0.01109	0.00663	0.00642	0.02109	0.05401	0.74592	0.04997	0.01584	0.01232	0.00564	0.00448	0.00137	0.00368	0.00461	0.00539	0.00735
15	0.00955	0.00655	0.00856	0.00745	0.00875	0.00725	0.01769	0.05196	0.02747	0.10988	0.28491	0.02112	0.04734	0.01813	0.04531	0.00175	0.18384	0.00567	0.13191	0.00491
16	0.01020	0.00892	0.04966	0.02458	0.02476	0.02097	0.00666	0.07359	0.10904	0.05465	0.01174	0.06776	0.01018	0.00568	0.01922	0.00118	0.00392	0.04465	0.00323	0.44940
17	0.00579	0.00422	0.00547	0.00588	0.00659	0.00390	0.00423	0.00717	0.01024	0.01390	0.32805	0.41761	0.10411	0.01167	0.00546	0.00163	0.00243	0.05340	0.00439	0.00385
18	0.01128	0.41862	0.31283	0.00995	0.01462	0.05642	0.02231	0.06715	0.02633	0.01312	0.00741	0.00844	0.00594	0.00412	0.00356	0.00116	0.00557	0.00292	0.00213	0.00611
19	0.01100	0.21697	0.02923	0.06243	0.01554	0.09986	0.20994	0.04507	0.02429	0.02489	0.01064	0.01679	0.00971	0.00617	0.01903	0.00152	0.05095	0.13793	0.00261	0.00542
20	0.00548	0.00399	0.00502	0.00577	0.00619	0.00369	0.00386	0.00625	0.00857	0.01123	0.04210	0.63173	0.14032	0.09503	0.00722	0.00199	0.00268	0.01140	0.00398	0.00353
21	0.01181	0.84744	0.02314	0.00756	0.01134	0.01748	0.00756	0.01323	0.00897	0.01039	0.00614	0.00708	0.00567	0.00378	0.00283	0.00094	0.00472	0.00236	0.00189	0.00567
22	0.05900	0.00667	0.00775	0.04511	0.00960	0.02874	0.00547	0.09587	0.01144	0.14228	0.15939	0.23697	0.10954	0.00864	0.00480	0.00145	0.00327	0.00741	0.00417	0.05242
23	0.14554	0.01216	0.01333	0.01054	0.01375	0.16347	0.13661	0.21598	0.04496	0.16529	0.02912	0.01136	0.00828	0.00487	0.00424	0.00134	0.00533	0.00394	0.00361	0.00630
24	0.01564	0.00891	0.09312	0.00817	0.01140	0.00708	0.00723	0.05879	0.05887	0.51130	0.11075	0.06094	0.01497	0.00623	0.00457	0.00140	0.00382	0.00518	0.00484	0.00678
25	0.01655	0.00687	0.00928	0.04577	0.01105	0.00614	0.00615	0.01835	0.01207	0.61435	0.08637	0.01781	0.05076	0.00596	0.00444	0.00135	0.00351	0.00492	0.07162	0.00667
26	0.03881	0.00937	0.03190	0.42362	0.32681	0.01017	0.03242	0.01290	0.04665	0.01323	0.00847	0.01147	0.00664	0.00427	0.00436	0.00141	0.00550	0.00395	0.00220	0.00585
27	0.01256	0.11819	0.30192	0.01122	0.05634	0.01054	0.05308	0.11844	0.02838	0.18141	0.02051	0.01256	0.04542	0.00493	0.00423	0.00133	0.00519	0.00399	0.00317	0.00660
28	0.20959	0.01112	0.00898	0.00802	0.01020	0.24782	0.01829	0.06481	0.01123	0.09162	0.10122	0.10910	0.07748	0.00665	0.00421	0.00136	0.00460	0.00519	0.00346	0.00505
29	0.00657	0.00424	0.00562	0.00634	0.00695	0.00392	0.00446	0.00751	0.00897	0.07108	0.02471	0.68518	0.06427	0.01298	0.00556	0.00177	0.00275	0.06902	0.00420	0.00392
30	0.01374	0.04866	0.27672	0.01052	0.01491	0.02428	0.01062	0.34891	0.09124	0.10060	0.01088	0.01101	0.00770	0.00495	0.00429	0.00135	0.00521	0.00381	0.00356	0.00703
31	0.01146	0.05387	0.01748	0.03399	0.59193	0.02723	0.05504	0.06353	0.04803	0.02841	0.00918	0.02365	0.00761	0.00429	0.00436	0.00132	0.00523	0.00409	0.00250	0.00679
32	0.01845	0.00737	0.00989	0.00772	0.01089	0.00656	0.00634	0.04560	0.01245	0.71375	0.01676	0.01508	0.01085	0.00693	0.04839	0.00166	0.00415	0.00443	0.04557	0.00717
33	0.01005	0.01076	0.02167	0.05844	0.02051	0.03332	0.59814	0.01325	0.01022	0.03145	0.04039	0.06080	0.00953	0.00602	0.04360	0.00176	0.01643	0.00555	0.00250	0.00560
34	0.02855	0.01371	0.01825	0.01421	0.01790	0.01404	0.21836	0.45545	0.04174	0.05761	0.01328	0.01534	0.01032	0.00698	0.00640	0.00196	0.04754	0.00530	0.00469	0.00838
35	0.01421	0.09323	0.37688	0.01490	0.02014	0.01231	0.22549	0.03118	0.01217	0.12536	0.01240	0.01479	0.00956	0.00624	0.00569	0.00193	0.00713	0.00489	0.00356	0.00795
36	0.00924	0.00663	0.00814	0.04937	0.01033	0.00609	0.00617	0.01906	0.01082	0.02690	0.03962	0.66547	0.02912	0.02562	0.00703	0.00234	0.00399	0.06365	0.00497	0.00543
37	0.02789	0.05330	0.01419	0.01106	0.01439	0.03733	0.04060	0.30281	0.04215	0.24463	0.03592	0.06360	0.01358	0.00774	0.00570	0.00189	0.00539	0.01934	0.00525	0.05322

[dist]
# distance from previous block
# <min> <max>
5	6

[block]
# block no. 4 follows, 59 sequences, length 20
# corresponding to MSA columns:
# 235-254
name=unknown_E
#
# <colnr> <probs for GDERKNQSTAVLIFYWHMCP>
#	G	D	E	R	K	N	Q	S	T	A	V	L	I	F	Y	W	H	M	C	P
0	0.03380	0.10553	0.13961	0.00913	0.03562	0.00880	0.00831	0.05288	0.03086	0.46717	0.01420	0.05328	0.01006	0.00542	0.00424	0.00134	0.00432	0.00435	0.00420	0.00687
1	0.00993	0.00931	0.01580	0.29026	0.52031	0.00995	0.01266	0.01243	0.00945	0.01307	0.00813	0.01133	0.00667	0.00465	0.00501	0.04357	0.00539	0.00393	0.00210	0.00607
2	0.01834	0.03177	0.01039	0.00781	0.01106	0.00699	0.00644	0.02077	0.06508	0.70507	0.05581	0.01577	0.01244	0.00563	0.00444	0.00136	0.00369	0.00459	0.00527	0.00727
3	0.00920	0.02217	0.78153	0.01259	0.01899	0.01017	0.03356	0.01420	0.00944	0.03645	0.00821	0.00954	0.00577	0.00422	0.00423	0.00140	0.00647	0.00334	0.00197	0.00654
4	0.01697	0.00708	0.00936	0.00742	0.01037	0.00628	0.00601	0.01913	0.05090	0.64074	0.08325	0.01865	0.06085	0.03565	0.00519	0.00148	0.00354	0.00511	0.00519	0.00683
5	0.03393	0.01119	0.06831	0.01503	0.01911	0.00982	0.52433	0.03124	0.01078	0.16167	0.01133	0.06269	0.00875	0.00473	0.00496	0.00147	0.00626	0.00531	0.00297	0.00613
6	0.00596	0.00462	0.00483	0.00470	0.00625	0.00388	0.00355	0.00717	0.01035	0.04948	0.09429	0.04061	0.72740	0.01078	0.00518	0.00148	0.00230	0.00901	0.00421	0.00393
7	0.03433	0.00963	0.05081	0.04930	0.03032	0.02537	0.04670	0.14038	0.03124	0.44643	0.01405	0.03922	0.00976	0.00555	0.00494	0.00141	0.04481	0.00448	0.00438	0.00688
8	0.00653	0.00462	0.00565	0.00541	0.00666	0.00413	0.00408	0.00823	0.01151	0.05242	0.48604	0.07586	0.27740	0.00983	0.00522	0.00145	0.00227	0.02393	0.00460	0.00416
9	0.00931	0.15014	0.69859	0.01181	0.01791	0.01137	0.01497	0.01387	0.00927	0.01343	0.00765	0.00898	0.00561	0.00413	0.00399	0.00133	0.00625	0.00312	0.00187	0.00639
10	0.01076	0.00556	0.00706	0.00619	0.00791	0.00517	0.00475	0.01305	0.05058	0.25547	0.35076	0.05450	0.02499	0.06262	0.00582	0.00155	0.00281	0.00634	0.11894	0.00518
11	0.11309	0.01049	0.00998	0.00870	0.01055	0.19065	0.00688	0.03421	0.02242	0.18758	0.01051	0.01245	0.00834	0.04311	0.11012	0.00224	0.15352	0.00384	0.05599	0.00533
12	0.00918	0.09673	0.72346	0.01234	0.01855	0.01094	0.04168	0.01392	0.00933	0.01367	0.00780	0.00921	0.00564	0.00414	0.00411	0.00136	0.00640	0.00325	0.00188	0.00643
13	0.01775	0.00983	0.11863	0.00919	0.01309	0.00730	0.06022	0.02004	0.01206	0.66048	0.01561	0.01407	0.00995	0.00518	0.00446	0.00138	0.00437	0.00434	0.00478	0.00728
14	0.00554	0.00419	0.00513	0.00569	0.00647	0.00379	0.00407	0.00664	0.00950	0.01229	0.11499	0.45348	0.27711	0.01239	0.00549	0.00167	0.00251	0.06116	0.00418	0.00372
15	0.00646	0.03276	0.00735	0.00628	0.00757	0.00489	0.04823	0.00837	0.01159	0.01596	0.57617	0.11330	0.12573	0.00929	0.00517	0.00143	0.00253	0.00826	0.00445	0.00421
16	0.01087	0.01002	0.01693	0.08181	0.59813	0.01016	0.06713	0.03167	0.03659	0.03696	0.00922	0.01223	0.00768	0.04527	0.00533	0.00149	0.00529	0.00420	0.00242	0.00659
17	0.01909	0.00768	0.01025	0.00790	0.01122	0.00682	0.00651	0.06632	0.01311	0.74165	0.04946	0.01551	0.01198	0.00560	0.00447	0.00137	0.00375	0.00456	0.00538	0.00738
18	0.01012	0.00560	0.00712	0.00673	0.00825	0.00531	0.00502	0.03805	0.06835	0.22391	0.12116	0.38471	0.04836	0.00983	0.00505	0.00156	0.00293	0.00865	0.03422	0.00508
19	0.01094	0.08664	0.53644	0.01190	0.01734	0.07536	0.05986	0.05745	0.01045	0.06652	0.00851	0.00963	0.00614	0.00429	0.00414	0.00133	0.00622	0.00338	0.00231	0.02116

[dist]
# distance from previous block
# <min> <max>
0	4

# created by:
# /home/cegg/simao/soft/augustus-3.2.1/scripts/msa2prfl.pl ./align_prep/EOG091G1AP6.fa
