[name]
unknown

[dist]
# distance from previous block
# <min> <max>
3	51

[block]
# block no. 0 follows, 53 sequences, length 82
# corresponding to MSA columns:
# 60-141
name=unknown_A
#
# <colnr> <probs for GDERKNQSTAVLIFYWHMCP>
#	G	D	E	R	K	N	Q	S	T	A	V	L	I	F	Y	W	H	M	C	P
0	0.05155	0.04911	0.35471	0.04747	0.28085	0.04232	0.01447	0.03082	0.05569	0.01578	0.00918	0.01098	0.00707	0.00458	0.00450	0.00146	0.00618	0.00382	0.00242	0.00704
1	0.08322	0.04123	0.03472	0.07870	0.53762	0.01175	0.01288	0.01499	0.06315	0.01576	0.00922	0.01169	0.00760	0.00470	0.00516	0.00148	0.05248	0.00411	0.00253	0.00701
2	0.05321	0.01083	0.01730	0.14403	0.56906	0.01130	0.01330	0.07359	0.01145	0.01644	0.00995	0.01257	0.02661	0.00465	0.00468	0.00145	0.00557	0.00432	0.00260	0.00707
3	0.38222	0.03580	0.01170	0.03656	0.12389	0.13589	0.00810	0.09839	0.05668	0.03746	0.00874	0.00985	0.00679	0.00476	0.00384	0.00141	0.00504	0.00336	0.00312	0.02640
4	0.01120	0.01031	0.01701	0.23024	0.51373	0.01093	0.01341	0.01481	0.06353	0.03252	0.02977	0.01317	0.00878	0.00472	0.00478	0.00148	0.00561	0.00446	0.00262	0.00692
5	0.01698	0.01318	0.01471	0.01313	0.11035	0.03652	0.00964	0.62649	0.04832	0.02716	0.01128	0.01163	0.00821	0.00551	0.00474	0.00142	0.00531	0.00427	0.00438	0.02676
6	0.01759	0.00811	0.01091	0.08102	0.01352	0.00756	0.00734	0.06397	0.03144	0.53996	0.11813	0.01798	0.01531	0.00622	0.00486	0.00146	0.00408	0.00516	0.00528	0.04008
7	0.00797	0.00580	0.00648	0.00632	0.00802	0.00536	0.00488	0.06150	0.03983	0.06558	0.03761	0.14980	0.48418	0.01158	0.00567	0.00170	0.00301	0.08543	0.00457	0.00472
8	0.01671	0.06958	0.01412	0.01198	0.03422	0.61509	0.00901	0.06847	0.03599	0.01347	0.00807	0.00918	0.00662	0.00486	0.00424	0.00121	0.00763	0.00321	0.00268	0.06365
9	0.00995	0.11776	0.71744	0.01300	0.01972	0.01200	0.01657	0.01504	0.01005	0.01469	0.00836	0.00981	0.00606	0.00449	0.00437	0.00146	0.00684	0.00342	0.00202	0.00696
10	0.00672	0.00488	0.00633	0.00597	0.00711	0.00449	0.00448	0.00894	0.01343	0.01893	0.77088	0.03610	0.07406	0.00986	0.00564	0.00151	0.00226	0.00870	0.00523	0.00449
11	0.00668	0.00488	0.00626	0.00592	0.00709	0.00447	0.00444	0.00885	0.01332	0.01866	0.73929	0.03653	0.10581	0.00996	0.00564	0.00151	0.00227	0.00876	0.00520	0.00447
12	0.01277	0.01024	0.01096	0.00969	0.01251	0.01167	0.00759	0.05443	0.71134	0.07343	0.01911	0.01748	0.01416	0.00642	0.00486	0.00160	0.00386	0.00532	0.00493	0.00763
13	0.00911	0.00858	0.01448	0.79781	0.05502	0.01064	0.01331	0.01228	0.00960	0.01231	0.00851	0.01272	0.00641	0.00476	0.00478	0.00159	0.00635	0.00425	0.00213	0.00537
14	0.00980	0.07944	0.75443	0.01326	0.02012	0.01163	0.01702	0.01508	0.01007	0.01487	0.00845	0.00993	0.00606	0.00451	0.00444	0.00148	0.00693	0.00347	0.00202	0.00700
15	0.00741	0.00516	0.00719	0.00710	0.00799	0.00590	0.00551	0.00922	0.00839	0.01286	0.04191	0.01889	0.01302	0.02736	0.57986	0.00584	0.03934	0.00507	0.18763	0.00435
16	0.01203	0.01034	0.01089	0.00976	0.01248	0.01196	0.00760	0.04275	0.77599	0.02023	0.01927	0.01769	0.01444	0.00647	0.00486	0.00162	0.00382	0.00538	0.00486	0.00758
17	0.00594	0.00485	0.00525	0.00515	0.00663	0.00416	0.00386	0.00742	0.01158	0.01454	0.24440	0.04331	0.60327	0.01150	0.00565	0.00159	0.00238	0.00971	0.00465	0.00416
18	0.01590	0.01953	0.01383	0.01238	0.01419	0.60225	0.00956	0.01709	0.01190	0.01165	0.00709	0.00910	0.00619	0.00583	0.00731	0.00146	0.22355	0.00337	0.00236	0.00546
19	0.00599	0.00445	0.00561	0.00638	0.00706	0.00407	0.00451	0.00710	0.00996	0.01299	0.08543	0.55254	0.19408	0.01388	0.00601	0.00186	0.00278	0.06682	0.00449	0.00400
20	0.01152	0.01134	0.01447	0.01237	0.01278	0.06761	0.01024	0.04244	0.00848	0.03157	0.00686	0.01052	0.00647	0.00797	0.01424	0.00199	0.71726	0.00413	0.00231	0.00543
21	0.01170	0.01122	0.01916	0.06647	0.76611	0.01132	0.01460	0.01455	0.01082	0.01546	0.00897	0.01187	0.00751	0.00428	0.00473	0.00143	0.00571	0.00426	0.00235	0.00746
22	0.00903	0.00848	0.01411	0.74436	0.03086	0.01068	0.01285	0.01204	0.00936	0.01213	0.00852	0.01283	0.00657	0.00612	0.03493	0.00184	0.05361	0.00428	0.00214	0.00527
23	0.00618	0.00484	0.00564	0.00607	0.00708	0.00445	0.00431	0.00801	0.05533	0.01350	0.09797	0.40970	0.33371	0.01293	0.00581	0.00176	0.00265	0.01134	0.00453	0.00421
24	0.01018	0.01004	0.01410	0.01217	0.01224	0.01397	0.01011	0.01127	0.00735	0.01147	0.00678	0.01110	0.00671	0.01049	0.07737	0.00252	0.76058	0.00426	0.00213	0.00515
25	0.62581	0.04214	0.01000	0.00984	0.10840	0.06078	0.00691	0.04290	0.02597	0.02002	0.00744	0.00867	0.00588	0.00452	0.00337	0.00144	0.00436	0.00295	0.00293	0.00569
26	0.00664	0.00513	0.00657	0.06093	0.00889	0.00484	0.00509	0.00862	0.01219	0.01637	0.45585	0.06865	0.24679	0.01052	0.00567	0.00161	0.00275	0.06376	0.00473	0.00440
27	0.68060	0.00975	0.00821	0.00707	0.01016	0.01109	0.00579	0.10105	0.06285	0.02209	0.00813	0.00894	0.00621	0.00469	0.00331	0.00145	0.00387	0.00298	0.00329	0.03846
28	0.00695	0.00462	0.00532	0.00538	0.00548	0.00465	0.00315	0.00716	0.00722	0.00983	0.01562	0.07609	0.01775	0.71746	0.05953	0.00449	0.00482	0.00716	0.03423	0.00307
29	0.01183	0.01136	0.01940	0.02934	0.80221	0.01136	0.01467	0.01467	0.01088	0.01562	0.00899	0.01183	0.00757	0.00426	0.00473	0.00142	0.00568	0.00426	0.00237	0.00757
30	0.01142	0.01094	0.01866	0.14496	0.68979	0.01125	0.01446	0.01431	0.01069	0.01512	0.00892	0.01196	0.00740	0.00433	0.00474	0.00144	0.00578	0.00426	0.00233	0.00724
31	0.00959	0.00907	0.01535	0.66237	0.18670	0.01077	0.01355	0.01270	0.00982	0.01289	0.00859	0.01256	0.00661	0.00467	0.00477	0.00156	0.00623	0.00425	0.00217	0.00576
32	0.02120	0.00853	0.01134	0.00869	0.01240	0.00762	0.00718	0.08123	0.01435	0.74664	0.01830	0.01590	0.01155	0.00590	0.00480	0.00148	0.00416	0.00477	0.00583	0.00813
33	0.01047	0.00883	0.01021	0.00734	0.01156	0.00694	0.00589	0.06432	0.01076	0.01656	0.00870	0.01002	0.00715	0.00369	0.00362	0.00076	0.00366	0.00293	0.00296	0.80363
34	0.00903	0.00850	0.01434	0.82054	0.03292	0.01062	0.01327	0.01221	0.00956	0.01221	0.00850	0.01274	0.00637	0.00478	0.00478	0.00159	0.00637	0.00425	0.00212	0.00531
35	0.02144	0.00813	0.01109	0.00850	0.01220	0.00702	0.00702	0.02329	0.01368	0.80552	0.01886	0.01627	0.01183	0.00592	0.00481	0.00148	0.00407	0.00481	0.00592	0.00813
36	0.00588	0.00473	0.00524	0.00537	0.00666	0.00409	0.00393	0.00721	0.01106	0.01391	0.17890	0.18167	0.53020	0.01219	0.00573	0.00165	0.00245	0.01044	0.00459	0.00409
37	0.01215	0.01138	0.01887	0.05840	0.71957	0.01156	0.01424	0.06669	0.01162	0.01646	0.00914	0.01184	0.00756	0.00438	0.00474	0.00143	0.00568	0.00426	0.00252	0.00752
38	0.00916	0.02226	0.70775	0.01260	0.01896	0.01025	0.01597	0.01423	0.01034	0.01522	0.05675	0.01396	0.06119	0.00535	0.00468	0.00152	0.00648	0.00426	0.00237	0.00672
39	0.00582	0.00482	0.00509	0.00508	0.00657	0.00410	0.00379	0.00717	0.01121	0.01380	0.15731	0.07452	0.66048	0.01187	0.00566	0.00161	0.00241	0.01001	0.00456	0.00410
40	0.00944	0.00892	0.01508	0.70395	0.14628	0.01073	0.01348	0.01257	0.00975	0.01271	0.00857	0.01261	0.00655	0.00470	0.00477	0.00157	0.00627	0.00425	0.00216	0.00564
41	0.01180	0.01144	0.01991	0.02881	0.75749	0.01140	0.05898	0.01471	0.01091	0.01560	0.00903	0.01189	0.00755	0.00425	0.00478	0.00143	0.00582	0.00434	0.00237	0.00751
42	0.00695	0.00463	0.00521	0.00521	0.00521	0.00463	0.00290	0.00695	0.00695	0.00927	0.01506	0.03128	0.01738	0.83203	0.02433	0.00463	0.00463	0.00695	0.00290	0.00290
43	0.02144	0.00813	0.01109	0.00850	0.01220	0.00702	0.00702	0.02329	0.01368	0.80552	0.01886	0.01627	0.01183	0.00592	0.00481	0.00148	0.00407	0.00481	0.00592	0.00813
44	0.00876	0.01401	0.31662	0.01245	0.04596	0.00856	0.12996	0.01239	0.01083	0.01509	0.09652	0.07470	0.07592	0.00782	0.00539	0.00169	0.00556	0.14875	0.00320	0.00581
45	0.01172	0.01139	0.01990	0.04795	0.72885	0.01139	0.06877	0.01465	0.01088	0.01551	0.00903	0.01193	0.00752	0.00426	0.00480	0.00144	0.00586	0.00436	0.00236	0.00744
46	0.01181	0.01455	0.26769	0.01426	0.03399	0.00996	0.24689	0.01554	0.01110	0.14410	0.01321	0.01906	0.01086	0.00614	0.00566	0.00167	0.03583	0.12795	0.00317	0.00657
47	0.00770	0.00550	0.00770	0.00880	0.00990	0.00550	0.00770	0.00990	0.01100	0.01430	0.02531	0.05391	0.02751	0.01320	0.00660	0.00220	0.00440	0.77004	0.00440	0.00440
48	0.76407	0.00945	0.00842	0.02090	0.09212	0.01079	0.00629	0.01409	0.00844	0.02070	0.00693	0.00826	0.00544	0.00442	0.00317	0.00147	0.00394	0.00279	0.00288	0.00543
49	0.01189	0.01027	0.01081	0.00973	0.01243	0.01189	0.00757	0.02540	0.79357	0.01999	0.01945	0.01783	0.01459	0.00648	0.00486	0.00162	0.00378	0.00540	0.00486	0.00757
50	0.01112	0.01030	0.02742	0.00953	0.02848	0.04420	0.05946	0.05252	0.16757	0.01692	0.01134	0.01299	0.00917	0.00463	0.00417	0.00108	0.00434	0.02520	0.00331	0.49625
51	0.01278	0.83490	0.02505	0.00818	0.01227	0.01891	0.00818	0.01431	0.00971	0.01125	0.00664	0.00767	0.00613	0.00409	0.00307	0.00102	0.00511	0.00256	0.00204	0.00613
52	0.00676	0.00489	0.00639	0.00601	0.00714	0.00451	0.00451	0.00902	0.01353	0.01917	0.79969	0.03570	0.04510	0.00977	0.00564	0.00150	0.00225	0.00864	0.00526	0.00451
53	0.00903	0.00850	0.01434	0.82054	0.03292	0.01062	0.01327	0.01221	0.00956	0.01221	0.00850	0.01274	0.00637	0.00478	0.00478	0.00159	0.00637	0.00425	0.00212	0.00531
54	0.00589	0.00485	0.00518	0.00510	0.00661	0.00414	0.00382	0.00733	0.01147	0.01429	0.21343	0.04374	0.63440	0.01159	0.00565	0.00159	0.00238	0.00977	0.00462	0.00414
55	0.01269	0.81215	0.04701	0.00833	0.01250	0.01869	0.00844	0.01434	0.00972	0.01135	0.00670	0.00774	0.00613	0.00410	0.00311	0.00104	0.00517	0.00258	0.00204	0.00616
56	0.01243	0.01049	0.01107	0.00977	0.01257	0.01205	0.00765	0.10560	0.69662	0.02093	0.01918	0.01771	0.02927	0.00652	0.00487	0.00160	0.00391	0.00538	0.00485	0.00756
57	0.07496	0.00885	0.01413	0.66051	0.08194	0.01090	0.01259	0.01248	0.00942	0.01311	0.00827	0.01217	0.00636	0.00491	0.00523	0.00160	0.05079	0.00412	0.00220	0.00545
58	0.00582	0.00416	0.00555	0.00666	0.00693	0.00388	0.00444	0.00666	0.00915	0.01220	0.02634	0.82891	0.03161	0.01497	0.00610	0.00194	0.00277	0.01359	0.00444	0.00388
59	0.01785	0.02278	0.01354	0.01231	0.01478	0.81284	0.00924	0.01909	0.01354	0.01170	0.00739	0.00862	0.00616	0.00493	0.00431	0.00123	0.00862	0.00308	0.00246	0.00554
60	0.01167	0.01119	0.01911	0.07486	0.75795	0.01131	0.01459	0.01453	0.01081	0.01542	0.00896	0.01188	0.00750	0.00429	0.00473	0.00143	0.00572	0.00426	0.00235	0.00744
61	0.01242	0.00883	0.01436	0.01141	0.01351	0.00950	0.17822	0.01422	0.00978	0.21267	0.01241	0.01692	0.01041	0.14995	0.09983	0.00288	0.20840	0.00524	0.00332	0.00573
62	0.00620	0.00470	0.00573	0.00590	0.00695	0.00423	0.00431	0.00776	0.01150	0.01528	0.34465	0.24852	0.27161	0.01195	0.00579	0.00167	0.00250	0.03177	0.00477	0.00420
63	0.00830	0.00415	0.00623	0.00623	0.00623	0.00415	0.00415	0.00623	0.00623	0.00830	0.00830	0.01453	0.00830	0.01660	0.01868	0.86094	0.00415	0.00415	0.00208	0.00208
64	0.01756	0.01227	0.01404	0.01092	0.01447	0.02415	0.03665	0.52846	0.08319	0.15027	0.01293	0.01272	0.00910	0.00588	0.00533	0.00149	0.04349	0.00450	0.00472	0.00785
65	0.01127	0.01110	0.01954	0.13538	0.53289	0.01160	0.11830	0.01418	0.01049	0.01480	0.00881	0.01200	0.00727	0.00460	0.00568	0.00152	0.06687	0.00444	0.00232	0.00693
66	0.86579	0.00924	0.00702	0.00629	0.00924	0.01072	0.00518	0.01405	0.00813	0.02144	0.00666	0.00776	0.00518	0.00444	0.00296	0.00148	0.00370	0.00259	0.00296	0.00518
67	0.00601	0.00486	0.00535	0.00522	0.00668	0.00419	0.00392	0.00756	0.01175	0.01495	0.29344	0.04264	0.55398	0.01134	0.00565	0.00158	0.00237	0.00962	0.00471	0.00419
68	0.00941	0.00873	0.01444	0.77575	0.04745	0.01079	0.01315	0.04015	0.01005	0.01292	0.00861	0.01268	0.00646	0.00480	0.00478	0.00158	0.00632	0.00425	0.00222	0.00546
69	0.01797	0.02061	0.01352	0.01194	0.01459	0.65802	0.00911	0.11006	0.01450	0.05955	0.00851	0.00943	0.00672	0.00514	0.00459	0.00128	0.02218	0.00334	0.00293	0.00599
70	0.00754	0.00574	0.00717	0.00640	0.00807	0.00524	0.00487	0.01049	0.06235	0.01871	0.63736	0.03089	0.03774	0.00867	0.00529	0.00140	0.00254	0.00761	0.00489	0.12704
71	0.00991	0.00850	0.00991	0.00708	0.01133	0.00637	0.00566	0.01203	0.00991	0.01557	0.00850	0.00991	0.00708	0.00354	0.00354	0.00071	0.00354	0.00283	0.00283	0.86124
72	0.00702	0.00494	0.00634	0.03721	0.00736	0.00527	0.00429	0.00777	0.00747	0.01032	0.03068	0.02652	0.01576	0.51977	0.26827	0.00533	0.00715	0.00627	0.01878	0.00348
73	0.00903	0.00850	0.01434	0.82054	0.03292	0.01062	0.01327	0.01221	0.00956	0.01221	0.00850	0.01274	0.00637	0.00478	0.00478	0.00159	0.00637	0.00425	0.00212	0.00531
74	0.00692	0.00502	0.00602	0.00588	0.00728	0.00447	0.00451	0.00869	0.01212	0.04613	0.37708	0.06578	0.34854	0.01102	0.00570	0.00162	0.00258	0.07136	0.00486	0.00443
75	0.00903	0.00850	0.01434	0.82054	0.03292	0.01062	0.01327	0.01221	0.00956	0.01221	0.00850	0.01274	0.00637	0.00478	0.00478	0.00159	0.00637	0.00425	0.00212	0.00531
76	0.00669	0.00488	0.00628	0.00593	0.00709	0.00448	0.00445	0.00887	0.01335	0.01874	0.74895	0.03640	0.09610	0.00993	0.00564	0.00151	0.00227	0.00874	0.00521	0.00448
77	0.00906	0.00841	0.01419	0.77600	0.03174	0.01041	0.02566	0.01222	0.00960	0.01248	0.00879	0.01294	0.00661	0.00480	0.00474	0.00157	0.00624	0.00428	0.03497	0.00530
78	0.00589	0.00421	0.00562	0.00673	0.00704	0.00394	0.00455	0.00677	0.00922	0.01228	0.02631	0.80098	0.03146	0.01491	0.00612	0.00195	0.00283	0.04084	0.00444	0.00390
79	0.01899	0.01141	0.01394	0.01060	0.01444	0.01178	0.05296	0.45919	0.01857	0.31659	0.01411	0.01333	0.00945	0.00571	0.00484	0.00146	0.00498	0.00457	0.00507	0.00803
80	0.00903	0.00850	0.01434	0.82054	0.03292	0.01062	0.01327	0.01221	0.00956	0.01221	0.00850	0.01274	0.00637	0.00478	0.00478	0.00159	0.00637	0.00425	0.00212	0.00531
81	0.01040	0.00990	0.01683	0.43143	0.41125	0.01098	0.01396	0.01342	0.01021	0.01389	0.00874	0.01229	0.00696	0.00452	0.00476	0.00151	0.00603	0.00425	0.00224	0.00642

[dist]
# distance from previous block
# <min> <max>
0	23

[block]
# block no. 1 follows, 53 sequences, length 32
# corresponding to MSA columns:
# 165-196
name=unknown_B
#
# <colnr> <probs for GDERKNQSTAVLIFYWHMCP>
#	G	D	E	R	K	N	Q	S	T	A	V	L	I	F	Y	W	H	M	C	P
0	0.00903	0.00850	0.01434	0.82054	0.03292	0.01062	0.01327	0.01221	0.00956	0.01221	0.00850	0.01274	0.00637	0.00478	0.00478	0.00159	0.00637	0.00425	0.00212	0.00531
1	0.01785	0.02278	0.01354	0.01231	0.01478	0.81284	0.00924	0.01909	0.01354	0.01170	0.00739	0.00862	0.00616	0.00493	0.00431	0.00123	0.00862	0.00308	0.00246	0.00554
2	0.01063	0.28918	0.55193	0.01185	0.01794	0.01365	0.01456	0.01487	0.00997	0.01387	0.00795	0.00930	0.00608	0.00439	0.00406	0.00135	0.00643	0.00321	0.00203	0.00676
3	0.01278	0.83490	0.02505	0.00818	0.01227	0.01891	0.00818	0.01431	0.00971	0.01125	0.00664	0.00767	0.00613	0.00409	0.00307	0.00102	0.00511	0.00256	0.00204	0.00613
4	0.00972	0.05741	0.77570	0.01340	0.02035	0.01142	0.01728	0.01510	0.01008	0.01498	0.00850	0.00999	0.00606	0.00452	0.00448	0.00149	0.00698	0.00349	0.00202	0.00703
5	0.01278	0.83490	0.02505	0.00818	0.01227	0.01891	0.00818	0.01431	0.00971	0.01125	0.00664	0.00767	0.00613	0.00409	0.00307	0.00102	0.00511	0.00256	0.00204	0.00613
6	0.01841	0.01300	0.01411	0.01081	0.01463	0.01425	0.00893	0.73032	0.02183	0.08699	0.01202	0.01183	0.00840	0.00575	0.00478	0.00144	0.00517	0.00434	0.00486	0.00813
7	0.01149	0.00805	0.00998	0.00833	0.05331	0.00654	0.00618	0.01379	0.02759	0.15388	0.08063	0.01613	0.06950	0.00521	0.00419	0.00103	0.00356	0.00433	0.00371	0.51256
8	0.01452	0.01806	0.05665	0.01248	0.01422	0.45739	0.01017	0.01591	0.01092	0.01181	0.00702	0.00942	0.00620	0.00625	0.00877	0.00158	0.32732	0.00353	0.00229	0.00550
9	0.01150	0.01107	0.01903	0.11756	0.69938	0.01129	0.03121	0.01441	0.01074	0.01523	0.00895	0.01195	0.00743	0.00431	0.00476	0.00144	0.00581	0.00429	0.00234	0.00729
10	0.00582	0.00416	0.00555	0.00666	0.00693	0.00388	0.00444	0.00666	0.00915	0.01220	0.02634	0.82891	0.03161	0.01497	0.00610	0.00194	0.00277	0.01359	0.00444	0.00388
11	0.00684	0.00508	0.00747	0.00747	0.00825	0.00586	0.00571	0.00840	0.00762	0.01094	0.01300	0.01987	0.01242	0.10519	0.74439	0.00742	0.01209	0.00528	0.00259	0.00415
12	0.01189	0.01027	0.01081	0.00973	0.01243	0.01189	0.00757	0.02540	0.79357	0.01999	0.01945	0.01783	0.01459	0.00648	0.00486	0.00162	0.00378	0.00540	0.00486	0.00757
13	0.00585	0.00419	0.00560	0.00668	0.00698	0.00394	0.00448	0.00671	0.00911	0.01217	0.02598	0.80732	0.03109	0.01553	0.02760	0.00209	0.00304	0.01336	0.00439	0.00389
14	0.00676	0.00489	0.00639	0.00601	0.00714	0.00451	0.00451	0.00902	0.01353	0.01917	0.79969	0.03570	0.04510	0.00977	0.00564	0.00150	0.00225	0.00864	0.00526	0.00451
15	0.01281	0.01088	0.01228	0.01048	0.01347	0.01234	0.04959	0.14025	0.63456	0.02128	0.01772	0.01660	0.01322	0.00624	0.00489	0.00159	0.00424	0.00525	0.00472	0.00759
16	0.00763	0.00602	0.00862	0.00822	0.00905	0.00722	0.00646	0.03231	0.00843	0.01217	0.06143	0.01894	0.01336	0.05445	0.61133	0.00629	0.11559	0.00525	0.00275	0.00448
17	0.00669	0.00488	0.00629	0.00594	0.00710	0.00448	0.00445	0.00888	0.01336	0.01876	0.75138	0.03636	0.09366	0.00992	0.00564	0.00151	0.00227	0.00874	0.00521	0.00448
18	0.01045	0.00876	0.01114	0.00847	0.02988	0.00694	0.04795	0.02749	0.01041	0.03957	0.00962	0.01211	0.00809	0.00409	0.00387	0.00087	0.00391	0.03405	0.00299	0.71935
19	0.00703	0.00486	0.00621	0.00592	0.00705	0.00453	0.00448	0.00928	0.01306	0.01887	0.68843	0.03426	0.04089	0.00941	0.00541	0.00148	0.00232	0.03141	0.10060	0.00450
20	0.03034	0.06236	0.06665	0.00932	0.01282	0.01045	0.00804	0.09738	0.28483	0.28092	0.05284	0.01597	0.01298	0.00598	0.00467	0.00148	0.00425	0.00483	0.00477	0.02914
21	0.02791	0.06105	0.01299	0.01012	0.01333	0.04784	0.00817	0.29791	0.40647	0.04004	0.01509	0.01435	0.01119	0.00596	0.00467	0.00150	0.00461	0.00468	0.00456	0.00757
22	0.00693	0.00467	0.00537	0.00537	0.00551	0.00471	0.00316	0.00714	0.00719	0.00967	0.01603	0.03062	0.04349	0.73098	0.08196	0.00470	0.00512	0.00688	0.01742	0.00306
23	0.01221	0.01148	0.01910	0.02824	0.75525	0.01156	0.01434	0.06068	0.01157	0.01648	0.00914	0.01181	0.00760	0.00435	0.00473	0.00142	0.00565	0.00426	0.00251	0.00760
24	0.57552	0.01105	0.03853	0.02398	0.06939	0.05971	0.00713	0.09937	0.01057	0.02089	0.04017	0.00985	0.00744	0.00483	0.00357	0.00146	0.00443	0.00324	0.00313	0.00574
25	0.00731	0.00657	0.04956	0.00978	0.08843	0.00572	0.01842	0.03241	0.02659	0.01370	0.03977	0.60008	0.02654	0.01254	0.00582	0.00184	0.00352	0.04260	0.00411	0.00470
26	0.02663	0.01305	0.07199	0.01949	0.09581	0.02283	0.59576	0.01483	0.01096	0.01516	0.00989	0.02775	0.00780	0.00561	0.03853	0.00183	0.00780	0.00542	0.00244	0.00642
27	0.05717	0.01165	0.01088	0.00963	0.01240	0.11050	0.00750	0.06809	0.54584	0.01917	0.01756	0.01662	0.04473	0.00625	0.00467	0.00152	0.00440	0.00499	0.00436	0.04207
28	0.00938	0.08222	0.27286	0.01021	0.03450	0.05078	0.03326	0.04392	0.01191	0.01623	0.26135	0.05473	0.08478	0.00725	0.00495	0.00148	0.00483	0.00610	0.00350	0.00576
29	0.06035	0.04307	0.01301	0.01173	0.03744	0.56717	0.00871	0.01911	0.13299	0.01389	0.04171	0.01117	0.00904	0.00529	0.00435	0.00131	0.00717	0.00366	0.00296	0.00587
30	0.00729	0.00552	0.00708	0.00654	0.00780	0.00537	0.00496	0.01003	0.05365	0.01854	0.67106	0.05611	0.03995	0.00944	0.00594	0.00151	0.03622	0.00820	0.00499	0.03980
31	0.05617	0.43145	0.28230	0.01040	0.01532	0.01503	0.04288	0.04619	0.01026	0.01395	0.00786	0.00954	0.00652	0.02879	0.00435	0.00136	0.00580	0.00321	0.00224	0.00639

[dist]
# distance from previous block
# <min> <max>
0	695

# created by:
# /home/cegg/simao/soft/augustus-3.2.1/scripts/msa2prfl.pl ./align_prep/EOG091G0YHX.fa
