[name]
unknown

[dist]
# distance from previous block
# <min> <max>
0	20

[block]
# block no. 0 follows, 47 sequences, length 26
# corresponding to MSA columns:
# 20-45
name=unknown_A
#
# <colnr> <probs for GDERKNQSTAVLIFYWHMCP>
#	G	D	E	R	K	N	Q	S	T	A	V	L	I	F	Y	W	H	M	C	P
0	0.04970	0.00971	0.01427	0.51064	0.07397	0.03349	0.01263	0.03905	0.05037	0.01541	0.01265	0.02048	0.01097	0.00668	0.00540	0.00180	0.00632	0.11744	0.00301	0.00601
1	0.01511	0.01059	0.01646	0.06773	0.34245	0.01064	0.03356	0.06376	0.02665	0.21357	0.01504	0.04555	0.01232	0.00667	0.00579	0.00170	0.02839	0.07226	0.00402	0.00774
2	0.01316	0.01210	0.01534	0.01240	0.03758	0.06023	0.12311	0.11990	0.17226	0.01976	0.05168	0.01477	0.01162	0.00571	0.00569	0.00143	0.05327	0.00482	0.00381	0.26135
3	0.03052	0.08715	0.01409	0.01185	0.06113	0.21420	0.00878	0.03548	0.30793	0.01762	0.01546	0.01550	0.04647	0.00609	0.00478	0.00146	0.00566	0.00470	0.00385	0.10726
4	0.05794	0.01223	0.01353	0.01273	0.08354	0.01377	0.00929	0.24104	0.44889	0.02465	0.01693	0.01627	0.01264	0.00650	0.00515	0.00168	0.00477	0.00527	0.00492	0.00829
5	0.02239	0.00866	0.01186	0.00921	0.01305	0.00758	0.00758	0.02439	0.01450	0.74039	0.02014	0.01789	0.01290	0.00845	0.05388	0.00203	0.00502	0.00526	0.00622	0.00860
6	0.01264	0.01077	0.01142	0.01024	0.01309	0.01232	0.00797	0.05107	0.68092	0.02185	0.06527	0.02132	0.04306	0.00745	0.00537	0.00175	0.00403	0.00622	0.00531	0.00795
7	0.01765	0.01138	0.01736	0.03548	0.01774	0.01120	0.20098	0.22563	0.01631	0.29213	0.01620	0.08690	0.01228	0.00672	0.00559	0.00168	0.00584	0.00616	0.00487	0.00789
8	0.00983	0.00926	0.01562	0.80447	0.03587	0.01157	0.01446	0.01331	0.01041	0.01331	0.00926	0.01388	0.00694	0.00521	0.00521	0.00174	0.00694	0.00463	0.00231	0.00579
9	0.00653	0.00466	0.00625	0.00746	0.00785	0.00439	0.00516	0.00757	0.01015	0.01350	0.02860	0.74547	0.03404	0.01614	0.00670	0.00214	0.00318	0.08110	0.00483	0.00428
10	0.01265	0.01224	0.02121	0.08409	0.69842	0.01236	0.05064	0.01583	0.01178	0.01675	0.00979	0.01301	0.00814	0.00467	0.00520	0.00157	0.00636	0.00471	0.00256	0.00802
11	0.01207	0.01362	0.02937	0.09241	0.02800	0.01303	0.69795	0.01638	0.01212	0.01638	0.01042	0.01403	0.00782	0.00446	0.00606	0.00175	0.00861	0.00601	0.00261	0.00691
12	0.01392	0.82012	0.02729	0.00891	0.01337	0.02061	0.00891	0.01559	0.01058	0.01225	0.00724	0.00835	0.00668	0.00446	0.00334	0.00111	0.00557	0.00278	0.00223	0.00668
13	0.00744	0.00556	0.00826	0.00826	0.00915	0.00645	0.00638	0.00923	0.00834	0.01201	0.01405	0.02100	0.01325	0.07008	0.76564	0.00824	0.01359	0.00566	0.00280	0.00459
14	0.00701	0.00510	0.00673	0.00773	0.00851	0.00483	0.00585	0.00849	0.01102	0.01444	0.06587	0.46050	0.11466	0.01511	0.00674	0.00214	0.00350	0.24243	0.00486	0.00446
15	0.00983	0.00926	0.01562	0.80447	0.03587	0.01157	0.01446	0.01331	0.01041	0.01331	0.00926	0.01388	0.00694	0.00521	0.00521	0.00174	0.00694	0.00463	0.00231	0.00579
16	0.00627	0.00484	0.00572	0.00643	0.00734	0.00430	0.00447	0.00734	0.01076	0.01361	0.03868	0.49701	0.34458	0.01502	0.00644	0.00197	0.00286	0.01322	0.00483	0.00430
17	0.01219	0.01151	0.01947	0.02920	0.69579	0.01149	0.01479	0.01507	0.01169	0.01664	0.01193	0.08610	0.01113	0.00593	0.00534	0.00162	0.00587	0.02361	0.00283	0.00780
18	0.01298	0.01231	0.01858	0.24639	0.43896	0.05269	0.01454	0.08704	0.01269	0.01713	0.00973	0.01291	0.00782	0.00512	0.00549	0.00161	0.02924	0.00457	0.00275	0.00743
19	0.01392	0.82012	0.02729	0.00891	0.01337	0.02061	0.00891	0.01559	0.01058	0.01225	0.00724	0.00835	0.00668	0.00446	0.00334	0.00111	0.00557	0.00278	0.00223	0.00668
20	0.01080	0.00926	0.01080	0.00771	0.01234	0.00694	0.00617	0.01311	0.01080	0.01697	0.00926	0.01080	0.00771	0.00386	0.00386	0.00077	0.00386	0.00309	0.00309	0.84882
21	0.00709	0.00515	0.00669	0.00664	0.00770	0.00474	0.00485	0.00917	0.01359	0.01895	0.58691	0.20406	0.08102	0.01197	0.00625	0.00175	0.00259	0.01064	0.00550	0.00474
22	0.01080	0.00926	0.01080	0.00771	0.01234	0.00694	0.00617	0.01311	0.01080	0.01697	0.00926	0.01080	0.00771	0.00386	0.00386	0.00077	0.00386	0.00309	0.00309	0.84882
23	0.00746	0.00550	0.00796	0.00796	0.00875	0.00629	0.00600	0.00904	0.00825	0.01179	0.01432	0.02252	0.01392	0.15694	0.67969	0.00787	0.01260	0.00588	0.00285	0.00442
24	0.00708	0.00541	0.00601	0.00579	0.00746	0.00466	0.00437	0.00877	0.01284	0.04109	0.27319	0.04567	0.53481	0.01220	0.00612	0.00172	0.00264	0.01033	0.00516	0.00470
25	0.01042	0.00848	0.00915	0.00830	0.01026	0.05623	0.03523	0.01637	0.24039	0.01929	0.22083	0.04020	0.07120	0.03108	0.00581	0.00168	0.00371	0.00696	0.19847	0.00595

[dist]
# distance from previous block
# <min> <max>
0	1

[block]
# block no. 1 follows, 47 sequences, length 11
# corresponding to MSA columns:
# 47-57
name=unknown_B
#
# <colnr> <probs for GDERKNQSTAVLIFYWHMCP>
#	G	D	E	R	K	N	Q	S	T	A	V	L	I	F	Y	W	H	M	C	P
0	0.02170	0.00849	0.01155	0.00898	0.01272	0.00737	0.00737	0.02376	0.01489	0.70817	0.09985	0.01993	0.01667	0.00688	0.00533	0.00161	0.00423	0.00567	0.00637	0.00845
1	0.01118	0.02484	0.67822	0.01535	0.02264	0.01202	0.09651	0.01689	0.01129	0.04892	0.00994	0.01160	0.00700	0.00495	0.00508	0.00166	0.00767	0.00415	0.00242	0.00768
2	0.01062	0.00902	0.01051	0.00760	0.01196	0.00683	0.00600	0.01280	0.01062	0.01658	0.00966	0.01212	0.00835	0.05008	0.00514	0.00101	0.00392	0.00334	0.00309	0.80075
3	0.00704	0.00546	0.00654	0.00738	0.00799	0.02838	0.00507	0.00856	0.03371	0.01438	0.10959	0.65046	0.06600	0.01497	0.00647	0.00202	0.00317	0.01345	0.00488	0.00449
4	0.01089	0.00955	0.01201	0.00858	0.01325	0.00732	0.05243	0.01333	0.01089	0.01695	0.00933	0.01100	0.00772	0.00389	0.00400	0.00083	0.00416	0.00327	0.00306	0.79754
5	0.01871	0.01665	0.09594	0.01228	0.01660	0.10128	0.01074	0.55134	0.04610	0.06027	0.01230	0.01245	0.00878	0.00605	0.00513	0.00156	0.00623	0.00452	0.00467	0.00840
6	0.01945	0.02482	0.01476	0.01342	0.01610	0.79608	0.01006	0.02079	0.01476	0.01275	0.00805	0.00939	0.00671	0.00537	0.00470	0.00134	0.00939	0.00335	0.00268	0.00604
7	0.00615	0.00528	0.00528	0.00528	0.00703	0.00440	0.00396	0.00747	0.01187	0.01407	0.05276	0.05012	0.78238	0.01319	0.00615	0.00176	0.00264	0.01099	0.00484	0.00440
8	0.00654	0.00455	0.00598	0.00711	0.00747	0.00427	0.00477	0.00753	0.01002	0.01364	0.02804	0.76844	0.03324	0.01573	0.00648	0.00206	0.00299	0.01424	0.05264	0.00427
9	0.01055	0.02620	0.74684	0.01525	0.02281	0.01216	0.06166	0.01650	0.01107	0.01650	0.00941	0.01117	0.00667	0.00492	0.00502	0.00166	0.00776	0.00398	0.00222	0.00766
10	0.00905	0.00452	0.00678	0.00678	0.00678	0.00452	0.00452	0.00678	0.00678	0.00905	0.00905	0.01583	0.00905	0.01809	0.02035	0.84848	0.00452	0.00452	0.00226	0.00226

[dist]
# distance from previous block
# <min> <max>
0	16

[block]
# block no. 2 follows, 47 sequences, length 7
# corresponding to MSA columns:
# 74-80
name=unknown_C
#
# <colnr> <probs for GDERKNQSTAVLIFYWHMCP>
#	G	D	E	R	K	N	Q	S	T	A	V	L	I	F	Y	W	H	M	C	P
0	0.01435	0.01252	0.01584	0.01308	0.01455	0.01602	0.01087	0.27844	0.01379	0.01968	0.00883	0.01178	0.00755	0.00811	0.01290	0.00203	0.52494	0.00460	0.00331	0.00681
1	0.00749	0.00539	0.00742	0.00742	0.00802	0.00599	0.00533	0.00869	0.00809	0.01139	0.01482	0.02526	0.01510	0.31318	0.52507	0.00720	0.01081	0.00628	0.00292	0.00412
2	0.01174	0.00853	0.00983	0.00839	0.01063	0.00882	0.00658	0.27655	0.01769	0.02440	0.41765	0.06914	0.05942	0.00931	0.00575	0.00162	0.00364	0.00792	0.03613	0.00625
3	0.01281	0.00656	0.00850	0.00731	0.00961	0.00580	0.00573	0.01494	0.01434	0.29016	0.39821	0.03321	0.15234	0.00957	0.00583	0.00165	0.00318	0.00819	0.00584	0.00622
4	0.01088	0.01616	0.28834	0.19090	0.15663	0.03421	0.03608	0.03147	0.03393	0.01608	0.01266	0.07991	0.02687	0.00620	0.00520	0.00167	0.00650	0.00539	0.03405	0.00688
5	0.55782	0.29552	0.01457	0.00758	0.01123	0.01483	0.00679	0.01541	0.00947	0.01945	0.00725	0.00842	0.00601	0.00470	0.00326	0.00144	0.00457	0.00281	0.00287	0.00601
6	0.01205	0.29512	0.01668	0.00833	0.01278	0.01217	0.00728	0.01498	0.06273	0.01563	0.00936	0.01052	0.00791	0.00429	0.00377	0.00096	0.00448	0.00317	0.00293	0.49486

[dist]
# distance from previous block
# <min> <max>
0	10

[block]
# block no. 3 follows, 47 sequences, length 26
# corresponding to MSA columns:
# 91-116
name=unknown_D
#
# <colnr> <probs for GDERKNQSTAVLIFYWHMCP>
#	G	D	E	R	K	N	Q	S	T	A	V	L	I	F	Y	W	H	M	C	P
0	0.01058	0.02427	0.68258	0.01383	0.02090	0.01129	0.01740	0.01612	0.01129	0.03412	0.05370	0.01273	0.00923	0.00524	0.00496	0.00160	0.00710	0.00415	0.00255	0.05637
1	0.08706	0.10918	0.01639	0.01505	0.16419	0.16432	0.01040	0.23208	0.03818	0.02068	0.01176	0.02574	0.01007	0.00626	0.00490	0.00155	0.00620	0.06507	0.00366	0.00726
2	0.01351	0.01074	0.01188	0.01069	0.01350	0.01202	0.00869	0.20507	0.40210	0.02296	0.02064	0.02745	0.01765	0.00868	0.00575	0.00187	0.00468	0.18945	0.00515	0.00754
3	0.21906	0.00926	0.00977	0.00761	0.01154	0.00824	0.00606	0.01399	0.04713	0.01855	0.01055	0.06062	0.00926	0.00503	0.00394	0.00111	0.00386	0.00388	0.00333	0.54720
4	0.00745	0.00555	0.00821	0.00821	0.00909	0.00642	0.00631	0.00920	0.00832	0.01197	0.01409	0.02125	0.01336	0.08420	0.75167	0.00818	0.01343	0.00570	0.00281	0.00456
5	0.01201	0.05064	0.37911	0.01324	0.01762	0.03563	0.01424	0.05821	0.01117	0.05315	0.03015	0.01263	0.00859	0.00826	0.05169	0.00215	0.22748	0.00435	0.00274	0.00694
6	0.60003	0.01063	0.00916	0.00783	0.01122	0.05620	0.00639	0.01812	0.01070	0.21184	0.01058	0.01080	0.00749	0.00526	0.00381	0.00160	0.00444	0.00345	0.00399	0.00646
7	0.85377	0.01007	0.00765	0.00685	0.01007	0.01168	0.00564	0.01531	0.00886	0.02336	0.00725	0.00846	0.00564	0.00483	0.00322	0.00161	0.00403	0.00282	0.00322	0.00564
8	0.00729	0.00553	0.00783	0.00778	0.00872	0.00598	0.01904	0.00880	0.00891	0.01226	0.02028	0.09519	0.11050	0.13302	0.51700	0.00646	0.01036	0.00732	0.00327	0.00443
9	0.00803	0.00649	0.01016	0.20521	0.01587	0.00776	0.00848	0.01029	0.00887	0.01239	0.01279	0.01883	0.01152	0.03069	0.60073	0.00673	0.01222	0.00534	0.00267	0.00493
10	0.01435	0.01077	0.01500	0.01258	0.01358	0.01390	0.01047	0.01571	0.00969	0.20430	0.01023	0.01296	0.00833	0.00845	0.01416	0.00211	0.60890	0.00473	0.00331	0.00648
11	0.64419	0.00889	0.00707	0.00646	0.00932	0.00988	0.00522	0.01337	0.00961	0.02107	0.01850	0.01876	0.19770	0.00690	0.00395	0.00165	0.00368	0.00484	0.00362	0.00533
12	0.01268	0.01600	0.21016	0.02483	0.48858	0.01257	0.01580	0.05997	0.07536	0.01818	0.01078	0.01294	0.00851	0.00501	0.00512	0.00159	0.00636	0.00455	0.00286	0.00815
13	0.00720	0.00572	0.00839	0.20431	0.01454	0.00605	0.00719	0.00876	0.01014	0.01332	0.02465	0.59196	0.05104	0.01347	0.00628	0.00201	0.00398	0.01217	0.00421	0.00462
14	0.00647	0.00504	0.00587	0.00618	0.00736	0.00445	0.00444	0.00789	0.01184	0.01523	0.19582	0.29672	0.38673	0.01368	0.00631	0.00185	0.00273	0.01191	0.00502	0.00445
15	0.00727	0.00492	0.00577	0.00607	0.00614	0.00485	0.00357	0.00749	0.00817	0.01089	0.01945	0.22682	0.02277	0.61901	0.02160	0.00432	0.00455	0.00936	0.00357	0.00342
16	0.01113	0.00961	0.01229	0.20504	0.01841	0.00878	0.00849	0.05662	0.03264	0.01710	0.00977	0.01190	0.00781	0.00442	0.00431	0.00108	0.00473	0.00364	0.00308	0.56914
17	0.06928	0.21143	0.06349	0.32926	0.10674	0.01392	0.02518	0.05131	0.01149	0.04516	0.02152	0.01235	0.00792	0.00509	0.00462	0.00153	0.00617	0.00413	0.00273	0.00665
18	0.01293	0.05271	0.55019	0.01411	0.02075	0.01344	0.03649	0.20207	0.01435	0.02038	0.01008	0.01135	0.00719	0.00524	0.00499	0.00161	0.00716	0.00408	0.00296	0.00793
19	0.00836	0.00612	0.00710	0.00634	0.00753	0.00560	0.00409	0.00904	0.00842	0.01191	0.01450	0.02754	0.01582	0.57150	0.06487	0.00418	0.00526	0.00635	0.00312	0.21234
20	0.01056	0.00926	0.01199	0.20472	0.01816	0.00809	0.00822	0.01316	0.01070	0.01606	0.00926	0.01156	0.00752	0.00419	0.00419	0.00101	0.00462	0.00347	0.00289	0.64037
21	0.00757	0.00507	0.00581	0.00581	0.00585	0.00512	0.00332	0.00766	0.00761	0.01019	0.01629	0.03342	0.01865	0.77946	0.06364	0.00521	0.00548	0.00748	0.00314	0.00323
22	0.01266	0.01226	0.02133	0.03059	0.71242	0.01219	0.06481	0.01578	0.01183	0.01688	0.01039	0.03607	0.00898	0.00496	0.00526	0.00158	0.00627	0.00503	0.00265	0.00805
23	0.01157	0.20975	0.01488	0.00801	0.01259	0.01032	0.00685	0.01373	0.01074	0.01580	0.00876	0.01019	0.00746	0.00400	0.00373	0.00086	0.00428	0.00301	0.00287	0.64059
24	0.01071	0.01363	0.20346	0.00948	0.01486	0.00822	0.00940	0.01395	0.01085	0.01685	0.00928	0.01085	0.00744	0.00413	0.00413	0.00099	0.00481	0.00327	0.00287	0.64084
25	0.03499	0.01195	0.01321	0.01117	0.03225	0.01301	0.00870	0.54445	0.02024	0.02740	0.01633	0.21050	0.01510	0.00867	0.00552	0.00170	0.00503	0.00715	0.00501	0.00763

[dist]
# distance from previous block
# <min> <max>
0	28

[block]
# block no. 4 follows, 47 sequences, length 7
# corresponding to MSA columns:
# 145-151
name=unknown_E
#
# <colnr> <probs for GDERKNQSTAVLIFYWHMCP>
#	G	D	E	R	K	N	Q	S	T	A	V	L	I	F	Y	W	H	M	C	P
0	0.00648	0.00529	0.00573	0.00562	0.00723	0.00454	0.00421	0.00811	0.01264	0.01590	0.24850	0.04711	0.58549	0.01251	0.00615	0.00173	0.00259	0.01057	0.00508	0.00454
1	0.00742	0.00559	0.00820	0.00827	0.00926	0.00636	0.00648	0.00929	0.00878	0.01241	0.01691	0.02437	0.05685	0.03616	0.70586	0.00765	0.01278	0.04971	0.00302	0.00464
2	0.00792	0.00575	0.00773	0.00839	0.00964	0.00556	0.00706	0.01023	0.01272	0.01687	0.23235	0.05264	0.10284	0.01327	0.00682	0.00214	0.00397	0.48427	0.00505	0.00479
3	0.00687	0.00538	0.00619	0.00662	0.00774	0.00500	0.00472	0.00890	0.06115	0.01432	0.06173	0.35220	0.34337	0.05814	0.00745	0.00210	0.00308	0.03572	0.00480	0.00454
4	0.01278	0.01195	0.01686	0.01365	0.01721	0.01301	0.21160	0.02472	0.57026	0.02041	0.01833	0.01798	0.01375	0.00635	0.00553	0.00176	0.00537	0.00596	0.00458	0.00792
5	0.01164	0.22699	0.01523	0.00803	0.01262	0.01061	0.00691	0.01378	0.01074	0.01570	0.00871	0.01014	0.00744	0.00402	0.00372	0.00086	0.00432	0.00300	0.00286	0.62269
6	0.01948	0.02393	0.01483	0.01329	0.01610	0.72864	0.01005	0.08533	0.01560	0.01448	0.00843	0.00966	0.00689	0.00544	0.00474	0.00136	0.00907	0.00347	0.00290	0.00628

[dist]
# distance from previous block
# <min> <max>
0	59

[block]
# block no. 5 follows, 47 sequences, length 39
# corresponding to MSA columns:
# 211-249
name=unknown_F
#
# <colnr> <probs for GDERKNQSTAVLIFYWHMCP>
#	G	D	E	R	K	N	Q	S	T	A	V	L	I	F	Y	W	H	M	C	P
0	0.81007	0.01003	0.00807	0.04815	0.01141	0.01168	0.00610	0.01520	0.00894	0.02284	0.00736	0.00874	0.00571	0.00485	0.00333	0.00162	0.00418	0.00291	0.00318	0.00565
1	0.01054	0.00924	0.01544	0.76329	0.03470	0.01137	0.01411	0.01393	0.01065	0.05343	0.00984	0.01408	0.00725	0.00527	0.00521	0.00173	0.00681	0.00466	0.00253	0.00594
2	0.00757	0.00505	0.00568	0.00568	0.00568	0.00505	0.00316	0.00757	0.00757	0.01010	0.01641	0.03408	0.01893	0.81698	0.02651	0.00505	0.00505	0.00757	0.00316	0.00316
3	0.01305	0.01237	0.02079	0.05269	0.73662	0.01248	0.01573	0.04242	0.01226	0.01747	0.00988	0.01290	0.00823	0.00471	0.00516	0.00155	0.00619	0.00464	0.00266	0.00820
4	0.01096	0.00804	0.00859	0.00782	0.01003	0.00864	0.00602	0.01891	0.35515	0.02050	0.10920	0.02119	0.01839	0.00692	0.00470	0.00148	0.00328	0.00575	0.31455	0.05987
5	0.09071	0.02323	0.01418	0.01286	0.01552	0.71015	0.00972	0.02013	0.01409	0.01365	0.00795	0.00936	0.00662	0.00541	0.00487	0.00139	0.02811	0.00334	0.00272	0.00600
6	0.01300	0.01120	0.01288	0.01315	0.10547	0.01266	0.00924	0.05680	0.61266	0.02136	0.01980	0.02039	0.01541	0.00712	0.00538	0.00176	0.00447	0.04419	0.00494	0.00809
7	0.01019	0.00962	0.01626	0.71500	0.12257	0.01166	0.01464	0.01362	0.01058	0.01373	0.00932	0.01377	0.00709	0.00514	0.00520	0.00171	0.00685	0.00463	0.00234	0.00607
8	0.00634	0.00453	0.00604	0.00725	0.00755	0.00423	0.00483	0.00725	0.00997	0.01329	0.02870	0.81358	0.03444	0.01632	0.00665	0.00211	0.00302	0.01480	0.00483	0.00423
9	0.00971	0.00485	0.00485	0.00485	0.00607	0.00485	0.00364	0.01213	0.01092	0.01942	0.01699	0.01942	0.01335	0.00607	0.00364	0.00121	0.00243	0.00485	0.84589	0.00485
10	0.00634	0.00453	0.00604	0.00725	0.00755	0.00423	0.00483	0.00725	0.00997	0.01329	0.02870	0.81358	0.03444	0.01632	0.00665	0.00211	0.00302	0.01480	0.00483	0.00423
11	0.01980	0.01459	0.01563	0.01198	0.01615	0.01615	0.00990	0.76713	0.02448	0.03282	0.01250	0.01250	0.00886	0.00625	0.00521	0.00156	0.00573	0.00469	0.00521	0.00886
12	0.00615	0.00528	0.00528	0.00528	0.00703	0.00440	0.00396	0.00747	0.01187	0.01407	0.05276	0.05012	0.78238	0.01319	0.00615	0.00176	0.00264	0.01099	0.00484	0.00440
13	0.01737	0.01338	0.01426	0.01149	0.01523	0.01502	0.00931	0.50529	0.29027	0.02891	0.01558	0.01496	0.01135	0.00654	0.00524	0.00163	0.00516	0.00511	0.00524	0.00864
14	0.01392	0.82012	0.02729	0.00891	0.01337	0.02061	0.00891	0.01559	0.01058	0.01225	0.00724	0.00835	0.00668	0.00446	0.00334	0.00111	0.00557	0.00278	0.00223	0.00668
15	0.00756	0.00510	0.00594	0.00594	0.00604	0.00519	0.00349	0.00774	0.00765	0.01029	0.01617	0.03274	0.01835	0.74041	0.10228	0.00538	0.00592	0.00738	0.00312	0.00330
16	0.01139	0.01139	0.01595	0.01367	0.01367	0.01595	0.01139	0.01253	0.00798	0.01253	0.00684	0.01139	0.00684	0.00911	0.01709	0.00228	0.80745	0.00456	0.00228	0.00570
17	0.01080	0.00926	0.01080	0.00771	0.01234	0.00694	0.00617	0.01311	0.01080	0.01697	0.00926	0.01080	0.00771	0.00386	0.00386	0.00077	0.00386	0.00309	0.00309	0.84882
18	0.01348	0.71851	0.12500	0.00967	0.01454	0.01952	0.01023	0.01571	0.01063	0.01280	0.00751	0.00869	0.00667	0.00452	0.00355	0.00118	0.00584	0.00292	0.00222	0.00681
19	0.01290	0.01104	0.01173	0.01054	0.01343	0.01277	0.00821	0.04677	0.72235	0.02167	0.02065	0.01929	0.01559	0.00840	0.03889	0.00204	0.00458	0.00584	0.00519	0.00811
20	0.00905	0.00452	0.00678	0.00678	0.00678	0.00452	0.00452	0.00678	0.00678	0.00905	0.00905	0.01583	0.00905	0.01809	0.02035	0.84848	0.00452	0.00452	0.00226	0.00226
21	0.01945	0.02482	0.01476	0.01342	0.01610	0.79608	0.01006	0.02079	0.01476	0.01275	0.00805	0.00939	0.00671	0.00537	0.00470	0.00134	0.00939	0.00335	0.00268	0.00604
22	0.01080	0.00926	0.01080	0.00771	0.01234	0.00694	0.00617	0.01311	0.01080	0.01697	0.00926	0.01080	0.00771	0.00386	0.00386	0.00077	0.00386	0.00309	0.00309	0.84882
23	0.02179	0.00921	0.01204	0.00947	0.01333	0.00846	0.00774	0.02573	0.13007	0.67201	0.02064	0.01798	0.01335	0.00654	0.00525	0.00163	0.00438	0.00534	0.00627	0.00877
24	0.00905	0.00452	0.00678	0.00678	0.00678	0.00452	0.00452	0.00678	0.00678	0.00905	0.00905	0.01583	0.00905	0.01809	0.02035	0.84848	0.00452	0.00452	0.00226	0.00226
25	0.04836	0.01450	0.01438	0.01133	0.01509	0.08185	0.00924	0.61401	0.02197	0.02965	0.01231	0.01267	0.00893	0.00611	0.00497	0.00152	0.00571	0.00452	0.07471	0.00817
26	0.00869	0.00562	0.00733	0.00673	0.00822	0.00513	0.00511	0.01106	0.01463	0.08629	0.68436	0.03758	0.07842	0.01040	0.00607	0.00164	0.00263	0.00913	0.00575	0.00523
27	0.14652	0.01329	0.01404	0.01091	0.01492	0.01457	0.00901	0.57399	0.02109	0.11208	0.01257	0.01245	0.00880	0.00606	0.00491	0.00158	0.00533	0.00446	0.00504	0.00837
28	0.01384	0.01099	0.01180	0.01048	0.01352	0.01250	0.00819	0.02748	0.70999	0.08741	0.02114	0.01928	0.01564	0.00701	0.00529	0.00175	0.00415	0.00583	0.00540	0.00830
29	0.00615	0.00528	0.00528	0.00528	0.00703	0.00440	0.00396	0.00747	0.01187	0.01407	0.05276	0.05012	0.78238	0.01319	0.00615	0.00176	0.00264	0.01099	0.00484	0.00440
30	0.00634	0.00453	0.00604	0.00725	0.00755	0.00423	0.00483	0.00725	0.00997	0.01329	0.02870	0.81358	0.03444	0.01632	0.00665	0.00211	0.00302	0.01480	0.00483	0.00423
31	0.01233	0.01030	0.01101	0.01005	0.01274	0.01171	0.00775	0.02498	0.65864	0.03827	0.02321	0.08875	0.05107	0.00811	0.00545	0.00179	0.00397	0.00686	0.00527	0.00774
32	0.85377	0.01007	0.00765	0.00685	0.01007	0.01168	0.00564	0.01531	0.00886	0.02336	0.00725	0.00846	0.00564	0.00483	0.00322	0.00161	0.00403	0.00282	0.00322	0.00564
33	0.00634	0.00453	0.00604	0.00725	0.00755	0.00423	0.00483	0.00725	0.00997	0.01329	0.02870	0.81358	0.03444	0.01632	0.00665	0.00211	0.00302	0.01480	0.00483	0.00423
34	0.00685	0.00535	0.00816	0.00851	0.00924	0.00500	0.06998	0.00806	0.01017	0.01358	0.02715	0.74511	0.03217	0.01529	0.00660	0.00208	0.00351	0.01406	0.00465	0.00447
35	0.01980	0.01459	0.01563	0.01198	0.01615	0.01615	0.00990	0.76713	0.02448	0.03282	0.01250	0.01250	0.00886	0.00625	0.00521	0.00156	0.00573	0.00469	0.00521	0.00886
36	0.00752	0.00506	0.00567	0.00567	0.00573	0.00502	0.00318	0.00757	0.00773	0.01024	0.01773	0.03466	0.04679	0.78765	0.02576	0.00493	0.00496	0.00770	0.00322	0.00320
37	0.00839	0.00599	0.00839	0.00959	0.01079	0.00599	0.00839	0.01079	0.01199	0.01558	0.02757	0.05874	0.02997	0.01439	0.00719	0.00240	0.00480	0.74945	0.00480	0.00480
38	0.00830	0.00545	0.00693	0.00703	0.00832	0.00495	0.00527	0.01003	0.01252	0.08251	0.28064	0.27031	0.18278	0.01281	0.00632	0.00187	0.00305	0.08071	0.00526	0.00494

[dist]
# distance from previous block
# <min> <max>
0	8

[block]
# block no. 6 follows, 47 sequences, length 59
# corresponding to MSA columns:
# 258-316
name=unknown_G
#
# <colnr> <probs for GDERKNQSTAVLIFYWHMCP>
#	G	D	E	R	K	N	Q	S	T	A	V	L	I	F	Y	W	H	M	C	P
0	0.01045	0.02694	0.79000	0.01484	0.02254	0.01209	0.01924	0.01649	0.01099	0.01649	0.00935	0.01099	0.00660	0.00495	0.00495	0.00165	0.00770	0.00385	0.00220	0.00770
1	0.01411	0.01337	0.01844	0.09438	0.47356	0.08254	0.01377	0.11500	0.08892	0.01883	0.01107	0.01326	0.00883	0.00520	0.00514	0.00157	0.00628	0.00465	0.00317	0.00791
2	0.21198	0.01231	0.01212	0.01014	0.01356	0.03826	0.00816	0.27931	0.26978	0.04955	0.03398	0.01460	0.01154	0.00628	0.00478	0.00164	0.00479	0.00475	0.00475	0.00771
3	0.01171	0.00959	0.01141	0.05046	0.01387	0.00781	0.00690	0.06289	0.01180	0.04083	0.00981	0.01128	0.00790	0.00416	0.00406	0.00090	0.00416	0.00334	0.00328	0.72383
4	0.01344	0.01084	0.01162	0.01041	0.01335	0.01235	0.00810	0.02691	0.70242	0.07174	0.02138	0.04305	0.01625	0.00730	0.00534	0.00177	0.00411	0.00611	0.00536	0.00816
5	0.00734	0.00483	0.00650	0.00745	0.00799	0.00453	0.00512	0.00837	0.01022	0.05456	0.02773	0.72651	0.03245	0.01653	0.03395	0.00231	0.00352	0.03073	0.00485	0.00450
6	0.85377	0.01007	0.00765	0.00685	0.01007	0.01168	0.00564	0.01531	0.00886	0.02336	0.00725	0.00846	0.00564	0.00483	0.00322	0.00161	0.00403	0.00282	0.00322	0.00564
7	0.02003	0.01421	0.01540	0.01180	0.01596	0.01559	0.00975	0.71854	0.02386	0.08230	0.01303	0.01285	0.00912	0.00626	0.00521	0.00157	0.00565	0.00472	0.00529	0.00886
8	0.00645	0.00523	0.00539	0.00540	0.00704	0.00445	0.00403	0.00790	0.01193	0.01480	0.09681	0.07521	0.66160	0.01271	0.00602	0.00173	0.00263	0.01066	0.05556	0.00445
9	0.01172	0.06278	0.59035	0.01446	0.02105	0.11239	0.05685	0.01673	0.01155	0.01575	0.01048	0.01204	0.03064	0.00520	0.00494	0.00159	0.00771	0.00408	0.00237	0.00730
10	0.01448	0.01194	0.01263	0.01091	0.01412	0.01366	0.00861	0.19219	0.60809	0.02424	0.01926	0.01789	0.01433	0.00688	0.00528	0.00172	0.00448	0.00562	0.00528	0.00838
11	0.01662	0.01295	0.01386	0.01118	0.01491	0.01434	0.00903	0.43828	0.30725	0.02761	0.01558	0.01501	0.01144	0.00640	0.00515	0.00159	0.00500	0.00504	0.00510	0.06366
12	0.01339	0.54157	0.14549	0.01133	0.03989	0.04495	0.03658	0.01705	0.07976	0.01410	0.00905	0.01014	0.00759	0.00480	0.00397	0.00130	0.00604	0.00343	0.00254	0.00702
13	0.00871	0.04958	0.00896	0.00780	0.00886	0.03009	0.00586	0.00996	0.00890	0.03637	0.01670	0.02447	0.06823	0.21883	0.43059	0.02430	0.02802	0.00617	0.00308	0.00453
14	0.01147	0.13836	0.34804	0.05510	0.01933	0.01321	0.07485	0.01839	0.18952	0.01704	0.03918	0.01476	0.02691	0.00571	0.00497	0.00161	0.00631	0.00474	0.00315	0.00735
15	0.01289	0.01237	0.02114	0.03196	0.78450	0.01237	0.01598	0.01598	0.01186	0.01701	0.00980	0.01289	0.00825	0.00464	0.00516	0.00155	0.00619	0.00464	0.00258	0.00825
16	0.01069	0.01036	0.01811	0.49553	0.16884	0.01167	0.11547	0.01449	0.03529	0.01477	0.01147	0.01578	0.02962	0.00545	0.00539	0.00172	0.00680	0.01950	0.00262	0.00642
17	0.01109	0.01150	0.02326	0.03329	0.06766	0.01108	0.49187	0.01446	0.01159	0.01594	0.01437	0.09871	0.03557	0.00691	0.00683	0.02659	0.03490	0.03267	0.04535	0.00634
18	0.00662	0.00472	0.00627	0.00719	0.00753	0.00460	0.00483	0.00753	0.00949	0.01276	0.02548	0.62593	0.03005	0.11617	0.10169	0.00320	0.00455	0.01284	0.00439	0.00415
19	0.02318	0.00916	0.01227	0.00941	0.01344	0.00809	0.00777	0.06352	0.01540	0.74926	0.02013	0.01746	0.01268	0.00644	0.00524	0.00161	0.00450	0.00521	0.00638	0.00886
20	0.05836	0.01005	0.07614	0.04965	0.06325	0.00903	0.03523	0.05316	0.01218	0.22670	0.04262	0.07216	0.05185	0.03385	0.09271	0.02063	0.05239	0.02924	0.00420	0.00662
21	0.01271	0.03378	0.06760	0.02216	0.19124	0.06118	0.42578	0.01636	0.01183	0.01601	0.00973	0.01296	0.00771	0.00498	0.00673	0.00171	0.08254	0.00529	0.00256	0.00714
22	0.01980	0.01459	0.01563	0.01198	0.01615	0.01615	0.00990	0.76713	0.02448	0.03282	0.01250	0.01250	0.00886	0.00625	0.00521	0.00156	0.00573	0.00469	0.00521	0.00886
23	0.06274	0.00514	0.00642	0.00734	0.00797	0.00497	0.00502	0.01938	0.01022	0.03078	0.02688	0.73173	0.03171	0.01520	0.00637	0.00206	0.00316	0.01366	0.00477	0.00449
24	0.01470	0.04380	0.40312	0.01396	0.08156	0.01944	0.01418	0.02725	0.03758	0.23691	0.02151	0.01357	0.00938	0.00545	0.00498	0.00158	0.00626	0.00438	0.00365	0.03673
25	0.00748	0.00515	0.00612	0.00612	0.00637	0.00527	0.00377	0.00786	0.00793	0.01064	0.01781	0.03256	0.05629	0.64349	0.15719	0.00545	0.00645	0.00740	0.00318	0.00347
26	0.01945	0.02482	0.01476	0.01342	0.01610	0.79608	0.01006	0.02079	0.01476	0.01275	0.00805	0.00939	0.00671	0.00537	0.00470	0.00134	0.00939	0.00335	0.00268	0.00604
27	0.00640	0.00468	0.00604	0.00708	0.00759	0.00431	0.00484	0.00743	0.01033	0.01357	0.04337	0.68886	0.12230	0.01580	0.00660	0.00207	0.00302	0.03658	0.00485	0.00428
28	0.03753	0.01227	0.01914	0.18038	0.54684	0.04080	0.01484	0.05561	0.01227	0.01716	0.00970	0.01281	0.00789	0.00487	0.00510	0.00158	0.00636	0.00454	0.00269	0.00764
29	0.01540	0.60813	0.02395	0.01011	0.01409	0.22731	0.00922	0.01698	0.01169	0.01238	0.00746	0.00863	0.00669	0.00470	0.00370	0.00117	0.00659	0.00294	0.00235	0.00651
30	0.01271	0.01368	0.08987	0.05189	0.50091	0.02957	0.04023	0.04334	0.03851	0.01731	0.01007	0.01270	0.00820	0.00493	0.00547	0.00153	0.03400	0.00450	0.00276	0.07780
31	0.00959	0.00894	0.03368	0.00985	0.01189	0.03559	0.07378	0.01445	0.16617	0.01822	0.28969	0.10006	0.08213	0.00988	0.00671	0.00181	0.05549	0.06150	0.00473	0.00583
32	0.00757	0.00505	0.00568	0.00568	0.00568	0.00505	0.00316	0.00757	0.00757	0.01010	0.01641	0.03408	0.01893	0.81698	0.02651	0.00505	0.00505	0.00757	0.00316	0.00316
33	0.02061	0.00638	0.00619	0.05410	0.00857	0.05216	0.00474	0.01269	0.01121	0.01874	0.03869	0.01893	0.01354	0.00609	0.00387	0.00127	0.00313	0.00486	0.70922	0.00499
34	0.01072	0.08982	0.72953	0.01437	0.02181	0.01277	0.01842	0.01642	0.01096	0.01616	0.00918	0.01079	0.00660	0.00491	0.00482	0.00161	0.00753	0.00376	0.00220	0.00762
35	0.00657	0.00476	0.00624	0.00737	0.00776	0.00453	0.00495	0.00796	0.03648	0.01359	0.02844	0.78606	0.03380	0.01599	0.00660	0.00210	0.00306	0.01450	0.00485	0.00437
36	0.00757	0.00505	0.00568	0.00568	0.00568	0.00505	0.00316	0.00757	0.00757	0.01010	0.01641	0.03408	0.01893	0.81698	0.02651	0.00505	0.00505	0.00757	0.00316	0.00316
37	0.01080	0.00926	0.01080	0.00771	0.01234	0.00694	0.00617	0.01311	0.01080	0.01697	0.00926	0.01080	0.00771	0.00386	0.00386	0.00077	0.00386	0.00309	0.00309	0.84882
38	0.01220	0.36869	0.38330	0.01186	0.01768	0.01586	0.01369	0.01720	0.08601	0.01518	0.00960	0.01068	0.00755	0.00494	0.00429	0.00143	0.00642	0.00359	0.00252	0.00731
39	0.00840	0.00680	0.02226	0.00752	0.00922	0.00647	0.00581	0.01256	0.15530	0.03681	0.18883	0.18651	0.24036	0.01313	0.04580	0.00215	0.00375	0.03793	0.00500	0.00540
40	0.01094	0.00639	0.00809	0.00717	0.00903	0.00601	0.00554	0.03912	0.03846	0.15305	0.52878	0.03191	0.03712	0.00923	0.00569	0.00159	0.00296	0.00800	0.08510	0.00583
41	0.01246	0.08898	0.42122	0.01288	0.01854	0.03693	0.04018	0.05277	0.13621	0.06390	0.01383	0.03136	0.03612	0.00592	0.00501	0.00162	0.00646	0.00476	0.00328	0.00756
42	0.01236	0.04965	0.51665	0.01596	0.11282	0.04085	0.01641	0.07152	0.03879	0.04635	0.01069	0.02615	0.00802	0.00534	0.00498	0.00161	0.00703	0.00427	0.00279	0.00775
43	0.00654	0.00530	0.00552	0.00559	0.00726	0.00455	0.00427	0.00803	0.01193	0.01470	0.07558	0.04866	0.66424	0.01280	0.00609	0.00177	0.00277	0.06029	0.04965	0.00447
44	0.01278	0.01428	0.07578	0.15123	0.45308	0.08626	0.09935	0.01612	0.01189	0.01594	0.00960	0.01271	0.00774	0.00479	0.00522	0.00159	0.00701	0.00463	0.00252	0.00747
45	0.01484	0.08912	0.05529	0.04460	0.17351	0.01226	0.20233	0.05803	0.04364	0.17723	0.02945	0.03585	0.01074	0.00569	0.00557	0.00163	0.02355	0.00536	0.00371	0.00761
46	0.01145	0.04515	0.33440	0.09730	0.24544	0.01202	0.03566	0.05528	0.01204	0.01704	0.03400	0.03285	0.03337	0.00561	0.00514	0.00162	0.00661	0.00487	0.00274	0.00741
47	0.00777	0.00686	0.01179	0.01048	0.01211	0.00637	0.18235	0.00961	0.01092	0.01455	0.06655	0.52253	0.09090	0.01297	0.00646	0.00198	0.00430	0.01218	0.00437	0.00493
48	0.01246	0.01624	0.25940	0.12723	0.27869	0.01188	0.06171	0.04383	0.03447	0.06687	0.03052	0.01366	0.00913	0.00520	0.00520	0.00163	0.00663	0.00468	0.00293	0.00764
49	0.04280	0.03916	0.07604	0.21292	0.20121	0.01119	0.05456	0.03892	0.01221	0.16059	0.03875	0.03851	0.01092	0.00595	0.00547	0.00166	0.02423	0.01423	0.00349	0.00718
50	0.01033	0.01129	0.06771	0.46682	0.05603	0.01147	0.17727	0.01438	0.03754	0.01473	0.01338	0.01673	0.06813	0.00568	0.00547	0.00173	0.00693	0.00545	0.00269	0.00624
51	0.01420	0.08463	0.20246	0.03368	0.19511	0.05824	0.15984	0.08197	0.01315	0.09135	0.01077	0.01253	0.00804	0.00501	0.00513	0.00157	0.00698	0.00458	0.00307	0.00769
52	0.01265	0.04937	0.59537	0.01436	0.04664	0.03476	0.01674	0.01801	0.03119	0.11660	0.01101	0.01202	0.00771	0.00518	0.00494	0.00162	0.00711	0.00406	0.00286	0.00780
53	0.01209	0.00896	0.07764	0.00930	0.01164	0.02707	0.03105	0.01441	0.03606	0.21613	0.04096	0.35759	0.06679	0.01122	0.00632	0.00188	0.02862	0.03134	0.00486	0.00609
54	0.01412	0.03403	0.19426	0.04947	0.13091	0.11220	0.05302	0.13617	0.01393	0.06751	0.02695	0.06010	0.01077	0.00646	0.00584	0.00165	0.04701	0.02495	0.00339	0.00725
55	0.01381	0.01440	0.11616	0.04775	0.15951	0.09880	0.06797	0.10693	0.07680	0.07412	0.01443	0.09333	0.02653	0.00681	0.00574	0.00166	0.03516	0.00579	0.02708	0.00720
56	0.01302	0.01314	0.06990	0.28619	0.09036	0.09202	0.14334	0.04036	0.03846	0.08159	0.03817	0.01579	0.01018	0.00573	0.00555	0.00168	0.01780	0.02679	0.00316	0.00675
57	0.01571	0.03997	0.01273	0.00999	0.01333	0.14306	0.03381	0.08925	0.07094	0.20275	0.06359	0.07362	0.05219	0.00700	0.00508	0.00146	0.00516	0.00571	0.00452	0.15014
58	0.04124	0.03383	0.14109	0.20243	0.02218	0.02605	0.15374	0.01642	0.07011	0.08878	0.03928	0.06569	0.01150	0.00623	0.00572	0.00170	0.03369	0.00558	0.00331	0.03142

[dist]
# distance from previous block
# <min> <max>
3	58

[block]
# block no. 7 follows, 47 sequences, length 33
# corresponding to MSA columns:
# 379-411
name=unknown_H
#
# <colnr> <probs for GDERKNQSTAVLIFYWHMCP>
#	G	D	E	R	K	N	Q	S	T	A	V	L	I	F	Y	W	H	M	C	P
0	0.07615	0.01162	0.01226	0.09733	0.01531	0.14587	0.05011	0.09469	0.04818	0.09742	0.01557	0.16972	0.01442	0.03845	0.00628	0.00180	0.02291	0.01329	0.04522	0.02341
1	0.12475	0.06263	0.10575	0.06200	0.01796	0.13660	0.17430	0.03758	0.01219	0.05428	0.01535	0.04602	0.09040	0.00648	0.00512	0.00163	0.00652	0.02354	0.00326	0.01363
2	0.03051	0.14017	0.06892	0.06005	0.01747	0.03173	0.17770	0.12130	0.05062	0.01799	0.06525	0.07479	0.04918	0.03071	0.00611	0.00171	0.02242	0.00604	0.00352	0.02380
3	0.07637	0.08887	0.01439	0.05239	0.01455	0.05338	0.09410	0.05703	0.05971	0.18412	0.07122	0.03124	0.01482	0.11620	0.00799	0.00207	0.00539	0.03216	0.00417	0.01984
4	0.05715	0.04554	0.09765	0.07991	0.05202	0.12883	0.09008	0.15129	0.04921	0.01928	0.06806	0.01393	0.01093	0.00579	0.00551	0.00154	0.04135	0.00466	0.00342	0.07384
5	0.03215	0.07722	0.13977	0.15153	0.01953	0.15054	0.03537	0.10481	0.05881	0.05567	0.07490	0.01442	0.01139	0.00604	0.00559	0.00160	0.04579	0.00466	0.00339	0.00682
6	0.07733	0.15428	0.11102	0.01440	0.09698	0.17127	0.06142	0.11754	0.01322	0.01733	0.00977	0.04615	0.00838	0.00590	0.00572	0.00155	0.07349	0.00438	0.00298	0.00689
7	0.06887	0.01201	0.01641	0.05506	0.01697	0.09796	0.20011	0.06931	0.01189	0.01694	0.01169	0.07708	0.01031	0.00761	0.03151	0.00187	0.13158	0.00550	0.09174	0.06556
8	0.17373	0.01300	0.01195	0.04716	0.01413	0.12662	0.00822	0.25115	0.13322	0.02282	0.05473	0.04065	0.03620	0.03728	0.00570	0.00174	0.00537	0.00519	0.00427	0.00689
9	0.07441	0.05415	0.01195	0.09293	0.01459	0.13336	0.00807	0.10501	0.01319	0.07163	0.01739	0.14239	0.07177	0.00807	0.00512	0.00158	0.00526	0.04943	0.00390	0.11581
10	0.05017	0.00690	0.00843	0.09169	0.01172	0.03637	0.00662	0.01117	0.06571	0.03298	0.04383	0.31178	0.03750	0.05810	0.08521	0.07961	0.00521	0.04822	0.00399	0.00479
11	0.32168	0.01099	0.01371	0.01120	0.01390	0.05999	0.15360	0.01409	0.00979	0.01740	0.01005	0.04839	0.00916	0.06728	0.06097	0.00240	0.11726	0.00481	0.00297	0.05034
12	0.26589	0.01371	0.01260	0.01032	0.01382	0.10526	0.00838	0.38865	0.01741	0.04475	0.01072	0.01160	0.00803	0.00792	0.05724	0.00201	0.00617	0.00405	0.00419	0.00729
13	0.01307	0.00670	0.00837	0.00737	0.00951	0.00614	0.00561	0.01529	0.05477	0.28053	0.14049	0.09352	0.16072	0.08254	0.00815	0.03941	0.00363	0.00789	0.05025	0.00602
14	0.00754	0.00535	0.00719	0.00737	0.00838	0.00514	0.03845	0.00902	0.01037	0.01449	0.02716	0.34307	0.14144	0.04565	0.07886	0.02322	0.00435	0.06429	0.15419	0.00448
15	0.01709	0.01036	0.01193	0.00995	0.01322	0.01092	0.00788	0.11992	0.35612	0.29163	0.01951	0.01901	0.01416	0.06574	0.00681	0.00192	0.00450	0.00563	0.00553	0.00817
16	0.01844	0.02318	0.01485	0.09666	0.01818	0.71352	0.01053	0.02001	0.01430	0.01280	0.00818	0.00986	0.00673	0.00535	0.00475	0.00138	0.00913	0.00349	0.00264	0.00601
17	0.00692	0.00485	0.00600	0.00665	0.00742	0.00450	0.00467	0.00829	0.01100	0.01506	0.13175	0.46004	0.14500	0.03830	0.00681	0.00200	0.00295	0.03996	0.09341	0.00440
18	0.00952	0.00563	0.00657	0.00611	0.00753	0.00516	0.00441	0.01104	0.01175	0.11430	0.20391	0.03485	0.21321	0.20387	0.01054	0.00242	0.00337	0.00814	0.13282	0.00486
19	0.00721	0.00534	0.00667	0.00646	0.00773	0.00489	0.00487	0.00933	0.01367	0.01871	0.55486	0.04215	0.18914	0.04906	0.00716	0.00187	0.00277	0.05800	0.00538	0.00472
20	0.00679	0.00503	0.00594	0.00651	0.00746	0.00460	0.00467	0.00801	0.01076	0.01392	0.04853	0.33291	0.30112	0.09222	0.00831	0.00225	0.00323	0.08948	0.04398	0.00429
21	0.00838	0.00562	0.00668	0.00628	0.00799	0.00493	0.00475	0.01022	0.01328	0.09406	0.34944	0.07193	0.37397	0.01159	0.00608	0.00171	0.00276	0.00992	0.00537	0.00505
22	0.64987	0.00948	0.00785	0.00694	0.00998	0.01064	0.00566	0.04924	0.01024	0.06029	0.01219	0.01296	0.06330	0.00568	0.00366	0.00159	0.00390	0.00377	0.06698	0.00579
23	0.00731	0.00506	0.00581	0.00586	0.00620	0.00490	0.00357	0.00779	0.00902	0.01198	0.10762	0.09646	0.10388	0.57955	0.02053	0.00409	0.00435	0.00870	0.00375	0.00357
24	0.08173	0.00873	0.01120	0.00886	0.01252	0.00795	0.00724	0.02320	0.05465	0.61832	0.06615	0.01956	0.04222	0.00685	0.00518	0.00163	0.00420	0.00555	0.00605	0.00820
25	0.01464	0.00693	0.00888	0.00753	0.01007	0.00607	0.00588	0.01639	0.01345	0.38172	0.16860	0.07211	0.19176	0.06321	0.00710	0.00190	0.00363	0.00795	0.00565	0.00652
26	0.00734	0.00504	0.00566	0.00574	0.00595	0.00493	0.00335	0.00754	0.00818	0.01073	0.02105	0.08767	0.10030	0.67909	0.02304	0.00451	0.00466	0.00841	0.00344	0.00336
27	0.05042	0.00847	0.01131	0.00885	0.01251	0.00746	0.00725	0.02313	0.01467	0.66793	0.11282	0.01998	0.01705	0.00690	0.00528	0.00161	0.00418	0.00566	0.00625	0.00827
28	0.00742	0.00516	0.00674	0.00692	0.00752	0.00541	0.00484	0.00860	0.00900	0.01271	0.05621	0.16329	0.04264	0.26679	0.30679	0.00524	0.00763	0.00807	0.06487	0.00414
29	0.01126	0.00795	0.00917	0.00853	0.01065	0.00829	0.00664	0.01778	0.29385	0.10613	0.12662	0.03316	0.12540	0.09458	0.00802	0.00217	0.00393	0.11442	0.00513	0.00632
30	0.00905	0.00570	0.00750	0.00684	0.00836	0.00520	0.00520	0.01146	0.01476	0.10162	0.70165	0.03667	0.04532	0.01020	0.00605	0.00164	0.00266	0.00898	0.00581	0.00533
31	0.10169	0.01319	0.01793	0.11998	0.46770	0.10709	0.01369	0.01594	0.01146	0.01642	0.00905	0.01202	0.00754	0.00512	0.00570	0.00160	0.05977	0.00429	0.00261	0.00724
32	0.00880	0.00737	0.01140	0.01310	0.14777	0.00850	0.00868	0.01081	0.00895	0.01301	0.01250	0.01821	0.01155	0.02994	0.57773	0.00655	0.09171	0.00531	0.00270	0.00539

[dist]
# distance from previous block
# <min> <max>
0	1

[block]
# block no. 8 follows, 47 sequences, length 8
# corresponding to MSA columns:
# 413-420
name=unknown_I
#
# <colnr> <probs for GDERKNQSTAVLIFYWHMCP>
#	G	D	E	R	K	N	Q	S	T	A	V	L	I	F	Y	W	H	M	C	P
0	0.00727	0.00520	0.00672	0.00654	0.00754	0.00485	0.00472	0.00930	0.01344	0.01888	0.61509	0.12817	0.04430	0.09495	0.00831	0.00205	0.00279	0.00985	0.00536	0.00465
1	0.00695	0.00511	0.00676	0.00746	0.00830	0.00492	0.00557	0.00850	0.01103	0.01469	0.13174	0.38660	0.12638	0.01745	0.09812	0.00278	0.00448	0.14395	0.00471	0.00449
2	0.01239	0.01264	0.10553	0.22092	0.23440	0.01177	0.01307	0.16712	0.01389	0.01893	0.04725	0.03705	0.04488	0.00650	0.00573	0.02625	0.00600	0.00532	0.00329	0.00707
3	0.06032	0.01484	0.09336	0.01110	0.01476	0.10871	0.00959	0.30434	0.15404	0.05257	0.01448	0.06227	0.01144	0.00669	0.00502	0.00160	0.00559	0.00520	0.05650	0.00758
4	0.10864	0.00844	0.00850	0.00788	0.01009	0.05529	0.00612	0.04619	0.10059	0.09794	0.12587	0.11010	0.23084	0.01010	0.00560	0.00175	0.00384	0.05155	0.00487	0.00581
5	0.01831	0.10526	0.01483	0.01126	0.05438	0.07026	0.00876	0.21727	0.01600	0.29715	0.01541	0.06378	0.01174	0.00890	0.06089	0.00203	0.00595	0.00525	0.00479	0.00778
6	0.01266	0.01310	0.06716	0.01596	0.06542	0.04683	0.28962	0.05102	0.13970	0.05041	0.01646	0.01905	0.07241	0.00658	0.00629	0.01623	0.03346	0.03537	0.00359	0.03869
7	0.01187	0.22567	0.41701	0.01311	0.01903	0.01448	0.06452	0.01811	0.13665	0.01629	0.01084	0.01191	0.00824	0.00513	0.00468	0.00154	0.00664	0.00407	0.00275	0.00748

[dist]
# distance from previous block
# <min> <max>
0	449

# created by:
# /home/cegg/simao/soft/augustus-3.2.1/scripts/msa2prfl.pl ./align_prep/EOG091G0IUT.fa
