[name]
unknown

[dist]
# distance from previous block
# <min> <max>
0	74

[block]
# block no. 0 follows, 53 sequences, length 54
# corresponding to MSA columns:
# 75-116,118-129
name=unknown_A
#
# <colnr> <probs for GDERKNQSTAVLIFYWHMCP>
#	G	D	E	R	K	N	Q	S	T	A	V	L	I	F	Y	W	H	M	C	P
0	0.00833	0.00583	0.00770	0.00829	0.00957	0.00580	0.00705	0.04782	0.01143	0.03484	0.04403	0.04841	0.08843	0.06323	0.00747	0.00223	0.00424	0.58635	0.00439	0.00456
1	0.01655	0.02035	0.01306	0.01174	0.01415	0.67750	0.00889	0.03731	0.01303	0.01231	0.00785	0.00944	0.00661	0.00690	0.05477	0.00164	0.03465	0.00326	0.00253	0.04743
2	0.00573	0.00485	0.00495	0.00493	0.00650	0.00407	0.00369	0.00701	0.01108	0.01336	0.10197	0.04526	0.74645	0.01194	0.00565	0.00161	0.00241	0.00998	0.00450	0.00407
3	0.00955	0.00932	0.01432	0.73088	0.03077	0.05016	0.01290	0.01250	0.00961	0.01214	0.00830	0.01240	0.00635	0.00501	0.00543	0.00161	0.05711	0.00419	0.00214	0.00532
4	0.01220	0.05137	0.00913	0.00765	0.00949	0.26403	0.02421	0.02918	0.01141	0.01572	0.01231	0.01414	0.00980	0.00526	0.00372	0.00117	0.00461	0.00395	0.50566	0.00500
5	0.01967	0.00912	0.06022	0.00881	0.01253	0.00739	0.00761	0.03775	0.03064	0.68435	0.01845	0.05562	0.01243	0.00628	0.00485	0.00151	0.00421	0.00516	0.00556	0.00785
6	0.01121	0.03723	0.01668	0.32667	0.25008	0.05066	0.07268	0.03498	0.12312	0.01495	0.01026	0.01282	0.00799	0.00482	0.00477	0.00151	0.00597	0.00442	0.00269	0.00649
7	0.01032	0.00922	0.00990	0.00758	0.01135	0.04652	0.00599	0.01398	0.12257	0.01585	0.01249	0.01322	0.05727	0.00456	0.00390	0.00092	0.00375	0.00366	0.00320	0.64374
8	0.01177	0.16196	0.52376	0.01236	0.01827	0.04474	0.04151	0.03879	0.01087	0.08005	0.00917	0.01026	0.00665	0.00461	0.00435	0.00142	0.00652	0.00355	0.00246	0.00694
9	0.01278	0.83490	0.02505	0.00818	0.01227	0.01891	0.00818	0.01431	0.00971	0.01125	0.00664	0.00767	0.00613	0.00409	0.00307	0.00102	0.00511	0.00256	0.00204	0.00613
10	0.00582	0.00416	0.00555	0.00666	0.00693	0.00388	0.00444	0.00666	0.00915	0.01220	0.02634	0.82891	0.03161	0.01497	0.00610	0.00194	0.00277	0.01359	0.00444	0.00388
11	0.00729	0.00524	0.00721	0.00827	0.00924	0.00516	0.00696	0.00921	0.01067	0.01388	0.02639	0.19105	0.05845	0.01347	0.00648	0.00213	0.00403	0.60616	0.00441	0.00429
12	0.01777	0.02198	0.01344	0.01214	0.01466	0.76006	0.00914	0.03432	0.03486	0.02754	0.00802	0.00907	0.00653	0.00500	0.00434	0.00125	0.00834	0.00320	0.00264	0.00570
13	0.00739	0.00540	0.00726	0.00819	0.00937	0.00528	0.00708	0.00944	0.01099	0.01409	0.02885	0.05270	0.14614	0.01303	0.00646	0.00211	0.00410	0.65338	0.00441	0.00434
14	0.01128	0.01289	0.02820	0.02015	0.02498	0.01209	0.78485	0.01531	0.01128	0.01531	0.00967	0.01289	0.00725	0.00403	0.00564	0.00161	0.00806	0.00564	0.00242	0.00645
15	0.01092	0.01122	0.01457	0.01253	0.01269	0.06411	0.01038	0.01197	0.00771	0.01151	0.00634	0.01034	0.00627	0.00815	0.01498	0.00204	0.77279	0.00411	0.00211	0.00525
16	0.00891	0.00445	0.00445	0.00445	0.00557	0.00445	0.00334	0.01114	0.01002	0.01782	0.01559	0.01782	0.01225	0.00557	0.00334	0.00111	0.00223	0.00445	0.85856	0.00445
17	0.01785	0.02278	0.01354	0.01231	0.01478	0.81284	0.00924	0.01909	0.01354	0.01170	0.00739	0.00862	0.00616	0.00493	0.00431	0.00123	0.00862	0.00308	0.00246	0.00554
18	0.00582	0.00416	0.00555	0.00666	0.00693	0.00388	0.00444	0.00666	0.00915	0.01220	0.02634	0.82891	0.03161	0.01497	0.00610	0.00194	0.00277	0.01359	0.00444	0.00388
19	0.00666	0.00550	0.00902	0.00873	0.00970	0.00514	0.12424	0.00798	0.00948	0.01268	0.02378	0.70364	0.02787	0.01329	0.00603	0.00189	0.00358	0.01237	0.00413	0.00428
20	0.00891	0.00445	0.00445	0.00445	0.00557	0.00445	0.00334	0.01114	0.01002	0.01782	0.01559	0.01782	0.01225	0.00557	0.00334	0.00111	0.00223	0.00445	0.85856	0.00445
21	0.00582	0.00416	0.00555	0.00666	0.00693	0.00388	0.00444	0.00666	0.00915	0.01220	0.02634	0.82891	0.03161	0.01497	0.00610	0.00194	0.00277	0.01359	0.00444	0.00388
22	0.00991	0.00850	0.00991	0.00708	0.01133	0.00637	0.00566	0.01203	0.00991	0.01557	0.00850	0.00991	0.00708	0.00354	0.00354	0.00071	0.00354	0.00283	0.00283	0.86124
23	0.00959	0.02472	0.80726	0.01362	0.02069	0.01110	0.01766	0.01514	0.01009	0.01514	0.00858	0.01009	0.00605	0.00454	0.00454	0.00151	0.00706	0.00353	0.00202	0.00706
24	0.01785	0.02278	0.01354	0.01231	0.01478	0.81284	0.00924	0.01909	0.01354	0.01170	0.00739	0.00862	0.00616	0.00493	0.00431	0.00123	0.00862	0.00308	0.00246	0.00554
25	0.00683	0.00512	0.00768	0.00768	0.00853	0.00597	0.00597	0.00853	0.00768	0.01110	0.01280	0.01878	0.01195	0.03585	0.81308	0.00768	0.01280	0.00512	0.00256	0.00427
26	0.01128	0.01289	0.02820	0.02015	0.02498	0.01209	0.78485	0.01531	0.01128	0.01531	0.00967	0.01289	0.00725	0.00403	0.00564	0.00161	0.00806	0.00564	0.00242	0.00645
27	0.00770	0.00550	0.00770	0.00880	0.00990	0.00550	0.00770	0.00990	0.01100	0.01430	0.02531	0.05391	0.02751	0.01320	0.00660	0.00220	0.00440	0.77004	0.00440	0.00440
28	0.01183	0.01136	0.01940	0.02934	0.80221	0.01136	0.01467	0.01467	0.01088	0.01562	0.00899	0.01183	0.00757	0.00426	0.00473	0.00142	0.00568	0.00426	0.00237	0.00757
29	0.00683	0.00512	0.00768	0.00768	0.00853	0.00597	0.00597	0.00853	0.00768	0.01110	0.01280	0.01878	0.01195	0.03585	0.81308	0.00768	0.01280	0.00512	0.00256	0.00427
30	0.00683	0.00511	0.00763	0.00763	0.00846	0.00594	0.00591	0.00850	0.00767	0.01105	0.01285	0.01906	0.01207	0.05376	0.79533	0.00761	0.01262	0.00516	0.00257	0.00424
31	0.00664	0.00450	0.00531	0.00562	0.00569	0.00442	0.00333	0.00687	0.00756	0.01009	0.01821	0.25377	0.02135	0.60411	0.01924	0.00388	0.00411	0.00880	0.00333	0.00317
32	0.00683	0.00512	0.00768	0.00768	0.00853	0.00597	0.00597	0.00853	0.00768	0.01110	0.01280	0.01878	0.01195	0.03585	0.81308	0.00768	0.01280	0.00512	0.00256	0.00427
33	0.01046	0.01046	0.01464	0.01255	0.01255	0.01464	0.01046	0.01150	0.00732	0.01150	0.00627	0.01046	0.00627	0.00837	0.01569	0.00209	0.82328	0.00418	0.00209	0.00523
34	0.73617	0.00907	0.00765	0.00663	0.00970	0.01015	0.00546	0.01547	0.00899	0.14181	0.00853	0.00907	0.00620	0.00466	0.00324	0.00148	0.00375	0.00293	0.00341	0.00563
35	0.00582	0.00416	0.00555	0.00666	0.00693	0.00388	0.00444	0.00666	0.00915	0.01220	0.02634	0.82891	0.03161	0.01497	0.00610	0.00194	0.00277	0.01359	0.00444	0.00388
36	0.01738	0.01300	0.01390	0.01084	0.01452	0.01446	0.00889	0.69125	0.11877	0.02886	0.01247	0.01227	0.00894	0.00583	0.00479	0.00146	0.00508	0.00444	0.00479	0.00806
37	0.00830	0.00415	0.00623	0.00623	0.00623	0.00415	0.00415	0.00623	0.00623	0.00830	0.00830	0.01453	0.00830	0.01660	0.01868	0.86094	0.00415	0.00415	0.00208	0.00208
38	0.00991	0.00850	0.00991	0.00708	0.01133	0.00637	0.00566	0.01203	0.00991	0.01557	0.00850	0.00991	0.00708	0.00354	0.00354	0.00071	0.00354	0.00283	0.00283	0.86124
39	0.01128	0.01289	0.02820	0.02015	0.02498	0.01209	0.78485	0.01531	0.01128	0.01531	0.00967	0.01289	0.00725	0.00403	0.00564	0.00161	0.00806	0.00564	0.00242	0.00645
40	0.00585	0.00418	0.00557	0.00664	0.00694	0.00390	0.00444	0.00671	0.00925	0.01237	0.04472	0.81006	0.03193	0.01485	0.00609	0.00193	0.00276	0.01347	0.00446	0.00390
41	0.01817	0.01339	0.01434	0.01100	0.01482	0.01482	0.00908	0.78627	0.02247	0.03012	0.01148	0.01148	0.00813	0.00574	0.00478	0.00143	0.00526	0.00430	0.00478	0.00813
42	0.00684	0.00508	0.00748	0.00748	0.00826	0.00586	0.00572	0.00840	0.00762	0.01094	0.01299	0.01981	0.01240	0.10158	0.74796	0.00743	0.01213	0.00527	0.00259	0.00415
43	0.00646	0.00483	0.00599	0.00579	0.00698	0.00437	0.00431	0.00839	0.01267	0.01734	0.58454	0.08715	0.21235	0.01061	0.00567	0.00156	0.00232	0.00927	0.00503	0.00437
44	0.05211	0.00817	0.01094	0.00842	0.01209	0.00716	0.00696	0.02296	0.01348	0.77705	0.01841	0.01596	0.01159	0.00586	0.00474	0.00148	0.00405	0.00473	0.00581	0.00803
45	0.00955	0.02389	0.76591	0.01358	0.02043	0.01095	0.03665	0.01498	0.01021	0.01525	0.03005	0.01086	0.00714	0.00467	0.00460	0.00152	0.00696	0.00372	0.00212	0.00698
46	0.01275	0.80496	0.02453	0.00823	0.01227	0.01866	0.00816	0.01471	0.03818	0.01156	0.00711	0.00804	0.00644	0.00418	0.00313	0.00104	0.00506	0.00266	0.00215	0.00619
47	0.01124	0.23456	0.54079	0.01189	0.01792	0.01310	0.01443	0.04327	0.01060	0.04842	0.00862	0.00977	0.00640	0.00453	0.00418	0.00138	0.00636	0.00336	0.00229	0.00691
48	0.04428	0.08229	0.03701	0.04334	0.52627	0.15723	0.01283	0.01537	0.01111	0.01466	0.00840	0.01073	0.00704	0.00439	0.00445	0.00136	0.00614	0.00382	0.00236	0.00693
49	0.76416	0.00994	0.00811	0.00779	0.04600	0.04398	0.00595	0.01420	0.00846	0.02046	0.00678	0.00807	0.00536	0.00457	0.00350	0.00149	0.03026	0.00274	0.00288	0.00530
50	0.01293	0.03402	0.02874	0.17431	0.33767	0.15654	0.04383	0.06291	0.01169	0.03622	0.00885	0.01136	0.00710	0.00482	0.00523	0.00146	0.04911	0.00406	0.00256	0.00661
51	0.00577	0.00485	0.00501	0.00497	0.00653	0.00409	0.00373	0.00709	0.01118	0.01358	0.12870	0.04490	0.71957	0.01186	0.00565	0.00160	0.00240	0.00993	0.00453	0.00409
52	0.00676	0.00489	0.00639	0.00601	0.00714	0.00451	0.00451	0.00902	0.01353	0.01917	0.79969	0.03570	0.04510	0.00977	0.00564	0.00150	0.00225	0.00864	0.00526	0.00451
53	0.86579	0.00924	0.00702	0.00629	0.00924	0.01072	0.00518	0.01405	0.00813	0.02144	0.00666	0.00776	0.00518	0.00444	0.00296	0.00148	0.00370	0.00259	0.00296	0.00518

[dist]
# distance from previous block
# <min> <max>
0	22

[block]
# block no. 1 follows, 53 sequences, length 8
# corresponding to MSA columns:
# 152-159
name=unknown_B
#
# <colnr> <probs for GDERKNQSTAVLIFYWHMCP>
#	G	D	E	R	K	N	Q	S	T	A	V	L	I	F	Y	W	H	M	C	P
0	0.00683	0.00512	0.00768	0.00768	0.00853	0.00597	0.00597	0.00853	0.00768	0.01110	0.01280	0.01878	0.01195	0.03585	0.81308	0.00768	0.01280	0.00512	0.00256	0.00427
1	0.00676	0.00489	0.00639	0.00601	0.00714	0.00451	0.00451	0.00902	0.01353	0.01917	0.79969	0.03570	0.04510	0.00977	0.00564	0.00150	0.00225	0.00864	0.00526	0.00451
2	0.00582	0.00416	0.00555	0.00666	0.00693	0.00388	0.00444	0.00666	0.00915	0.01220	0.02634	0.82891	0.03161	0.01497	0.00610	0.00194	0.00277	0.01359	0.00444	0.00388
3	0.02120	0.00853	0.01134	0.00869	0.01240	0.00761	0.00718	0.08093	0.01434	0.74695	0.01830	0.01591	0.01155	0.00590	0.00480	0.00148	0.00416	0.00477	0.00583	0.00813
4	0.01183	0.01136	0.01940	0.02934	0.80221	0.01136	0.01467	0.01467	0.01088	0.01562	0.00899	0.01183	0.00757	0.00426	0.00473	0.00142	0.00568	0.00426	0.00237	0.00757
5	0.00730	0.00537	0.00714	0.00802	0.00922	0.00521	0.00690	0.00930	0.01098	0.01403	0.02989	0.05235	0.18062	0.01299	0.00641	0.00208	0.00401	0.61947	0.00441	0.00433
6	0.01004	0.02186	0.64945	0.01285	0.01905	0.01126	0.01566	0.01717	0.16533	0.01610	0.01073	0.01162	0.00775	0.00493	0.00460	0.00153	0.00641	0.00390	0.00258	0.00716
7	0.00904	0.02084	0.64884	0.01245	0.01828	0.01008	0.01534	0.01383	0.00961	0.01434	0.00941	0.01181	0.00722	0.01074	0.16474	0.00274	0.00820	0.00385	0.00213	0.00651

[dist]
# distance from previous block
# <min> <max>
3	8

[block]
# block no. 2 follows, 53 sequences, length 49
# corresponding to MSA columns:
# 168-208,216-223
name=unknown_C
#
# <colnr> <probs for GDERKNQSTAVLIFYWHMCP>
#	G	D	E	R	K	N	Q	S	T	A	V	L	I	F	Y	W	H	M	C	P
0	0.01266	0.58500	0.20211	0.00950	0.01424	0.01638	0.01030	0.03373	0.01033	0.05631	0.00787	0.00878	0.00648	0.00433	0.00354	0.00117	0.00550	0.00294	0.00232	0.00650
1	0.01294	0.12636	0.05606	0.00933	0.02854	0.16341	0.00769	0.11928	0.01371	0.09702	0.22673	0.04694	0.05846	0.00700	0.00476	0.00139	0.00483	0.00562	0.00397	0.00595
2	0.01001	0.00874	0.01104	0.05239	0.10260	0.00743	0.00713	0.01306	0.06604	0.01574	0.03308	0.01265	0.03236	0.00433	0.00396	0.00095	0.00388	0.00363	0.00300	0.60797
3	0.01041	0.01040	0.01463	0.03683	0.01316	0.01452	0.01054	0.01152	0.00739	0.01152	0.00634	0.01053	0.00628	0.00826	0.01536	0.00208	0.79873	0.00418	0.00209	0.00523
4	0.86579	0.00924	0.00702	0.00629	0.00924	0.01072	0.00518	0.01405	0.00813	0.02144	0.00666	0.00776	0.00518	0.00444	0.00296	0.00148	0.00370	0.00259	0.00296	0.00518
5	0.01046	0.01046	0.01464	0.01255	0.01255	0.01464	0.01046	0.01150	0.00732	0.01150	0.00627	0.01046	0.00627	0.00837	0.01569	0.00209	0.82328	0.00418	0.00209	0.00523
6	0.00565	0.00484	0.00484	0.00484	0.00646	0.00403	0.00363	0.00686	0.01089	0.01291	0.04842	0.04600	0.80027	0.01210	0.00565	0.00161	0.00242	0.01009	0.00444	0.00403
7	0.01189	0.01027	0.01081	0.00973	0.01243	0.01189	0.00757	0.02540	0.79357	0.01999	0.01945	0.01783	0.01459	0.00648	0.00486	0.00162	0.00378	0.00540	0.00486	0.00757
8	0.01817	0.01339	0.01434	0.01100	0.01482	0.01482	0.00908	0.78627	0.02247	0.03012	0.01148	0.01148	0.00813	0.00574	0.00478	0.00143	0.00526	0.00430	0.00478	0.00813
9	0.00582	0.00416	0.00555	0.00666	0.00693	0.00388	0.00444	0.00666	0.00915	0.01220	0.02634	0.82891	0.03161	0.01497	0.00610	0.00194	0.00277	0.01359	0.00444	0.00388
10	0.02144	0.00813	0.01109	0.00850	0.01220	0.00702	0.00702	0.02329	0.01368	0.80552	0.01886	0.01627	0.01183	0.00592	0.00481	0.00148	0.00407	0.00481	0.00592	0.00813
11	0.00676	0.00489	0.00639	0.00601	0.00714	0.00451	0.00451	0.00902	0.01353	0.01917	0.79969	0.03570	0.04510	0.00977	0.00564	0.00150	0.00225	0.00864	0.00526	0.00451
12	0.01157	0.01109	0.01892	0.10380	0.72981	0.01129	0.01454	0.01444	0.01076	0.01529	0.00894	0.01192	0.00746	0.00431	0.00474	0.00144	0.00574	0.00426	0.00234	0.00736
13	0.00903	0.00850	0.01434	0.82054	0.03292	0.01062	0.01327	0.01221	0.00956	0.01221	0.00850	0.01274	0.00637	0.00478	0.00478	0.00159	0.00637	0.00425	0.00212	0.00531
14	0.01755	0.01306	0.01400	0.01080	0.01458	0.01439	0.00889	0.71888	0.06519	0.02909	0.01183	0.01178	0.00846	0.00571	0.00475	0.00142	0.00512	0.00432	0.00472	0.03547
15	0.00987	0.00958	0.01343	0.01168	0.01179	0.01319	0.00963	0.01097	0.00736	0.01138	0.00741	0.01221	0.00737	0.03837	0.11982	0.00290	0.69145	0.00439	0.00218	0.00503
16	0.00903	0.00850	0.01434	0.82054	0.03292	0.01062	0.01327	0.01221	0.00956	0.01221	0.00850	0.01274	0.00637	0.00478	0.00478	0.00159	0.00637	0.00425	0.00212	0.00531
17	0.00903	0.00850	0.01434	0.82054	0.03292	0.01062	0.01327	0.01221	0.00956	0.01221	0.00850	0.01274	0.00637	0.00478	0.00478	0.00159	0.00637	0.00425	0.00212	0.00531
18	0.00594	0.00417	0.00550	0.00657	0.00688	0.00390	0.00439	0.00683	0.00918	0.01242	0.02593	0.79775	0.03087	0.01461	0.00599	0.00191	0.00275	0.01324	0.03725	0.00390
19	0.86579	0.00924	0.00702	0.00629	0.00924	0.01072	0.00518	0.01405	0.00813	0.02144	0.00666	0.00776	0.00518	0.00444	0.00296	0.00148	0.00370	0.00259	0.00296	0.00518
20	0.00581	0.00422	0.00548	0.00649	0.00689	0.00390	0.00436	0.00667	0.00931	0.01226	0.02832	0.75889	0.10035	0.01472	0.00606	0.00191	0.00274	0.01327	0.00444	0.00390
21	0.02144	0.00813	0.01109	0.00850	0.01220	0.00702	0.00702	0.02329	0.01368	0.80552	0.01886	0.01627	0.01183	0.00592	0.00481	0.00148	0.00407	0.00481	0.00592	0.00813
22	0.01107	0.01238	0.02644	0.10271	0.05565	0.01191	0.67601	0.01497	0.01109	0.01500	0.00952	0.01284	0.00717	0.00411	0.00552	0.00160	0.00779	0.00544	0.00239	0.00637
23	0.01183	0.01131	0.01906	0.02856	0.77102	0.01138	0.01439	0.01509	0.04180	0.01579	0.00940	0.01207	0.00785	0.00435	0.00474	0.00143	0.00560	0.00430	0.00246	0.00757
24	0.00582	0.00416	0.00555	0.00666	0.00693	0.00388	0.00444	0.00666	0.00915	0.01220	0.02634	0.82891	0.03161	0.01497	0.00610	0.00194	0.00277	0.01359	0.00444	0.00388
25	0.00770	0.00550	0.00770	0.00880	0.00990	0.00550	0.00770	0.00990	0.01100	0.01430	0.02531	0.05391	0.02751	0.01320	0.00660	0.00220	0.00440	0.77004	0.00440	0.00440
26	0.01411	0.58434	0.04412	0.00949	0.01321	0.24106	0.00874	0.01567	0.01080	0.01148	0.00691	0.00800	0.00614	0.00434	0.00346	0.00109	0.00615	0.00273	0.00216	0.00599
27	0.01104	0.01247	0.02686	0.01936	0.02385	0.01185	0.72815	0.01484	0.01106	0.01506	0.01021	0.04504	0.00818	0.00461	0.00599	0.00164	0.03509	0.00591	0.00249	0.00630
28	0.02103	0.00880	0.01150	0.00882	0.01253	0.00801	0.00729	0.12002	0.01479	0.70722	0.01792	0.01566	0.01136	0.00589	0.00480	0.00147	0.00422	0.00474	0.00577	0.00813
29	0.01830	0.01317	0.01421	0.01090	0.01472	0.01450	0.00900	0.75522	0.02211	0.06168	0.01178	0.01167	0.00828	0.00574	0.00478	0.00144	0.00521	0.00432	0.00483	0.00813
30	0.00911	0.00908	0.04148	0.56524	0.09600	0.01010	0.05174	0.01212	0.00972	0.01280	0.01050	0.07421	0.00916	0.00638	0.02077	0.00175	0.02240	0.02957	0.00241	0.00547
31	0.02113	0.00864	0.01140	0.00874	0.01245	0.00777	0.00722	0.09609	0.01452	0.73154	0.01815	0.01581	0.01148	0.00590	0.00480	0.00147	0.00418	0.00476	0.00581	0.00813
32	0.00770	0.00550	0.00770	0.00880	0.00990	0.00550	0.00770	0.00990	0.01100	0.01430	0.02531	0.05391	0.02751	0.01320	0.00660	0.00220	0.00440	0.77004	0.00440	0.00440
33	0.00659	0.00496	0.00611	0.00585	0.00709	0.00454	0.00438	0.00880	0.02849	0.01760	0.59606	0.06125	0.20985	0.01037	0.00564	0.00154	0.00234	0.00904	0.00505	0.00445
34	0.00959	0.02472	0.80726	0.01362	0.02069	0.01110	0.01766	0.01514	0.01009	0.01514	0.00858	0.01009	0.00605	0.00454	0.00454	0.00151	0.00706	0.00353	0.00202	0.00706
35	0.01130	0.00902	0.00690	0.00650	0.00802	0.19300	0.00491	0.03889	0.01126	0.01681	0.01354	0.01547	0.01069	0.00542	0.00361	0.00115	0.00382	0.00413	0.63072	0.00483
36	0.00695	0.00463	0.00521	0.00521	0.00521	0.00463	0.00290	0.00695	0.00695	0.00927	0.01506	0.03128	0.01738	0.83203	0.02433	0.00463	0.00463	0.00695	0.00290	0.00290
37	0.13379	0.11818	0.03907	0.01318	0.10297	0.44914	0.03605	0.03018	0.01200	0.01398	0.00756	0.00899	0.00625	0.00465	0.00408	0.00129	0.00705	0.00320	0.00249	0.00591
38	0.02144	0.00813	0.01109	0.00850	0.01220	0.00702	0.00702	0.02329	0.01368	0.80552	0.01886	0.01627	0.01183	0.00592	0.00481	0.00148	0.00407	0.00481	0.00592	0.00813
39	0.01165	0.01164	0.02028	0.07811	0.58874	0.02844	0.14123	0.01463	0.01083	0.01516	0.00897	0.01196	0.00738	0.00437	0.00514	0.00147	0.02602	0.00446	0.00235	0.00714
40	0.00683	0.00512	0.00768	0.00768	0.00853	0.00597	0.00597	0.00853	0.00768	0.01110	0.01280	0.01878	0.01195	0.03585	0.81308	0.00768	0.01280	0.00512	0.00256	0.00427
41	0.00676	0.00489	0.00639	0.00601	0.00714	0.00451	0.00451	0.00902	0.01353	0.01917	0.79969	0.03570	0.04510	0.00977	0.00564	0.00150	0.00225	0.00864	0.00526	0.00451
42	0.01817	0.01339	0.01434	0.01100	0.01482	0.01482	0.00908	0.78627	0.02247	0.03012	0.01148	0.01148	0.00813	0.00574	0.00478	0.00143	0.00526	0.00430	0.00478	0.00813
43	0.00582	0.00416	0.00555	0.00666	0.00693	0.00388	0.00444	0.00666	0.00915	0.01220	0.02634	0.82891	0.03161	0.01497	0.00610	0.00194	0.00277	0.01359	0.00444	0.00388
44	0.01046	0.01046	0.01464	0.01255	0.01255	0.01464	0.01046	0.01150	0.00732	0.01150	0.00627	0.01046	0.00627	0.00837	0.01569	0.00209	0.82328	0.00418	0.00209	0.00523
45	0.00676	0.00489	0.00639	0.00601	0.00714	0.00451	0.00451	0.00902	0.01353	0.01917	0.79969	0.03570	0.04510	0.00977	0.00564	0.00150	0.00225	0.00864	0.00526	0.00451
46	0.00903	0.00850	0.01434	0.82054	0.03292	0.01062	0.01327	0.01221	0.00956	0.01221	0.00850	0.01274	0.00637	0.00478	0.00478	0.00159	0.00637	0.00425	0.00212	0.00531
47	0.01080	0.01018	0.01707	0.12753	0.60457	0.01039	0.01319	0.01357	0.01095	0.01540	0.08096	0.01529	0.03893	0.00510	0.00485	0.00146	0.00535	0.00486	0.00267	0.00688
48	0.01817	0.01339	0.01434	0.01100	0.01482	0.01482	0.00908	0.78627	0.02247	0.03012	0.01148	0.01148	0.00813	0.00574	0.00478	0.00143	0.00526	0.00430	0.00478	0.00813

[dist]
# distance from previous block
# <min> <max>
0	1

[block]
# block no. 3 follows, 53 sequences, length 39
# corresponding to MSA columns:
# 225-263
name=unknown_D
#
# <colnr> <probs for GDERKNQSTAVLIFYWHMCP>
#	G	D	E	R	K	N	Q	S	T	A	V	L	I	F	Y	W	H	M	C	P
0	0.01785	0.02278	0.01354	0.01231	0.01478	0.81284	0.00924	0.01909	0.01354	0.01170	0.00739	0.00862	0.00616	0.00493	0.00431	0.00123	0.00862	0.00308	0.00246	0.00554
1	0.00903	0.00850	0.01434	0.82054	0.03292	0.01062	0.01327	0.01221	0.00956	0.01221	0.00850	0.01274	0.00637	0.00478	0.00478	0.00159	0.00637	0.00425	0.00212	0.00531
2	0.02114	0.00814	0.01106	0.00847	0.01218	0.00701	0.00699	0.02300	0.01358	0.78495	0.01859	0.01610	0.01171	0.00585	0.00477	0.00146	0.00405	0.00476	0.00584	0.03034
3	0.02144	0.00813	0.01109	0.00850	0.01220	0.00702	0.00702	0.02329	0.01368	0.80552	0.01886	0.01627	0.01183	0.00592	0.00481	0.00148	0.00407	0.00481	0.00592	0.00813
4	0.00582	0.00416	0.00555	0.00666	0.00693	0.00388	0.00444	0.00666	0.00915	0.01220	0.02634	0.82891	0.03161	0.01497	0.00610	0.00194	0.00277	0.01359	0.00444	0.00388
5	0.01392	0.01625	0.01411	0.04145	0.01434	0.39413	0.00998	0.01513	0.01036	0.01162	0.00688	0.00967	0.00622	0.00660	0.00988	0.00166	0.40648	0.00366	0.00227	0.00538
6	0.00582	0.00416	0.00555	0.00666	0.00693	0.00388	0.00444	0.00666	0.00915	0.01220	0.02634	0.82891	0.03161	0.01497	0.00610	0.00194	0.00277	0.01359	0.00444	0.00388
7	0.00683	0.00512	0.00768	0.00768	0.00853	0.00597	0.00597	0.00853	0.00768	0.01110	0.01280	0.01878	0.01195	0.03585	0.81308	0.00768	0.01280	0.00512	0.00256	0.00427
8	0.01340	0.01227	0.07424	0.01315	0.10308	0.01226	0.06077	0.19071	0.39621	0.04927	0.01502	0.01478	0.01114	0.00574	0.00486	0.00154	0.00486	0.00488	0.00422	0.00760
9	0.01633	0.03436	0.01376	0.01252	0.04719	0.58727	0.00928	0.07892	0.02693	0.01366	0.02922	0.01064	0.02172	0.00551	0.00533	0.00134	0.07384	0.00362	0.00275	0.00580
10	0.01375	0.01087	0.01162	0.00996	0.01296	0.01233	0.00788	0.19744	0.58276	0.05891	0.01762	0.01632	0.01300	0.00629	0.00484	0.00157	0.00413	0.00513	0.00489	0.00772
11	0.00582	0.00416	0.00555	0.00666	0.00693	0.00388	0.00444	0.00666	0.00915	0.01220	0.02634	0.82891	0.03161	0.01497	0.00610	0.00194	0.00277	0.01359	0.00444	0.00388
12	0.17968	0.01303	0.01579	0.03605	0.37600	0.15685	0.04914	0.03665	0.01091	0.01609	0.00816	0.01042	0.00674	0.00473	0.00509	0.00146	0.06042	0.00378	0.00255	0.00649
13	0.00695	0.00463	0.00521	0.00521	0.00521	0.00463	0.00290	0.00695	0.00695	0.00927	0.01506	0.03128	0.01738	0.83203	0.02433	0.00463	0.00463	0.00695	0.00290	0.00290
14	0.01221	0.04810	0.15343	0.03111	0.13238	0.03083	0.22566	0.08016	0.06735	0.07285	0.03763	0.01579	0.01047	0.00542	0.00504	0.00154	0.00616	0.05390	0.00316	0.00680
15	0.00709	0.00619	0.00757	0.00789	0.06828	0.00575	0.03302	0.00991	0.09235	0.01461	0.12198	0.03818	0.54871	0.01038	0.00550	0.00159	0.00299	0.00884	0.00434	0.00481
16	0.01498	0.01195	0.03913	0.00987	0.01302	0.04369	0.00818	0.53634	0.01865	0.02495	0.04439	0.08864	0.05321	0.00772	0.02465	0.00163	0.00502	0.00556	0.04142	0.00700
17	0.04679	0.07011	0.72819	0.01300	0.01971	0.01153	0.01658	0.01504	0.00998	0.01519	0.00838	0.00985	0.00602	0.00451	0.00439	0.00148	0.00681	0.00344	0.00206	0.00693
18	0.00636	0.00500	0.00575	0.00554	0.00695	0.00447	0.00416	0.00840	0.03254	0.01615	0.41428	0.04024	0.41131	0.01082	0.00562	0.00156	0.00238	0.00926	0.00485	0.00436
19	0.00959	0.02472	0.80726	0.01362	0.02069	0.01110	0.01766	0.01514	0.01009	0.01514	0.00858	0.01009	0.00605	0.00454	0.00454	0.00151	0.00706	0.00353	0.00202	0.00706
20	0.01122	0.00845	0.01004	0.00724	0.01143	0.00645	0.00582	0.01331	0.01034	0.10499	0.00967	0.01063	0.00762	0.00381	0.00368	0.00080	0.00360	0.00306	0.00318	0.76468
21	0.01183	0.01136	0.01940	0.02934	0.80221	0.01136	0.01467	0.01467	0.01088	0.01562	0.00899	0.01183	0.00757	0.00426	0.00473	0.00142	0.00568	0.00426	0.00237	0.00757
22	0.00683	0.00512	0.00768	0.00768	0.00853	0.00597	0.00597	0.00853	0.00768	0.01110	0.01280	0.01878	0.01195	0.03585	0.81308	0.00768	0.01280	0.00512	0.00256	0.00427
23	0.00683	0.00512	0.00768	0.00768	0.00853	0.00597	0.00597	0.00853	0.00768	0.01110	0.01280	0.01878	0.01195	0.03585	0.81308	0.00768	0.01280	0.00512	0.00256	0.00427
24	0.02144	0.00813	0.01109	0.00850	0.01220	0.00702	0.00702	0.02329	0.01368	0.80552	0.01886	0.01627	0.01183	0.00592	0.00481	0.00148	0.00407	0.00481	0.00592	0.00813
25	0.01278	0.83490	0.02505	0.00818	0.01227	0.01891	0.00818	0.01431	0.00971	0.01125	0.00664	0.00767	0.00613	0.00409	0.00307	0.00102	0.00511	0.00256	0.00204	0.00613
26	0.86579	0.00924	0.00702	0.00629	0.00924	0.01072	0.00518	0.01405	0.00813	0.02144	0.00666	0.00776	0.00518	0.00444	0.00296	0.00148	0.00370	0.00259	0.00296	0.00518
27	0.00959	0.02472	0.80726	0.01362	0.02069	0.01110	0.01766	0.01514	0.01009	0.01514	0.00858	0.01009	0.00605	0.00454	0.00454	0.00151	0.00706	0.00353	0.00202	0.00706
28	0.01278	0.83490	0.02505	0.00818	0.01227	0.01891	0.00818	0.01431	0.00971	0.01125	0.00664	0.00767	0.00613	0.00409	0.00307	0.00102	0.00511	0.00256	0.00204	0.00613
29	0.02144	0.00813	0.01109	0.00850	0.01220	0.00702	0.00702	0.02329	0.01368	0.80552	0.01886	0.01627	0.01183	0.00592	0.00481	0.00148	0.00407	0.00481	0.00592	0.00813
30	0.00684	0.00505	0.00734	0.00734	0.00808	0.00579	0.00555	0.00832	0.00758	0.01085	0.01311	0.02048	0.01269	0.14460	0.70534	0.00727	0.01169	0.00537	0.00261	0.00408
31	0.02102	0.00881	0.01151	0.00882	0.01254	0.00803	0.00729	0.12124	0.01481	0.70598	0.01791	0.01565	0.01136	0.00589	0.00480	0.00147	0.00422	0.00474	0.00577	0.00813
32	0.00770	0.00550	0.00770	0.00880	0.00990	0.00550	0.00770	0.00990	0.01100	0.01430	0.02531	0.05391	0.02751	0.01320	0.00660	0.00220	0.00440	0.77004	0.00440	0.00440
33	0.01095	0.01049	0.01807	0.22338	0.54775	0.01098	0.04735	0.01390	0.01058	0.01471	0.00954	0.01375	0.00804	0.00473	0.00486	0.00150	0.00590	0.03429	0.00239	0.00684
34	0.00914	0.00862	0.01455	0.78735	0.06518	0.01065	0.01333	0.01231	0.00961	0.01235	0.00852	0.01270	0.00642	0.00476	0.00478	0.00159	0.00634	0.00425	0.00213	0.00540
35	0.01297	0.70033	0.04266	0.00888	0.01283	0.09084	0.02472	0.01464	0.01021	0.01169	0.02895	0.00871	0.00724	0.00433	0.00334	0.00108	0.00546	0.00286	0.00218	0.00606
36	0.00600	0.00434	0.00570	0.00674	0.00709	0.00411	0.00453	0.00720	0.03186	0.01243	0.02614	0.80543	0.03112	0.01473	0.00606	0.00193	0.00280	0.01335	0.00445	0.00399
37	0.08216	0.01076	0.02583	0.01016	0.02661	0.01131	0.04238	0.24640	0.26360	0.12454	0.05169	0.01604	0.03694	0.00611	0.00474	0.00151	0.00441	0.00498	0.00459	0.02524
38	0.04237	0.04868	0.16445	0.01440	0.10756	0.05218	0.13793	0.12060	0.05307	0.06875	0.02364	0.01319	0.00884	0.00527	0.00533	0.00149	0.05157	0.02643	0.00313	0.05110

[dist]
# distance from previous block
# <min> <max>
1	113

# created by:
# /home/cegg/simao/soft/augustus-3.2.1/scripts/msa2prfl.pl ./align_prep/EOG091G0JI1.fa
