[name]
unknown

[dist]
# distance from previous block
# <min> <max>
6	72

[block]
# block no. 0 follows, 44 sequences, length 18
# corresponding to MSA columns:
# 143-160
name=unknown_A
#
# <colnr> <probs for GDERKNQSTAVLIFYWHMCP>
#	G	D	E	R	K	N	Q	S	T	A	V	L	I	F	Y	W	H	M	C	P
0	0.09248	0.12918	0.20104	0.01287	0.03355	0.02826	0.07970	0.04568	0.08488	0.03363	0.01449	0.02159	0.01280	0.00715	0.00532	0.00176	0.00622	0.14194	0.00354	0.04390
1	0.06229	0.01101	0.04798	0.19112	0.20867	0.04813	0.01146	0.01501	0.02418	0.05343	0.21581	0.02148	0.03364	0.00701	0.00552	0.00168	0.00546	0.00611	0.00384	0.02616
2	0.01129	0.01427	0.19660	0.01175	0.04502	0.00985	0.02985	0.01703	0.15274	0.01820	0.01417	0.09327	0.01225	0.00630	0.00500	0.00142	0.00519	0.00536	0.00359	0.34683
3	0.00764	0.00535	0.00597	0.00597	0.00636	0.00522	0.00359	0.00798	0.00880	0.01143	0.02422	0.03828	0.16081	0.62999	0.05269	0.00477	0.00517	0.00852	0.00362	0.00361
4	0.01092	0.01044	0.01700	0.57185	0.10752	0.01306	0.01470	0.01406	0.01057	0.01417	0.00927	0.01394	0.00738	0.00616	0.00778	0.00190	0.15569	0.00483	0.00244	0.00630
5	0.00893	0.01040	0.15311	0.01018	0.01284	0.00740	0.00989	0.01249	0.04162	0.01706	0.10356	0.06368	0.11889	0.01240	0.00676	0.00217	0.00500	0.39331	0.00464	0.00568
6	0.01693	0.01264	0.06245	0.01724	0.17293	0.04033	0.12106	0.05771	0.01423	0.27693	0.06427	0.01808	0.01345	0.00722	0.02250	0.00189	0.04534	0.02230	0.00447	0.00806
7	0.01318	0.01308	0.02365	0.07881	0.58862	0.01306	0.15513	0.01669	0.01240	0.01750	0.01037	0.01379	0.00848	0.00485	0.00560	0.00167	0.00704	0.00515	0.00269	0.00823
8	0.00690	0.00513	0.00643	0.00697	0.00786	0.00466	0.00490	0.00838	0.01222	0.01627	0.23939	0.44200	0.18936	0.01478	0.00671	0.00200	0.00292	0.01314	0.00532	0.00466
9	0.01968	0.02283	0.01731	0.01466	0.01804	0.56411	0.08556	0.15919	0.01710	0.01770	0.00956	0.01093	0.00757	0.00569	0.00517	0.00149	0.00905	0.00407	0.00330	0.00698
10	0.01081	0.01041	0.01582	0.01340	0.01592	0.08669	0.23486	0.01338	0.01261	0.03155	0.07271	0.24437	0.03927	0.01101	0.00664	0.00203	0.00604	0.16248	0.00422	0.00579
11	0.00725	0.00540	0.00683	0.00742	0.00848	0.00498	0.00557	0.00896	0.01243	0.01638	0.20664	0.32023	0.20377	0.01460	0.00683	0.00207	0.00329	0.14886	0.00527	0.00474
12	0.01022	0.00628	0.00992	0.01205	0.15113	0.00628	0.00699	0.00891	0.00810	0.01104	0.00962	0.01599	0.00931	0.01630	0.01832	0.68375	0.00506	0.00476	0.00243	0.00354
13	0.01454	0.21126	0.26918	0.01341	0.01892	0.03917	0.08798	0.14542	0.04481	0.05244	0.04456	0.01334	0.01012	0.00567	0.00502	0.00158	0.00679	0.00454	0.00340	0.00783
14	0.01261	0.01170	0.01962	0.02907	0.63116	0.01170	0.01524	0.01571	0.01244	0.01753	0.01375	0.02250	0.01290	0.00677	0.00580	0.00179	0.00620	0.14242	0.00313	0.00796
15	0.10743	0.00941	0.01218	0.00944	0.01358	0.00844	0.00780	0.02551	0.01497	0.70214	0.02010	0.01758	0.01273	0.00658	0.00527	0.00169	0.00460	0.00523	0.00641	0.00894
16	0.01247	0.01305	0.03876	0.04729	0.26970	0.02766	0.32934	0.01634	0.02913	0.02939	0.03783	0.03664	0.07429	0.00609	0.00599	0.00176	0.00718	0.00648	0.00319	0.00742
17	0.01127	0.01068	0.01556	0.23190	0.20052	0.05705	0.02636	0.01400	0.01179	0.01561	0.04888	0.05693	0.03006	0.00848	0.00739	0.00195	0.09874	0.14314	0.00332	0.00637

[dist]
# distance from previous block
# <min> <max>
0	3

[block]
# block no. 1 follows, 44 sequences, length 28
# corresponding to MSA columns:
# 164-191
name=unknown_B
#
# <colnr> <probs for GDERKNQSTAVLIFYWHMCP>
#	G	D	E	R	K	N	Q	S	T	A	V	L	I	F	Y	W	H	M	C	P
0	0.11310	0.01128	0.01891	0.37662	0.10822	0.01274	0.15736	0.01560	0.01123	0.04598	0.01002	0.01372	0.00768	0.00555	0.00637	0.00182	0.06938	0.00494	0.00280	0.00668
1	0.00681	0.00485	0.00645	0.00767	0.00803	0.00457	0.00521	0.00782	0.01047	0.01393	0.02950	0.73318	0.03518	0.04644	0.00777	0.00235	0.00335	0.05701	0.00499	0.00442
2	0.01619	0.01380	0.05345	0.01123	0.01538	0.04319	0.00941	0.29159	0.23235	0.05579	0.03285	0.01548	0.01210	0.00631	0.00520	0.00154	0.00526	0.00498	0.00485	0.16905
3	0.05684	0.13006	0.21702	0.01238	0.01789	0.01247	0.10136	0.06975	0.01286	0.07860	0.02614	0.01258	0.00892	0.00508	0.00478	0.00142	0.00613	0.00420	0.00330	0.21822
4	0.01189	0.12468	0.03909	0.00828	0.01165	0.00900	0.00702	0.01478	0.04159	0.10424	0.28081	0.02389	0.04095	0.02491	0.00563	0.00147	0.00400	0.00620	0.00457	0.23535
5	0.01263	0.01211	0.02052	0.11301	0.62511	0.01228	0.03073	0.01581	0.01226	0.01717	0.01343	0.01642	0.06320	0.00556	0.00550	0.00166	0.00635	0.00536	0.00284	0.00804
6	0.00742	0.00575	0.00854	0.00899	0.00991	0.00541	0.05987	0.00890	0.01105	0.01460	0.02979	0.59093	0.07148	0.01569	0.00698	0.00221	0.00387	0.12897	0.00489	0.00474
7	0.01635	0.01477	0.11182	0.04042	0.28720	0.01304	0.09031	0.17650	0.03199	0.14398	0.01294	0.01428	0.00945	0.00560	0.00551	0.00168	0.00652	0.00506	0.00395	0.00861
8	0.03033	0.11785	0.31808	0.01285	0.01851	0.01466	0.01364	0.27295	0.03298	0.07026	0.01232	0.03991	0.00936	0.00615	0.00512	0.00164	0.00654	0.00471	0.00386	0.00827
9	0.00663	0.00480	0.00627	0.00744	0.00787	0.00444	0.00499	0.00761	0.01059	0.01398	0.03192	0.74883	0.09086	0.01684	0.00692	0.00219	0.00313	0.01520	0.00506	0.00444
10	0.00993	0.00860	0.01070	0.00997	0.01083	0.03865	0.00765	0.01290	0.10029	0.01364	0.01443	0.04095	0.01400	0.17820	0.31332	0.00530	0.19590	0.00619	0.00324	0.00532
11	0.05746	0.01217	0.01452	0.01370	0.10639	0.01315	0.00991	0.33390	0.09805	0.10476	0.09741	0.01943	0.01576	0.00738	0.00604	0.00174	0.03607	0.03887	0.00508	0.00819
12	0.01358	0.53770	0.26955	0.01141	0.01716	0.01858	0.01283	0.03745	0.01163	0.01486	0.00844	0.00976	0.00703	0.00488	0.00409	0.00136	0.00655	0.00333	0.00241	0.00740
13	0.00664	0.00474	0.00633	0.00759	0.00791	0.00443	0.00506	0.00759	0.01044	0.01392	0.03005	0.80485	0.03606	0.01708	0.00696	0.00221	0.00316	0.01550	0.00506	0.00443
14	0.01328	0.01255	0.02037	0.08345	0.61789	0.01298	0.01550	0.01823	0.11635	0.01823	0.01187	0.01451	0.00965	0.00525	0.00542	0.00166	0.00623	0.00504	0.00307	0.00845
15	0.00823	0.00729	0.01029	0.00917	0.01104	0.00709	0.09622	0.01059	0.04127	0.01562	0.08736	0.13366	0.37702	0.04010	0.00811	0.00209	0.06091	0.06414	0.00461	0.00519
16	0.01243	0.01340	0.02490	0.01891	0.02183	0.01515	0.40566	0.01542	0.01074	0.01542	0.00921	0.01340	0.00775	0.00692	0.01182	0.00210	0.38001	0.00565	0.00258	0.00670
17	0.01345	0.50105	0.23302	0.01395	0.10867	0.01810	0.01318	0.01663	0.01136	0.01464	0.00851	0.01008	0.00717	0.00483	0.00419	0.00137	0.00652	0.00345	0.00237	0.00748
18	0.01290	0.01319	0.04625	0.13642	0.55927	0.01293	0.10595	0.01645	0.01223	0.01722	0.01026	0.01372	0.00835	0.00492	0.00552	0.00168	0.00696	0.00502	0.00266	0.00811
19	0.01253	0.25943	0.31506	0.01623	0.11121	0.01520	0.09674	0.01700	0.03524	0.01614	0.01069	0.01414	0.00887	0.00550	0.00497	0.00160	0.00705	0.04218	0.00265	0.00759
20	0.01011	0.02368	0.63101	0.01401	0.02057	0.01107	0.01724	0.01540	0.01130	0.01662	0.01369	0.16441	0.01252	0.00747	0.00552	0.00182	0.00711	0.00624	0.00283	0.00736
21	0.05139	0.10311	0.00916	0.00745	0.00894	0.00716	0.00572	0.00958	0.01125	0.01492	0.05300	0.37340	0.21381	0.02847	0.00665	0.00204	0.00364	0.08077	0.00463	0.00491
22	0.02820	0.06925	0.01603	0.02719	0.05516	0.08366	0.08212	0.05577	0.11232	0.25773	0.01786	0.04088	0.01429	0.00752	0.00583	0.00178	0.01778	0.09408	0.00481	0.00774
23	0.00954	0.00524	0.00747	0.00757	0.00808	0.00520	0.00525	0.00902	0.00880	0.06614	0.01651	0.21269	0.01744	0.06405	0.11928	0.41705	0.00569	0.00777	0.00347	0.00376
24	0.01342	0.01317	0.02334	0.03219	0.68409	0.01305	0.10606	0.01682	0.01247	0.01777	0.01035	0.01364	0.00859	0.00483	0.00552	0.00165	0.00681	0.00505	0.00271	0.00848
25	0.01236	0.01195	0.02015	0.12939	0.44544	0.01294	0.06821	0.01537	0.01181	0.01681	0.06430	0.01542	0.01126	0.00612	0.00756	0.00179	0.13345	0.00531	0.00285	0.00752
26	0.01007	0.00894	0.00973	0.00954	0.01089	0.10109	0.03275	0.06415	0.01247	0.01581	0.05868	0.34924	0.06712	0.05358	0.07343	0.00275	0.02393	0.08614	0.00445	0.00523
27	0.01370	0.11013	0.02306	0.09416	0.49711	0.04611	0.09128	0.02978	0.01253	0.01694	0.00994	0.01297	0.00823	0.00492	0.00526	0.00160	0.00688	0.00473	0.00269	0.00800

[dist]
# distance from previous block
# <min> <max>
1	6

[block]
# block no. 2 follows, 44 sequences, length 15
# corresponding to MSA columns:
# 199-213
name=unknown_C
#
# <colnr> <probs for GDERKNQSTAVLIFYWHMCP>
#	G	D	E	R	K	N	Q	S	T	A	V	L	I	F	Y	W	H	M	C	P
0	0.01374	0.71326	0.02602	0.00909	0.01333	0.01962	0.00887	0.01557	0.01139	0.01362	0.07573	0.01201	0.01117	0.00644	0.02977	0.00147	0.00583	0.00363	0.00268	0.00676
1	0.01385	0.07324	0.28327	0.02194	0.34722	0.01268	0.01603	0.01790	0.01233	0.10383	0.01117	0.01297	0.00846	0.00514	0.00515	0.00160	0.00668	0.00445	0.00302	0.03908
2	0.01415	0.43764	0.26728	0.01194	0.01745	0.10017	0.01293	0.03510	0.03097	0.01507	0.00887	0.01014	0.00727	0.00504	0.00429	0.00140	0.00694	0.00346	0.00253	0.00736
3	0.67845	0.01222	0.00960	0.07802	0.01366	0.10036	0.00725	0.01649	0.01012	0.02226	0.00787	0.00947	0.00615	0.00516	0.00373	0.00167	0.00513	0.00318	0.00322	0.00597
4	0.00932	0.02784	0.21841	0.01379	0.08280	0.00884	0.09562	0.01241	0.01135	0.01566	0.02133	0.36022	0.05384	0.01095	0.00622	0.00196	0.00555	0.03391	0.00380	0.00618
5	0.01132	0.01232	0.08399	0.07289	0.42366	0.01093	0.05959	0.01450	0.01209	0.01662	0.01955	0.02175	0.16342	0.00847	0.04361	0.00205	0.00647	0.00628	0.00314	0.00734
6	0.01154	0.02402	0.62300	0.01458	0.02142	0.01157	0.04718	0.01659	0.01127	0.05524	0.01040	0.01257	0.00759	0.00680	0.00708	0.09731	0.00755	0.00428	0.00255	0.00744
7	0.02081	0.05208	0.10020	0.00997	0.01444	0.00893	0.00912	0.02332	0.01462	0.58460	0.02246	0.02027	0.07986	0.00709	0.00543	0.00168	0.00492	0.00572	0.00587	0.00861
8	0.01199	0.07011	0.26140	0.09713	0.24415	0.01196	0.03014	0.01603	0.01249	0.04957	0.12778	0.01708	0.01464	0.00605	0.00539	0.00166	0.00639	0.00529	0.00320	0.00754
9	0.00679	0.00493	0.00642	0.00742	0.00798	0.00456	0.00510	0.00796	0.01112	0.01476	0.09789	0.64978	0.10063	0.01621	0.00688	0.00215	0.00313	0.03661	0.00514	0.00452
10	0.01063	0.00995	0.01639	0.54761	0.11658	0.01163	0.04376	0.01482	0.06089	0.01530	0.02994	0.05484	0.03200	0.00640	0.00561	0.00182	0.00663	0.00581	0.00296	0.00643
11	0.04553	0.01362	0.11310	0.29555	0.20957	0.03222	0.06373	0.01608	0.04818	0.01666	0.04238	0.01481	0.00987	0.00576	0.00610	0.00177	0.05010	0.00501	0.00285	0.00710
12	0.03680	0.17723	0.02100	0.09234	0.26520	0.16020	0.04400	0.08708	0.01364	0.01719	0.00946	0.01179	0.00781	0.00530	0.00528	0.00154	0.02953	0.00423	0.00289	0.00749
13	0.00714	0.00496	0.00618	0.00695	0.00714	0.00476	0.00438	0.00772	0.00946	0.01261	0.02503	0.50508	0.02973	0.32548	0.01506	0.00341	0.00399	0.01255	0.00438	0.00399
14	0.01372	0.01303	0.01356	0.05949	0.07561	0.15880	0.03049	0.08792	0.10790	0.05005	0.06582	0.03390	0.17031	0.00844	0.00691	0.00177	0.08475	0.00664	0.00418	0.00673

[dist]
# distance from previous block
# <min> <max>
1	4

[block]
# block no. 3 follows, 44 sequences, length 12
# corresponding to MSA columns:
# 218-229
name=unknown_D
#
# <colnr> <probs for GDERKNQSTAVLIFYWHMCP>
#	G	D	E	R	K	N	Q	S	T	A	V	L	I	F	Y	W	H	M	C	P
0	0.00685	0.00588	0.00591	0.00584	0.00775	0.00511	0.00440	0.00903	0.05538	0.01519	0.05334	0.05063	0.72904	0.01344	0.00639	0.00184	0.00285	0.01120	0.00509	0.00483
1	0.00893	0.00595	0.00805	0.00874	0.00999	0.00569	0.00709	0.01101	0.01268	0.06149	0.14342	0.22707	0.07207	0.01438	0.00705	0.00224	0.00408	0.37966	0.00528	0.00513
2	0.05399	0.01500	0.15229	0.01262	0.04631	0.04386	0.01115	0.19265	0.09367	0.16315	0.03799	0.01788	0.01260	0.04038	0.00705	0.00191	0.05112	0.03386	0.00456	0.00796
3	0.01306	0.01181	0.01752	0.15896	0.31932	0.01282	0.03549	0.06399	0.22163	0.01952	0.02935	0.01805	0.01239	0.00629	0.00559	0.00176	0.00593	0.03479	0.00377	0.00796
4	0.00780	0.00578	0.00845	0.00845	0.00931	0.00665	0.00643	0.00953	0.00867	0.01242	0.01489	0.02300	0.01432	0.12601	0.70262	0.00838	0.01357	0.00607	0.00296	0.00469
5	0.55366	0.09650	0.03424	0.01026	0.05725	0.07965	0.00811	0.03722	0.01066	0.02144	0.00801	0.00954	0.00646	0.00531	0.00444	0.00164	0.04281	0.00328	0.00316	0.00637
6	0.00701	0.00501	0.00675	0.00801	0.00849	0.00474	0.00570	0.00823	0.01080	0.01433	0.02985	0.67747	0.03526	0.01673	0.00706	0.00226	0.00348	0.13926	0.00505	0.00453
7	0.01248	0.15608	0.04460	0.00895	0.01142	0.04587	0.00745	0.03471	0.01241	0.14007	0.05795	0.29539	0.06660	0.01129	0.00641	0.03552	0.00458	0.03761	0.00456	0.00606
8	0.23119	0.22619	0.32970	0.01133	0.01702	0.01455	0.01277	0.01734	0.01110	0.07068	0.00945	0.01059	0.00712	0.00512	0.00429	0.00157	0.00624	0.00356	0.00290	0.00730
9	0.01263	0.05064	0.06338	0.06067	0.14992	0.01422	0.07499	0.08816	0.01184	0.01683	0.03234	0.01486	0.00988	0.04234	0.05181	0.00244	0.28810	0.00515	0.00295	0.00686
10	0.01008	0.00764	0.01101	0.07277	0.19672	0.00772	0.00784	0.01135	0.00990	0.04760	0.01713	0.08172	0.03922	0.43656	0.01752	0.00365	0.00548	0.00746	0.00342	0.00520
11	0.01457	0.37208	0.15209	0.04959	0.05926	0.03095	0.03246	0.07041	0.01283	0.07214	0.02370	0.01173	0.00864	0.00518	0.00447	0.00140	0.00623	0.00389	0.00305	0.06532

[dist]
# distance from previous block
# <min> <max>
6	25

[block]
# block no. 4 follows, 44 sequences, length 19
# corresponding to MSA columns:
# 259-266,271-281
name=unknown_E
#
# <colnr> <probs for GDERKNQSTAVLIFYWHMCP>
#	G	D	E	R	K	N	Q	S	T	A	V	L	I	F	Y	W	H	M	C	P
0	0.01104	0.03912	0.04450	0.08095	0.23877	0.03068	0.01071	0.04441	0.07046	0.01758	0.08898	0.05499	0.18108	0.00945	0.02644	0.00193	0.00538	0.03283	0.00396	0.00674
1	0.05407	0.06439	0.18778	0.01388	0.05993	0.19052	0.03967	0.10888	0.04153	0.09369	0.03469	0.01598	0.03950	0.00636	0.00522	0.00163	0.00696	0.02411	0.00373	0.00750
2	0.10698	0.04124	0.13355	0.05706	0.32447	0.06230	0.04037	0.06915	0.01256	0.01842	0.00976	0.01248	0.00789	0.00603	0.00632	0.04899	0.02765	0.00442	0.00287	0.00750
3	0.09751	0.35030	0.03622	0.03653	0.01637	0.03772	0.06206	0.20069	0.03471	0.02033	0.00983	0.01098	0.00787	0.00526	0.00440	0.00142	0.00601	0.00387	0.00339	0.05455
4	0.02954	0.00762	0.03597	0.00846	0.01047	0.00681	0.00679	0.03008	0.07406	0.06658	0.22546	0.23298	0.06573	0.01176	0.00627	0.00190	0.00374	0.10590	0.00520	0.06468
5	0.00765	0.00517	0.00603	0.00630	0.00637	0.00510	0.00368	0.00785	0.00847	0.01130	0.01997	0.20265	0.02335	0.63662	0.02324	0.00462	0.00482	0.00957	0.00368	0.00355
6	0.07657	0.17970	0.06859	0.03945	0.36600	0.03337	0.06584	0.03409	0.05461	0.01768	0.01021	0.01244	0.00835	0.00505	0.00491	0.00156	0.00643	0.00441	0.00287	0.00786
7	0.01458	0.81168	0.02857	0.00933	0.01399	0.02157	0.00933	0.01632	0.01108	0.01283	0.00758	0.00875	0.00700	0.00466	0.00350	0.00117	0.00583	0.00292	0.00233	0.00700
8	0.01401	0.01277	0.01715	0.02060	0.35517	0.04635	0.01181	0.03461	0.01312	0.01899	0.01219	0.01484	0.02668	0.00558	0.00531	0.00148	0.00583	0.00461	0.00347	0.37542
9	0.01188	0.01148	0.02001	0.40585	0.36091	0.01260	0.06799	0.01541	0.01170	0.01589	0.01003	0.01409	0.00794	0.00513	0.00550	0.00173	0.00706	0.00496	0.00257	0.00728
10	0.00664	0.00474	0.00633	0.00759	0.00791	0.00443	0.00506	0.00759	0.01044	0.01392	0.03005	0.80485	0.03606	0.01708	0.00696	0.00221	0.00316	0.01550	0.00506	0.00443
11	0.01713	0.16564	0.19732	0.01356	0.01793	0.46936	0.01258	0.01975	0.01375	0.01417	0.00860	0.01003	0.00699	0.00535	0.00473	0.00144	0.00871	0.00353	0.00261	0.00685
12	0.01331	0.01295	0.02268	0.06554	0.68314	0.01298	0.07545	0.01667	0.01238	0.01762	0.01029	0.01363	0.00855	0.00486	0.00548	0.00165	0.00673	0.00498	0.00269	0.00842
13	0.00662	0.00482	0.00624	0.00738	0.00785	0.00445	0.00497	0.00761	0.01064	0.01400	0.03262	0.72801	0.11123	0.01675	0.00691	0.00218	0.00312	0.01509	0.00506	0.00445
14	0.00947	0.00473	0.00710	0.00710	0.00710	0.00473	0.00473	0.00710	0.00710	0.00947	0.00947	0.01657	0.00947	0.01894	0.02131	0.84138	0.00473	0.00473	0.00237	0.00237
15	0.01603	0.03749	0.12683	0.03917	0.05956	0.19777	0.01171	0.11958	0.03058	0.10252	0.01307	0.08942	0.01117	0.00741	0.00704	0.00175	0.11241	0.00549	0.00373	0.00727
16	0.01430	0.01361	0.02039	0.11879	0.57750	0.07936	0.01554	0.03398	0.01292	0.04637	0.01053	0.01348	0.00854	0.00510	0.00537	0.00163	0.00678	0.00477	0.00289	0.00818
17	0.02144	0.00919	0.01236	0.01036	0.04231	0.00827	0.00805	0.02454	0.06818	0.61494	0.07633	0.02126	0.04256	0.00728	0.00559	0.00170	0.00447	0.00603	0.00640	0.00875
18	0.01375	0.01959	0.36709	0.04074	0.21972	0.01266	0.01628	0.12097	0.01396	0.07324	0.01200	0.04433	0.00933	0.00588	0.00537	0.00170	0.00689	0.00495	0.00328	0.00827

[dist]
# distance from previous block
# <min> <max>
6	7

[block]
# block no. 5 follows, 44 sequences, length 29
# corresponding to MSA columns:
# 292-320
name=unknown_F
#
# <colnr> <probs for GDERKNQSTAVLIFYWHMCP>
#	G	D	E	R	K	N	Q	S	T	A	V	L	I	F	Y	W	H	M	C	P
0	0.14325	0.07030	0.39381	0.01328	0.04938	0.01231	0.02666	0.06842	0.01223	0.03033	0.03112	0.10161	0.01152	0.00672	0.00507	0.00173	0.00638	0.00539	0.00319	0.00728
1	0.01102	0.02760	0.74667	0.01587	0.02382	0.01271	0.05303	0.01727	0.01157	0.01727	0.00984	0.01165	0.00697	0.00515	0.00524	0.00173	0.00811	0.00414	0.00232	0.00803
2	0.13913	0.00585	0.00678	0.00761	0.00858	0.00584	0.00546	0.00931	0.01067	0.01605	0.04936	0.55998	0.06640	0.01469	0.00640	0.00212	0.00345	0.07276	0.00482	0.00474
3	0.01488	0.21669	0.11904	0.01641	0.13108	0.04979	0.12384	0.14351	0.01458	0.04777	0.03581	0.04075	0.01051	0.00584	0.00513	0.00157	0.00668	0.00501	0.00338	0.00773
4	0.01517	0.01122	0.01409	0.01469	0.16942	0.02517	0.00973	0.12845	0.14723	0.13741	0.03064	0.02075	0.07460	0.00701	0.00542	0.00160	0.00499	0.03834	0.00466	0.13940
5	0.13894	0.00566	0.00659	0.00752	0.00832	0.00566	0.00519	0.00892	0.01026	0.01558	0.02651	0.67952	0.03131	0.01519	0.00639	0.00213	0.00333	0.01352	0.00480	0.00466
6	0.01171	0.01017	0.01719	0.14049	0.38156	0.01065	0.04809	0.01349	0.01058	0.01470	0.01020	0.01533	0.00903	0.04152	0.01070	0.20847	0.03218	0.00502	0.00259	0.00633
7	0.01277	0.03987	0.35917	0.18000	0.02360	0.01146	0.05636	0.01719	0.01197	0.13588	0.01375	0.01560	0.03987	0.00781	0.04946	0.00213	0.00750	0.00494	0.00320	0.00743
8	0.01306	0.02522	0.65932	0.01462	0.02207	0.01193	0.01823	0.01873	0.01215	0.13706	0.01163	0.01262	0.00794	0.00543	0.00523	0.00172	0.00752	0.00426	0.00300	0.00825
9	0.01035	0.00584	0.00706	0.00677	0.00748	0.00559	0.00430	0.01081	0.00950	0.13190	0.01970	0.14294	0.02115	0.56907	0.02127	0.00428	0.00488	0.00863	0.00410	0.00440
10	0.01276	0.07734	0.05508	0.05211	0.08395	0.08263	0.16368	0.04035	0.07008	0.04827	0.13381	0.09952	0.02793	0.00766	0.00597	0.00173	0.01943	0.00695	0.00391	0.00685
11	0.14333	0.01263	0.05841	0.01326	0.01424	0.01577	0.01144	0.01381	0.00867	0.01514	0.00737	0.01142	0.00695	0.00859	0.01489	0.00224	0.62879	0.00444	0.00254	0.00607
12	0.01387	0.01153	0.01664	0.01389	0.01484	0.01500	0.04654	0.01538	0.00971	0.13377	0.00974	0.01329	0.00833	0.00947	0.03016	0.00237	0.62085	0.00498	0.00310	0.00653
13	0.01250	0.01523	0.11615	0.02148	0.14854	0.01249	0.42774	0.01673	0.01239	0.01754	0.01054	0.01359	0.00814	0.00462	0.00574	0.00163	0.00780	0.00538	0.00277	0.13901
14	0.01499	0.31987	0.23110	0.01164	0.01672	0.06318	0.02681	0.01811	0.01233	0.14614	0.01265	0.04693	0.01048	0.00623	0.00479	0.00155	0.00641	0.03925	0.00336	0.00745
15	0.01297	0.01226	0.02010	0.07245	0.61293	0.01201	0.01502	0.01610	0.01215	0.01758	0.01013	0.01321	0.00847	0.00476	0.00519	0.00150	0.00614	0.00460	0.00277	0.13965
16	0.13936	0.00668	0.00748	0.00690	0.00895	0.00631	0.03583	0.01012	0.01263	0.01812	0.22290	0.06549	0.41708	0.01149	0.00597	0.00180	0.00322	0.00967	0.00493	0.00505
17	0.01336	0.47098	0.02629	0.03798	0.01759	0.01787	0.17673	0.01556	0.01102	0.01382	0.00907	0.03279	0.00821	0.00609	0.00650	0.03596	0.08661	0.00437	0.00251	0.00668
18	0.01051	0.04643	0.38692	0.01492	0.02040	0.01122	0.18515	0.01500	0.01179	0.01668	0.05507	0.13993	0.02924	0.02460	0.00627	0.00189	0.00701	0.00689	0.00312	0.00696
19	0.00824	0.00635	0.00895	0.00855	0.01007	0.00667	0.00660	0.01017	0.00931	0.01357	0.01520	0.08923	0.01474	0.03298	0.59447	0.00693	0.01193	0.00629	0.00316	0.13659
20	0.01210	0.01262	0.01309	0.17903	0.01834	0.22053	0.03176	0.01431	0.01138	0.01347	0.01253	0.01926	0.01142	0.03636	0.29100	0.00437	0.03613	0.05377	0.00291	0.00560
21	0.03065	0.03304	0.08891	0.01105	0.01505	0.03492	0.04264	0.22235	0.07533	0.18797	0.05952	0.03398	0.12487	0.00780	0.00560	0.00171	0.00531	0.00637	0.00508	0.00784
22	0.00776	0.00534	0.00651	0.00714	0.00790	0.00518	0.00493	0.00990	0.05357	0.01605	0.10153	0.48370	0.06226	0.06209	0.00757	0.00217	0.00318	0.01215	0.13632	0.00478
23	0.00857	0.00736	0.01219	0.03488	0.04915	0.00728	0.12464	0.01054	0.01129	0.01524	0.05520	0.46902	0.02844	0.01340	0.00725	0.00214	0.03720	0.09649	0.00443	0.00530
24	0.01396	0.19012	0.35034	0.01580	0.10730	0.04971	0.02988	0.09945	0.02743	0.03719	0.01018	0.01167	0.00777	0.00536	0.00515	0.00159	0.02216	0.00410	0.00291	0.00794
25	0.03470	0.14571	0.10363	0.05025	0.05136	0.08324	0.08610	0.02088	0.15883	0.15093	0.01409	0.01482	0.01051	0.00748	0.04230	0.00197	0.00675	0.00485	0.00389	0.00771
26	0.00767	0.00626	0.02684	0.00782	0.00887	0.00571	0.01814	0.00965	0.02940	0.01660	0.27249	0.34022	0.08226	0.09625	0.00914	0.00233	0.02530	0.02518	0.00502	0.00485
27	0.06193	0.11455	0.13665	0.01290	0.05589	0.06018	0.01136	0.17452	0.02969	0.18308	0.03013	0.01375	0.01010	0.00630	0.00612	0.00166	0.07442	0.00458	0.00418	0.00802
28	0.03107	0.05363	0.10672	0.18249	0.14005	0.04940	0.02653	0.18710	0.06787	0.06937	0.01198	0.01370	0.00892	0.00582	0.00552	0.00169	0.02186	0.00474	0.00368	0.00789

[dist]
# distance from previous block
# <min> <max>
11	48

[block]
# block no. 6 follows, 44 sequences, length 30
# corresponding to MSA columns:
# 374-403
name=unknown_G
#
# <colnr> <probs for GDERKNQSTAVLIFYWHMCP>
#	G	D	E	R	K	N	Q	S	T	A	V	L	I	F	Y	W	H	M	C	P
0	0.02562	0.09150	0.14283	0.03347	0.12197	0.04590	0.04253	0.08702	0.09416	0.01882	0.07173	0.06446	0.01418	0.00871	0.04946	0.00205	0.02737	0.00567	0.00361	0.04893
1	0.01413	0.11666	0.07015	0.01801	0.25192	0.03448	0.02120	0.10637	0.04806	0.06125	0.05977	0.03947	0.02806	0.00725	0.00688	0.04410	0.05575	0.00539	0.00361	0.00751
2	0.01363	0.17144	0.14328	0.01349	0.11019	0.06169	0.01108	0.08909	0.05552	0.06581	0.09007	0.03383	0.08311	0.00793	0.02527	0.00178	0.00597	0.00569	0.00384	0.00729
3	0.00948	0.00890	0.07456	0.00940	0.01089	0.03567	0.00774	0.01137	0.01061	0.05294	0.09888	0.22132	0.02243	0.08586	0.23081	0.00419	0.08717	0.00853	0.00391	0.00531
4	0.04081	0.05216	0.09246	0.04608	0.13963	0.03568	0.03130	0.01298	0.01100	0.01530	0.01957	0.17996	0.11438	0.00968	0.00815	0.00193	0.15982	0.01946	0.00343	0.00621
5	0.05549	0.12748	0.08436	0.01328	0.05623	0.09193	0.05735	0.16914	0.07410	0.04927	0.01381	0.11106	0.01221	0.00734	0.00598	0.00170	0.05218	0.00584	0.00388	0.00738
6	0.01356	0.05363	0.01932	0.10209	0.47707	0.01224	0.01392	0.03396	0.01245	0.06654	0.01174	0.05292	0.01004	0.00569	0.00548	0.00159	0.01911	0.00518	0.00314	0.08035
7	0.01506	0.01146	0.05511	0.01390	0.09935	0.01194	0.01055	0.06361	0.06339	0.20471	0.07281	0.03989	0.05150	0.00830	0.00944	0.00193	0.24926	0.00602	0.00437	0.00740
8	0.01692	0.01893	0.09923	0.04746	0.05877	0.29968	0.07353	0.11060	0.08009	0.07648	0.01434	0.01519	0.05193	0.00625	0.00537	0.00162	0.00756	0.00494	0.00372	0.00740
9	0.03811	0.13795	0.16507	0.01164	0.03408	0.05453	0.05100	0.03142	0.03249	0.04396	0.06208	0.14917	0.05565	0.01053	0.04715	0.00214	0.00619	0.05662	0.00375	0.00647
10	0.00705	0.00512	0.00670	0.00758	0.00829	0.00477	0.00542	0.00848	0.01168	0.01560	0.15758	0.53341	0.09516	0.01559	0.00689	0.00213	0.00324	0.09544	0.00522	0.00463
11	0.01202	0.01240	0.06008	0.35037	0.42698	0.01259	0.01625	0.01559	0.01173	0.01616	0.00999	0.01382	0.00797	0.00512	0.00541	0.00171	0.00689	0.00481	0.00256	0.00753
12	0.04659	0.17959	0.34153	0.01371	0.03546	0.06921	0.06851	0.03647	0.02924	0.01699	0.04873	0.05742	0.01118	0.00616	0.00519	0.00163	0.01725	0.00494	0.00293	0.00726
13	0.01206	0.01119	0.01837	0.07481	0.39939	0.01175	0.06789	0.01520	0.03570	0.03376	0.01634	0.08080	0.07477	0.00750	0.00716	0.00183	0.09512	0.02575	0.00328	0.00732
14	0.01156	0.01159	0.01513	0.01331	0.01402	0.07671	0.05000	0.01306	0.00976	0.01368	0.01228	0.11247	0.01287	0.01205	0.05745	0.00262	0.49232	0.06038	0.00299	0.00575
15	0.01204	0.05666	0.04337	0.31557	0.03842	0.03331	0.12871	0.01598	0.06443	0.05377	0.01351	0.07715	0.02633	0.00697	0.00691	0.00185	0.08925	0.00601	0.00318	0.00661
16	0.06962	0.18583	0.26572	0.01316	0.01863	0.06980	0.07728	0.13815	0.01423	0.06196	0.01155	0.01261	0.02724	0.00557	0.00489	0.00158	0.00690	0.00431	0.00329	0.00769
17	0.00672	0.00511	0.00618	0.00681	0.00776	0.00458	0.00477	0.00802	0.01174	0.01522	0.13451	0.45633	0.28213	0.01523	0.00672	0.00203	0.00295	0.01344	0.00518	0.00458
18	0.01419	0.01599	0.05948	0.23834	0.32034	0.19324	0.03385	0.03097	0.01291	0.01596	0.00972	0.01285	0.00779	0.00524	0.00532	0.00164	0.00762	0.00454	0.00268	0.00733
19	0.01551	0.20399	0.20333	0.01478	0.01999	0.17835	0.16205	0.06952	0.01370	0.05509	0.01006	0.01163	0.00772	0.00521	0.00502	0.00154	0.00783	0.00428	0.00295	0.00745
20	0.53452	0.01391	0.05454	0.00993	0.01342	0.09471	0.02791	0.09936	0.01191	0.02294	0.00848	0.00997	0.00661	0.00562	0.00506	0.00171	0.06598	0.00352	0.00340	0.00649
21	0.00770	0.00555	0.00751	0.00762	0.00823	0.00603	0.00540	0.00889	0.00872	0.01211	0.01788	0.09467	0.03769	0.29855	0.44136	0.00683	0.01014	0.00753	0.00329	0.00429
22	0.01329	0.47091	0.24632	0.01267	0.05958	0.03873	0.01291	0.01649	0.01148	0.01461	0.00959	0.01281	0.00843	0.00544	0.00436	0.00144	0.00658	0.04458	0.00251	0.00727
23	0.01157	0.01137	0.01703	0.51697	0.17447	0.06674	0.01454	0.01477	0.01128	0.01453	0.00983	0.01423	0.00783	0.00734	0.04550	0.00213	0.04605	0.00480	0.00253	0.00650
24	0.00663	0.00481	0.00626	0.00742	0.00786	0.00444	0.00498	0.00761	0.01060	0.01398	0.03214	0.74248	0.09707	0.01681	0.00692	0.00218	0.00313	0.01517	0.00506	0.00444
25	0.01268	0.06865	0.25451	0.18705	0.02332	0.03340	0.06693	0.04412	0.07475	0.05460	0.01125	0.01364	0.00853	0.00693	0.02762	0.00198	0.09503	0.00471	0.00301	0.00729
26	0.05244	0.01120	0.05391	0.36666	0.16039	0.01170	0.02429	0.05303	0.05441	0.04467	0.01333	0.06508	0.01141	0.00676	0.00556	0.00182	0.00634	0.04678	0.00331	0.00689
27	0.00826	0.00678	0.00973	0.10459	0.10888	0.00673	0.00791	0.01028	0.01205	0.01597	0.14074	0.28743	0.17104	0.01245	0.00645	0.00197	0.00407	0.07473	0.00458	0.00535
28	0.01620	0.01020	0.01180	0.00991	0.01311	0.01054	0.00798	0.18891	0.19406	0.21360	0.11894	0.02640	0.09626	0.00860	0.00582	0.00178	0.00444	0.04776	0.00581	0.00788
29	0.01578	0.01036	0.01362	0.05117	0.05710	0.01144	0.00951	0.14935	0.01439	0.22373	0.01961	0.08605	0.09368	0.00944	0.02247	0.00203	0.19167	0.00665	0.00466	0.00731

[dist]
# distance from previous block
# <min> <max>
2	5

[block]
# block no. 7 follows, 44 sequences, length 50
# corresponding to MSA columns:
# 409-434,458-465,469-472,479-490
name=unknown_H
#
# <colnr> <probs for GDERKNQSTAVLIFYWHMCP>
#	G	D	E	R	K	N	Q	S	T	A	V	L	I	F	Y	W	H	M	C	P
0	0.01597	0.15290	0.10256	0.01419	0.08746	0.09933	0.01164	0.20246	0.07868	0.05083	0.01207	0.01414	0.00965	0.00736	0.02841	0.00185	0.07460	0.02438	0.00374	0.00779
1	0.01491	0.03573	0.01864	0.08366	0.25190	0.02690	0.08782	0.21893	0.02811	0.05068	0.08335	0.04761	0.01397	0.00653	0.00562	0.00168	0.00613	0.00588	0.00403	0.00791
2	0.05998	0.19392	0.51041	0.01340	0.02014	0.01465	0.01612	0.05851	0.01220	0.03975	0.00971	0.01106	0.00719	0.00518	0.00474	0.00160	0.00715	0.00382	0.00267	0.00781
3	0.00793	0.00529	0.00595	0.00595	0.00595	0.00529	0.00330	0.00793	0.00793	0.01057	0.01718	0.03568	0.01982	0.80840	0.02775	0.00529	0.00529	0.00793	0.00330	0.00330
4	0.00933	0.01375	0.23894	0.06682	0.09490	0.02431	0.01128	0.01273	0.01257	0.01695	0.16360	0.03023	0.24926	0.02430	0.00626	0.00182	0.00520	0.00759	0.00390	0.00626
5	0.01134	0.11437	0.69749	0.01486	0.02254	0.01364	0.01895	0.01716	0.01146	0.01678	0.00954	0.01121	0.00692	0.00512	0.00499	0.00166	0.00781	0.00391	0.00231	0.00794
6	0.01166	0.01139	0.07397	0.00886	0.01385	0.00817	0.00772	0.05529	0.01215	0.01856	0.01121	0.01262	0.03021	0.00455	0.00428	0.00096	0.00444	0.00363	0.00333	0.70316
7	0.01204	0.01175	0.02079	0.36049	0.37110	0.01269	0.10095	0.01561	0.01181	0.01610	0.01010	0.01408	0.00800	0.00508	0.00554	0.00173	0.00713	0.00503	0.00259	0.00738
8	0.00803	0.00591	0.00756	0.00709	0.00847	0.00560	0.00533	0.01130	0.05601	0.02191	0.73093	0.03962	0.04956	0.01094	0.00638	0.00172	0.00267	0.00966	0.00598	0.00533
9	0.01160	0.01184	0.02047	0.05799	0.02039	0.05712	0.36258	0.01468	0.01238	0.04427	0.02222	0.03904	0.19367	0.00955	0.05047	0.00223	0.05226	0.00741	0.00348	0.00635
10	0.23884	0.15321	0.18620	0.01520	0.12677	0.03060	0.08904	0.04584	0.01172	0.01905	0.00969	0.03356	0.00797	0.00535	0.00462	0.00162	0.00634	0.00427	0.00292	0.00721
11	0.00676	0.00483	0.00647	0.00773	0.00810	0.00453	0.00527	0.00780	0.01056	0.01405	0.02998	0.76277	0.03579	0.01697	0.00699	0.00223	0.00327	0.05638	0.00506	0.00446
12	0.00947	0.00473	0.00710	0.00710	0.00710	0.00473	0.00473	0.00710	0.00710	0.00947	0.00947	0.01657	0.00947	0.01894	0.02131	0.84138	0.00473	0.00473	0.00237	0.00237
13	0.01284	0.16845	0.14483	0.15718	0.22842	0.01337	0.01374	0.03077	0.01246	0.05917	0.08022	0.01622	0.01247	0.00591	0.00515	0.00162	0.00625	0.02039	0.00314	0.00742
14	0.00830	0.00711	0.05124	0.00860	0.01020	0.00594	0.00723	0.02421	0.01239	0.03065	0.09225	0.26937	0.16676	0.01423	0.00687	0.00216	0.00406	0.26833	0.00501	0.00512
15	0.02298	0.00896	0.01210	0.00939	0.01339	0.00774	0.00772	0.02506	0.01542	0.71402	0.04475	0.02108	0.05692	0.00727	0.00556	0.00170	0.00448	0.00594	0.00663	0.00890
16	0.01099	0.01033	0.01749	0.07633	0.32486	0.01031	0.11835	0.01446	0.04947	0.01712	0.07644	0.16035	0.07317	0.00831	0.00599	0.00181	0.00565	0.00792	0.00368	0.00695
17	0.03122	0.03314	0.18969	0.15586	0.10483	0.08904	0.08755	0.08692	0.04733	0.09063	0.01165	0.01353	0.00857	0.00562	0.00558	0.00170	0.02137	0.00474	0.00335	0.00768
18	0.07317	0.01179	0.01377	0.01071	0.01487	0.01200	0.00882	0.30617	0.06086	0.40395	0.01746	0.01596	0.01158	0.00660	0.00534	0.00168	0.00512	0.00514	0.00598	0.00903
19	0.01804	0.17859	0.01951	0.03096	0.08721	0.48109	0.04652	0.04899	0.01450	0.01470	0.00876	0.01041	0.00732	0.00534	0.00478	0.00142	0.00850	0.00374	0.00280	0.00683
20	0.00771	0.00520	0.00601	0.00622	0.00627	0.00514	0.00360	0.00787	0.00835	0.01113	0.01932	0.16360	0.02252	0.67680	0.02429	0.00477	0.00493	0.00919	0.00360	0.00349
21	0.04083	0.05684	0.01492	0.01191	0.02803	0.03686	0.00946	0.31373	0.37736	0.02651	0.01681	0.01612	0.01250	0.00675	0.00532	0.00171	0.00525	0.00530	0.00515	0.00865
22	0.01342	0.09737	0.28569	0.01329	0.04479	0.04305	0.05893	0.03500	0.01247	0.08999	0.03589	0.01308	0.00950	0.00534	0.00526	0.00146	0.02896	0.00427	0.00321	0.19904
23	0.01338	0.26049	0.29825	0.01639	0.14954	0.01552	0.03572	0.05584	0.04622	0.03236	0.01027	0.01188	0.00807	0.00571	0.01701	0.00165	0.00690	0.00410	0.00280	0.00788
24	0.04249	0.06961	0.68963	0.01510	0.02272	0.01316	0.03954	0.01717	0.01144	0.01730	0.00962	0.01135	0.00691	0.00513	0.00506	0.00170	0.00782	0.00400	0.00236	0.00790
25	0.00681	0.00493	0.00668	0.03010	0.00885	0.00470	0.00546	0.00788	0.01051	0.01399	0.02943	0.76075	0.03510	0.01669	0.00693	0.00221	0.00333	0.03617	0.00498	0.00449
26	0.01506	0.13940	0.30374	0.01381	0.01946	0.03393	0.11832	0.04669	0.01310	0.18045	0.01333	0.05605	0.01020	0.00606	0.00527	0.00166	0.00685	0.00515	0.00361	0.00786
27	0.02059	0.01502	0.01615	0.01243	0.01675	0.01660	0.01025	0.71690	0.04829	0.05111	0.01356	0.01344	0.00960	0.00658	0.00546	0.00164	0.00592	0.00496	0.00549	0.00925
28	0.00690	0.00495	0.00621	0.00706	0.00750	0.00463	0.00465	0.00778	0.01036	0.01368	0.05790	0.56248	0.10505	0.16139	0.01069	0.00272	0.00349	0.01351	0.00477	0.00427
29	0.01198	0.01141	0.01939	0.39419	0.42550	0.01256	0.01598	0.01540	0.01170	0.01597	0.00999	0.01399	0.00799	0.00514	0.00542	0.00171	0.00685	0.00485	0.00257	0.00741
30	0.04443	0.02020	0.44511	0.01323	0.01898	0.01174	0.04244	0.05747	0.11062	0.01962	0.10884	0.01782	0.03628	0.00723	0.02103	0.00188	0.00664	0.00539	0.00351	0.00755
31	0.01093	0.02820	0.78016	0.01554	0.02360	0.01266	0.02014	0.01727	0.01151	0.01727	0.00978	0.01151	0.00691	0.00518	0.00518	0.00173	0.00806	0.00403	0.00230	0.00806
32	0.00664	0.00474	0.00633	0.00759	0.00791	0.00443	0.00506	0.00759	0.01044	0.01392	0.03005	0.80485	0.03606	0.01708	0.00696	0.00221	0.00316	0.01550	0.00506	0.00443
33	0.01137	0.01036	0.01606	0.10550	0.22331	0.01169	0.04653	0.05634	0.01191	0.01669	0.05719	0.16721	0.01660	0.00912	0.00874	0.00198	0.18664	0.03270	0.00348	0.00659
34	0.01193	0.01193	0.01670	0.01431	0.01431	0.01670	0.01193	0.01312	0.00835	0.01312	0.00716	0.01193	0.00716	0.00954	0.01789	0.00239	0.79843	0.00477	0.00239	0.00596
35	0.00787	0.00551	0.00707	0.00707	0.00745	0.00589	0.00470	0.00865	0.00826	0.01140	0.01615	0.03001	0.01736	0.50331	0.32948	0.00667	0.00899	0.00710	0.00315	0.00393
36	0.01099	0.02778	0.75699	0.01577	0.02375	0.01270	0.04289	0.01727	0.01155	0.01727	0.00982	0.01161	0.00695	0.00516	0.00522	0.00173	0.00809	0.00410	0.00232	0.00804
37	0.11577	0.01344	0.01458	0.02622	0.01535	0.10168	0.04239	0.11511	0.18332	0.10164	0.02558	0.01471	0.01085	0.00712	0.00805	0.00185	0.18574	0.00497	0.00420	0.00743
38	0.01137	0.01079	0.01830	0.53811	0.28630	0.01240	0.01568	0.01488	0.01141	0.01524	0.00988	0.01418	0.00773	0.00525	0.00543	0.00175	0.00700	0.00485	0.00252	0.00693
39	0.00678	0.00521	0.00616	0.00660	0.00768	0.00465	0.00466	0.00816	0.01202	0.01552	0.16772	0.35196	0.33127	0.03686	0.00724	0.00207	0.00296	0.01272	0.00517	0.00459
40	0.00964	0.01468	0.27108	0.10783	0.04113	0.00961	0.07268	0.01375	0.03955	0.01597	0.01899	0.25222	0.03963	0.00970	0.00606	0.00195	0.00605	0.05949	0.00357	0.00641
41	0.01346	0.01305	0.02270	0.03287	0.73217	0.01300	0.05850	0.01677	0.01244	0.01779	0.01030	0.01356	0.00862	0.00484	0.00546	0.00163	0.00663	0.00495	0.00270	0.00856
42	0.00892	0.00784	0.01079	0.01049	0.01067	0.00971	0.00802	0.00997	0.00954	0.01357	0.02019	0.46322	0.02361	0.01383	0.01167	0.00229	0.34580	0.01088	0.00391	0.00509
43	0.01214	0.01290	0.06106	0.35769	0.09124	0.05418	0.11243	0.05780	0.01236	0.01641	0.05287	0.01513	0.01009	0.00617	0.00711	0.00183	0.10381	0.00522	0.00288	0.00670
44	0.01198	0.05692	0.01674	0.05583	0.01554	0.03096	0.03234	0.01451	0.06522	0.01391	0.00923	0.01366	0.00856	0.02979	0.05805	0.00264	0.55035	0.00493	0.00269	0.00615
45	0.00726	0.00531	0.00718	0.00791	0.00861	0.00536	0.00576	0.00862	0.01019	0.01366	0.02677	0.39676	0.08716	0.07444	0.22744	0.00425	0.00668	0.08775	0.00434	0.00455
46	0.01264	0.01293	0.02481	0.15580	0.02601	0.01398	0.41251	0.01614	0.01152	0.04594	0.01026	0.01414	0.00803	0.00605	0.00904	0.00196	0.20290	0.00571	0.00277	0.00686
47	0.01680	0.05989	0.13544	0.01479	0.11284	0.05535	0.03788	0.07025	0.10000	0.23702	0.05030	0.01615	0.01245	0.00642	0.00604	0.00170	0.04888	0.00516	0.00443	0.00820
48	0.01205	0.05703	0.33773	0.01851	0.02477	0.02824	0.37442	0.01702	0.01218	0.01695	0.01106	0.04436	0.00873	0.00535	0.00577	0.00177	0.00834	0.00559	0.00264	0.00749
49	0.02860	0.00868	0.04148	0.01000	0.01210	0.00825	0.02945	0.01556	0.01224	0.26057	0.07663	0.30597	0.02302	0.01112	0.00797	0.00199	0.12550	0.00928	0.00506	0.00653

[dist]
# distance from previous block
# <min> <max>
0	3

[block]
# block no. 8 follows, 44 sequences, length 6
# corresponding to MSA columns:
# 494-499
name=unknown_I
#
# <colnr> <probs for GDERKNQSTAVLIFYWHMCP>
#	G	D	E	R	K	N	Q	S	T	A	V	L	I	F	Y	W	H	M	C	P
0	0.07599	0.03432	0.10668	0.04079	0.07433	0.03200	0.04451	0.04566	0.01285	0.23933	0.01571	0.08613	0.01305	0.00778	0.00702	0.00185	0.10250	0.04780	0.00427	0.00742
1	0.01417	0.17087	0.21853	0.01224	0.01714	0.01245	0.09101	0.05977	0.01366	0.15365	0.10514	0.01978	0.04687	0.00683	0.00535	0.00165	0.00602	0.03341	0.00399	0.00745
2	0.01339	0.06938	0.01997	0.15995	0.39610	0.01269	0.05204	0.01631	0.01200	0.08152	0.01209	0.06523	0.01038	0.00614	0.00610	0.00172	0.04871	0.00554	0.00311	0.00764
3	0.01134	0.06608	0.07101	0.12088	0.10886	0.03342	0.05114	0.05652	0.04184	0.01603	0.01464	0.16893	0.01429	0.01230	0.09902	0.00268	0.09425	0.00695	0.00334	0.00647
4	0.15782	0.09235	0.08109	0.04623	0.20761	0.04868	0.03260	0.01619	0.01179	0.05867	0.07057	0.02901	0.01176	0.00605	0.00573	0.00163	0.05909	0.00478	0.00327	0.05508
5	0.08432	0.04296	0.10462	0.01759	0.19577	0.07512	0.05047	0.07376	0.04706	0.10923	0.01165	0.01376	0.00910	0.02755	0.00744	0.00184	0.11190	0.00472	0.00350	0.00766

[dist]
# distance from previous block
# <min> <max>
2	22

[block]
# block no. 9 follows, 44 sequences, length 25
# corresponding to MSA columns:
# 525-540,549-557
name=unknown_J
#
# <colnr> <probs for GDERKNQSTAVLIFYWHMCP>
#	G	D	E	R	K	N	Q	S	T	A	V	L	I	F	Y	W	H	M	C	P
0	0.00953	0.00756	0.00934	0.03094	0.02954	0.04348	0.02490	0.05074	0.03772	0.03125	0.02611	0.41822	0.05066	0.05176	0.00770	0.00228	0.00449	0.15374	0.00475	0.00530
1	0.01446	0.10884	0.34830	0.05245	0.11717	0.03192	0.05212	0.04793	0.02501	0.13359	0.01174	0.01299	0.00848	0.00540	0.00515	0.00164	0.00700	0.00445	0.00325	0.00809
2	0.02512	0.25658	0.28478	0.05178	0.04103	0.01549	0.12145	0.01791	0.07153	0.03524	0.01051	0.01219	0.00812	0.00524	0.00512	0.00160	0.02163	0.00431	0.00278	0.00756
3	0.01296	0.01451	0.07947	0.11960	0.34442	0.09254	0.03234	0.01641	0.04141	0.01615	0.01201	0.03344	0.03489	0.00639	0.00721	0.00178	0.11904	0.00521	0.00285	0.00738
4	0.01176	0.00728	0.00851	0.00776	0.01008	0.00686	0.00596	0.01568	0.13558	0.18556	0.12757	0.12540	0.30779	0.01126	0.00614	0.00184	0.00345	0.00957	0.00563	0.00634
5	0.01332	0.07646	0.02200	0.16406	0.49923	0.01374	0.06348	0.05151	0.01270	0.01749	0.01013	0.01336	0.00827	0.00501	0.00532	0.00163	0.00672	0.00480	0.00276	0.00800
6	0.01270	0.05110	0.29274	0.08340	0.27073	0.07501	0.06008	0.01683	0.01200	0.01649	0.01007	0.02642	0.00812	0.00545	0.00576	0.00169	0.03648	0.00465	0.00256	0.00772
7	0.00959	0.00882	0.01486	0.01283	0.01450	0.00952	0.17913	0.01172	0.01072	0.01473	0.01971	0.24056	0.03610	0.04339	0.07680	0.00287	0.16264	0.12226	0.00375	0.00549
8	0.35898	0.01326	0.07407	0.01061	0.04141	0.05522	0.00880	0.12181	0.09671	0.09656	0.06318	0.01424	0.01161	0.00613	0.00462	0.00168	0.00511	0.00448	0.00426	0.00725
9	0.01024	0.00919	0.01337	0.28643	0.08264	0.04120	0.01102	0.03650	0.01068	0.01434	0.01252	0.05409	0.01127	0.02006	0.31102	0.00454	0.05650	0.00568	0.00288	0.00584
10	0.01361	0.01282	0.01981	0.02814	0.59404	0.03772	0.01481	0.05223	0.07114	0.01842	0.01160	0.01452	0.00963	0.00804	0.06787	0.00220	0.00704	0.00500	0.00307	0.00829
11	0.00750	0.00555	0.00704	0.00698	0.00827	0.00509	0.00529	0.00972	0.01423	0.01947	0.51947	0.11177	0.17040	0.01246	0.00658	0.00185	0.00287	0.07482	0.00567	0.00498
12	0.03646	0.01972	0.36884	0.02130	0.28638	0.01272	0.04553	0.01840	0.07821	0.04405	0.01143	0.01327	0.00862	0.00529	0.00530	0.00170	0.00699	0.00462	0.00293	0.00826
13	0.01298	0.07609	0.02125	0.02926	0.64616	0.01289	0.01511	0.01589	0.01213	0.01707	0.01178	0.08274	0.01092	0.00592	0.00538	0.00164	0.00613	0.00564	0.00288	0.00813
14	0.00876	0.00760	0.01091	0.01010	0.01120	0.00828	0.07242	0.01086	0.04651	0.01469	0.04828	0.32508	0.12394	0.07661	0.01058	0.00239	0.15911	0.04326	0.00425	0.00517
15	0.01085	0.08055	0.01699	0.03962	0.01529	0.01286	0.12261	0.01277	0.01039	0.01460	0.07358	0.11987	0.01650	0.05453	0.01217	0.00227	0.33137	0.04411	0.00326	0.00581
16	0.16204	0.06983	0.10940	0.03824	0.03744	0.04769	0.15479	0.01594	0.01180	0.09683	0.01607	0.16069	0.04120	0.00771	0.00539	0.00178	0.00599	0.00680	0.00370	0.00666
17	0.01423	0.48689	0.16695	0.01218	0.01734	0.04650	0.07705	0.05912	0.02988	0.01554	0.00897	0.01041	0.00745	0.00506	0.00457	0.00141	0.02279	0.00368	0.00264	0.00735
18	0.00741	0.00579	0.00777	0.00959	0.07551	0.00539	0.00619	0.00884	0.01139	0.01491	0.06007	0.48524	0.19364	0.01492	0.00674	0.00209	0.00349	0.07123	0.00488	0.00491
19	0.01266	0.08986	0.35748	0.11472	0.05271	0.02842	0.05051	0.08318	0.08707	0.01833	0.01138	0.01369	0.00867	0.00577	0.00561	0.00172	0.03114	0.01636	0.00301	0.00772
20	0.11927	0.05317	0.08247	0.03018	0.09499	0.11480	0.01088	0.18086	0.11782	0.10703	0.01339	0.01445	0.01006	0.00615	0.00506	0.00165	0.00613	0.01945	0.00423	0.00795
21	0.01136	0.01228	0.08490	0.48623	0.23165	0.01245	0.01569	0.01569	0.04726	0.01568	0.01044	0.01427	0.00805	0.00536	0.00542	0.00176	0.00699	0.00484	0.00263	0.00704
