[name]
unknown

[dist]
# distance from previous block
# <min> <max>
0	49

[block]
# block no. 0 follows, 50 sequences, length 27
# corresponding to MSA columns:
# 53-79
name=unknown_A
#
# <colnr> <probs for GDERKNQSTAVLIFYWHMCP>
#	G	D	E	R	K	N	Q	S	T	A	V	L	I	F	Y	W	H	M	C	P
0	0.02718	0.00908	0.01354	0.15804	0.24603	0.00955	0.01101	0.06883	0.03963	0.02633	0.04956	0.02693	0.01596	0.00779	0.00549	0.00174	0.00523	0.23254	0.00355	0.04199
1	0.01045	0.00973	0.01286	0.18268	0.13046	0.05360	0.03417	0.02275	0.06228	0.01575	0.07559	0.01868	0.08559	0.00601	0.00483	0.00137	0.00494	0.02410	0.00325	0.24091
2	0.00694	0.00543	0.00708	0.00807	0.05198	0.00525	0.00547	0.00881	0.03803	0.01405	0.10908	0.33467	0.21202	0.02780	0.10665	0.00266	0.00437	0.04273	0.00434	0.00457
3	0.01076	0.01092	0.06097	0.09062	0.27972	0.00954	0.05684	0.01361	0.01082	0.01578	0.03089	0.01410	0.03011	0.00489	0.00493	0.00129	0.02592	0.01883	0.00277	0.30669
4	0.00768	0.00604	0.02163	0.05320	0.03314	0.00597	0.00622	0.00964	0.01062	0.02888	0.26763	0.08097	0.05931	0.07392	0.28529	0.00405	0.00690	0.00731	0.00386	0.02773
5	0.00695	0.00551	0.00704	0.12980	0.01117	0.00545	0.00570	0.00862	0.01077	0.01404	0.11985	0.17327	0.32468	0.05718	0.02950	0.00207	0.00368	0.02832	0.05199	0.00442
6	0.51620	0.00930	0.00927	0.00774	0.01092	0.01005	0.00639	0.01791	0.01048	0.29556	0.01141	0.01139	0.00791	0.00540	0.00451	0.00158	0.04974	0.00361	0.00412	0.00649
7	0.00960	0.00782	0.01216	0.27066	0.12536	0.00870	0.00963	0.01075	0.00894	0.01222	0.01043	0.03726	0.03160	0.00946	0.01042	0.26444	0.07774	0.00473	0.00243	0.07564
8	0.01345	0.01398	0.17397	0.03569	0.13474	0.01144	0.07587	0.07484	0.23636	0.11977	0.01399	0.01439	0.01023	0.00547	0.00497	0.00156	0.00552	0.00477	0.00383	0.04515
9	0.01312	0.29957	0.01661	0.00933	0.01270	0.03501	0.00798	0.12794	0.25131	0.01803	0.04158	0.03981	0.03512	0.00615	0.00456	0.00139	0.01651	0.00472	0.00378	0.05477
10	0.01071	0.14890	0.01263	0.03205	0.04551	0.07566	0.00721	0.04605	0.04022	0.02936	0.23890	0.02221	0.05563	0.06569	0.05243	0.02071	0.05581	0.00589	0.00370	0.03075
11	0.00825	0.00674	0.01007	0.27242	0.01642	0.00780	0.02623	0.00971	0.00845	0.01131	0.01284	0.05730	0.01313	0.33334	0.11475	0.02556	0.05258	0.00611	0.00270	0.00428
12	0.01155	0.01127	0.01471	0.22457	0.25176	0.11207	0.01149	0.03831	0.04648	0.01515	0.07156	0.01548	0.01143	0.02924	0.06402	0.00211	0.04135	0.00483	0.01639	0.00625
13	0.55968	0.01534	0.28706	0.00926	0.01386	0.01132	0.01000	0.01505	0.00920	0.02004	0.00765	0.00895	0.00572	0.00467	0.00367	0.00156	0.00510	0.00305	0.00274	0.00609
14	0.01419	0.01305	0.01755	0.02326	0.50098	0.10051	0.01282	0.11083	0.07205	0.05337	0.01115	0.02818	0.00904	0.00518	0.00493	0.00149	0.00593	0.00461	0.00320	0.00768
15	0.01177	0.01017	0.01351	0.32917	0.04155	0.01167	0.01055	0.12909	0.20866	0.01797	0.01223	0.01413	0.00933	0.00630	0.02284	0.00170	0.04130	0.00460	0.00345	0.10000
16	0.00612	0.00437	0.00584	0.00700	0.00731	0.00409	0.00471	0.00703	0.00959	0.01278	0.02744	0.80198	0.03286	0.01557	0.00638	0.00203	0.00294	0.03327	0.00463	0.00406
17	0.00782	0.00468	0.00623	0.00642	0.00657	0.00469	0.00425	0.00723	0.00750	0.00999	0.01444	0.08654	0.01593	0.32098	0.04759	0.36654	0.00475	0.07203	0.00290	0.00292
18	0.01234	0.06033	0.40631	0.01498	0.05424	0.01236	0.14985	0.10682	0.04704	0.05714	0.01079	0.01270	0.00798	0.00508	0.00497	0.00157	0.00680	0.01837	0.00292	0.00739
19	0.00626	0.00501	0.00564	0.00607	0.00722	0.00451	0.00433	0.00794	0.04566	0.01349	0.03946	0.37138	0.43801	0.01361	0.00605	0.00183	0.00274	0.01183	0.00465	0.00431
20	0.00721	0.00495	0.00640	0.00692	0.00769	0.00469	0.00485	0.00907	0.04413	0.04285	0.20762	0.54708	0.04580	0.01340	0.00609	0.00186	0.00284	0.01203	0.01998	0.00454
21	0.33204	0.01045	0.01018	0.00932	0.05521	0.06153	0.00701	0.13553	0.03003	0.16590	0.01189	0.01236	0.00864	0.00536	0.00403	0.00146	0.00441	0.00388	0.12420	0.00656
22	0.11827	0.02985	0.01465	0.20568	0.01989	0.42628	0.05725	0.04543	0.01257	0.01451	0.00818	0.01029	0.00650	0.00500	0.00452	0.00144	0.00758	0.00365	0.00263	0.00584
23	0.00625	0.00447	0.00599	0.00714	0.00751	0.00420	0.00494	0.00725	0.00972	0.01292	0.02737	0.75188	0.03258	0.01545	0.00641	0.00205	0.00305	0.08211	0.00462	0.00410
24	0.01128	0.01064	0.01739	0.19867	0.44657	0.01067	0.03699	0.01421	0.01086	0.01548	0.00918	0.01219	0.00751	0.00440	0.00473	0.00138	0.00572	0.00419	0.00251	0.17546
25	0.01453	0.08192	0.01321	0.03713	0.01381	0.46024	0.00866	0.03278	0.01251	0.01282	0.01244	0.15036	0.01265	0.02229	0.00580	0.00158	0.04372	0.05504	0.00305	0.00544
26	0.00777	0.00569	0.00691	0.00658	0.00682	0.00612	0.00426	0.00806	0.00755	0.01041	0.01469	0.06422	0.01664	0.61733	0.05081	0.01778	0.09847	0.00693	0.00297	0.03999

[dist]
# distance from previous block
# <min> <max>
0	1

[block]
# block no. 1 follows, 50 sequences, length 10
# corresponding to MSA columns:
# 81-90
name=unknown_B
#
# <colnr> <probs for GDERKNQSTAVLIFYWHMCP>
#	G	D	E	R	K	N	Q	S	T	A	V	L	I	F	Y	W	H	M	C	P
0	0.00849	0.00743	0.06477	0.00946	0.09256	0.00599	0.00683	0.01086	0.01283	0.06362	0.44335	0.09241	0.14249	0.00971	0.00568	0.00161	0.00327	0.00851	0.00478	0.00534
1	0.79073	0.07661	0.00886	0.00672	0.00990	0.01188	0.00565	0.01467	0.00862	0.02149	0.00694	0.00809	0.00548	0.00460	0.00309	0.00150	0.00398	0.00270	0.00301	0.00548
2	0.00941	0.00886	0.01495	0.81285	0.03433	0.01107	0.01384	0.01274	0.00997	0.01274	0.00886	0.01329	0.00664	0.00498	0.00498	0.00166	0.00664	0.00443	0.00221	0.00554
3	0.00668	0.00510	0.00627	0.00669	0.00777	0.00478	0.00499	0.00856	0.03578	0.01467	0.16245	0.29988	0.26131	0.01418	0.03929	0.00212	0.00337	0.10699	0.00470	0.00442
4	0.00675	0.00501	0.00606	0.00590	0.00699	0.00457	0.00425	0.00844	0.01227	0.01663	0.46725	0.08313	0.21953	0.12120	0.00854	0.00206	0.00276	0.00942	0.00490	0.00432
5	0.02920	0.00776	0.00920	0.00876	0.04248	0.00798	0.02562	0.04999	0.22945	0.03852	0.20989	0.03052	0.24504	0.01000	0.03168	0.00184	0.00374	0.00765	0.00477	0.00592
6	0.01005	0.05912	0.01720	0.64274	0.08646	0.01178	0.07671	0.01332	0.01022	0.01319	0.00888	0.01291	0.00679	0.00484	0.00495	0.00161	0.00666	0.00444	0.00225	0.00586
7	0.04288	0.01508	0.01598	0.01626	0.18625	0.23295	0.07296	0.23049	0.01519	0.01914	0.01070	0.04968	0.00899	0.00752	0.05206	0.00186	0.00708	0.00468	0.00334	0.00691
8	0.01351	0.01077	0.04844	0.11507	0.04214	0.03221	0.00924	0.26650	0.04707	0.09207	0.06987	0.07052	0.06946	0.00789	0.00536	0.00166	0.00499	0.08212	0.00440	0.00671
9	0.00789	0.00536	0.00709	0.00688	0.00734	0.00552	0.02700	0.00869	0.05467	0.01082	0.01498	0.09384	0.01611	0.40205	0.12129	0.19140	0.00571	0.00682	0.00304	0.00351

[dist]
# distance from previous block
# <min> <max>
3	5

[block]
# block no. 2 follows, 50 sequences, length 18
# corresponding to MSA columns:
# 106-123
name=unknown_C
#
# <colnr> <probs for GDERKNQSTAVLIFYWHMCP>
#	G	D	E	R	K	N	Q	S	T	A	V	L	I	F	Y	W	H	M	C	P
0	0.03437	0.12847	0.06773	0.00967	0.05795	0.00965	0.02048	0.02807	0.02724	0.01608	0.00942	0.01081	0.01740	0.00415	0.00387	0.00097	0.00442	0.00327	0.00285	0.54312
1	0.01016	0.02310	0.67978	0.01380	0.02046	0.01096	0.05337	0.01544	0.01079	0.03730	0.03992	0.04293	0.00912	0.00537	0.00490	0.00160	0.00697	0.00443	0.00246	0.00714
2	0.01062	0.00890	0.01115	0.01005	0.10281	0.00721	0.00694	0.01316	0.02902	0.03880	0.04922	0.01382	0.04220	0.00461	0.00410	0.00095	0.00386	0.00386	0.00323	0.63549
3	0.01453	0.01004	0.01061	0.00872	0.01149	0.01099	0.00701	0.40053	0.10409	0.02533	0.01454	0.01524	0.01088	0.00600	0.00442	0.00139	0.00410	0.00468	0.32846	0.00695
4	0.00722	0.00518	0.00738	0.00738	0.00804	0.00584	0.00545	0.00843	0.00778	0.01103	0.01366	0.02223	0.01353	0.20840	0.60012	0.04477	0.01109	0.00571	0.00272	0.00404
5	0.00765	0.00505	0.00704	0.00733	0.00800	0.00521	0.00556	0.00828	0.00885	0.01189	0.05114	0.05524	0.06415	0.10411	0.22039	0.23188	0.00656	0.18462	0.00332	0.00371
6	0.01015	0.00935	0.01521	0.32878	0.23966	0.01014	0.05436	0.04221	0.02735	0.01556	0.08951	0.04316	0.08074	0.00636	0.00523	0.00161	0.00555	0.00582	0.00307	0.00618
7	0.00613	0.00496	0.00544	0.00552	0.00693	0.00428	0.00406	0.00753	0.01162	0.01455	0.18124	0.14898	0.55619	0.01258	0.00595	0.00171	0.00254	0.01073	0.00478	0.00428
8	0.00969	0.00770	0.00946	0.04292	0.05982	0.00820	0.00701	0.08094	0.21709	0.01800	0.12836	0.27926	0.04431	0.01011	0.00560	0.00175	0.00369	0.02976	0.03045	0.00588
9	0.03167	0.01133	0.01870	0.09321	0.58870	0.01175	0.03121	0.01578	0.04076	0.05352	0.01006	0.01274	0.00815	0.00487	0.00549	0.00155	0.04575	0.00450	0.00272	0.00752
10	0.00874	0.00561	0.00726	0.00662	0.00813	0.00519	0.00504	0.01138	0.03762	0.09879	0.66878	0.03490	0.06303	0.00974	0.00577	0.00157	0.00260	0.00855	0.00552	0.00517
11	0.02933	0.08815	0.32445	0.08405	0.15772	0.01152	0.09012	0.01476	0.01099	0.03244	0.07919	0.01416	0.01079	0.02503	0.00534	0.00161	0.00632	0.00458	0.00266	0.00679
12	0.06561	0.00861	0.01018	0.00829	0.01144	0.00815	0.00667	0.03350	0.11923	0.14712	0.12194	0.01895	0.01592	0.00638	0.00521	0.00135	0.04376	0.04913	0.00425	0.31430
13	0.05286	0.25982	0.01352	0.00840	0.02539	0.04949	0.00680	0.01264	0.01080	0.08133	0.06348	0.27327	0.01976	0.00927	0.00492	0.00159	0.00426	0.06881	0.02811	0.00548
14	0.01046	0.05438	0.02519	0.04175	0.01191	0.00791	0.00728	0.03158	0.04749	0.08742	0.01458	0.02168	0.01318	0.03710	0.25867	0.00359	0.00730	0.11663	0.00347	0.19844
15	0.01340	0.13845	0.06533	0.01171	0.06629	0.14393	0.00932	0.05869	0.22855	0.03032	0.01264	0.03064	0.01028	0.00584	0.00509	0.00143	0.04537	0.01370	0.02344	0.08555
16	0.01398	0.07195	0.17668	0.01125	0.05329	0.02522	0.04467	0.01773	0.06634	0.22467	0.01422	0.01434	0.04149	0.00529	0.00459	0.00135	0.00512	0.00435	0.00375	0.19974
17	0.07330	0.11298	0.32351	0.01162	0.04154	0.01125	0.04753	0.03237	0.06634	0.02639	0.03071	0.02718	0.07875	0.00571	0.00457	0.00145	0.00556	0.00461	0.00296	0.09168

[dist]
# distance from previous block
# <min> <max>
0	76

[block]
# block no. 3 follows, 50 sequences, length 12
# corresponding to MSA columns:
# 200-211
name=unknown_D
#
# <colnr> <probs for GDERKNQSTAVLIFYWHMCP>
#	G	D	E	R	K	N	Q	S	T	A	V	L	I	F	Y	W	H	M	C	P
0	0.01152	0.05182	0.01126	0.06906	0.01316	0.16763	0.02535	0.05938	0.03523	0.04646	0.06192	0.21589	0.04563	0.00925	0.00539	0.00164	0.00510	0.09960	0.00389	0.06081
1	0.01004	0.14373	0.03485	0.34757	0.02086	0.01105	0.00991	0.06022	0.05029	0.01447	0.01722	0.08362	0.12976	0.00700	0.00489	0.00155	0.00518	0.00585	0.00311	0.03881
2	0.04437	0.01240	0.09823	0.07453	0.34177	0.03844	0.01268	0.01412	0.03411	0.01467	0.00914	0.01264	0.00785	0.02296	0.03322	0.05455	0.16102	0.00435	0.00246	0.00649
3	0.41177	0.00789	0.00747	0.00668	0.00905	0.00848	0.00531	0.06014	0.01174	0.04523	0.27402	0.02143	0.07388	0.00721	0.00440	0.00155	0.00333	0.00559	0.02949	0.00535
4	0.01048	0.05948	0.01455	0.22859	0.21526	0.01021	0.02462	0.01417	0.08300	0.02826	0.06197	0.01885	0.04442	0.03466	0.03062	0.00185	0.00547	0.03643	0.02923	0.04788
5	0.01330	0.00644	0.00857	0.00737	0.00960	0.00572	0.00575	0.01530	0.01366	0.34303	0.37214	0.09949	0.06047	0.00910	0.00556	0.00160	0.00319	0.00787	0.00566	0.00620
6	0.00830	0.00555	0.00751	0.00750	0.00804	0.00597	0.00537	0.00947	0.08822	0.01233	0.08351	0.20741	0.01864	0.01645	0.08326	0.36336	0.05462	0.00728	0.00338	0.00383
7	0.25874	0.00722	0.00789	0.00697	0.00926	0.00730	0.00549	0.01439	0.03255	0.17948	0.32992	0.05705	0.02539	0.00776	0.00482	0.00157	0.00324	0.00636	0.02888	0.00573
8	0.01006	0.07451	0.40335	0.01291	0.01814	0.01109	0.12866	0.01531	0.08331	0.01583	0.05688	0.01679	0.08023	0.00734	0.04241	0.00188	0.00663	0.00511	0.00289	0.00668
9	0.01117	0.01100	0.06589	0.12882	0.26503	0.04370	0.05903	0.01494	0.08192	0.05505	0.04439	0.15081	0.01463	0.00717	0.00531	0.00165	0.00546	0.02410	0.00337	0.00655
10	0.00891	0.00726	0.00871	0.00868	0.04782	0.00759	0.00624	0.01494	0.26406	0.01874	0.35975	0.03022	0.12729	0.01078	0.05486	0.00202	0.00375	0.00765	0.00492	0.00582
11	0.00725	0.00494	0.00584	0.00588	0.00602	0.00502	0.00357	0.00738	0.00759	0.01014	0.01724	0.08842	0.04806	0.63571	0.06520	0.04573	0.02209	0.00757	0.00312	0.00323

[dist]
# distance from previous block
# <min> <max>
0	8

[block]
# block no. 4 follows, 50 sequences, length 6
# corresponding to MSA columns:
# 220-225
name=unknown_E
#
# <colnr> <probs for GDERKNQSTAVLIFYWHMCP>
#	G	D	E	R	K	N	Q	S	T	A	V	L	I	F	Y	W	H	M	C	P
0	0.86003	0.00964	0.00733	0.00655	0.00964	0.01118	0.00540	0.01465	0.00848	0.02236	0.00694	0.00810	0.00540	0.00463	0.00308	0.00154	0.00386	0.00270	0.00308	0.00540
1	0.04757	0.04550	0.05943	0.14825	0.31228	0.01032	0.06313	0.01329	0.01121	0.01594	0.12947	0.01822	0.05957	0.00716	0.03631	0.00179	0.00572	0.00542	0.00301	0.00640
2	0.01292	0.07931	0.03546	0.01816	0.29533	0.09539	0.04993	0.04560	0.19967	0.01691	0.01294	0.01412	0.03339	0.00545	0.00510	0.00148	0.02695	0.00464	0.00325	0.04398
3	0.00983	0.03306	0.21704	0.01133	0.05617	0.03173	0.05168	0.06137	0.01082	0.01527	0.03601	0.03690	0.02863	0.10141	0.17376	0.00326	0.00733	0.04036	0.06830	0.00573
4	0.19245	0.06001	0.10876	0.04519	0.03432	0.04510	0.03008	0.09021	0.03396	0.03750	0.00925	0.01052	0.00717	0.00458	0.00405	0.00126	0.00502	0.00345	0.00310	0.27405
5	0.08316	0.04126	0.20448	0.08334	0.18427	0.08401	0.04245	0.03570	0.05598	0.01657	0.06555	0.01449	0.03679	0.00558	0.00506	0.00154	0.02558	0.00459	0.00291	0.00668

[dist]
# distance from previous block
# <min> <max>
1	4

[block]
# block no. 5 follows, 50 sequences, length 26
# corresponding to MSA columns:
# 230-255
name=unknown_F
#
# <colnr> <probs for GDERKNQSTAVLIFYWHMCP>
#	G	D	E	R	K	N	Q	S	T	A	V	L	I	F	Y	W	H	M	C	P
0	0.00965	0.08226	0.09716	0.01006	0.06811	0.02489	0.03994	0.06395	0.03792	0.01603	0.08287	0.04981	0.21177	0.04509	0.04277	0.00199	0.00482	0.03126	0.07403	0.00561
1	0.03808	0.14773	0.08326	0.09805	0.10364	0.05858	0.01066	0.24225	0.01432	0.01912	0.01113	0.02869	0.03184	0.00671	0.03200	0.00168	0.03362	0.00434	0.00325	0.03106
2	0.01419	0.03959	0.06307	0.02444	0.20594	0.04746	0.04280	0.08120	0.17725	0.14854	0.06931	0.01640	0.02599	0.00598	0.00514	0.00155	0.01450	0.00512	0.00406	0.00747
3	0.10092	0.01094	0.01125	0.00937	0.01230	0.05241	0.00749	0.28986	0.15386	0.07783	0.20060	0.01902	0.01879	0.00696	0.00500	0.00154	0.00439	0.00557	0.00488	0.00701
4	0.02605	0.00704	0.04942	0.00859	0.01002	0.00690	0.00725	0.03333	0.00964	0.03888	0.01614	0.02757	0.01575	0.06090	0.39057	0.03406	0.03354	0.18757	0.03197	0.00480
5	0.01005	0.00899	0.01469	0.02077	0.45846	0.00916	0.01123	0.01240	0.01028	0.01452	0.01386	0.07657	0.03348	0.04162	0.19921	0.00326	0.00730	0.04495	0.00286	0.00635
6	0.01415	0.01057	0.01310	0.02731	0.02941	0.04513	0.02911	0.06500	0.11247	0.18002	0.01277	0.01454	0.00991	0.00639	0.00753	0.00156	0.20067	0.02707	0.00384	0.18946
7	0.01360	0.78598	0.02550	0.00875	0.01293	0.06058	0.00859	0.01518	0.01034	0.01175	0.00697	0.00805	0.00640	0.00431	0.00327	0.00108	0.00552	0.00269	0.00215	0.00636
8	0.00772	0.00486	0.00693	0.00693	0.00731	0.00524	0.00488	0.00768	0.00730	0.01011	0.01209	0.02057	0.01219	0.18871	0.35686	0.32113	0.00829	0.00535	0.00255	0.00332
9	0.00949	0.00946	0.05244	0.45091	0.06688	0.01013	0.04344	0.03293	0.01083	0.01441	0.08851	0.01955	0.05290	0.03453	0.00654	0.00180	0.04978	0.03700	0.00288	0.00560
10	0.00612	0.00440	0.00583	0.00695	0.00730	0.00410	0.00470	0.00704	0.00965	0.01281	0.02810	0.77817	0.05444	0.01548	0.00636	0.00202	0.00293	0.03492	0.00463	0.00407
11	0.00645	0.00496	0.00591	0.00591	0.00714	0.00441	0.00434	0.00815	0.01233	0.01635	0.38724	0.16657	0.32826	0.01198	0.00596	0.00168	0.00250	0.01041	0.00502	0.00441
12	0.01102	0.02892	0.03509	0.00846	0.01246	0.00846	0.00710	0.07076	0.01114	0.01688	0.00943	0.01194	0.00803	0.00466	0.00498	0.00100	0.07216	0.02769	0.00305	0.64677
13	0.01185	0.01209	0.05245	0.12874	0.64534	0.01175	0.03488	0.01501	0.01115	0.01581	0.00931	0.01241	0.00766	0.00452	0.00496	0.00151	0.00614	0.00445	0.00242	0.00754
14	0.01231	0.20303	0.14749	0.01267	0.03810	0.03108	0.03614	0.05282	0.04261	0.03521	0.00845	0.01079	0.00716	0.00640	0.00913	0.00170	0.33196	0.00396	0.00255	0.00644
15	0.01051	0.14385	0.57733	0.03377	0.04678	0.01259	0.04958	0.01528	0.01050	0.01503	0.00931	0.03683	0.00731	0.00499	0.00462	0.00152	0.00689	0.00401	0.00222	0.00706
16	0.01000	0.02578	0.79900	0.01421	0.02157	0.01158	0.01842	0.01579	0.01052	0.01579	0.00895	0.01052	0.00631	0.00474	0.00474	0.00158	0.00737	0.00368	0.00210	0.00737
17	0.01214	0.06199	0.44357	0.03402	0.06194	0.03487	0.07708	0.01640	0.01115	0.10765	0.02442	0.01201	0.00803	0.00503	0.00516	0.00153	0.03381	0.00410	0.00276	0.04237
18	0.01316	0.07065	0.17771	0.01756	0.26995	0.03356	0.05119	0.03041	0.03828	0.13343	0.06753	0.01477	0.01139	0.02517	0.00536	0.00157	0.00573	0.00469	0.00331	0.02457
19	0.00710	0.00504	0.00671	0.00685	0.00732	0.00541	0.00477	0.00806	0.00795	0.01098	0.01613	0.10340	0.01736	0.36842	0.37166	0.00590	0.00845	0.03159	0.00307	0.00381
20	0.00959	0.00696	0.00919	0.02272	0.14141	0.00705	0.00685	0.04150	0.09210	0.04194	0.02100	0.29471	0.06014	0.03433	0.00581	0.00174	0.00363	0.00838	0.18542	0.00554
21	0.01367	0.05651	0.06379	0.14324	0.31412	0.08305	0.05305	0.08187	0.01256	0.09040	0.01075	0.03576	0.00858	0.00520	0.00490	0.00151	0.00621	0.00461	0.00303	0.00716
22	0.04353	0.00891	0.00977	0.04471	0.07412	0.09955	0.02070	0.04055	0.04979	0.05402	0.04918	0.13189	0.08564	0.17052	0.06460	0.01881	0.00543	0.00702	0.01612	0.00515
23	0.01219	0.05499	0.11944	0.01104	0.07040	0.01020	0.00910	0.05025	0.25666	0.11074	0.12579	0.04350	0.05217	0.00756	0.01970	0.00168	0.00458	0.00587	0.00437	0.02977
24	0.02744	0.04256	0.12957	0.01405	0.17827	0.03541	0.02582	0.02778	0.06342	0.05443	0.03368	0.04201	0.03446	0.00571	0.00486	0.00137	0.02052	0.02296	0.02836	0.20731
25	0.03440	0.03458	0.08284	0.05894	0.20474	0.00933	0.02267	0.03935	0.06028	0.08893	0.19767	0.04553	0.03125	0.00666	0.00506	0.00150	0.00462	0.00583	0.00386	0.06197

[dist]
# distance from previous block
# <min> <max>
3	15

[block]
# block no. 6 follows, 50 sequences, length 6
# corresponding to MSA columns:
# 271-276
name=unknown_G
#
# <colnr> <probs for GDERKNQSTAVLIFYWHMCP>
#	G	D	E	R	K	N	Q	S	T	A	V	L	I	F	Y	W	H	M	C	P
0	0.01040	0.00936	0.03990	0.00928	0.05430	0.02195	0.02279	0.03252	0.03070	0.03689	0.07181	0.04649	0.05777	0.00688	0.03782	0.00137	0.00442	0.00471	0.00341	0.49721
1	0.01200	0.01141	0.03978	0.32689	0.12692	0.08691	0.02699	0.05090	0.05415	0.06286	0.01288	0.03229	0.05102	0.00581	0.00531	0.00156	0.03113	0.00488	0.00304	0.05328
2	0.01098	0.05479	0.09354	0.03893	0.04055	0.01013	0.03777	0.06431	0.16078	0.05641	0.01363	0.01689	0.01132	0.06698	0.24426	0.00368	0.03146	0.00501	0.01787	0.02070
3	0.00847	0.02885	0.00815	0.00792	0.03082	0.00642	0.00601	0.01198	0.10891	0.03783	0.28259	0.09529	0.15153	0.01063	0.00579	0.00174	0.00328	0.15167	0.03694	0.00519
4	0.01102	0.09550	0.21207	0.05771	0.01672	0.02850	0.07671	0.05028	0.01110	0.03253	0.01101	0.03913	0.02589	0.00725	0.05982	0.00175	0.00619	0.00428	0.00281	0.24973
5	0.00717	0.00491	0.00655	0.00688	0.00734	0.00513	0.00483	0.00801	0.00832	0.01151	0.01772	0.19888	0.01936	0.26090	0.26909	0.06373	0.00701	0.05656	0.03231	0.00380

[dist]
# distance from previous block
# <min> <max>
0	1

[block]
# block no. 7 follows, 50 sequences, length 11
# corresponding to MSA columns:
# 278-288
name=unknown_H
#
# <colnr> <probs for GDERKNQSTAVLIFYWHMCP>
#	G	D	E	R	K	N	Q	S	T	A	V	L	I	F	Y	W	H	M	C	P
0	0.01099	0.00916	0.01059	0.00772	0.01194	0.00739	0.00619	0.08596	0.01179	0.01790	0.04973	0.01189	0.00954	0.00425	0.00393	0.00085	0.00379	0.00342	0.00328	0.72969
1	0.00622	0.00445	0.00592	0.00684	0.00726	0.00415	0.00464	0.00732	0.01025	0.01385	0.14547	0.70037	0.03514	0.01478	0.00629	0.00195	0.00281	0.01337	0.00476	0.00415
2	0.00803	0.00507	0.00667	0.00720	0.00808	0.00478	0.00523	0.00921	0.01014	0.08826	0.02680	0.47338	0.09111	0.07878	0.05143	0.00253	0.00394	0.11032	0.00454	0.00450
3	0.05350	0.01194	0.08075	0.20313	0.31008	0.01132	0.11225	0.05689	0.01178	0.01684	0.07422	0.01439	0.01059	0.00513	0.00504	0.00157	0.00610	0.00486	0.00281	0.00680
4	0.01218	0.03923	0.37493	0.01671	0.19305	0.01087	0.04922	0.01614	0.01122	0.12452	0.01258	0.03509	0.03306	0.00565	0.00528	0.00159	0.02892	0.01951	0.00297	0.00729
5	0.00713	0.00520	0.00710	0.08447	0.01004	0.00526	0.00579	0.00832	0.00972	0.01287	0.07584	0.32901	0.06538	0.15126	0.03353	0.04506	0.00418	0.13180	0.00400	0.00408
6	0.00812	0.00686	0.00744	0.08436	0.01057	0.07145	0.00580	0.00942	0.01099	0.03632	0.08873	0.25145	0.29780	0.01201	0.00656	0.04841	0.00375	0.03130	0.00420	0.00448
7	0.00926	0.00879	0.05505	0.01368	0.18377	0.00773	0.07674	0.04254	0.01175	0.03124	0.10623	0.15528	0.17979	0.03046	0.01989	0.00189	0.00462	0.05169	0.00389	0.00570
8	0.01299	0.01138	0.09455	0.26787	0.16572	0.03083	0.05899	0.01610	0.01169	0.18216	0.04889	0.01678	0.01110	0.00575	0.00513	0.00161	0.00593	0.04234	0.00340	0.00678
9	0.03527	0.18634	0.17792	0.05953	0.13566	0.08125	0.15592	0.01581	0.01123	0.05132	0.01064	0.01242	0.03543	0.00489	0.00466	0.00146	0.00660	0.00428	0.00260	0.00677
10	0.01092	0.00968	0.02402	0.13626	0.02494	0.09851	0.03873	0.03397	0.06375	0.05983	0.01709	0.13892	0.01688	0.03218	0.04676	0.01758	0.04785	0.17301	0.00368	0.00547

[dist]
# distance from previous block
# <min> <max>
2	12

[block]
# block no. 8 follows, 50 sequences, length 8
# corresponding to MSA columns:
# 301-308
name=unknown_I
#
# <colnr> <probs for GDERKNQSTAVLIFYWHMCP>
#	G	D	E	R	K	N	Q	S	T	A	V	L	I	F	Y	W	H	M	C	P
0	0.03988	0.08528	0.32045	0.01119	0.03132	0.08316	0.01152	0.01632	0.06284	0.09641	0.03823	0.01502	0.03893	0.05816	0.00592	0.00166	0.00586	0.00441	0.00314	0.07032
1	0.01095	0.01011	0.01092	0.00941	0.06355	0.07889	0.00677	0.01361	0.05096	0.01573	0.01160	0.03756	0.03616	0.02835	0.00470	0.00108	0.00430	0.00395	0.00311	0.59832
2	0.01032	0.02866	0.03867	0.03376	0.19630	0.04438	0.12349	0.02523	0.05936	0.01524	0.01717	0.13368	0.03685	0.01029	0.05709	0.00217	0.00606	0.15181	0.00343	0.00605
3	0.00666	0.00502	0.00673	0.06047	0.00950	0.00486	0.00571	0.00807	0.01040	0.01360	0.07098	0.48887	0.13406	0.01389	0.00627	0.00198	0.00335	0.14078	0.00451	0.00430
4	0.01318	0.10381	0.16572	0.01496	0.18520	0.04758	0.03624	0.03120	0.05046	0.10975	0.01069	0.01183	0.00815	0.00470	0.00447	0.00131	0.00557	0.00390	0.00309	0.18818
5	0.04525	0.00578	0.00742	0.00854	0.06014	0.00560	0.00584	0.00989	0.03964	0.03359	0.12842	0.36195	0.12390	0.01220	0.00589	0.00185	0.00328	0.10375	0.03228	0.00480
6	0.06569	0.01104	0.08616	0.03727	0.21200	0.01016	0.06544	0.06933	0.02518	0.04727	0.09740	0.01981	0.10035	0.04339	0.02185	0.00188	0.07031	0.00571	0.00341	0.00638
7	0.00804	0.00674	0.00990	0.18189	0.04898	0.00739	0.02542	0.01086	0.05975	0.01377	0.09190	0.09653	0.11806	0.05853	0.23606	0.00367	0.00703	0.00706	0.00343	0.00499

[dist]
# distance from previous block
# <min> <max>
2	88

# created by:
# /home/cegg/simao/soft/augustus-3.2.1/scripts/msa2prfl.pl ./align_prep/EOG091G0IHL.fa
