[name]
unknown

[dist]
# distance from previous block
# <min> <max>
0	302

[block]
# block no. 0 follows, 51 sequences, length 12
# corresponding to MSA columns:
# 327-338
name=unknown_A
#
# <colnr> <probs for GDERKNQSTAVLIFYWHMCP>
#	G	D	E	R	K	N	Q	S	T	A	V	L	I	F	Y	W	H	M	C	P
0	0.00850	0.00555	0.00730	0.00721	0.00846	0.00524	0.01803	0.00996	0.01110	0.10712	0.15036	0.30695	0.17887	0.04044	0.00700	0.00192	0.03271	0.08385	0.00470	0.00475
1	0.04467	0.09148	0.17238	0.03005	0.03731	0.06715	0.01038	0.29248	0.01509	0.03507	0.01192	0.10696	0.01030	0.00634	0.00470	0.00147	0.00557	0.00501	0.00360	0.04806
2	0.01189	0.07816	0.28107	0.02987	0.11304	0.01244	0.19084	0.04435	0.10321	0.04826	0.01077	0.01238	0.00807	0.00493	0.00523	0.00156	0.02944	0.00449	0.00283	0.00717
3	0.00654	0.00494	0.00622	0.00664	0.00762	0.00436	0.00462	0.00770	0.01004	0.01358	0.08535	0.58201	0.11527	0.01327	0.00587	0.00177	0.00286	0.01188	0.00443	0.10501
4	0.01027	0.01052	0.02086	0.04877	0.12108	0.01009	0.43435	0.01338	0.01115	0.01528	0.10401	0.05715	0.01443	0.09693	0.00780	0.00198	0.00654	0.00647	0.00297	0.00596
5	0.02284	0.04143	0.07177	0.10664	0.07408	0.11081	0.03772	0.06000	0.07881	0.09584	0.10050	0.04998	0.03619	0.00649	0.00507	0.00151	0.02074	0.00537	0.06794	0.00627
6	0.01089	0.00902	0.00955	0.00946	0.01111	0.10206	0.00771	0.15439	0.01325	0.01678	0.02020	0.14357	0.02120	0.01242	0.03770	0.03314	0.00530	0.37284	0.00421	0.00521
7	0.01557	0.01032	0.01201	0.04867	0.01345	0.09763	0.03507	0.11002	0.01389	0.29552	0.13001	0.04802	0.05358	0.00729	0.00622	0.00159	0.08408	0.00579	0.00462	0.00667
8	0.16384	0.01073	0.01470	0.13524	0.16064	0.03912	0.09944	0.12673	0.01215	0.07915	0.01063	0.01410	0.00862	0.09630	0.00690	0.00189	0.00567	0.00455	0.00322	0.00638
9	0.01205	0.14612	0.30158	0.01190	0.01640	0.01291	0.06079	0.12234	0.02925	0.03954	0.00980	0.01241	0.00793	0.06734	0.00732	0.00175	0.09640	0.00412	0.00280	0.03723
10	0.00654	0.00494	0.00674	0.10227	0.01013	0.00495	0.00549	0.00764	0.00937	0.01231	0.02506	0.57206	0.07684	0.10416	0.00818	0.00225	0.00352	0.02939	0.00410	0.00408
11	0.01055	0.00846	0.01023	0.00829	0.02879	0.00767	0.00624	0.08394	0.01045	0.01551	0.00959	0.01343	0.00866	0.09737	0.00895	0.10267	0.06558	0.00382	0.00295	0.49685

[dist]
# distance from previous block
# <min> <max>
0	32

[block]
# block no. 1 follows, 51 sequences, length 22
# corresponding to MSA columns:
# 382-403
name=unknown_B
#
# <colnr> <probs for GDERKNQSTAVLIFYWHMCP>
#	G	D	E	R	K	N	Q	S	T	A	V	L	I	F	Y	W	H	M	C	P
0	0.04116	0.03077	0.13680	0.07859	0.01640	0.01099	0.03807	0.25899	0.01452	0.05880	0.01228	0.02936	0.04109	0.00542	0.00457	0.00134	0.00519	0.00436	0.00359	0.20771
1	0.01293	0.03090	0.06967	0.05275	0.32674	0.05276	0.05199	0.16632	0.01329	0.02938	0.01192	0.07811	0.02672	0.00605	0.00557	0.00155	0.04791	0.00522	0.00315	0.00706
2	0.00726	0.00516	0.00685	0.00691	0.00761	0.00558	0.00499	0.02503	0.00849	0.01196	0.01698	0.11397	0.04870	0.22935	0.42452	0.00566	0.00866	0.00687	0.05138	0.00408
3	0.01168	0.01304	0.02774	0.02202	0.13252	0.01232	0.67296	0.01565	0.01154	0.01578	0.00985	0.01310	0.00750	0.00418	0.00567	0.00163	0.00795	0.00560	0.00248	0.00679
4	0.14088	0.01169	0.01949	0.01667	0.10787	0.05223	0.36801	0.03160	0.03595	0.01679	0.01271	0.03268	0.02589	0.00593	0.00529	0.00167	0.00647	0.09891	0.00303	0.00623
5	0.01020	0.00967	0.01640	0.56522	0.27693	0.01116	0.01410	0.01336	0.01026	0.01367	0.00890	0.01280	0.00694	0.00474	0.00490	0.00158	0.00632	0.00437	0.00226	0.00620
6	0.00639	0.00465	0.00581	0.00644	0.00705	0.00433	0.00447	0.00744	0.00996	0.01312	0.10846	0.44114	0.14757	0.13775	0.00904	0.00234	0.00317	0.07248	0.00441	0.00397
7	0.01452	0.07753	0.01363	0.00944	0.01347	0.01203	0.00781	0.37035	0.07168	0.02293	0.01081	0.01133	0.00825	0.00495	0.00429	0.00117	0.00461	0.00378	0.00393	0.33349
8	0.00781	0.00820	0.11308	0.00851	0.01033	0.00707	0.00760	0.02277	0.00885	0.01293	0.01479	0.01934	0.05931	0.02724	0.55038	0.00586	0.03931	0.00526	0.06647	0.00487
9	0.01224	0.30095	0.31006	0.01111	0.01610	0.04652	0.01200	0.05706	0.15879	0.01578	0.01036	0.01104	0.00804	0.00497	0.00421	0.00139	0.00589	0.00367	0.00281	0.00702
10	0.07610	0.00568	0.00669	0.00710	0.00817	0.00575	0.00516	0.01035	0.10303	0.01561	0.15282	0.44973	0.07010	0.01234	0.00578	0.00184	0.00303	0.05140	0.00463	0.00469
11	0.00620	0.00440	0.00567	0.00656	0.00705	0.00408	0.00446	0.00727	0.00994	0.01345	0.09001	0.67001	0.08389	0.01431	0.00607	0.00190	0.00276	0.01287	0.04504	0.00408
12	0.01703	0.01177	0.01318	0.01160	0.07662	0.03609	0.00868	0.43925	0.07494	0.13854	0.01367	0.01371	0.00979	0.00581	0.00473	0.00145	0.00489	0.00456	0.10594	0.00774
13	0.14179	0.24978	0.14975	0.01069	0.01496	0.08530	0.06142	0.12483	0.05255	0.03378	0.01005	0.01092	0.02458	0.00500	0.00413	0.00138	0.00577	0.00369	0.00299	0.00665
14	0.00606	0.00433	0.00576	0.00680	0.00714	0.00404	0.00457	0.00702	0.00973	0.01306	0.08183	0.76788	0.03349	0.01501	0.00624	0.00196	0.00281	0.01361	0.00462	0.00404
15	0.02205	0.00836	0.01140	0.00874	0.01254	0.00722	0.00722	0.02395	0.01407	0.80004	0.01939	0.01673	0.01216	0.00608	0.00494	0.00152	0.00418	0.00494	0.00608	0.00836
16	0.03867	0.02910	0.01252	0.01129	0.03394	0.26186	0.02532	0.10356	0.06768	0.01533	0.01285	0.15871	0.01245	0.01013	0.07131	0.00213	0.11823	0.00583	0.00331	0.00577
17	0.01727	0.00946	0.01112	0.00884	0.01199	0.00961	0.00720	0.30356	0.01653	0.30996	0.04972	0.01614	0.01232	0.00742	0.03838	0.00171	0.00461	0.00487	0.15192	0.00738
18	0.00604	0.00437	0.00571	0.00668	0.00711	0.00404	0.00451	0.00701	0.00981	0.01304	0.07594	0.72330	0.08457	0.01487	0.00621	0.00195	0.00279	0.01341	0.00461	0.00404
19	0.00667	0.00647	0.07023	0.00737	0.00861	0.00509	0.00585	0.00867	0.04689	0.01340	0.02905	0.54928	0.15783	0.01352	0.00603	0.00190	0.00328	0.05097	0.00438	0.00449
20	0.01517	0.51803	0.02120	0.01002	0.01361	0.30290	0.00882	0.03704	0.01176	0.01225	0.00724	0.00834	0.00637	0.00456	0.00366	0.00114	0.00656	0.00287	0.00233	0.00614
21	0.49498	0.25086	0.05024	0.00784	0.01150	0.01390	0.00720	0.08633	0.01031	0.01951	0.00740	0.00842	0.00594	0.00459	0.00333	0.00138	0.00454	0.00286	0.00290	0.00598

[dist]
# distance from previous block
# <min> <max>
0	1

[block]
# block no. 2 follows, 51 sequences, length 37
# corresponding to MSA columns:
# 405-438,449-451
name=unknown_C
#
# <colnr> <probs for GDERKNQSTAVLIFYWHMCP>
#	G	D	E	R	K	N	Q	S	T	A	V	L	I	F	Y	W	H	M	C	P
0	0.05390	0.01022	0.01138	0.01007	0.01286	0.01157	0.04135	0.04648	0.61772	0.02012	0.02025	0.02059	0.04807	0.00704	0.00506	0.00168	0.00410	0.04547	0.00475	0.00730
1	0.00703	0.00576	0.00633	0.00610	0.00744	0.03883	0.00455	0.00889	0.01283	0.01697	0.48442	0.07349	0.28767	0.01085	0.00576	0.00159	0.00268	0.00935	0.00497	0.00450
2	0.00713	0.00484	0.00574	0.00574	0.00588	0.00497	0.00346	0.00739	0.00726	0.00981	0.01513	0.03021	0.01702	0.70748	0.14366	0.00524	0.00604	0.00686	0.00293	0.00319
3	0.01029	0.13122	0.60426	0.01361	0.04149	0.01220	0.04791	0.01513	0.01057	0.01525	0.04743	0.01151	0.00832	0.00484	0.00457	0.00149	0.00675	0.00387	0.00227	0.00699
4	0.00581	0.00498	0.00498	0.00498	0.00664	0.00415	0.00373	0.00705	0.01120	0.01328	0.04978	0.04729	0.79464	0.01245	0.00581	0.00166	0.00249	0.01037	0.00456	0.00415
5	0.00782	0.00521	0.00684	0.00633	0.00764	0.00478	0.00478	0.01011	0.01392	0.06424	0.74984	0.03557	0.04442	0.00982	0.00575	0.00154	0.00242	0.00866	0.00545	0.00485
6	0.01268	0.01258	0.04253	0.09451	0.38752	0.04499	0.19004	0.05572	0.01185	0.05047	0.00974	0.01243	0.00766	0.00474	0.00554	0.00155	0.04094	0.00466	0.00270	0.00716
7	0.57158	0.04588	0.03410	0.02074	0.01171	0.07429	0.00691	0.11310	0.01112	0.06008	0.00824	0.00912	0.00622	0.00484	0.00357	0.00148	0.00463	0.00309	0.00331	0.00599
8	0.00599	0.00428	0.00570	0.00684	0.00713	0.00399	0.00456	0.00684	0.00941	0.01254	0.02709	0.82409	0.03250	0.01540	0.00627	0.00200	0.00285	0.01397	0.00456	0.00399
9	0.00869	0.01007	0.14520	0.01306	0.13202	0.00762	0.04627	0.01171	0.03268	0.01490	0.04455	0.22668	0.02167	0.01035	0.00588	0.00189	0.00487	0.25262	0.00374	0.00555
10	0.01088	0.27540	0.56078	0.01227	0.01858	0.01391	0.01513	0.01530	0.01025	0.01432	0.00820	0.00960	0.00625	0.00452	0.00420	0.00140	0.00664	0.00332	0.00208	0.00697
11	0.00597	0.00495	0.00522	0.00523	0.00675	0.00420	0.00389	0.00733	0.01146	0.01408	0.14538	0.08432	0.65973	0.01228	0.00583	0.00166	0.00248	0.01036	0.00467	0.00420
12	0.01160	0.01326	0.02900	0.02071	0.02568	0.01243	0.77879	0.01574	0.01160	0.01574	0.00994	0.01326	0.00746	0.00414	0.00580	0.00166	0.00829	0.00580	0.00249	0.00663
13	0.01059	0.01089	0.01741	0.01408	0.01547	0.03219	0.20543	0.01244	0.00885	0.01280	0.00925	0.06664	0.00897	0.02915	0.04588	0.00230	0.48430	0.00541	0.00245	0.00551
14	0.00751	0.00599	0.04579	0.00711	0.00844	0.00492	0.00566	0.00932	0.01153	0.05671	0.27225	0.32701	0.11640	0.01217	0.00597	0.00180	0.00310	0.08886	0.00479	0.00466
15	0.01188	0.05029	0.11483	0.01138	0.05493	0.03639	0.00942	0.02265	0.55429	0.01870	0.01824	0.01741	0.04523	0.00637	0.00488	0.00160	0.00459	0.00524	0.00426	0.00743
16	0.00986	0.02542	0.80183	0.01401	0.02127	0.01141	0.01816	0.01556	0.01038	0.01556	0.00882	0.01038	0.00623	0.00467	0.00467	0.00156	0.00726	0.00363	0.00208	0.00726
17	0.01142	0.01072	0.01851	0.28669	0.48787	0.01136	0.05437	0.01450	0.01083	0.03320	0.00935	0.01263	0.00746	0.00458	0.00493	0.00153	0.00616	0.00446	0.00244	0.00697
18	0.01482	0.01586	0.04785	0.01278	0.01507	0.27688	0.06388	0.13215	0.01272	0.04859	0.00882	0.01106	0.00725	0.00764	0.04277	0.00191	0.26676	0.00409	0.00291	0.00619
19	0.00647	0.00489	0.00715	0.00779	0.00841	0.00460	0.04563	0.00764	0.00971	0.01293	0.02608	0.70502	0.03077	0.01462	0.00630	0.00200	0.00330	0.08805	0.00445	0.00418
20	0.00792	0.00573	0.00715	0.00704	0.00784	0.00614	0.00511	0.05835	0.00951	0.01318	0.01962	0.14986	0.08920	0.23999	0.21550	0.00414	0.04581	0.03683	0.06685	0.00425
21	0.01357	0.05953	0.10763	0.01489	0.05635	0.22668	0.20371	0.05941	0.10905	0.01560	0.01033	0.01211	0.00812	0.00643	0.03875	0.00177	0.04223	0.00441	0.00287	0.00658
22	0.01062	0.01151	0.05358	0.04998	0.05497	0.01060	0.44168	0.04668	0.04754	0.01646	0.08535	0.08260	0.05226	0.00626	0.00564	0.00165	0.00647	0.00669	0.00321	0.00627
23	0.00928	0.00873	0.01474	0.81548	0.03385	0.01092	0.01365	0.01256	0.00983	0.01256	0.00873	0.01310	0.00655	0.00491	0.00491	0.00164	0.00655	0.00437	0.00218	0.00546
24	0.00884	0.00857	0.05252	0.02081	0.04814	0.02673	0.10421	0.04401	0.07119	0.01523	0.04087	0.29638	0.10263	0.01074	0.00587	0.00183	0.00450	0.12755	0.00406	0.00532
25	0.01223	0.01269	0.05383	0.13073	0.35814	0.04649	0.24546	0.01557	0.01135	0.05124	0.00976	0.01261	0.00759	0.00450	0.00513	0.00154	0.00679	0.00475	0.00257	0.00703
26	0.00828	0.00527	0.00675	0.00689	0.00794	0.00496	0.00497	0.01015	0.04353	0.09488	0.21076	0.38586	0.07355	0.07172	0.00733	0.00202	0.00309	0.04252	0.00482	0.00471
27	0.00895	0.00977	0.09994	0.01010	0.01243	0.00862	0.09592	0.05212	0.07849	0.01565	0.09680	0.19272	0.17278	0.00967	0.00700	0.00176	0.10972	0.00819	0.00387	0.00549
28	0.01602	0.05259	0.03358	0.01299	0.08107	0.40756	0.00957	0.13564	0.08449	0.02527	0.01104	0.01197	0.02831	0.00556	0.00488	0.00138	0.02979	0.00396	0.03785	0.00647
29	0.01162	0.10409	0.32615	0.04694	0.18328	0.04397	0.04771	0.02934	0.01112	0.06058	0.01191	0.04991	0.04120	0.00548	0.00474	0.00150	0.00621	0.00464	0.00270	0.00691
30	0.01134	0.01160	0.01804	0.01441	0.01608	0.04669	0.21574	0.04813	0.00961	0.01368	0.00832	0.01245	0.00745	0.02873	0.06263	0.00238	0.45976	0.00479	0.00243	0.00574
31	0.01074	0.01235	0.12212	0.18777	0.37032	0.01088	0.07321	0.02983	0.02082	0.01539	0.02334	0.04886	0.04173	0.00546	0.00504	0.00156	0.00601	0.00513	0.00264	0.00679
32	0.05955	0.00815	0.00912	0.05863	0.01168	0.05565	0.00678	0.04738	0.07889	0.17712	0.11100	0.10914	0.13857	0.00917	0.00539	0.00168	0.00406	0.09756	0.00466	0.00583
33	0.01008	0.01597	0.35435	0.05122	0.09078	0.00989	0.11241	0.04714	0.01102	0.03581	0.01362	0.19885	0.01285	0.00715	0.00523	0.00166	0.00605	0.00647	0.00297	0.00647
34	0.01031	0.02987	0.03553	0.21416	0.23407	0.01007	0.01111	0.05393	0.04457	0.01562	0.07519	0.03923	0.04983	0.00723	0.00606	0.02779	0.03899	0.07770	0.01269	0.00606
35	0.01247	0.01323	0.13475	0.01620	0.06122	0.01104	0.35106	0.03921	0.02144	0.12401	0.01313	0.05735	0.02904	0.00592	0.00631	0.00168	0.07229	0.01971	0.00320	0.00675
36	0.01144	0.10925	0.40250	0.01314	0.06222	0.01130	0.06120	0.04886	0.02741	0.08018	0.04476	0.08337	0.01116	0.00594	0.00481	0.00153	0.00602	0.00501	0.00300	0.00690

[dist]
# distance from previous block
# <min> <max>
10	52

[block]
# block no. 3 follows, 51 sequences, length 56
# corresponding to MSA columns:
# 507-562
name=unknown_D
#
# <colnr> <probs for GDERKNQSTAVLIFYWHMCP>
#	G	D	E	R	K	N	Q	S	T	A	V	L	I	F	Y	W	H	M	C	P
0	0.01428	0.04419	0.13138	0.01070	0.05011	0.01820	0.02921	0.07449	0.05258	0.28237	0.03120	0.13416	0.04788	0.00775	0.00519	0.00162	0.00474	0.04857	0.00448	0.00690
1	0.00710	0.00545	0.00787	0.00894	0.05750	0.00521	0.03527	0.00849	0.01009	0.01351	0.08429	0.44571	0.05156	0.09854	0.00817	0.00224	0.00368	0.13778	0.00424	0.00437
2	0.01094	0.05550	0.36645	0.01549	0.15214	0.06040	0.05733	0.01475	0.01082	0.03969	0.03132	0.02853	0.01021	0.02978	0.04813	0.00198	0.00686	0.05039	0.00265	0.00665
3	0.03816	0.01146	0.09446	0.04893	0.18826	0.01010	0.17183	0.05723	0.01178	0.06875	0.05449	0.06649	0.10611	0.00669	0.00574	0.00162	0.04202	0.00611	0.00332	0.00646
4	0.01060	0.01058	0.03592	0.37457	0.25321	0.05826	0.02133	0.01387	0.04132	0.01403	0.01107	0.04712	0.00965	0.00603	0.00536	0.02007	0.00609	0.05216	0.00263	0.00612
5	0.00897	0.00797	0.01136	0.00977	0.01098	0.00919	0.07439	0.01062	0.00965	0.01414	0.07815	0.12940	0.12269	0.00911	0.00932	0.00176	0.30963	0.00689	0.10781	0.05821
6	0.07153	0.05466	0.12354	0.18604	0.24485	0.01173	0.02204	0.07600	0.04344	0.07340	0.01013	0.01211	0.00769	0.00490	0.00476	0.00150	0.01547	0.00414	0.00293	0.02914
7	0.01208	0.16068	0.31646	0.01507	0.16488	0.03640	0.03325	0.01608	0.03974	0.07153	0.03015	0.01173	0.00843	0.00478	0.00446	0.00139	0.00601	0.00390	0.00271	0.06028
8	0.01106	0.06487	0.56883	0.01431	0.06642	0.03860	0.05159	0.01578	0.01072	0.04738	0.00918	0.01068	0.00669	0.00461	0.00459	0.00147	0.00682	0.00372	0.00235	0.06033
9	0.00805	0.00728	0.02831	0.01006	0.01186	0.00668	0.16625	0.03016	0.02842	0.01441	0.06024	0.35495	0.08726	0.06239	0.00725	0.00205	0.00443	0.10105	0.00403	0.00486
10	0.01139	0.01041	0.01716	0.31057	0.31678	0.01134	0.07087	0.04475	0.05813	0.03890	0.01138	0.01416	0.03277	0.00516	0.00526	0.00158	0.02514	0.00476	0.00277	0.00672
11	0.01112	0.07168	0.22035	0.07763	0.10004	0.01116	0.18419	0.03378	0.01128	0.05127	0.02200	0.01921	0.01110	0.00620	0.00549	0.00166	0.02487	0.12753	0.00291	0.00653
12	0.01108	0.00830	0.01064	0.03455	0.05820	0.02054	0.02904	0.10076	0.14590	0.06960	0.07475	0.10652	0.02120	0.04199	0.00652	0.00195	0.00449	0.24353	0.00448	0.00596
13	0.01358	0.76242	0.02476	0.00877	0.01283	0.08570	0.00850	0.01513	0.01032	0.01160	0.00690	0.00797	0.00631	0.00428	0.00326	0.00107	0.00556	0.00267	0.00214	0.00626
14	0.01037	0.01095	0.13011	0.02429	0.10057	0.00880	0.13002	0.01431	0.06783	0.06456	0.01899	0.03151	0.04689	0.00866	0.00580	0.00186	0.00554	0.30912	0.00372	0.00609
15	0.03056	0.01181	0.04824	0.11828	0.52852	0.03193	0.01354	0.04807	0.01135	0.01614	0.00928	0.01213	0.00763	0.00560	0.03199	0.00165	0.00610	0.00422	0.00255	0.06038
16	0.00657	0.00515	0.00604	0.02767	0.00796	0.00475	0.00463	0.03887	0.01108	0.01408	0.08421	0.36723	0.37787	0.01305	0.00594	0.00178	0.00286	0.01137	0.00457	0.00432
17	0.00719	0.00553	0.00640	0.00603	0.00754	0.00508	0.00456	0.05647	0.01324	0.01757	0.41790	0.06305	0.34952	0.01093	0.00576	0.00160	0.00260	0.00937	0.00501	0.00465
18	0.00901	0.00626	0.02651	0.00889	0.06024	0.00566	0.00614	0.04141	0.01075	0.10223	0.03697	0.48963	0.05517	0.06341	0.00711	0.00204	0.00360	0.05554	0.00446	0.00497
19	0.01022	0.05118	0.39359	0.01491	0.04955	0.01130	0.20718	0.01474	0.03677	0.01496	0.01138	0.04328	0.02718	0.05669	0.00666	0.00180	0.03452	0.00501	0.00250	0.00658
20	0.00614	0.00441	0.00586	0.00696	0.00736	0.00413	0.00481	0.00712	0.00962	0.01275	0.02776	0.73536	0.05762	0.01515	0.00630	0.00201	0.00298	0.07507	0.00456	0.00404
21	0.01276	0.77867	0.02448	0.00822	0.01216	0.01853	0.00807	0.01424	0.00981	0.01143	0.00737	0.00940	0.00703	0.05564	0.00452	0.00128	0.00522	0.00291	0.00216	0.00610
22	0.01112	0.01320	0.07034	0.05576	0.02454	0.01182	0.65250	0.01505	0.01117	0.01520	0.01017	0.01427	0.00800	0.05564	0.00690	0.00184	0.00793	0.00570	0.00248	0.00638
23	0.01114	0.01072	0.01860	0.05219	0.52340	0.01069	0.11503	0.01442	0.03874	0.01602	0.06287	0.06108	0.03160	0.00564	0.00516	0.00154	0.00564	0.00560	0.00289	0.00704
24	0.00733	0.00509	0.00662	0.00624	0.00746	0.00467	0.00468	0.00954	0.01364	0.04246	0.71432	0.06867	0.07018	0.01023	0.00579	0.00157	0.00240	0.00903	0.00537	0.00471
25	0.01466	0.00959	0.01118	0.02541	0.05266	0.02831	0.00769	0.22100	0.10618	0.20017	0.04619	0.07183	0.11062	0.00781	0.00519	0.00159	0.00433	0.04242	0.02619	0.00695
26	0.01254	0.66648	0.15159	0.00982	0.01455	0.01786	0.04149	0.01489	0.01011	0.01238	0.00728	0.00851	0.00634	0.00428	0.00351	0.00116	0.00570	0.00292	0.00211	0.00647
27	0.01160	0.01326	0.02900	0.02071	0.02568	0.01243	0.77879	0.01574	0.01160	0.01574	0.00994	0.01326	0.00746	0.00414	0.00580	0.00166	0.00829	0.00580	0.00249	0.00663
28	0.01160	0.01326	0.02900	0.02071	0.02568	0.01243	0.77879	0.01574	0.01160	0.01574	0.00994	0.01326	0.00746	0.00414	0.00580	0.00166	0.00829	0.00580	0.00249	0.00663
29	0.03667	0.02631	0.03820	0.01077	0.01387	0.13669	0.05900	0.31522	0.04084	0.04173	0.16707	0.03232	0.01683	0.00686	0.00509	0.00151	0.00539	0.03464	0.00430	0.00670
30	0.01135	0.00969	0.01036	0.00950	0.01203	0.01104	0.00740	0.02332	0.66560	0.01961	0.03913	0.04624	0.05868	0.00767	0.00519	0.00170	0.00378	0.04552	0.00495	0.00723
31	0.00599	0.00428	0.00570	0.00684	0.00713	0.00399	0.00456	0.00684	0.00941	0.01254	0.02709	0.82409	0.03250	0.01540	0.00627	0.00200	0.00285	0.01397	0.00456	0.00399
32	0.01037	0.02345	0.68029	0.01440	0.02108	0.01178	0.07860	0.04536	0.01087	0.01604	0.00894	0.01068	0.00642	0.00482	0.00519	0.00158	0.03687	0.00386	0.00222	0.00719
33	0.01183	0.01133	0.01977	0.12075	0.55644	0.01153	0.10797	0.01534	0.04112	0.02746	0.01012	0.01344	0.00829	0.00468	0.00502	0.00153	0.00610	0.01737	0.00260	0.00732
34	0.05491	0.00841	0.01124	0.00865	0.01243	0.00737	0.00715	0.02358	0.01384	0.76960	0.01890	0.01638	0.01190	0.00602	0.00487	0.00152	0.00417	0.00485	0.00596	0.00824
35	0.81438	0.00944	0.00746	0.00659	0.00968	0.01081	0.00543	0.01498	0.00869	0.06616	0.00755	0.00848	0.00571	0.00465	0.00315	0.00152	0.00382	0.00279	0.00321	0.00549
36	0.00681	0.00496	0.00636	0.00611	0.00721	0.00456	0.00451	0.00888	0.01319	0.01842	0.66244	0.09132	0.09919	0.03645	0.00644	0.00169	0.00244	0.00929	0.00521	0.00450
37	0.01193	0.00898	0.01056	0.00769	0.01194	0.00717	0.00619	0.05131	0.02863	0.10178	0.01029	0.01116	0.00803	0.00408	0.00387	0.00087	0.00379	0.00326	0.00340	0.70504
38	0.73393	0.00915	0.00739	0.00667	0.00945	0.01050	0.00540	0.04329	0.00898	0.02123	0.00861	0.03138	0.00752	0.05180	0.00455	0.00174	0.00392	0.02605	0.00319	0.00525
39	0.00715	0.00476	0.00536	0.00536	0.00536	0.00476	0.00298	0.00715	0.00715	0.00953	0.01548	0.03216	0.01787	0.82729	0.02501	0.00476	0.00476	0.00715	0.00298	0.00298
40	0.00789	0.00615	0.00847	0.00866	0.03911	0.00701	0.00622	0.01053	0.08281	0.01243	0.04031	0.02145	0.01428	0.17039	0.50188	0.00605	0.04306	0.00567	0.00299	0.00464
41	0.00678	0.00506	0.00631	0.00606	0.00729	0.00463	0.00452	0.00900	0.02509	0.01818	0.60718	0.08238	0.17784	0.01072	0.00581	0.00159	0.00240	0.00938	0.00521	0.00456
42	0.01236	0.01062	0.01119	0.01003	0.01283	0.01229	0.00781	0.04218	0.77147	0.02078	0.01983	0.01820	0.01486	0.00665	0.00500	0.00166	0.00392	0.00553	0.00500	0.00779
43	0.01524	0.08694	0.03301	0.01263	0.07371	0.36450	0.00944	0.08973	0.17975	0.01630	0.03801	0.01378	0.01053	0.00579	0.00465	0.00142	0.00654	0.02810	0.00339	0.00656
44	0.01759	0.05419	0.01447	0.01270	0.04157	0.62207	0.00946	0.11374	0.01482	0.01477	0.03484	0.01025	0.00799	0.00528	0.00450	0.00130	0.00796	0.00354	0.00291	0.00609
45	0.01192	0.01020	0.01154	0.00902	0.03588	0.05315	0.02428	0.08307	0.02657	0.04356	0.00963	0.01098	0.00776	0.01230	0.00417	0.00095	0.00430	0.00333	0.00319	0.63418
46	0.01076	0.05583	0.04641	0.01327	0.07181	0.08255	0.20582	0.01370	0.04316	0.04954	0.04543	0.15042	0.08967	0.00828	0.00553	0.00168	0.00556	0.09121	0.00356	0.00580
47	0.01035	0.14608	0.68548	0.01317	0.01997	0.01262	0.01670	0.01544	0.01032	0.01496	0.00852	0.01000	0.00624	0.00460	0.00444	0.00148	0.00696	0.00348	0.00208	0.00712
48	0.00688	0.00593	0.00606	0.00613	0.00747	0.04983	0.00454	0.00833	0.01167	0.01459	0.21313	0.17771	0.42356	0.01202	0.00584	0.00169	0.00293	0.03270	0.00464	0.00433
49	0.01159	0.01086	0.01747	0.21204	0.26378	0.01181	0.11856	0.06393	0.14293	0.01665	0.01174	0.01518	0.00944	0.00548	0.00554	0.00162	0.03732	0.03414	0.00304	0.00688
50	0.00638	0.00466	0.00597	0.00653	0.00726	0.00432	0.00464	0.00772	0.01082	0.01449	0.22473	0.44622	0.12916	0.04491	0.00685	0.00196	0.00286	0.06164	0.00471	0.00417
51	0.01139	0.01283	0.02780	0.02005	0.02480	0.01204	0.73508	0.01543	0.01158	0.01568	0.01085	0.01565	0.00864	0.00468	0.00586	0.00169	0.00807	0.04876	0.00260	0.00651
52	0.00841	0.00663	0.00812	0.00906	0.01029	0.05105	0.00781	0.01057	0.01146	0.01449	0.02613	0.05240	0.06417	0.01304	0.00661	0.00218	0.00467	0.68395	0.00441	0.00457
53	0.01084	0.01025	0.01023	0.06222	0.01197	0.17430	0.00747	0.05549	0.01027	0.01330	0.01138	0.01642	0.01033	0.09254	0.30010	0.00413	0.10026	0.00472	0.08883	0.00496
54	0.00608	0.00436	0.00579	0.00683	0.00720	0.00407	0.00463	0.00706	0.00973	0.01301	0.07035	0.75041	0.04505	0.01501	0.00625	0.00197	0.00285	0.03070	0.00461	0.00404
55	0.00619	0.00432	0.00561	0.00664	0.00702	0.00403	0.00447	0.00715	0.00951	0.01294	0.02695	0.75069	0.05118	0.01468	0.00607	0.00193	0.00280	0.01326	0.06050	0.00403

[dist]
# distance from previous block
# <min> <max>
1	1

[block]
# block no. 4 follows, 51 sequences, length 8
# corresponding to MSA columns:
# 571-578
name=unknown_E
#
# <colnr> <probs for GDERKNQSTAVLIFYWHMCP>
#	G	D	E	R	K	N	Q	S	T	A	V	L	I	F	Y	W	H	M	C	P
0	0.00698	0.00473	0.00559	0.00587	0.00600	0.00468	0.00359	0.00729	0.00784	0.01043	0.01833	0.18135	0.02127	0.62340	0.02034	0.00409	0.00439	0.05720	0.00337	0.00327
1	0.00603	0.00500	0.00531	0.00543	0.00696	0.00428	0.00413	0.00740	0.01128	0.01370	0.08725	0.08104	0.66418	0.01253	0.00590	0.00171	0.00265	0.06643	0.00461	0.00420
2	0.00931	0.00837	0.01128	0.07747	0.01337	0.05059	0.11616	0.07203	0.07129	0.01544	0.07246	0.26103	0.13448	0.05556	0.00674	0.00189	0.00456	0.00878	0.00398	0.00523
3	0.01030	0.00994	0.01735	0.52600	0.25508	0.01125	0.07285	0.01354	0.01036	0.01382	0.00898	0.01284	0.00698	0.00470	0.00497	0.00159	0.00648	0.00448	0.00228	0.00623
4	0.00663	0.00480	0.00617	0.00705	0.00761	0.00457	0.00490	0.04035	0.01020	0.01350	0.02762	0.70485	0.07337	0.01473	0.00622	0.00197	0.00303	0.05364	0.00458	0.00422
5	0.16463	0.01066	0.01399	0.01127	0.03513	0.01101	0.15098	0.26648	0.01464	0.05121	0.01577	0.05844	0.09561	0.00641	0.00481	0.00152	0.00499	0.00548	0.03141	0.04556
6	0.01129	0.01160	0.04436	0.12147	0.20759	0.03670	0.20824	0.04924	0.02788	0.01575	0.05115	0.01468	0.01010	0.05051	0.00679	0.00170	0.05135	0.00498	0.00278	0.07183
7	0.07654	0.00950	0.02744	0.05667	0.11703	0.02163	0.08457	0.11972	0.01285	0.04767	0.08776	0.07456	0.06393	0.00788	0.00531	0.00165	0.00488	0.13151	0.00385	0.04504

[dist]
# distance from previous block
# <min> <max>
0	31

# created by:
# /home/cegg/simao/soft/augustus-3.2.1/scripts/msa2prfl.pl ./align_prep/EOG091G0U3W.fa
