[name]
unknown

[dist]
# distance from previous block
# <min> <max>
0	81

[block]
# block no. 0 follows, 48 sequences, length 54
# corresponding to MSA columns:
# 101-154
name=unknown_A
#
# <colnr> <probs for GDERKNQSTAVLIFYWHMCP>
#	G	D	E	R	K	N	Q	S	T	A	V	L	I	F	Y	W	H	M	C	P
0	0.01255	0.02641	0.06116	0.13347	0.09024	0.01044	0.02373	0.14867	0.09948	0.07181	0.10123	0.03383	0.06291	0.00706	0.00546	0.01837	0.00491	0.00578	0.05924	0.02326
1	0.04634	0.00908	0.01244	0.02915	0.02684	0.00911	0.10240	0.07595	0.06845	0.06976	0.07550	0.03521	0.10564	0.08032	0.00783	0.00185	0.06203	0.00612	0.04348	0.13249
2	0.01163	0.02305	0.04493	0.04180	0.05713	0.03775	0.07421	0.10327	0.10529	0.04651	0.07958	0.13285	0.04214	0.05413	0.00647	0.00179	0.00482	0.00686	0.06394	0.06183
3	0.02753	0.08004	0.01502	0.01115	0.02914	0.02617	0.10146	0.22265	0.08382	0.08177	0.01589	0.07728	0.04413	0.08416	0.00709	0.00186	0.00524	0.00591	0.01675	0.06292
4	0.02770	0.02341	0.01339	0.03942	0.07754	0.04232	0.05210	0.16090	0.09293	0.12477	0.05556	0.08146	0.02834	0.00828	0.03592	0.00183	0.01809	0.01566	0.03518	0.06520
5	0.03372	0.03346	0.02683	0.03120	0.03883	0.06329	0.01971	0.15477	0.12501	0.03579	0.08186	0.07796	0.09810	0.00752	0.00506	0.00151	0.00455	0.00621	0.04381	0.11082
6	0.05408	0.05253	0.08370	0.03643	0.05955	0.15520	0.04003	0.06142	0.06181	0.08219	0.07080	0.08243	0.02985	0.00663	0.00493	0.00148	0.00563	0.00544	0.00370	0.10214
7	0.02978	0.10627	0.15421	0.02477	0.01476	0.02680	0.02341	0.12785	0.07236	0.06997	0.06488	0.07273	0.03369	0.00657	0.00503	0.00147	0.01883	0.00529	0.00379	0.13755
8	0.01228	0.06698	0.07623	0.01185	0.05267	0.05765	0.08663	0.10147	0.08482	0.05033	0.04990	0.15678	0.03089	0.00754	0.00520	0.00155	0.00519	0.01450	0.00387	0.12366
9	0.03211	0.00981	0.05315	0.00943	0.04126	0.02459	0.00745	0.12502	0.10998	0.08900	0.18616	0.02647	0.14165	0.04277	0.00626	0.00172	0.00414	0.02027	0.00471	0.06405
10	0.10880	0.01245	0.10765	0.02363	0.04671	0.02910	0.08272	0.08441	0.17778	0.05639	0.04570	0.07308	0.05118	0.00677	0.00505	0.00161	0.00509	0.00576	0.00399	0.07213
11	0.03855	0.05339	0.20688	0.01005	0.02757	0.02435	0.02451	0.03037	0.05611	0.07418	0.14661	0.07852	0.09361	0.00757	0.00511	0.00154	0.00473	0.00634	0.02519	0.08480
12	0.01301	0.04095	0.19077	0.01106	0.01549	0.01145	0.03805	0.18828	0.14288	0.04851	0.06839	0.01752	0.05302	0.00636	0.00503	0.00151	0.00524	0.01785	0.00406	0.12058
13	0.05866	0.22732	0.16057	0.01194	0.05166	0.06862	0.05630	0.07257	0.01231	0.07236	0.02703	0.04358	0.00975	0.00556	0.00450	0.00140	0.00587	0.01885	0.00314	0.08801
14	0.01024	0.05728	0.47468	0.03009	0.08644	0.01099	0.03756	0.01508	0.02646	0.01680	0.13029	0.01670	0.01402	0.00595	0.00508	0.00160	0.00634	0.02477	0.00290	0.02673
15	0.01025	0.00987	0.05812	0.02362	0.10707	0.00768	0.00803	0.01315	0.04033	0.01645	0.03562	0.12019	0.01266	0.00595	0.00453	0.00116	0.00421	0.00514	0.00331	0.51267
16	0.01334	0.73584	0.11053	0.00942	0.01416	0.01939	0.00989	0.01546	0.01047	0.01253	0.00736	0.00851	0.00658	0.00444	0.00347	0.00116	0.00572	0.00286	0.00219	0.00669
17	0.01203	0.03761	0.03491	0.10092	0.38425	0.01138	0.01219	0.01732	0.16841	0.04568	0.07719	0.01775	0.04594	0.00602	0.00517	0.00159	0.00526	0.00541	0.00353	0.00741
18	0.00625	0.00447	0.00595	0.00714	0.00744	0.00417	0.00476	0.00714	0.00982	0.01310	0.02828	0.81633	0.03394	0.01608	0.00655	0.00208	0.00298	0.01459	0.00476	0.00417
19	0.00735	0.00539	0.00768	0.00766	0.00841	0.00607	0.00571	0.00886	0.00839	0.01194	0.05032	0.02356	0.01560	0.18580	0.61507	0.00731	0.01155	0.00605	0.00295	0.00431
20	0.01364	0.01239	0.01974	0.11972	0.44239	0.01305	0.08298	0.17161	0.01400	0.01937	0.01011	0.01280	0.00802	0.00509	0.00557	0.00159	0.03241	0.00471	0.00304	0.00777
21	0.01116	0.01001	0.01436	0.23182	0.23272	0.03476	0.01152	0.06924	0.07192	0.01629	0.01633	0.05810	0.07302	0.00809	0.02033	0.02167	0.01628	0.07262	0.00334	0.00642
22	0.00661	0.00501	0.00611	0.00640	0.00748	0.00451	0.00466	0.00820	0.01205	0.01592	0.28875	0.28955	0.27116	0.01318	0.00625	0.00183	0.00274	0.04007	0.00506	0.00447
23	0.01227	0.01903	0.41185	0.01232	0.01750	0.04207	0.01354	0.11733	0.08470	0.05721	0.06271	0.02971	0.05466	0.00648	0.00555	0.00165	0.03555	0.00509	0.00349	0.00729
24	0.00659	0.00492	0.00613	0.00645	0.00741	0.00446	0.00460	0.00815	0.01200	0.01607	0.31752	0.35351	0.20682	0.01329	0.00625	0.00183	0.00268	0.01176	0.00510	0.00446
25	0.00978	0.01850	0.45391	0.01492	0.10214	0.01018	0.05349	0.01441	0.03538	0.01576	0.01429	0.19363	0.01361	0.00756	0.00538	0.00174	0.00628	0.01927	0.00296	0.00681
26	0.00788	0.00534	0.00699	0.00713	0.00831	0.00495	0.00544	0.00982	0.01277	0.05587	0.38808	0.22008	0.10239	0.01238	0.00629	0.00185	0.00303	0.13132	0.00526	0.00482
27	0.01126	0.01066	0.01826	0.36501	0.40477	0.01161	0.04397	0.01450	0.01105	0.01526	0.00971	0.01340	0.00774	0.00485	0.00508	0.00160	0.00638	0.00463	0.03333	0.00691
28	0.66139	0.01032	0.00888	0.00757	0.01090	0.01165	0.00624	0.11660	0.01130	0.08531	0.00907	0.00981	0.00670	0.00510	0.00360	0.00157	0.00419	0.00325	0.02033	0.00622
29	0.03348	0.01156	0.01286	0.01118	0.01233	0.11317	0.00902	0.05783	0.01069	0.05058	0.03053	0.01836	0.11895	0.04119	0.03712	0.00225	0.41461	0.00548	0.00316	0.00566
30	0.01299	0.65372	0.18956	0.01002	0.01509	0.01852	0.01094	0.01555	0.01051	0.01296	0.00757	0.00878	0.00657	0.00449	0.00363	0.00121	0.00593	0.00297	0.00219	0.00680
31	0.01138	0.05582	0.05139	0.12705	0.17188	0.01009	0.02823	0.04466	0.02487	0.01638	0.00976	0.01255	0.00811	0.03614	0.00527	0.00134	0.00520	0.00394	0.00286	0.37307
32	0.02096	0.01063	0.08672	0.00976	0.01399	0.00839	0.00868	0.02435	0.07717	0.65362	0.01924	0.01697	0.01235	0.00626	0.00514	0.00160	0.00465	0.00508	0.00586	0.00857
33	0.00726	0.00524	0.00686	0.00646	0.00767	0.00484	0.00484	0.00968	0.01452	0.02058	0.78496	0.03833	0.04841	0.01049	0.00605	0.00161	0.00242	0.00928	0.00565	0.00484
34	0.00645	0.00464	0.00617	0.00732	0.00775	0.00435	0.00509	0.00751	0.01009	0.01335	0.02893	0.71443	0.05757	0.01578	0.00659	0.00210	0.00314	0.08976	0.00476	0.00423
35	0.01263	0.25753	0.09319	0.08814	0.20544	0.06438	0.05283	0.01555	0.02656	0.04009	0.03567	0.06509	0.01058	0.00568	0.00468	0.00147	0.00604	0.00480	0.00281	0.00684
36	0.01951	0.01437	0.01540	0.01181	0.01591	0.01591	0.00975	0.77056	0.02412	0.03234	0.01232	0.01232	0.00873	0.00616	0.00513	0.00154	0.00565	0.00462	0.00513	0.00873
37	0.00734	0.00546	0.00804	0.00804	0.00888	0.00630	0.00615	0.00903	0.00818	0.01176	0.01394	0.02122	0.01329	0.10023	0.73823	0.00799	0.01305	0.00565	0.00278	0.00446
38	0.08776	0.01578	0.25011	0.01267	0.05366	0.03670	0.06066	0.11795	0.07960	0.12012	0.04373	0.01549	0.04064	0.00594	0.00495	0.00160	0.00576	0.00485	0.03467	0.00735
39	0.00948	0.00825	0.03976	0.06014	0.14726	0.00804	0.06824	0.01149	0.05087	0.01305	0.01356	0.03567	0.03816	0.11400	0.16987	0.19150	0.00713	0.00566	0.00283	0.00503
40	0.00791	0.00518	0.00629	0.00620	0.00655	0.00526	0.00390	0.00841	0.00825	0.03624	0.05788	0.04668	0.01946	0.61089	0.14531	0.00514	0.00615	0.00732	0.00333	0.00364
41	0.01705	0.00765	0.01002	0.00831	0.01122	0.00692	0.00664	0.03435	0.04461	0.47684	0.15098	0.09273	0.04602	0.00826	0.00543	0.00164	0.00380	0.02013	0.04012	0.00728
42	0.01239	0.01068	0.01300	0.01233	0.08270	0.04506	0.06652	0.09152	0.33549	0.03290	0.15172	0.04508	0.03570	0.00737	0.00539	0.00165	0.00457	0.00642	0.03240	0.00712
43	0.01017	0.00917	0.06314	0.04747	0.03590	0.00882	0.00840	0.01641	0.26510	0.04807	0.02218	0.21541	0.03908	0.02481	0.02639	0.00213	0.01887	0.12780	0.00449	0.00620
44	0.02106	0.00931	0.01196	0.00945	0.01323	0.00873	0.00771	0.04772	0.15283	0.62956	0.02012	0.01761	0.01312	0.00646	0.00517	0.00161	0.00435	0.00526	0.00611	0.00862
45	0.08789	0.00854	0.01105	0.00863	0.01234	0.00766	0.00710	0.02329	0.01393	0.67511	0.01896	0.01686	0.01217	0.00620	0.00489	0.00156	0.00419	0.00494	0.06649	0.00820
46	0.04397	0.01814	0.18537	0.05822	0.28788	0.19421	0.03822	0.08313	0.01309	0.01708	0.00930	0.01140	0.00731	0.00497	0.00490	0.00152	0.00715	0.00410	0.00272	0.00731
47	0.01146	0.01749	0.32609	0.01310	0.01677	0.06957	0.03243	0.01481	0.01045	0.04499	0.04605	0.01457	0.00997	0.00790	0.03284	0.00202	0.26785	0.02993	0.02525	0.00646
48	0.00630	0.00449	0.00594	0.00708	0.00737	0.00420	0.00470	0.00716	0.00973	0.01297	0.02779	0.78458	0.03332	0.04867	0.00734	0.00220	0.00306	0.01430	0.00470	0.00412
49	0.49516	0.18947	0.01397	0.00895	0.01240	0.14327	0.04273	0.01610	0.01022	0.01860	0.00742	0.00872	0.00606	0.00475	0.00357	0.00144	0.00539	0.00301	0.00285	0.00591
50	0.00622	0.00507	0.00551	0.00567	0.00710	0.00436	0.00415	0.00757	0.01166	0.01443	0.12479	0.18322	0.57586	0.01327	0.00615	0.00178	0.00265	0.01133	0.00486	0.00436
51	0.02658	0.05450	0.16448	0.01535	0.13483	0.11614	0.04116	0.13620	0.17182	0.01923	0.01184	0.01282	0.00908	0.00557	0.00529	0.00155	0.03268	0.00441	0.00344	0.03302
52	0.00857	0.00752	0.03275	0.00762	0.02158	0.03700	0.00585	0.04049	0.07721	0.01833	0.35784	0.10203	0.20863	0.01043	0.00578	0.00166	0.00326	0.00896	0.03920	0.00527
53	0.37635	0.06407	0.10845	0.02389	0.11663	0.02387	0.00946	0.08936	0.04249	0.03579	0.00943	0.01115	0.00744	0.02955	0.00472	0.00163	0.00511	0.00367	0.00321	0.03372

[dist]
# distance from previous block
# <min> <max>
7	9

[block]
# block no. 1 follows, 48 sequences, length 72
# corresponding to MSA columns:
# 171-242
name=unknown_B
#
# <colnr> <probs for GDERKNQSTAVLIFYWHMCP>
#	G	D	E	R	K	N	Q	S	T	A	V	L	I	F	Y	W	H	M	C	P
0	0.00910	0.00841	0.01158	0.01300	0.16218	0.00945	0.00848	0.01060	0.01018	0.01367	0.02649	0.02933	0.31987	0.07523	0.01081	0.00212	0.25141	0.01928	0.00342	0.00538
1	0.01215	0.16090	0.41629	0.06243	0.03668	0.08614	0.08736	0.01636	0.01120	0.02919	0.00898	0.01087	0.00682	0.00493	0.00505	0.00154	0.02983	0.00389	0.00235	0.00706
2	0.01007	0.00951	0.01608	0.70882	0.13088	0.01150	0.01444	0.01344	0.01044	0.01357	0.00919	0.01356	0.00700	0.00506	0.00512	0.00169	0.00675	0.00456	0.00231	0.00601
3	0.00769	0.00570	0.00793	0.12040	0.01137	0.00613	0.00620	0.00854	0.00911	0.01214	0.03400	0.30718	0.04362	0.19520	0.03093	0.09654	0.04424	0.04543	0.00360	0.00406
4	0.01318	0.01123	0.01184	0.01053	0.01350	0.01296	0.00822	0.07348	0.73150	0.02214	0.02035	0.01872	0.01523	0.00691	0.00522	0.00173	0.00416	0.00573	0.00522	0.00816
5	0.00667	0.00487	0.00648	0.00714	0.00768	0.00468	0.00497	0.00798	0.01104	0.01511	0.23326	0.58192	0.03709	0.01435	0.00671	0.00196	0.02590	0.01286	0.00493	0.00439
6	0.00625	0.00447	0.00595	0.00714	0.00744	0.00417	0.00476	0.00714	0.00982	0.01310	0.02828	0.81633	0.03394	0.01608	0.00655	0.00208	0.00298	0.01459	0.00476	0.00417
7	0.01236	0.01188	0.02038	0.11750	0.69175	0.01212	0.02782	0.01547	0.01153	0.01635	0.00960	0.01283	0.00798	0.00463	0.00510	0.00155	0.00622	0.00459	0.00251	0.00784
8	0.01911	0.01374	0.01478	0.01138	0.01534	0.01513	0.00939	0.71228	0.02320	0.05295	0.01276	0.01280	0.00906	0.00616	0.00506	0.00152	0.00545	0.00464	0.04672	0.00853
9	0.00981	0.00719	0.00900	0.08886	0.03440	0.03632	0.00656	0.01212	0.01342	0.09635	0.43550	0.03123	0.12228	0.00898	0.00563	0.00156	0.00355	0.00777	0.00489	0.06458
10	0.01072	0.01038	0.01435	0.01241	0.01241	0.01426	0.01013	0.01169	0.00780	0.01202	0.00801	0.01425	0.00835	0.11856	0.01809	0.00261	0.70143	0.00489	0.00236	0.00527
11	0.03078	0.00548	0.00589	0.00567	0.00741	0.00477	0.00429	0.00877	0.01235	0.04520	0.21192	0.04457	0.57097	0.01196	0.00595	0.00170	0.00267	0.01004	0.00498	0.00465
12	0.00908	0.00790	0.01041	0.01056	0.06104	0.04178	0.00750	0.01040	0.00847	0.01191	0.01221	0.02027	0.01222	0.20673	0.36170	0.00542	0.18936	0.00557	0.00270	0.00477
13	0.01305	0.01229	0.02001	0.07723	0.69242	0.03745	0.01521	0.01604	0.01179	0.04107	0.00990	0.01280	0.00815	0.00469	0.00507	0.00153	0.00619	0.00455	0.00265	0.00793
14	0.01288	0.01258	0.02052	0.03053	0.74653	0.03821	0.01546	0.01583	0.01170	0.01654	0.00954	0.01256	0.00805	0.00468	0.00530	0.00153	0.02249	0.00453	0.00254	0.00800
15	0.01126	0.01123	0.01514	0.01306	0.01320	0.03724	0.01082	0.01245	0.00813	0.01250	0.00727	0.01170	0.00712	0.00993	0.04597	0.00242	0.73818	0.00450	0.02232	0.00556
16	0.03319	0.00874	0.01448	0.60934	0.05129	0.01043	0.04116	0.01255	0.01026	0.01360	0.01177	0.09747	0.01058	0.02632	0.00582	0.00184	0.00631	0.02664	0.00267	0.00556
17	0.00757	0.00629	0.03712	0.02640	0.00903	0.00546	0.00569	0.01043	0.03238	0.02025	0.71840	0.03623	0.04503	0.01006	0.00596	0.00162	0.00276	0.00887	0.00542	0.00504
18	0.01237	0.01375	0.02909	0.02089	0.02596	0.01306	0.71588	0.04086	0.04167	0.01713	0.01084	0.01399	0.00812	0.00448	0.00599	0.00172	0.00838	0.00600	0.00278	0.00702
19	0.00733	0.00550	0.00825	0.00825	0.00916	0.00641	0.00641	0.00916	0.00825	0.01191	0.01374	0.02016	0.01283	0.03848	0.79934	0.00825	0.01374	0.00550	0.00275	0.00458
20	0.01029	0.02654	0.79309	0.01462	0.02221	0.01192	0.01896	0.01625	0.01083	0.01625	0.00921	0.01083	0.00650	0.00487	0.00487	0.00162	0.00758	0.00379	0.00217	0.00758
21	0.00964	0.00630	0.00789	0.02351	0.00986	0.00598	0.00628	0.03021	0.03795	0.11038	0.14644	0.07532	0.23679	0.04072	0.00693	0.00201	0.00373	0.22979	0.00499	0.00527
22	0.00969	0.00912	0.01539	0.80734	0.03534	0.01140	0.01425	0.01311	0.01026	0.01311	0.00912	0.01368	0.00684	0.00513	0.00513	0.00171	0.00684	0.00456	0.00228	0.00570
23	0.01301	0.01154	0.01172	0.01055	0.01344	0.04325	0.00819	0.02700	0.74878	0.02112	0.02038	0.01876	0.01531	0.00690	0.00520	0.00172	0.00426	0.00570	0.00512	0.00804
24	0.00859	0.00738	0.01064	0.00995	0.01052	0.00944	0.00794	0.01011	0.00822	0.01214	0.01232	0.07003	0.01215	0.02694	0.47987	0.00579	0.28460	0.00576	0.00271	0.00491
25	0.00906	0.00649	0.00884	0.00907	0.05338	0.00714	0.00618	0.04226	0.00909	0.04505	0.01425	0.02370	0.01418	0.31494	0.36817	0.00581	0.04858	0.00605	0.00310	0.00465
26	0.01065	0.01003	0.01593	0.60995	0.03079	0.04467	0.07245	0.01410	0.02827	0.03612	0.01060	0.04047	0.00851	0.00575	0.00559	0.00173	0.02936	0.01652	0.00262	0.00588
27	0.00905	0.00628	0.00784	0.00778	0.02998	0.02531	0.02695	0.01047	0.00986	0.03672	0.05540	0.06025	0.06061	0.21932	0.11649	0.03095	0.03331	0.03790	0.21101	0.00452
28	0.00794	0.00545	0.00671	0.00700	0.00829	0.00499	0.00538	0.00949	0.01155	0.06413	0.11500	0.18948	0.27871	0.07359	0.00784	0.00217	0.00345	0.18936	0.00483	0.00464
29	0.01226	0.06404	0.30912	0.03249	0.05847	0.10334	0.18149	0.01694	0.06016	0.01553	0.00972	0.01189	0.00750	0.00532	0.00628	0.00165	0.08980	0.00443	0.00254	0.00701
30	0.00671	0.00476	0.00590	0.00652	0.00686	0.00459	0.00422	0.00739	0.00907	0.01201	0.02523	0.43809	0.08936	0.29347	0.05894	0.00340	0.00425	0.01130	0.00408	0.00384
31	0.01185	0.01384	0.13606	0.09650	0.19934	0.03803	0.08117	0.07201	0.01142	0.01601	0.01035	0.05063	0.00910	0.03727	0.00849	0.00188	0.17836	0.00511	0.01589	0.00670
32	0.01144	0.01215	0.04910	0.22212	0.16226	0.07004	0.04503	0.01393	0.01005	0.01382	0.00879	0.01270	0.00748	0.00801	0.05034	0.00215	0.27137	0.00453	0.01848	0.00619
33	0.00633	0.00460	0.00599	0.00698	0.00747	0.00425	0.00476	0.00738	0.01031	0.01366	0.07675	0.68960	0.09893	0.01544	0.00649	0.00203	0.00294	0.02704	0.00482	0.00423
34	0.01276	0.01102	0.01160	0.01044	0.01334	0.01276	0.00812	0.02727	0.77840	0.02146	0.02088	0.01914	0.01566	0.00696	0.00522	0.00174	0.00406	0.00580	0.00522	0.00812
35	0.72636	0.01123	0.05032	0.00799	0.01153	0.01188	0.03087	0.06758	0.01002	0.02310	0.00772	0.00892	0.00590	0.00485	0.00349	0.00159	0.00443	0.00306	0.00324	0.00593
36	0.01897	0.04812	0.01572	0.01162	0.01569	0.01596	0.00964	0.70715	0.05576	0.03102	0.01247	0.01244	0.00893	0.00612	0.00506	0.00153	0.00557	0.00459	0.00501	0.00861
37	0.01292	0.01110	0.01169	0.01047	0.01340	0.01284	0.00816	0.04517	0.76022	0.02173	0.02068	0.01898	0.01550	0.00694	0.00522	0.00174	0.00410	0.00577	0.00522	0.00814
38	0.01946	0.00781	0.01054	0.00856	0.01177	0.00683	0.00686	0.02130	0.01373	0.61799	0.03529	0.14226	0.01668	0.00792	0.00531	0.00165	0.00402	0.00668	0.04758	0.00776
39	0.01398	0.62433	0.04973	0.03027	0.05611	0.03766	0.04716	0.04097	0.01127	0.03613	0.00812	0.00939	0.00698	0.00457	0.00377	0.00122	0.00584	0.00323	0.00246	0.00681
40	0.01061	0.00884	0.00971	0.00886	0.01116	0.00974	0.00683	0.02049	0.48974	0.02073	0.26642	0.02704	0.07131	0.00844	0.00554	0.00170	0.00345	0.00721	0.00533	0.00685
41	0.00729	0.00515	0.00677	0.00688	0.00731	0.00552	0.00469	0.00816	0.00802	0.01109	0.01626	0.10134	0.01758	0.40773	0.35729	0.00611	0.00856	0.00729	0.00311	0.00384
42	0.00625	0.00447	0.00595	0.00714	0.00744	0.00417	0.00476	0.00714	0.00982	0.01310	0.02828	0.81633	0.03394	0.01608	0.00655	0.00208	0.00298	0.01459	0.00476	0.00417
43	0.01029	0.02654	0.79309	0.01462	0.02221	0.01192	0.01896	0.01625	0.01083	0.01625	0.00921	0.01083	0.00650	0.00487	0.00487	0.00162	0.00758	0.00379	0.00217	0.00758
44	0.00733	0.00550	0.00825	0.00825	0.00916	0.00641	0.00641	0.00916	0.00825	0.01191	0.01374	0.02016	0.01283	0.03848	0.79934	0.00825	0.01374	0.00550	0.00275	0.00458
45	0.00627	0.00519	0.00551	0.00554	0.00714	0.00443	0.00417	0.00771	0.01194	0.01464	0.13376	0.07994	0.64876	0.01287	0.00611	0.00175	0.00266	0.03234	0.00486	0.00439
46	0.01153	0.01792	0.27555	0.01937	0.02533	0.01264	0.52785	0.01638	0.01170	0.01638	0.01000	0.01287	0.00737	0.00450	0.00568	0.00170	0.00831	0.00533	0.00246	0.00713
47	0.00969	0.00912	0.01539	0.80734	0.03534	0.01140	0.01425	0.01311	0.01026	0.01311	0.00912	0.01368	0.00684	0.00513	0.00513	0.00171	0.00684	0.00456	0.00228	0.00570
48	0.01847	0.02329	0.01408	0.01287	0.01539	0.75022	0.00966	0.01979	0.01425	0.01257	0.00880	0.01154	0.00770	0.02920	0.00533	0.00146	0.00898	0.02783	0.00272	0.00583
49	0.00627	0.00454	0.00593	0.00698	0.00741	0.00420	0.00470	0.00725	0.01012	0.01341	0.05622	0.73523	0.08744	0.01566	0.00650	0.00204	0.00293	0.01414	0.00479	0.00420
50	0.01064	0.00912	0.01064	0.00760	0.01216	0.00684	0.00608	0.01292	0.01064	0.01672	0.00912	0.01064	0.00760	0.00380	0.00380	0.00076	0.00380	0.00304	0.00304	0.85104
51	0.01029	0.02654	0.79309	0.01462	0.02221	0.01192	0.01896	0.01625	0.01083	0.01625	0.00921	0.01083	0.00650	0.00487	0.00487	0.00162	0.00758	0.00379	0.00217	0.00758
52	0.85592	0.00992	0.00754	0.00675	0.00992	0.01151	0.00556	0.01508	0.00873	0.02302	0.00714	0.00834	0.00556	0.00476	0.00318	0.00159	0.00397	0.00278	0.00318	0.00556
53	0.00757	0.00543	0.00693	0.00660	0.00787	0.00512	0.00500	0.01035	0.03850	0.02020	0.67893	0.03776	0.05853	0.01035	0.00595	0.00163	0.00257	0.03868	0.04711	0.00493
54	0.08271	0.00987	0.01196	0.00937	0.01321	0.03176	0.00769	0.09018	0.04770	0.61280	0.01826	0.01618	0.01178	0.00621	0.00500	0.00158	0.00458	0.00491	0.00586	0.00839
55	0.00826	0.00563	0.00779	0.00884	0.00989	0.00551	0.00733	0.01023	0.01140	0.04171	0.02722	0.25303	0.03009	0.01440	0.00688	0.00226	0.00426	0.53577	0.00479	0.00472
56	0.01240	0.02788	0.21940	0.06809	0.41663	0.03807	0.04449	0.04804	0.04474	0.01706	0.01003	0.01240	0.00790	0.00486	0.00503	0.00157	0.00661	0.00441	0.00265	0.00773
57	0.00910	0.00567	0.00733	0.00667	0.00827	0.00513	0.00509	0.01136	0.01428	0.11536	0.62141	0.03678	0.11325	0.01021	0.00594	0.00162	0.00268	0.00891	0.00565	0.00528
58	0.01243	0.01149	0.04536	0.01237	0.07491	0.01225	0.03076	0.03752	0.59597	0.02045	0.01863	0.01806	0.01414	0.00791	0.03909	0.00198	0.00490	0.00556	0.02837	0.00783
59	0.01233	0.01197	0.02096	0.08821	0.65061	0.01207	0.07923	0.01550	0.01162	0.01643	0.01004	0.01382	0.00845	0.00480	0.00521	0.00157	0.00634	0.02050	0.00257	0.00777
60	0.01042	0.00982	0.07307	0.00979	0.03846	0.00928	0.00790	0.01774	0.31347	0.04118	0.26711	0.02641	0.08520	0.00837	0.00598	0.00169	0.03826	0.00702	0.02229	0.00657
61	0.03183	0.01780	0.36353	0.08852	0.07167	0.01145	0.03609	0.10513	0.02601	0.16745	0.01219	0.01360	0.00863	0.00548	0.00504	0.00163	0.00642	0.01637	0.00348	0.00770
62	0.00718	0.00504	0.00616	0.00670	0.00774	0.00458	0.00490	0.00855	0.01110	0.03966	0.08245	0.38948	0.26158	0.01377	0.00623	0.00192	0.00302	0.08899	0.04644	0.00450
63	0.01045	0.01961	0.44497	0.07989	0.02322	0.01150	0.22700	0.01538	0.01135	0.01623	0.05918	0.03641	0.01032	0.00541	0.00535	0.00167	0.00736	0.00514	0.00259	0.00698
64	0.01271	0.01306	0.08678	0.13188	0.24759	0.05472	0.10529	0.01635	0.04126	0.07164	0.01063	0.01283	0.00819	0.00477	0.00494	0.00145	0.00620	0.00442	0.00295	0.16236
65	0.00633	0.00470	0.00593	0.00680	0.00746	0.00429	0.00471	0.00743	0.01050	0.01371	0.07251	0.60148	0.18097	0.01512	0.00645	0.00200	0.00293	0.03761	0.00481	0.00425
66	0.01064	0.00912	0.01064	0.00760	0.01216	0.00684	0.00608	0.01292	0.01064	0.01672	0.00912	0.01064	0.00760	0.00380	0.00380	0.00076	0.00380	0.00304	0.00304	0.85104
67	0.02336	0.20725	0.41411	0.01335	0.06632	0.01384	0.01422	0.09340	0.01220	0.01718	0.02505	0.01102	0.00777	0.00493	0.00449	0.00144	0.00643	0.00374	0.00264	0.05728
68	0.01165	0.01003	0.01377	0.01191	0.01251	0.01320	0.00975	0.05200	0.00928	0.06568	0.01003	0.04802	0.00958	0.04623	0.10235	0.00294	0.55730	0.00521	0.00287	0.00570
69	0.00626	0.00488	0.00564	0.00612	0.00717	0.00431	0.00431	0.00743	0.01099	0.01390	0.09055	0.37408	0.39894	0.03263	0.00673	0.00195	0.00280	0.01224	0.00479	0.00427
70	0.01263	0.01180	0.01884	0.12800	0.23489	0.05136	0.18719	0.07608	0.05060	0.04508	0.03740	0.06615	0.01218	0.00625	0.00551	0.00167	0.00638	0.03768	0.00333	0.00698
71	0.01317	0.05351	0.11496	0.04780	0.13908	0.02605	0.05288	0.10450	0.07644	0.06281	0.01113	0.01261	0.00859	0.00559	0.01675	0.00150	0.03635	0.00423	0.00333	0.20873

[dist]
# distance from previous block
# <min> <max>
0	33

# created by:
# /home/cegg/simao/soft/augustus-3.2.1/scripts/msa2prfl.pl ./align_prep/EOG091G0QZ2.fa
