[name]
unknown

[dist]
# distance from previous block
# <min> <max>
0	85

[block]
# block no. 0 follows, 54 sequences, length 13
# corresponding to MSA columns:
# 92-104
name=unknown_A
#
# <colnr> <probs for GDERKNQSTAVLIFYWHMCP>
#	G	D	E	R	K	N	Q	S	T	A	V	L	I	F	Y	W	H	M	C	P
0	0.13648	0.11169	0.23537	0.01187	0.08026	0.01113	0.03764	0.01473	0.00985	0.12160	0.01037	0.01379	0.00849	0.03758	0.00622	0.00164	0.09316	0.04902	0.00287	0.00624
1	0.00919	0.00774	0.07662	0.08738	0.01106	0.00688	0.00643	0.05648	0.03981	0.07859	0.01641	0.02405	0.07900	0.36400	0.11327	0.00357	0.00572	0.00595	0.00323	0.00462
2	0.29295	0.01020	0.01034	0.08816	0.01334	0.04149	0.00708	0.21204	0.01246	0.04573	0.00915	0.01097	0.00719	0.04650	0.00484	0.00146	0.00452	0.00350	0.00335	0.17474
3	0.06521	0.17840	0.01437	0.00876	0.01242	0.01024	0.08322	0.01510	0.10290	0.09061	0.01064	0.01224	0.00861	0.05315	0.00504	0.00130	0.00440	0.00372	0.00313	0.31652
4	0.11125	0.23893	0.10590	0.01124	0.12704	0.01146	0.00887	0.01265	0.00989	0.01475	0.09930	0.08076	0.01270	0.00584	0.00463	0.00133	0.04592	0.00458	0.00280	0.09017
5	0.24310	0.06071	0.07574	0.00987	0.01354	0.01254	0.05418	0.26612	0.15343	0.05002	0.01109	0.01138	0.00817	0.00517	0.00418	0.00145	0.00477	0.00392	0.00378	0.00684
6	0.33186	0.01212	0.12523	0.00850	0.01165	0.09786	0.00763	0.07479	0.01057	0.05757	0.01154	0.15876	0.01076	0.00646	0.00412	0.00147	0.00463	0.00497	0.00328	0.05622
7	0.38366	0.00957	0.01011	0.00992	0.08886	0.01047	0.00724	0.16671	0.05839	0.08362	0.05172	0.01523	0.01083	0.00584	0.00413	0.00151	0.00416	0.06807	0.00379	0.00618
8	0.00957	0.01026	0.08016	0.51625	0.02553	0.01129	0.01222	0.01408	0.12373	0.01330	0.00964	0.01275	0.00743	0.00547	0.00631	0.00164	0.12793	0.00429	0.00248	0.00569
9	0.00930	0.07635	0.01244	0.13063	0.01425	0.00791	0.12030	0.01182	0.02570	0.07790	0.30370	0.06697	0.06871	0.03432	0.00578	0.00161	0.00422	0.01898	0.00392	0.00520
10	0.01103	0.01050	0.01873	0.08807	0.55169	0.01055	0.12594	0.01355	0.01024	0.01439	0.00886	0.01216	0.00740	0.00541	0.00616	0.08620	0.00585	0.00439	0.00229	0.00660
11	0.74435	0.00896	0.00751	0.00652	0.00954	0.01005	0.00537	0.01519	0.00882	0.13575	0.00832	0.00888	0.00606	0.00459	0.00318	0.00146	0.00370	0.00287	0.00334	0.00553
12	0.00881	0.00692	0.01086	0.01016	0.07317	0.00660	0.11959	0.01186	0.06095	0.06398	0.43583	0.09694	0.04625	0.00840	0.00540	0.00153	0.00357	0.00773	0.01614	0.00530

[dist]
# distance from previous block
# <min> <max>
0	1

[block]
# block no. 1 follows, 54 sequences, length 18
# corresponding to MSA columns:
# 106-123
name=unknown_B
#
# <colnr> <probs for GDERKNQSTAVLIFYWHMCP>
#	G	D	E	R	K	N	Q	S	T	A	V	L	I	F	Y	W	H	M	C	P
0	0.00617	0.00596	0.05302	0.00562	0.00741	0.00454	0.00468	0.00789	0.01123	0.01435	0.20492	0.04055	0.55352	0.01086	0.00547	0.00156	0.00267	0.02781	0.02748	0.00428
1	0.00776	0.00575	0.00695	0.00634	0.00780	0.00552	0.00483	0.09709	0.01385	0.01905	0.58129	0.05595	0.15043	0.00966	0.00548	0.00150	0.00260	0.00838	0.00500	0.00477
2	0.01136	0.01088	0.01857	0.11907	0.71721	0.01112	0.01431	0.01420	0.01059	0.01502	0.00881	0.01177	0.00733	0.00426	0.00467	0.00142	0.00568	0.00420	0.00231	0.00722
3	0.10747	0.00865	0.01028	0.00750	0.01156	0.00704	0.04008	0.01250	0.00972	0.03438	0.00846	0.00981	0.00689	0.00367	0.00355	0.00084	0.00372	0.00293	0.00286	0.70810
4	0.00569	0.00474	0.00497	0.00499	0.00646	0.00402	0.00371	0.00697	0.01091	0.01332	0.12201	0.08675	0.68554	0.01186	0.00560	0.00160	0.00239	0.01000	0.00446	0.00402
5	0.00656	0.00482	0.00614	0.00581	0.00697	0.00440	0.00436	0.00867	0.01307	0.01826	0.72316	0.03629	0.12412	0.00988	0.00556	0.00149	0.00224	0.00868	0.00511	0.00440
6	0.00675	0.00499	0.00725	0.00725	0.00798	0.00571	0.00548	0.00821	0.00748	0.01070	0.01293	0.02019	0.01251	0.14336	0.70860	0.00717	0.01154	0.00530	0.00257	0.00403
7	0.86760	0.00912	0.00693	0.00620	0.00912	0.01058	0.00511	0.01386	0.00802	0.02115	0.00657	0.00766	0.00511	0.00438	0.00292	0.00146	0.00365	0.00255	0.00292	0.00511
8	0.01761	0.02247	0.01336	0.01215	0.01458	0.81537	0.00911	0.01883	0.01336	0.01154	0.00729	0.00850	0.00607	0.00486	0.00425	0.00121	0.00850	0.00304	0.00243	0.00547
9	0.00740	0.00655	0.04210	0.00659	0.00832	0.00580	0.00530	0.02614	0.12062	0.01725	0.42455	0.06108	0.23097	0.00965	0.00541	0.00154	0.00276	0.00831	0.00475	0.00491
10	0.02058	0.00895	0.01152	0.00883	0.01250	0.00831	0.00729	0.16045	0.01505	0.66848	0.01730	0.01520	0.01102	0.00580	0.00474	0.00145	0.00422	0.00465	0.00564	0.00802
11	0.00940	0.00880	0.01495	0.61079	0.14124	0.01047	0.03902	0.01218	0.00943	0.01242	0.00840	0.01245	0.00657	0.00532	0.00582	0.04357	0.03738	0.00423	0.00214	0.00544
12	0.00915	0.00645	0.00885	0.00820	0.00956	0.00736	0.00650	0.10975	0.00979	0.06077	0.01260	0.01718	0.01111	0.02890	0.63680	0.00624	0.03795	0.00490	0.00299	0.00496
13	0.00680	0.00455	0.00516	0.00521	0.00523	0.00454	0.00293	0.00684	0.00696	0.00928	0.01540	0.06989	0.01783	0.79432	0.02312	0.00444	0.00448	0.00718	0.00293	0.00290
14	0.86760	0.00912	0.00693	0.00620	0.00912	0.01058	0.00511	0.01386	0.00802	0.02115	0.00657	0.00766	0.00511	0.00438	0.00292	0.00146	0.00365	0.00255	0.00292	0.00511
15	0.01083	0.01007	0.01679	0.02487	0.66668	0.01005	0.01256	0.01327	0.01045	0.01490	0.05672	0.01525	0.01077	0.09874	0.00692	0.00177	0.00528	0.00476	0.00256	0.00677
16	0.01152	0.01110	0.01861	0.02706	0.71493	0.01157	0.01400	0.01412	0.01034	0.01494	0.00856	0.01152	0.00732	0.00466	0.00589	0.00148	0.09868	0.00419	0.00230	0.00721
17	0.00924	0.00893	0.01411	0.79148	0.03178	0.04173	0.01294	0.01231	0.00958	0.01203	0.00834	0.01241	0.00628	0.00472	0.00470	0.00156	0.00637	0.00415	0.00211	0.00525

[dist]
# distance from previous block
# <min> <max>
0	1

[block]
# block no. 2 follows, 54 sequences, length 16
# corresponding to MSA columns:
# 125-140
name=unknown_C
#
# <colnr> <probs for GDERKNQSTAVLIFYWHMCP>
#	G	D	E	R	K	N	Q	S	T	A	V	L	I	F	Y	W	H	M	C	P
0	0.01021	0.09554	0.65367	0.01264	0.01888	0.04276	0.01558	0.01572	0.06483	0.01479	0.00899	0.01022	0.00657	0.00459	0.00436	0.00145	0.00663	0.00351	0.00221	0.00686
1	0.01261	0.83713	0.02471	0.00807	0.01210	0.01866	0.00807	0.01412	0.00958	0.01109	0.00656	0.00756	0.00605	0.00403	0.00303	0.00101	0.00504	0.00252	0.00202	0.00605
2	0.79490	0.01026	0.00748	0.00671	0.00959	0.07941	0.00545	0.01428	0.00848	0.02033	0.00663	0.00773	0.00519	0.00442	0.00303	0.00144	0.00406	0.00259	0.00288	0.00514
3	0.01032	0.01032	0.01444	0.01238	0.01238	0.01444	0.01032	0.01135	0.00722	0.01135	0.00619	0.01032	0.00619	0.00825	0.01547	0.00206	0.82567	0.00413	0.00206	0.00516
4	0.01173	0.01013	0.01066	0.00960	0.01226	0.01173	0.00746	0.02505	0.79636	0.01972	0.01919	0.01759	0.01439	0.00640	0.00480	0.00160	0.00373	0.00533	0.00480	0.00746
5	0.01032	0.01032	0.01444	0.01238	0.01238	0.01444	0.01032	0.01135	0.00722	0.01135	0.00619	0.01032	0.00619	0.00825	0.01547	0.00206	0.82567	0.00413	0.00206	0.00516
6	0.07151	0.01374	0.12711	0.01668	0.02144	0.01163	0.52425	0.06590	0.03042	0.05553	0.00998	0.01219	0.00731	0.00433	0.00512	0.00155	0.00705	0.00495	0.00275	0.00657
7	0.00819	0.00410	0.00614	0.00614	0.00614	0.00410	0.00410	0.00614	0.00614	0.00819	0.00819	0.01433	0.00819	0.01638	0.01843	0.86282	0.00410	0.00410	0.00205	0.00205
8	0.01223	0.01049	0.01179	0.01162	0.09130	0.01191	0.00828	0.08696	0.65443	0.02012	0.01752	0.01649	0.01318	0.00612	0.00478	0.00156	0.00404	0.00513	0.00455	0.00751
9	0.00669	0.00476	0.00610	0.00584	0.00693	0.00440	0.00435	0.00880	0.01287	0.01826	0.69539	0.07142	0.07507	0.00977	0.00547	0.00149	0.00225	0.00861	0.04714	0.00440
10	0.00675	0.00501	0.00737	0.00737	0.00814	0.00578	0.00563	0.00829	0.00752	0.01079	0.01282	0.01958	0.01225	0.10370	0.74790	0.00732	0.01194	0.00521	0.00255	0.00409
11	0.00643	0.00469	0.00605	0.00597	0.00696	0.00431	0.00438	0.00833	0.01239	0.01724	0.61040	0.17888	0.09493	0.01072	0.00564	0.00157	0.00233	0.00950	0.00499	0.00431
12	0.01104	0.01056	0.01799	0.21103	0.62775	0.01104	0.01415	0.01391	0.01044	0.01463	0.00876	0.01188	0.00720	0.00432	0.00468	0.00144	0.00576	0.00420	0.00228	0.00696
13	0.00978	0.00838	0.00978	0.00698	0.01117	0.00629	0.00559	0.01187	0.00978	0.01536	0.00838	0.00978	0.00698	0.00349	0.00349	0.00070	0.00349	0.00279	0.00279	0.86312
14	0.00676	0.00494	0.00702	0.00702	0.00767	0.00559	0.00520	0.00806	0.00741	0.01053	0.01314	0.02136	0.01302	0.21911	0.63354	0.00689	0.01078	0.00547	0.00260	0.00390
15	0.02512	0.03056	0.03627	0.22675	0.17944	0.11848	0.01075	0.02584	0.01023	0.03665	0.01213	0.02813	0.07485	0.03453	0.00694	0.00165	0.12869	0.00469	0.00260	0.00570

[dist]
# distance from previous block
# <min> <max>
0	1

[block]
# block no. 3 follows, 54 sequences, length 21
# corresponding to MSA columns:
# 142-162
name=unknown_D
#
# <colnr> <probs for GDERKNQSTAVLIFYWHMCP>
#	G	D	E	R	K	N	Q	S	T	A	V	L	I	F	Y	W	H	M	C	P
0	0.14902	0.06758	0.01296	0.01085	0.01351	0.58900	0.00837	0.04380	0.03968	0.01390	0.00768	0.00873	0.00627	0.00482	0.00401	0.00126	0.00727	0.00305	0.00264	0.00560
1	0.00986	0.06047	0.65191	0.01419	0.02068	0.01146	0.13652	0.01492	0.01012	0.01478	0.00854	0.01027	0.00616	0.00438	0.00458	0.00149	0.00703	0.00376	0.00205	0.00683
2	0.01261	0.83713	0.02471	0.00807	0.01210	0.01866	0.00807	0.01412	0.00958	0.01109	0.00656	0.00756	0.00605	0.00403	0.00303	0.00101	0.00504	0.00252	0.00202	0.00605
3	0.00704	0.00508	0.00692	0.00786	0.00881	0.00496	0.00652	0.00888	0.01062	0.01389	0.07227	0.21017	0.07552	0.01312	0.00630	0.00204	0.00377	0.52761	0.00440	0.00422
4	0.01758	0.01318	0.01484	0.01130	0.01513	0.01449	0.04827	0.75009	0.02161	0.02898	0.01123	0.01139	0.00797	0.00558	0.00476	0.00142	0.00533	0.00431	0.00460	0.00793
5	0.03016	0.00897	0.01114	0.00900	0.01185	0.00917	0.05259	0.20054	0.13915	0.21572	0.15911	0.02016	0.05337	0.03446	0.00556	0.00159	0.00406	0.00571	0.02098	0.00671
6	0.00685	0.00487	0.00686	0.00686	0.00743	0.00544	0.00500	0.00788	0.00731	0.01031	0.01295	0.02149	0.01297	0.24221	0.56266	0.05710	0.01003	0.00547	0.00258	0.00373
7	0.00638	0.00481	0.00590	0.00563	0.00687	0.00432	0.00422	0.00833	0.01266	0.01728	0.60279	0.03791	0.24511	0.01025	0.00556	0.00151	0.00227	0.00890	0.00498	0.00432
8	0.01117	0.01070	0.01824	0.17170	0.66601	0.01107	0.01422	0.01403	0.01050	0.01480	0.00878	0.01183	0.00726	0.00429	0.00468	0.00143	0.00572	0.00420	0.00229	0.00707
9	0.01145	0.01098	0.01874	0.09255	0.74300	0.01114	0.01436	0.01428	0.01063	0.01514	0.00883	0.01174	0.00737	0.00424	0.00467	0.00141	0.00566	0.00420	0.00231	0.00729
10	0.00626	0.00480	0.00573	0.00550	0.00679	0.00427	0.00412	0.00810	0.01237	0.01659	0.51907	0.03903	0.32926	0.01050	0.00557	0.00152	0.00229	0.00906	0.00489	0.00427
11	0.01047	0.01130	0.04768	0.01420	0.01662	0.03205	0.30368	0.03876	0.01041	0.01469	0.13129	0.01506	0.01255	0.00654	0.00914	0.00173	0.31011	0.00531	0.00277	0.00567
12	0.00686	0.00457	0.00514	0.00514	0.00514	0.00457	0.00286	0.00686	0.00686	0.00914	0.01486	0.03086	0.01714	0.83430	0.02400	0.00457	0.00457	0.00686	0.00286	0.00286
13	0.01089	0.01021	0.01715	0.02537	0.68108	0.01015	0.01292	0.01361	0.01114	0.01595	0.13200	0.01532	0.01321	0.00504	0.00481	0.00141	0.00508	0.00487	0.00278	0.00700
14	0.00574	0.00410	0.00547	0.00657	0.00684	0.00383	0.00438	0.00657	0.00903	0.01204	0.02599	0.83122	0.03119	0.01477	0.00602	0.00191	0.00274	0.01340	0.00438	0.00383
15	0.01067	0.13862	0.01603	0.01171	0.01234	0.01510	0.00997	0.01178	0.00759	0.01131	0.00625	0.00989	0.00617	0.00760	0.01354	0.00190	0.69832	0.00388	0.00206	0.00530
16	0.00988	0.11734	0.59351	0.01181	0.01800	0.01113	0.01449	0.01436	0.00988	0.01455	0.00823	0.00965	0.00614	0.00427	0.00416	0.00131	0.00620	0.00326	0.00212	0.13971
17	0.01596	0.01183	0.01300	0.01029	0.01357	0.01316	0.00843	0.63970	0.04859	0.02643	0.01182	0.01267	0.00884	0.01030	0.13055	0.00238	0.00629	0.00441	0.00438	0.00741
18	0.00674	0.00505	0.00758	0.00758	0.00842	0.00589	0.00589	0.00842	0.00758	0.01095	0.01263	0.01852	0.01179	0.03536	0.81561	0.00758	0.01263	0.00505	0.00253	0.00421
19	0.15375	0.01004	0.03302	0.00856	0.01203	0.05429	0.00711	0.05614	0.12010	0.40447	0.01464	0.01358	0.00996	0.00538	0.00432	0.00140	0.00426	0.00416	0.00462	0.07816
20	0.01569	0.15489	0.03373	0.01411	0.13693	0.54164	0.00995	0.01729	0.01226	0.01214	0.00744	0.00887	0.00628	0.00461	0.00412	0.00122	0.00745	0.00314	0.00234	0.00591

[dist]
# distance from previous block
# <min> <max>
0	2

[block]
# block no. 4 follows, 54 sequences, length 30
# corresponding to MSA columns:
# 165-194
name=unknown_E
#
# <colnr> <probs for GDERKNQSTAVLIFYWHMCP>
#	G	D	E	R	K	N	Q	S	T	A	V	L	I	F	Y	W	H	M	C	P
0	0.00926	0.00874	0.01478	0.72178	0.13090	0.01057	0.01327	0.01236	0.00959	0.01247	0.00844	0.01246	0.00644	0.00465	0.00471	0.00155	0.00620	0.00419	0.00213	0.00552
1	0.00688	0.00750	0.10839	0.00667	0.00874	0.00541	0.00595	0.00963	0.04232	0.01651	0.43597	0.03448	0.27465	0.00957	0.00540	0.00152	0.00294	0.00820	0.00451	0.00474
2	0.00661	0.00487	0.00626	0.00607	0.00707	0.00459	0.00451	0.00850	0.01227	0.01708	0.59911	0.10901	0.10267	0.04526	0.00662	0.00169	0.01959	0.02906	0.00486	0.00430
3	0.01165	0.01038	0.02735	0.00963	0.01218	0.02807	0.00769	0.06873	0.60919	0.01954	0.07755	0.01856	0.01585	0.00673	0.00532	0.00160	0.03867	0.01967	0.00459	0.00706
4	0.01208	0.01284	0.11932	0.02526	0.63502	0.01115	0.01427	0.05052	0.01128	0.04955	0.00934	0.01162	0.00748	0.00437	0.00465	0.00142	0.00569	0.00413	0.00255	0.00745
5	0.01060	0.00835	0.00986	0.00709	0.01124	0.00633	0.00568	0.01268	0.01005	0.07270	0.00912	0.01023	0.00732	0.00366	0.00358	0.00075	0.00353	0.00293	0.00301	0.80127
6	0.00978	0.00838	0.00978	0.00698	0.01117	0.00629	0.00559	0.01187	0.00978	0.01536	0.00838	0.00978	0.00698	0.00349	0.00349	0.00070	0.00349	0.00279	0.00279	0.86312
7	0.00674	0.00502	0.00741	0.00741	0.00820	0.00581	0.00569	0.00831	0.00753	0.01082	0.01278	0.01935	0.01215	0.08886	0.76260	0.00738	0.01209	0.00517	0.00255	0.00412
8	0.00988	0.02347	0.74601	0.01358	0.02033	0.01114	0.04679	0.04771	0.01052	0.01556	0.00862	0.01012	0.00610	0.00451	0.00453	0.00149	0.00693	0.00360	0.00212	0.00699
9	0.00613	0.00472	0.00561	0.00556	0.00676	0.00419	0.00411	0.00779	0.01181	0.01568	0.41589	0.13675	0.33565	0.01116	0.00562	0.00158	0.00235	0.00967	0.00478	0.00419
10	0.01213	0.01103	0.01334	0.01114	0.01410	0.05014	0.12186	0.08528	0.53025	0.01934	0.05268	0.01735	0.01401	0.00617	0.00494	0.00157	0.00464	0.01862	0.00433	0.00706
11	0.00957	0.02260	0.70851	0.01330	0.01938	0.01140	0.01652	0.01448	0.00961	0.01448	0.00817	0.01000	0.00600	0.00496	0.00588	0.00157	0.11129	0.00357	0.00200	0.00674
12	0.01203	0.01028	0.01083	0.00966	0.01237	0.01187	0.00754	0.06174	0.75919	0.02020	0.01881	0.01729	0.01409	0.00636	0.00479	0.00159	0.00380	0.00528	0.00479	0.00749
13	0.86760	0.00912	0.00693	0.00620	0.00912	0.01058	0.00511	0.01386	0.00802	0.02115	0.00657	0.00766	0.00511	0.00438	0.00292	0.00146	0.00365	0.00255	0.00292	0.00511
14	0.00819	0.00410	0.00614	0.00614	0.00614	0.00410	0.00410	0.00614	0.00614	0.00819	0.00819	0.01433	0.00819	0.01638	0.01843	0.86282	0.00410	0.00410	0.00205	0.00205
15	0.86760	0.00912	0.00693	0.00620	0.00912	0.01058	0.00511	0.01386	0.00802	0.02115	0.00657	0.00766	0.00511	0.00438	0.00292	0.00146	0.00365	0.00255	0.00292	0.00511
16	0.00946	0.02439	0.80987	0.01344	0.02041	0.01095	0.01742	0.01493	0.00995	0.01493	0.00846	0.00995	0.00597	0.00448	0.00448	0.00149	0.00697	0.00348	0.00199	0.00697
17	0.00686	0.00457	0.00514	0.00514	0.00514	0.00457	0.00286	0.00686	0.00686	0.00914	0.01486	0.03086	0.01714	0.83430	0.02400	0.00457	0.00457	0.00686	0.00286	0.00286
18	0.00986	0.12795	0.70982	0.01275	0.01935	0.01193	0.01623	0.01483	0.00991	0.01444	0.00822	0.00965	0.00598	0.00442	0.00429	0.00143	0.00672	0.00336	0.00199	0.00685
19	0.00574	0.00470	0.00506	0.00515	0.00651	0.00402	0.00379	0.00701	0.01086	0.01344	0.14134	0.14422	0.60779	0.01201	0.00563	0.00162	0.00241	0.01021	0.00448	0.00402
20	0.00703	0.00768	0.10850	0.00677	0.00890	0.00565	0.00603	0.01013	0.06898	0.01640	0.39215	0.03411	0.29081	0.00952	0.00537	0.00153	0.00299	0.00813	0.00448	0.00483
21	0.00564	0.00478	0.00486	0.00484	0.00641	0.00401	0.00363	0.00689	0.01090	0.01309	0.09074	0.04480	0.75977	0.01181	0.00557	0.00159	0.00238	0.00987	0.00442	0.00401
22	0.01167	0.01120	0.01914	0.02894	0.80488	0.01120	0.01447	0.01447	0.01074	0.01540	0.00887	0.01167	0.00747	0.00420	0.00467	0.00140	0.00560	0.00420	0.00233	0.00747
23	0.00562	0.00478	0.00484	0.00482	0.00640	0.00400	0.00362	0.00685	0.01085	0.01298	0.07783	0.04497	0.77275	0.01185	0.00557	0.00159	0.00238	0.00989	0.00441	0.00400
24	0.00706	0.00522	0.00686	0.00666	0.00709	0.00578	0.00470	0.00801	0.00796	0.01119	0.11376	0.02551	0.01791	0.38624	0.29720	0.00503	0.07090	0.00623	0.00298	0.00371
25	0.00686	0.00457	0.00514	0.00514	0.00514	0.00457	0.00286	0.00686	0.00686	0.00914	0.01486	0.03086	0.01714	0.83430	0.02400	0.00457	0.00457	0.00686	0.00286	0.00286
26	0.00934	0.00931	0.01201	0.11373	0.01415	0.07401	0.06627	0.01156	0.04581	0.01279	0.03861	0.04684	0.20186	0.00848	0.00863	0.00175	0.27386	0.04293	0.00306	0.00501
27	0.01163	0.71297	0.02173	0.00757	0.01123	0.01648	0.00739	0.01311	0.00974	0.01144	0.01200	0.01260	0.10773	0.00507	0.00336	0.00108	0.00464	0.00351	0.02097	0.00575
28	0.01068	0.00881	0.01132	0.11180	0.01462	0.00764	0.03746	0.07031	0.01084	0.04653	0.00941	0.02772	0.00766	0.00415	0.00392	0.00095	0.00415	0.00348	0.00298	0.60556
29	0.01725	0.01761	0.01330	0.01148	0.01431	0.51092	0.04589	0.03761	0.10905	0.16059	0.01103	0.01128	0.00822	0.00520	0.00448	0.00133	0.00699	0.00378	0.00340	0.00628

[dist]
# distance from previous block
# <min> <max>
3	5

[block]
# block no. 5 follows, 54 sequences, length 14
# corresponding to MSA columns:
# 202,209-221
name=unknown_F
#
# <colnr> <probs for GDERKNQSTAVLIFYWHMCP>
#	G	D	E	R	K	N	Q	S	T	A	V	L	I	F	Y	W	H	M	C	P
0	0.00646	0.00469	0.00610	0.00609	0.00706	0.00433	0.00450	0.00836	0.01227	0.01707	0.58404	0.19548	0.07858	0.01089	0.00568	0.00160	0.00241	0.03512	0.00496	0.00430
1	0.01173	0.01013	0.01066	0.00960	0.01226	0.01173	0.00746	0.02505	0.79636	0.01972	0.01919	0.01759	0.01439	0.00640	0.00480	0.00160	0.00373	0.00533	0.00480	0.00746
2	0.00685	0.00458	0.00576	0.00634	0.00712	0.00422	0.00451	0.00797	0.00977	0.05187	0.05763	0.49352	0.15503	0.05322	0.00666	0.00194	0.00292	0.07275	0.04323	0.00410
3	0.00835	0.00764	0.00844	0.00826	0.00933	0.12620	0.00637	0.00997	0.00844	0.01103	0.01184	0.01703	0.01094	0.03083	0.69503	0.00663	0.01202	0.00475	0.00251	0.00440
4	0.01032	0.01032	0.01444	0.01238	0.01238	0.01444	0.01032	0.01135	0.00722	0.01135	0.00619	0.01032	0.00619	0.00825	0.01547	0.00206	0.82567	0.00413	0.00206	0.00516
5	0.05115	0.00504	0.00597	0.00606	0.00722	0.00481	0.00441	0.00842	0.00966	0.06115	0.06731	0.24854	0.28831	0.08010	0.12734	0.00278	0.00433	0.00915	0.00404	0.00421
6	0.00574	0.00410	0.00547	0.00657	0.00684	0.00383	0.00438	0.00657	0.00903	0.01204	0.02599	0.83122	0.03119	0.01477	0.00602	0.00191	0.00274	0.01340	0.00438	0.00383
7	0.01112	0.01064	0.01814	0.18771	0.65044	0.01106	0.01420	0.01399	0.01047	0.01473	0.00877	0.01185	0.00723	0.00430	0.00468	0.00143	0.00574	0.00420	0.00229	0.00702
8	0.00574	0.00410	0.00547	0.00657	0.00684	0.00383	0.00438	0.00657	0.00903	0.01204	0.02599	0.83122	0.03119	0.01477	0.00602	0.00191	0.00274	0.01340	0.00438	0.00383
9	0.00683	0.00461	0.00531	0.00526	0.00543	0.00455	0.00309	0.00716	0.00782	0.01059	0.13190	0.03150	0.02121	0.71174	0.02126	0.00411	0.00422	0.00710	0.00320	0.00309
10	0.01138	0.04983	0.14194	0.01720	0.02183	0.01222	0.53094	0.04085	0.01101	0.03687	0.00929	0.01194	0.00701	0.00450	0.00602	0.00158	0.07173	0.00494	0.00246	0.00644
11	0.01376	0.01125	0.01242	0.04535	0.01399	0.05182	0.02858	0.35175	0.22431	0.02174	0.01314	0.01396	0.01005	0.01007	0.12521	0.00236	0.00613	0.00458	0.00406	0.03548
12	0.14481	0.18683	0.12789	0.00862	0.01253	0.01118	0.03391	0.10296	0.02714	0.01666	0.01417	0.01473	0.12492	0.00547	0.00399	0.00126	0.00453	0.00417	0.00302	0.15121
13	0.04448	0.01186	0.01111	0.00989	0.04630	0.17039	0.00738	0.12727	0.15759	0.05597	0.06404	0.04174	0.03698	0.00583	0.00443	0.00128	0.00476	0.00462	0.00375	0.19032

[dist]
# distance from previous block
# <min> <max>
5	20

[block]
# block no. 6 follows, 54 sequences, length 30
# corresponding to MSA columns:
# 242-252,266-284
name=unknown_G
#
# <colnr> <probs for GDERKNQSTAVLIFYWHMCP>
#	G	D	E	R	K	N	Q	S	T	A	V	L	I	F	Y	W	H	M	C	P
0	0.05408	0.01175	0.01681	0.05206	0.59594	0.09710	0.01266	0.01442	0.01103	0.01541	0.06603	0.01287	0.00984	0.00469	0.00460	0.00140	0.00560	0.00431	0.00257	0.00684
1	0.11127	0.01138	0.01246	0.05956	0.01444	0.08179	0.06323	0.15489	0.26180	0.05426	0.02648	0.01329	0.01004	0.00544	0.00471	0.00144	0.02336	0.00435	0.00384	0.08198
2	0.00615	0.00441	0.00583	0.00629	0.00693	0.00410	0.00441	0.00758	0.01090	0.01501	0.36212	0.48660	0.03694	0.01255	0.00582	0.00173	0.00251	0.01129	0.00473	0.00410
3	0.00737	0.00599	0.00721	0.07966	0.00955	0.04540	0.00532	0.00941	0.01240	0.01692	0.59512	0.04537	0.07042	0.06160	0.00660	0.00169	0.00307	0.00790	0.00458	0.00444
4	0.01815	0.01284	0.01392	0.01067	0.01444	0.01408	0.00882	0.73502	0.02156	0.08472	0.01183	0.01165	0.00828	0.00567	0.00472	0.00142	0.00511	0.00428	0.00480	0.00802
5	0.00946	0.02439	0.80987	0.01344	0.02041	0.01095	0.01742	0.01493	0.00995	0.01493	0.00846	0.00995	0.00597	0.00448	0.00448	0.00149	0.00697	0.00348	0.00199	0.00697
6	0.01031	0.00821	0.01045	0.00886	0.00997	0.00940	0.04746	0.18443	0.01068	0.01467	0.01220	0.04603	0.01256	0.39414	0.01622	0.00306	0.18768	0.00580	0.00312	0.00475
7	0.00686	0.00523	0.00781	0.00774	0.00856	0.00619	0.00605	0.00852	0.00757	0.01096	0.01241	0.01824	0.01160	0.03443	0.78815	0.00739	0.04053	0.00502	0.00251	0.00424
8	0.01153	0.55937	0.29305	0.00990	0.01494	0.01602	0.01126	0.01440	0.00971	0.01241	0.00721	0.00838	0.00602	0.00419	0.00352	0.00117	0.00570	0.00285	0.00201	0.00636
9	0.00946	0.02439	0.80987	0.01344	0.02041	0.01095	0.01742	0.01493	0.00995	0.01493	0.00846	0.00995	0.00597	0.00448	0.00448	0.00149	0.00697	0.00348	0.00199	0.00697
10	0.00606	0.00479	0.00554	0.00593	0.00717	0.00427	0.00457	0.00744	0.01060	0.01320	0.07793	0.18367	0.47430	0.01253	0.00584	0.00176	0.00283	0.16311	0.00441	0.00405
11	0.00616	0.00480	0.00559	0.00539	0.00673	0.00423	0.00405	0.00791	0.01214	0.01604	0.45161	0.03994	0.39706	0.01071	0.00557	0.00153	0.00230	0.00919	0.00481	0.00423
12	0.00686	0.00457	0.00514	0.00514	0.00514	0.00457	0.00286	0.00686	0.00686	0.00914	0.01486	0.03086	0.01714	0.83430	0.02400	0.00457	0.00457	0.00686	0.00286	0.00286
13	0.01155	0.01204	0.02336	0.01721	0.02121	0.01201	0.56590	0.08496	0.07041	0.01645	0.01095	0.01480	0.00870	0.00506	0.00618	0.00164	0.06472	0.04360	0.00285	0.00641
14	0.01159	0.58530	0.19500	0.08256	0.01575	0.01624	0.01056	0.01411	0.00965	0.01202	0.00714	0.00854	0.00605	0.00419	0.00349	0.00116	0.00557	0.00288	0.00202	0.00618
15	0.00978	0.00838	0.00978	0.00698	0.01117	0.00629	0.00559	0.01187	0.00978	0.01536	0.00838	0.00978	0.00698	0.00349	0.00349	0.00070	0.00349	0.00279	0.00279	0.86312
16	0.01223	0.01031	0.01097	0.00950	0.01242	0.01156	0.00746	0.10783	0.64052	0.02043	0.01735	0.01620	0.01303	0.00605	0.00467	0.00150	0.00387	0.00498	0.00461	0.08451
17	0.01322	0.01111	0.08756	0.01236	0.01605	0.03698	0.25864	0.01630	0.03211	0.24449	0.08787	0.03763	0.05179	0.00600	0.00550	0.00152	0.03811	0.00559	0.00382	0.03336
18	0.00814	0.00617	0.00897	0.01069	0.12002	0.00608	0.02668	0.01016	0.03725	0.03820	0.02173	0.26035	0.05054	0.09955	0.02226	0.00227	0.00423	0.25810	0.00389	0.00474
19	0.00727	0.00520	0.00723	0.00831	0.00926	0.00515	0.00703	0.00921	0.01053	0.01375	0.02514	0.18943	0.02784	0.01333	0.00643	0.00213	0.00406	0.64010	0.00435	0.00425
20	0.01026	0.01096	0.02177	0.08958	0.03655	0.01144	0.48135	0.01338	0.00990	0.01372	0.00927	0.01302	0.00750	0.00862	0.10745	0.00240	0.13956	0.00512	0.00232	0.00582
21	0.04076	0.01077	0.01816	0.05529	0.05640	0.01203	0.28451	0.08383	0.03752	0.01527	0.01032	0.08545	0.00926	0.00652	0.00827	0.00173	0.24976	0.00547	0.00277	0.00592
22	0.00819	0.00532	0.00781	0.00774	0.00882	0.00505	0.05749	0.00957	0.00970	0.09533	0.02211	0.48045	0.02422	0.04571	0.05591	0.00227	0.00403	0.08887	0.05691	0.00451
23	0.00574	0.00410	0.00547	0.00657	0.00684	0.00383	0.00438	0.00657	0.00903	0.01204	0.02599	0.83122	0.03119	0.01477	0.00602	0.00191	0.00274	0.01340	0.00438	0.00383
24	0.01278	0.01327	0.08301	0.01032	0.01323	0.14928	0.00870	0.13401	0.36897	0.01848	0.01586	0.06405	0.01323	0.00686	0.00487	0.00156	0.00505	0.06570	0.00407	0.00670
25	0.03434	0.01357	0.01169	0.01020	0.01268	0.23951	0.00795	0.18157	0.25399	0.01878	0.08391	0.04381	0.01337	0.00644	0.00523	0.00147	0.04620	0.00490	0.00395	0.00644
26	0.01289	0.00989	0.01065	0.00875	0.01171	0.03087	0.00697	0.25555	0.21585	0.06658	0.12923	0.01887	0.07405	0.00658	0.00475	0.00139	0.00397	0.00536	0.00453	0.12157
27	0.01020	0.01059	0.04623	0.37613	0.22423	0.01102	0.15692	0.01383	0.04137	0.01392	0.00910	0.01237	0.00707	0.00457	0.00510	0.00153	0.02702	0.00444	0.00233	0.02205
28	0.01054	0.08434	0.01817	0.01242	0.01647	0.00954	0.32402	0.01328	0.01041	0.03352	0.01063	0.05402	0.00928	0.00483	0.00460	0.00124	0.00546	0.04248	0.00279	0.33197
29	0.00766	0.00592	0.00798	0.08066	0.01062	0.00596	0.03678	0.07490	0.02252	0.01484	0.09146	0.39191	0.12916	0.01117	0.00554	0.00172	0.00345	0.04627	0.04688	0.00459

[dist]
# distance from previous block
# <min> <max>
0	10

[block]
# block no. 7 follows, 54 sequences, length 9
# corresponding to MSA columns:
# 295-303
name=unknown_H
#
# <colnr> <probs for GDERKNQSTAVLIFYWHMCP>
#	G	D	E	R	K	N	Q	S	T	A	V	L	I	F	Y	W	H	M	C	P
0	0.51474	0.00956	0.01001	0.00808	0.01141	0.01015	0.06618	0.09634	0.01049	0.08529	0.00895	0.01048	0.00687	0.00470	0.00362	0.00139	0.00417	0.02159	0.00332	0.11266
1	0.01329	0.00894	0.01037	0.03744	0.01181	0.06482	0.02886	0.11243	0.03593	0.21540	0.16321	0.03996	0.03015	0.06982	0.00622	0.00159	0.00423	0.00547	0.00432	0.13574
2	0.00804	0.00601	0.00969	0.03672	0.01049	0.00599	0.09845	0.00882	0.00859	0.01192	0.08598	0.10216	0.01515	0.01588	0.15718	0.28579	0.01986	0.04081	0.00287	0.06959
3	0.01190	0.01308	0.11864	0.13557	0.35347	0.03439	0.07251	0.11103	0.07228	0.01683	0.00985	0.01198	0.00764	0.00466	0.00472	0.00146	0.00594	0.00427	0.00275	0.00701
4	0.01114	0.01176	0.01528	0.01289	0.01348	0.09807	0.06538	0.01240	0.00814	0.01163	0.00654	0.01030	0.00625	0.00759	0.01360	0.00194	0.68211	0.00411	0.00212	0.00528
5	0.01303	0.14860	0.39758	0.01361	0.07769	0.07911	0.01357	0.01624	0.01097	0.09764	0.00990	0.01155	0.00762	0.00550	0.00561	0.00160	0.07637	0.00385	0.00279	0.00716
6	0.01384	0.01114	0.01186	0.01025	0.01313	0.01239	0.00800	0.22136	0.52544	0.02303	0.07838	0.01851	0.01585	0.00705	0.00523	0.00171	0.00432	0.00558	0.00509	0.00783
7	0.08115	0.46163	0.18774	0.01032	0.01467	0.14110	0.01035	0.01563	0.01072	0.01368	0.00804	0.00955	0.00686	0.00491	0.00394	0.00136	0.00619	0.00313	0.00247	0.00655
8	0.09789	0.00581	0.00647	0.00635	0.00701	0.00590	0.00417	0.00850	0.00798	0.01183	0.01655	0.02734	0.07714	0.48251	0.14173	0.07357	0.00582	0.00641	0.00318	0.00384

[dist]
# distance from previous block
# <min> <max>
0	32

[block]
# block no. 8 follows, 54 sequences, length 45
# corresponding to MSA columns:
# 336-380
name=unknown_I
#
# <colnr> <probs for GDERKNQSTAVLIFYWHMCP>
#	G	D	E	R	K	N	Q	S	T	A	V	L	I	F	Y	W	H	M	C	P
0	0.03294	0.01786	0.42133	0.05244	0.05019	0.01075	0.01340	0.04032	0.06854	0.13318	0.01501	0.01619	0.06137	0.00641	0.00528	0.00177	0.00616	0.00482	0.00365	0.03839
1	0.01322	0.16128	0.42275	0.01204	0.01722	0.01228	0.01309	0.03488	0.06588	0.11558	0.01313	0.07231	0.01074	0.00658	0.00511	0.00174	0.00619	0.00489	0.00349	0.00759
2	0.01142	0.01009	0.01549	0.03782	0.46795	0.01008	0.01170	0.01313	0.01127	0.01586	0.03527	0.17071	0.04406	0.00856	0.00651	0.00191	0.05905	0.05859	0.00354	0.00699
3	0.04517	0.01631	0.33966	0.07871	0.38080	0.01104	0.03266	0.01447	0.01022	0.01520	0.00859	0.01090	0.00667	0.00435	0.00454	0.00146	0.00618	0.00387	0.00220	0.00698
4	0.02681	0.01287	0.21187	0.04407	0.13883	0.04140	0.09267	0.01418	0.02396	0.10102	0.16354	0.04203	0.04542	0.00624	0.00494	0.00150	0.00523	0.01381	0.00338	0.00623
5	0.01106	0.01138	0.06946	0.14434	0.43243	0.01086	0.08556	0.06772	0.02936	0.01569	0.01047	0.07093	0.00907	0.00519	0.00485	0.00149	0.00574	0.00497	0.00265	0.00677
6	0.01282	0.03417	0.01145	0.00958	0.01229	0.01188	0.00762	0.11158	0.57524	0.06370	0.01712	0.01614	0.01279	0.00627	0.00520	0.00156	0.04396	0.00500	0.03435	0.00730
7	0.00722	0.00592	0.00801	0.12073	0.04375	0.02612	0.00665	0.00907	0.03768	0.01273	0.03599	0.51811	0.02466	0.01241	0.02048	0.00194	0.01683	0.08339	0.00389	0.00443
8	0.04303	0.02951	0.29479	0.01509	0.11707	0.04348	0.14562	0.09614	0.06336	0.07978	0.01058	0.02224	0.00788	0.00485	0.00469	0.00148	0.00619	0.00429	0.00295	0.00697
9	0.01512	0.02644	0.02612	0.01525	0.21524	0.15620	0.02790	0.21447	0.01431	0.12764	0.02408	0.06556	0.00998	0.00584	0.00508	0.00144	0.03410	0.00474	0.00361	0.00690
10	0.00567	0.00467	0.00499	0.00523	0.00656	0.00400	0.00385	0.00682	0.01042	0.01264	0.04293	0.19546	0.63254	0.01251	0.00569	0.00167	0.00251	0.03349	0.00438	0.00396
11	0.02682	0.01076	0.15421	0.06949	0.05679	0.00847	0.09639	0.01370	0.13440	0.04354	0.06198	0.11531	0.16033	0.00775	0.00513	0.00160	0.00464	0.01931	0.00358	0.00579
12	0.01527	0.09139	0.12942	0.01098	0.03458	0.16725	0.02180	0.15134	0.06601	0.18308	0.01272	0.04632	0.00995	0.00584	0.00457	0.00142	0.00566	0.03186	0.00374	0.00681
13	0.05009	0.00819	0.01065	0.00834	0.01178	0.00746	0.00684	0.03990	0.06799	0.67182	0.05304	0.01660	0.01301	0.00599	0.00472	0.00147	0.00393	0.00486	0.00560	0.00772
14	0.01158	0.01043	0.01805	0.21812	0.50830	0.01080	0.07177	0.01449	0.01063	0.06650	0.00944	0.01225	0.00744	0.00441	0.00475	0.00146	0.00584	0.00434	0.00251	0.00688
15	0.04561	0.01234	0.01818	0.02983	0.38383	0.09987	0.16029	0.04399	0.06932	0.06222	0.01040	0.01271	0.00823	0.00469	0.00477	0.00145	0.00604	0.01643	0.00288	0.00692
16	0.01145	0.01097	0.01873	0.09323	0.74234	0.01114	0.01436	0.01427	0.01063	0.01513	0.00883	0.01174	0.00737	0.00424	0.00467	0.00141	0.00566	0.00420	0.00231	0.00729
17	0.00715	0.00575	0.00648	0.00613	0.00771	0.00557	0.00465	0.01095	0.15239	0.01664	0.36652	0.03605	0.33640	0.00996	0.00543	0.00155	0.00256	0.00851	0.00480	0.00480
18	0.04263	0.01117	0.06748	0.28796	0.25703	0.01121	0.03021	0.15242	0.01232	0.04901	0.01032	0.01262	0.02513	0.00489	0.00466	0.00148	0.00569	0.00428	0.00287	0.00662
19	0.04488	0.04045	0.12553	0.06954	0.04274	0.08183	0.07648	0.06515	0.02268	0.02559	0.02080	0.13684	0.01224	0.10377	0.04265	0.00218	0.07253	0.00578	0.00293	0.00542
20	0.00954	0.02392	0.78155	0.01399	0.04850	0.01096	0.01732	0.01492	0.00998	0.01495	0.00848	0.01002	0.00603	0.00447	0.00449	0.00149	0.00692	0.00351	0.00200	0.00699
21	0.00567	0.00476	0.00492	0.00492	0.00644	0.00401	0.00367	0.00694	0.01092	0.01323	0.10916	0.06482	0.72078	0.01183	0.00558	0.00159	0.00238	0.00992	0.00445	0.00401
22	0.02786	0.01160	0.08796	0.01002	0.01355	0.07378	0.06069	0.12053	0.10939	0.30511	0.08127	0.01695	0.04745	0.00611	0.00481	0.00147	0.00482	0.00506	0.00453	0.00702
23	0.01021	0.25099	0.32376	0.01127	0.01589	0.01222	0.09761	0.02563	0.04219	0.01419	0.05461	0.09912	0.01134	0.00578	0.00443	0.00141	0.00565	0.00487	0.00263	0.00620
24	0.00628	0.00467	0.00649	0.00807	0.05920	0.00445	0.00513	0.00729	0.00919	0.01234	0.03819	0.68850	0.02887	0.04578	0.01899	0.00207	0.00320	0.04306	0.00417	0.00407
25	0.01256	0.01242	0.01832	0.02639	0.68801	0.09110	0.01367	0.05266	0.01155	0.01572	0.00883	0.01134	0.00736	0.00434	0.00463	0.00138	0.00587	0.00409	0.00246	0.00730
26	0.01143	0.24841	0.40557	0.01265	0.06827	0.06699	0.01325	0.01491	0.01004	0.03642	0.00801	0.00951	0.00628	0.00467	0.00487	0.00137	0.06532	0.00332	0.00217	0.00655
27	0.00960	0.00912	0.01434	0.46510	0.23893	0.03863	0.01213	0.01236	0.01018	0.01344	0.06681	0.06744	0.01098	0.00559	0.00483	0.00153	0.00565	0.00507	0.00254	0.00571
28	0.00574	0.00421	0.00539	0.00631	0.00678	0.00386	0.00427	0.00664	0.00934	0.01226	0.04313	0.70864	0.13757	0.01429	0.00595	0.00186	0.00268	0.01284	0.00439	0.00386
29	0.01177	0.01078	0.01833	0.02363	0.54701	0.01078	0.11863	0.02747	0.06866	0.03906	0.01051	0.01280	0.00840	0.00449	0.00470	0.00142	0.00549	0.00450	0.06446	0.00712
30	0.02905	0.03213	0.01153	0.06926	0.07734	0.06010	0.07290	0.01326	0.01075	0.18378	0.01809	0.30936	0.01804	0.00906	0.00527	0.00166	0.00452	0.06439	0.00396	0.00558
31	0.01697	0.01040	0.01250	0.10122	0.01521	0.03629	0.00856	0.24100	0.10316	0.32898	0.01426	0.01386	0.00979	0.00585	0.00543	0.00151	0.05854	0.00451	0.00462	0.00738
32	0.01073	0.01039	0.01813	0.28823	0.49583	0.01102	0.06971	0.01372	0.01034	0.01428	0.00876	0.01204	0.00706	0.00435	0.00475	0.00147	0.00599	0.00430	0.00226	0.00666
33	0.00984	0.10931	0.62916	0.01272	0.01888	0.01158	0.05076	0.01497	0.03829	0.01486	0.04080	0.01112	0.00789	0.00469	0.00443	0.00145	0.00650	0.00375	0.00224	0.00676
34	0.01256	0.01152	0.06844	0.01037	0.04008	0.07418	0.00830	0.03894	0.46175	0.09870	0.01806	0.05643	0.04560	0.00667	0.00508	0.00156	0.02504	0.00545	0.00432	0.00696
35	0.00654	0.00555	0.00618	0.00667	0.05905	0.00492	0.00456	0.03964	0.01134	0.01391	0.08049	0.04127	0.68111	0.01106	0.00548	0.00157	0.00271	0.00927	0.00430	0.00440
36	0.01409	0.01262	0.06614	0.01239	0.06521	0.15358	0.11428	0.07667	0.05970	0.18380	0.07074	0.07342	0.02135	0.00634	0.00545	0.00150	0.04715	0.00535	0.00377	0.00645
37	0.01130	0.01103	0.04401	0.07827	0.39792	0.03940	0.08243	0.06345	0.01102	0.01555	0.01001	0.01373	0.00844	0.03641	0.01445	0.00164	0.05425	0.02019	0.08004	0.00647
38	0.00658	0.00478	0.00653	0.00664	0.00705	0.00475	0.03623	0.00729	0.00799	0.01078	0.01876	0.34631	0.02160	0.36893	0.12080	0.00379	0.00505	0.00916	0.00340	0.00357
39	0.01107	0.04445	0.01735	0.11454	0.57591	0.01102	0.01289	0.01458	0.06729	0.01539	0.06144	0.01357	0.01020	0.00477	0.00467	0.00142	0.00530	0.00450	0.00266	0.00696
40	0.04427	0.11400	0.21459	0.01113	0.03461	0.17681	0.01048	0.11513	0.08140	0.08754	0.01194	0.01300	0.03655	0.00540	0.00438	0.00139	0.00590	0.02168	0.00320	0.00660
41	0.00953	0.04147	0.61116	0.07177	0.02050	0.01110	0.07020	0.01425	0.00982	0.01436	0.00898	0.03882	0.00697	0.00499	0.00513	0.00154	0.04669	0.00403	0.00211	0.00658
42	0.00599	0.00508	0.00604	0.00585	0.00740	0.00440	0.03628	0.00738	0.01075	0.01319	0.08421	0.11730	0.61203	0.01181	0.00567	0.00165	0.00275	0.05376	0.00434	0.00411
43	0.05159	0.03998	0.05377	0.17047	0.06644	0.01027	0.11710	0.10475	0.03509	0.24886	0.01234	0.01379	0.00886	0.03923	0.00548	0.00161	0.00541	0.00453	0.00368	0.00674
44	0.01163	0.01164	0.05541	0.08852	0.52294	0.03184	0.01290	0.05727	0.09525	0.01639	0.04273	0.01316	0.00956	0.00481	0.00471	0.00144	0.00544	0.00444	0.00281	0.00712

[dist]
# distance from previous block
# <min> <max>
0	55

# created by:
# /home/cegg/simao/soft/augustus-3.2.1/scripts/msa2prfl.pl ./align_prep/EOG091G0L66.fa
