[name]
unknown

[dist]
# distance from previous block
# <min> <max>
0	102

[block]
# block no. 0 follows, 51 sequences, length 21
# corresponding to MSA columns:
# 123-143
name=unknown_A
#
# <colnr> <probs for GDERKNQSTAVLIFYWHMCP>
#	G	D	E	R	K	N	Q	S	T	A	V	L	I	F	Y	W	H	M	C	P
0	0.01394	0.01134	0.02770	0.01002	0.01303	0.04742	0.00803	0.13445	0.50234	0.09318	0.06986	0.01788	0.01530	0.00661	0.00500	0.00160	0.00433	0.00541	0.00494	0.00760
1	0.01515	0.00685	0.00913	0.00752	0.01015	0.00603	0.00600	0.01718	0.01386	0.44591	0.33227	0.02633	0.06622	0.00800	0.00533	0.00154	0.00335	0.00681	0.00573	0.00665
2	0.01222	0.01056	0.01111	0.01000	0.01278	0.01222	0.00778	0.02611	0.78776	0.02056	0.02000	0.01833	0.01500	0.00667	0.00500	0.00167	0.00389	0.00556	0.00500	0.00778
3	0.00608	0.00496	0.00537	0.00533	0.00682	0.00425	0.00397	0.00755	0.01175	0.01471	0.21888	0.07687	0.59231	0.01202	0.00582	0.00165	0.00247	0.01018	0.00476	0.00425
4	0.00933	0.00881	0.01475	0.78651	0.03309	0.01107	0.01354	0.01253	0.00974	0.01253	0.00865	0.01302	0.00655	0.00505	0.00532	0.00166	0.03585	0.00436	0.00218	0.00546
5	0.01199	0.01031	0.01091	0.00983	0.01253	0.01188	0.00764	0.02536	0.75298	0.02052	0.05479	0.01916	0.01641	0.00682	0.00504	0.00166	0.00382	0.00571	0.00502	0.00764
6	0.00928	0.00873	0.01474	0.81548	0.03385	0.01092	0.01365	0.01256	0.00983	0.01256	0.00873	0.01310	0.00655	0.00491	0.00491	0.00164	0.00655	0.00437	0.00218	0.00546
7	0.01189	0.01140	0.01945	0.10505	0.72390	0.01160	0.01495	0.01484	0.01106	0.01572	0.00920	0.01225	0.00767	0.00443	0.00487	0.00148	0.00591	0.00438	0.00241	0.00756
8	0.00714	0.00480	0.00554	0.00554	0.00560	0.00486	0.00320	0.00726	0.00720	0.00966	0.01532	0.03127	0.01748	0.77241	0.07936	0.00498	0.00535	0.00702	0.00295	0.00308
9	0.00765	0.00547	0.00761	0.00874	0.00976	0.00543	0.00745	0.00972	0.01105	0.01441	0.02617	0.16197	0.02887	0.01383	0.00672	0.00223	0.00429	0.65967	0.00453	0.00445
10	0.01242	0.01063	0.01159	0.06562	0.01438	0.01232	0.00828	0.07152	0.68713	0.02065	0.01872	0.01757	0.01401	0.00650	0.00499	0.00165	0.00417	0.00540	0.00480	0.00765
11	0.01836	0.02342	0.01393	0.01266	0.01519	0.80756	0.00950	0.01962	0.01393	0.01203	0.00760	0.00886	0.00633	0.00506	0.00443	0.00127	0.00886	0.00317	0.00253	0.00570
12	0.00934	0.00873	0.01443	0.75976	0.03232	0.01062	0.01311	0.01254	0.00985	0.01279	0.00873	0.01290	0.00660	0.00483	0.00483	0.00158	0.00635	0.00427	0.00223	0.06419
13	0.00599	0.00428	0.00570	0.00684	0.00713	0.00399	0.00456	0.00684	0.00941	0.01254	0.02709	0.82409	0.03250	0.01540	0.00627	0.00200	0.00285	0.01397	0.00456	0.00399
14	0.00607	0.00434	0.00580	0.00694	0.00727	0.00407	0.00471	0.00699	0.00949	0.01264	0.02704	0.78931	0.03231	0.01531	0.00630	0.00201	0.00293	0.04788	0.00456	0.00402
15	0.01255	0.01012	0.01392	0.01159	0.04579	0.10585	0.21720	0.03061	0.01177	0.09488	0.01330	0.01523	0.01010	0.00520	0.00444	0.00136	0.00513	0.00476	0.38032	0.00586
16	0.00928	0.00873	0.01474	0.81548	0.03385	0.01092	0.01365	0.01256	0.00983	0.01256	0.00873	0.01310	0.00655	0.00491	0.00491	0.00164	0.00655	0.00437	0.00218	0.00546
17	0.01180	0.01131	0.01929	0.12880	0.70083	0.01158	0.01490	0.01476	0.01102	0.01562	0.00918	0.01228	0.00763	0.00445	0.00487	0.00148	0.00593	0.00438	0.00240	0.00749
18	0.01160	0.01326	0.02900	0.02071	0.02568	0.01243	0.77879	0.01574	0.01160	0.01574	0.00994	0.01326	0.00746	0.00414	0.00580	0.00166	0.00829	0.00580	0.00249	0.00663
19	0.00792	0.00566	0.00792	0.00905	0.01018	0.00566	0.00792	0.01018	0.01131	0.01471	0.02602	0.05543	0.02828	0.01358	0.00679	0.00226	0.00453	0.76356	0.00453	0.00453
20	0.00789	0.00525	0.00676	0.00625	0.00764	0.00477	0.00473	0.01008	0.01367	0.07292	0.67230	0.03630	0.11271	0.00999	0.00574	0.00155	0.00246	0.00875	0.00538	0.00485

[dist]
# distance from previous block
# <min> <max>
0	3

[block]
# block no. 1 follows, 51 sequences, length 69
# corresponding to MSA columns:
# 148-216
name=unknown_B
#
# <colnr> <probs for GDERKNQSTAVLIFYWHMCP>
#	G	D	E	R	K	N	Q	S	T	A	V	L	I	F	Y	W	H	M	C	P
0	0.00709	0.00490	0.00602	0.00585	0.00700	0.00453	0.00434	0.00917	0.01272	0.01824	0.53440	0.09174	0.12685	0.01005	0.00547	0.00153	0.00237	0.00877	0.13442	0.00453
1	0.01300	0.79621	0.05858	0.00865	0.01298	0.01911	0.00882	0.01475	0.01000	0.01173	0.00692	0.00799	0.00630	0.00422	0.00322	0.00107	0.00534	0.00267	0.00210	0.00635
2	0.00691	0.00500	0.00634	0.00600	0.00721	0.00458	0.00450	0.00912	0.01351	0.01899	0.69005	0.03717	0.12277	0.01015	0.00572	0.00154	0.00234	0.00889	0.03462	0.00458
3	0.00623	0.00459	0.00580	0.00660	0.00716	0.00429	0.00449	0.00753	0.02945	0.01319	0.07971	0.62903	0.12191	0.04682	0.00690	0.00203	0.00288	0.01273	0.00457	0.00411
4	0.01075	0.01075	0.01505	0.01290	0.01290	0.01505	0.01075	0.01183	0.00753	0.01183	0.00645	0.01075	0.00645	0.00860	0.01613	0.00215	0.81830	0.00430	0.00215	0.00538
5	0.01019	0.00873	0.01019	0.00728	0.01165	0.00655	0.00582	0.01237	0.01019	0.01601	0.00873	0.01019	0.00728	0.00364	0.00364	0.00073	0.00364	0.00291	0.00291	0.85734
6	0.79237	0.02839	0.00805	0.02101	0.01024	0.04490	0.00571	0.01464	0.00866	0.02122	0.00691	0.00811	0.00541	0.00458	0.00314	0.00150	0.00410	0.00271	0.00298	0.00536
7	0.01050	0.01031	0.01859	0.17505	0.32674	0.01070	0.18140	0.01336	0.01059	0.01460	0.01184	0.13401	0.01111	0.00627	0.00579	0.00165	0.04226	0.00612	0.00270	0.00641
8	0.01807	0.00906	0.01140	0.00857	0.01256	0.00789	0.00703	0.10236	0.01386	0.47772	0.01532	0.01420	0.01026	0.00532	0.00454	0.00127	0.00415	0.00427	0.00499	0.26715
9	0.01521	0.01257	0.01276	0.01068	0.01392	0.05638	0.00851	0.33550	0.43195	0.02437	0.01596	0.01514	0.01180	0.00627	0.00494	0.00157	0.00478	0.00496	0.00483	0.00790
10	0.00687	0.00502	0.00645	0.00609	0.00729	0.00460	0.00457	0.00911	0.01371	0.01924	0.73970	0.03748	0.10100	0.01022	0.00580	0.00155	0.00233	0.00900	0.00535	0.00460
11	0.01205	0.01086	0.01361	0.09271	0.19202	0.05543	0.00932	0.10627	0.01216	0.01726	0.00915	0.01104	0.00740	0.00429	0.00424	0.00110	0.00494	0.00358	0.00295	0.42961
12	0.01216	0.01168	0.01995	0.03016	0.79664	0.01168	0.01508	0.01508	0.01119	0.01605	0.00924	0.01216	0.00778	0.00438	0.00487	0.00146	0.00584	0.00438	0.00243	0.00778
13	0.01212	0.01055	0.01291	0.01316	0.12556	0.01173	0.04128	0.02328	0.59747	0.03415	0.01871	0.03580	0.02797	0.00652	0.00506	0.00164	0.00431	0.00566	0.00453	0.00759
14	0.01022	0.10408	0.66455	0.01300	0.01953	0.02971	0.01627	0.01523	0.01061	0.01531	0.05072	0.01151	0.00839	0.00492	0.00457	0.00150	0.00683	0.00380	0.00227	0.00699
15	0.00599	0.00495	0.00526	0.00526	0.00677	0.00421	0.00391	0.00737	0.01151	0.01420	0.16036	0.08762	0.64111	0.01224	0.00583	0.00166	0.00248	0.01034	0.00469	0.00421
16	0.00944	0.00889	0.01502	0.77336	0.07477	0.01096	0.01372	0.01269	0.00990	0.01274	0.00876	0.01305	0.00662	0.00488	0.00491	0.00163	0.00651	0.00437	0.00220	0.00558
17	0.01027	0.12749	0.70341	0.01330	0.02017	0.01243	0.01692	0.01546	0.01033	0.01506	0.00857	0.01006	0.00624	0.00461	0.00448	0.00149	0.00701	0.00350	0.00208	0.00714
18	0.01188	0.01159	0.02041	0.09156	0.66191	0.01169	0.08848	0.01494	0.01112	0.01575	0.00927	0.01234	0.00765	0.00440	0.00496	0.00149	0.00613	0.00451	0.00242	0.00749
19	0.00599	0.00428	0.00570	0.00684	0.00713	0.00399	0.00456	0.00684	0.00941	0.01254	0.02709	0.82409	0.03250	0.01540	0.00627	0.00200	0.00285	0.01397	0.00456	0.00399
20	0.04436	0.00859	0.01142	0.00878	0.01256	0.00762	0.00725	0.05142	0.01424	0.75106	0.01877	0.01631	0.01184	0.00604	0.00489	0.00152	0.00422	0.00486	0.00596	0.00828
21	0.01316	0.01197	0.01880	0.07550	0.52829	0.05437	0.07417	0.05049	0.02409	0.07112	0.02424	0.01297	0.00874	0.00476	0.00495	0.00149	0.00601	0.00457	0.00289	0.00744
22	0.00811	0.00565	0.00778	0.00870	0.00991	0.00556	0.00751	0.01030	0.01146	0.03499	0.05945	0.06579	0.06404	0.01321	0.00664	0.00218	0.00430	0.66520	0.00460	0.00460
23	0.00703	0.00524	0.00776	0.00776	0.00858	0.00607	0.00597	0.00868	0.00786	0.01130	0.01329	0.02003	0.01260	0.08116	0.76395	0.00772	0.01269	0.00537	0.00265	0.00431
24	0.01216	0.01168	0.01995	0.03016	0.79664	0.01168	0.01508	0.01508	0.01119	0.01605	0.00924	0.01216	0.00778	0.00438	0.00487	0.00146	0.00584	0.00438	0.00243	0.00778
25	0.01040	0.00831	0.00909	0.00827	0.01042	0.00915	0.00638	0.03763	0.45020	0.02014	0.23934	0.02417	0.04486	0.00767	0.00509	0.00157	0.00328	0.00650	0.09105	0.00648
26	0.01265	0.01033	0.01106	0.00991	0.01271	0.01181	0.00775	0.02564	0.72899	0.06224	0.02010	0.01907	0.01514	0.00679	0.00504	0.00167	0.00392	0.02238	0.00505	0.00774
27	0.01287	0.00955	0.01109	0.00811	0.01235	0.00809	0.00656	0.14357	0.01278	0.10056	0.01037	0.01115	0.00797	0.00428	0.00399	0.00094	0.00400	0.00338	0.00358	0.62481
28	0.01314	0.83025	0.02575	0.00841	0.01261	0.01945	0.00841	0.01472	0.00999	0.01156	0.00683	0.00788	0.00631	0.00420	0.00315	0.00105	0.00526	0.00263	0.00210	0.00631
29	0.00724	0.00543	0.00710	0.00667	0.00777	0.00535	0.00504	0.00971	0.03286	0.01895	0.69403	0.07411	0.04275	0.01015	0.00635	0.00160	0.04616	0.00881	0.00518	0.00472
30	0.00660	0.00500	0.00597	0.00573	0.00706	0.00446	0.00429	0.00854	0.01288	0.01742	0.51675	0.04003	0.30786	0.01080	0.00575	0.00158	0.00238	0.00932	0.02311	0.00446
31	0.00725	0.00501	0.00565	0.00558	0.00586	0.00500	0.00333	0.00801	0.03687	0.01094	0.07839	0.03281	0.06166	0.68920	0.02174	0.00423	0.00442	0.00740	0.00333	0.00335
32	0.00888	0.00505	0.00604	0.00567	0.00699	0.00478	0.00429	0.01116	0.01238	0.07022	0.41135	0.02755	0.02972	0.00794	0.00473	0.00137	0.00243	0.00679	0.36777	0.00486
33	0.00722	0.00491	0.00564	0.00559	0.00562	0.00503	0.00323	0.00729	0.00717	0.00963	0.01522	0.03136	0.01747	0.78901	0.04455	0.00478	0.02321	0.00704	0.00295	0.00307
34	0.86201	0.00950	0.00722	0.00646	0.00950	0.01102	0.00532	0.01445	0.00836	0.02205	0.00684	0.00798	0.00532	0.00456	0.00304	0.00152	0.00380	0.00266	0.00304	0.00532
35	0.00715	0.00476	0.00536	0.00536	0.00536	0.00476	0.00298	0.00715	0.00715	0.00953	0.01548	0.03216	0.01787	0.82729	0.02501	0.00476	0.00476	0.00715	0.00298	0.00298
36	0.01017	0.00975	0.01686	0.56589	0.23554	0.01120	0.05398	0.01339	0.01028	0.01365	0.00893	0.01286	0.00692	0.00473	0.00495	0.00159	0.00645	0.00445	0.00227	0.00614
37	0.01222	0.01056	0.01111	0.01000	0.01278	0.01222	0.00778	0.02611	0.78776	0.02056	0.02000	0.01833	0.01500	0.00667	0.00500	0.00167	0.00389	0.00556	0.00500	0.00778
38	0.01519	0.03370	0.01703	0.01424	0.05864	0.30752	0.18153	0.01728	0.01224	0.12365	0.01212	0.01355	0.04989	0.00576	0.00621	0.00152	0.10107	0.00460	0.01798	0.00627
39	0.00715	0.00476	0.00536	0.00536	0.00536	0.00476	0.00298	0.00715	0.00715	0.00953	0.01548	0.03216	0.01787	0.82729	0.02501	0.00476	0.00476	0.00715	0.00298	0.00298
40	0.84160	0.00959	0.00775	0.00680	0.00989	0.01106	0.02389	0.01448	0.00844	0.02190	0.00692	0.00811	0.00537	0.00455	0.00311	0.00152	0.00391	0.00274	0.00303	0.00535
41	0.86201	0.00950	0.00722	0.00646	0.00950	0.01102	0.00532	0.01445	0.00836	0.02205	0.00684	0.00798	0.00532	0.00456	0.00304	0.00152	0.00380	0.00266	0.00304	0.00532
42	0.86201	0.00950	0.00722	0.00646	0.00950	0.01102	0.00532	0.01445	0.00836	0.02205	0.00684	0.00798	0.00532	0.00456	0.00304	0.00152	0.00380	0.00266	0.00304	0.00532
43	0.01186	0.01136	0.01939	0.11342	0.71577	0.01160	0.01493	0.01481	0.01105	0.01568	0.00919	0.01226	0.00765	0.00444	0.00487	0.00148	0.00591	0.00438	0.00241	0.00754
44	0.01575	0.01231	0.01310	0.01071	0.01412	0.01387	0.00863	0.43789	0.37024	0.02624	0.01552	0.01477	0.01137	0.00625	0.00495	0.00156	0.00472	0.00494	0.00495	0.00809
45	0.01325	0.01094	0.01162	0.01009	0.01303	0.01249	0.00795	0.17153	0.60686	0.02254	0.05115	0.01785	0.01504	0.00666	0.00502	0.00162	0.00412	0.00548	0.00500	0.00776
46	0.86201	0.00950	0.00722	0.00646	0.00950	0.01102	0.00532	0.01445	0.00836	0.02205	0.00684	0.00798	0.00532	0.00456	0.00304	0.00152	0.00380	0.00266	0.00304	0.00532
47	0.00715	0.00476	0.00536	0.00536	0.00536	0.00476	0.00298	0.00715	0.00715	0.00953	0.01548	0.03216	0.01787	0.82729	0.02501	0.00476	0.00476	0.00715	0.00298	0.00298
48	0.17750	0.00857	0.01063	0.00832	0.01198	0.00793	0.00687	0.02219	0.01301	0.65606	0.01707	0.01511	0.01090	0.00580	0.00459	0.00152	0.00411	0.00452	0.00552	0.00780
49	0.00651	0.00465	0.00629	0.00734	0.00788	0.00443	0.00538	0.00778	0.01011	0.01345	0.06797	0.59581	0.03223	0.01467	0.00637	0.00204	0.00323	0.19512	0.00460	0.00416
50	0.00596	0.00498	0.00519	0.00514	0.00673	0.00421	0.00385	0.00734	0.01156	0.01412	0.14760	0.04590	0.69630	0.01213	0.00581	0.00164	0.00247	0.01018	0.00467	0.00421
51	0.00702	0.00527	0.00790	0.00790	0.00878	0.00614	0.00614	0.00878	0.00790	0.01141	0.01316	0.01931	0.01229	0.03686	0.80782	0.00790	0.01316	0.00527	0.00263	0.00439
52	0.01306	0.81119	0.04413	0.00854	0.01282	0.01925	0.00864	0.01474	0.00999	0.01166	0.00688	0.00794	0.00630	0.00422	0.00319	0.00106	0.00530	0.00265	0.00210	0.00633
53	0.01495	0.01304	0.01257	0.01072	0.01383	0.10464	0.00847	0.26153	0.45930	0.02284	0.01601	0.01520	0.01192	0.00624	0.00491	0.00156	0.00494	0.00493	0.00469	0.00772
54	0.00622	0.00444	0.00596	0.00710	0.00749	0.00419	0.00496	0.00724	0.00963	0.01280	0.02696	0.73300	0.03200	0.01518	0.00633	0.00203	0.00305	0.10280	0.00456	0.00405
55	0.01333	0.80030	0.02531	0.00857	0.01271	0.04870	0.00845	0.01490	0.01013	0.01158	0.00686	0.00792	0.00631	0.00424	0.00320	0.00106	0.00539	0.00265	0.00212	0.00628
56	0.00900	0.00613	0.00778	0.00737	0.00835	0.02155	0.00539	0.04334	0.00933	0.07391	0.06220	0.04581	0.01628	0.27711	0.36423	0.00536	0.02290	0.00620	0.00332	0.00448
57	0.02032	0.00792	0.01079	0.00854	0.01196	0.00688	0.00694	0.02211	0.01356	0.71530	0.02022	0.10360	0.01435	0.00708	0.00509	0.00157	0.00404	0.00591	0.00592	0.00789
58	0.01205	0.01151	0.01962	0.02958	0.77507	0.01151	0.01489	0.01495	0.01119	0.01602	0.00970	0.01335	0.00835	0.00463	0.00492	0.00148	0.00580	0.02520	0.00249	0.00769
59	0.01216	0.01168	0.01995	0.03016	0.79664	0.01168	0.01508	0.01508	0.01119	0.01605	0.00924	0.01216	0.00778	0.00438	0.00487	0.00146	0.00584	0.00438	0.00243	0.00778
60	0.00979	0.00931	0.00755	0.00729	0.00803	0.19908	0.00482	0.01026	0.00913	0.01053	0.01550	0.04848	0.04840	0.53445	0.03844	0.00374	0.00582	0.02260	0.00300	0.00378
61	0.00986	0.02542	0.80183	0.01401	0.02127	0.01141	0.01816	0.01556	0.01038	0.01556	0.00882	0.01038	0.00623	0.00467	0.00467	0.00156	0.00726	0.00363	0.00208	0.00726
62	0.01019	0.00873	0.01019	0.00728	0.01165	0.00655	0.00582	0.01237	0.01019	0.01601	0.00873	0.01019	0.00728	0.00364	0.00364	0.00073	0.00364	0.00291	0.00291	0.85734
63	0.01214	0.01177	0.01954	0.07217	0.73879	0.02863	0.01489	0.01504	0.01117	0.01578	0.00918	0.01214	0.00769	0.00442	0.00486	0.00147	0.00594	0.00435	0.00242	0.00761
64	0.00900	0.00816	0.01162	0.01048	0.01087	0.01083	0.00850	0.01035	0.00768	0.01158	0.00967	0.01512	0.00934	0.04299	0.36734	0.00477	0.43963	0.00480	0.00239	0.00487
65	0.00928	0.00873	0.01474	0.81548	0.03385	0.01092	0.01365	0.01256	0.00983	0.01256	0.00873	0.01310	0.00655	0.00491	0.00491	0.00164	0.00655	0.00437	0.00218	0.00546
66	0.00629	0.00476	0.00696	0.00759	0.00813	0.00445	0.04634	0.00732	0.00953	0.01272	0.02616	0.78033	0.03115	0.01479	0.00625	0.00198	0.00314	0.01353	0.00445	0.00413
67	0.04643	0.00832	0.01220	0.00943	0.01288	0.00742	0.08988	0.01996	0.01343	0.54734	0.11828	0.02025	0.05801	0.00667	0.00513	0.00155	0.00428	0.00575	0.00542	0.00737
68	0.00928	0.00873	0.01474	0.81548	0.03385	0.01092	0.01365	0.01256	0.00983	0.01256	0.00873	0.01310	0.00655	0.00491	0.00491	0.00164	0.00655	0.00437	0.00218	0.00546

[dist]
# distance from previous block
# <min> <max>
1	6

[block]
# block no. 2 follows, 51 sequences, length 13
# corresponding to MSA columns:
# 223-226,228-236
name=unknown_C
#
# <colnr> <probs for GDERKNQSTAVLIFYWHMCP>
#	G	D	E	R	K	N	Q	S	T	A	V	L	I	F	Y	W	H	M	C	P
0	0.63480	0.01360	0.15852	0.00838	0.01218	0.07295	0.00808	0.01506	0.00918	0.02004	0.00728	0.00851	0.00557	0.00462	0.00346	0.00151	0.00485	0.00288	0.00282	0.00572
1	0.00777	0.00859	0.15715	0.00832	0.01015	0.00566	0.00733	0.00961	0.00983	0.05989	0.02270	0.57199	0.02565	0.04331	0.00661	0.00200	0.00388	0.03061	0.00412	0.00485
2	0.07400	0.00558	0.00709	0.00704	0.00789	0.00603	0.00515	0.00951	0.05464	0.01283	0.08058	0.06813	0.01682	0.15630	0.27120	0.16652	0.00694	0.03655	0.00319	0.00400
3	0.01244	0.01993	0.49227	0.01240	0.01830	0.01157	0.01420	0.16160	0.06386	0.06550	0.01074	0.01153	0.00764	0.00504	0.00467	0.00148	0.00623	0.00393	0.00311	0.07358
4	0.01057	0.01036	0.01836	0.07308	0.40466	0.01014	0.17504	0.01341	0.01111	0.01530	0.03291	0.07006	0.09908	0.00611	0.00526	0.00155	0.00569	0.00605	0.00289	0.02837
5	0.08033	0.01075	0.01700	0.02084	0.42348	0.01060	0.07682	0.01778	0.06246	0.19606	0.01213	0.01334	0.00903	0.00490	0.00480	0.00149	0.00534	0.00454	0.00350	0.02481
6	0.01343	0.01054	0.01770	0.18151	0.42546	0.01074	0.06516	0.01656	0.02918	0.16420	0.01136	0.01343	0.00851	0.00484	0.00496	0.00152	0.00579	0.00461	0.00314	0.00735
7	0.01221	0.01093	0.01754	0.01341	0.01715	0.01088	0.29868	0.08384	0.22479	0.05866	0.05583	0.01807	0.04510	0.00592	0.00528	0.00156	0.00555	0.02410	0.00389	0.08660
8	0.30904	0.01123	0.01094	0.00920	0.01244	0.01278	0.00743	0.26596	0.27015	0.02444	0.01278	0.01263	0.00950	0.00569	0.00429	0.00155	0.00435	0.00419	0.00429	0.00711
9	0.01038	0.00968	0.01607	0.58378	0.22777	0.01128	0.01385	0.04308	0.01069	0.01417	0.00898	0.01281	0.00694	0.00482	0.00490	0.00159	0.00632	0.00437	0.00235	0.00617
10	0.01216	0.01168	0.01995	0.03016	0.79664	0.01168	0.01508	0.01508	0.01119	0.01605	0.00924	0.01216	0.00778	0.00438	0.00487	0.00146	0.00584	0.00438	0.00243	0.00778
11	0.01127	0.01556	0.17564	0.01944	0.02485	0.01223	0.63446	0.01571	0.01137	0.01571	0.00973	0.01271	0.00722	0.00424	0.00558	0.00164	0.00809	0.00539	0.00241	0.00675
12	0.00945	0.00873	0.01388	0.66213	0.02963	0.01009	0.01216	0.01252	0.00990	0.01321	0.00873	0.01255	0.00669	0.00467	0.00467	0.00147	0.00600	0.00409	0.00232	0.16710

[dist]
# distance from previous block
# <min> <max>
0	1

[block]
# block no. 3 follows, 51 sequences, length 22
# corresponding to MSA columns:
# 238-259
name=unknown_D
#
# <colnr> <probs for GDERKNQSTAVLIFYWHMCP>
#	G	D	E	R	K	N	Q	S	T	A	V	L	I	F	Y	W	H	M	C	P
0	0.01216	0.01168	0.01995	0.03016	0.79664	0.01168	0.01508	0.01508	0.01119	0.01605	0.00924	0.01216	0.00778	0.00438	0.00487	0.00146	0.00584	0.00438	0.00243	0.00778
1	0.00986	0.02542	0.80183	0.01401	0.02127	0.01141	0.01816	0.01556	0.01038	0.01556	0.00882	0.01038	0.00623	0.00467	0.00467	0.00156	0.00726	0.00363	0.00208	0.00726
2	0.01158	0.00997	0.01474	0.61876	0.02929	0.01198	0.01259	0.20036	0.01307	0.01706	0.00948	0.01278	0.00699	0.00515	0.00491	0.00160	0.00627	0.00438	0.00285	0.00617
3	0.01437	0.01065	0.01748	0.08235	0.54904	0.01053	0.01305	0.01707	0.01179	0.20758	0.01169	0.01335	0.00877	0.00483	0.00489	0.00149	0.00549	0.00452	0.00331	0.00776
4	0.01595	0.01874	0.01209	0.01113	0.01304	0.61106	0.00822	0.01639	0.01209	0.01117	0.00783	0.01035	0.00687	0.00800	0.00805	0.21061	0.00774	0.00343	0.00243	0.00483
5	0.00928	0.00873	0.01474	0.81548	0.03385	0.01092	0.01365	0.01256	0.00983	0.01256	0.00873	0.01310	0.00655	0.00491	0.00491	0.00164	0.00655	0.00437	0.00218	0.00546
6	0.00888	0.01150	0.20494	0.01181	0.01496	0.00797	0.11296	0.01224	0.01112	0.01505	0.01967	0.03880	0.02012	0.01014	0.00614	0.00201	0.00569	0.47687	0.00365	0.00547
7	0.01160	0.01504	0.21122	0.02621	0.60696	0.01161	0.01583	0.01520	0.01099	0.01593	0.00914	0.01173	0.00740	0.00445	0.00482	0.00148	0.00619	0.00420	0.00235	0.00766
8	0.01061	0.01004	0.01629	0.02400	0.60338	0.00983	0.01231	0.01312	0.01119	0.01537	0.01916	0.02076	0.20027	0.00635	0.00510	0.00151	0.00502	0.00584	0.00295	0.00689
9	0.00809	0.00704	0.01206	0.00974	0.01183	0.00654	0.19402	0.01086	0.01335	0.01874	0.60223	0.03097	0.03685	0.00860	0.00580	0.00157	0.00378	0.00813	0.00469	0.00512
10	0.01158	0.00997	0.01474	0.61876	0.02929	0.01198	0.01259	0.20036	0.01307	0.01706	0.00948	0.01278	0.00699	0.00515	0.00491	0.00160	0.00627	0.00438	0.00285	0.00617
11	0.86201	0.00950	0.00722	0.00646	0.00950	0.01102	0.00532	0.01445	0.00836	0.02205	0.00684	0.00798	0.00532	0.00456	0.00304	0.00152	0.00380	0.00266	0.00304	0.00532
12	0.01085	0.00950	0.01139	0.20654	0.01729	0.01104	0.00881	0.02081	0.51296	0.01806	0.04961	0.01980	0.06860	0.00677	0.00507	0.00165	0.00438	0.00573	0.00430	0.00683
13	0.01408	0.01008	0.01641	0.21659	0.40195	0.01031	0.01265	0.01682	0.01162	0.22326	0.01181	0.01360	0.00865	0.00496	0.00490	0.00152	0.00557	0.00453	0.00334	0.00737
14	0.01216	0.01168	0.01995	0.03016	0.79664	0.01168	0.01508	0.01508	0.01119	0.01605	0.00924	0.01216	0.00778	0.00438	0.00487	0.00146	0.00584	0.00438	0.00243	0.00778
15	0.01759	0.01376	0.20557	0.01108	0.03293	0.01017	0.01051	0.16386	0.06371	0.39670	0.01519	0.01425	0.01008	0.00570	0.00487	0.00153	0.00518	0.00455	0.00473	0.00804
16	0.01243	0.01180	0.01528	0.02003	0.42070	0.12310	0.01116	0.06973	0.01316	0.03295	0.20138	0.01776	0.01714	0.00601	0.00504	0.00146	0.00534	0.00532	0.00343	0.00677
17	0.00962	0.00949	0.00822	0.00770	0.00920	0.20100	0.00576	0.01155	0.01355	0.01709	0.51871	0.05995	0.09078	0.00920	0.00548	0.00150	0.00395	0.00779	0.00461	0.00484
18	0.77546	0.00951	0.00752	0.00667	0.00967	0.01098	0.00547	0.04460	0.02905	0.02222	0.00772	0.00878	0.00596	0.00471	0.00318	0.00151	0.00381	0.00288	0.03483	0.00548
19	0.01784	0.01069	0.01771	0.01311	0.01729	0.01004	0.26793	0.10697	0.03785	0.42435	0.01536	0.01505	0.01023	0.00542	0.00523	0.00157	0.00570	0.00519	0.00470	0.00776
20	0.24981	0.00829	0.00904	0.00753	0.01017	0.00845	0.00585	0.07907	0.03018	0.31022	0.01436	0.01772	0.01143	0.20655	0.00933	0.00231	0.00431	0.00482	0.00436	0.00619
21	0.12209	0.00918	0.01221	0.01468	0.26781	0.00938	0.00879	0.09613	0.02640	0.13387	0.03580	0.01460	0.01062	0.00535	0.00433	0.00141	0.00428	0.00445	0.21190	0.00674

[dist]
# distance from previous block
# <min> <max>
1	160

# created by:
# /home/cegg/simao/soft/augustus-3.2.1/scripts/msa2prfl.pl ./align_prep/EOG091G0WLL.fa
