[name]
unknown

[dist]
# distance from previous block
# <min> <max>
0	44

[block]
# block no. 0 follows, 53 sequences, length 50
# corresponding to MSA columns:
# 44-93
name=unknown_A
#
# <colnr> <probs for GDERKNQSTAVLIFYWHMCP>
#	G	D	E	R	K	N	Q	S	T	A	V	L	I	F	Y	W	H	M	C	P
0	0.00770	0.00550	0.00770	0.00880	0.00990	0.00550	0.00770	0.00990	0.01100	0.01430	0.02531	0.05391	0.02751	0.01320	0.00660	0.00220	0.00440	0.77004	0.00440	0.00440
1	0.01138	0.01089	0.01858	0.15762	0.67748	0.01124	0.01444	0.01427	0.01067	0.01506	0.00891	0.01198	0.00738	0.00434	0.00474	0.00145	0.00579	0.00426	0.00233	0.00720
2	0.01118	0.01038	0.01467	0.01198	0.01504	0.01120	0.20204	0.02115	0.52316	0.01825	0.03544	0.05435	0.03595	0.00648	0.00515	0.00163	0.00474	0.00603	0.00423	0.00695
3	0.00571	0.00483	0.00494	0.00494	0.00650	0.00406	0.00369	0.00697	0.01101	0.01324	0.08884	0.05999	0.74494	0.01203	0.00566	0.00161	0.00242	0.01007	0.00448	0.00406
4	0.00903	0.00847	0.00856	0.00862	0.02775	0.14289	0.02319	0.04500	0.01159	0.01469	0.20133	0.39057	0.04491	0.01090	0.00584	0.00167	0.02665	0.00950	0.00415	0.00469
5	0.04726	0.01114	0.01265	0.00998	0.01342	0.01191	0.02557	0.43318	0.12101	0.17580	0.06369	0.01521	0.02471	0.00614	0.00482	0.00148	0.00461	0.00488	0.00492	0.00762
6	0.01695	0.01917	0.05807	0.01249	0.04321	0.47211	0.00977	0.23539	0.05697	0.01766	0.00930	0.01011	0.00720	0.00519	0.00450	0.00133	0.00722	0.00361	0.00322	0.00654
7	0.01149	0.01344	0.08333	0.04103	0.02440	0.01178	0.67879	0.01552	0.01124	0.04542	0.00991	0.01282	0.00732	0.00416	0.00551	0.00160	0.00779	0.00542	0.00251	0.00652
8	0.01129	0.00997	0.03875	0.00988	0.04972	0.03194	0.00752	0.07293	0.44298	0.02896	0.06980	0.01992	0.06674	0.02709	0.03618	0.00184	0.00431	0.00562	0.05788	0.00668
9	0.00670	0.00488	0.00630	0.00595	0.00710	0.00448	0.00446	0.00890	0.01339	0.01883	0.75886	0.03626	0.08614	0.00990	0.00564	0.00151	0.00226	0.00872	0.00522	0.00448
10	0.01186	0.20396	0.03983	0.01906	0.40486	0.06022	0.01133	0.01525	0.08264	0.01482	0.05290	0.04235	0.01067	0.00516	0.00442	0.00136	0.00529	0.00446	0.00275	0.00680
11	0.00573	0.00480	0.00499	0.00504	0.00653	0.00406	0.00374	0.00699	0.01095	0.01328	0.09654	0.09706	0.69963	0.01214	0.00568	0.00163	0.00243	0.01022	0.00449	0.00406
12	0.00991	0.00850	0.00991	0.00708	0.01133	0.00637	0.00566	0.01203	0.00991	0.01557	0.00850	0.00991	0.00708	0.00354	0.00354	0.00071	0.00354	0.00283	0.00283	0.86124
13	0.01150	0.27261	0.26146	0.01729	0.29230	0.01360	0.01332	0.02570	0.01043	0.01431	0.00816	0.00996	0.00666	0.00430	0.00413	0.00131	0.00588	0.00348	0.00220	0.02137
14	0.44820	0.13999	0.04556	0.00973	0.05706	0.14794	0.02539	0.04024	0.02024	0.01775	0.00738	0.00859	0.00593	0.00452	0.00352	0.00137	0.00515	0.00296	0.00273	0.00576
15	0.00642	0.00475	0.00599	0.00594	0.00699	0.00432	0.00436	0.00826	0.01234	0.01695	0.54449	0.17615	0.16323	0.01105	0.00572	0.00160	0.00237	0.00974	0.00499	0.00432
16	0.04360	0.12232	0.13029	0.01270	0.11350	0.03949	0.01019	0.12660	0.31535	0.01877	0.01288	0.01305	0.00982	0.00537	0.00446	0.00146	0.00504	0.00428	0.00360	0.00723
17	0.00877	0.00529	0.00657	0.00606	0.00762	0.00474	0.00461	0.01066	0.01252	0.13280	0.43009	0.07700	0.19964	0.00971	0.00539	0.00152	0.00258	0.00838	0.06114	0.00490
18	0.01394	0.01216	0.05777	0.03769	0.24799	0.02382	0.01075	0.29322	0.09591	0.04445	0.02523	0.01339	0.01947	0.00553	0.00515	0.00147	0.03794	0.00451	0.04225	0.00734
19	0.00820	0.00510	0.00678	0.00659	0.00780	0.00469	0.00494	0.01008	0.01239	0.10320	0.49173	0.21976	0.03736	0.01075	0.00571	0.00164	0.00269	0.05076	0.00509	0.00475
20	0.01240	0.01228	0.01812	0.07518	0.61368	0.08631	0.01366	0.04427	0.01132	0.01540	0.00878	0.01151	0.00732	0.00460	0.00522	0.00145	0.04476	0.00415	0.00244	0.00715
21	0.28521	0.01072	0.01126	0.03994	0.01306	0.03980	0.03014	0.27218	0.01443	0.17858	0.01131	0.01157	0.00798	0.00524	0.00415	0.00144	0.00462	0.00386	0.04774	0.00676
22	0.00903	0.00850	0.01434	0.82054	0.03292	0.01062	0.01327	0.01221	0.00956	0.01221	0.00850	0.01274	0.00637	0.00478	0.00478	0.00159	0.00637	0.00425	0.00212	0.00531
23	0.00969	0.00822	0.01125	0.08270	0.11346	0.00874	0.04292	0.05660	0.22025	0.01757	0.20351	0.12290	0.03802	0.00809	0.00529	0.00162	0.00403	0.03495	0.00421	0.00598
24	0.00652	0.00488	0.00605	0.00575	0.00699	0.00440	0.00432	0.00854	0.01295	0.01778	0.63353	0.03798	0.21212	0.01029	0.00564	0.00153	0.00229	0.00896	0.00508	0.00440
25	0.01043	0.00901	0.00992	0.02835	0.04172	0.01004	0.00718	0.02044	0.56097	0.01812	0.03745	0.02419	0.16409	0.00768	0.00507	0.00163	0.00365	0.02877	0.00462	0.00670
26	0.00657	0.00488	0.00612	0.00581	0.00702	0.00443	0.00436	0.00864	0.01307	0.01808	0.66919	0.03749	0.17628	0.01018	0.00564	0.00152	0.00228	0.00889	0.00512	0.00443
27	0.01187	0.01095	0.01718	0.08197	0.56544	0.01145	0.01298	0.05902	0.12843	0.01673	0.01075	0.01294	0.00867	0.00547	0.02426	0.00161	0.00559	0.00445	0.00286	0.00736
28	0.86579	0.00924	0.00702	0.00629	0.00924	0.01072	0.00518	0.01405	0.00813	0.02144	0.00666	0.00776	0.00518	0.00444	0.00296	0.00148	0.00370	0.00259	0.00296	0.00518
29	0.01025	0.00863	0.01056	0.05223	0.04278	0.00693	0.00649	0.01270	0.02685	0.03407	0.00899	0.01046	0.00733	0.00375	0.00371	0.00082	0.00379	0.00306	0.00289	0.74370
30	0.00903	0.00850	0.01434	0.82054	0.03292	0.01062	0.01327	0.01221	0.00956	0.01221	0.00850	0.01274	0.00637	0.00478	0.00478	0.00159	0.00637	0.00425	0.00212	0.00531
31	0.86579	0.00924	0.00702	0.00629	0.00924	0.01072	0.00518	0.01405	0.00813	0.02144	0.00666	0.00776	0.00518	0.00444	0.00296	0.00148	0.00370	0.00259	0.00296	0.00518
32	0.01015	0.00840	0.00976	0.02787	0.06036	0.00920	0.00702	0.04103	0.41962	0.01893	0.20421	0.03984	0.06616	0.00760	0.00507	0.00157	0.00349	0.01612	0.03724	0.00638
33	0.00582	0.00416	0.00555	0.00666	0.00693	0.00388	0.00444	0.00666	0.00915	0.01220	0.02634	0.82891	0.03161	0.01497	0.00610	0.00194	0.00277	0.01359	0.00444	0.00388
34	0.01080	0.00978	0.01407	0.24558	0.22130	0.02150	0.01100	0.07956	0.11584	0.01621	0.08101	0.01632	0.04710	0.00606	0.00591	0.00157	0.08192	0.00504	0.00316	0.00630
35	0.00953	0.00901	0.01524	0.67919	0.17035	0.01075	0.01352	0.01265	0.00979	0.01282	0.00858	0.01258	0.00659	0.00469	0.00477	0.00156	0.00625	0.00425	0.00217	0.00571
36	0.01506	0.17826	0.13797	0.01254	0.07618	0.20141	0.01065	0.25668	0.03609	0.01841	0.00915	0.01005	0.00709	0.00495	0.00430	0.00132	0.00629	0.00358	0.00309	0.00691
37	0.00695	0.00463	0.00521	0.00521	0.00521	0.00463	0.00290	0.00695	0.00695	0.00927	0.01506	0.03128	0.01738	0.83203	0.02433	0.00463	0.00463	0.00695	0.00290	0.00290
38	0.01342	0.01456	0.01584	0.19682	0.30519	0.27858	0.01209	0.04416	0.02957	0.01410	0.00861	0.01105	0.00699	0.00479	0.00485	0.00142	0.02522	0.00389	0.00248	0.00636
39	0.01046	0.01046	0.01464	0.01255	0.01255	0.01464	0.01046	0.01150	0.00732	0.01150	0.00627	0.01046	0.00627	0.00837	0.01569	0.00209	0.82328	0.00418	0.00209	0.00523
40	0.00660	0.00460	0.00573	0.00627	0.00713	0.00415	0.00443	0.00771	0.01017	0.04873	0.08983	0.51397	0.22902	0.01340	0.00590	0.00181	0.00274	0.02908	0.00457	0.00417
41	0.05574	0.01354	0.01430	0.02711	0.08817	0.24058	0.08513	0.06998	0.01327	0.29594	0.01213	0.01232	0.00853	0.00510	0.00461	0.00139	0.00600	0.00412	0.00386	0.03818
42	0.00629	0.00461	0.00594	0.00638	0.00718	0.00425	0.00462	0.00779	0.01109	0.01497	0.30927	0.38900	0.12650	0.01261	0.00592	0.00176	0.00267	0.07024	0.00473	0.00417
43	0.01146	0.40006	0.35438	0.01121	0.01634	0.04365	0.03750	0.01474	0.00995	0.01305	0.00757	0.00902	0.00614	0.00450	0.00439	0.00130	0.04306	0.00316	0.00206	0.00647
44	0.00616	0.00472	0.00572	0.00634	0.00734	0.00428	0.00476	0.00746	0.01036	0.01315	0.06314	0.33801	0.33492	0.01330	0.00600	0.00185	0.00294	0.16101	0.00446	0.00407
45	0.01106	0.01023	0.07183	0.19709	0.04729	0.01056	0.00982	0.19047	0.09039	0.01746	0.02614	0.01462	0.00982	0.01266	0.19388	0.00297	0.04298	0.00461	0.03000	0.00611
46	0.00756	0.00568	0.00813	0.03927	0.08244	0.00565	0.00705	0.00940	0.01045	0.01408	0.09250	0.24129	0.02656	0.05650	0.00702	0.00208	0.00394	0.34847	0.02740	0.00452
47	0.00698	0.02977	0.00725	0.00721	0.04334	0.00531	0.00501	0.00898	0.03916	0.01510	0.26607	0.25872	0.22150	0.01095	0.00551	0.00160	0.00280	0.00959	0.00445	0.05069
48	0.32188	0.13849	0.01326	0.01025	0.05786	0.20209	0.00788	0.08412	0.05374	0.01744	0.00807	0.00920	0.00652	0.00491	0.00430	0.00138	0.04659	0.00318	0.00289	0.00594
49	0.01189	0.01101	0.04461	0.07010	0.46669	0.01057	0.01218	0.05073	0.03282	0.05384	0.01029	0.01241	0.02093	0.00472	0.00507	0.00137	0.04213	0.00418	0.00278	0.13168

[dist]
# distance from previous block
# <min> <max>
0	3

[block]
# block no. 1 follows, 53 sequences, length 84
# corresponding to MSA columns:
# 97-169,172-174,176-183
name=unknown_B
#
# <colnr> <probs for GDERKNQSTAVLIFYWHMCP>
#	G	D	E	R	K	N	Q	S	T	A	V	L	I	F	Y	W	H	M	C	P
0	0.01066	0.01076	0.06687	0.11069	0.33115	0.01060	0.02238	0.04042	0.15377	0.01579	0.01353	0.11447	0.02369	0.00644	0.00550	0.00159	0.04624	0.00568	0.00313	0.00665
1	0.00594	0.00434	0.00559	0.00636	0.00691	0.00399	0.00436	0.00701	0.00996	0.01326	0.13801	0.62975	0.11908	0.01392	0.00598	0.00184	0.00266	0.01250	0.00455	0.00399
2	0.00989	0.00927	0.01534	0.38706	0.25644	0.01027	0.05261	0.01355	0.06288	0.01422	0.03019	0.01726	0.04248	0.00564	0.00498	0.00158	0.00570	0.05184	0.00270	0.00606
3	0.00676	0.00489	0.00639	0.00601	0.00714	0.00451	0.00451	0.00902	0.01353	0.01917	0.79969	0.03570	0.04510	0.00977	0.00564	0.00150	0.00225	0.00864	0.00526	0.00451
4	0.01085	0.36146	0.38712	0.04656	0.01744	0.01416	0.04604	0.01441	0.00999	0.01332	0.00906	0.01044	0.03107	0.00458	0.00402	0.00132	0.00611	0.00345	0.00213	0.00648
5	0.01120	0.01056	0.01779	0.02645	0.70376	0.01051	0.01341	0.01397	0.01121	0.01605	0.10690	0.01479	0.01222	0.00494	0.00484	0.00143	0.00525	0.00480	0.00272	0.00719
6	0.00823	0.00418	0.00618	0.00618	0.00618	0.00418	0.00409	0.00626	0.00626	0.00835	0.00864	0.01537	0.00876	0.05762	0.01896	0.81787	0.00418	0.00429	0.00212	0.00212
7	0.00730	0.00451	0.00548	0.00548	0.00548	0.00451	0.00322	0.00676	0.00676	0.00902	0.01329	0.02690	0.01501	0.61896	0.02285	0.22838	0.00451	0.00622	0.00268	0.00268
8	0.76124	0.00911	0.00753	0.00656	0.00961	0.01026	0.00541	0.01519	0.00882	0.11853	0.00817	0.00882	0.00600	0.00462	0.00319	0.00148	0.00374	0.00286	0.00332	0.00554
9	0.03567	0.04239	0.01169	0.01007	0.02750	0.26258	0.00769	0.12005	0.19146	0.06907	0.01774	0.05545	0.11480	0.00682	0.00472	0.00145	0.00537	0.00530	0.00390	0.00629
10	0.01057	0.00985	0.01630	0.47348	0.32987	0.01112	0.01360	0.05210	0.01072	0.01443	0.00884	0.01233	0.00692	0.00463	0.00476	0.00152	0.00605	0.00425	0.00235	0.00633
11	0.01173	0.01126	0.01922	0.05709	0.77523	0.01133	0.01462	0.01458	0.01084	0.01550	0.00897	0.01186	0.00753	0.00428	0.00473	0.00143	0.00570	0.00426	0.00236	0.00749
12	0.00986	0.05013	0.70548	0.01408	0.02083	0.01145	0.09232	0.01513	0.01019	0.01503	0.00862	0.01029	0.00617	0.00448	0.00460	0.00151	0.00710	0.00371	0.00206	0.00697
13	0.00580	0.00424	0.00546	0.00644	0.00688	0.00390	0.00434	0.00668	0.00936	0.01229	0.02900	0.73473	0.12408	0.01463	0.00605	0.00190	0.00273	0.01317	0.00444	0.00390
14	0.02144	0.00813	0.01109	0.00850	0.01220	0.00702	0.00702	0.02329	0.01368	0.80552	0.01886	0.01627	0.01183	0.00592	0.00481	0.00148	0.00407	0.00481	0.00592	0.00813
15	0.01513	0.00854	0.00988	0.00835	0.01117	0.00885	0.00664	0.05786	0.32396	0.30805	0.01813	0.01696	0.01283	0.00607	0.00455	0.00146	0.00366	0.00495	0.16573	0.00722
16	0.00672	0.00485	0.00635	0.00604	0.00713	0.00448	0.00451	0.00891	0.01332	0.01884	0.76301	0.07332	0.04446	0.01002	0.00566	0.00152	0.00228	0.00888	0.00522	0.00448
17	0.00921	0.00868	0.01467	0.76864	0.08338	0.01067	0.01337	0.01237	0.00964	0.01244	0.00853	0.01268	0.00645	0.00474	0.00478	0.00158	0.00633	0.00425	0.00214	0.00546
18	0.01189	0.01027	0.01081	0.00973	0.01243	0.01189	0.00757	0.02540	0.79357	0.01999	0.01945	0.01783	0.01459	0.00648	0.00486	0.00162	0.00378	0.00540	0.00486	0.00757
19	0.00625	0.00484	0.00569	0.00553	0.00684	0.00428	0.00413	0.00801	0.01225	0.01624	0.45003	0.06504	0.37176	0.01095	0.00566	0.00156	0.00234	0.00942	0.00488	0.00428
20	0.00877	0.00447	0.00447	0.00447	0.00561	0.00444	0.00335	0.01096	0.01006	0.01762	0.01695	0.01898	0.04482	0.00584	0.00344	0.00113	0.00224	0.00469	0.82326	0.00444
21	0.01759	0.01310	0.01402	0.01088	0.01460	0.01455	0.00895	0.71655	0.09313	0.02919	0.01221	0.01206	0.00872	0.00581	0.00479	0.00145	0.00512	0.00440	0.00479	0.00808
22	0.01046	0.01046	0.01464	0.01255	0.01255	0.01464	0.01046	0.01150	0.00732	0.01150	0.00627	0.01046	0.00627	0.00837	0.01569	0.00209	0.82328	0.00418	0.00209	0.00523
23	0.00611	0.00486	0.00548	0.00533	0.00674	0.00423	0.00400	0.00776	0.01199	0.01551	0.35990	0.04173	0.48717	0.01114	0.00564	0.00157	0.00235	0.00949	0.00478	0.00423
24	0.01079	0.03348	0.51287	0.01506	0.02105	0.07580	0.21711	0.01568	0.02572	0.01494	0.00895	0.01082	0.00654	0.00447	0.00479	0.00151	0.00736	0.00407	0.00221	0.00678
25	0.01785	0.02278	0.01354	0.01231	0.01478	0.81284	0.00924	0.01909	0.01354	0.01170	0.00739	0.00862	0.00616	0.00493	0.00431	0.00123	0.00862	0.00308	0.00246	0.00554
26	0.00770	0.00550	0.00770	0.00880	0.00990	0.00550	0.00770	0.00990	0.01100	0.01430	0.02531	0.05391	0.02751	0.01320	0.00660	0.00220	0.00440	0.77004	0.00440	0.00440
27	0.00623	0.00485	0.00520	0.00527	0.00674	0.00413	0.00389	0.00744	0.01081	0.03899	0.06815	0.16055	0.63658	0.01225	0.00569	0.00165	0.00252	0.01039	0.00451	0.00416
28	0.01151	0.01093	0.01837	0.04368	0.72248	0.01101	0.01392	0.01464	0.03654	0.01568	0.02781	0.03318	0.00924	0.00474	0.00479	0.00144	0.00548	0.00463	0.00256	0.00736
29	0.86579	0.00924	0.00702	0.00629	0.00924	0.01072	0.00518	0.01405	0.00813	0.02144	0.00666	0.00776	0.00518	0.00444	0.00296	0.00148	0.00370	0.00259	0.00296	0.00518
30	0.00676	0.00489	0.00639	0.00601	0.00714	0.00451	0.00451	0.00902	0.01353	0.01917	0.79969	0.03570	0.04510	0.00977	0.00564	0.00150	0.00225	0.00864	0.00526	0.00451
31	0.01108	0.00967	0.01092	0.00963	0.01226	0.01088	0.04395	0.02256	0.65238	0.01914	0.06063	0.02083	0.08088	0.00700	0.00500	0.00161	0.00380	0.00597	0.00473	0.00707
32	0.00944	0.00838	0.01294	0.06939	0.35575	0.02466	0.01009	0.02628	0.01025	0.01409	0.02621	0.19352	0.01550	0.02424	0.11710	0.00251	0.00597	0.06480	0.00308	0.00578
33	0.86579	0.00924	0.00702	0.00629	0.00924	0.01072	0.00518	0.01405	0.00813	0.02144	0.00666	0.00776	0.00518	0.00444	0.00296	0.00148	0.00370	0.00259	0.00296	0.00518
34	0.00691	0.00480	0.00606	0.00606	0.00636	0.00510	0.00396	0.00750	0.00720	0.00990	0.01428	0.02697	0.01551	0.55772	0.29607	0.00568	0.00745	0.00632	0.00278	0.00337
35	0.00934	0.00933	0.01772	0.37523	0.04077	0.00995	0.28074	0.01242	0.01017	0.01343	0.01218	0.13717	0.01123	0.00633	0.00534	0.00167	0.00634	0.03246	0.00266	0.00550
36	0.00683	0.00512	0.00768	0.00768	0.00853	0.00597	0.00597	0.00853	0.00768	0.01110	0.01280	0.01878	0.01195	0.03585	0.81308	0.00768	0.01280	0.00512	0.00256	0.00427
37	0.01173	0.01126	0.01922	0.05709	0.77523	0.01133	0.01462	0.01458	0.01084	0.01550	0.00897	0.01186	0.00753	0.00428	0.00473	0.00143	0.00570	0.00426	0.00236	0.00749
38	0.00770	0.00550	0.00770	0.00880	0.00990	0.00550	0.00770	0.00990	0.01100	0.01430	0.02531	0.05391	0.02751	0.01320	0.00660	0.00220	0.00440	0.77004	0.00440	0.00440
39	0.00903	0.00850	0.01434	0.82054	0.03292	0.01062	0.01327	0.01221	0.00956	0.01221	0.00850	0.01274	0.00637	0.00478	0.00478	0.00159	0.00637	0.00425	0.00212	0.00531
40	0.01934	0.01094	0.01276	0.00985	0.01357	0.01127	0.00811	0.41763	0.05225	0.37058	0.01507	0.01386	0.01004	0.00585	0.00480	0.00146	0.00467	0.00457	0.00528	0.00811
41	0.00676	0.00489	0.00639	0.00601	0.00714	0.00451	0.00451	0.00902	0.01353	0.01917	0.79969	0.03570	0.04510	0.00977	0.00564	0.00150	0.00225	0.00864	0.00526	0.00451
42	0.00702	0.00541	0.00806	0.00794	0.00875	0.00644	0.00622	0.00870	0.00766	0.01112	0.01245	0.01833	0.01164	0.03436	0.77000	0.00738	0.05660	0.00507	0.00254	0.00432
43	0.02144	0.00813	0.01109	0.00850	0.01220	0.00702	0.00702	0.02329	0.01368	0.80552	0.01886	0.01627	0.01183	0.00592	0.00481	0.00148	0.00407	0.00481	0.00592	0.00813
44	0.01046	0.01046	0.01464	0.01255	0.01255	0.01464	0.01046	0.01150	0.00732	0.01150	0.00627	0.01046	0.00627	0.00837	0.01569	0.00209	0.82328	0.00418	0.00209	0.00523
45	0.00695	0.00463	0.00521	0.00521	0.00521	0.00463	0.00290	0.00695	0.00695	0.00927	0.01506	0.03128	0.01738	0.83203	0.02433	0.00463	0.00463	0.00695	0.00290	0.00290
46	0.00991	0.00850	0.00991	0.00708	0.01133	0.00637	0.00566	0.01203	0.00991	0.01557	0.00850	0.00991	0.00708	0.00354	0.00354	0.00071	0.00354	0.00283	0.00283	0.86124
47	0.00565	0.00484	0.00484	0.00484	0.00646	0.00403	0.00363	0.00686	0.01089	0.01291	0.04842	0.04600	0.80027	0.01210	0.00565	0.00161	0.00242	0.01009	0.00444	0.00403
48	0.01785	0.02278	0.01354	0.01231	0.01478	0.81284	0.00924	0.01909	0.01354	0.01170	0.00739	0.00862	0.00616	0.00493	0.00431	0.00123	0.00862	0.00308	0.00246	0.00554
49	0.00742	0.00468	0.00545	0.00533	0.00646	0.00441	0.00397	0.00949	0.01171	0.01766	0.38516	0.06759	0.11163	0.00866	0.00479	0.00139	0.00229	0.00744	0.33008	0.00441
50	0.01019	0.00833	0.00827	0.00748	0.00919	0.12397	0.00570	0.03154	0.06346	0.08343	0.53494	0.02860	0.04883	0.00848	0.00530	0.00147	0.00351	0.00723	0.00485	0.00523
51	0.00784	0.00666	0.00699	0.00667	0.00860	0.00671	0.00514	0.01319	0.26902	0.01556	0.06851	0.03663	0.47751	0.01020	0.00543	0.00164	0.00295	0.04092	0.00461	0.00523
52	0.01318	0.01142	0.01692	0.01366	0.04136	0.01202	0.24331	0.17586	0.30603	0.05286	0.01480	0.01650	0.01133	0.00581	0.00516	0.00160	0.00548	0.04145	0.00405	0.00721
53	0.01045	0.15457	0.62236	0.01320	0.03693	0.03753	0.03176	0.01512	0.01018	0.01442	0.00826	0.00975	0.00613	0.00446	0.00432	0.00143	0.00679	0.00342	0.00205	0.00686
54	0.07979	0.10080	0.14295	0.01207	0.04494	0.39893	0.01033	0.11208	0.01320	0.03118	0.00824	0.00933	0.00647	0.00484	0.00421	0.00131	0.00703	0.00329	0.00274	0.00627
55	0.46033	0.02835	0.01057	0.00981	0.04455	0.34784	0.00732	0.01620	0.01055	0.01694	0.00706	0.00829	0.00570	0.00463	0.00360	0.00137	0.00587	0.00286	0.00271	0.00544
56	0.03359	0.01157	0.01432	0.06688	0.11772	0.01277	0.04848	0.31620	0.27163	0.03625	0.01350	0.01376	0.01001	0.00561	0.00480	0.00151	0.00499	0.00469	0.00418	0.00753
57	0.00686	0.00541	0.00780	0.04874	0.03517	0.00539	0.02995	0.00848	0.01076	0.01478	0.28873	0.41030	0.05172	0.01164	0.00620	0.00174	0.03711	0.01039	0.00437	0.00443
58	0.00644	0.00483	0.00596	0.00576	0.00696	0.00436	0.00429	0.00835	0.01263	0.01723	0.57078	0.08476	0.22879	0.01065	0.00567	0.00156	0.00233	0.00929	0.00501	0.00436
59	0.00959	0.02472	0.80726	0.01362	0.02069	0.01110	0.01766	0.01514	0.01009	0.01514	0.00858	0.01009	0.00605	0.00454	0.00454	0.00151	0.00706	0.00353	0.00202	0.00706
60	0.00591	0.00485	0.00520	0.00511	0.00661	0.00414	0.00383	0.00736	0.01150	0.01435	0.22159	0.04363	0.62620	0.01157	0.00565	0.00159	0.00238	0.00975	0.00463	0.00414
61	0.00903	0.00850	0.01434	0.82054	0.03292	0.01062	0.01327	0.01221	0.00956	0.01221	0.00850	0.01274	0.00637	0.00478	0.00478	0.00159	0.00637	0.00425	0.00212	0.00531
62	0.01785	0.02278	0.01354	0.01231	0.01478	0.81284	0.00924	0.01909	0.01354	0.01170	0.00739	0.00862	0.00616	0.00493	0.00431	0.00123	0.00862	0.00308	0.00246	0.00554
63	0.00694	0.00466	0.00533	0.00533	0.00537	0.00470	0.00304	0.00703	0.00699	0.00935	0.01495	0.03069	0.01712	0.79427	0.06173	0.00478	0.00502	0.00686	0.00288	0.00296
64	0.00582	0.00416	0.00555	0.00666	0.00693	0.00388	0.00444	0.00666	0.00915	0.01220	0.02634	0.82891	0.03161	0.01497	0.00610	0.00194	0.00277	0.01359	0.00444	0.00388
65	0.86579	0.00924	0.00702	0.00629	0.00924	0.01072	0.00518	0.01405	0.00813	0.02144	0.00666	0.00776	0.00518	0.00444	0.00296	0.00148	0.00370	0.00259	0.00296	0.00518
66	0.00959	0.02472	0.80726	0.01362	0.02069	0.01110	0.01766	0.01514	0.01009	0.01514	0.00858	0.01009	0.00605	0.00454	0.00454	0.00151	0.00706	0.00353	0.00202	0.00706
67	0.01183	0.01136	0.01940	0.02934	0.80221	0.01136	0.01467	0.01467	0.01088	0.01562	0.00899	0.01183	0.00757	0.00426	0.00473	0.00142	0.00568	0.00426	0.00237	0.00757
68	0.00699	0.00531	0.00750	0.00738	0.00810	0.00610	0.00559	0.00839	0.00791	0.01121	0.04206	0.02211	0.05061	0.15397	0.58330	0.00641	0.05449	0.00571	0.00277	0.00411
69	0.00723	0.00663	0.00620	0.00597	0.00768	0.06279	0.00450	0.00970	0.08328	0.01422	0.13271	0.03950	0.58084	0.01079	0.00548	0.00157	0.00297	0.00898	0.00443	0.00452
70	0.00903	0.00850	0.01434	0.82054	0.03292	0.01062	0.01327	0.01221	0.00956	0.01221	0.00850	0.01274	0.00637	0.00478	0.00478	0.00159	0.00637	0.00425	0.00212	0.00531
71	0.00911	0.00868	0.01454	0.59951	0.09538	0.01028	0.05049	0.01202	0.00979	0.01270	0.01241	0.01583	0.08409	0.00556	0.00536	0.00160	0.03994	0.00489	0.00238	0.00543
72	0.00668	0.00488	0.00627	0.00592	0.00709	0.00447	0.00444	0.00886	0.01333	0.01869	0.74297	0.03648	0.10211	0.00995	0.00564	0.00151	0.00227	0.00875	0.00520	0.00447
73	0.02841	0.06389	0.02935	0.32341	0.32107	0.05198	0.05281	0.01413	0.02663	0.01396	0.00872	0.01179	0.00699	0.00461	0.00486	0.00148	0.02312	0.00413	0.00231	0.00636
74	0.00770	0.00550	0.00770	0.00880	0.00990	0.00550	0.00770	0.00990	0.01100	0.01430	0.02531	0.05391	0.02751	0.01320	0.00660	0.00220	0.00440	0.77004	0.00440	0.00440
75	0.01303	0.00907	0.01485	0.28525	0.11481	0.00945	0.10319	0.05283	0.01167	0.22024	0.01355	0.06928	0.01085	0.00606	0.00506	0.00159	0.00550	0.04370	0.00357	0.00645
76	0.05870	0.03832	0.03636	0.00846	0.02704	0.00785	0.03765	0.03601	0.02131	0.07683	0.02748	0.01110	0.00829	0.00410	0.00383	0.00095	0.00400	0.00333	0.00314	0.58526
77	0.83036	0.04354	0.00777	0.00636	0.00937	0.01106	0.00530	0.01406	0.00820	0.02102	0.00665	0.00776	0.00522	0.00442	0.00296	0.00146	0.00376	0.00259	0.00292	0.00522
78	0.00676	0.00489	0.00639	0.00601	0.00714	0.00451	0.00451	0.00902	0.01353	0.01917	0.79969	0.03570	0.04510	0.00977	0.00564	0.00150	0.00225	0.00864	0.00526	0.00451
79	0.02716	0.00946	0.01031	0.00952	0.03733	0.03081	0.00718	0.08721	0.41547	0.10114	0.07089	0.06144	0.08585	0.00744	0.00500	0.00159	0.00387	0.01673	0.00475	0.00684
80	0.00779	0.00465	0.00523	0.00508	0.00625	0.00444	0.00381	0.00994	0.01144	0.01788	0.31720	0.02722	0.09713	0.00777	0.00443	0.00131	0.00226	0.00657	0.45518	0.00444
81	0.01337	0.00986	0.04457	0.01067	0.06866	0.04192	0.04496	0.13070	0.09510	0.19361	0.18493	0.02246	0.06765	0.00720	0.00513	0.00153	0.00436	0.04211	0.00461	0.00659
82	0.05664	0.01420	0.01043	0.00955	0.01161	0.39021	0.00719	0.04072	0.03751	0.06702	0.18843	0.11372	0.01858	0.00733	0.00482	0.00142	0.00568	0.00579	0.00373	0.00541
83	0.01788	0.01337	0.01492	0.01138	0.01524	0.01471	0.04115	0.75441	0.02201	0.02951	0.01140	0.01153	0.00809	0.00567	0.00482	0.00144	0.00538	0.00436	0.00468	0.00806

[dist]
# distance from previous block
# <min> <max>
1	2

[block]
# block no. 2 follows, 53 sequences, length 50
# corresponding to MSA columns:
# 186-202,211-243
name=unknown_C
#
# <colnr> <probs for GDERKNQSTAVLIFYWHMCP>
#	G	D	E	R	K	N	Q	S	T	A	V	L	I	F	Y	W	H	M	C	P
0	0.01110	0.01213	0.02500	0.01826	0.02262	0.01164	0.65211	0.01605	0.09904	0.01573	0.01171	0.03396	0.00936	0.00488	0.00560	0.00164	0.00733	0.03260	0.00281	0.00644
1	0.01183	0.01136	0.01940	0.02934	0.80221	0.01136	0.01467	0.01467	0.01088	0.01562	0.00899	0.01183	0.00757	0.00426	0.00473	0.00142	0.00568	0.00426	0.00237	0.00757
2	0.01278	0.83490	0.02505	0.00818	0.01227	0.01891	0.00818	0.01431	0.00971	0.01125	0.00664	0.00767	0.00613	0.00409	0.00307	0.00102	0.00511	0.00256	0.00204	0.00613
3	0.00959	0.02472	0.80726	0.01362	0.02069	0.01110	0.01766	0.01514	0.01009	0.01514	0.00858	0.01009	0.00605	0.00454	0.00454	0.00151	0.00706	0.00353	0.00202	0.00706
4	0.00595	0.00434	0.00563	0.00646	0.00692	0.00412	0.00439	0.00685	0.00909	0.01202	0.02698	0.62947	0.11348	0.06175	0.07610	0.00255	0.00370	0.01211	0.00419	0.00388
5	0.00611	0.00513	0.00534	0.00524	0.00685	0.00451	0.00395	0.00810	0.05237	0.01405	0.13863	0.04326	0.66675	0.01152	0.00561	0.00160	0.00247	0.00966	0.00456	0.00428
6	0.00589	0.00442	0.00546	0.00610	0.00683	0.00400	0.00423	0.00698	0.01012	0.01320	0.12205	0.52942	0.23672	0.01361	0.00593	0.00180	0.00262	0.01209	0.00453	0.00400
7	0.01078	0.12515	0.61664	0.01324	0.04491	0.01240	0.01565	0.07953	0.01111	0.01592	0.00859	0.00996	0.00629	0.00458	0.00438	0.00144	0.00662	0.00350	0.00226	0.00705
8	0.86579	0.00924	0.00702	0.00629	0.00924	0.01072	0.00518	0.01405	0.00813	0.02144	0.00666	0.00776	0.00518	0.00444	0.00296	0.00148	0.00370	0.00259	0.00296	0.00518
9	0.01785	0.02278	0.01354	0.01231	0.01478	0.81284	0.00924	0.01909	0.01354	0.01170	0.00739	0.00862	0.00616	0.00493	0.00431	0.00123	0.00862	0.00308	0.00246	0.00554
10	0.01414	0.62628	0.02231	0.00892	0.01292	0.03320	0.00841	0.19578	0.01278	0.01569	0.00779	0.00858	0.00660	0.00449	0.00349	0.00112	0.00521	0.00298	0.00270	0.00659
11	0.00575	0.00477	0.00503	0.00513	0.00656	0.00405	0.00379	0.00700	0.01090	0.01330	0.10188	0.13178	0.65911	0.01225	0.00570	0.00164	0.00245	0.01037	0.00450	0.00405
12	0.00959	0.02472	0.80726	0.01362	0.02069	0.01110	0.01766	0.01514	0.01009	0.01514	0.00858	0.01009	0.00605	0.00454	0.00454	0.00151	0.00706	0.00353	0.00202	0.00706
13	0.00976	0.21631	0.01163	0.00756	0.00936	0.00877	0.00603	0.06449	0.01064	0.07625	0.01967	0.47301	0.02179	0.01078	0.00515	0.00164	0.00370	0.03438	0.00397	0.00511
14	0.00676	0.00489	0.00639	0.00601	0.00714	0.00451	0.00451	0.00902	0.01353	0.01917	0.79969	0.03570	0.04510	0.00977	0.00564	0.00150	0.00225	0.00864	0.00526	0.00451
15	0.01817	0.01339	0.01434	0.01100	0.01482	0.01482	0.00908	0.78627	0.02247	0.03012	0.01148	0.01148	0.00813	0.00574	0.00478	0.00143	0.00526	0.00430	0.00478	0.00813
16	0.05343	0.01376	0.01431	0.34705	0.02238	0.29016	0.07784	0.04072	0.01144	0.01335	0.00945	0.06691	0.00810	0.00548	0.00469	0.00148	0.00689	0.00452	0.00256	0.00548
17	0.01785	0.01308	0.01400	0.01077	0.01450	0.01447	0.00889	0.75961	0.02204	0.02970	0.01162	0.01169	0.00827	0.00573	0.00473	0.00142	0.00516	0.00431	0.03415	0.00800
18	0.05263	0.00818	0.01094	0.00842	0.01209	0.00716	0.00696	0.02295	0.01348	0.77656	0.01841	0.01595	0.01159	0.00586	0.00474	0.00148	0.00405	0.00472	0.00581	0.00802
19	0.02144	0.00813	0.01109	0.00850	0.01220	0.00702	0.00702	0.02329	0.01368	0.80552	0.01886	0.01627	0.01183	0.00592	0.00481	0.00148	0.00407	0.00481	0.00592	0.00813
20	0.00607	0.00449	0.00622	0.06940	0.00894	0.00440	0.00512	0.00708	0.00918	0.01220	0.02497	0.76598	0.02967	0.01419	0.00600	0.00191	0.00305	0.01287	0.00426	0.00399
21	0.00566	0.00481	0.00488	0.00494	0.00648	0.00403	0.00367	0.00685	0.01080	0.01287	0.04726	0.08716	0.75986	0.01226	0.00567	0.00163	0.00244	0.01027	0.00444	0.00403
22	0.01154	0.01323	0.02671	0.03972	0.02430	0.05384	0.70306	0.01532	0.01124	0.01494	0.00943	0.01260	0.00715	0.00422	0.00583	0.00160	0.03111	0.00543	0.00240	0.00634
23	0.01128	0.01289	0.02820	0.02015	0.02498	0.01209	0.78485	0.01531	0.01128	0.01531	0.00967	0.01289	0.00725	0.00403	0.00564	0.00161	0.00806	0.00564	0.00242	0.00645
24	0.01919	0.01175	0.01333	0.01022	0.01401	0.01239	0.00844	0.54849	0.01973	0.27178	0.01378	0.01297	0.00928	0.00579	0.00479	0.00145	0.00489	0.00446	0.00513	0.00813
25	0.01162	0.00999	0.01058	0.00953	0.01215	0.01150	0.00741	0.02454	0.75293	0.01995	0.06010	0.01876	0.01618	0.00666	0.00490	0.00161	0.00370	0.00557	0.00488	0.00741
26	0.01169	0.00962	0.01080	0.05212	0.03135	0.01093	0.00775	0.05538	0.59276	0.04501	0.01900	0.10258	0.01542	0.00719	0.00498	0.00164	0.00393	0.00611	0.00465	0.00710
27	0.00753	0.00505	0.00663	0.00614	0.00740	0.00464	0.00464	0.00976	0.01354	0.06014	0.75901	0.03469	0.04337	0.00957	0.00559	0.00150	0.00235	0.00844	0.00530	0.00470
28	0.01162	0.01116	0.01894	0.07296	0.72920	0.01144	0.01443	0.01441	0.01067	0.01527	0.00886	0.01183	0.00745	0.00444	0.00515	0.00145	0.03675	0.00426	0.00234	0.00736
29	0.01656	0.06319	0.04065	0.06113	0.07091	0.59848	0.00996	0.01821	0.01281	0.05383	0.00817	0.00949	0.00656	0.00487	0.00434	0.00128	0.00780	0.00331	0.00258	0.00589
30	0.01183	0.01136	0.01940	0.02934	0.80221	0.01136	0.01467	0.01467	0.01088	0.01562	0.00899	0.01183	0.00757	0.00426	0.00473	0.00142	0.00568	0.00426	0.00237	0.00757
31	0.01278	0.83490	0.02505	0.00818	0.01227	0.01891	0.00818	0.01431	0.00971	0.01125	0.00664	0.00767	0.00613	0.00409	0.00307	0.00102	0.00511	0.00256	0.00204	0.00613
32	0.00565	0.00484	0.00484	0.00484	0.00646	0.00403	0.00363	0.00686	0.01089	0.01291	0.04842	0.04600	0.80027	0.01210	0.00565	0.00161	0.00242	0.01009	0.00444	0.00403
33	0.00903	0.00850	0.01434	0.82054	0.03292	0.01062	0.01327	0.01221	0.00956	0.01221	0.00850	0.01274	0.00637	0.00478	0.00478	0.00159	0.00637	0.00425	0.00212	0.00531
34	0.01173	0.01122	0.01912	0.02885	0.78322	0.01122	0.01450	0.01455	0.01089	0.01558	0.00938	0.01284	0.00805	0.00447	0.00478	0.00144	0.00565	0.02261	0.00241	0.00749
35	0.00695	0.00463	0.00521	0.00521	0.00521	0.00463	0.00290	0.00695	0.00695	0.00927	0.01506	0.03128	0.01738	0.83203	0.02433	0.00463	0.00463	0.00695	0.00290	0.00290
36	0.00582	0.00416	0.00555	0.00666	0.00693	0.00388	0.00444	0.00666	0.00915	0.01220	0.02634	0.82891	0.03161	0.01497	0.00610	0.00194	0.00277	0.01359	0.00444	0.00388
37	0.01278	0.83490	0.02505	0.00818	0.01227	0.01891	0.00818	0.01431	0.00971	0.01125	0.00664	0.00767	0.00613	0.00409	0.00307	0.00102	0.00511	0.00256	0.00204	0.00613
38	0.86579	0.00924	0.00702	0.00629	0.00924	0.01072	0.00518	0.01405	0.00813	0.02144	0.00666	0.00776	0.00518	0.00444	0.00296	0.00148	0.00370	0.00259	0.00296	0.00518
39	0.00582	0.00461	0.00523	0.00559	0.00669	0.00403	0.00400	0.00699	0.01053	0.01325	0.11173	0.31894	0.45994	0.01289	0.00581	0.00172	0.00253	0.01118	0.00452	0.00403
40	0.00683	0.00512	0.00768	0.00768	0.00853	0.00597	0.00597	0.00853	0.00768	0.01110	0.01280	0.01878	0.01195	0.03585	0.81308	0.00768	0.01280	0.00512	0.00256	0.00427
41	0.00676	0.00489	0.00639	0.00601	0.00714	0.00451	0.00451	0.00902	0.01353	0.01917	0.79969	0.03570	0.04510	0.00977	0.00564	0.00150	0.00225	0.00864	0.00526	0.00451
42	0.01817	0.01339	0.01434	0.01100	0.01482	0.01482	0.00908	0.78627	0.02247	0.03012	0.01148	0.01148	0.00813	0.00574	0.00478	0.00143	0.00526	0.00430	0.00478	0.00813
43	0.01009	0.02385	0.72017	0.01365	0.02016	0.05340	0.03279	0.01521	0.01019	0.01483	0.00845	0.01009	0.00609	0.00469	0.00496	0.00152	0.03731	0.00358	0.00205	0.00690
44	0.01183	0.01136	0.01940	0.02934	0.80221	0.01136	0.01467	0.01467	0.01088	0.01562	0.00899	0.01183	0.00757	0.00426	0.00473	0.00142	0.00568	0.00426	0.00237	0.00757
45	0.33162	0.01081	0.05145	0.00871	0.01180	0.01156	0.00728	0.06025	0.41830	0.02081	0.01368	0.01333	0.01028	0.00558	0.00413	0.00155	0.00400	0.00419	0.00400	0.00667
46	0.01208	0.03623	0.01162	0.00993	0.01253	0.02847	0.00783	0.03987	0.68860	0.01924	0.01783	0.01674	0.01351	0.00648	0.00547	0.00162	0.05490	0.00517	0.00455	0.00735
47	0.00700	0.00497	0.00627	0.00589	0.00717	0.00450	0.00444	0.00907	0.01311	0.04041	0.65593	0.03682	0.16645	0.01004	0.00562	0.00152	0.00233	0.00877	0.00515	0.00454
48	0.00852	0.09396	0.03852	0.00898	0.01127	0.00776	0.13372	0.03482	0.01266	0.01746	0.48577	0.06732	0.04346	0.00823	0.00533	0.00149	0.00379	0.00748	0.00428	0.00516
49	0.01193	0.03909	0.14907	0.01664	0.09597	0.01088	0.37126	0.01589	0.03799	0.09527	0.01079	0.02722	0.00820	0.00457	0.00500	0.00147	0.00652	0.00487	0.00285	0.08454

[dist]
# distance from previous block
# <min> <max>
0	5

# created by:
# /home/cegg/simao/soft/augustus-3.2.1/scripts/msa2prfl.pl ./align_prep/EOG091G0R6Z.fa
