[name]
unknown

[dist]
# distance from previous block
# <min> <max>
0	41

[block]
# block no. 0 follows, 46 sequences, length 8
# corresponding to MSA columns:
# 41-48
name=unknown_A
#
# <colnr> <probs for GDERKNQSTAVLIFYWHMCP>
#	G	D	E	R	K	N	Q	S	T	A	V	L	I	F	Y	W	H	M	C	P
0	0.01113	0.00955	0.01104	0.00806	0.01262	0.00752	0.00643	0.01446	0.07007	0.01761	0.01034	0.01164	0.00848	0.00417	0.00403	0.00086	0.00394	0.00335	0.00331	0.78140
1	0.01452	0.05902	0.01231	0.00901	0.01281	0.00948	0.00726	0.06488	0.14999	0.18837	0.01603	0.08836	0.01302	0.00645	0.00481	0.00135	0.00424	0.00532	0.00454	0.32824
2	0.03815	0.01366	0.13618	0.03226	0.11861	0.03550	0.13858	0.10613	0.03708	0.03636	0.12109	0.07924	0.02897	0.00696	0.00552	0.00166	0.00590	0.00632	0.00377	0.04807
3	0.00720	0.00545	0.00701	0.00749	0.00788	0.00560	0.00516	0.00812	0.00997	0.01344	0.08007	0.49049	0.08077	0.15945	0.01130	0.00264	0.07717	0.01209	0.00443	0.00429
4	0.01286	0.08634	0.02146	0.10923	0.63411	0.01325	0.01541	0.01591	0.01177	0.01644	0.00965	0.01276	0.00809	0.00475	0.00507	0.00155	0.00630	0.00454	0.00256	0.00797
5	0.06784	0.01138	0.01327	0.01042	0.01406	0.03105	0.05388	0.24921	0.06492	0.09422	0.08562	0.01782	0.06013	0.00664	0.00546	0.00150	0.02951	0.00533	0.00457	0.17318
6	0.00665	0.00530	0.00598	0.00609	0.00753	0.00462	0.00453	0.00824	0.01247	0.01584	0.21690	0.14877	0.48339	0.01326	0.00635	0.00183	0.00277	0.03979	0.00512	0.00458
7	0.03876	0.01295	0.02499	0.06660	0.02413	0.01274	0.50413	0.08655	0.01340	0.08286	0.01222	0.04792	0.00952	0.00554	0.00630	0.00178	0.03296	0.00615	0.00332	0.00718

[dist]
# distance from previous block
# <min> <max>
0	2

[block]
# block no. 1 follows, 46 sequences, length 16
# corresponding to MSA columns:
# 51-66
name=unknown_B
#
# <colnr> <probs for GDERKNQSTAVLIFYWHMCP>
#	G	D	E	R	K	N	Q	S	T	A	V	L	I	F	Y	W	H	M	C	P
0	0.01203	0.01112	0.01581	0.11359	0.01735	0.01347	0.05106	0.05367	0.01028	0.03258	0.00857	0.01212	0.00744	0.00721	0.01162	0.00186	0.43958	0.00445	0.00276	0.17346
1	0.00893	0.00766	0.01086	0.01010	0.01060	0.00974	0.00798	0.01037	0.00854	0.01256	0.03086	0.06578	0.01359	0.08542	0.39308	0.00550	0.29450	0.00609	0.00287	0.00497
2	0.00718	0.00573	0.00748	0.00796	0.00856	0.00603	0.00579	0.00831	0.01017	0.01353	0.02982	0.50329	0.16532	0.01637	0.05462	0.00249	0.10612	0.03220	0.00445	0.00456
3	0.01223	0.01117	0.01608	0.11878	0.38255	0.06280	0.01226	0.05448	0.03971	0.01616	0.01270	0.11547	0.01191	0.00806	0.00715	0.09679	0.00589	0.00598	0.00309	0.00674
4	0.01080	0.00860	0.01111	0.11218	0.10048	0.00904	0.00840	0.01665	0.22520	0.06924	0.14936	0.04433	0.19532	0.00882	0.00571	0.00174	0.00416	0.00758	0.00471	0.00656
5	0.03851	0.00927	0.01176	0.00913	0.01292	0.00840	0.00746	0.10534	0.01560	0.49886	0.11515	0.01914	0.01657	0.00673	0.00523	0.00154	0.00432	0.00549	0.00585	0.10274
6	0.01376	0.04883	0.04989	0.01370	0.06678	0.05299	0.15830	0.15763	0.03329	0.08025	0.06410	0.06703	0.02655	0.11020	0.00834	0.00212	0.00605	0.02938	0.00401	0.00679
7	0.01092	0.08823	0.41936	0.01634	0.13313	0.01193	0.06826	0.01547	0.01188	0.01699	0.10856	0.01724	0.01364	0.00606	0.00526	0.00165	0.00666	0.03825	0.00290	0.00727
8	0.00953	0.00839	0.01150	0.01064	0.01090	0.01072	0.00843	0.01065	0.00876	0.01267	0.01445	0.11973	0.01584	0.16388	0.08242	0.00336	0.40007	0.09002	0.00313	0.00493
9	0.01314	0.32392	0.15818	0.01549	0.19333	0.01485	0.01206	0.05941	0.01154	0.02809	0.00911	0.01141	0.00768	0.00657	0.00646	0.10936	0.00604	0.00384	0.00259	0.00693
10	0.02825	0.02405	0.04005	0.02041	0.28264	0.02729	0.14613	0.12375	0.07066	0.07215	0.01398	0.01905	0.01164	0.00634	0.00560	0.00172	0.00631	0.08847	0.00373	0.00776
11	0.01042	0.01327	0.16611	0.52517	0.06480	0.01239	0.01534	0.01417	0.01047	0.01422	0.00916	0.01319	0.00703	0.00566	0.00659	0.00180	0.09698	0.00454	0.00233	0.00635
12	0.01352	0.47138	0.06252	0.00877	0.01259	0.06727	0.00837	0.01552	0.01153	0.06538	0.01489	0.01554	0.09505	0.00595	0.00406	0.00130	0.00521	0.00430	0.11039	0.00645
13	0.01269	0.00915	0.01139	0.00848	0.01266	0.00740	0.03346	0.04212	0.01247	0.13312	0.05972	0.01704	0.07254	0.00558	0.00458	0.00111	0.00407	0.00465	0.00401	0.54378
14	0.00947	0.00725	0.00908	0.00819	0.00971	0.00771	0.00636	0.03643	0.11111	0.04191	0.52506	0.03277	0.06326	0.01000	0.00732	0.00175	0.09321	0.00833	0.00534	0.00573
15	0.01031	0.00862	0.00843	0.00777	0.00975	0.09482	0.00591	0.01390	0.11083	0.06932	0.33339	0.03547	0.25055	0.01021	0.00590	0.00168	0.00369	0.00859	0.00520	0.00566

[dist]
# distance from previous block
# <min> <max>
2	5

[block]
# block no. 2 follows, 46 sequences, length 15
# corresponding to MSA columns:
# 72-86
name=unknown_C
#
# <colnr> <probs for GDERKNQSTAVLIFYWHMCP>
#	G	D	E	R	K	N	Q	S	T	A	V	L	I	F	Y	W	H	M	C	P
0	0.00878	0.00538	0.00785	0.00772	0.00828	0.00582	0.00562	0.03155	0.00837	0.01160	0.03526	0.01866	0.01213	0.02668	0.34380	0.44238	0.00858	0.00520	0.00272	0.00360
1	0.06557	0.00649	0.00711	0.00629	0.00839	0.00636	0.00494	0.03951	0.01231	0.19281	0.01730	0.01841	0.01281	0.00617	0.00409	0.00136	0.00313	0.00488	0.57605	0.00602
2	0.01108	0.01105	0.01698	0.59756	0.03194	0.06157	0.08105	0.01507	0.05327	0.01422	0.00999	0.01401	0.00762	0.00553	0.00596	0.00177	0.04782	0.00482	0.00257	0.00614
3	0.00690	0.00495	0.00641	0.00725	0.00782	0.00466	0.00508	0.00808	0.01073	0.01429	0.10967	0.51653	0.08145	0.09906	0.00883	0.00242	0.00339	0.09333	0.00482	0.00433
4	0.00785	0.00606	0.00887	0.00870	0.00952	0.00720	0.00674	0.00956	0.00841	0.01217	0.01380	0.02103	0.01316	0.08935	0.68565	0.00782	0.07085	0.00572	0.00282	0.00470
5	0.04208	0.00917	0.01209	0.00936	0.01328	0.00822	0.00770	0.06822	0.01555	0.68027	0.06204	0.01865	0.01471	0.00673	0.00532	0.00163	0.00446	0.00546	0.00635	0.00870
6	0.00743	0.00516	0.00680	0.00758	0.00834	0.00495	0.00566	0.00909	0.01151	0.01582	0.17006	0.39327	0.03459	0.04729	0.00742	0.00219	0.00345	0.19328	0.06155	0.00457
7	0.01268	0.01615	0.11220	0.02162	0.06849	0.05290	0.60129	0.01709	0.01244	0.01673	0.01039	0.01362	0.00783	0.00458	0.00598	0.00174	0.00868	0.00576	0.00263	0.00722
8	0.01345	0.01148	0.01356	0.06392	0.14047	0.04344	0.00979	0.12195	0.34288	0.03178	0.06956	0.04822	0.02890	0.00714	0.00539	0.00170	0.00492	0.00605	0.02776	0.00767
9	0.58276	0.00983	0.00923	0.00775	0.01129	0.01053	0.00639	0.01886	0.01099	0.27087	0.01174	0.01164	0.00812	0.00544	0.00394	0.00164	0.00422	0.00366	0.00433	0.00679
10	0.00742	0.00537	0.00713	0.00819	0.00904	0.00516	0.00640	0.00904	0.01115	0.01450	0.03047	0.36117	0.10462	0.04836	0.00779	0.00237	0.00394	0.34853	0.00482	0.00453
11	0.05727	0.01386	0.07231	0.02634	0.56192	0.04504	0.01465	0.05402	0.01260	0.03542	0.01006	0.01255	0.00816	0.00486	0.00503	0.00153	0.00623	0.00444	0.00288	0.05082
12	0.00851	0.00630	0.00793	0.00749	0.00928	0.00563	0.03548	0.04083	0.01208	0.06069	0.05557	0.32326	0.32846	0.01284	0.00619	0.00183	0.00338	0.01123	0.00484	0.05820
13	0.01529	0.40987	0.02017	0.01026	0.03342	0.04308	0.00887	0.14237	0.05283	0.08839	0.01350	0.04767	0.03537	0.00632	0.00447	0.00141	0.00538	0.03037	0.00366	0.02730
14	0.01428	0.03471	0.04269	0.09458	0.17325	0.01315	0.01122	0.24101	0.14659	0.02252	0.06108	0.01549	0.01221	0.00612	0.00548	0.00159	0.02458	0.00505	0.00408	0.07034

[dist]
# distance from previous block
# <min> <max>
0	4

[block]
# block no. 3 follows, 46 sequences, length 33
# corresponding to MSA columns:
# 91-113,116-125
name=unknown_D
#
# <colnr> <probs for GDERKNQSTAVLIFYWHMCP>
#	G	D	E	R	K	N	Q	S	T	A	V	L	I	F	Y	W	H	M	C	P
0	0.04650	0.10918	0.03814	0.01168	0.01562	0.08359	0.06025	0.21477	0.23773	0.04590	0.01382	0.01392	0.01042	0.00590	0.00492	0.00153	0.00567	0.00467	0.00427	0.07154
1	0.03807	0.11356	0.01391	0.01032	0.07511	0.01023	0.00772	0.09754	0.01275	0.01857	0.04056	0.01528	0.05159	0.00538	0.00438	0.00113	0.00445	0.02148	0.00346	0.45450
2	0.04740	0.22345	0.48465	0.01327	0.03504	0.01456	0.01542	0.05930	0.01187	0.03620	0.00934	0.01068	0.00700	0.00500	0.00457	0.00153	0.00689	0.00369	0.00257	0.00758
3	0.01419	0.07888	0.13864	0.00925	0.01280	0.04227	0.00873	0.11558	0.01426	0.15250	0.11369	0.01829	0.01562	0.00650	0.00475	0.00147	0.00470	0.00517	0.23584	0.00686
4	0.01167	0.01047	0.01582	0.30512	0.25139	0.01168	0.01274	0.06306	0.13550	0.01727	0.01392	0.10294	0.01214	0.00674	0.00545	0.00174	0.00583	0.00606	0.00339	0.00705
5	0.10237	0.01465	0.07986	0.02037	0.34908	0.11821	0.01261	0.05327	0.03660	0.12822	0.01185	0.02946	0.00925	0.00552	0.00500	0.00159	0.00621	0.00462	0.00349	0.00778
6	0.00830	0.00528	0.00648	0.00658	0.00700	0.00519	0.00418	0.00887	0.00902	0.05579	0.05069	0.20874	0.02324	0.49637	0.07774	0.00436	0.00519	0.00914	0.00386	0.00397
7	0.00648	0.00468	0.00606	0.00714	0.00755	0.00434	0.00477	0.00739	0.01017	0.01342	0.03054	0.71870	0.09284	0.04950	0.00755	0.00224	0.00312	0.01442	0.00484	0.00426
8	0.02692	0.00631	0.00779	0.03716	0.01006	0.00629	0.00621	0.06141	0.03616	0.01718	0.15137	0.30761	0.14714	0.01302	0.00637	0.00197	0.00360	0.13316	0.01519	0.00507
9	0.11165	0.01270	0.03090	0.02734	0.25684	0.09153	0.01089	0.08913	0.05470	0.18113	0.01351	0.04338	0.01050	0.00722	0.03399	0.00186	0.00604	0.00497	0.00401	0.00770
10	0.00651	0.00475	0.00614	0.00716	0.00770	0.00438	0.00490	0.00757	0.01057	0.01393	0.05947	0.67586	0.12177	0.01593	0.00668	0.00209	0.00304	0.03225	0.00494	0.00435
11	0.00852	0.00608	0.00852	0.00974	0.01095	0.00608	0.00852	0.01095	0.01217	0.01582	0.02799	0.05963	0.03042	0.01460	0.00730	0.00243	0.00487	0.74565	0.00487	0.00487
12	0.04506	0.76422	0.04931	0.00915	0.01372	0.02033	0.00923	0.01585	0.01069	0.01298	0.00741	0.00856	0.00674	0.00455	0.00344	0.00117	0.00566	0.00286	0.00230	0.00678
13	0.05533	0.05349	0.01304	0.02956	0.01233	0.00822	0.14163	0.01028	0.00876	0.01238	0.01147	0.08193	0.01135	0.04977	0.06202	0.39022	0.03559	0.00577	0.00271	0.00418
14	0.00860	0.00520	0.00699	0.00773	0.00853	0.00480	0.00544	0.00973	0.01082	0.10483	0.02810	0.67640	0.03213	0.01527	0.00661	0.00210	0.00333	0.05339	0.00510	0.00488
15	0.01060	0.02735	0.78682	0.01507	0.02288	0.01228	0.01953	0.01674	0.01116	0.01674	0.00949	0.01116	0.00670	0.00502	0.00502	0.00167	0.00781	0.00391	0.00223	0.00781
16	0.07715	0.01327	0.05687	0.01570	0.17537	0.08862	0.04057	0.05317	0.20573	0.14027	0.03396	0.01751	0.01266	0.00638	0.00524	0.00168	0.00564	0.03819	0.00427	0.00776
17	0.01056	0.00952	0.04498	0.01227	0.05203	0.00935	0.09735	0.01572	0.17602	0.04103	0.08445	0.13245	0.02229	0.05085	0.00795	0.00215	0.05387	0.16654	0.00439	0.00623
18	0.01292	0.01239	0.02116	0.07404	0.74095	0.01252	0.01614	0.01608	0.01196	0.01707	0.00991	0.01314	0.00830	0.00474	0.00524	0.00158	0.00632	0.00471	0.00260	0.00824
19	0.01337	0.01338	0.02068	0.05973	0.44317	0.08099	0.13699	0.05226	0.03549	0.01785	0.06472	0.01505	0.01131	0.00534	0.00544	0.00161	0.00668	0.00523	0.00306	0.00765
20	0.04104	0.04500	0.18601	0.01549	0.06687	0.07637	0.18235	0.07791	0.02708	0.21065	0.01285	0.01366	0.00903	0.00541	0.00528	0.00163	0.00687	0.00483	0.00380	0.00785
21	0.01027	0.00897	0.01002	0.04242	0.01160	0.09951	0.02101	0.02897	0.01104	0.04760	0.02177	0.34040	0.06512	0.07894	0.02301	0.00237	0.11449	0.05333	0.00405	0.00511
22	0.11705	0.01217	0.09186	0.04026	0.11226	0.01161	0.02757	0.09069	0.03614	0.12675	0.05404	0.06323	0.01246	0.00708	0.00712	0.00175	0.13789	0.00540	0.01273	0.03195
23	0.07967	0.52864	0.06639	0.01000	0.01435	0.11516	0.00954	0.06131	0.01219	0.04875	0.00848	0.00944	0.00711	0.00489	0.00384	0.00128	0.00610	0.00319	0.00276	0.00691
24	0.01704	0.11349	0.01614	0.01353	0.05871	0.49733	0.01002	0.02795	0.03072	0.03028	0.01031	0.07099	0.00941	0.00649	0.00574	0.00149	0.06655	0.00450	0.00297	0.00632
25	0.01129	0.08138	0.65202	0.01407	0.02131	0.01275	0.01757	0.04925	0.01172	0.01720	0.00947	0.01103	0.00687	0.00498	0.00485	0.00158	0.00733	0.00382	0.00242	0.05910
26	0.08320	0.05898	0.01275	0.00928	0.01306	0.00987	0.00770	0.11141	0.03629	0.46183	0.01702	0.01602	0.01153	0.00805	0.04989	0.00194	0.00514	0.00484	0.03623	0.04496
27	0.00650	0.00536	0.00565	0.00561	0.00720	0.00462	0.00414	0.00789	0.01196	0.01466	0.12194	0.04782	0.63648	0.06294	0.03200	0.00219	0.00317	0.01062	0.00483	0.00445
28	0.01435	0.01130	0.01396	0.01335	0.09166	0.01248	0.03728	0.11397	0.39107	0.09192	0.01947	0.02067	0.04215	0.00742	0.00622	0.00180	0.05205	0.04606	0.00487	0.00797
29	0.01715	0.06615	0.06571	0.01461	0.01819	0.39747	0.12968	0.13541	0.01513	0.01695	0.00922	0.01097	0.00734	0.00564	0.00597	0.00154	0.06883	0.00416	0.00303	0.00685
30	0.01179	0.22433	0.57149	0.01352	0.02034	0.04072	0.01660	0.01666	0.01119	0.01554	0.00891	0.01044	0.00672	0.00491	0.00461	0.00153	0.00733	0.00362	0.00226	0.00750
31	0.00716	0.00553	0.00656	0.00646	0.00785	0.00505	0.00478	0.00957	0.04430	0.01790	0.40473	0.13675	0.29951	0.01226	0.00627	0.00177	0.00270	0.01063	0.00537	0.00486
32	0.01298	0.00716	0.01008	0.00834	0.01085	0.00640	0.05208	0.01539	0.01439	0.25538	0.39903	0.02979	0.06460	0.00873	0.00574	0.00161	0.00356	0.00765	0.05157	0.03467

[dist]
# distance from previous block
# <min> <max>
0	5

[block]
# block no. 4 follows, 46 sequences, length 48
# corresponding to MSA columns:
# 131-178
name=unknown_E
#
# <colnr> <probs for GDERKNQSTAVLIFYWHMCP>
#	G	D	E	R	K	N	Q	S	T	A	V	L	I	F	Y	W	H	M	C	P
0	0.34225	0.00947	0.01054	0.00846	0.01224	0.00934	0.00698	0.02183	0.01277	0.49201	0.01566	0.01437	0.01025	0.00591	0.00453	0.00164	0.00434	0.00437	0.00528	0.00774
1	0.01264	0.01325	0.02480	0.01835	0.02259	0.05969	0.52894	0.04198	0.01253	0.02943	0.01185	0.03435	0.00947	0.00782	0.06574	0.00224	0.03014	0.00604	0.06144	0.00672
2	0.02226	0.01114	0.07129	0.01019	0.01458	0.00923	0.00895	0.12051	0.01609	0.62961	0.01894	0.01679	0.01207	0.00640	0.00529	0.00163	0.00492	0.00514	0.00605	0.00891
3	0.01039	0.00987	0.01455	0.01263	0.01327	0.01280	0.05697	0.01202	0.00927	0.01378	0.06860	0.04704	0.01358	0.01384	0.12138	0.00308	0.50706	0.05140	0.00292	0.00555
4	0.00679	0.00516	0.00627	0.00658	0.00770	0.00464	0.00479	0.00840	0.01236	0.01627	0.27284	0.28999	0.28197	0.01364	0.00645	0.00189	0.00283	0.04165	0.00519	0.00459
5	0.01037	0.02571	0.72797	0.01457	0.02186	0.01185	0.01856	0.01619	0.01096	0.01640	0.00984	0.01189	0.00719	0.00764	0.06462	0.00219	0.00829	0.00404	0.00228	0.00758
6	0.08209	0.07550	0.04423	0.01252	0.01573	0.57235	0.00997	0.04067	0.02446	0.06289	0.00920	0.01020	0.00730	0.00545	0.00463	0.00141	0.00831	0.00353	0.00306	0.00649
7	0.01036	0.00662	0.00952	0.00887	0.01012	0.00744	0.00696	0.01183	0.00959	0.12237	0.04213	0.02060	0.03646	0.02822	0.48446	0.07954	0.09053	0.00572	0.00343	0.00523
8	0.02323	0.00911	0.01225	0.00947	0.01351	0.00802	0.00780	0.02587	0.05019	0.74954	0.02089	0.01807	0.01323	0.00657	0.00532	0.00164	0.00448	0.00535	0.00649	0.00897
9	0.00689	0.00505	0.00675	0.00777	0.00827	0.00491	0.00555	0.00809	0.01056	0.01407	0.05558	0.63780	0.05808	0.01578	0.00710	0.00216	0.02718	0.10909	0.00486	0.00444
10	0.01264	0.01355	0.07950	0.08627	0.62449	0.01253	0.06131	0.01611	0.01189	0.01694	0.00992	0.01308	0.00813	0.00476	0.00528	0.00160	0.00661	0.00474	0.00257	0.00808
11	0.00699	0.00499	0.00675	0.00792	0.00848	0.00476	0.00580	0.00833	0.01080	0.01434	0.05535	0.59921	0.03438	0.01588	0.00687	0.00220	0.00349	0.19408	0.00493	0.00446
12	0.00769	0.00513	0.00577	0.00577	0.00577	0.00513	0.00320	0.00769	0.00769	0.01025	0.01666	0.03460	0.01922	0.81421	0.02691	0.00513	0.00513	0.00769	0.00320	0.00320
13	0.01020	0.01008	0.00872	0.00896	0.01014	0.19320	0.00637	0.01233	0.06444	0.01462	0.09294	0.46721	0.03898	0.02823	0.00652	0.00194	0.00467	0.01092	0.00447	0.00506
14	0.00922	0.00677	0.00955	0.00991	0.06075	0.00750	0.00693	0.06651	0.01006	0.01413	0.06099	0.02132	0.01475	0.10921	0.42256	0.12234	0.03370	0.00581	0.00314	0.00484
15	0.02372	0.00900	0.01227	0.00941	0.01350	0.00777	0.00777	0.02576	0.01513	0.78489	0.02086	0.01799	0.01309	0.00654	0.00532	0.00164	0.00450	0.00532	0.00654	0.00900
16	0.01413	0.81739	0.02770	0.00905	0.01357	0.02092	0.00905	0.01583	0.01074	0.01244	0.00735	0.00848	0.00678	0.00452	0.00339	0.00113	0.00565	0.00283	0.00226	0.00678
17	0.02921	0.01717	0.04874	0.02020	0.23614	0.24915	0.15889	0.05964	0.07811	0.03571	0.01089	0.01275	0.00853	0.00524	0.00527	0.00157	0.00756	0.00468	0.00313	0.00743
18	0.01290	0.01928	0.31702	0.01725	0.02303	0.06629	0.33309	0.01749	0.01219	0.06784	0.01092	0.01315	0.00796	0.00503	0.00571	0.00169	0.02232	0.00501	0.03450	0.00734
19	0.01413	0.81739	0.02770	0.00905	0.01357	0.02092	0.00905	0.01583	0.01074	0.01244	0.00735	0.00848	0.00678	0.00452	0.00339	0.00113	0.00565	0.00283	0.00226	0.00678
20	0.01035	0.00982	0.01674	0.70796	0.11099	0.01186	0.03051	0.01385	0.01076	0.01396	0.00948	0.01400	0.00720	0.00521	0.00530	0.00174	0.00701	0.00473	0.00238	0.00615
21	0.02054	0.07432	0.07765	0.01149	0.03032	0.10545	0.03612	0.08647	0.01514	0.46407	0.01610	0.01501	0.01071	0.00601	0.00511	0.00157	0.00577	0.00475	0.00509	0.00831
22	0.30990	0.01279	0.08034	0.01091	0.04141	0.01212	0.02889	0.20978	0.01495	0.21204	0.01241	0.01248	0.00861	0.00567	0.00459	0.00163	0.00516	0.00420	0.00446	0.00768
23	0.01505	0.01738	0.01551	0.22702	0.05039	0.40018	0.04535	0.02690	0.01320	0.01402	0.02129	0.01584	0.02537	0.00633	0.00566	0.00162	0.03619	0.05375	0.00287	0.00608
24	0.00767	0.00519	0.00608	0.00608	0.00619	0.00530	0.00359	0.00789	0.00778	0.01048	0.01637	0.03301	0.01853	0.72535	0.11483	0.00551	0.00616	0.00746	0.00316	0.00338
25	0.21772	0.15062	0.03334	0.01122	0.01408	0.25172	0.00940	0.07119	0.01214	0.01698	0.00796	0.00979	0.00672	0.00595	0.00664	0.00160	0.16021	0.00352	0.00288	0.00632
26	0.01306	0.01256	0.02131	0.03062	0.69823	0.01264	0.05030	0.01700	0.05964	0.01756	0.01070	0.01355	0.00884	0.00485	0.00529	0.00159	0.00627	0.00486	0.00279	0.00832
27	0.01871	0.02251	0.01557	0.01478	0.06718	0.62176	0.01070	0.07794	0.01503	0.01480	0.00855	0.01017	0.00709	0.00576	0.00579	0.00147	0.06913	0.00369	0.00289	0.00648
28	0.00746	0.00539	0.00714	0.00743	0.00849	0.00507	0.00571	0.00959	0.01329	0.01827	0.44332	0.20222	0.06187	0.01288	0.00657	0.00193	0.00313	0.17003	0.00540	0.00481
29	0.00746	0.00579	0.00683	0.00650	0.00804	0.00536	0.00490	0.01040	0.06448	0.01900	0.49090	0.04190	0.28610	0.01141	0.00618	0.00171	0.00267	0.00984	0.00549	0.00504
30	0.01262	0.01223	0.02131	0.13811	0.62978	0.01250	0.06400	0.01589	0.01186	0.01673	0.00992	0.01330	0.00817	0.00477	0.00531	0.00161	0.00656	0.00481	0.00258	0.00795
31	0.01937	0.01106	0.01299	0.01037	0.01410	0.01129	0.00854	0.31730	0.07581	0.32871	0.02018	0.02085	0.06082	0.00748	0.00550	0.00169	0.00491	0.05489	0.00574	0.00839
32	0.00769	0.00513	0.00577	0.00577	0.00577	0.00513	0.00320	0.00769	0.00769	0.01025	0.01666	0.03460	0.01922	0.81421	0.02691	0.00513	0.00513	0.00769	0.00320	0.00320
33	0.00781	0.00602	0.00892	0.00877	0.00963	0.00717	0.00684	0.00961	0.00845	0.01225	0.01377	0.02051	0.01296	0.05548	0.72711	0.00803	0.06346	0.00565	0.00281	0.00475
34	0.01340	0.01127	0.01198	0.01061	0.01359	0.01290	0.00829	0.09301	0.65406	0.02306	0.07121	0.02041	0.01775	0.00734	0.00543	0.00177	0.00422	0.00611	0.00540	0.00820
35	0.02220	0.01048	0.01301	0.01002	0.01404	0.01009	0.00826	0.23220	0.01771	0.54639	0.01844	0.01657	0.01195	0.00647	0.00525	0.00161	0.00479	0.00515	0.03652	0.00885
36	0.45620	0.01177	0.01195	0.00961	0.01337	0.01297	0.04239	0.25886	0.01494	0.10677	0.01066	0.01117	0.00766	0.00552	0.00428	0.00163	0.00492	0.00389	0.00424	0.00719
37	0.00760	0.00599	0.00857	0.00865	0.00999	0.00569	0.05641	0.00945	0.01145	0.01489	0.07261	0.24833	0.19454	0.03322	0.05646	0.00257	0.00464	0.23958	0.00463	0.00474
38	0.00641	0.00473	0.00600	0.00702	0.00758	0.00432	0.00475	0.00740	0.01045	0.01363	0.03334	0.68007	0.16294	0.01602	0.00666	0.00208	0.00300	0.01436	0.00491	0.00432
39	0.00749	0.00535	0.00675	0.00695	0.00754	0.00548	0.00485	0.00847	0.00907	0.01214	0.03316	0.09026	0.09958	0.38165	0.22111	0.00513	0.00702	0.08040	0.00361	0.00400
40	0.01422	0.70324	0.04881	0.00955	0.01399	0.05592	0.00937	0.01692	0.06171	0.01324	0.00840	0.00936	0.00741	0.00476	0.00364	0.00120	0.00580	0.00310	0.00249	0.00689
41	0.00800	0.00573	0.00724	0.00683	0.00827	0.00534	0.00519	0.01082	0.04314	0.03911	0.63221	0.04002	0.12413	0.01095	0.00621	0.00170	0.00270	0.03155	0.00570	0.00516
42	0.00742	0.00512	0.00660	0.00748	0.00810	0.00485	0.00515	0.03467	0.01088	0.03147	0.02892	0.70686	0.05895	0.01558	0.00658	0.00209	0.00320	0.02593	0.02557	0.00459
43	0.06723	0.01513	0.09855	0.01361	0.01783	0.06043	0.15021	0.18921	0.28841	0.02265	0.01455	0.01491	0.01080	0.00601	0.00531	0.00170	0.00613	0.00518	0.00423	0.00792
44	0.01110	0.00953	0.01229	0.01053	0.01283	0.02219	0.08114	0.07594	0.25124	0.02064	0.27432	0.08543	0.03853	0.00899	0.00665	0.00179	0.05757	0.00775	0.00497	0.00658
45	0.00765	0.00512	0.00584	0.00588	0.00591	0.00514	0.00334	0.00772	0.00778	0.01040	0.01697	0.05743	0.01955	0.77201	0.04451	0.00512	0.00528	0.00786	0.00325	0.00327
46	0.77155	0.02641	0.00920	0.00892	0.06858	0.01209	0.00658	0.01560	0.00926	0.02301	0.00756	0.00893	0.00595	0.00488	0.00342	0.00162	0.00429	0.00300	0.00320	0.00595
47	0.01110	0.11635	0.67267	0.01423	0.02149	0.01329	0.01794	0.01705	0.03867	0.01645	0.00968	0.01117	0.00705	0.00504	0.00485	0.00162	0.00744	0.00386	0.00235	0.00772

[dist]
# distance from previous block
# <min> <max>
0	1

[block]
# block no. 5 follows, 46 sequences, length 16
# corresponding to MSA columns:
# 180-195
name=unknown_F
#
# <colnr> <probs for GDERKNQSTAVLIFYWHMCP>
#	G	D	E	R	K	N	Q	S	T	A	V	L	I	F	Y	W	H	M	C	P
0	0.00693	0.00529	0.00706	0.00756	0.00849	0.00477	0.02412	0.00815	0.01062	0.01414	0.04806	0.61517	0.12209	0.01488	0.00649	0.00200	0.00324	0.02708	0.00476	0.05910
1	0.01822	0.01427	0.01480	0.01167	0.01566	0.04853	0.00949	0.55106	0.15034	0.02934	0.01375	0.01362	0.01003	0.00627	0.00518	0.00155	0.00556	0.00479	0.00503	0.07085
2	0.01173	0.30881	0.48061	0.01254	0.01888	0.01504	0.01513	0.01611	0.01118	0.01540	0.04306	0.01147	0.00866	0.00510	0.00449	0.00148	0.00680	0.00377	0.00240	0.00732
3	0.01124	0.15554	0.60868	0.01471	0.05451	0.01355	0.01739	0.01642	0.01116	0.01604	0.00963	0.01205	0.00740	0.00517	0.00482	0.00160	0.00732	0.02286	0.00232	0.00759
4	0.14039	0.01188	0.00960	0.00873	0.01110	0.21468	0.00668	0.02814	0.01334	0.10438	0.16125	0.07681	0.17502	0.00884	0.00531	0.00163	0.00496	0.00704	0.00444	0.00577
5	0.01061	0.02532	0.11492	0.03079	0.02247	0.00744	0.04152	0.02481	0.02923	0.10594	0.11287	0.14750	0.14886	0.00942	0.00555	0.00170	0.00421	0.01919	0.13170	0.00597
6	0.02932	0.02862	0.04429	0.10852	0.26302	0.04533	0.28395	0.04913	0.01236	0.01699	0.00990	0.01313	0.00784	0.00509	0.00630	0.00170	0.05938	0.00511	0.00271	0.00732
7	0.01371	0.01492	0.01587	0.01536	0.09818	0.23905	0.05297	0.03757	0.01155	0.01424	0.01104	0.12060	0.01101	0.00830	0.00995	0.00188	0.30894	0.00580	0.00293	0.00613
8	0.01193	0.01093	0.01769	0.47692	0.27812	0.01244	0.01476	0.08386	0.01237	0.01657	0.00988	0.01363	0.00766	0.00520	0.00527	0.00168	0.00668	0.00471	0.00271	0.00698
9	0.01386	0.01261	0.02009	0.10059	0.59635	0.01307	0.01515	0.12924	0.01384	0.01935	0.01031	0.01312	0.00834	0.00501	0.00525	0.00159	0.00628	0.00472	0.00300	0.00824
10	0.00735	0.00562	0.00802	0.00802	0.00909	0.00628	0.00622	0.00916	0.00903	0.01258	0.02013	0.02533	0.12929	0.03567	0.67399	0.00748	0.01242	0.00650	0.00315	0.00468
11	0.02111	0.00875	0.01186	0.00939	0.01301	0.00798	0.00770	0.05620	0.01456	0.63428	0.01948	0.01818	0.01292	0.01155	0.12473	0.00267	0.00602	0.00534	0.00592	0.00835
12	0.01338	0.01222	0.01971	0.21197	0.45438	0.01298	0.04823	0.12888	0.01365	0.01879	0.01026	0.01332	0.00814	0.00508	0.00530	0.00163	0.00651	0.00478	0.00296	0.00782
13	0.00924	0.00462	0.00671	0.00671	0.00682	0.00462	0.00451	0.00739	0.00728	0.01016	0.00993	0.01641	0.00959	0.01724	0.01909	0.76794	0.00439	0.00462	0.08020	0.00254
14	0.13994	0.01198	0.01899	0.08272	0.61195	0.01240	0.01452	0.01593	0.01147	0.01798	0.00951	0.01247	0.00788	0.00478	0.00494	0.00159	0.00600	0.00443	0.00270	0.00780
15	0.14905	0.00939	0.01171	0.00913	0.01310	0.00870	0.00754	0.05038	0.01455	0.64288	0.01852	0.01638	0.01183	0.00629	0.00501	0.00163	0.00448	0.00492	0.00600	0.00850

[dist]
# distance from previous block
# <min> <max>
0	1

[block]
# block no. 6 follows, 46 sequences, length 11
# corresponding to MSA columns:
# 197-207
name=unknown_G
#
# <colnr> <probs for GDERKNQSTAVLIFYWHMCP>
#	G	D	E	R	K	N	Q	S	T	A	V	L	I	F	Y	W	H	M	C	P
0	0.01868	0.00985	0.01318	0.01276	0.12079	0.00954	0.00891	0.04812	0.16232	0.43950	0.08290	0.01927	0.01598	0.00676	0.00539	0.00166	0.00456	0.00570	0.00566	0.00845
1	0.00860	0.04883	0.07581	0.00970	0.01129	0.00891	0.00839	0.01076	0.00879	0.01271	0.01259	0.01828	0.01162	0.03145	0.59734	0.00684	0.10494	0.00525	0.00269	0.00521
2	0.00626	0.00529	0.00542	0.00553	0.00719	0.00445	0.00409	0.00757	0.01188	0.01421	0.05141	0.11751	0.71383	0.01367	0.00629	0.00182	0.00271	0.01150	0.00491	0.00445
3	0.01166	0.07842	0.01594	0.01255	0.01322	0.01494	0.01052	0.01300	0.00863	0.04082	0.00849	0.01283	0.00803	0.01302	0.12450	0.00306	0.59734	0.00465	0.00254	0.00584
4	0.01712	0.05263	0.01622	0.11895	0.10906	0.52797	0.01137	0.01968	0.05212	0.01397	0.00918	0.01102	0.00750	0.00539	0.00487	0.00145	0.00840	0.00384	0.00278	0.00650
5	0.00938	0.00488	0.00510	0.00527	0.00637	0.00484	0.00387	0.01162	0.01095	0.01884	0.01891	0.13060	0.01655	0.00762	0.00412	0.00136	0.00255	0.00634	0.72600	0.00484
6	0.00644	0.00460	0.00613	0.00736	0.00767	0.00429	0.00491	0.00736	0.01012	0.01350	0.02914	0.81076	0.03497	0.01656	0.00675	0.00215	0.00307	0.01503	0.00491	0.00429
7	0.01376	0.01332	0.02019	0.08738	0.63537	0.08079	0.01533	0.01674	0.01228	0.03991	0.01008	0.01300	0.00828	0.00487	0.00520	0.00157	0.00657	0.00461	0.00273	0.00801
8	0.01716	0.02030	0.09012	0.01659	0.15446	0.39528	0.01194	0.15104	0.03314	0.01818	0.03587	0.01214	0.00914	0.00565	0.00503	0.00149	0.00776	0.00420	0.00328	0.00721
9	0.69469	0.01150	0.01139	0.00942	0.01295	0.04892	0.11196	0.01600	0.00977	0.02226	0.00787	0.00943	0.00610	0.00487	0.00376	0.00164	0.00502	0.00336	0.00316	0.00594
10	0.01096	0.03746	0.48702	0.05253	0.01994	0.01147	0.02952	0.01734	0.11795	0.04300	0.01634	0.03572	0.08500	0.00647	0.00525	0.00171	0.00651	0.00529	0.00316	0.00738

[dist]
# distance from previous block
# <min> <max>
0	2

[block]
# block no. 7 follows, 46 sequences, length 18
# corresponding to MSA columns:
# 210-227
name=unknown_H
#
# <colnr> <probs for GDERKNQSTAVLIFYWHMCP>
#	G	D	E	R	K	N	Q	S	T	A	V	L	I	F	Y	W	H	M	C	P
0	0.01227	0.01009	0.01193	0.01144	0.06057	0.03592	0.03809	0.02090	0.39725	0.07234	0.08505	0.06696	0.08269	0.01031	0.05785	0.00221	0.00503	0.00699	0.00489	0.00721
1	0.01096	0.00940	0.01096	0.00783	0.01253	0.00705	0.00626	0.01331	0.01096	0.01723	0.00940	0.01096	0.00783	0.00392	0.00392	0.00078	0.00392	0.00313	0.00313	0.84653
2	0.01077	0.00980	0.01525	0.05712	0.06678	0.00996	0.17871	0.07751	0.11147	0.01879	0.14993	0.04764	0.16861	0.00852	0.00624	0.00177	0.02461	0.02580	0.00429	0.00642
3	0.01424	0.01253	0.12846	0.00963	0.01464	0.00885	0.00891	0.08660	0.01310	0.16757	0.01194	0.01252	0.00879	0.00482	0.00448	0.00116	0.00479	0.00382	0.00386	0.47929
4	0.72524	0.06369	0.00936	0.00716	0.01064	0.01206	0.00599	0.01537	0.00928	0.02242	0.00753	0.00878	0.00597	0.00480	0.00333	0.00153	0.00418	0.00288	0.00319	0.07659
5	0.06536	0.01043	0.01133	0.00841	0.01285	0.04329	0.00675	0.05658	0.01214	0.08297	0.01036	0.01144	0.00816	0.00440	0.00411	0.00098	0.00433	0.00340	0.00353	0.63917
6	0.00996	0.00724	0.00963	0.00876	0.01102	0.00662	0.04413	0.05328	0.01294	0.06994	0.12062	0.15362	0.14536	0.01115	0.00612	0.00182	0.00404	0.19026	0.00477	0.12872
7	0.24219	0.06189	0.03985	0.01334	0.13591	0.01192	0.04560	0.08291	0.06624	0.13484	0.01172	0.01249	0.00872	0.00524	0.00450	0.00151	0.00509	0.00413	0.00384	0.10808
8	0.07463	0.13423	0.14291	0.00931	0.01267	0.02924	0.00894	0.02815	0.03397	0.01667	0.06662	0.02493	0.04553	0.06740	0.03235	0.00208	0.00538	0.12907	0.05923	0.07667
9	0.10317	0.20595	0.31953	0.01130	0.01621	0.03046	0.01235	0.03412	0.01104	0.05005	0.01161	0.01393	0.04255	0.05931	0.00674	0.00181	0.05602	0.00424	0.00282	0.00681
10	0.21340	0.12187	0.30459	0.01188	0.01687	0.04201	0.07274	0.01577	0.01084	0.03936	0.01118	0.09643	0.00980	0.00618	0.00467	0.00164	0.00619	0.00492	0.00295	0.00671
11	0.06643	0.19101	0.37375	0.01470	0.06702	0.05787	0.07763	0.06316	0.01216	0.01714	0.00915	0.01081	0.00702	0.00495	0.00468	0.00154	0.00709	0.00388	0.00258	0.00742
12	0.06747	0.14281	0.25497	0.01140	0.01612	0.11438	0.02401	0.04326	0.04624	0.03349	0.01166	0.07858	0.01004	0.00605	0.00466	0.00148	0.00620	0.00469	0.02925	0.09325
13	0.05893	0.13128	0.16457	0.01011	0.01341	0.09910	0.02393	0.02908	0.01147	0.02707	0.08173	0.05653	0.07876	0.08818	0.08111	0.00257	0.02707	0.00588	0.00330	0.00591
14	0.09352	0.21908	0.07980	0.00972	0.01325	0.07875	0.00870	0.10561	0.07684	0.05739	0.03623	0.11454	0.07092	0.00755	0.00483	0.00157	0.00522	0.00591	0.00386	0.00669
15	0.08999	0.25710	0.18676	0.01047	0.02726	0.04106	0.01031	0.05243	0.02376	0.06969	0.01533	0.08600	0.07512	0.00767	0.02418	0.00171	0.00577	0.00530	0.00334	0.00674
16	0.04660	0.09643	0.14960	0.04888	0.10901	0.07843	0.01110	0.12157	0.01367	0.04290	0.08560	0.04996	0.02570	0.03216	0.03151	0.00191	0.00618	0.01769	0.00355	0.02755
17	0.10506	0.03440	0.12074	0.02196	0.05490	0.07361	0.03240	0.12446	0.05361	0.03154	0.02646	0.05632	0.05397	0.05283	0.06378	0.00226	0.00628	0.00542	0.00362	0.07637

[dist]
# distance from previous block
# <min> <max>
42	188

[block]
# block no. 8 follows, 46 sequences, length 26
# corresponding to MSA columns:
# 505-530
name=unknown_I
#
# <colnr> <probs for GDERKNQSTAVLIFYWHMCP>
#	G	D	E	R	K	N	Q	S	T	A	V	L	I	F	Y	W	H	M	C	P
0	0.06893	0.01362	0.04471	0.05594	0.02586	0.15544	0.04411	0.05223	0.07428	0.03074	0.05782	0.03143	0.01254	0.00784	0.04109	0.00183	0.02107	0.02225	0.00368	0.23460
1	0.01468	0.02905	0.04423	0.01037	0.01387	0.01843	0.02742	0.12091	0.13760	0.14811	0.08609	0.03564	0.04394	0.00833	0.02447	0.00182	0.03206	0.03698	0.00484	0.16115
2	0.06124	0.01295	0.06800	0.01348	0.05107	0.03846	0.14757	0.10858	0.10018	0.10447	0.07233	0.01808	0.02777	0.02069	0.00585	0.00172	0.00582	0.01412	0.00428	0.12334
3	0.07371	0.01445	0.04485	0.01326	0.01749	0.09058	0.15559	0.20573	0.10050	0.06664	0.03185	0.01456	0.01064	0.00594	0.00533	0.00161	0.00629	0.00496	0.00421	0.13180
4	0.08154	0.03386	0.10330	0.01260	0.01676	0.03413	0.13779	0.12889	0.08324	0.11347	0.07352	0.04315	0.03519	0.00687	0.00562	0.00172	0.01467	0.00579	0.00435	0.06357
5	0.49173	0.01160	0.01058	0.00893	0.01249	0.02977	0.00721	0.13555	0.09007	0.08818	0.01144	0.01206	0.00857	0.00580	0.00428	0.00168	0.00470	0.00389	0.00423	0.05721
6	0.33578	0.12481	0.04741	0.01356	0.15909	0.06686	0.00956	0.09471	0.03097	0.02039	0.00992	0.04744	0.00845	0.00561	0.00426	0.00156	0.00539	0.00413	0.00327	0.00684
7	0.01109	0.00889	0.00897	0.00803	0.01003	0.09695	0.00608	0.05306	0.05107	0.07780	0.37329	0.05228	0.11501	0.05696	0.00703	0.00182	0.00397	0.00801	0.00507	0.04458
8	0.04748	0.01374	0.09196	0.12157	0.03784	0.06124	0.19096	0.07520	0.14818	0.06729	0.02822	0.06744	0.01199	0.00638	0.00551	0.00173	0.00648	0.00588	0.00374	0.00719
9	0.00735	0.00585	0.00759	0.00789	0.00867	0.00595	0.00570	0.00853	0.01031	0.01397	0.05522	0.51699	0.12701	0.01516	0.03510	0.00224	0.09570	0.01210	0.00447	0.05420
10	0.03542	0.02972	0.01334	0.04014	0.06888	0.02718	0.00904	0.25426	0.29171	0.02344	0.02052	0.04725	0.10087	0.00757	0.00538	0.00170	0.00486	0.00617	0.00480	0.00774
11	0.05861	0.00878	0.01039	0.00821	0.01175	0.00772	0.00657	0.01511	0.06369	0.10293	0.15001	0.01899	0.01714	0.00626	0.00512	0.00126	0.03086	0.02982	0.00418	0.44260
12	0.01320	0.21591	0.36371	0.01273	0.01825	0.10387	0.03528	0.06158	0.01269	0.03360	0.05259	0.01354	0.01009	0.00563	0.00478	0.00152	0.00695	0.02401	0.00286	0.00721
13	0.01255	0.22602	0.06839	0.01425	0.01844	0.01391	0.29752	0.06673	0.01236	0.01683	0.01201	0.06330	0.01040	0.00591	0.00541	0.00158	0.02799	0.01998	0.09970	0.00670
14	0.00851	0.00644	0.00831	0.00910	0.05196	0.00639	0.00663	0.04737	0.01183	0.01555	0.08922	0.05630	0.18557	0.14985	0.09041	0.00321	0.00530	0.23881	0.00436	0.00489
15	0.06368	0.03634	0.10512	0.01501	0.10487	0.03767	0.14910	0.04392	0.12319	0.13129	0.04411	0.03749	0.05161	0.00662	0.00542	0.00170	0.00589	0.02552	0.00403	0.00740
16	0.01203	0.01103	0.01824	0.14351	0.43441	0.01147	0.07092	0.01622	0.07766	0.01728	0.01224	0.03445	0.01007	0.00545	0.00519	0.00161	0.00590	0.00522	0.09969	0.00740
17	0.02282	0.00880	0.01198	0.00925	0.01318	0.00762	0.00762	0.02489	0.01512	0.74239	0.06302	0.01919	0.01513	0.00678	0.00537	0.00164	0.00439	0.00555	0.00650	0.00877
18	0.01312	0.01402	0.05727	0.01917	0.02402	0.01301	0.54096	0.12747	0.01423	0.01925	0.01275	0.01865	0.01046	0.00582	0.00616	0.00182	0.00798	0.08336	0.00327	0.00720
19	0.01291	0.01265	0.02239	0.05750	0.66908	0.01263	0.10204	0.01621	0.01204	0.01710	0.01001	0.01325	0.00829	0.00470	0.00535	0.00160	0.00661	0.00489	0.00261	0.00815
20	0.00822	0.00635	0.00861	0.00854	0.00951	0.00727	0.00644	0.01127	0.09646	0.01337	0.01684	0.11911	0.01661	0.10997	0.50030	0.00638	0.03935	0.00702	0.00340	0.00497
21	0.01020	0.09866	0.00776	0.00558	0.00728	0.00696	0.00446	0.01284	0.03144	0.01859	0.01856	0.02043	0.06218	0.00646	0.00387	0.00127	0.00289	0.00512	0.67025	0.00520
22	0.01359	0.01375	0.02024	0.09577	0.62975	0.10234	0.01540	0.01656	0.01225	0.01645	0.00969	0.01276	0.00808	0.00484	0.00518	0.00156	0.00672	0.00456	0.00261	0.00790
23	0.00850	0.00798	0.09747	0.00856	0.00983	0.00679	0.00715	0.00937	0.00827	0.01168	0.01286	0.04708	0.01278	0.14842	0.31206	0.23736	0.04115	0.00576	0.00272	0.00420
24	0.02232	0.00929	0.01272	0.00992	0.01354	0.00874	0.00821	0.02426	0.01432	0.69599	0.01925	0.01725	0.01238	0.00686	0.00670	0.00171	0.09661	0.00524	0.00606	0.00863
25	0.46673	0.01209	0.02734	0.00859	0.01188	0.08339	0.00707	0.12134	0.05809	0.04319	0.01490	0.01523	0.09847	0.00634	0.00427	0.00163	0.00477	0.00444	0.00389	0.00637

[dist]
# distance from previous block
# <min> <max>
0	4

[block]
# block no. 9 follows, 46 sequences, length 12
# corresponding to MSA columns:
# 535-546
name=unknown_J
#
# <colnr> <probs for GDERKNQSTAVLIFYWHMCP>
#	G	D	E	R	K	N	Q	S	T	A	V	L	I	F	Y	W	H	M	C	P
0	0.01701	0.01258	0.01371	0.01112	0.01450	0.01379	0.00893	0.57658	0.05591	0.02878	0.01643	0.17499	0.01459	0.00846	0.00559	0.00171	0.00518	0.00690	0.00522	0.00801
1	0.01968	0.00896	0.01155	0.00940	0.01274	0.00833	0.00752	0.13022	0.01554	0.51812	0.02134	0.17812	0.01693	0.00855	0.00560	0.00173	0.00440	0.00721	0.00603	0.00804
2	0.00670	0.00478	0.00643	0.00765	0.00807	0.00452	0.00535	0.00781	0.01037	0.01378	0.02900	0.71783	0.03440	0.01632	0.00682	0.00218	0.00329	0.10542	0.00490	0.00436
3	0.01389	0.13872	0.02029	0.01422	0.01771	0.20550	0.23209	0.04872	0.05614	0.01531	0.01097	0.01377	0.00909	0.01209	0.16508	0.00293	0.00923	0.00482	0.00292	0.00649
4	0.00791	0.00533	0.00759	0.00759	0.00815	0.00589	0.00548	0.00855	0.00800	0.01122	0.01368	0.02274	0.01367	0.19904	0.47447	0.17780	0.01031	0.00587	0.00280	0.00391
5	0.01275	0.25483	0.47249	0.01315	0.01939	0.11136	0.01536	0.01702	0.01151	0.01503	0.00871	0.01019	0.00674	0.00493	0.00452	0.00148	0.00740	0.00353	0.00230	0.00731
6	0.01534	0.65450	0.02530	0.00968	0.01414	0.02000	0.00925	0.16760	0.01361	0.01668	0.00843	0.00934	0.00723	0.00489	0.00378	0.00122	0.00569	0.00322	0.00288	0.00723
7	0.00911	0.00680	0.00848	0.00866	0.04161	0.00675	0.00611	0.03347	0.12877	0.04354	0.36119	0.21005	0.09215	0.01124	0.00613	0.00179	0.00321	0.00991	0.00535	0.00568
8	0.04989	0.01451	0.11052	0.01470	0.14562	0.03041	0.01114	0.28134	0.03957	0.05904	0.01146	0.01243	0.00858	0.00535	0.00487	0.00143	0.00564	0.00426	0.00392	0.18534
9	0.12895	0.01089	0.03577	0.00932	0.01219	0.02964	0.00754	0.05355	0.43748	0.02193	0.01761	0.01736	0.01334	0.00651	0.00472	0.00163	0.00414	0.00515	0.17504	0.00726
10	0.01969	0.00849	0.01121	0.00918	0.01248	0.00770	0.00733	0.06230	0.03762	0.56421	0.02211	0.17866	0.01740	0.00859	0.00561	0.00174	0.00427	0.00728	0.00611	0.00802
11	0.00939	0.00725	0.00796	0.00716	0.00924	0.00701	0.00553	0.16164	0.01532	0.01990	0.23179	0.07255	0.40240	0.01143	0.00607	0.00173	0.00328	0.00961	0.00522	0.00551

[dist]
# distance from previous block
# <min> <max>
0	1

[block]
# block no. 10 follows, 46 sequences, length 15
# corresponding to MSA columns:
# 548-562
name=unknown_K
#
# <colnr> <probs for GDERKNQSTAVLIFYWHMCP>
#	G	D	E	R	K	N	Q	S	T	A	V	L	I	F	Y	W	H	M	C	P
0	0.02529	0.14392	0.10763	0.01540	0.05170	0.08609	0.25304	0.06715	0.02396	0.04012	0.02332	0.11387	0.01188	0.00650	0.00538	0.00164	0.00690	0.00608	0.00323	0.00690
1	0.01666	0.02000	0.01288	0.01199	0.01417	0.58132	0.00885	0.04045	0.01399	0.01351	0.01261	0.15715	0.01271	0.05288	0.00639	0.00172	0.00799	0.00581	0.00323	0.00572
2	0.00661	0.00467	0.00608	0.00714	0.00741	0.00441	0.00467	0.00741	0.00979	0.01305	0.02742	0.70399	0.03280	0.12629	0.00952	0.00256	0.00335	0.01402	0.00467	0.00414
3	0.01321	0.01524	0.13099	0.09209	0.03946	0.01357	0.33516	0.13222	0.11077	0.01962	0.01195	0.01415	0.00890	0.00541	0.00606	0.00175	0.03318	0.00542	0.00331	0.00753
4	0.01290	0.01217	0.01880	0.02718	0.61205	0.04521	0.01394	0.04423	0.01206	0.01674	0.01090	0.01588	0.00982	0.11616	0.00820	0.00205	0.00624	0.00507	0.00281	0.00759
5	0.02052	0.00854	0.01130	0.00908	0.01253	0.00765	0.00732	0.06403	0.01481	0.60233	0.02138	0.12683	0.01589	0.00789	0.00544	0.00169	0.00428	0.00660	0.04374	0.00817
6	0.00670	0.00473	0.00618	0.00724	0.00754	0.00448	0.00482	0.00755	0.00987	0.01314	0.02737	0.67367	0.03262	0.12621	0.00954	0.00257	0.00342	0.04351	0.00467	0.00417
7	0.01398	0.01468	0.04704	0.21812	0.23074	0.16763	0.01347	0.05280	0.01233	0.04035	0.00946	0.01247	0.00762	0.00586	0.00703	0.00170	0.13062	0.00443	0.00277	0.00692
8	0.00709	0.00539	0.00675	0.00716	0.00829	0.00472	0.00499	0.00833	0.01069	0.01446	0.06393	0.57634	0.11880	0.01419	0.00628	0.00189	0.00311	0.01269	0.00471	0.12021
9	0.00657	0.00469	0.00628	0.00751	0.00787	0.00440	0.00513	0.00758	0.01025	0.01364	0.02907	0.76521	0.03469	0.01644	0.00678	0.00216	0.00318	0.05934	0.00490	0.00433
10	0.01294	0.01218	0.01939	0.05518	0.24403	0.01279	0.18554	0.03484	0.27756	0.03118	0.01535	0.01667	0.02959	0.00590	0.00579	0.00173	0.02208	0.00567	0.00375	0.00785
11	0.01314	0.01087	0.01168	0.01052	0.01338	0.01244	0.00817	0.04857	0.66345	0.04343	0.02131	0.05609	0.01660	0.00879	0.03526	0.00205	0.00457	0.00633	0.00529	0.00808
12	0.85155	0.01022	0.00777	0.00695	0.01022	0.01186	0.00573	0.01554	0.00900	0.02372	0.00736	0.00859	0.00573	0.00491	0.00327	0.00164	0.00409	0.00286	0.00327	0.00573
13	0.01246	0.01429	0.11687	0.11577	0.20500	0.01253	0.27580	0.08729	0.01335	0.01846	0.06623	0.01526	0.01096	0.00533	0.00564	0.00169	0.00716	0.00550	0.00305	0.00738
14	0.04811	0.25207	0.35106	0.02525	0.01836	0.01469	0.04813	0.01772	0.11560	0.01644	0.01082	0.02555	0.00856	0.00533	0.00459	0.00153	0.00641	0.00413	0.00280	0.02284

[dist]
# distance from previous block
# <min> <max>
0	25

# created by:
# /home/cegg/simao/soft/augustus-3.2.1/scripts/msa2prfl.pl ./align_prep/EOG091G0QW9.fa
