[name]
unknown

[dist]
# distance from previous block
# <min> <max>
0	9

[block]
# block no. 0 follows, 53 sequences, length 30
# corresponding to MSA columns:
# 9-38
name=unknown_A
#
# <colnr> <probs for GDERKNQSTAVLIFYWHMCP>
#	G	D	E	R	K	N	Q	S	T	A	V	L	I	F	Y	W	H	M	C	P
0	0.00758	0.00540	0.00749	0.00855	0.00956	0.00539	0.00734	0.00962	0.01074	0.01399	0.02493	0.08993	0.02728	0.04766	0.00732	0.00229	0.00433	0.70193	0.00434	0.00431
1	0.00981	0.04200	0.71970	0.01408	0.02088	0.01137	0.08624	0.01513	0.01019	0.01506	0.00863	0.01029	0.00616	0.00448	0.00461	0.00151	0.00711	0.00370	0.00205	0.00699
2	0.00899	0.00565	0.00626	0.00603	0.00728	0.00607	0.00452	0.02843	0.12705	0.01637	0.01554	0.01917	0.01296	0.09164	0.14962	0.00271	0.00464	0.00496	0.47731	0.00481
3	0.00603	0.00453	0.00562	0.00643	0.00706	0.00423	0.00441	0.00743	0.04030	0.01264	0.03024	0.64938	0.17592	0.01410	0.00597	0.00187	0.00275	0.01261	0.00445	0.00406
4	0.00590	0.00470	0.00532	0.00571	0.00689	0.00413	0.00421	0.00712	0.01051	0.01306	0.06925	0.26627	0.49429	0.01291	0.00585	0.00175	0.00267	0.07094	0.00447	0.00404
5	0.83180	0.00920	0.00719	0.00637	0.00936	0.01057	0.00525	0.01442	0.00836	0.05301	0.00715	0.00811	0.00544	0.00450	0.00303	0.00148	0.00371	0.00268	0.00308	0.00530
6	0.00602	0.00486	0.00533	0.00548	0.00685	0.00424	0.00415	0.00735	0.01086	0.01340	0.10689	0.09429	0.57733	0.04441	0.00651	0.00180	0.00272	0.08899	0.00444	0.00406
7	0.01217	0.01113	0.02067	0.13766	0.23235	0.01111	0.32332	0.04536	0.03157	0.08686	0.03280	0.01361	0.00891	0.00466	0.00514	0.00154	0.00643	0.00502	0.00291	0.00677
8	0.42980	0.00686	0.00593	0.00557	0.00728	0.00759	0.00412	0.01140	0.00823	0.01721	0.01105	0.01664	0.01021	0.23632	0.00903	0.00228	0.00362	0.00424	0.19826	0.00437
9	0.01207	0.09116	0.06176	0.09478	0.23706	0.14240	0.02026	0.01511	0.05479	0.01427	0.00883	0.01082	0.00724	0.00456	0.00471	0.00127	0.03787	0.00366	0.00253	0.17484
10	0.11544	0.73553	0.02288	0.00795	0.01190	0.01793	0.00782	0.01428	0.00952	0.01247	0.00665	0.00768	0.00602	0.00413	0.00305	0.00108	0.00494	0.00256	0.00215	0.00602
11	0.00694	0.00468	0.00547	0.00547	0.00556	0.00477	0.00322	0.00712	0.00703	0.00946	0.01483	0.02998	0.01681	0.74923	0.10635	0.00495	0.00548	0.00676	0.00286	0.00304
12	0.00946	0.00628	0.00768	0.00688	0.00865	0.00612	0.00530	0.03945	0.12004	0.11009	0.51122	0.03107	0.10075	0.00894	0.00541	0.00152	0.00279	0.00773	0.00520	0.00543
13	0.00650	0.00470	0.00587	0.00657	0.00747	0.00430	0.00487	0.00772	0.01011	0.03227	0.03236	0.44021	0.25286	0.01360	0.00603	0.00188	0.00300	0.15109	0.00447	0.00413
14	0.00621	0.00469	0.00574	0.00584	0.00689	0.00422	0.00424	0.00781	0.01169	0.01565	0.39279	0.23665	0.25668	0.01173	0.00576	0.00164	0.00243	0.01029	0.00482	0.00422
15	0.04567	0.00817	0.01098	0.00844	0.01212	0.00713	0.00697	0.02303	0.01352	0.78302	0.01851	0.01602	0.01164	0.00587	0.00475	0.00148	0.00406	0.00474	0.00583	0.00805
16	0.01968	0.00959	0.01197	0.00931	0.01285	0.00945	0.00767	0.20353	0.06585	0.54409	0.01672	0.01504	0.01094	0.00599	0.00518	0.00150	0.03251	0.00470	0.00545	0.00800
17	0.01267	0.80853	0.05050	0.00836	0.01254	0.01866	0.00849	0.01434	0.00972	0.01137	0.00671	0.00775	0.00613	0.00410	0.00311	0.00104	0.00517	0.00259	0.00204	0.00616
18	0.01190	0.01031	0.01265	0.05228	0.03661	0.08720	0.10096	0.07014	0.23292	0.05282	0.01685	0.02413	0.01468	0.00738	0.00520	0.00166	0.00511	0.18973	0.06126	0.00621
19	0.01157	0.00913	0.01006	0.00934	0.03059	0.03314	0.00713	0.08477	0.39252	0.06625	0.16843	0.04412	0.04073	0.00777	0.00516	0.00161	0.00381	0.06248	0.00481	0.00659
20	0.01638	0.01271	0.01308	0.05662	0.03181	0.20135	0.04487	0.13867	0.05756	0.24464	0.05244	0.01501	0.01125	0.00598	0.00530	0.00148	0.04386	0.02389	0.01632	0.00677
21	0.13174	0.00899	0.01007	0.00815	0.01140	0.05303	0.00660	0.03300	0.06248	0.49453	0.03300	0.01757	0.08059	0.00627	0.00460	0.00147	0.00409	0.00494	0.00504	0.02244
22	0.01194	0.01110	0.01651	0.26081	0.06556	0.03752	0.12909	0.16966	0.02892	0.01647	0.00918	0.01215	0.00724	0.00648	0.02997	0.00182	0.17215	0.00447	0.00279	0.00619
23	0.09415	0.01365	0.01363	0.01066	0.01432	0.06854	0.00874	0.66503	0.02058	0.02810	0.01077	0.01095	0.00773	0.00557	0.00459	0.00142	0.00535	0.00407	0.00446	0.00769
24	0.00671	0.00503	0.00544	0.00523	0.00689	0.00428	0.00396	0.00813	0.01147	0.05854	0.16535	0.04270	0.63665	0.01139	0.00560	0.00159	0.00249	0.00956	0.00465	0.00434
25	0.00665	0.00489	0.00624	0.00660	0.00760	0.00457	0.00508	0.00834	0.01131	0.01509	0.29138	0.18397	0.17130	0.05122	0.00686	0.00193	0.00304	0.20509	0.00463	0.00421
26	0.00864	0.00675	0.01072	0.02567	0.03262	0.00650	0.12257	0.03379	0.01258	0.04586	0.48277	0.05226	0.03159	0.00905	0.00647	0.04997	0.01531	0.03746	0.00442	0.00499
27	0.00715	0.00513	0.00699	0.00792	0.00881	0.00506	0.00650	0.00892	0.01041	0.01363	0.04839	0.20576	0.05903	0.05689	0.02796	0.00237	0.00416	0.50643	0.00431	0.00420
28	0.01182	0.05792	0.01885	0.12162	0.63055	0.04785	0.01389	0.01456	0.01078	0.01479	0.00873	0.01156	0.00728	0.00434	0.00462	0.00141	0.00586	0.00411	0.00232	0.00713
29	0.01221	0.27172	0.09979	0.02444	0.05888	0.06521	0.12316	0.04945	0.08138	0.01418	0.00879	0.01060	0.00725	0.00523	0.00620	0.00146	0.14729	0.00387	0.00253	0.00636

[dist]
# distance from previous block
# <min> <max>
0	7

[block]
# block no. 1 follows, 53 sequences, length 51
# corresponding to MSA columns:
# 46-96
name=unknown_B
#
# <colnr> <probs for GDERKNQSTAVLIFYWHMCP>
#	G	D	E	R	K	N	Q	S	T	A	V	L	I	F	Y	W	H	M	C	P
0	0.01304	0.69042	0.09619	0.00890	0.01317	0.05806	0.00907	0.01494	0.01008	0.03900	0.00728	0.00824	0.00632	0.00424	0.00333	0.00109	0.00543	0.00275	0.00220	0.00626
1	0.00993	0.08062	0.35653	0.01175	0.01606	0.01050	0.08779	0.01389	0.03401	0.04584	0.12147	0.01519	0.01281	0.00880	0.08813	0.00216	0.07080	0.00470	0.00282	0.00620
2	0.01290	0.55560	0.05259	0.06648	0.01454	0.13251	0.02668	0.01472	0.01022	0.01180	0.00724	0.00874	0.00634	0.00448	0.00397	0.00117	0.03703	0.00297	0.02405	0.00596
3	0.01164	0.01116	0.01906	0.08267	0.75036	0.01131	0.01457	0.01450	0.01079	0.01539	0.00896	0.01189	0.00749	0.00429	0.00473	0.00143	0.00572	0.00426	0.00235	0.00742
4	0.00723	0.00569	0.00704	0.00741	0.00870	0.00558	0.01716	0.01027	0.10913	0.01421	0.04367	0.23809	0.24190	0.01230	0.00596	0.00188	0.00339	0.25132	0.00446	0.00460
5	0.00803	0.00666	0.00862	0.00804	0.00836	0.00804	0.00594	0.00922	0.03797	0.01104	0.01505	0.09177	0.05706	0.33644	0.11459	0.00372	0.25589	0.00656	0.00290	0.00410
6	0.01140	0.01249	0.10240	0.09167	0.53323	0.01137	0.03606	0.03996	0.01086	0.01554	0.00885	0.01159	0.00723	0.00455	0.00525	0.00146	0.04733	0.00416	0.00240	0.04220
7	0.00620	0.00467	0.00581	0.00646	0.00735	0.00428	0.00480	0.00753	0.01041	0.01346	0.10716	0.38654	0.25438	0.01332	0.00602	0.00185	0.00291	0.14826	0.00451	0.00408
8	0.11846	0.01241	0.01291	0.01015	0.01375	0.03150	0.00833	0.55315	0.07490	0.09891	0.01206	0.01186	0.00853	0.00563	0.00456	0.00145	0.00494	0.00420	0.00462	0.00768
9	0.01275	0.49715	0.18656	0.01132	0.06932	0.10475	0.01075	0.03481	0.01062	0.01290	0.00742	0.00867	0.00627	0.00433	0.00367	0.00119	0.00595	0.00298	0.00218	0.00641
10	0.01292	0.01277	0.01595	0.03343	0.41531	0.15412	0.01170	0.09333	0.01196	0.01576	0.00925	0.01184	0.00774	0.00716	0.06239	0.00188	0.07554	0.00411	0.03617	0.00668
11	0.00640	0.00473	0.00567	0.00620	0.00712	0.00440	0.00448	0.00806	0.03629	0.01374	0.09050	0.41095	0.24429	0.01271	0.00574	0.00177	0.00275	0.06545	0.06459	0.00417
12	0.00818	0.00509	0.00675	0.00690	0.00805	0.00471	0.00523	0.00982	0.01144	0.10445	0.26970	0.31632	0.07789	0.01186	0.00586	0.00177	0.00300	0.13346	0.00486	0.00465
13	0.00735	0.00510	0.00694	0.00789	0.00876	0.00497	0.00639	0.00900	0.01031	0.03014	0.02554	0.28425	0.04599	0.05186	0.00722	0.00221	0.00387	0.47359	0.00437	0.00425
14	0.15191	0.00774	0.00912	0.00785	0.01040	0.00763	0.00619	0.11181	0.01267	0.32643	0.05762	0.22740	0.01733	0.00830	0.00491	0.00160	0.00373	0.01620	0.00486	0.00632
15	0.00833	0.00566	0.00654	0.00614	0.00760	0.00562	0.00466	0.01217	0.12967	0.03679	0.40229	0.02890	0.09497	0.00832	0.00492	0.00143	0.00253	0.00713	0.22133	0.00500
16	0.01210	0.00860	0.00894	0.00780	0.01003	0.06201	0.00615	0.15769	0.10345	0.10671	0.18226	0.02419	0.10687	0.00762	0.00488	0.00146	0.00372	0.03711	0.14248	0.00594
17	0.86579	0.00924	0.00702	0.00629	0.00924	0.01072	0.00518	0.01405	0.00813	0.02144	0.00666	0.00776	0.00518	0.00444	0.00296	0.00148	0.00370	0.00259	0.00296	0.00518
18	0.02872	0.24203	0.52559	0.01174	0.01762	0.01325	0.01416	0.01558	0.06276	0.01455	0.00875	0.00991	0.00663	0.00455	0.00413	0.00139	0.00624	0.00337	0.00224	0.00681
19	0.07655	0.02830	0.02497	0.01026	0.02364	0.01106	0.05670	0.27285	0.10769	0.24776	0.01366	0.01320	0.00952	0.00542	0.00458	0.00142	0.00469	0.00437	0.00455	0.07880
20	0.86579	0.00924	0.00702	0.00629	0.00924	0.01072	0.00518	0.01405	0.00813	0.02144	0.00666	0.00776	0.00518	0.00444	0.00296	0.00148	0.00370	0.00259	0.00296	0.00518
21	0.01278	0.83490	0.02505	0.00818	0.01227	0.01891	0.00818	0.01431	0.00971	0.01125	0.00664	0.00767	0.00613	0.00409	0.00307	0.00102	0.00511	0.00256	0.00204	0.00613
22	0.01235	0.00947	0.01034	0.03592	0.01237	0.01060	0.00725	0.07410	0.54496	0.08271	0.02018	0.01901	0.06645	0.00665	0.00480	0.00156	0.00379	0.00549	0.06487	0.00712
23	0.00941	0.00712	0.00795	0.00728	0.00894	0.04731	0.00553	0.04350	0.13356	0.06886	0.48362	0.08545	0.05424	0.00904	0.00540	0.00154	0.00309	0.00783	0.00500	0.00535
24	0.01109	0.01239	0.02654	0.02016	0.07882	0.01173	0.69116	0.01492	0.01107	0.01512	0.00978	0.01312	0.00751	0.00566	0.04655	0.00191	0.00813	0.00552	0.00242	0.00641
25	0.00695	0.00463	0.00521	0.00521	0.00521	0.00463	0.00290	0.00695	0.00695	0.00927	0.01506	0.03128	0.01738	0.83203	0.02433	0.00463	0.00463	0.00695	0.00290	0.00290
26	0.06192	0.00941	0.01134	0.00898	0.01246	0.00933	0.00734	0.16533	0.12997	0.48676	0.03519	0.01563	0.01199	0.00598	0.00474	0.00149	0.00419	0.00478	0.00538	0.00781
27	0.01006	0.09886	0.65142	0.01381	0.02036	0.01193	0.09855	0.01508	0.01018	0.01479	0.00851	0.01016	0.00619	0.00444	0.00452	0.00148	0.00699	0.00367	0.00206	0.00691
28	0.00688	0.00492	0.00665	0.00665	0.00715	0.00541	0.00469	0.00787	0.00738	0.01033	0.01375	0.02400	0.01422	0.36837	0.48366	0.00641	0.00939	0.00589	0.00270	0.00369
29	0.00581	0.00485	0.00506	0.00501	0.00655	0.00410	0.00376	0.00716	0.01127	0.01379	0.15439	0.04455	0.69375	0.01178	0.00565	0.00160	0.00240	0.00988	0.00455	0.00410
30	0.04642	0.01091	0.02760	0.01324	0.07176	0.01062	0.18831	0.22929	0.01478	0.25732	0.01393	0.07062	0.01052	0.00588	0.00501	0.00153	0.00537	0.00534	0.00427	0.00728
31	0.01143	0.01095	0.01868	0.14131	0.69334	0.01125	0.01447	0.01432	0.01070	0.01513	0.00892	0.01196	0.00740	0.00433	0.00474	0.00144	0.00578	0.00426	0.00233	0.00725
32	0.01743	0.02197	0.01396	0.01353	0.07083	0.75579	0.00962	0.01877	0.01336	0.01198	0.00750	0.00885	0.00626	0.00488	0.00434	0.00124	0.00841	0.00316	0.00246	0.00569
33	0.00634	0.00495	0.00582	0.00609	0.00727	0.00453	0.00454	0.00823	0.04163	0.01431	0.18003	0.24071	0.36068	0.01228	0.00582	0.00173	0.00272	0.08343	0.00461	0.00426
34	0.01154	0.06931	0.04948	0.07024	0.02104	0.01104	0.47635	0.01483	0.01087	0.09139	0.01140	0.05931	0.00923	0.00717	0.06278	0.00200	0.00735	0.00559	0.00282	0.00623
35	0.00587	0.00421	0.00565	0.00671	0.00701	0.00399	0.00451	0.00675	0.00908	0.01215	0.02566	0.78780	0.03061	0.01603	0.04705	0.00223	0.00328	0.01316	0.00434	0.00390
36	0.00719	0.00555	0.00846	0.00917	0.06495	0.00633	0.00652	0.00894	0.00789	0.01138	0.01258	0.01857	0.01176	0.05169	0.73762	0.00717	0.01211	0.00510	0.00255	0.00447
37	0.01133	0.01182	0.07126	0.12527	0.59766	0.01129	0.01419	0.01516	0.06638	0.01547	0.00965	0.01225	0.00782	0.00450	0.00473	0.00146	0.00572	0.00429	0.00249	0.00726
38	0.00766	0.00580	0.00806	0.00959	0.06570	0.00567	0.00750	0.00975	0.01103	0.01428	0.04412	0.04930	0.14666	0.01232	0.00630	0.00204	0.00414	0.58122	0.00428	0.00457
39	0.01022	0.00923	0.01448	0.58779	0.12522	0.01095	0.01251	0.06852	0.06580	0.01459	0.00971	0.01302	0.00737	0.00492	0.00474	0.00155	0.00592	0.00434	0.02319	0.00593
40	0.01713	0.02149	0.01331	0.01195	0.01448	0.73790	0.00901	0.01842	0.01315	0.01197	0.00744	0.00875	0.00622	0.00490	0.00450	0.00121	0.02615	0.00309	0.00248	0.06644
41	0.75237	0.01004	0.00831	0.00820	0.06306	0.04318	0.00608	0.03407	0.00890	0.02088	0.00697	0.00817	0.00545	0.00448	0.00318	0.00146	0.00407	0.00276	0.00294	0.00543
42	0.00690	0.00523	0.00789	0.03276	0.00929	0.00612	0.00620	0.00865	0.00774	0.01113	0.01267	0.01859	0.01178	0.03489	0.78815	0.00749	0.01260	0.00509	0.00255	0.00430
43	0.10095	0.14798	0.39521	0.01075	0.01589	0.01201	0.01213	0.10409	0.02034	0.03184	0.06502	0.01164	0.00924	0.00498	0.00422	0.00139	0.00562	0.00375	0.00281	0.04016
44	0.00608	0.00435	0.00585	0.00695	0.00735	0.00411	0.00489	0.00711	0.00941	0.01249	0.02620	0.72122	0.03104	0.01473	0.00617	0.00198	0.00300	0.11869	0.00443	0.00395
45	0.06392	0.15863	0.01508	0.00994	0.01349	0.02640	0.00836	0.46791	0.12227	0.02409	0.01181	0.03662	0.00917	0.00574	0.00442	0.00140	0.00492	0.00431	0.00416	0.00736
46	0.01061	0.00890	0.01013	0.00776	0.01147	0.00784	0.00617	0.06649	0.15676	0.01763	0.06639	0.01330	0.01122	0.00467	0.00402	0.00098	0.00361	0.00382	0.00351	0.58471
47	0.01365	0.01214	0.02474	0.12730	0.23312	0.10409	0.01091	0.14008	0.08097	0.08040	0.02232	0.01255	0.00870	0.00533	0.00548	0.00147	0.06555	0.00426	0.00327	0.04368
48	0.10640	0.00881	0.04215	0.00817	0.01161	0.00771	0.00693	0.06731	0.01301	0.54441	0.01863	0.01746	0.06698	0.03161	0.00523	0.00158	0.00408	0.00493	0.02574	0.00724
49	0.01740	0.00729	0.00984	0.00803	0.01096	0.00644	0.00648	0.03091	0.01324	0.58243	0.12295	0.10293	0.01871	0.00759	0.00511	0.00155	0.00372	0.03169	0.00561	0.00710
50	0.01678	0.00770	0.01044	0.00933	0.06711	0.00694	0.00688	0.04627	0.01338	0.51734	0.14491	0.02136	0.07004	0.03231	0.00559	0.00158	0.00384	0.00579	0.00532	0.00708

[dist]
# distance from previous block
# <min> <max>
0	1

[block]
# block no. 2 follows, 53 sequences, length 12
# corresponding to MSA columns:
# 98-109
name=unknown_C
#
# <colnr> <probs for GDERKNQSTAVLIFYWHMCP>
#	G	D	E	R	K	N	Q	S	T	A	V	L	I	F	Y	W	H	M	C	P
0	0.01452	0.01472	0.01361	0.03054	0.01400	0.26803	0.00939	0.19966	0.04800	0.01650	0.00892	0.01094	0.00737	0.00747	0.03871	0.00182	0.26821	0.00396	0.01756	0.00608
1	0.00664	0.00474	0.00541	0.00541	0.00587	0.00465	0.00341	0.00711	0.00793	0.01030	0.02241	0.03322	0.19528	0.55515	0.10915	0.00429	0.00505	0.00746	0.00321	0.00331
2	0.00944	0.00787	0.00877	0.00839	0.01025	0.00877	0.00635	0.01776	0.46476	0.01667	0.02279	0.20527	0.08514	0.01201	0.09083	0.00234	0.00439	0.00764	0.00449	0.00608
3	0.01009	0.01371	0.19505	0.55093	0.02821	0.09571	0.01385	0.01361	0.01010	0.01282	0.00840	0.01170	0.00628	0.00474	0.00467	0.00154	0.00677	0.00396	0.00214	0.00573
4	0.00972	0.00892	0.01373	0.26363	0.28167	0.02700	0.01083	0.01181	0.00926	0.01258	0.01011	0.01661	0.00946	0.19456	0.03747	0.00246	0.06744	0.00487	0.00240	0.00548
5	0.01275	0.01523	0.05003	0.01065	0.02618	0.37168	0.03802	0.03448	0.04360	0.01335	0.01920	0.01971	0.21823	0.00717	0.00571	0.00146	0.07579	0.00534	0.02604	0.00538
6	0.00632	0.00453	0.00607	0.00683	0.00743	0.00427	0.00495	0.00769	0.01043	0.01411	0.20252	0.53042	0.03406	0.01352	0.00607	0.00188	0.00290	0.12726	0.00462	0.00410
7	0.01846	0.01236	0.19291	0.00988	0.01436	0.00862	0.00963	0.08645	0.01361	0.55922	0.01588	0.01445	0.01020	0.00559	0.00474	0.00148	0.00485	0.00447	0.00493	0.00789
8	0.03593	0.28642	0.07642	0.01104	0.05181	0.19564	0.06138	0.04217	0.01154	0.08140	0.00943	0.01056	0.00745	0.00469	0.00395	0.00124	0.00586	0.00349	0.09336	0.00619
9	0.02775	0.00659	0.00842	0.04681	0.00977	0.02074	0.00597	0.10247	0.00955	0.04711	0.01170	0.01759	0.01076	0.12779	0.28674	0.19999	0.02318	0.00486	0.02787	0.00433
10	0.00884	0.00641	0.00778	0.00787	0.00905	0.00655	0.00584	0.18477	0.01238	0.01651	0.02284	0.56042	0.02582	0.01268	0.00585	0.00185	0.00351	0.09160	0.00451	0.00491
11	0.00909	0.00816	0.01322	0.48339	0.17365	0.00940	0.01117	0.01148	0.00922	0.01219	0.01009	0.01679	0.00911	0.19331	0.00923	0.00225	0.00584	0.00487	0.00235	0.00519

[dist]
# distance from previous block
# <min> <max>
0	9

[block]
# block no. 3 follows, 53 sequences, length 17
# corresponding to MSA columns:
# 119-135
name=unknown_D
#
# <colnr> <probs for GDERKNQSTAVLIFYWHMCP>
#	G	D	E	R	K	N	Q	S	T	A	V	L	I	F	Y	W	H	M	C	P
0	0.08495	0.07474	0.02704	0.49030	0.04705	0.01171	0.09192	0.07383	0.01076	0.03112	0.00877	0.01184	0.00662	0.00470	0.00457	0.00152	0.00607	0.00412	0.00251	0.00584
1	0.01322	0.01132	0.01102	0.01027	0.04203	0.12426	0.00768	0.05088	0.46288	0.07923	0.01636	0.01598	0.01235	0.00750	0.04488	0.00180	0.00494	0.00485	0.07158	0.00694
2	0.01169	0.00858	0.01015	0.00749	0.01154	0.00690	0.00600	0.01467	0.07212	0.12703	0.01082	0.01143	0.00834	0.00411	0.00382	0.00089	0.00363	0.00331	0.00343	0.67406
3	0.00774	0.00622	0.00777	0.00766	0.00862	0.05038	0.00584	0.00976	0.03785	0.01165	0.01307	0.01912	0.01217	0.09422	0.63634	0.00654	0.01107	0.00513	0.04450	0.00436
4	0.01069	0.01000	0.01428	0.05436	0.01484	0.07929	0.17896	0.03896	0.04375	0.04275	0.01400	0.10454	0.01377	0.10316	0.00951	0.00211	0.15151	0.10502	0.00318	0.00532
5	0.00701	0.00501	0.00640	0.00609	0.00723	0.00473	0.00455	0.00957	0.03960	0.01878	0.69425	0.07292	0.04168	0.00969	0.00551	0.00151	0.00233	0.00856	0.05001	0.00458
6	0.01714	0.06376	0.01385	0.01169	0.01422	0.66809	0.00891	0.07858	0.01368	0.01296	0.00772	0.00909	0.00642	0.00553	0.00500	0.04403	0.00795	0.00320	0.00260	0.00560
7	0.00634	0.00454	0.00602	0.00694	0.00748	0.00431	0.00503	0.00753	0.00979	0.01300	0.07904	0.54349	0.05704	0.05481	0.00707	0.00209	0.00317	0.17391	0.00441	0.00399
8	0.00592	0.00428	0.00558	0.00658	0.00697	0.00398	0.00447	0.00682	0.00928	0.01225	0.02749	0.71771	0.08433	0.03948	0.00664	0.00201	0.00287	0.04506	0.00439	0.00388
9	0.00645	0.00470	0.00617	0.00688	0.00766	0.00442	0.00518	0.00794	0.01063	0.01414	0.17825	0.40457	0.11091	0.01324	0.00609	0.00189	0.00304	0.19912	0.00459	0.00415
10	0.23195	0.00853	0.01006	0.00802	0.01147	0.00822	0.00659	0.02110	0.05517	0.56636	0.01584	0.01423	0.01032	0.00558	0.00435	0.00149	0.00396	0.00428	0.00512	0.00736
11	0.86579	0.00924	0.00702	0.00629	0.00924	0.01072	0.00518	0.01405	0.00813	0.02144	0.00666	0.00776	0.00518	0.00444	0.00296	0.00148	0.00370	0.00259	0.00296	0.00518
12	0.00719	0.00536	0.00756	0.00742	0.00808	0.00624	0.00561	0.00858	0.00764	0.01112	0.01289	0.02035	0.01253	0.17094	0.58527	0.00647	0.06453	0.00535	0.04276	0.00410
13	0.01331	0.75203	0.02390	0.00855	0.01252	0.07310	0.00828	0.04029	0.01040	0.01190	0.00686	0.00786	0.00620	0.00420	0.00321	0.00105	0.00536	0.00265	0.00216	0.00616
14	0.01171	0.19908	0.30466	0.01274	0.10081	0.03621	0.01201	0.10177	0.02613	0.03161	0.02221	0.07495	0.00938	0.00549	0.00437	0.00139	0.00568	0.00437	0.00278	0.03263
15	0.01232	0.03859	0.16963	0.01539	0.14354	0.07370	0.10219	0.08545	0.11248	0.03990	0.02282	0.01245	0.00867	0.00609	0.02260	0.00168	0.11837	0.00438	0.00296	0.00677
16	0.01424	0.15064	0.16777	0.01081	0.02851	0.04234	0.01008	0.18959	0.21430	0.10516	0.01277	0.01263	0.00938	0.00539	0.00446	0.00143	0.00520	0.00416	0.00381	0.00734

[dist]
# distance from previous block
# <min> <max>
0	1

[block]
# block no. 4 follows, 53 sequences, length 39
# corresponding to MSA columns:
# 145-183
name=unknown_E
#
# <colnr> <probs for GDERKNQSTAVLIFYWHMCP>
#	G	D	E	R	K	N	Q	S	T	A	V	L	I	F	Y	W	H	M	C	P
0	0.68953	0.03435	0.07608	0.00865	0.04505	0.01108	0.04664	0.01424	0.00862	0.02006	0.00707	0.00839	0.00549	0.00441	0.00331	0.00147	0.00433	0.00289	0.00280	0.00553
1	0.07965	0.00897	0.01009	0.00759	0.01138	0.00791	0.00609	0.11171	0.03498	0.08882	0.01037	0.01157	0.00815	0.02754	0.00438	0.00108	0.00382	0.00342	0.02783	0.53466
2	0.07041	0.01610	0.29072	0.01301	0.01794	0.03055	0.16489	0.13254	0.01274	0.16668	0.01095	0.01184	0.00764	0.00498	0.00503	0.00152	0.02780	0.00425	0.00332	0.00709
3	0.00582	0.00416	0.00555	0.00666	0.00693	0.00388	0.00444	0.00666	0.00915	0.01220	0.02634	0.82891	0.03161	0.01497	0.00610	0.00194	0.00277	0.01359	0.00444	0.00388
4	0.00760	0.00612	0.00871	0.00833	0.00905	0.00746	0.00650	0.00950	0.03625	0.01134	0.01219	0.01841	0.01157	0.09346	0.59432	0.00633	0.14071	0.00513	0.00260	0.00443
5	0.00757	0.00545	0.00699	0.00679	0.00736	0.00601	0.00476	0.03245	0.03833	0.01110	0.01375	0.02395	0.01418	0.40130	0.34384	0.03506	0.02854	0.00590	0.00285	0.00383
6	0.00677	0.00508	0.00625	0.00680	0.00802	0.00474	0.00553	0.00845	0.01083	0.01384	0.07144	0.09776	0.32313	0.03414	0.00654	0.00196	0.00338	0.35272	0.02843	0.00420
7	0.01278	0.83490	0.02505	0.00818	0.01227	0.01891	0.00818	0.01431	0.00971	0.01125	0.00664	0.00767	0.00613	0.00409	0.00307	0.00102	0.00511	0.00256	0.00204	0.00613
8	0.00695	0.00525	0.00772	0.00765	0.00842	0.00614	0.00589	0.00851	0.00762	0.01098	0.01276	0.01940	0.01216	0.09058	0.73421	0.00730	0.03647	0.00522	0.00257	0.00420
9	0.00582	0.00416	0.00555	0.00666	0.00693	0.00388	0.00444	0.00666	0.00915	0.01220	0.02634	0.82891	0.03161	0.01497	0.00610	0.00194	0.00277	0.01359	0.00444	0.00388
10	0.18720	0.00864	0.01047	0.00820	0.01176	0.00818	0.00677	0.06325	0.01307	0.60898	0.01605	0.01433	0.01032	0.00562	0.00444	0.00148	0.00406	0.00434	0.00527	0.00755
11	0.01799	0.01411	0.01314	0.01067	0.01404	0.18905	0.00855	0.38463	0.10830	0.17136	0.01289	0.01249	0.00914	0.00568	0.00469	0.00142	0.00560	0.00426	0.00449	0.00749
12	0.00982	0.00662	0.00789	0.00762	0.00909	0.00679	0.00578	0.16131	0.04096	0.05669	0.04340	0.35199	0.04415	0.02892	0.03075	0.00196	0.00379	0.08301	0.09428	0.00518
13	0.01252	0.00759	0.00959	0.00859	0.03434	0.05423	0.03423	0.03380	0.01318	0.26388	0.35356	0.10999	0.02749	0.00835	0.00530	0.00153	0.00365	0.00728	0.00501	0.00589
14	0.01230	0.03742	0.09983	0.02113	0.45782	0.02699	0.02452	0.11597	0.01222	0.01726	0.00912	0.01117	0.00734	0.00439	0.00451	0.00132	0.00555	0.00394	0.00270	0.12450
15	0.00982	0.00569	0.00740	0.00668	0.00832	0.00527	0.00511	0.01237	0.04697	0.17232	0.53877	0.09329	0.03564	0.00921	0.00544	0.00153	0.00272	0.00807	0.02008	0.00530
16	0.01043	0.02440	0.01202	0.08461	0.12171	0.03710	0.00777	0.01271	0.01014	0.01505	0.00849	0.01034	0.00703	0.00381	0.00384	0.00091	0.00430	0.00316	0.00268	0.61948
17	0.00711	0.00523	0.00697	0.00684	0.00724	0.00589	0.00483	0.00798	0.00732	0.01027	0.01344	0.02406	0.01411	0.40353	0.39752	0.00592	0.05943	0.00591	0.00269	0.00369
18	0.21995	0.00862	0.01027	0.00809	0.01162	0.00823	0.00668	0.05380	0.01275	0.58784	0.01567	0.01406	0.01011	0.00556	0.00437	0.00148	0.00403	0.00426	0.00517	0.00744
19	0.13176	0.00794	0.00976	0.00787	0.01102	0.00748	0.00640	0.02006	0.06888	0.52610	0.10565	0.01804	0.03035	0.00631	0.00465	0.00149	0.00373	0.00508	0.02029	0.00714
20	0.01052	0.01064	0.01564	0.01311	0.01346	0.01445	0.06734	0.01178	0.00761	0.01178	0.00652	0.01064	0.00635	0.00805	0.01495	0.00206	0.76340	0.00429	0.00212	0.00532
21	0.86579	0.00924	0.00702	0.00629	0.00924	0.01072	0.00518	0.01405	0.00813	0.02144	0.00666	0.00776	0.00518	0.00444	0.00296	0.00148	0.00370	0.00259	0.00296	0.00518
22	0.00769	0.00523	0.00761	0.00748	0.00842	0.00586	0.00572	0.00923	0.00803	0.05911	0.01378	0.04471	0.01302	0.10320	0.67005	0.00686	0.01125	0.00552	0.00285	0.00437
23	0.76163	0.00934	0.00767	0.00667	0.00973	0.01062	0.00550	0.04940	0.00921	0.08326	0.00783	0.00860	0.00583	0.00461	0.00318	0.00148	0.00380	0.00284	0.00327	0.00554
24	0.44169	0.00956	0.00949	0.00790	0.01110	0.01031	0.00655	0.16747	0.01247	0.21392	0.01171	0.01336	0.00873	0.00558	0.00399	0.00151	0.00414	0.04997	0.00412	0.00643
25	0.00784	0.00634	0.00716	0.00714	0.00770	0.05461	0.00515	0.00871	0.00838	0.01092	0.01718	0.04975	0.05902	0.39390	0.16468	0.00423	0.06106	0.11937	0.00310	0.00377
26	0.00668	0.00453	0.00534	0.00558	0.00569	0.00445	0.00332	0.00696	0.00772	0.01033	0.04822	0.21674	0.02176	0.61022	0.01937	0.00389	0.00411	0.00856	0.00335	0.00319
27	0.01278	0.00885	0.00964	0.00817	0.01061	0.00956	0.00647	0.26980	0.18191	0.05631	0.12042	0.03542	0.01619	0.00660	0.00457	0.00141	0.00365	0.00538	0.22577	0.00648
28	0.03906	0.00604	0.00760	0.00777	0.00881	0.02627	0.03854	0.02847	0.05740	0.03792	0.02343	0.55211	0.04242	0.04093	0.00643	0.00195	0.00351	0.06253	0.00427	0.00454
29	0.11427	0.01235	0.01303	0.01010	0.01382	0.01350	0.00832	0.60395	0.04239	0.05338	0.01122	0.01130	0.00804	0.00548	0.00450	0.00140	0.00489	0.00407	0.00449	0.05947
30	0.00604	0.00499	0.00532	0.00525	0.00677	0.00435	0.00393	0.00780	0.03465	0.01425	0.18414	0.06560	0.61701	0.01159	0.00564	0.00160	0.00244	0.00978	0.00460	0.00422
31	0.00643	0.00457	0.00598	0.00689	0.00737	0.00438	0.00495	0.00748	0.00932	0.01229	0.02519	0.50020	0.05498	0.13544	0.00890	0.00239	0.00342	0.19175	0.00420	0.00386
32	0.01259	0.78581	0.07245	0.00851	0.01278	0.01844	0.00875	0.01436	0.00973	0.01148	0.00676	0.00781	0.00613	0.00412	0.00316	0.00105	0.00523	0.00261	0.00204	0.00619
33	0.01015	0.01037	0.06342	0.57062	0.08392	0.03535	0.07114	0.01335	0.01006	0.04027	0.00908	0.01261	0.00683	0.00479	0.00494	0.00156	0.01850	0.00430	0.02301	0.00574
34	0.00808	0.00692	0.04216	0.00800	0.00913	0.04221	0.00638	0.00959	0.00819	0.03842	0.01304	0.05351	0.01253	0.11037	0.54955	0.03049	0.03886	0.00544	0.00273	0.00439
35	0.00804	0.00689	0.00994	0.00925	0.00979	0.00884	0.00740	0.00949	0.00754	0.01119	0.01068	0.01631	0.01019	0.04670	0.52672	0.00574	0.28348	0.00485	0.00241	0.00455
36	0.01047	0.00967	0.01555	0.28134	0.33756	0.01074	0.02362	0.04354	0.05236	0.01463	0.01043	0.05126	0.00893	0.00743	0.05964	0.00197	0.04709	0.00483	0.00261	0.00633
37	0.01166	0.08060	0.11470	0.01065	0.08609	0.04361	0.00869	0.06322	0.02236	0.06219	0.00985	0.02367	0.00797	0.00563	0.03559	0.00133	0.00502	0.00357	0.01429	0.38932
38	0.09059	0.39963	0.03932	0.04181	0.05306	0.16818	0.00880	0.04192	0.07767	0.01411	0.02037	0.00975	0.00751	0.00467	0.00373	0.00123	0.00563	0.00323	0.00261	0.00616

[dist]
# distance from previous block
# <min> <max>
0	2

[block]
# block no. 5 follows, 53 sequences, length 47
# corresponding to MSA columns:
# 186-232
name=unknown_F
#
# <colnr> <probs for GDERKNQSTAVLIFYWHMCP>
#	G	D	E	R	K	N	Q	S	T	A	V	L	I	F	Y	W	H	M	C	P
0	0.00693	0.00511	0.00658	0.00733	0.00830	0.00490	0.00578	0.02963	0.01070	0.01386	0.04716	0.32693	0.16656	0.01335	0.00618	0.00197	0.00344	0.32658	0.00445	0.00426
1	0.02676	0.05086	0.01263	0.01026	0.01327	0.11989	0.00815	0.20833	0.45465	0.02096	0.01513	0.01444	0.01137	0.00595	0.00466	0.00149	0.00485	0.00465	0.00436	0.00733
2	0.00975	0.01138	0.12371	0.25010	0.18432	0.00997	0.11191	0.01357	0.04701	0.01514	0.11783	0.01627	0.03114	0.00543	0.00495	0.00151	0.00568	0.00508	0.00283	0.03243
3	0.01153	0.25854	0.39126	0.01222	0.04917	0.01317	0.04868	0.04134	0.03634	0.05477	0.01031	0.01133	0.03188	0.00479	0.00424	0.00137	0.00601	0.00373	0.00252	0.00679
4	0.01059	0.06744	0.60228	0.06817	0.02083	0.01133	0.07263	0.01541	0.01035	0.06412	0.00919	0.01073	0.00653	0.00458	0.00457	0.00150	0.00679	0.00376	0.00230	0.00691
5	0.15775	0.00826	0.01026	0.00806	0.01154	0.00764	0.00664	0.03283	0.01285	0.63585	0.03343	0.01526	0.01142	0.00575	0.00450	0.00147	0.00395	0.00452	0.02053	0.00751
6	0.00717	0.00613	0.03817	0.00771	0.00885	0.00612	0.00623	0.00945	0.03527	0.01382	0.20388	0.10977	0.03182	0.02244	0.38593	0.00453	0.04298	0.05161	0.00357	0.00455
7	0.04391	0.18665	0.40695	0.01296	0.07511	0.01255	0.04952	0.04833	0.03683	0.03655	0.01055	0.01169	0.03864	0.00486	0.00432	0.00141	0.00602	0.00384	0.00252	0.00678
8	0.00654	0.00450	0.00586	0.00645	0.00712	0.00413	0.00448	0.00773	0.01036	0.04045	0.19151	0.57699	0.08929	0.01336	0.00593	0.00181	0.00268	0.01199	0.00466	0.00417
9	0.00609	0.00447	0.00574	0.00662	0.00722	0.00415	0.00472	0.00717	0.00970	0.01265	0.04320	0.57196	0.14906	0.03277	0.00650	0.00198	0.00297	0.11464	0.00441	0.00396
10	0.01105	0.01177	0.09208	0.19644	0.39418	0.01110	0.04887	0.06475	0.02915	0.01572	0.02439	0.04376	0.00893	0.00513	0.00506	0.00152	0.02200	0.00472	0.00263	0.00677
11	0.01178	0.01055	0.01748	0.04772	0.59825	0.01071	0.03106	0.04016	0.01112	0.04959	0.01106	0.07318	0.00992	0.00552	0.00527	0.00151	0.03268	0.02255	0.00278	0.00710
12	0.04244	0.00471	0.00469	0.00461	0.00584	0.00475	0.00349	0.01149	0.01002	0.03354	0.01531	0.01740	0.01197	0.00553	0.00336	0.00114	0.00232	0.00439	0.80845	0.00456
13	0.00725	0.00506	0.00631	0.00622	0.00744	0.00465	0.00462	0.00931	0.03456	0.05485	0.41547	0.19910	0.18453	0.01109	0.00570	0.00164	0.00258	0.03012	0.00493	0.00455
14	0.02518	0.09532	0.17186	0.13594	0.12539	0.03390	0.06312	0.05109	0.03678	0.07381	0.03776	0.04613	0.05914	0.01817	0.00500	0.00153	0.00557	0.00495	0.00301	0.00635
15	0.00959	0.02472	0.80726	0.01362	0.02069	0.01110	0.01766	0.01514	0.01009	0.01514	0.00858	0.01009	0.00605	0.00454	0.00454	0.00151	0.00706	0.00353	0.00202	0.00706
16	0.00589	0.00463	0.00533	0.00563	0.00673	0.00407	0.00404	0.00716	0.01077	0.01374	0.16829	0.29837	0.42309	0.01264	0.00579	0.00170	0.00251	0.01098	0.00458	0.00407
17	0.01152	0.01261	0.03723	0.05205	0.10801	0.07779	0.33037	0.03245	0.02816	0.01427	0.00894	0.01213	0.00731	0.00676	0.04508	0.00195	0.20002	0.00477	0.00243	0.00614
18	0.01176	0.01156	0.01897	0.07813	0.62593	0.03675	0.06162	0.01496	0.03838	0.01527	0.00923	0.01202	0.00763	0.00451	0.00514	0.00147	0.03266	0.00434	0.00244	0.00721
19	0.00903	0.00850	0.01434	0.82054	0.03292	0.01062	0.01327	0.01221	0.00956	0.01221	0.00850	0.01274	0.00637	0.00478	0.00478	0.00159	0.00637	0.00425	0.00212	0.00531
20	0.00646	0.00443	0.00539	0.00586	0.00600	0.00431	0.00360	0.00687	0.00806	0.01077	0.03851	0.37707	0.02420	0.45847	0.01599	0.00339	0.00377	0.00987	0.00362	0.00336
21	0.00596	0.00477	0.00522	0.00525	0.00655	0.00415	0.00382	0.00725	0.01097	0.01378	0.18516	0.11421	0.53776	0.06539	0.00691	0.00182	0.00257	0.00993	0.00449	0.00404
22	0.04321	0.00491	0.00576	0.00584	0.00701	0.00450	0.00429	0.00805	0.01147	0.01570	0.34802	0.21222	0.27778	0.01147	0.00564	0.00164	0.00251	0.02101	0.00471	0.00425
23	0.01788	0.02193	0.01362	0.01219	0.01478	0.74105	0.00922	0.08810	0.01435	0.01336	0.00776	0.00888	0.00633	0.00500	0.00435	0.00125	0.00832	0.00319	0.00267	0.00577
24	0.00625	0.00478	0.00709	0.00761	0.00822	0.00448	0.05473	0.00735	0.00937	0.01249	0.02523	0.74310	0.02987	0.01419	0.00609	0.00193	0.00318	0.04565	0.00431	0.00407
25	0.02871	0.00941	0.02939	0.07374	0.04022	0.00791	0.03121	0.04846	0.03409	0.01617	0.00895	0.01057	0.00725	0.00397	0.00400	0.00094	0.01405	0.00325	0.00287	0.62484
26	0.01608	0.01557	0.01277	0.01175	0.05992	0.34964	0.00864	0.18307	0.11172	0.08331	0.07103	0.01345	0.01126	0.00572	0.00462	0.00137	0.00613	0.00429	0.02309	0.00658
27	0.00689	0.00465	0.00523	0.00522	0.00532	0.00460	0.00297	0.00700	0.00731	0.00970	0.03770	0.03208	0.05437	0.77195	0.02296	0.00441	0.00447	0.00714	0.00303	0.00299
28	0.04002	0.05067	0.01687	0.03785	0.36564	0.10391	0.04996	0.11629	0.09183	0.01717	0.01042	0.03370	0.00861	0.00517	0.00499	0.00145	0.03102	0.00443	0.00299	0.00699
29	0.00730	0.00495	0.00628	0.00595	0.00713	0.00454	0.00442	0.00930	0.01273	0.04808	0.61288	0.07153	0.09825	0.04138	0.00625	0.00163	0.00245	0.00859	0.04183	0.00452
30	0.01074	0.00949	0.01664	0.33496	0.14226	0.01018	0.17268	0.02636	0.03484	0.06915	0.04446	0.01510	0.00979	0.04440	0.03688	0.00193	0.00635	0.00496	0.00280	0.00602
31	0.00756	0.00584	0.00733	0.00796	0.06618	0.00558	0.00540	0.05910	0.01177	0.01562	0.24366	0.13084	0.24255	0.09662	0.00761	0.00196	0.00324	0.07223	0.00437	0.00459
32	0.00622	0.00486	0.00564	0.00545	0.00681	0.00428	0.00408	0.00797	0.01225	0.01614	0.43601	0.04069	0.41066	0.01090	0.00564	0.00156	0.00234	0.00934	0.00486	0.00428
33	0.01390	0.59226	0.02156	0.00904	0.01285	0.08696	0.00835	0.12192	0.06760	0.01451	0.00829	0.00900	0.00701	0.00456	0.00354	0.00114	0.00534	0.00304	0.00266	0.00646
34	0.01187	0.01204	0.07444	0.05524	0.64748	0.01121	0.01417	0.01551	0.05717	0.04015	0.00987	0.01223	0.00797	0.00448	0.00473	0.00145	0.00564	0.00429	0.00259	0.00747
35	0.01428	0.46102	0.05230	0.01045	0.03917	0.27176	0.00902	0.04163	0.01131	0.01224	0.00725	0.00855	0.00632	0.00483	0.00413	0.02825	0.00631	0.00293	0.00228	0.00597
36	0.86579	0.00924	0.00702	0.00629	0.00924	0.01072	0.00518	0.01405	0.00813	0.02144	0.00666	0.00776	0.00518	0.00444	0.00296	0.00148	0.00370	0.00259	0.00296	0.00518
37	0.00596	0.00485	0.00522	0.00513	0.00658	0.00417	0.00382	0.00738	0.01139	0.01428	0.22644	0.04305	0.59411	0.03888	0.00627	0.00169	0.00246	0.00964	0.00458	0.00411
38	0.01107	0.01075	0.02966	0.14085	0.20402	0.01272	0.03224	0.05761	0.07803	0.01467	0.02153	0.01230	0.00807	0.00636	0.00921	0.00174	0.33591	0.00442	0.00261	0.00622
39	0.01216	0.36265	0.12998	0.03569	0.05066	0.09727	0.02222	0.04457	0.06835	0.01390	0.05225	0.01149	0.00928	0.00595	0.02286	0.03006	0.00574	0.00366	0.00262	0.01865
40	0.00665	0.00488	0.00662	0.00791	0.03807	0.00471	0.00546	0.00824	0.03165	0.01337	0.06659	0.58629	0.02992	0.01359	0.00603	0.00192	0.00316	0.14250	0.01817	0.00426
41	0.03141	0.14118	0.17519	0.04208	0.07169	0.04799	0.02101	0.06873	0.02164	0.01573	0.00854	0.01000	0.00683	0.00421	0.00396	0.00112	0.00519	0.00327	0.00263	0.31757
42	0.01200	0.24149	0.02548	0.01048	0.06782	0.08351	0.03014	0.07487	0.12420	0.01570	0.06110	0.05797	0.03018	0.00576	0.00439	0.00127	0.01502	0.00459	0.00324	0.13079
43	0.00610	0.00510	0.00593	0.00570	0.00726	0.00437	0.02568	0.00751	0.01102	0.01381	0.14390	0.13545	0.56334	0.01166	0.00564	0.00161	0.00263	0.00998	0.00445	0.02886
44	0.01320	0.03514	0.01380	0.01456	0.20953	0.12708	0.00936	0.06784	0.26215	0.04896	0.02244	0.01335	0.01018	0.00519	0.00451	0.00135	0.00504	0.00428	0.00357	0.12846
45	0.01280	0.00776	0.03092	0.00795	0.01076	0.00661	0.02854	0.04268	0.04191	0.27705	0.10583	0.13725	0.06509	0.04459	0.00581	0.00157	0.00374	0.00657	0.00457	0.15800
46	0.05160	0.08070	0.15642	0.03041	0.13702	0.03409	0.12812	0.05193	0.06181	0.11408	0.03800	0.03609	0.00991	0.00518	0.00464	0.00144	0.00561	0.00458	0.00320	0.04516

[dist]
# distance from previous block
# <min> <max>
0	21

# created by:
# /home/cegg/simao/soft/augustus-3.2.1/scripts/msa2prfl.pl ./align_prep/EOG091G0K9M.fa
