[name]
unknown

[dist]
# distance from previous block
# <min> <max>
39	508

[block]
# block no. 0 follows, 48 sequences, length 7
# corresponding to MSA columns:
# 569-575
name=unknown_A
#
# <colnr> <probs for GDERKNQSTAVLIFYWHMCP>
#	G	D	E	R	K	N	Q	S	T	A	V	L	I	F	Y	W	H	M	C	P
0	0.00989	0.07075	0.19722	0.26464	0.09771	0.01080	0.05519	0.01337	0.01095	0.01476	0.04626	0.08137	0.06074	0.00689	0.00528	0.00168	0.00610	0.03729	0.00289	0.00622
1	0.05303	0.07347	0.14151	0.04890	0.11727	0.01183	0.05286	0.12699	0.07615	0.15069	0.06858	0.03160	0.01246	0.00602	0.00502	0.00158	0.00551	0.00506	0.00398	0.00751
2	0.01220	0.01152	0.03538	0.17291	0.22690	0.09234	0.03828	0.01535	0.05349	0.07179	0.01453	0.07318	0.05076	0.03060	0.04296	0.00205	0.04030	0.00574	0.00321	0.00652
3	0.01229	0.00690	0.00979	0.00910	0.01115	0.00644	0.04601	0.01459	0.03678	0.24040	0.04949	0.21137	0.05897	0.03403	0.00675	0.00204	0.00424	0.22866	0.00510	0.00593
4	0.01142	0.01105	0.01927	0.34971	0.42365	0.01192	0.06935	0.01471	0.01113	0.01524	0.00949	0.01318	0.00757	0.00478	0.00517	0.00162	0.00659	0.00467	0.00244	0.00704
5	0.01617	0.01573	0.21754	0.01689	0.19123	0.05420	0.06682	0.07133	0.01347	0.26606	0.01308	0.01361	0.00911	0.00535	0.00510	0.00158	0.00625	0.00460	0.00386	0.00802
6	0.01689	0.02781	0.01470	0.11015	0.06659	0.00967	0.07671	0.07420	0.01336	0.36907	0.01524	0.03383	0.01107	0.04787	0.00652	0.00174	0.02726	0.00519	0.00454	0.06758

[dist]
# distance from previous block
# <min> <max>
4	8

[block]
# block no. 1 follows, 48 sequences, length 11
# corresponding to MSA columns:
# 597-607
name=unknown_B
#
# <colnr> <probs for GDERKNQSTAVLIFYWHMCP>
#	G	D	E	R	K	N	Q	S	T	A	V	L	I	F	Y	W	H	M	C	P
0	0.01085	0.00768	0.01108	0.07364	0.11546	0.00775	0.00797	0.01058	0.00923	0.01295	0.01147	0.01785	0.01081	0.04641	0.14111	0.40205	0.02887	0.00512	0.00296	0.06616
1	0.01121	0.06095	0.01282	0.01156	0.05498	0.00961	0.05651	0.06881	0.07090	0.01793	0.08817	0.11870	0.11409	0.02603	0.06472	0.00263	0.02983	0.16947	0.00467	0.00639
2	0.01325	0.14521	0.55515	0.05763	0.02164	0.01355	0.01659	0.01758	0.01196	0.07885	0.01122	0.01313	0.00843	0.00590	0.00529	0.00181	0.00739	0.00427	0.00302	0.00813
3	0.01209	0.01127	0.01881	0.53572	0.22086	0.01248	0.07554	0.01503	0.01168	0.01567	0.01080	0.01539	0.00862	0.00589	0.00581	0.00193	0.00724	0.00515	0.00288	0.00715
4	0.01352	0.01215	0.04097	0.01046	0.01458	0.06643	0.04688	0.06436	0.04686	0.04467	0.02715	0.01473	0.01069	0.00825	0.06864	0.00190	0.00601	0.00435	0.00382	0.49358
5	0.00895	0.00647	0.00723	0.00715	0.00863	0.00571	0.00521	0.00992	0.01238	0.04872	0.14299	0.06601	0.41448	0.14294	0.00996	0.00257	0.00380	0.08654	0.00514	0.00521
6	0.01287	0.01150	0.01154	0.01052	0.01225	0.11676	0.00792	0.07073	0.16783	0.01706	0.03557	0.02322	0.07275	0.13599	0.15197	0.00363	0.10633	0.00629	0.01883	0.00646
7	0.00813	0.00636	0.00695	0.00717	0.00858	0.00562	0.00518	0.00934	0.03420	0.01533	0.06209	0.20680	0.46876	0.06589	0.00809	0.00232	0.00356	0.06534	0.00514	0.00515
8	0.01993	0.01315	0.01456	0.01176	0.01560	0.01387	0.00940	0.40268	0.20493	0.20568	0.01760	0.01712	0.01267	0.00733	0.00577	0.00186	0.00544	0.00549	0.00588	0.00926
9	0.01337	0.00867	0.00855	0.00780	0.00979	0.04174	0.00590	0.10010	0.10469	0.04710	0.01776	0.01971	0.01391	0.00704	0.00470	0.00159	0.00385	0.00529	0.57186	0.00657
10	0.01280	0.01081	0.01150	0.01027	0.01313	0.01231	0.00798	0.08133	0.65525	0.02164	0.02045	0.06946	0.01613	0.00741	0.00527	0.00173	0.00410	0.00621	0.00514	0.02707

[dist]
# distance from previous block
# <min> <max>
0	1

[block]
# block no. 2 follows, 48 sequences, length 20
# corresponding to MSA columns:
# 609-628
name=unknown_C
#
# <colnr> <probs for GDERKNQSTAVLIFYWHMCP>
#	G	D	E	R	K	N	Q	S	T	A	V	L	I	F	Y	W	H	M	C	P
0	0.47639	0.00973	0.00948	0.02065	0.01160	0.01040	0.00653	0.08295	0.02787	0.18540	0.02646	0.04145	0.00957	0.00574	0.00406	0.00156	0.00417	0.00411	0.00414	0.05774
1	0.35513	0.06771	0.07065	0.00850	0.01245	0.01105	0.00756	0.03824	0.09614	0.11964	0.01102	0.01143	0.00820	0.00506	0.00396	0.00142	0.00443	0.00359	0.00370	0.16012
2	0.00639	0.00506	0.00571	0.00586	0.00716	0.00442	0.00425	0.00782	0.01183	0.01505	0.20307	0.19796	0.46092	0.03286	0.00665	0.00186	0.00269	0.01116	0.00491	0.00438
3	0.00814	0.00625	0.00788	0.00755	0.00790	0.00700	0.00540	0.00896	0.00900	0.01239	0.10923	0.03290	0.05170	0.44852	0.03345	0.00375	0.15096	0.08154	0.00348	0.00401
4	0.01192	0.28929	0.34218	0.01152	0.01722	0.04674	0.03248	0.01553	0.01085	0.01479	0.00848	0.00994	0.00677	0.00452	0.00417	0.00128	0.00629	0.00334	0.00237	0.16035
5	0.01235	0.01001	0.02797	0.00915	0.04136	0.00806	0.00715	0.06716	0.04186	0.07719	0.01067	0.01169	0.00838	0.00433	0.00412	0.00096	0.00415	0.00349	0.00349	0.64645
6	0.00820	0.00701	0.01225	0.01068	0.01237	0.00761	0.14492	0.01048	0.00895	0.01273	0.01313	0.01901	0.01191	0.03228	0.65527	0.00706	0.01282	0.00560	0.00272	0.00501
7	0.00782	0.00751	0.08719	0.00802	0.03760	0.00565	0.00643	0.00953	0.01198	0.01642	0.37843	0.04606	0.18087	0.01162	0.00845	0.15585	0.00350	0.00807	0.00437	0.00466
8	0.01150	0.00909	0.01073	0.00771	0.01223	0.00689	0.00618	0.01376	0.01092	0.07047	0.00989	0.01111	0.00795	0.00398	0.00389	0.00082	0.00384	0.00319	0.00327	0.79258
9	0.01064	0.00912	0.01064	0.00760	0.01216	0.00684	0.00608	0.01292	0.01064	0.01672	0.00912	0.01064	0.00760	0.00380	0.00380	0.00076	0.00380	0.00304	0.00304	0.85104
10	0.01051	0.02179	0.57179	0.01407	0.06604	0.01080	0.01589	0.01548	0.01084	0.01639	0.00922	0.01090	0.00684	0.00462	0.00465	0.00143	0.00665	0.00367	0.00238	0.19606
11	0.70401	0.01073	0.00897	0.00767	0.01101	0.01231	0.00632	0.15229	0.01153	0.02471	0.00808	0.00906	0.00613	0.00502	0.00353	0.00158	0.00427	0.00311	0.00353	0.00613
12	0.01316	0.67499	0.02394	0.00857	0.01299	0.01786	0.00829	0.01492	0.01046	0.01292	0.00749	0.00867	0.00677	0.00428	0.00338	0.00104	0.00518	0.00280	0.00235	0.15995
13	0.45765	0.00977	0.01046	0.15301	0.01564	0.01083	0.00785	0.06251	0.01132	0.20093	0.01087	0.01167	0.00765	0.00528	0.00411	0.00161	0.00468	0.00377	0.00387	0.00651
14	0.01100	0.01037	0.01750	0.38499	0.39647	0.01139	0.01441	0.01418	0.01120	0.01532	0.05608	0.01469	0.00996	0.00518	0.00516	0.00161	0.00622	0.00485	0.00261	0.00682
15	0.16378	0.00764	0.00905	0.00894	0.04030	0.00792	0.02301	0.09088	0.01190	0.06401	0.07876	0.23006	0.06362	0.09164	0.00775	0.00214	0.01719	0.07167	0.00433	0.00541
16	0.01658	0.01232	0.01339	0.01085	0.01418	0.01354	0.00872	0.57505	0.07923	0.02801	0.01587	0.15886	0.01384	0.00802	0.00540	0.00165	0.00504	0.00652	0.00507	0.00785
17	0.01363	0.01044	0.01449	0.01133	0.01471	0.01040	0.14552	0.23023	0.07179	0.09186	0.08926	0.08937	0.06768	0.02886	0.00601	0.00168	0.00503	0.00667	0.00453	0.08654
18	0.00709	0.00555	0.00671	0.00670	0.00820	0.00475	0.00480	0.00847	0.01083	0.01460	0.09753	0.41911	0.20870	0.01262	0.00589	0.00172	0.00299	0.01113	0.00453	0.15807
19	0.01608	0.01277	0.01364	0.01099	0.02795	0.04334	0.00873	0.39465	0.15831	0.04054	0.01302	0.01317	0.00970	0.00577	0.00504	0.00141	0.01934	0.00444	0.00451	0.19663

[dist]
# distance from previous block
# <min> <max>
3	7

[block]
# block no. 3 follows, 48 sequences, length 21
# corresponding to MSA columns:
# 636-652,656,657,661,662
name=unknown_D
#
# <colnr> <probs for GDERKNQSTAVLIFYWHMCP>
#	G	D	E	R	K	N	Q	S	T	A	V	L	I	F	Y	W	H	M	C	P
0	0.00996	0.00764	0.00852	0.00834	0.00993	0.04714	0.00636	0.02655	0.16267	0.06260	0.17002	0.19359	0.06968	0.05275	0.03538	0.00223	0.00424	0.11198	0.00485	0.00556
1	0.01126	0.08678	0.48581	0.03168	0.04407	0.03797	0.08798	0.04799	0.02614	0.01648	0.02808	0.05276	0.00931	0.00558	0.00499	0.00160	0.00701	0.00469	0.00263	0.00718
2	0.03642	0.03580	0.01558	0.17134	0.11167	0.01001	0.14960	0.04460	0.01055	0.01461	0.01239	0.06768	0.01197	0.21653	0.01084	0.00249	0.02042	0.00602	0.00292	0.04856
3	0.00740	0.00507	0.00658	0.00708	0.00801	0.00467	0.00516	0.00890	0.01159	0.04839	0.21387	0.42805	0.12196	0.01376	0.00637	0.00194	0.00304	0.08852	0.00504	0.00460
4	0.01283	0.01514	0.19800	0.11076	0.32343	0.01203	0.08583	0.05890	0.04752	0.06972	0.01094	0.01308	0.00826	0.00500	0.00514	0.00160	0.00653	0.00463	0.00296	0.00769
5	0.04054	0.08001	0.08482	0.02326	0.39715	0.03894	0.16524	0.01630	0.01158	0.04917	0.00976	0.01230	0.00781	0.00480	0.00548	0.00156	0.03653	0.00458	0.00267	0.00749
6	0.03526	0.01134	0.01700	0.02106	0.39496	0.03023	0.07325	0.07344	0.10610	0.02988	0.06695	0.04979	0.01321	0.00599	0.00517	0.00158	0.00544	0.00554	0.04643	0.00739
7	0.29175	0.01052	0.01156	0.01074	0.07534	0.01123	0.00798	0.17841	0.07562	0.18986	0.04801	0.01561	0.01163	0.00618	0.00462	0.00162	0.00455	0.03296	0.00456	0.00727
8	0.01448	0.07623	0.01645	0.05445	0.29635	0.01086	0.03539	0.05552	0.04563	0.19439	0.08564	0.01775	0.03113	0.03620	0.00589	0.00167	0.00520	0.00535	0.00398	0.00744
9	0.01744	0.01291	0.01403	0.01107	0.01461	0.01432	0.00900	0.62335	0.06213	0.02876	0.01312	0.01459	0.01002	0.05741	0.07099	0.00230	0.00618	0.00492	0.00482	0.00802
10	0.00958	0.00872	0.01541	0.01290	0.01539	0.00867	0.25627	0.01341	0.08543	0.01557	0.04385	0.11757	0.01952	0.02844	0.10579	0.01847	0.00680	0.20880	0.00379	0.00562
11	0.00842	0.00616	0.00760	0.00825	0.00922	0.02996	0.00630	0.01068	0.06412	0.03609	0.08239	0.37313	0.02948	0.01394	0.00730	0.05275	0.00387	0.24093	0.00468	0.00473
12	0.02081	0.04090	0.01416	0.01054	0.01429	0.05392	0.04688	0.10595	0.01503	0.54867	0.01688	0.01553	0.01109	0.00625	0.00580	0.00160	0.05316	0.00491	0.00542	0.00822
13	0.00723	0.00596	0.00795	0.00868	0.07147	0.00542	0.03070	0.00899	0.01201	0.01568	0.22126	0.17800	0.34473	0.02515	0.00643	0.00182	0.00322	0.03579	0.00470	0.00482
14	0.00993	0.00937	0.01583	0.74512	0.09567	0.01146	0.01437	0.01332	0.01037	0.01340	0.00916	0.01360	0.00694	0.00509	0.00513	0.00170	0.00678	0.00456	0.00230	0.00589
15	0.01254	0.01221	0.02139	0.06026	0.69710	0.01223	0.07696	0.01570	0.01166	0.01660	0.00969	0.01283	0.00805	0.00457	0.00516	0.00155	0.00633	0.00469	0.00253	0.00794
16	0.00626	0.00516	0.00550	0.00551	0.00707	0.00440	0.00409	0.00771	0.01202	0.01485	0.16315	0.09348	0.62747	0.01279	0.00609	0.00174	0.00259	0.01082	0.00490	0.00440
17	0.03069	0.01089	0.01773	0.32048	0.42462	0.01193	0.01433	0.01568	0.07345	0.01592	0.01031	0.01349	0.00820	0.00498	0.00507	0.00161	0.00616	0.00463	0.00267	0.00716
18	0.01447	0.15278	0.19055	0.01487	0.07207	0.14178	0.12311	0.15624	0.03736	0.01813	0.01015	0.01220	0.00799	0.00525	0.00486	0.00150	0.00704	0.01937	0.00303	0.00726
19	0.00791	0.00594	0.00792	0.00765	0.00808	0.00687	0.00551	0.00890	0.00794	0.01133	0.01402	0.02475	0.01458	0.36484	0.35697	0.00595	0.10447	0.00619	0.02611	0.00409
20	0.01237	0.55216	0.25012	0.01041	0.01555	0.01711	0.01157	0.01525	0.01052	0.01334	0.00871	0.04615	0.00782	0.00507	0.00391	0.00130	0.00599	0.00359	0.00230	0.00677

[dist]
# distance from previous block
# <min> <max>
0	1

[block]
# block no. 4 follows, 48 sequences, length 23
# corresponding to MSA columns:
# 664-686
name=unknown_E
#
# <colnr> <probs for GDERKNQSTAVLIFYWHMCP>
#	G	D	E	R	K	N	Q	S	T	A	V	L	I	F	Y	W	H	M	C	P
0	0.03368	0.35353	0.20764	0.01130	0.01584	0.21033	0.01133	0.01729	0.05155	0.01397	0.00900	0.02678	0.00760	0.00512	0.00417	0.00135	0.00677	0.00355	0.00253	0.00667
1	0.00745	0.00501	0.00578	0.00578	0.00585	0.00507	0.00334	0.00758	0.00752	0.01009	0.01600	0.03264	0.01825	0.76515	0.08009	0.00520	0.00559	0.00732	0.00308	0.00321
2	0.01510	0.18510	0.10993	0.04279	0.09428	0.10115	0.01127	0.22853	0.10602	0.01992	0.01087	0.01182	0.00842	0.00551	0.00498	0.00148	0.02774	0.00412	0.00346	0.00751
3	0.01298	0.00978	0.01107	0.04661	0.01320	0.01037	0.00753	0.15613	0.28922	0.07731	0.09072	0.04260	0.06925	0.04674	0.00623	0.00174	0.00424	0.00618	0.00482	0.09327
4	0.01380	0.11314	0.01794	0.03297	0.35390	0.01275	0.01157	0.12336	0.06787	0.05558	0.02920	0.01327	0.00965	0.00556	0.00542	0.02481	0.02019	0.00444	0.00334	0.08125
5	0.03417	0.22244	0.14203	0.01018	0.01406	0.04363	0.00965	0.07110	0.21842	0.04210	0.06659	0.01622	0.03056	0.02861	0.02748	0.00178	0.00547	0.00480	0.00372	0.00701
6	0.00745	0.00499	0.00567	0.00564	0.00571	0.00497	0.00321	0.00758	0.00785	0.01054	0.05878	0.03384	0.02030	0.77482	0.02500	0.00479	0.00483	0.00756	0.00325	0.00321
7	0.03267	0.00843	0.02870	0.06385	0.01312	0.00726	0.00714	0.01726	0.03387	0.31899	0.05651	0.07793	0.05056	0.00686	0.00489	0.00143	0.00405	0.00573	0.06230	0.19846
8	0.07490	0.01693	0.32449	0.01405	0.07504	0.01131	0.08452	0.08229	0.08010	0.07663	0.06047	0.02841	0.01144	0.01612	0.00557	0.01601	0.00610	0.00493	0.00343	0.00727
9	0.01131	0.03741	0.17601	0.05234	0.22056	0.06617	0.11987	0.01482	0.03044	0.01526	0.01358	0.08821	0.04411	0.02997	0.00647	0.00177	0.04415	0.01798	0.00286	0.00670
10	0.04225	0.00838	0.01117	0.00883	0.01238	0.00742	0.00719	0.03697	0.01437	0.65994	0.06270	0.07405	0.01590	0.00721	0.00526	0.00162	0.00418	0.00597	0.00610	0.00812
11	0.01203	0.01396	0.08488	0.01873	0.05754	0.04667	0.48576	0.01564	0.01163	0.04064	0.01191	0.09059	0.01025	0.00598	0.00670	0.00176	0.06944	0.00636	0.00286	0.00668
12	0.01276	0.28564	0.31781	0.01403	0.05239	0.10544	0.09741	0.01637	0.01125	0.01442	0.00848	0.01022	0.00676	0.00477	0.00470	0.00144	0.02315	0.00369	0.00230	0.00698
13	0.00616	0.00517	0.00534	0.00536	0.00700	0.00436	0.00400	0.00752	0.01182	0.01430	0.10221	0.07881	0.70453	0.01294	0.00608	0.00174	0.00260	0.01087	0.00483	0.00436
14	0.00737	0.00535	0.00750	0.00750	0.00816	0.00601	0.00549	0.00868	0.00803	0.01136	0.01442	0.02393	0.01446	0.25792	0.58214	0.00733	0.01128	0.00605	0.00285	0.00417
15	0.00744	0.00652	0.00865	0.03550	0.11917	0.00596	0.02639	0.00926	0.01192	0.01512	0.13361	0.07747	0.50177	0.01115	0.00592	0.00170	0.00339	0.00960	0.00442	0.00504
16	0.01308	0.15249	0.25945	0.01920	0.26252	0.06912	0.07911	0.01672	0.01161	0.05618	0.00959	0.01148	0.00747	0.00476	0.00477	0.00149	0.00680	0.00409	0.00258	0.00748
17	0.02074	0.00899	0.01174	0.00925	0.01291	0.00825	0.00760	0.08572	0.05117	0.61650	0.07044	0.01977	0.01540	0.00688	0.00528	0.00162	0.00434	0.02898	0.00610	0.00832
18	0.01136	0.01154	0.01628	0.01377	0.01415	0.03495	0.05306	0.01269	0.00827	0.01257	0.00717	0.01158	0.00697	0.00948	0.03847	0.00237	0.72281	0.00458	0.00229	0.00566
19	0.02404	0.05792	0.27353	0.03629	0.08366	0.12392	0.09643	0.05418	0.05883	0.06945	0.01193	0.04998	0.00963	0.00583	0.00507	0.00160	0.00685	0.02059	0.00312	0.00715
20	0.01613	0.00809	0.01018	0.00855	0.01116	0.02582	0.01941	0.06264	0.02652	0.37991	0.01949	0.10827	0.03149	0.04784	0.06039	0.00221	0.02197	0.00635	0.12675	0.00684
21	0.00661	0.00478	0.00633	0.00743	0.00800	0.00450	0.00535	0.00781	0.01032	0.01357	0.02974	0.62156	0.08610	0.01551	0.00661	0.00211	0.00327	0.15134	0.00476	0.00428
22	0.01603	0.00971	0.02719	0.00974	0.01285	0.05500	0.05727	0.02018	0.12908	0.34327	0.10403	0.02256	0.03857	0.00728	0.00529	0.00162	0.00454	0.04963	0.07896	0.00720

[dist]
# distance from previous block
# <min> <max>
0	3

[block]
# block no. 5 follows, 48 sequences, length 49
# corresponding to MSA columns:
# 690-710,716,717,720-745
name=unknown_F
#
# <colnr> <probs for GDERKNQSTAVLIFYWHMCP>
#	G	D	E	R	K	N	Q	S	T	A	V	L	I	F	Y	W	H	M	C	P
0	0.06638	0.01156	0.01565	0.05758	0.34534	0.07212	0.03498	0.08593	0.01180	0.01655	0.01079	0.01621	0.00984	0.15820	0.02739	0.00236	0.04286	0.00497	0.00292	0.00656
1	0.01620	0.45871	0.02126	0.01080	0.01440	0.37545	0.00930	0.01770	0.01230	0.01229	0.00750	0.00870	0.00660	0.00480	0.00390	0.00120	0.00720	0.00300	0.00240	0.00629
2	0.01184	0.01208	0.06040	0.11143	0.44159	0.01188	0.05605	0.03285	0.01113	0.01589	0.00948	0.01285	0.00791	0.00654	0.03281	0.02551	0.08300	0.00455	0.00255	0.04964
3	0.01180	0.31695	0.12521	0.03217	0.05116	0.02961	0.09304	0.01476	0.03518	0.01382	0.01812	0.04341	0.00913	0.00846	0.07052	0.00207	0.11113	0.00447	0.00255	0.00644
4	0.01213	0.01326	0.11541	0.18064	0.36498	0.04357	0.04220	0.01583	0.03690	0.05381	0.02926	0.02987	0.02851	0.00547	0.00516	0.00160	0.00628	0.00500	0.00289	0.00722
5	0.00623	0.00455	0.00586	0.00691	0.00738	0.00419	0.00466	0.00717	0.01005	0.01319	0.03110	0.72494	0.12350	0.01571	0.00649	0.00204	0.00293	0.01414	0.00476	0.00419
6	0.01046	0.00974	0.01404	0.22027	0.01846	0.01247	0.02589	0.05028	0.03123	0.01395	0.01243	0.09820	0.04100	0.03415	0.01144	0.00209	0.37945	0.00598	0.00288	0.00561
7	0.01305	0.08437	0.30173	0.01389	0.04480	0.01327	0.09178	0.16899	0.10569	0.03307	0.01227	0.05187	0.00970	0.00595	0.00536	0.00162	0.02671	0.00495	0.00339	0.00755
8	0.00687	0.00494	0.00650	0.00715	0.00772	0.00495	0.00498	0.00830	0.02632	0.01328	0.05425	0.48093	0.05335	0.08781	0.17610	0.00357	0.00540	0.01121	0.03207	0.00430
9	0.00724	0.00524	0.00682	0.00643	0.00765	0.00483	0.00482	0.00963	0.01446	0.02043	0.76933	0.03856	0.06413	0.01054	0.00605	0.00162	0.00242	0.00931	0.00563	0.00483
10	0.01292	0.01110	0.01169	0.01047	0.01340	0.01284	0.00816	0.04441	0.76100	0.02172	0.02069	0.01899	0.01550	0.00694	0.00522	0.00174	0.00410	0.00577	0.00522	0.00814
11	0.01029	0.02654	0.79309	0.01462	0.02221	0.01192	0.01896	0.01625	0.01083	0.01625	0.00921	0.01083	0.00650	0.00487	0.00487	0.00162	0.00758	0.00379	0.00217	0.00758
12	0.01161	0.01054	0.01584	0.39715	0.20778	0.03965	0.01300	0.05234	0.02996	0.03961	0.01111	0.06735	0.00945	0.00616	0.00607	0.00171	0.06608	0.00524	0.00286	0.00648
13	0.01630	0.00680	0.00846	0.00704	0.00964	0.00618	0.00563	0.01849	0.01288	0.41024	0.04490	0.01895	0.01413	0.00632	0.00447	0.00141	0.00339	0.00513	0.39284	0.00679
14	0.00729	0.00539	0.00763	0.00763	0.00842	0.00606	0.00570	0.00877	0.00828	0.01166	0.01609	0.02399	0.05271	0.17503	0.62303	0.00734	0.01164	0.00611	0.00291	0.00431
15	0.01086	0.00895	0.01056	0.00773	0.01211	0.00681	0.00623	0.01313	0.01081	0.03770	0.01033	0.01320	0.00884	0.00439	0.00400	0.00086	0.00386	0.04081	0.00321	0.78559
16	0.01078	0.17298	0.57894	0.01369	0.04598	0.01304	0.01614	0.01555	0.01073	0.01531	0.00993	0.05648	0.00814	0.00541	0.00468	0.00155	0.00688	0.00424	0.00233	0.00722
17	0.00768	0.00563	0.00743	0.00821	0.00941	0.00543	0.00687	0.00975	0.01189	0.01546	0.11657	0.08665	0.15546	0.03554	0.00730	0.00223	0.00405	0.49503	0.00479	0.00461
18	0.00874	0.00688	0.00886	0.08298	0.01218	0.00722	0.00732	0.01341	0.15540	0.01795	0.28393	0.03927	0.08510	0.01065	0.00613	0.00189	0.00386	0.23786	0.00491	0.00546
19	0.01163	0.03096	0.05505	0.16521	0.01731	0.02387	0.02446	0.05143	0.04492	0.05322	0.01012	0.01457	0.00870	0.00961	0.03066	0.13162	0.28232	0.02589	0.00283	0.00565
20	0.29464	0.12095	0.01378	0.01097	0.04023	0.38869	0.00838	0.01750	0.01186	0.01612	0.00821	0.03194	0.00709	0.00528	0.00405	0.00141	0.00673	0.00342	0.00282	0.00593
21	0.00952	0.00881	0.00793	0.00769	0.00919	0.13861	0.00568	0.03194	0.04468	0.01589	0.20263	0.15612	0.20599	0.06505	0.00712	0.00190	0.00410	0.03445	0.03775	0.00492
22	0.03186	0.01168	0.07205	0.19706	0.25012	0.06376	0.02545	0.01480	0.04087	0.04407	0.02783	0.07135	0.02767	0.00821	0.04371	0.00200	0.00638	0.05147	0.00312	0.00654
23	0.01152	0.14551	0.03534	0.02984	0.01242	0.20757	0.00817	0.01319	0.01058	0.01247	0.01295	0.11020	0.01291	0.03817	0.26273	0.00379	0.03425	0.03018	0.00290	0.00532
24	0.01236	0.01172	0.01981	0.08206	0.69209	0.01198	0.01513	0.01536	0.01146	0.01649	0.00978	0.01294	0.00817	0.00477	0.00533	0.00154	0.02622	0.00458	0.03042	0.00779
25	0.01276	0.01102	0.01160	0.01044	0.01334	0.01276	0.00812	0.02727	0.77840	0.02146	0.02088	0.01914	0.01566	0.00696	0.00522	0.00174	0.00406	0.00580	0.00522	0.00812
26	0.00667	0.00522	0.00601	0.00622	0.00746	0.00473	0.00452	0.00850	0.03693	0.01513	0.18664	0.23911	0.38142	0.04124	0.00688	0.00193	0.00284	0.02915	0.00489	0.00448
27	0.00997	0.02933	0.01538	0.54534	0.02795	0.01214	0.02576	0.01277	0.00999	0.01332	0.04371	0.01495	0.02725	0.00637	0.00774	0.00181	0.18322	0.00488	0.00248	0.00565
28	0.00891	0.00446	0.00668	0.00668	0.00668	0.00446	0.00446	0.00668	0.00668	0.00891	0.00891	0.01560	0.00891	0.01783	0.02005	0.85071	0.00446	0.00446	0.00223	0.00223
29	0.02966	0.01376	0.07390	0.11368	0.34270	0.04421	0.13500	0.11113	0.05237	0.01840	0.01047	0.01292	0.00816	0.00497	0.00519	0.00159	0.00662	0.00474	0.00297	0.00755
30	0.00745	0.00498	0.00578	0.00592	0.00600	0.00496	0.00351	0.00758	0.00782	0.01041	0.01738	0.08707	0.02001	0.70664	0.02370	0.02378	0.00482	0.04566	0.00328	0.00324
31	0.00681	0.00526	0.00680	0.00695	0.00808	0.00481	0.02412	0.00857	0.02156	0.01570	0.24699	0.33146	0.23367	0.01320	0.00628	0.00186	0.00296	0.04541	0.00496	0.00455
32	0.04962	0.05273	0.48303	0.01860	0.20315	0.01238	0.07720	0.01606	0.01103	0.01653	0.00923	0.01130	0.00695	0.00473	0.00488	0.00159	0.00707	0.00407	0.00234	0.00753
33	0.01854	0.01465	0.03388	0.01168	0.01558	0.05577	0.00970	0.64931	0.05696	0.02950	0.01227	0.01256	0.00889	0.00658	0.00569	0.03499	0.00576	0.00458	0.00482	0.00827
34	0.00634	0.00470	0.00593	0.00677	0.00744	0.00429	0.00468	0.00746	0.01058	0.01384	0.08659	0.58968	0.18428	0.01502	0.00643	0.00199	0.00291	0.03202	0.00483	0.00426
35	0.01057	0.02515	0.71906	0.01469	0.02192	0.01192	0.05254	0.03761	0.01135	0.01681	0.02626	0.01161	0.00754	0.00501	0.00496	0.00163	0.00746	0.00404	0.00235	0.00753
36	0.01094	0.00904	0.01109	0.02804	0.05661	0.00713	0.00678	0.01321	0.01085	0.04508	0.01132	0.03466	0.03071	0.00457	0.00410	0.00092	0.00397	0.00379	0.00321	0.70398
37	0.01266	0.00920	0.01095	0.00793	0.01239	0.00718	0.00639	0.03454	0.01158	0.12902	0.01081	0.01167	0.00837	0.00423	0.00403	0.00090	0.00393	0.00339	0.00357	0.70727
38	0.01070	0.01028	0.01769	0.52814	0.24565	0.01182	0.05345	0.01400	0.01069	0.01429	0.00927	0.01335	0.00725	0.00503	0.00547	0.00167	0.02779	0.00464	0.00237	0.00644
39	0.00740	0.00536	0.00667	0.00648	0.00775	0.00494	0.00483	0.00962	0.02758	0.03238	0.50647	0.10020	0.17828	0.04324	0.00689	0.00183	0.00275	0.03728	0.00529	0.00476
40	0.00746	0.00547	0.00702	0.00659	0.00788	0.00514	0.00495	0.01034	0.04456	0.02050	0.74249	0.03776	0.05957	0.01039	0.00602	0.00162	0.00249	0.00917	0.00562	0.00496
41	0.01112	0.01136	0.01812	0.04247	0.01658	0.01450	0.16003	0.01294	0.00887	0.01321	0.00852	0.04849	0.00818	0.00825	0.01384	0.00212	0.58790	0.00526	0.00243	0.00581
42	0.01403	0.00681	0.00896	0.00773	0.01020	0.00605	0.00621	0.01611	0.01396	0.35345	0.28381	0.03260	0.12951	0.00938	0.00576	0.00169	0.00351	0.07802	0.00575	0.00645
43	0.01018	0.00938	0.01539	0.76734	0.03436	0.01163	0.01402	0.05120	0.01096	0.01408	0.00928	0.01361	0.00693	0.00518	0.00513	0.00170	0.00678	0.00456	0.00242	0.00585
44	0.00993	0.00569	0.00631	0.00597	0.00733	0.00590	0.00457	0.01305	0.06199	0.04615	0.14663	0.02197	0.01898	0.00695	0.00475	0.00136	0.03817	0.00561	0.58349	0.00519
45	0.04259	0.01184	0.05193	0.01046	0.01391	0.04029	0.03235	0.06921	0.41563	0.05899	0.01695	0.01812	0.01322	0.02165	0.00540	0.00164	0.00470	0.03907	0.00449	0.12755
46	0.04140	0.40042	0.14941	0.01048	0.01511	0.05754	0.01044	0.13691	0.05312	0.01711	0.00917	0.01010	0.00741	0.00497	0.00420	0.00131	0.01498	0.00344	0.00292	0.04956
47	0.00770	0.00540	0.00697	0.00725	0.00848	0.00501	0.00567	0.00963	0.01251	0.04362	0.30063	0.17909	0.16608	0.01272	0.00638	0.00191	0.00323	0.20785	0.00512	0.00474
48	0.00667	0.00535	0.00605	0.00606	0.00762	0.00463	0.00458	0.00825	0.01196	0.01524	0.17911	0.13230	0.47771	0.01255	0.00609	0.00175	0.00281	0.06344	0.00484	0.04299

[dist]
# distance from previous block
# <min> <max>
0	1

[block]
# block no. 6 follows, 48 sequences, length 16
# corresponding to MSA columns:
# 747-762
name=unknown_G
#
# <colnr> <probs for GDERKNQSTAVLIFYWHMCP>
#	G	D	E	R	K	N	Q	S	T	A	V	L	I	F	Y	W	H	M	C	P
0	0.01247	0.01373	0.07913	0.08817	0.54302	0.04336	0.11339	0.01586	0.01168	0.01623	0.00960	0.01265	0.00780	0.00463	0.00518	0.00156	0.00672	0.00465	0.00250	0.00766
1	0.29373	0.18000	0.23970	0.01003	0.01459	0.04593	0.01045	0.05586	0.03406	0.01821	0.00891	0.01087	0.00721	0.04522	0.00505	0.00166	0.00568	0.00351	0.00283	0.00649
2	0.06019	0.02269	0.01396	0.01261	0.01529	0.70273	0.00952	0.04844	0.01462	0.01411	0.03497	0.01033	0.00809	0.00547	0.00462	0.00135	0.00862	0.00354	0.00287	0.00600
3	0.00735	0.00664	0.04602	0.00769	0.00915	0.00566	0.02260	0.00998	0.06590	0.01543	0.15673	0.33523	0.19092	0.03075	0.00665	0.00196	0.00341	0.06836	0.00473	0.00484
4	0.00740	0.00522	0.00685	0.00685	0.00728	0.00565	0.00467	0.00827	0.00783	0.01088	0.01502	0.02724	0.01590	0.45070	0.39133	0.00652	0.00912	0.00653	0.00294	0.00380
5	0.47406	0.00964	0.00971	0.00797	0.01151	0.01009	0.00657	0.05476	0.01191	0.33931	0.01277	0.01228	0.00864	0.00548	0.00408	0.00159	0.00421	0.00384	0.00457	0.00701
6	0.01211	0.01384	0.03028	0.02163	0.02682	0.01298	0.76903	0.01644	0.01211	0.01644	0.01038	0.01384	0.00779	0.00433	0.00606	0.00173	0.00865	0.00606	0.00260	0.00692
7	0.00763	0.00547	0.00678	0.00640	0.00783	0.00501	0.00482	0.01008	0.03368	0.04336	0.57041	0.06014	0.19731	0.01093	0.00602	0.00165	0.00258	0.00952	0.00545	0.00493
8	0.01276	0.01102	0.01160	0.01044	0.01334	0.01276	0.00812	0.02727	0.77840	0.02146	0.02088	0.01914	0.01566	0.00696	0.00522	0.00174	0.00406	0.00580	0.00522	0.00812
9	0.00811	0.00541	0.00705	0.00660	0.00795	0.00495	0.00496	0.01038	0.01417	0.06654	0.66877	0.07823	0.07599	0.01064	0.00602	0.00164	0.00257	0.00937	0.00561	0.00502
10	0.00969	0.00912	0.01539	0.80734	0.03534	0.01140	0.01425	0.01311	0.01026	0.01311	0.00912	0.01368	0.00684	0.00513	0.00513	0.00171	0.00684	0.00456	0.00228	0.00570
11	0.00769	0.00530	0.00664	0.00718	0.00765	0.00527	0.00520	0.00865	0.00929	0.01224	0.02123	0.09796	0.02389	0.45469	0.01745	0.00377	0.00474	0.29350	0.00384	0.00380
12	0.01123	0.01123	0.01572	0.01347	0.01347	0.01572	0.01123	0.01235	0.00786	0.01235	0.00674	0.01123	0.00674	0.00898	0.01684	0.00225	0.81028	0.00449	0.00225	0.00561
13	0.01505	0.01253	0.01287	0.01096	0.01422	0.04175	0.00868	0.25427	0.52057	0.02447	0.01780	0.01670	0.01322	0.00666	0.00517	0.00166	0.00473	0.00535	0.00510	0.00823
14	0.01146	0.01195	0.02338	0.27673	0.19909	0.01229	0.35824	0.01521	0.01142	0.01544	0.00981	0.01353	0.00756	0.00464	0.00554	0.00168	0.00750	0.00524	0.00248	0.00680
15	0.01211	0.01384	0.03028	0.02163	0.02682	0.01298	0.76903	0.01644	0.01211	0.01644	0.01038	0.01384	0.00779	0.00433	0.00606	0.00173	0.00865	0.00606	0.00260	0.00692

[dist]
# distance from previous block
# <min> <max>
0	3

[block]
# block no. 7 follows, 48 sequences, length 16
# corresponding to MSA columns:
# 766-781
name=unknown_H
#
# <colnr> <probs for GDERKNQSTAVLIFYWHMCP>
#	G	D	E	R	K	N	Q	S	T	A	V	L	I	F	Y	W	H	M	C	P
0	0.01091	0.00919	0.01086	0.01081	0.06761	0.00984	0.02528	0.07892	0.34610	0.01915	0.04262	0.08094	0.18447	0.00926	0.00567	0.00178	0.00408	0.07101	0.00480	0.00670
1	0.00625	0.00447	0.00595	0.00714	0.00744	0.00417	0.00476	0.00714	0.00982	0.01310	0.02828	0.81633	0.03394	0.01608	0.00655	0.00208	0.00298	0.01459	0.00476	0.00417
2	0.02154	0.00872	0.01153	0.00902	0.01277	0.00782	0.00739	0.02454	0.07536	0.69176	0.02012	0.01768	0.01296	0.00638	0.00509	0.00158	0.00424	0.00519	0.04781	0.00849
3	0.00634	0.00515	0.00563	0.00563	0.00713	0.00443	0.00418	0.00786	0.01217	0.01528	0.21177	0.10940	0.56172	0.01269	0.00610	0.00174	0.00259	0.01079	0.00496	0.00443
4	0.00733	0.00550	0.00825	0.00825	0.00916	0.00641	0.00641	0.00916	0.00825	0.01191	0.01374	0.02016	0.01283	0.03848	0.79934	0.00825	0.01374	0.00550	0.00275	0.00458
5	0.01372	0.82276	0.02689	0.00878	0.01317	0.02030	0.00878	0.01536	0.01043	0.01207	0.00713	0.00823	0.00658	0.00439	0.00329	0.00110	0.00549	0.00274	0.00219	0.00658
6	0.00980	0.00933	0.01605	0.77263	0.03496	0.01147	0.04760	0.01326	0.01034	0.01326	0.00918	0.01369	0.00688	0.00509	0.00517	0.00171	0.00692	0.00463	0.00229	0.00575
7	0.00746	0.00497	0.00560	0.00560	0.00560	0.00497	0.00311	0.00746	0.00746	0.00995	0.01617	0.03358	0.01865	0.81967	0.02612	0.00497	0.00497	0.00746	0.00311	0.00311
8	0.85592	0.00992	0.00754	0.00675	0.00992	0.01151	0.00556	0.01508	0.00873	0.02302	0.00714	0.00834	0.00556	0.00476	0.00318	0.00159	0.00397	0.00278	0.00318	0.00556
9	0.00969	0.00912	0.01539	0.80734	0.03534	0.01140	0.01425	0.01311	0.01026	0.01311	0.00912	0.01368	0.00684	0.00513	0.00513	0.00171	0.00684	0.00456	0.00228	0.00570
10	0.00634	0.00458	0.00600	0.00698	0.00744	0.00424	0.00473	0.00739	0.01036	0.01384	0.10008	0.70417	0.07408	0.01540	0.00648	0.00202	0.00291	0.01390	0.00485	0.00424
11	0.00793	0.00616	0.02876	0.00883	0.01005	0.00568	0.00757	0.01008	0.01143	0.01507	0.04464	0.16540	0.05837	0.03247	0.00725	0.00229	0.00437	0.54559	0.02339	0.00467
12	0.00885	0.00762	0.01127	0.01021	0.01099	0.00920	0.05418	0.01044	0.00907	0.01323	0.05200	0.12403	0.01609	0.06992	0.24910	0.00410	0.26111	0.03348	0.04020	0.00493
13	0.85592	0.00992	0.00754	0.00675	0.00992	0.01151	0.00556	0.01508	0.00873	0.02302	0.00714	0.00834	0.00556	0.00476	0.00318	0.00159	0.00397	0.00278	0.00318	0.00556
14	0.04705	0.07659	0.01656	0.01186	0.01585	0.04317	0.06414	0.54610	0.02044	0.05438	0.01212	0.01314	0.00897	0.00598	0.00498	0.00152	0.00579	0.01998	0.02332	0.00805
15	0.01059	0.07456	0.71778	0.01489	0.05000	0.01244	0.01822	0.01618	0.01084	0.01601	0.00910	0.01074	0.00657	0.00483	0.00479	0.00159	0.00740	0.00376	0.00218	0.00754

[dist]
# distance from previous block
# <min> <max>
0	1

[block]
# block no. 8 follows, 48 sequences, length 55
# corresponding to MSA columns:
# 783-822,828,830-843
name=unknown_I
#
# <colnr> <probs for GDERKNQSTAVLIFYWHMCP>
#	G	D	E	R	K	N	Q	S	T	A	V	L	I	F	Y	W	H	M	C	P
0	0.00778	0.02005	0.08239	0.00783	0.00974	0.00618	0.01968	0.02970	0.03337	0.01678	0.27492	0.22819	0.17363	0.02628	0.00639	0.00184	0.00351	0.04195	0.00472	0.00506
1	0.01349	0.00919	0.02817	0.03051	0.05316	0.00780	0.00746	0.01700	0.08515	0.20911	0.10057	0.03624	0.01484	0.00588	0.00472	0.00127	0.00407	0.00495	0.00434	0.36207
2	0.01237	0.01186	0.02024	0.11578	0.70594	0.01211	0.01558	0.01546	0.01153	0.01637	0.00959	0.01281	0.00799	0.00463	0.00509	0.00154	0.00618	0.00457	0.00251	0.00786
3	0.01372	0.82276	0.02689	0.00878	0.01317	0.02030	0.00878	0.01536	0.01043	0.01207	0.00713	0.00823	0.00658	0.00439	0.00329	0.00110	0.00549	0.00274	0.00219	0.00658
4	0.00746	0.00521	0.00668	0.00631	0.00752	0.00484	0.00474	0.00987	0.01421	0.02045	0.72027	0.03671	0.04544	0.01011	0.00584	0.00158	0.00242	0.00890	0.07660	0.00484
5	0.00628	0.00451	0.00596	0.00708	0.00744	0.00419	0.00474	0.00722	0.01000	0.01333	0.05020	0.77528	0.05308	0.01584	0.00652	0.00206	0.00295	0.01434	0.00479	0.00419
6	0.01047	0.06863	0.75259	0.01432	0.02173	0.01236	0.01842	0.01620	0.01081	0.01603	0.00910	0.01070	0.00650	0.00485	0.00479	0.00160	0.00747	0.00374	0.00217	0.00753
7	0.00733	0.00550	0.00825	0.00825	0.00916	0.00641	0.00641	0.00916	0.00825	0.01191	0.01374	0.02016	0.01283	0.03848	0.79934	0.00825	0.01374	0.00550	0.00275	0.00458
8	0.00695	0.00517	0.00648	0.00638	0.00758	0.00470	0.00475	0.00898	0.01338	0.01830	0.53818	0.12785	0.18770	0.01170	0.00614	0.00171	0.00258	0.03146	0.00535	0.00467
9	0.00726	0.00524	0.00686	0.00646	0.00767	0.00484	0.00484	0.00968	0.01452	0.02058	0.78496	0.03833	0.04841	0.01049	0.00605	0.00161	0.00242	0.00928	0.00565	0.00484
10	0.00744	0.00503	0.00575	0.00584	0.00597	0.00499	0.00347	0.00764	0.00790	0.01045	0.01819	0.05082	0.04390	0.73075	0.02397	0.00466	0.00485	0.05181	0.00329	0.00326
11	0.01029	0.02654	0.79309	0.01462	0.02221	0.01192	0.01896	0.01625	0.01083	0.01625	0.00921	0.01083	0.00650	0.00487	0.00487	0.00162	0.00758	0.00379	0.00217	0.00758
12	0.01225	0.01199	0.01920	0.22167	0.56726	0.04787	0.01511	0.01531	0.01146	0.01567	0.00944	0.01278	0.00774	0.00474	0.00507	0.00156	0.00642	0.00451	0.00248	0.00743
13	0.01112	0.01105	0.01561	0.01329	0.01354	0.01515	0.02387	0.01235	0.00803	0.01254	0.00706	0.01149	0.00694	0.00953	0.03720	0.00235	0.75027	0.00450	0.00229	0.03182
14	0.00628	0.00467	0.00583	0.00672	0.00736	0.00426	0.00460	0.00730	0.01031	0.01337	0.04545	0.60990	0.19968	0.02798	0.00675	0.00205	0.00294	0.02560	0.00475	0.00421
15	0.01511	0.00915	0.01088	0.00895	0.01188	0.00916	0.00721	0.22639	0.06287	0.22132	0.24148	0.02521	0.06247	0.00811	0.00550	0.00161	0.00405	0.03523	0.00551	0.02789
16	0.01781	0.06302	0.04416	0.01283	0.01553	0.66731	0.01005	0.01927	0.01365	0.01258	0.00814	0.01011	0.00698	0.03066	0.00584	0.00148	0.04856	0.00348	0.00260	0.00594
17	0.01074	0.01331	0.20170	0.03297	0.11539	0.00906	0.05922	0.03508	0.01150	0.04065	0.05208	0.12592	0.01337	0.00643	0.00498	0.00143	0.00528	0.00570	0.00325	0.25195
18	0.00747	0.00564	0.00833	0.00830	0.00927	0.00657	0.00646	0.00961	0.02748	0.01215	0.01392	0.02013	0.01290	0.03770	0.77951	0.00808	0.01350	0.00551	0.00281	0.00467
19	0.76752	0.01039	0.00837	0.00728	0.01056	0.01198	0.00600	0.09493	0.01036	0.02401	0.00769	0.00876	0.00589	0.00491	0.00338	0.00158	0.00415	0.00297	0.00338	0.00589
20	0.01253	0.01164	0.06335	0.10303	0.09903	0.04190	0.04778	0.13312	0.17462	0.04378	0.08529	0.09300	0.01647	0.00742	0.00541	0.00169	0.00525	0.03127	0.01646	0.00695
21	0.00891	0.00446	0.00668	0.00668	0.00668	0.00446	0.00446	0.00668	0.00668	0.00891	0.00891	0.01560	0.00891	0.01783	0.02005	0.85071	0.00446	0.00446	0.00223	0.00223
22	0.00986	0.00929	0.01569	0.76465	0.07674	0.01144	0.01433	0.01326	0.01034	0.01331	0.00915	0.01363	0.00691	0.00510	0.00513	0.00170	0.00680	0.00456	0.00229	0.00583
23	0.00664	0.00506	0.00619	0.00687	0.00791	0.00461	0.00516	0.00805	0.01114	0.01419	0.07306	0.34473	0.30862	0.01430	0.00646	0.00199	0.00317	0.16268	0.00480	0.00437
24	0.01125	0.01129	0.01609	0.01368	0.01381	0.01565	0.03044	0.01245	0.00797	0.01245	0.00683	0.01129	0.00676	0.00886	0.01657	0.00223	0.78995	0.00453	0.00225	0.00565
25	0.38363	0.18455	0.08508	0.00863	0.01264	0.01279	0.00806	0.03564	0.03855	0.17224	0.01054	0.01083	0.00772	0.00512	0.00387	0.00149	0.00475	0.00349	0.00362	0.00676
26	0.01270	0.01219	0.02083	0.03149	0.78767	0.01219	0.01575	0.01575	0.01168	0.01676	0.00965	0.01270	0.00813	0.00457	0.00508	0.00152	0.00610	0.00457	0.00254	0.00813
27	0.00606	0.00520	0.00520	0.00520	0.00693	0.00433	0.00390	0.00736	0.01170	0.01386	0.05198	0.04938	0.78558	0.01299	0.00606	0.00173	0.00260	0.01083	0.00476	0.00433
28	0.00678	0.00540	0.00609	0.00579	0.00740	0.00466	0.00432	0.00849	0.01253	0.01633	0.31892	0.04285	0.44750	0.04191	0.00670	0.00176	0.00268	0.00976	0.00495	0.04518
29	0.01043	0.00890	0.01041	0.00758	0.01193	0.00671	0.00602	0.01264	0.01060	0.01655	0.01004	0.04937	0.00887	0.00439	0.00393	0.00082	0.00376	0.00360	0.00312	0.81033
30	0.01520	0.32091	0.16572	0.01073	0.01547	0.06746	0.02039	0.12724	0.01345	0.11977	0.02440	0.01137	0.00853	0.00514	0.00431	0.00134	0.00590	0.00375	0.00332	0.05561
31	0.00888	0.00453	0.00676	0.00682	0.00687	0.00453	0.00464	0.00687	0.00693	0.00922	0.00979	0.01763	0.00990	0.01765	0.01943	0.80993	0.00447	0.04045	0.00235	0.00235
32	0.01381	0.00803	0.04775	0.00994	0.03110	0.00679	0.02609	0.01596	0.01246	0.31227	0.02304	0.19278	0.02183	0.01065	0.00606	0.00194	0.00450	0.24345	0.00513	0.00642
33	0.01153	0.06948	0.06198	0.00842	0.01301	0.00863	0.00732	0.01494	0.07070	0.04923	0.01037	0.01143	0.00830	0.00427	0.00400	0.00095	0.00421	0.00337	0.00323	0.63464
34	0.01296	0.01029	0.03288	0.00972	0.03370	0.00879	0.02930	0.10430	0.01281	0.10146	0.05042	0.01317	0.01032	0.00502	0.00501	0.00113	0.04508	0.00399	0.00369	0.50596
35	0.01281	0.01227	0.01851	0.18333	0.51775	0.06988	0.01433	0.01605	0.03180	0.03712	0.00999	0.01289	0.00807	0.00483	0.00503	0.00153	0.00631	0.00448	0.00268	0.03033
36	0.02718	0.24620	0.35296	0.01248	0.01799	0.04336	0.08013	0.03649	0.01131	0.05138	0.00958	0.01170	0.00759	0.04395	0.00551	0.00161	0.00667	0.00391	0.00259	0.02744
37	0.01118	0.00939	0.01061	0.00794	0.01211	0.02798	0.00636	0.03767	0.02232	0.03591	0.03178	0.01444	0.02979	0.00482	0.00416	0.00094	0.00399	0.03171	0.00338	0.69351
38	0.03540	0.00773	0.00895	0.02864	0.01072	0.00740	0.00616	0.13922	0.01445	0.13235	0.16340	0.06480	0.27461	0.00958	0.00557	0.00162	0.00362	0.02262	0.00500	0.05816
39	0.01058	0.00815	0.03086	0.03277	0.08919	0.00722	0.02725	0.01350	0.06359	0.10985	0.12703	0.10027	0.15512	0.04870	0.02367	0.00186	0.00422	0.00736	0.00430	0.13452
40	0.03369	0.01090	0.01591	0.14438	0.40849	0.04855	0.01231	0.03506	0.05098	0.01635	0.02983	0.07487	0.08368	0.00659	0.00524	0.00162	0.00557	0.00592	0.00316	0.00689
41	0.01276	0.01102	0.01160	0.01044	0.01334	0.01276	0.00812	0.02727	0.77840	0.02146	0.02088	0.01914	0.01566	0.00696	0.00522	0.00174	0.00406	0.00580	0.00522	0.00812
42	0.06344	0.00620	0.00824	0.02162	0.00956	0.00657	0.02436	0.01065	0.04673	0.01560	0.20944	0.05091	0.03932	0.11529	0.26515	0.00426	0.00706	0.08689	0.00395	0.00478
43	0.00843	0.00680	0.00991	0.08549	0.11474	0.00673	0.02094	0.01067	0.01186	0.01607	0.19508	0.10232	0.12560	0.04136	0.00677	0.00194	0.00415	0.18068	0.03044	0.02000
44	0.00852	0.00797	0.03056	0.01366	0.20642	0.00732	0.04363	0.01063	0.01172	0.01571	0.15405	0.16439	0.25955	0.01024	0.00620	0.00173	0.02897	0.00903	0.00410	0.00559
45	0.01075	0.06990	0.04838	0.00893	0.03316	0.00839	0.02853	0.03373	0.01123	0.01661	0.02593	0.01436	0.07297	0.00487	0.00417	0.00099	0.00422	0.00398	0.00316	0.59575
46	0.25139	0.12203	0.14732	0.01313	0.15220	0.01190	0.01034	0.01651	0.03195	0.11352	0.01249	0.01330	0.05098	0.00539	0.00430	0.00151	0.00514	0.00410	0.00329	0.02920
47	0.01076	0.04066	0.26095	0.01161	0.06854	0.00957	0.01095	0.04919	0.03139	0.01694	0.03156	0.01549	0.04883	0.03587	0.00539	0.00142	0.00528	0.01865	0.00304	0.32392
48	0.01212	0.11344	0.19875	0.01420	0.10647	0.01161	0.09982	0.04457	0.07618	0.06547	0.06267	0.03709	0.03272	0.00603	0.00501	0.00152	0.00573	0.02347	0.00339	0.07973
49	0.04188	0.04733	0.12058	0.00997	0.05056	0.00829	0.00833	0.03495	0.06499	0.05664	0.12910	0.23127	0.02176	0.00900	0.00533	0.00162	0.00424	0.02813	0.00412	0.12192
50	0.01141	0.06230	0.22706	0.01471	0.15623	0.02545	0.03748	0.02952	0.06468	0.04206	0.07441	0.05438	0.01336	0.02841	0.00555	0.00159	0.00559	0.01989	0.00326	0.12266
51	0.01257	0.06087	0.16504	0.00959	0.01434	0.00966	0.00919	0.08172	0.04850	0.08830	0.03124	0.01314	0.00967	0.03010	0.00504	0.00129	0.00487	0.00393	0.00348	0.39747
52	0.06896	0.01313	0.17475	0.01200	0.07031	0.03108	0.04136	0.09848	0.03245	0.05689	0.07239	0.06837	0.01310	0.00860	0.03625	0.07468	0.01688	0.00527	0.00349	0.10156
53	0.03355	0.09134	0.36689	0.01452	0.06741	0.01208	0.10911	0.04901	0.03085	0.08507	0.01134	0.03316	0.00878	0.00538	0.00493	0.00156	0.00654	0.01810	0.00300	0.04740
54	0.01160	0.06333	0.32024	0.04598	0.03734	0.03354	0.02337	0.10216	0.03134	0.03124	0.06456	0.04945	0.05151	0.00622	0.00494	0.00150	0.00584	0.00507	0.00327	0.10750

[dist]
# distance from previous block
# <min> <max>
0	50

# created by:
# /home/cegg/simao/soft/augustus-3.2.1/scripts/msa2prfl.pl ./align_prep/EOG091G0LCT.fa
