[name]
unknown

[dist]
# distance from previous block
# <min> <max>
2	112

[block]
# block no. 0 follows, 36 sequences, length 9
# corresponding to MSA columns:
# 124-132
name=unknown_A
#
# <colnr> <probs for GDERKNQSTAVLIFYWHMCP>
#	G	D	E	R	K	N	Q	S	T	A	V	L	I	F	Y	W	H	M	C	P
0	0.01554	0.09042	0.01507	0.00989	0.01488	0.01052	0.00810	0.06014	0.01446	0.11672	0.01462	0.07183	0.01243	0.00640	0.00512	0.00128	0.00498	0.00518	0.00443	0.51799
1	0.03235	0.01130	0.01460	0.04476	0.01645	0.01115	0.08115	0.17645	0.03219	0.05838	0.02028	0.08293	0.06291	0.02343	0.00638	0.00181	0.00547	0.00705	0.15601	0.15496
2	0.01365	0.00729	0.00873	0.00778	0.01017	0.00651	0.00596	0.01586	0.01534	0.20058	0.19480	0.03974	0.23522	0.06211	0.00818	0.00218	0.00379	0.00948	0.14593	0.00672
3	0.00994	0.00627	0.00808	0.00845	0.00973	0.00568	0.00601	0.01159	0.01396	0.09487	0.17244	0.45921	0.13717	0.01646	0.00758	0.00230	0.00360	0.01465	0.00619	0.00583
4	0.01003	0.00646	0.00794	0.00794	0.00944	0.00581	0.00570	0.01172	0.01420	0.09293	0.20187	0.27617	0.22587	0.08318	0.00959	0.00253	0.00373	0.01308	0.00605	0.00576
5	0.01355	0.00896	0.01039	0.00925	0.01179	0.00893	0.00705	0.04697	0.17367	0.13304	0.23300	0.03833	0.17326	0.09249	0.00949	0.00244	0.00427	0.00949	0.00631	0.00732
6	0.07522	0.01436	0.01559	0.01244	0.01662	0.01554	0.01010	0.48168	0.02398	0.10968	0.01790	0.09409	0.01435	0.00861	0.00613	0.00192	0.00596	0.00679	0.05957	0.00946
7	0.04742	0.00970	0.01048	0.00902	0.01203	0.00983	0.00708	0.12336	0.10673	0.08007	0.04386	0.05667	0.06518	0.00842	0.00549	0.00171	0.00424	0.00683	0.30102	0.09089
8	0.07926	0.20731	0.01924	0.01217	0.03557	0.01619	0.04081	0.14591	0.13512	0.09613	0.01623	0.01674	0.01230	0.00681	0.00526	0.00173	0.00573	0.00527	0.13356	0.00865

[dist]
# distance from previous block
# <min> <max>
2	3

[block]
# block no. 1 follows, 36 sequences, length 12
# corresponding to MSA columns:
# 142-153
name=unknown_B
#
# <colnr> <probs for GDERKNQSTAVLIFYWHMCP>
#	G	D	E	R	K	N	Q	S	T	A	V	L	I	F	Y	W	H	M	C	P
0	0.01623	0.12343	0.11405	0.02157	0.23577	0.01607	0.05287	0.11621	0.04164	0.05305	0.02880	0.01882	0.01251	0.00721	0.00697	0.00193	0.05543	0.04866	0.00395	0.02483
1	0.13196	0.01598	0.13888	0.01166	0.01714	0.05735	0.01087	0.02225	0.05282	0.21896	0.01511	0.01527	0.01079	0.00616	0.00534	0.00162	0.00604	0.00470	0.00474	0.25236
2	0.01531	0.18944	0.17947	0.09667	0.18234	0.09938	0.05554	0.01898	0.01347	0.01738	0.01049	0.01350	0.00860	0.00647	0.00686	0.02691	0.04326	0.00478	0.00285	0.00828
3	0.01519	0.05738	0.30755	0.08140	0.15014	0.03682	0.03339	0.13638	0.01630	0.02280	0.04195	0.01580	0.01119	0.00645	0.00597	0.00188	0.00788	0.00532	0.03724	0.00896
4	0.00767	0.00585	0.00681	0.00750	0.00852	0.00526	0.00512	0.00883	0.01251	0.01583	0.04423	0.40113	0.32093	0.10743	0.01050	0.00277	0.00371	0.01485	0.00555	0.00499
5	0.01106	0.00825	0.00878	0.00835	0.01049	0.05275	0.00644	0.01323	0.01577	0.09131	0.26035	0.07163	0.33446	0.01370	0.00726	0.00209	0.00403	0.06776	0.00614	0.00613
6	0.01586	0.01793	0.12383	0.07419	0.38379	0.06490	0.10447	0.02092	0.05906	0.05538	0.01305	0.01584	0.01017	0.00595	0.00626	0.00192	0.00809	0.00567	0.00345	0.00927
7	0.04702	0.17119	0.04358	0.10229	0.05360	0.06514	0.11051	0.03234	0.01336	0.01780	0.01597	0.15585	0.01584	0.00916	0.00719	0.00202	0.06370	0.03616	0.03008	0.00722
8	0.00780	0.00635	0.00698	0.00724	0.00908	0.00552	0.00555	0.00958	0.01424	0.01749	0.10004	0.12145	0.55052	0.01608	0.00757	0.00222	0.00350	0.09761	0.00585	0.00534
9	0.06516	0.00831	0.01021	0.00996	0.01184	0.00848	0.04166	0.01531	0.16421	0.01989	0.08786	0.37305	0.13088	0.01451	0.00718	0.00228	0.00420	0.01285	0.00572	0.00644
10	0.45298	0.04793	0.08397	0.01390	0.10013	0.07167	0.01080	0.06461	0.01357	0.07425	0.01082	0.01217	0.00820	0.00604	0.00478	0.00187	0.00627	0.00413	0.00396	0.00794
11	0.06691	0.03402	0.11564	0.01623	0.12563	0.07158	0.01234	0.05078	0.21290	0.05526	0.04751	0.04318	0.05438	0.00962	0.03679	0.00228	0.00674	0.00659	0.02304	0.00858

[dist]
# distance from previous block
# <min> <max>
4	9

[block]
# block no. 2 follows, 36 sequences, length 30
# corresponding to MSA columns:
# 169-198
name=unknown_C
#
# <colnr> <probs for GDERKNQSTAVLIFYWHMCP>
#	G	D	E	R	K	N	Q	S	T	A	V	L	I	F	Y	W	H	M	C	P
0	0.10490	0.07840	0.17633	0.02865	0.03700	0.09590	0.04901	0.08454	0.03751	0.05507	0.04813	0.01788	0.05063	0.00724	0.00637	0.00186	0.04275	0.00553	0.02937	0.04292
1	0.06185	0.20561	0.17979	0.01384	0.05111	0.05198	0.03460	0.06774	0.03236	0.05713	0.05174	0.01739	0.04592	0.00777	0.00667	0.05351	0.00687	0.00529	0.00380	0.04503
2	0.19294	0.16944	0.06905	0.04976	0.01730	0.11511	0.01061	0.03677	0.13044	0.08179	0.02792	0.01521	0.01153	0.00664	0.00513	0.00179	0.00652	0.00479	0.03916	0.00809
3	0.04806	0.00934	0.05700	0.04575	0.08337	0.00795	0.00854	0.01305	0.01506	0.03857	0.32404	0.07187	0.19370	0.04705	0.00805	0.00220	0.00438	0.01013	0.00549	0.00641
4	0.06513	0.01657	0.16059	0.13781	0.09087	0.06565	0.04933	0.06514	0.03056	0.03504	0.09452	0.02330	0.09431	0.00873	0.02064	0.00211	0.00721	0.00671	0.01799	0.00779
5	0.05410	0.01046	0.01316	0.01102	0.01359	0.01104	0.03022	0.11656	0.06230	0.18767	0.05230	0.02493	0.04747	0.14111	0.01436	0.11074	0.07959	0.00693	0.00516	0.00730
6	0.01025	0.00811	0.01158	0.01206	0.05765	0.00947	0.00865	0.01310	0.04756	0.01566	0.01644	0.02426	0.01536	0.10598	0.49613	0.00762	0.08690	0.00669	0.04050	0.00602
7	0.01351	0.01147	0.01418	0.01161	0.04046	0.01020	0.04081	0.07575	0.10217	0.02248	0.06292	0.05803	0.04866	0.00717	0.00561	0.00143	0.00498	0.00612	0.00458	0.45784
8	0.01066	0.00541	0.00807	0.00815	0.00816	0.00539	0.00543	0.00815	0.00831	0.01108	0.01203	0.05777	0.01238	0.02154	0.02351	0.77691	0.00532	0.00604	0.00286	0.00283
9	0.01586	0.11249	0.01877	0.03792	0.04962	0.03786	0.04371	0.07982	0.24734	0.05271	0.01998	0.02295	0.05189	0.00886	0.00846	0.00210	0.12615	0.05023	0.00479	0.00850
10	0.00751	0.00617	0.00662	0.00682	0.00859	0.00527	0.00500	0.00911	0.01409	0.01730	0.11028	0.17787	0.57145	0.01617	0.00746	0.00216	0.00322	0.01376	0.00587	0.00527
11	0.01877	0.39948	0.05626	0.01273	0.01765	0.12864	0.01155	0.16662	0.09530	0.02130	0.01204	0.01279	0.00974	0.00630	0.00503	0.00160	0.00729	0.00436	0.00388	0.00868
12	0.02022	0.02329	0.01625	0.01473	0.01806	0.46510	0.01118	0.02811	0.29786	0.01950	0.01581	0.01595	0.01234	0.00722	0.00590	0.00180	0.00876	0.00520	0.00444	0.00826
13	0.01542	0.01480	0.02529	0.03824	0.74217	0.01480	0.01912	0.01912	0.01419	0.02036	0.01172	0.01542	0.00987	0.00555	0.00617	0.00185	0.00740	0.00555	0.00308	0.00987
14	0.00890	0.00668	0.01001	0.01001	0.01113	0.00779	0.00779	0.01113	0.01001	0.01446	0.01669	0.02448	0.01558	0.04673	0.75634	0.01001	0.01669	0.00668	0.00334	0.00556
15	0.00890	0.00668	0.01001	0.01001	0.01113	0.00779	0.00779	0.01113	0.01001	0.01446	0.01669	0.02448	0.01558	0.04673	0.75634	0.01001	0.01669	0.00668	0.00334	0.00556
16	0.01678	0.01593	0.06968	0.01557	0.07616	0.04962	0.01215	0.16624	0.34519	0.02616	0.01952	0.02125	0.01527	0.00827	0.00718	0.00206	0.05456	0.03856	0.03052	0.00933
17	0.02572	0.01074	0.01415	0.01113	0.01565	0.00973	0.00910	0.02987	0.09864	0.63378	0.05541	0.02253	0.01770	0.00801	0.00632	0.00195	0.00516	0.00657	0.00752	0.01032
18	0.03142	0.44525	0.10210	0.01407	0.01962	0.07506	0.10531	0.05262	0.05045	0.03554	0.01102	0.01247	0.00901	0.00578	0.00503	0.00161	0.00762	0.00440	0.00326	0.00837
19	0.00898	0.00652	0.00768	0.00729	0.00919	0.00574	0.00550	0.01128	0.01609	0.05224	0.40328	0.05151	0.36419	0.01389	0.00731	0.00202	0.00314	0.01190	0.00641	0.00580
20	0.01631	0.05370	0.06970	0.04176	0.01904	0.21837	0.07048	0.08602	0.01508	0.01845	0.03511	0.08967	0.01390	0.03679	0.03200	0.00243	0.16359	0.00660	0.00370	0.00731
21	0.00773	0.00571	0.00724	0.00816	0.00897	0.00521	0.00562	0.00916	0.01313	0.01737	0.14070	0.55300	0.15930	0.01792	0.00777	0.00238	0.00344	0.01603	0.00594	0.00521
22	0.01165	0.00736	0.00938	0.00957	0.05560	0.00757	0.03924	0.01434	0.01270	0.02111	0.02061	0.02498	0.04850	0.06718	0.02633	0.00216	0.04378	0.00645	0.56543	0.00605
23	0.12897	0.01010	0.01179	0.01006	0.01309	0.01038	0.03992	0.08922	0.11244	0.04039	0.27492	0.03039	0.08010	0.01044	0.02378	0.00208	0.00471	0.00802	0.04046	0.05872
24	0.01003	0.00714	0.00887	0.00877	0.01052	0.00677	0.00667	0.01358	0.07438	0.05442	0.31602	0.19230	0.14377	0.01424	0.00741	0.00218	0.00372	0.08777	0.00629	0.02516
25	0.01506	0.06437	0.10831	0.01446	0.08809	0.04468	0.01157	0.03683	0.17105	0.05273	0.01554	0.04213	0.01255	0.00655	0.00554	0.00158	0.00599	0.00535	0.00430	0.29334
26	0.01828	0.06873	0.08655	0.12642	0.13236	0.20312	0.01443	0.16488	0.05052	0.02215	0.01212	0.01413	0.00942	0.00637	0.00583	0.00177	0.00827	0.00493	0.00383	0.04589
27	0.01492	0.05316	0.02046	0.06473	0.30724	0.01465	0.04685	0.06501	0.15460	0.02188	0.03338	0.05676	0.01448	0.00744	0.00681	0.00194	0.04137	0.00654	0.04141	0.02636
28	0.01443	0.01246	0.04452	0.05908	0.01561	0.04678	0.00944	0.13543	0.13685	0.04619	0.04132	0.02686	0.05011	0.21491	0.06807	0.00367	0.05506	0.00725	0.00471	0.00724
29	0.01053	0.02730	0.04806	0.01358	0.05237	0.02357	0.12290	0.01372	0.04614	0.01789	0.03125	0.32117	0.15049	0.01353	0.00748	0.00225	0.01751	0.04371	0.03009	0.00648

[dist]
# distance from previous block
# <min> <max>
1	5

[block]
# block no. 3 follows, 36 sequences, length 14
# corresponding to MSA columns:
# 206-219
name=unknown_D
#
# <colnr> <probs for GDERKNQSTAVLIFYWHMCP>
#	G	D	E	R	K	N	Q	S	T	A	V	L	I	F	Y	W	H	M	C	P
0	0.07411	0.01496	0.07269	0.01197	0.01698	0.09365	0.01039	0.06467	0.01711	0.44794	0.01892	0.01756	0.01255	0.00697	0.00584	0.00179	0.00626	0.00540	0.00607	0.09417
1	0.01507	0.12377	0.28957	0.07806	0.02399	0.05275	0.07750	0.05458	0.08888	0.04148	0.01314	0.01578	0.01017	0.00684	0.00707	0.00197	0.06846	0.01880	0.00350	0.00861
2	0.08122	0.01730	0.01686	0.07408	0.05408	0.14995	0.01158	0.32224	0.07283	0.07747	0.01473	0.01550	0.01083	0.00705	0.00586	0.00184	0.00720	0.00530	0.04499	0.00908
3	0.00920	0.00687	0.00886	0.00882	0.01036	0.00672	0.00686	0.01264	0.05497	0.02172	0.41263	0.08293	0.11173	0.01738	0.08562	0.00300	0.00499	0.12265	0.00613	0.00594
4	0.05378	0.02470	0.38932	0.02018	0.02736	0.04858	0.26995	0.01974	0.01361	0.01978	0.01135	0.01425	0.00841	0.00594	0.00703	0.00204	0.04694	0.00554	0.00291	0.00859
5	0.11970	0.01077	0.01385	0.01075	0.01546	0.00971	0.00888	0.02898	0.01700	0.66378	0.02275	0.01993	0.01442	0.00749	0.00599	0.00193	0.00525	0.00593	0.00727	0.01016
6	0.01015	0.00770	0.00941	0.00907	0.01024	0.00806	0.00670	0.04393	0.04909	0.01916	0.22014	0.10506	0.09966	0.22478	0.01517	0.00330	0.06513	0.08229	0.00532	0.00564
7	0.00802	0.00630	0.00725	0.00709	0.00884	0.00553	0.00529	0.01019	0.01564	0.02043	0.36317	0.08317	0.40771	0.01458	0.00738	0.00206	0.00308	0.01250	0.00626	0.00553
8	0.00895	0.00641	0.00742	0.00727	0.00892	0.00568	0.00528	0.01074	0.01459	0.05302	0.24713	0.12598	0.36413	0.09470	0.00991	0.00251	0.00354	0.01233	0.00597	0.00551
9	0.01265	0.01008	0.01191	0.01119	0.01249	0.08133	0.00860	0.01430	0.01147	0.08133	0.01737	0.09817	0.01682	0.09292	0.35519	0.02219	0.12449	0.00749	0.00390	0.00611
10	0.00896	0.00633	0.00760	0.00783	0.00848	0.00630	0.00536	0.00989	0.01076	0.01408	0.02767	0.04664	0.12556	0.47069	0.10002	0.00538	0.00669	0.12293	0.00434	0.00449
11	0.01620	0.60225	0.12615	0.01192	0.01756	0.04313	0.01228	0.02012	0.06972	0.01625	0.01035	0.01150	0.00886	0.00569	0.00448	0.00149	0.00699	0.00381	0.00297	0.00828
12	0.01992	0.06420	0.07469	0.01297	0.01744	0.04985	0.01123	0.36423	0.06635	0.10199	0.01795	0.09538	0.01460	0.00850	0.00613	0.00190	0.00640	0.00674	0.05025	0.00928
13	0.05760	0.07300	0.09399	0.01733	0.14423	0.12449	0.01271	0.06109	0.15111	0.11135	0.01677	0.05702	0.01360	0.03056	0.00670	0.00201	0.00698	0.00608	0.00459	0.00881

[dist]
# distance from previous block
# <min> <max>
3	9

[block]
# block no. 4 follows, 36 sequences, length 28
# corresponding to MSA columns:
# 231-242,248-263
name=unknown_E
#
# <colnr> <probs for GDERKNQSTAVLIFYWHMCP>
#	G	D	E	R	K	N	Q	S	T	A	V	L	I	F	Y	W	H	M	C	P
0	0.00839	0.00627	0.00814	0.00911	0.00954	0.00637	0.00621	0.01005	0.04023	0.01591	0.03115	0.63648	0.03675	0.08751	0.01076	0.00284	0.04780	0.01580	0.00545	0.00524
1	0.04846	0.18995	0.20212	0.01768	0.14325	0.04414	0.03043	0.03572	0.05571	0.09367	0.02775	0.05858	0.01258	0.00699	0.00568	0.00183	0.00713	0.00568	0.00387	0.00877
2	0.05231	0.12358	0.14446	0.05044	0.08516	0.08528	0.01335	0.11732	0.08769	0.08977	0.07766	0.01770	0.01471	0.00709	0.00582	0.00184	0.00700	0.00557	0.00449	0.00879
3	0.01162	0.01033	0.11062	0.01011	0.01283	0.00740	0.00899	0.01462	0.01538	0.11563	0.30874	0.20743	0.05378	0.01315	0.00726	0.00217	0.00452	0.07265	0.00602	0.00674
4	0.01709	0.05192	0.23820	0.08125	0.19726	0.05899	0.03033	0.18259	0.01752	0.04800	0.01246	0.01449	0.00932	0.00627	0.00602	0.00188	0.00807	0.00516	0.00380	0.00937
5	0.04979	0.01514	0.05960	0.07545	0.05134	0.01480	0.08967	0.27373	0.07421	0.05247	0.05173	0.01973	0.01418	0.00739	0.00624	0.00189	0.00677	0.03718	0.00499	0.09368
6	0.01182	0.00708	0.01058	0.00966	0.01052	0.00713	0.04683	0.06604	0.01089	0.01464	0.05398	0.05172	0.01474	0.01898	0.02027	0.62582	0.00560	0.00639	0.00338	0.00394
7	0.00963	0.00836	0.04135	0.07078	0.01443	0.00759	0.04392	0.04284	0.01316	0.01739	0.03048	0.43618	0.09058	0.01620	0.00858	0.04913	0.00500	0.08353	0.00512	0.00575
8	0.01857	0.08345	0.01621	0.01077	0.01602	0.01218	0.00894	0.15921	0.01718	0.17658	0.01447	0.01480	0.01069	0.00590	0.00523	0.00136	0.00539	0.00458	0.00495	0.41352
9	0.00826	0.00583	0.00713	0.00770	0.00820	0.00554	0.00498	0.00922	0.01176	0.01569	0.11760	0.36128	0.09157	0.29733	0.01654	0.00371	0.00438	0.01339	0.00518	0.00471
10	0.01116	0.04719	0.01215	0.07017	0.01431	0.00898	0.03963	0.01524	0.09951	0.06141	0.21011	0.21766	0.10942	0.04476	0.00808	0.00229	0.00459	0.01114	0.00563	0.00657
11	0.08082	0.08913	0.27704	0.05969	0.13177	0.12286	0.07067	0.02060	0.01407	0.06087	0.01149	0.01363	0.00870	0.00594	0.00573	0.00186	0.00849	0.00481	0.00322	0.00861
12	0.01601	0.20503	0.32247	0.01553	0.02211	0.07559	0.08178	0.02141	0.05565	0.08462	0.03478	0.01492	0.01095	0.00627	0.00567	0.00181	0.00810	0.00501	0.00354	0.00875
13	0.01187	0.00683	0.00847	0.00815	0.00928	0.00672	0.00570	0.05221	0.01227	0.07489	0.04632	0.13871	0.06226	0.17529	0.03962	0.20657	0.00515	0.00879	0.11578	0.00512
14	0.03108	0.10408	0.18379	0.07431	0.02120	0.14949	0.04186	0.07523	0.02526	0.11190	0.03133	0.09422	0.01391	0.00789	0.00602	0.00189	0.00775	0.00635	0.00419	0.00825
15	0.01658	0.01062	0.01279	0.00968	0.01439	0.00882	0.00776	0.06348	0.01539	0.18837	0.06456	0.03473	0.01518	0.00654	0.00534	0.00135	0.00468	0.00535	0.05203	0.46236
16	0.03979	0.13978	0.53079	0.01601	0.02364	0.01525	0.04719	0.01865	0.01296	0.01896	0.01263	0.07378	0.01060	0.00689	0.00579	0.00193	0.00829	0.00553	0.00295	0.00858
17	0.00832	0.00635	0.00764	0.00732	0.00901	0.00567	0.00549	0.01080	0.01647	0.02222	0.50944	0.05110	0.28995	0.01377	0.00735	0.00201	0.00301	0.01191	0.00649	0.00567
18	0.01261	0.01198	0.01714	0.14847	0.24020	0.07345	0.04256	0.01546	0.01361	0.01772	0.02034	0.23051	0.02128	0.01102	0.00698	0.00219	0.00676	0.09637	0.00412	0.00725
19	0.00772	0.00622	0.00691	0.00740	0.00891	0.00553	0.00529	0.00965	0.03738	0.01680	0.05125	0.32287	0.45820	0.01691	0.00755	0.00226	0.00338	0.01463	0.00580	0.00534
20	0.00877	0.00572	0.00765	0.00882	0.00943	0.00530	0.00598	0.00993	0.01227	0.05819	0.03378	0.73322	0.03972	0.01884	0.00785	0.00250	0.00371	0.01705	0.00590	0.00538
21	0.01139	0.00685	0.00889	0.00833	0.01018	0.00618	0.00625	0.01381	0.01639	0.13246	0.44902	0.16500	0.11422	0.01339	0.00729	0.00206	0.00343	0.01175	0.00671	0.00640
22	0.01317	0.00626	0.00663	0.00631	0.00808	0.00613	0.00481	0.01603	0.01352	0.09221	0.02073	0.02304	0.01592	0.00730	0.00454	0.00150	0.00313	0.00585	0.73856	0.00626
23	0.01881	0.27428	0.16965	0.01522	0.06055	0.19671	0.01386	0.02190	0.01467	0.11701	0.01176	0.01291	0.00912	0.00624	0.00576	0.00169	0.03353	0.00435	0.00351	0.00848
24	0.07784	0.01207	0.01944	0.36667	0.05914	0.01392	0.11509	0.05719	0.03918	0.01911	0.01252	0.01718	0.00992	0.01192	0.10962	0.00316	0.03951	0.00584	0.00333	0.00736
25	0.07570	0.00672	0.00725	0.00691	0.00863	0.00656	0.00514	0.01346	0.01411	0.04848	0.22821	0.03463	0.11313	0.07975	0.00806	0.00214	0.00347	0.00834	0.32347	0.00583
26	0.04309	0.01385	0.01411	0.01172	0.01535	0.10253	0.03254	0.14034	0.14626	0.12810	0.01805	0.01848	0.01339	0.00724	0.00591	0.00175	0.02266	0.00565	0.18814	0.07084
27	0.04909	0.18114	0.29426	0.01598	0.06221	0.13016	0.01579	0.11654	0.01596	0.02097	0.01260	0.01403	0.03267	0.00639	0.00550	0.00177	0.00819	0.00468	0.00340	0.00866

[dist]
# distance from previous block
# <min> <max>
1	11

[block]
# block no. 5 follows, 36 sequences, length 25
# corresponding to MSA columns:
# 275-299
name=unknown_F
#
# <colnr> <probs for GDERKNQSTAVLIFYWHMCP>
#	G	D	E	R	K	N	Q	S	T	A	V	L	I	F	Y	W	H	M	C	P
0	0.13340	0.03127	0.01631	0.01515	0.10102	0.08952	0.01083	0.25897	0.10503	0.02830	0.06338	0.01708	0.01399	0.00714	0.00571	0.00180	0.00631	0.00551	0.02683	0.06245
1	0.11439	0.01228	0.01941	0.46032	0.24188	0.01414	0.01651	0.01715	0.01273	0.01871	0.01096	0.01546	0.00856	0.00598	0.00592	0.00199	0.00761	0.00527	0.00300	0.00775
2	0.01405	0.11126	0.09180	0.03295	0.02005	0.05290	0.17035	0.01792	0.04144	0.04970	0.09279	0.08248	0.03752	0.00853	0.00800	0.00198	0.09639	0.00729	0.00402	0.05856
3	0.01759	0.09027	0.10569	0.03349	0.20710	0.03983	0.03406	0.02256	0.08817	0.18680	0.06465	0.02115	0.01594	0.00739	0.00617	0.00191	0.00668	0.03664	0.00475	0.00914
4	0.01948	0.00869	0.01140	0.00957	0.01294	0.00757	0.00757	0.02166	0.01647	0.43931	0.12638	0.12534	0.14424	0.01118	0.00680	0.00204	0.00442	0.00949	0.00704	0.00840
5	0.01232	0.01283	0.02470	0.11251	0.02608	0.01262	0.38475	0.01678	0.04444	0.01861	0.02368	0.11198	0.13357	0.00903	0.00755	0.00216	0.02587	0.00922	0.00397	0.00734
6	0.04556	0.02436	0.40697	0.04422	0.02547	0.04130	0.13687	0.10664	0.01539	0.02197	0.01329	0.06520	0.01071	0.00694	0.00626	0.00201	0.00863	0.00604	0.00345	0.00872
7	0.01082	0.00541	0.00812	0.00812	0.00812	0.00541	0.00541	0.00812	0.00812	0.01082	0.01082	0.01894	0.01082	0.02165	0.02435	0.81872	0.00541	0.00541	0.00271	0.00271
8	0.01365	0.00641	0.00689	0.00647	0.00834	0.00623	0.00496	0.01650	0.01366	0.11355	0.02086	0.02298	0.01590	0.00732	0.00459	0.00151	0.00320	0.00586	0.71473	0.00641
9	0.00960	0.00684	0.00905	0.10268	0.01360	0.00660	0.00718	0.01153	0.01375	0.06701	0.13012	0.34347	0.22482	0.01517	0.00739	0.00224	0.00410	0.01335	0.00568	0.00583
10	0.01539	0.09438	0.09584	0.17059	0.28137	0.01464	0.05083	0.04408	0.01433	0.08456	0.01408	0.06722	0.01181	0.00690	0.00612	0.00192	0.00737	0.00621	0.00365	0.00872
11	0.01700	0.02046	0.05724	0.06750	0.02042	0.30127	0.04907	0.01919	0.01333	0.01563	0.00969	0.01353	0.00850	0.00990	0.04490	0.00250	0.31476	0.00501	0.00296	0.00713
12	0.36608	0.01417	0.04331	0.10912	0.13168	0.04082	0.01161	0.09259	0.01448	0.10500	0.01199	0.01364	0.00888	0.00622	0.00517	0.00192	0.00632	0.00460	0.00420	0.00819
13	0.00903	0.00618	0.00751	0.00751	0.00775	0.00643	0.00466	0.00952	0.00927	0.01261	0.01898	0.03716	0.02108	0.61837	0.19223	0.00692	0.00840	0.00853	0.00368	0.00417
14	0.01250	0.03223	0.74875	0.01776	0.02697	0.01447	0.02302	0.01973	0.01315	0.01973	0.01118	0.01315	0.00789	0.00592	0.00592	0.00197	0.00921	0.00460	0.00263	0.00921
15	0.00759	0.00542	0.00723	0.00868	0.00904	0.00506	0.00578	0.00868	0.01193	0.01591	0.03434	0.77697	0.04121	0.01952	0.00795	0.00253	0.00361	0.01771	0.00578	0.00506
16	0.00854	0.00636	0.00794	0.00754	0.00914	0.00576	0.00566	0.01121	0.01697	0.02341	0.60823	0.04914	0.19042	0.01333	0.00735	0.00199	0.00298	0.01163	0.00665	0.00576
17	0.01389	0.03038	0.65758	0.01733	0.02601	0.01508	0.02162	0.10735	0.01517	0.02217	0.01165	0.01338	0.00823	0.00611	0.00596	0.00196	0.00891	0.00473	0.00308	0.00938
18	0.00761	0.00553	0.00712	0.00838	0.00891	0.00511	0.00562	0.00871	0.01209	0.01590	0.03691	0.68363	0.11256	0.03939	0.00852	0.00258	0.00363	0.01701	0.00573	0.00505
19	0.01796	0.07750	0.09689	0.01535	0.01955	0.29751	0.07477	0.07701	0.12237	0.01947	0.01362	0.01557	0.01091	0.01162	0.09994	0.00282	0.01003	0.00523	0.00382	0.00804
20	0.05554	0.01403	0.10530	0.04001	0.01739	0.01060	0.01020	0.01697	0.04032	0.02033	0.01132	0.01339	0.00920	0.00548	0.00594	0.00132	0.05737	0.00411	0.00357	0.55763
21	0.04926	0.03559	0.37019	0.01580	0.02222	0.09038	0.07749	0.06693	0.01513	0.04354	0.07130	0.03750	0.01368	0.00789	0.02357	0.00209	0.00836	0.00574	0.00368	0.03967
22	0.01402	0.16175	0.24862	0.04215	0.01956	0.07556	0.01369	0.04806	0.03982	0.01961	0.08341	0.07643	0.01616	0.00759	0.00572	0.00174	0.00700	0.00605	0.00377	0.10930
23	0.01402	0.15072	0.15998	0.01333	0.03709	0.04182	0.04189	0.06899	0.04026	0.05158	0.03035	0.23044	0.01931	0.00996	0.00620	0.00193	0.00635	0.00849	0.00435	0.06293
24	0.01534	0.11210	0.12015	0.01264	0.01849	0.01352	0.05913	0.10019	0.06504	0.04450	0.01275	0.01406	0.00993	0.00562	0.00526	0.00142	0.00621	0.00456	0.00398	0.37510

[dist]
# distance from previous block
# <min> <max>
1	10

[block]
# block no. 6 follows, 36 sequences, length 28
# corresponding to MSA columns:
# 313-316,318-325,342-357
name=unknown_G
#
# <colnr> <probs for GDERKNQSTAVLIFYWHMCP>
#	G	D	E	R	K	N	Q	S	T	A	V	L	I	F	Y	W	H	M	C	P
0	0.05175	0.43797	0.11996	0.01061	0.01576	0.01787	0.01073	0.01681	0.01272	0.01669	0.01694	0.01861	0.10632	0.03786	0.00587	0.00170	0.00622	0.00508	0.00328	0.08727
1	0.04243	0.05297	0.10336	0.00852	0.01034	0.00837	0.00691	0.01131	0.01040	0.01441	0.02172	0.07006	0.07850	0.50983	0.02266	0.00461	0.00608	0.00868	0.00383	0.00501
2	0.01344	0.01176	0.04704	0.01413	0.09598	0.00958	0.06451	0.01653	0.01348	0.07486	0.04541	0.01987	0.05754	0.01147	0.10177	0.00252	0.00702	0.00569	0.00405	0.38337
3	0.01314	0.06562	0.64002	0.01677	0.02520	0.01482	0.02102	0.05836	0.01424	0.02082	0.04508	0.01466	0.01041	0.00630	0.00591	0.00194	0.00867	0.00491	0.00303	0.00907
4	0.01735	0.07688	0.01857	0.01737	0.15396	0.01639	0.01188	0.21754	0.28082	0.02704	0.01976	0.01972	0.04759	0.00757	0.00607	0.00188	0.00597	0.00622	0.00526	0.04214
5	0.01201	0.00969	0.01126	0.01058	0.01291	0.01087	0.00815	0.02153	0.35068	0.02183	0.11574	0.05562	0.05491	0.02019	0.21278	0.00425	0.00769	0.00808	0.04362	0.00761
6	0.82504	0.01205	0.00916	0.00819	0.01205	0.01398	0.00675	0.01832	0.01060	0.02795	0.00868	0.01012	0.00675	0.00578	0.00386	0.00193	0.00482	0.00337	0.00386	0.00675
7	0.00822	0.00623	0.00759	0.00764	0.00912	0.00560	0.00566	0.01043	0.01554	0.02078	0.39130	0.16996	0.26428	0.01493	0.00750	0.00213	0.00322	0.03801	0.00631	0.00555
8	0.01561	0.17588	0.13924	0.02473	0.34603	0.01684	0.01644	0.02075	0.08548	0.04644	0.01269	0.01486	0.01022	0.00618	0.00637	0.00183	0.04262	0.00512	0.00341	0.00926
9	0.01177	0.01107	0.01869	0.76606	0.04291	0.01384	0.01730	0.01592	0.01246	0.01592	0.01107	0.01661	0.00831	0.00623	0.00623	0.00208	0.00831	0.00554	0.00277	0.00692
10	0.00777	0.00633	0.00688	0.00674	0.00867	0.00543	0.00506	0.00974	0.01517	0.01913	0.25377	0.05618	0.54755	0.01492	0.00736	0.00206	0.00309	0.01262	0.00609	0.00543
11	0.00910	0.00749	0.01014	0.14445	0.04233	0.00742	0.00805	0.01180	0.01535	0.02036	0.34793	0.05875	0.26872	0.01242	0.00712	0.00203	0.00415	0.01077	0.00562	0.00600
12	0.01613	0.01871	0.16623	0.08208	0.02955	0.01502	0.39937	0.08174	0.01581	0.09266	0.01359	0.01637	0.00975	0.00589	0.00679	0.00204	0.00925	0.00643	0.00374	0.00884
13	0.02651	0.01123	0.01464	0.01141	0.01611	0.01031	0.00937	0.06668	0.08850	0.63880	0.02416	0.02108	0.01552	0.00777	0.00627	0.00194	0.00535	0.00631	0.00750	0.01053
14	0.00767	0.00556	0.00726	0.00859	0.00914	0.00516	0.00586	0.00886	0.01221	0.01609	0.03662	0.69137	0.09761	0.01913	0.00793	0.00251	0.00366	0.04388	0.00578	0.00510
15	0.08210	0.02009	0.08803	0.01706	0.01996	0.22132	0.10776	0.01910	0.01289	0.01722	0.00949	0.01307	0.00816	0.00803	0.01191	0.00220	0.32620	0.00506	0.00300	0.00736
16	0.02578	0.01149	0.01469	0.01155	0.01618	0.01081	0.00945	0.07777	0.12626	0.58963	0.02404	0.02109	0.01564	0.00781	0.00627	0.00195	0.00535	0.00634	0.00740	0.01049
17	0.01605	0.01770	0.01822	0.01594	0.01689	0.22202	0.01289	0.01752	0.01181	0.01504	0.00902	0.01354	0.00852	0.01154	0.05474	0.00280	0.52091	0.00512	0.00289	0.00686
18	0.01137	0.00895	0.01059	0.00985	0.01227	0.00900	0.00768	0.04294	0.18857	0.02342	0.29396	0.10231	0.06419	0.01197	0.00701	0.00206	0.00415	0.09678	0.00613	0.08681
19	0.01082	0.00541	0.00812	0.00812	0.00812	0.00541	0.00541	0.00812	0.00812	0.01082	0.01082	0.01894	0.01082	0.02165	0.02435	0.81872	0.00541	0.00541	0.00271	0.00271
20	0.01732	0.01356	0.01572	0.08578	0.01933	0.01345	0.01022	0.27314	0.07713	0.04681	0.01400	0.01508	0.01059	0.00621	0.00554	0.00150	0.00583	0.00491	0.00484	0.35903
21	0.10132	0.02540	0.01704	0.01513	0.01832	0.54742	0.01163	0.09524	0.01751	0.01895	0.00997	0.01170	0.00818	0.00683	0.00671	0.00176	0.07162	0.00423	0.00355	0.00749
22	0.00878	0.00610	0.00806	0.00887	0.00986	0.00569	0.00651	0.01062	0.01384	0.03809	0.18945	0.44527	0.08238	0.01715	0.00785	0.00242	0.00382	0.12368	0.00606	0.00551
23	0.01288	0.01918	0.26319	0.04471	0.07812	0.08490	0.03528	0.04339	0.03187	0.02112	0.20144	0.02678	0.09357	0.00875	0.00649	0.00194	0.00689	0.00737	0.00435	0.00778
24	0.00968	0.00718	0.01029	0.08502	0.01502	0.00737	0.00984	0.01229	0.01364	0.01779	0.03113	0.21697	0.03430	0.01663	0.00823	0.00272	0.00553	0.48520	0.00546	0.00571
25	0.01463	0.01397	0.02343	0.03511	0.67007	0.01387	0.01771	0.01812	0.01419	0.02001	0.01677	0.01980	0.08158	0.00656	0.00629	0.00188	0.00698	0.00630	0.00335	0.00942
26	0.06050	0.38370	0.14862	0.01280	0.01837	0.08898	0.01275	0.14245	0.01610	0.03276	0.01077	0.01196	0.00865	0.00601	0.00490	0.00160	0.00736	0.00411	0.01909	0.00852
27	0.09659	0.13905	0.14888	0.09793	0.07952	0.09901	0.11433	0.11562	0.01576	0.02161	0.01112	0.01346	0.00860	0.00599	0.00568	0.00183	0.00823	0.00492	0.00344	0.00844

[dist]
# distance from previous block
# <min> <max>
0	3

[block]
# block no. 7 follows, 36 sequences, length 7
# corresponding to MSA columns:
# 361-367
name=unknown_H
#
# <colnr> <probs for GDERKNQSTAVLIFYWHMCP>
#	G	D	E	R	K	N	Q	S	T	A	V	L	I	F	Y	W	H	M	C	P
0	0.11517	0.10775	0.02033	0.10157	0.09821	0.04827	0.11571	0.01943	0.11299	0.02012	0.04188	0.07413	0.01529	0.00807	0.00678	0.00202	0.04466	0.03585	0.00399	0.00776
1	0.10801	0.01328	0.05019	0.01255	0.05662	0.01285	0.00980	0.27954	0.01912	0.04847	0.02413	0.11158	0.13269	0.00966	0.00617	0.00192	0.00549	0.00784	0.02274	0.06733
2	0.01296	0.01156	0.01542	0.04455	0.06615	0.05845	0.10840	0.06653	0.04984	0.01906	0.02102	0.11566	0.05955	0.16824	0.01173	0.00279	0.00646	0.03698	0.03830	0.08636
3	0.21360	0.07158	0.08130	0.04769	0.07100	0.04583	0.01143	0.07288	0.11066	0.04901	0.06596	0.01721	0.01385	0.00916	0.04263	0.00234	0.05613	0.00540	0.00429	0.00805
4	0.05211	0.05425	0.05464	0.01171	0.06539	0.00925	0.00882	0.04821	0.01403	0.04948	0.05749	0.28330	0.12144	0.01286	0.00676	0.00209	0.00483	0.05835	0.00508	0.07991
5	0.01520	0.01523	0.08402	0.01596	0.05362	0.10171	0.15013	0.06324	0.01509	0.08590	0.01933	0.17233	0.01865	0.05965	0.00840	0.00231	0.00730	0.05278	0.00449	0.05468
6	0.01786	0.05060	0.12289	0.06457	0.06302	0.11026	0.06440	0.17108	0.01765	0.09515	0.01543	0.08998	0.01289	0.00767	0.00614	0.00186	0.00750	0.00640	0.00446	0.07018

[dist]
# distance from previous block
# <min> <max>
2	160

[block]
# block no. 8 follows, 36 sequences, length 55
# corresponding to MSA columns:
# 539-593
name=unknown_I
#
# <colnr> <probs for GDERKNQSTAVLIFYWHMCP>
#	G	D	E	R	K	N	Q	S	T	A	V	L	I	F	Y	W	H	M	C	P
0	0.05838	0.11430	0.11932	0.01070	0.01406	0.03668	0.00958	0.04453	0.01326	0.01844	0.02318	0.36207	0.04898	0.01233	0.00640	0.00203	0.00538	0.01057	0.00453	0.08528
1	0.14496	0.08550	0.08593	0.05340	0.01711	0.04587	0.04209	0.02053	0.20495	0.02124	0.04666	0.12059	0.04314	0.03343	0.00678	0.00215	0.00592	0.00752	0.00460	0.00764
2	0.07104	0.10402	0.01652	0.01161	0.01557	0.04094	0.04797	0.13746	0.10243	0.12364	0.11719	0.04748	0.07434	0.00865	0.00606	0.00185	0.00558	0.00709	0.00547	0.05509
3	0.25884	0.12873	0.12395	0.03592	0.01639	0.04175	0.01066	0.04431	0.03627	0.09246	0.01630	0.01865	0.05082	0.00724	0.00515	0.00186	0.00603	0.03351	0.06342	0.00774
4	0.08631	0.22297	0.10152	0.01169	0.01600	0.04637	0.01090	0.09952	0.06939	0.02246	0.15194	0.02134	0.01977	0.00798	0.00611	0.00180	0.03313	0.03014	0.00443	0.03622
5	0.21702	0.13025	0.17508	0.01317	0.01889	0.04580	0.06422	0.08406	0.01460	0.08425	0.01170	0.01296	0.00877	0.00593	0.00515	0.00174	0.00692	0.00443	0.00387	0.09119
6	0.18290	0.33807	0.05203	0.08406	0.01841	0.01765	0.03539	0.04463	0.01310	0.04659	0.01181	0.06256	0.01046	0.00660	0.00485	0.00168	0.00632	0.00492	0.00353	0.05446
7	0.04727	0.11625	0.10583	0.01046	0.01437	0.01087	0.00973	0.03885	0.01491	0.12306	0.12023	0.08635	0.11865	0.01048	0.00634	0.00195	0.00525	0.08213	0.01592	0.06109
8	0.01686	0.20068	0.32746	0.01396	0.02047	0.01551	0.01545	0.02262	0.08004	0.17072	0.01567	0.01759	0.01177	0.00690	0.00570	0.00187	0.00725	0.03618	0.00418	0.00912
9	0.04289	0.19402	0.06356	0.08800	0.05360	0.28732	0.01300	0.14975	0.01755	0.02045	0.01069	0.01243	0.00856	0.00627	0.00542	0.00168	0.00865	0.00439	0.00358	0.00821
10	0.00905	0.00608	0.00701	0.00701	0.00708	0.00616	0.00404	0.00920	0.00912	0.01224	0.01944	0.03969	0.02218	0.73244	0.07966	0.00630	0.00675	0.00890	0.00375	0.00389
11	0.12024	0.02337	0.42360	0.01456	0.02138	0.01382	0.01658	0.09543	0.04023	0.09336	0.03920	0.01632	0.01152	0.03593	0.00676	0.00211	0.00752	0.00520	0.00399	0.00887
12	0.01706	0.09318	0.14527	0.21733	0.02822	0.07460	0.12721	0.08122	0.01558	0.12168	0.01322	0.01548	0.00956	0.00627	0.00609	0.00191	0.00833	0.00544	0.00383	0.00851
13	0.00969	0.00602	0.00808	0.00906	0.00991	0.00557	0.00634	0.01100	0.01263	0.08678	0.03332	0.66561	0.03842	0.01825	0.00782	0.00249	0.00389	0.05349	0.00597	0.00563
14	0.00864	0.00586	0.00692	0.00733	0.00744	0.00576	0.00435	0.00895	0.00988	0.01318	0.02385	0.25192	0.02797	0.56263	0.02490	0.00503	0.00534	0.01154	0.00435	0.00414
15	0.12870	0.04481	0.09410	0.01465	0.01992	0.01726	0.08190	0.37395	0.08860	0.05407	0.01455	0.01510	0.01054	0.00689	0.00592	0.00192	0.00695	0.00545	0.00517	0.00956
16	0.01711	0.01576	0.05170	0.09682	0.29578	0.06340	0.15455	0.02078	0.01452	0.12939	0.01336	0.01619	0.01016	0.00636	0.00746	0.00199	0.06608	0.00587	0.00373	0.00898
17	0.00806	0.00572	0.00757	0.00888	0.00936	0.00544	0.00618	0.00929	0.01199	0.01593	0.03281	0.61365	0.03879	0.08880	0.01021	0.00290	0.00412	0.10968	0.00559	0.00504
18	0.13982	0.01355	0.02079	0.08051	0.21794	0.01466	0.13210	0.07884	0.04080	0.02197	0.01401	0.09042	0.01253	0.00780	0.00768	0.00209	0.08574	0.00677	0.00381	0.00818
19	0.01546	0.06368	0.28770	0.01512	0.05839	0.03423	0.01483	0.07588	0.04241	0.12092	0.03943	0.09535	0.01665	0.01016	0.03418	0.00232	0.00744	0.05281	0.00447	0.00857
20	0.00974	0.00694	0.00957	0.01076	0.01207	0.00688	0.00912	0.01239	0.01429	0.01881	0.10082	0.10743	0.03781	0.05028	0.00946	0.00290	0.00536	0.56400	0.00576	0.00563
21	0.09359	0.01432	0.02335	0.07729	0.63118	0.01467	0.01782	0.01886	0.01374	0.02084	0.01139	0.01498	0.00948	0.00561	0.00595	0.00187	0.00720	0.00534	0.00314	0.00940
22	0.09379	0.22868	0.34362	0.01449	0.02124	0.01690	0.04665	0.05834	0.01405	0.06211	0.01212	0.01487	0.00951	0.00633	0.00540	0.00183	0.00767	0.03039	0.00339	0.00864
23	0.01707	0.01427	0.02252	0.14044	0.28863	0.01521	0.09490	0.12234	0.05493	0.09260	0.01392	0.01655	0.01060	0.00664	0.00734	0.00200	0.06081	0.00590	0.00410	0.00921
24	0.02025	0.00883	0.01179	0.00982	0.01324	0.00773	0.00779	0.02253	0.01678	0.46410	0.16462	0.12580	0.07773	0.01075	0.00677	0.00202	0.00448	0.00917	0.00717	0.00862
25	0.09845	0.01610	0.10842	0.01632	0.04617	0.01393	0.15300	0.17686	0.01819	0.23140	0.01683	0.01885	0.01212	0.00711	0.00630	0.00199	0.00720	0.03614	0.00524	0.00938
26	0.09577	0.08949	0.01725	0.01244	0.01680	0.01742	0.01028	0.39264	0.16288	0.03127	0.01893	0.01870	0.05989	0.00808	0.00618	0.01506	0.00600	0.00596	0.00560	0.00936
27	0.00816	0.00583	0.00789	0.00933	0.00994	0.00555	0.00678	0.00966	0.01249	0.01655	0.03402	0.61180	0.03996	0.01898	0.00811	0.00261	0.00411	0.17723	0.00577	0.00522
28	0.01308	0.01243	0.04262	0.01125	0.01700	0.00928	0.07925	0.01627	0.01311	0.02025	0.01123	0.01332	0.00920	0.00473	0.00494	0.00108	0.00537	0.00409	0.00360	0.70790
29	0.09127	0.01547	0.04914	0.07220	0.01954	0.05859	0.03338	0.20754	0.01665	0.02397	0.01257	0.01753	0.01067	0.00830	0.00973	0.00209	0.20756	0.05129	0.00412	0.08840
30	0.01694	0.14638	0.37522	0.01607	0.02287	0.15447	0.04694	0.07369	0.01545	0.05962	0.01158	0.01304	0.00862	0.00611	0.00567	0.00180	0.00885	0.00458	0.00332	0.00880
31	0.01458	0.06353	0.23775	0.02247	0.02948	0.01604	0.45196	0.05046	0.01479	0.02045	0.01209	0.01531	0.00898	0.00554	0.00671	0.00201	0.00977	0.00628	0.00311	0.00870
32	0.01196	0.01128	0.01904	0.72673	0.08070	0.01389	0.01740	0.01609	0.01255	0.01616	0.01111	0.01655	0.00839	0.00619	0.00623	0.00206	0.00826	0.00554	0.00279	0.00708
33	0.01393	0.01306	0.02198	0.09064	0.57420	0.01322	0.01692	0.01726	0.01370	0.01932	0.01516	0.13314	0.01459	0.00776	0.00645	0.00197	0.00689	0.00743	0.00348	0.00890
34	0.01828	0.04624	0.07483	0.01230	0.01631	0.00971	0.08287	0.02111	0.01557	0.34084	0.09952	0.18981	0.02418	0.01036	0.00674	0.00206	0.00559	0.00918	0.00608	0.00841
35	0.01462	0.00953	0.01349	0.01167	0.01344	0.01092	0.03389	0.01679	0.01245	0.16589	0.05813	0.02248	0.01621	0.05355	0.20398	0.00435	0.21257	0.00654	0.11250	0.00700
36	0.02795	0.01060	0.01446	0.01109	0.01591	0.00916	0.00916	0.03036	0.01783	0.74648	0.02458	0.02121	0.01542	0.00771	0.00627	0.00193	0.00530	0.00627	0.00771	0.01060
37	0.01250	0.03223	0.74875	0.01776	0.02697	0.01447	0.02302	0.01973	0.01315	0.01973	0.01118	0.01315	0.00789	0.00592	0.00592	0.00197	0.00921	0.00460	0.00263	0.00921
38	0.01502	0.01652	0.07501	0.03334	0.48354	0.01507	0.22950	0.01941	0.01428	0.02020	0.01195	0.01569	0.00962	0.00549	0.00651	0.00193	0.00845	0.00603	0.00308	0.00939
39	0.00880	0.00634	0.00839	0.00841	0.00972	0.00593	0.00639	0.01148	0.01644	0.02294	0.55334	0.15028	0.05349	0.01423	0.00759	0.00215	0.00338	0.09838	0.00657	0.00575
40	0.01560	0.00874	0.01152	0.05954	0.01430	0.00846	0.00807	0.02005	0.09520	0.24518	0.39436	0.03427	0.03784	0.01030	0.00683	0.00197	0.00423	0.00890	0.00679	0.00783
41	0.09239	0.01154	0.01441	0.01646	0.16054	0.01229	0.01095	0.09653	0.17695	0.02381	0.05143	0.06176	0.08138	0.01052	0.00671	0.00218	0.00552	0.15131	0.00526	0.00807
42	0.07843	0.05763	0.08637	0.01161	0.01683	0.01119	0.01051	0.04854	0.01695	0.56522	0.02103	0.01886	0.01355	0.00727	0.00594	0.00190	0.00577	0.00572	0.00663	0.01006
43	0.01030	0.00637	0.00745	0.00722	0.00759	0.00633	0.00431	0.01056	0.00968	0.06079	0.01983	0.03874	0.02185	0.69681	0.06264	0.00595	0.00647	0.00877	0.00402	0.00431
44	0.06479	0.00589	0.00796	0.00790	0.00829	0.00602	0.00540	0.00941	0.00876	0.01316	0.01160	0.01877	0.01105	0.01920	0.02106	0.68555	0.00513	0.00531	0.08148	0.00327
45	0.01413	0.01403	0.01997	0.25314	0.24178	0.09581	0.05443	0.01781	0.02548	0.01800	0.01513	0.02501	0.01377	0.00812	0.00715	0.00212	0.03641	0.12645	0.00351	0.00775
46	0.02666	0.01089	0.01442	0.01125	0.01594	0.00982	0.00923	0.03065	0.09203	0.67152	0.02466	0.02142	0.01580	0.00779	0.00627	0.00195	0.00526	0.00635	0.00757	0.01053
47	0.00748	0.00617	0.00657	0.00678	0.00857	0.00526	0.00497	0.00905	0.01402	0.01712	0.09495	0.17609	0.58902	0.01622	0.00746	0.00217	0.00322	0.01379	0.00584	0.00526
48	0.72625	0.01279	0.04985	0.00870	0.01269	0.01347	0.00759	0.01796	0.01121	0.02730	0.05714	0.01270	0.01025	0.00625	0.00420	0.00193	0.00494	0.00396	0.00399	0.00683
49	0.69225	0.01283	0.05802	0.00879	0.01277	0.01323	0.00774	0.01777	0.01145	0.02712	0.07953	0.01385	0.01186	0.00647	0.00433	0.00193	0.00493	0.00422	0.00407	0.00683
50	0.01646	0.47649	0.12192	0.01146	0.01714	0.01945	0.01163	0.05763	0.01397	0.05725	0.01094	0.01215	0.00898	0.00564	0.00459	0.00143	0.00654	0.00392	0.03362	0.10880
51	0.01383	0.11000	0.25303	0.09687	0.07073	0.01390	0.06513	0.04942	0.01415	0.04944	0.04152	0.08916	0.01390	0.00740	0.00600	0.00185	0.00729	0.00636	0.00366	0.08635
52	0.09934	0.46307	0.15659	0.01170	0.01758	0.01992	0.01221	0.04745	0.01325	0.01850	0.00961	0.01106	0.00807	0.00550	0.00448	0.00149	0.00674	0.00369	0.00303	0.08672
53	0.01486	0.05168	0.60792	0.01667	0.02506	0.01458	0.02057	0.06717	0.01466	0.09123	0.01265	0.01396	0.00880	0.00618	0.00592	0.00194	0.00860	0.00479	0.00336	0.00940
54	0.00845	0.03581	0.00985	0.00871	0.01060	0.00670	0.05273	0.01031	0.01392	0.01771	0.13462	0.27357	0.36330	0.01545	0.00742	0.00219	0.00389	0.01356	0.00563	0.00559

[dist]
# distance from previous block
# <min> <max>
0	19

# created by:
# /home/cegg/simao/soft/augustus-3.2.1/scripts/msa2prfl.pl ./align_prep/EOG091G1A3H.fa
