[name]
unknown

[dist]
# distance from previous block
# <min> <max>
0	274

[block]
# block no. 0 follows, 47 sequences, length 11
# corresponding to MSA columns:
# 286-296
name=unknown_A
#
# <colnr> <probs for GDERKNQSTAVLIFYWHMCP>
#	G	D	E	R	K	N	Q	S	T	A	V	L	I	F	Y	W	H	M	C	P
0	0.00763	0.00602	0.00738	0.07387	0.01025	0.03475	0.00582	0.00925	0.01139	0.01526	0.20080	0.37980	0.08438	0.04600	0.02304	0.00214	0.00376	0.03356	0.04030	0.00461
1	0.00738	0.00561	0.00795	0.00770	0.00840	0.00535	0.06779	0.00828	0.00942	0.01253	0.04908	0.35554	0.06281	0.35097	0.01490	0.00328	0.00432	0.01067	0.00398	0.00404
2	0.07663	0.00665	0.00745	0.00699	0.00853	0.00665	0.00514	0.07273	0.05113	0.03454	0.19412	0.10594	0.19806	0.10805	0.00967	0.08630	0.00359	0.00839	0.00454	0.00490
3	0.01111	0.00735	0.00904	0.00839	0.01003	0.00760	0.00643	0.12848	0.02971	0.09847	0.06721	0.14724	0.07743	0.14530	0.12160	0.00331	0.02414	0.08709	0.00450	0.00556
4	0.09974	0.00691	0.00787	0.00704	0.00898	0.00679	0.00542	0.08132	0.01429	0.07347	0.42946	0.03333	0.15326	0.04177	0.00649	0.00178	0.00320	0.00816	0.00522	0.00548
5	0.01183	0.00859	0.01036	0.01045	0.07521	0.00910	0.00709	0.07696	0.23815	0.08566	0.05915	0.09045	0.03772	0.20627	0.04733	0.00284	0.00492	0.00709	0.00450	0.00633
6	0.03903	0.07421	0.00869	0.00734	0.00889	0.00714	0.00551	0.04474	0.05349	0.03902	0.04619	0.36906	0.18005	0.04514	0.00669	0.00197	0.00351	0.02761	0.02662	0.00509
7	0.03255	0.00568	0.00647	0.00663	0.00778	0.00567	0.00486	0.05933	0.01149	0.01719	0.05686	0.28052	0.08558	0.04937	0.03584	0.00210	0.00355	0.04042	0.28332	0.00481
8	0.13629	0.01170	0.01083	0.04281	0.01281	0.12570	0.00749	0.16310	0.05529	0.02068	0.03972	0.01552	0.03942	0.00704	0.02484	0.00163	0.04020	0.00459	0.16349	0.07684
9	0.00801	0.00581	0.00700	0.00722	0.00818	0.00576	0.00508	0.01085	0.10688	0.03140	0.15001	0.32228	0.09345	0.17148	0.01026	0.00254	0.00354	0.04075	0.00474	0.00477
10	0.00778	0.00510	0.00636	0.00670	0.00737	0.00486	0.00454	0.00878	0.01010	0.04931	0.09164	0.34260	0.08915	0.24356	0.04655	0.00310	0.00408	0.02942	0.03472	0.00427

[dist]
# distance from previous block
# <min> <max>
0	1

[block]
# block no. 1 follows, 47 sequences, length 6
# corresponding to MSA columns:
# 298-303
name=unknown_B
#
# <colnr> <probs for GDERKNQSTAVLIFYWHMCP>
#	G	D	E	R	K	N	Q	S	T	A	V	L	I	F	Y	W	H	M	C	P
0	0.07690	0.07030	0.04772	0.10887	0.10677	0.03909	0.01009	0.19613	0.02917	0.01932	0.01433	0.06960	0.04568	0.05606	0.02277	0.00201	0.04172	0.03325	0.00361	0.00663
1	0.08344	0.00953	0.01109	0.01065	0.07347	0.03539	0.00765	0.06664	0.13694	0.21939	0.02014	0.05648	0.08313	0.05645	0.05463	0.00225	0.00512	0.02371	0.00468	0.03924
2	0.00966	0.00727	0.00740	0.00714	0.00819	0.07028	0.00491	0.04229	0.01090	0.05868	0.08273	0.16251	0.11009	0.32718	0.04076	0.00325	0.00480	0.00858	0.02884	0.00453
3	0.01035	0.00677	0.00825	0.00762	0.00955	0.00641	0.00573	0.04858	0.06193	0.12204	0.10561	0.22397	0.15989	0.04833	0.07959	0.00248	0.00445	0.00906	0.00479	0.07462
4	0.04412	0.03876	0.07653	0.01062	0.04822	0.00935	0.04462	0.07666	0.04649	0.07409	0.01278	0.09270	0.01107	0.00585	0.00463	0.00127	0.00470	0.00494	0.00364	0.38896
5	0.01282	0.07812	0.07643	0.01046	0.04141	0.01026	0.04187	0.16902	0.04102	0.09354	0.07232	0.10793	0.06545	0.10292	0.02278	0.00215	0.00508	0.00683	0.03309	0.00650

[dist]
# distance from previous block
# <min> <max>
8	13

[block]
# block no. 2 follows, 47 sequences, length 26
# corresponding to MSA columns:
# 322-347
name=unknown_C
#
# <colnr> <probs for GDERKNQSTAVLIFYWHMCP>
#	G	D	E	R	K	N	Q	S	T	A	V	L	I	F	Y	W	H	M	C	P
0	0.01031	0.01031	0.04724	0.01226	0.05238	0.07600	0.16073	0.02724	0.02851	0.01559	0.10777	0.12180	0.01932	0.13527	0.06708	0.00272	0.01558	0.03018	0.05420	0.00550
1	0.04604	0.01155	0.02702	0.22569	0.23927	0.05570	0.03211	0.10777	0.03494	0.03966	0.01260	0.07890	0.01090	0.00638	0.00523	0.00166	0.00601	0.02377	0.02788	0.00692
2	0.06233	0.20832	0.26662	0.03585	0.07884	0.04976	0.06227	0.01537	0.01135	0.01600	0.07035	0.02869	0.01078	0.00540	0.00462	0.00146	0.00624	0.00436	0.00274	0.05866
3	0.03390	0.01304	0.01406	0.02980	0.05931	0.06946	0.00934	0.34124	0.15372	0.13559	0.03406	0.01482	0.01137	0.00620	0.00510	0.00155	0.00536	0.00488	0.00487	0.05232
4	0.01500	0.11859	0.27306	0.03691	0.11417	0.03634	0.01326	0.09891	0.01327	0.16736	0.01154	0.01241	0.00833	0.00539	0.00518	0.00154	0.02964	0.00418	0.00345	0.03148
5	0.08201	0.04938	0.17578	0.05692	0.02148	0.04230	0.30776	0.06100	0.02696	0.01739	0.01102	0.03200	0.00897	0.00650	0.02808	0.00190	0.03054	0.03027	0.00289	0.00682
6	0.01183	0.08269	0.42572	0.01253	0.01784	0.05188	0.01402	0.09987	0.04177	0.01804	0.07913	0.03749	0.03706	0.00642	0.00557	0.00163	0.04122	0.00497	0.00315	0.00715
7	0.01154	0.08310	0.10634	0.11257	0.04793	0.01104	0.09241	0.10827	0.04389	0.04236	0.07856	0.06042	0.09092	0.00930	0.05127	0.00206	0.00608	0.03171	0.00372	0.00652
8	0.01365	0.05841	0.21850	0.03608	0.01912	0.13188	0.14378	0.06874	0.09513	0.05347	0.01257	0.01403	0.03187	0.00673	0.02823	0.00183	0.05088	0.00479	0.00319	0.00712
9	0.00791	0.00608	0.00843	0.02818	0.08206	0.00595	0.00695	0.03458	0.01122	0.01484	0.02755	0.47623	0.08690	0.01398	0.00650	0.00207	0.00384	0.16723	0.00457	0.00493
10	0.01062	0.01059	0.01661	0.42545	0.11341	0.05622	0.09931	0.01357	0.01096	0.01408	0.01344	0.07268	0.05920	0.00660	0.00616	0.00175	0.05472	0.00586	0.00274	0.00602
11	0.01503	0.04145	0.08207	0.07462	0.17549	0.08518	0.11186	0.12476	0.07000	0.11208	0.01992	0.01520	0.02478	0.00574	0.00526	0.00161	0.00643	0.01724	0.00368	0.00760
12	0.01219	0.08106	0.47814	0.01578	0.02225	0.04678	0.19734	0.01711	0.01164	0.05501	0.00999	0.01181	0.00724	0.00487	0.00512	0.00162	0.00771	0.00437	0.00254	0.00745
13	0.00710	0.00509	0.00608	0.00652	0.00760	0.00454	0.00463	0.00830	0.01113	0.04478	0.07951	0.39136	0.32557	0.04596	0.00717	0.00205	0.00302	0.03021	0.00488	0.00449
14	0.02857	0.03749	0.04038	0.06429	0.19793	0.01075	0.21747	0.03649	0.02490	0.07452	0.03784	0.03856	0.09119	0.02248	0.00585	0.00170	0.00596	0.00612	0.05069	0.00683
15	0.03011	0.21072	0.15375	0.03404	0.10342	0.20850	0.03302	0.05861	0.03819	0.04497	0.03208	0.01172	0.00877	0.00525	0.00461	0.00144	0.00688	0.00395	0.00293	0.00705
16	0.00969	0.00578	0.00766	0.00810	0.00934	0.00544	0.00613	0.01154	0.03434	0.13704	0.02809	0.45824	0.06562	0.01389	0.00648	0.00207	0.00366	0.17657	0.00510	0.00522
17	0.01132	0.01122	0.03723	0.27075	0.40537	0.01154	0.05945	0.01481	0.03038	0.01567	0.01211	0.05485	0.03106	0.00570	0.00533	0.00166	0.00630	0.00543	0.00273	0.00708
18	0.01349	0.05274	0.06552	0.11557	0.15546	0.01154	0.18860	0.05478	0.04573	0.12799	0.01369	0.05475	0.01124	0.03108	0.00612	0.00179	0.00634	0.03283	0.00353	0.00718
19	0.01135	0.11162	0.50585	0.01665	0.06822	0.01327	0.16850	0.01640	0.01126	0.01609	0.00938	0.01143	0.00697	0.00476	0.00502	0.00161	0.00759	0.00424	0.00231	0.00748
20	0.00808	0.00675	0.01116	0.03267	0.01248	0.00655	0.13105	0.01015	0.01128	0.01511	0.09444	0.39172	0.02922	0.01295	0.00675	0.00207	0.01477	0.19341	0.00444	0.00495
21	0.08517	0.04480	0.10193	0.03452	0.01626	0.04471	0.03985	0.33006	0.04091	0.14397	0.03525	0.01467	0.03229	0.00616	0.00502	0.00158	0.00568	0.00481	0.00451	0.00785
22	0.07852	0.01410	0.09184	0.06373	0.19367	0.06608	0.02944	0.18219	0.11047	0.04515	0.03845	0.01520	0.03636	0.00596	0.00508	0.00161	0.00584	0.00493	0.00380	0.00758
23	0.00668	0.00548	0.00592	0.00585	0.00747	0.00483	0.00437	0.00874	0.04251	0.01573	0.19980	0.08603	0.56308	0.01259	0.00614	0.00175	0.00268	0.01066	0.00504	0.00465
24	0.01834	0.05599	0.01573	0.05944	0.01686	0.12579	0.00995	0.54979	0.02102	0.02704	0.01203	0.04224	0.00930	0.00635	0.00510	0.00154	0.00621	0.00478	0.00451	0.00799
25	0.00997	0.00806	0.01017	0.01003	0.01197	0.06210	0.05335	0.01228	0.01224	0.04891	0.02633	0.04695	0.10249	0.01203	0.00656	0.00208	0.00506	0.49760	0.00449	0.05733

[dist]
# distance from previous block
# <min> <max>
0	4

[block]
# block no. 3 follows, 47 sequences, length 26
# corresponding to MSA columns:
# 352-377
name=unknown_D
#
# <colnr> <probs for GDERKNQSTAVLIFYWHMCP>
#	G	D	E	R	K	N	Q	S	T	A	V	L	I	F	Y	W	H	M	C	P
0	0.01043	0.00856	0.01307	0.11167	0.11673	0.00874	0.07713	0.04954	0.06234	0.04486	0.26289	0.03017	0.06241	0.00867	0.00591	0.00176	0.00474	0.10982	0.00441	0.00615
1	0.05400	0.57549	0.14958	0.01012	0.01497	0.04282	0.01054	0.06411	0.01159	0.01481	0.00795	0.00909	0.00676	0.00470	0.00376	0.00126	0.00597	0.00310	0.00248	0.00692
2	0.01196	0.02382	0.53862	0.06335	0.02141	0.13298	0.01654	0.01720	0.04510	0.01570	0.00950	0.01133	0.00706	0.00539	0.00572	0.00165	0.05907	0.00396	0.00242	0.00722
3	0.00753	0.00523	0.00658	0.00658	0.00690	0.00554	0.00428	0.00815	0.00784	0.01077	0.01558	0.02950	0.01694	0.55518	0.28559	0.00617	0.00804	0.00690	0.00303	0.00366
4	0.01822	0.00901	0.01129	0.00912	0.01253	0.00848	0.00733	0.09270	0.10138	0.45138	0.06829	0.07948	0.04569	0.00761	0.00536	0.00162	0.00419	0.00634	0.00579	0.05419
5	0.01176	0.01177	0.10369	0.29199	0.25847	0.01074	0.01363	0.01509	0.01138	0.08059	0.04482	0.01498	0.01009	0.00747	0.05591	0.00204	0.00671	0.00480	0.00294	0.04113
6	0.00849	0.00787	0.05763	0.00927	0.01076	0.00811	0.00770	0.01195	0.09428	0.01342	0.01411	0.01959	0.01273	0.05343	0.58973	0.00675	0.06041	0.00550	0.00301	0.00526
7	0.01628	0.00791	0.01012	0.00837	0.01130	0.00727	0.00674	0.06572	0.04275	0.40567	0.21787	0.02781	0.10704	0.00854	0.00564	0.00166	0.00381	0.03238	0.00591	0.00720
8	0.01165	0.01115	0.01872	0.31497	0.45090	0.01235	0.01508	0.01474	0.01103	0.01531	0.00937	0.01314	0.00766	0.00519	0.00607	0.00167	0.06676	0.00463	0.00246	0.00715
9	0.00743	0.00582	0.00777	0.05814	0.06780	0.00566	0.00615	0.00930	0.03473	0.01457	0.05750	0.45941	0.17857	0.01312	0.00614	0.00190	0.00341	0.01168	0.04605	0.00484
10	0.01196	0.01760	0.27596	0.01680	0.05561	0.07774	0.26668	0.01617	0.01208	0.03868	0.01315	0.02047	0.01137	0.00647	0.00574	0.00178	0.00754	0.13434	0.00298	0.00688
11	0.00983	0.00926	0.01562	0.80447	0.03587	0.01157	0.01446	0.01331	0.01041	0.01331	0.00926	0.01388	0.00694	0.00521	0.00521	0.00174	0.00694	0.00463	0.00231	0.00579
12	0.01500	0.01179	0.05601	0.08898	0.47186	0.01095	0.01374	0.01799	0.01246	0.20879	0.01288	0.01531	0.00980	0.00541	0.00522	0.00161	0.00585	0.02471	0.00356	0.00808
13	0.00752	0.00921	0.14281	0.00814	0.01050	0.00642	0.00756	0.00981	0.01125	0.01490	0.08886	0.16089	0.32864	0.01351	0.05684	0.00226	0.03377	0.06076	0.02125	0.00508
14	0.05724	0.15303	0.01507	0.04868	0.01477	0.38894	0.00885	0.03706	0.04128	0.04624	0.07027	0.02752	0.05763	0.00635	0.00470	0.00143	0.00685	0.00459	0.00332	0.00617
15	0.01244	0.01370	0.09332	0.06328	0.60389	0.01246	0.07251	0.01588	0.01165	0.01666	0.00971	0.01281	0.00798	0.00479	0.00551	0.00160	0.02668	0.00468	0.00253	0.00793
16	0.00751	0.00586	0.00701	0.00758	0.00851	0.03198	0.00560	0.00941	0.03009	0.01578	0.21665	0.40125	0.09157	0.01378	0.00647	0.00198	0.00337	0.12596	0.00499	0.00466
17	0.01321	0.01642	0.19016	0.09934	0.09220	0.09447	0.08268	0.11475	0.16441	0.01881	0.01309	0.05429	0.01047	0.00610	0.00527	0.00166	0.00655	0.00524	0.00347	0.00739
18	0.01363	0.20554	0.30012	0.01318	0.07474	0.02503	0.01293	0.07806	0.07877	0.09180	0.04933	0.01337	0.01043	0.00553	0.00472	0.00151	0.00607	0.00431	0.00333	0.00759
19	0.01237	0.12542	0.24311	0.04938	0.10759	0.01184	0.07941	0.01670	0.06065	0.10086	0.05033	0.01794	0.07896	0.00623	0.00512	0.00160	0.00598	0.01596	0.00339	0.00718
20	0.00763	0.00658	0.04538	0.00852	0.00983	0.00554	0.05457	0.00911	0.01043	0.03232	0.02760	0.47577	0.11682	0.04442	0.03963	0.02508	0.00429	0.06741	0.00439	0.00467
21	0.06604	0.01247	0.04792	0.06945	0.37154	0.05009	0.01242	0.09533	0.01359	0.13766	0.04200	0.01517	0.03198	0.00565	0.00509	0.00158	0.00576	0.00489	0.00365	0.00773
22	0.03148	0.05893	0.16946	0.01612	0.16042	0.08576	0.07171	0.05714	0.11832	0.04440	0.06966	0.01506	0.01202	0.00589	0.00555	0.00160	0.03829	0.00490	0.02599	0.00730
23	0.01051	0.03298	0.02983	0.01255	0.10218	0.02878	0.06933	0.02935	0.03070	0.05306	0.02041	0.24546	0.09840	0.03537	0.01608	0.00195	0.10172	0.00826	0.00379	0.06928
24	0.10105	0.01056	0.01300	0.12422	0.16570	0.06925	0.00969	0.07577	0.04236	0.11051	0.14823	0.05818	0.03568	0.00706	0.00522	0.00163	0.00509	0.00597	0.00411	0.00671
25	0.05662	0.08865	0.01759	0.08422	0.15664	0.16340	0.07852	0.09673	0.09353	0.06565	0.01195	0.01448	0.00952	0.00571	0.00500	0.00157	0.00651	0.03305	0.00346	0.00720

[dist]
# distance from previous block
# <min> <max>
0	3

[block]
# block no. 4 follows, 47 sequences, length 6
# corresponding to MSA columns:
# 381-386
name=unknown_E
#
# <colnr> <probs for GDERKNQSTAVLIFYWHMCP>
#	G	D	E	R	K	N	Q	S	T	A	V	L	I	F	Y	W	H	M	C	P
0	0.01413	0.09597	0.04075	0.05962	0.09754	0.05508	0.03736	0.14874	0.03156	0.11117	0.06750	0.07057	0.03205	0.00744	0.00531	0.00162	0.00540	0.07313	0.00414	0.04092
1	0.04156	0.05957	0.04819	0.43527	0.07310	0.07401	0.06704	0.01428	0.01079	0.01409	0.01038	0.01398	0.02952	0.00673	0.03445	0.00192	0.05189	0.00465	0.00249	0.00608
2	0.06272	0.01208	0.01450	0.05247	0.04917	0.11422	0.11835	0.11639	0.10640	0.03182	0.07494	0.09100	0.03670	0.03916	0.00666	0.00184	0.03019	0.03092	0.00397	0.00647
3	0.03089	0.01116	0.03325	0.04365	0.07773	0.06162	0.03916	0.13531	0.11058	0.17456	0.06156	0.08704	0.01569	0.08525	0.00741	0.00199	0.00524	0.00629	0.00455	0.00708
4	0.01207	0.01078	0.01546	0.06060	0.14783	0.06329	0.12278	0.08085	0.06075	0.04220	0.01674	0.08143	0.05623	0.01120	0.08450	0.03346	0.02109	0.06873	0.00360	0.00642
5	0.05369	0.01076	0.04757	0.25069	0.05995	0.03452	0.06409	0.05404	0.13651	0.04540	0.04001	0.07279	0.09360	0.00724	0.00538	0.00172	0.00553	0.00630	0.00372	0.00648

[dist]
# distance from previous block
# <min> <max>
0	2

[block]
# block no. 5 follows, 47 sequences, length 37
# corresponding to MSA columns:
# 389-395,411-440
name=unknown_F
#
# <colnr> <probs for GDERKNQSTAVLIFYWHMCP>
#	G	D	E	R	K	N	Q	S	T	A	V	L	I	F	Y	W	H	M	C	P
0	0.04672	0.00705	0.00829	0.00792	0.00957	0.02879	0.00596	0.02024	0.05492	0.16603	0.08067	0.19966	0.07199	0.13545	0.05643	0.00274	0.00468	0.08267	0.00474	0.00550
1	0.01391	0.01161	0.01825	0.02522	0.55395	0.01171	0.01343	0.08753	0.03487	0.08330	0.01273	0.01539	0.02893	0.03651	0.02845	0.00189	0.00602	0.00503	0.00332	0.00797
2	0.03150	0.00585	0.00758	0.00719	0.00863	0.00554	0.03684	0.00943	0.01140	0.03824	0.18641	0.12263	0.27173	0.09938	0.10607	0.00295	0.00472	0.03473	0.00450	0.00468
3	0.01299	0.06616	0.11858	0.11547	0.34197	0.05208	0.08726	0.03796	0.03150	0.04644	0.03331	0.01353	0.00928	0.00510	0.00513	0.00158	0.00660	0.00470	0.00287	0.00750
4	0.04259	0.00592	0.00775	0.04091	0.00968	0.00595	0.00581	0.01067	0.03978	0.08235	0.04921	0.18932	0.12031	0.03226	0.09469	0.20017	0.00499	0.04909	0.00400	0.00456
5	0.19936	0.00867	0.00933	0.00810	0.01066	0.00905	0.00646	0.16144	0.01406	0.12645	0.12724	0.04322	0.08743	0.06197	0.02883	0.00209	0.00439	0.05504	0.03003	0.00619
6	0.00851	0.00542	0.00653	0.00653	0.00782	0.00491	0.00476	0.01000	0.01176	0.08705	0.17164	0.22279	0.23920	0.08878	0.00797	0.00210	0.00316	0.03908	0.06719	0.00480
7	0.11154	0.01348	0.01261	0.01268	0.09703	0.17334	0.00881	0.06978	0.26685	0.01860	0.01505	0.01691	0.03768	0.07885	0.00737	0.00194	0.04172	0.00506	0.00387	0.00683
8	0.06984	0.00609	0.00783	0.00758	0.00913	0.00629	0.00589	0.01097	0.01046	0.09357	0.08389	0.09006	0.15959	0.02368	0.36351	0.00476	0.00812	0.02959	0.00403	0.00510
9	0.29456	0.00807	0.00819	0.00738	0.00975	0.00844	0.00579	0.08571	0.01257	0.08983	0.16537	0.09434	0.11845	0.04063	0.00587	0.00183	0.00373	0.02923	0.00458	0.00570
10	0.04702	0.00587	0.00704	0.00702	0.00805	0.00576	0.00486	0.03922	0.01045	0.08513	0.04644	0.30772	0.08959	0.25007	0.05925	0.00321	0.00450	0.00983	0.00434	0.00465
11	0.01088	0.00952	0.01425	0.13814	0.11842	0.05417	0.08659	0.01369	0.03738	0.05305	0.01343	0.05163	0.01200	0.01734	0.25836	0.02679	0.03632	0.03904	0.00308	0.00592
12	0.07122	0.00667	0.00793	0.00728	0.00933	0.00631	0.00567	0.01381	0.04978	0.18156	0.22370	0.08340	0.18012	0.04026	0.00650	0.00186	0.00342	0.06488	0.03055	0.00574
13	0.00673	0.00490	0.00581	0.00631	0.00718	0.00446	0.00437	0.00795	0.01093	0.01451	0.11657	0.38803	0.25384	0.07793	0.00783	0.00213	0.00297	0.01184	0.06140	0.00431
14	0.01018	0.01001	0.01270	0.01113	0.01319	0.11251	0.14285	0.01319	0.07090	0.01526	0.08590	0.18839	0.10578	0.03460	0.04950	0.00229	0.02855	0.08360	0.00403	0.00545
15	0.24096	0.00939	0.01021	0.00850	0.01162	0.00971	0.00683	0.13083	0.05325	0.26660	0.06190	0.04196	0.05233	0.04200	0.02995	0.00199	0.00457	0.00547	0.00492	0.00700
16	0.05337	0.00628	0.00760	0.00720	0.00900	0.00583	0.00543	0.02804	0.01228	0.18219	0.12560	0.24526	0.17578	0.04141	0.00661	0.00192	0.00339	0.03499	0.04229	0.00552
17	0.03076	0.00664	0.00768	0.00737	0.00889	0.00664	0.00539	0.05355	0.10661	0.06648	0.16602	0.23281	0.12845	0.10129	0.00815	0.00215	0.00347	0.00948	0.04281	0.00537
18	0.00919	0.00718	0.00879	0.00892	0.01021	0.02502	0.00714	0.04045	0.05748	0.03646	0.04435	0.21204	0.14151	0.01363	0.03125	0.00227	0.07863	0.25571	0.00458	0.00519
19	0.00913	0.00605	0.00730	0.00711	0.00870	0.00556	0.00535	0.03110	0.02816	0.09517	0.13623	0.19508	0.24977	0.08068	0.00789	0.00211	0.00345	0.08736	0.00495	0.02886
20	0.05551	0.00779	0.00896	0.04789	0.01098	0.00825	0.00636	0.15550	0.04883	0.01879	0.12874	0.02823	0.19420	0.08034	0.12156	0.03196	0.00545	0.00711	0.02805	0.00551
21	0.00723	0.00549	0.00651	0.00699	0.00800	0.00520	0.00496	0.03829	0.04077	0.01481	0.06049	0.45321	0.24359	0.04811	0.00723	0.00209	0.00318	0.03441	0.00483	0.00461
22	0.00918	0.00708	0.00802	0.00771	0.00940	0.00712	0.00580	0.11630	0.09940	0.01803	0.11528	0.24309	0.24086	0.04320	0.00689	0.00197	0.00352	0.04674	0.00497	0.00544
23	0.00815	0.00532	0.00706	0.00732	0.03034	0.00527	0.00492	0.00792	0.00906	0.01198	0.07313	0.05612	0.19822	0.09763	0.04252	0.37174	0.03183	0.00712	0.02082	0.00355
24	0.01080	0.00933	0.01163	0.10758	0.12896	0.05967	0.00889	0.06837	0.08971	0.01604	0.04737	0.09265	0.05544	0.11201	0.05045	0.03593	0.00571	0.07996	0.00374	0.00578
25	0.00912	0.00807	0.00928	0.03848	0.01080	0.10008	0.00698	0.01061	0.00915	0.01199	0.01383	0.02011	0.03286	0.08291	0.53826	0.04907	0.03547	0.00548	0.00280	0.00466
26	0.03244	0.00892	0.01391	0.55419	0.05427	0.02943	0.01234	0.01271	0.01006	0.01341	0.01027	0.01511	0.00834	0.01296	0.18704	0.00324	0.00851	0.00477	0.00247	0.00561
27	0.04721	0.03343	0.01436	0.04539	0.14491	0.08365	0.02872	0.16621	0.05386	0.09348	0.01269	0.02378	0.01019	0.01316	0.17012	0.03571	0.00762	0.00488	0.00370	0.00693
28	0.01250	0.11842	0.24071	0.01220	0.03209	0.03640	0.04855	0.05152	0.14601	0.06433	0.11147	0.01725	0.03251	0.00651	0.00568	0.00162	0.04613	0.00522	0.00370	0.00718
29	0.01181	0.00931	0.01094	0.00796	0.01246	0.00726	0.00637	0.01466	0.04550	0.07307	0.01061	0.01169	0.00846	0.00419	0.00402	0.00088	0.00391	0.00337	0.00343	0.75012
30	0.00703	0.00523	0.00654	0.00637	0.00761	0.00474	0.00472	0.00910	0.01369	0.01877	0.56214	0.11970	0.19169	0.01172	0.00620	0.00171	0.00255	0.01027	0.00547	0.00474
31	0.00825	0.00593	0.00711	0.00708	0.00855	0.00562	0.00530	0.01122	0.08882	0.05731	0.24298	0.22372	0.24262	0.01232	0.00619	0.00184	0.00304	0.05172	0.00521	0.00514
32	0.00874	0.00706	0.00941	0.00917	0.05050	0.02852	0.05609	0.01124	0.03635	0.04781	0.34256	0.11644	0.20966	0.01152	0.02964	0.00191	0.00384	0.00932	0.00490	0.00532
33	0.00699	0.00494	0.00619	0.00671	0.00720	0.00470	0.00451	0.00800	0.01026	0.01378	0.15190	0.37055	0.06839	0.25344	0.01248	0.00291	0.00362	0.05487	0.00448	0.00407
34	0.07122	0.06673	0.03475	0.03993	0.01394	0.02926	0.00749	0.08746	0.01208	0.01838	0.00927	0.01072	0.00752	0.00432	0.00401	0.00101	0.00454	0.00329	0.00318	0.57090
35	0.08959	0.08322	0.25316	0.01365	0.09539	0.01324	0.01243	0.20422	0.05102	0.04066	0.01066	0.01168	0.00796	0.00523	0.00467	0.00149	0.00592	0.00402	0.00343	0.08838
36	0.11699	0.23211	0.09255	0.05070	0.15861	0.15522	0.02774	0.01685	0.01161	0.04557	0.00883	0.01049	0.00717	0.00483	0.00430	0.00139	0.00640	0.00360	0.00271	0.04231

[dist]
# distance from previous block
# <min> <max>
0	2

[block]
# block no. 6 follows, 47 sequences, length 8
# corresponding to MSA columns:
# 443-450
name=unknown_G
#
# <colnr> <probs for GDERKNQSTAVLIFYWHMCP>
#	G	D	E	R	K	N	Q	S	T	A	V	L	I	F	Y	W	H	M	C	P
0	0.00733	0.00505	0.00623	0.00683	0.00760	0.00467	0.00474	0.00833	0.01031	0.04370	0.03123	0.43725	0.18588	0.14945	0.00986	0.00253	0.00347	0.06661	0.00461	0.00431
1	0.04017	0.04903	0.06493	0.00954	0.01225	0.00935	0.03840	0.11926	0.06016	0.13554	0.07090	0.01851	0.03194	0.03359	0.11977	0.16506	0.00622	0.00536	0.00396	0.00606
2	0.01080	0.00926	0.01080	0.00771	0.01234	0.00694	0.00617	0.01311	0.01080	0.01697	0.00926	0.01080	0.00771	0.00386	0.00386	0.00077	0.00386	0.00309	0.00309	0.84882
3	0.00679	0.00486	0.00595	0.00649	0.00698	0.00456	0.00426	0.00766	0.01006	0.01335	0.11423	0.41133	0.12196	0.24285	0.01217	0.00285	0.00349	0.01167	0.00446	0.00402
4	0.17608	0.07237	0.19390	0.01222	0.01682	0.08760	0.06855	0.19195	0.03406	0.05869	0.01028	0.01132	0.00761	0.00545	0.00504	0.00159	0.03166	0.00405	0.00347	0.00730
5	0.14584	0.01155	0.03806	0.25588	0.10054	0.03734	0.01085	0.13801	0.09260	0.01958	0.01394	0.01563	0.06531	0.00600	0.00491	0.00163	0.00562	0.00485	0.00348	0.02838
6	0.00662	0.00488	0.00602	0.00666	0.00737	0.00449	0.00459	0.00772	0.01066	0.01396	0.11048	0.45728	0.19160	0.10630	0.00877	0.00233	0.00317	0.03811	0.00473	0.00423
7	0.00745	0.00515	0.00640	0.00665	0.00771	0.00465	0.00473	0.00890	0.01186	0.05312	0.23805	0.36162	0.20789	0.04240	0.00704	0.00198	0.00292	0.01174	0.00510	0.00464

[dist]
# distance from previous block
# <min> <max>
0	3

[block]
# block no. 7 follows, 47 sequences, length 15
# corresponding to MSA columns:
# 454-468
name=unknown_H
#
# <colnr> <probs for GDERKNQSTAVLIFYWHMCP>
#	G	D	E	R	K	N	Q	S	T	A	V	L	I	F	Y	W	H	M	C	P
0	0.01451	0.01072	0.01160	0.01001	0.01296	0.01191	0.00789	0.20060	0.41252	0.07624	0.01915	0.07160	0.01501	0.00735	0.00519	0.00167	0.00427	0.00606	0.09293	0.00781
1	0.43071	0.04966	0.04703	0.12708	0.05759	0.01220	0.08574	0.01594	0.06594	0.01952	0.00937	0.01141	0.00732	0.00625	0.03353	0.00188	0.00566	0.00389	0.00304	0.00623
2	0.00949	0.00899	0.04395	0.00960	0.02803	0.06073	0.05510	0.01243	0.04906	0.03718	0.36085	0.06497	0.11979	0.01113	0.04446	0.00204	0.05033	0.02175	0.00460	0.00551
3	0.01578	0.06720	0.13231	0.01060	0.04081	0.00987	0.00948	0.05619	0.05291	0.28754	0.02951	0.01552	0.03620	0.00579	0.00496	0.00141	0.01580	0.00461	0.00437	0.19915
4	0.46685	0.09453	0.01169	0.00874	0.01207	0.14840	0.00716	0.01834	0.06283	0.11233	0.00994	0.01047	0.00750	0.00523	0.00387	0.00152	0.00517	0.00341	0.00356	0.00638
5	0.27505	0.01235	0.10533	0.01126	0.07628	0.01089	0.00928	0.12239	0.01352	0.26701	0.01301	0.01301	0.00899	0.00558	0.00452	0.00159	0.00495	0.00419	0.03326	0.00754
6	0.00840	0.00685	0.00852	0.00950	0.10158	0.00644	0.00620	0.07087	0.01351	0.01767	0.23302	0.09150	0.38405	0.01114	0.00599	0.00171	0.00330	0.00956	0.00483	0.00535
7	0.33005	0.01361	0.10504	0.00989	0.01379	0.01309	0.00888	0.33342	0.01563	0.02547	0.01047	0.01256	0.00820	0.07149	0.00617	0.00187	0.00527	0.00412	0.00394	0.00705
8	0.00777	0.10343	0.00884	0.00692	0.00847	0.00685	0.00530	0.00982	0.04781	0.01496	0.14698	0.27303	0.26876	0.03410	0.00651	0.00188	0.00329	0.03580	0.00463	0.00486
9	0.02568	0.00974	0.01030	0.00897	0.01160	0.07248	0.00697	0.04460	0.16644	0.07377	0.04520	0.09856	0.06717	0.01150	0.10067	0.00233	0.03066	0.00621	0.02263	0.18451
10	0.01192	0.00774	0.00983	0.01029	0.10270	0.00752	0.00691	0.06611	0.04552	0.10555	0.08225	0.02468	0.03356	0.11040	0.00769	0.00194	0.00408	0.06889	0.20775	0.08466
11	0.00983	0.00596	0.00855	0.00929	0.07084	0.00618	0.00590	0.01005	0.09967	0.01123	0.01057	0.01602	0.00981	0.01567	0.01731	0.67770	0.00461	0.00470	0.00265	0.00347
12	0.00968	0.00668	0.00817	0.00797	0.00945	0.00671	0.00594	0.10147	0.04916	0.06756	0.08778	0.33588	0.11819	0.04069	0.09234	0.00270	0.00471	0.03474	0.00481	0.00539
13	0.04892	0.00554	0.00672	0.00667	0.00776	0.00525	0.00470	0.01005	0.01147	0.07633	0.25876	0.24914	0.08579	0.16780	0.00996	0.00243	0.00336	0.00991	0.02475	0.00469
14	0.00988	0.00677	0.00798	0.00708	0.00931	0.00609	0.00543	0.05164	0.03863	0.10127	0.24011	0.10910	0.26488	0.01036	0.00574	0.00161	0.00318	0.00884	0.00508	0.10700

[dist]
# distance from previous block
# <min> <max>
0	5

[block]
# block no. 8 follows, 47 sequences, length 8
# corresponding to MSA columns:
# 474-481
name=unknown_I
#
# <colnr> <probs for GDERKNQSTAVLIFYWHMCP>
#	G	D	E	R	K	N	Q	S	T	A	V	L	I	F	Y	W	H	M	C	P
0	0.01188	0.00834	0.00840	0.00775	0.00966	0.05503	0.00599	0.11063	0.11899	0.04137	0.07125	0.08983	0.01783	0.00780	0.00478	0.00152	0.00372	0.04206	0.37720	0.00596
1	0.09761	0.01734	0.01514	0.07400	0.10651	0.37275	0.04482	0.05905	0.05088	0.07819	0.01040	0.01185	0.00807	0.00620	0.02391	0.00166	0.00755	0.00407	0.00326	0.00673
2	0.01225	0.05184	0.01410	0.06268	0.12504	0.01067	0.06063	0.14129	0.10641	0.04463	0.05640	0.12287	0.05332	0.03814	0.02473	0.00194	0.00513	0.00685	0.05440	0.00669
3	0.06067	0.00750	0.00863	0.00783	0.00981	0.00767	0.00607	0.07728	0.13048	0.06307	0.36233	0.03259	0.09395	0.05544	0.00693	0.00190	0.00350	0.05325	0.00523	0.00587
4	0.08308	0.00760	0.00872	0.00767	0.00976	0.00759	0.00588	0.13795	0.01454	0.11383	0.28600	0.09978	0.10557	0.07992	0.00745	0.00197	0.00367	0.00805	0.00512	0.00584
5	0.04405	0.01012	0.01472	0.29851	0.06023	0.01113	0.04731	0.12404	0.02787	0.14805	0.05219	0.01559	0.01095	0.00745	0.04180	0.00196	0.03658	0.00500	0.00377	0.03866
6	0.01174	0.00879	0.01071	0.06615	0.03346	0.00949	0.00774	0.15091	0.14227	0.06534	0.09355	0.18204	0.09372	0.03587	0.00697	0.00191	0.04094	0.02728	0.00475	0.00637
7	0.04008	0.00648	0.00707	0.00724	0.00848	0.03941	0.00537	0.01075	0.04871	0.02920	0.15563	0.23839	0.13908	0.06354	0.03159	0.00223	0.00384	0.08070	0.07736	0.00483

[dist]
# distance from previous block
# <min> <max>
0	83

# created by:
# /home/cegg/simao/soft/augustus-3.2.1/scripts/msa2prfl.pl ./align_prep/EOG091G0O4W.fa
