[name]
unknown

[dist]
# distance from previous block
# <min> <max>
17	48

[block]
# block no. 0 follows, 43 sequences, length 12
# corresponding to MSA columns:
# 81-92
name=unknown_A
#
# <colnr> <probs for GDERKNQSTAVLIFYWHMCP>
#	G	D	E	R	K	N	Q	S	T	A	V	L	I	F	Y	W	H	M	C	P
0	0.01485	0.03548	0.13642	0.02315	0.35114	0.07017	0.06485	0.15332	0.01515	0.02051	0.01181	0.03080	0.00982	0.00595	0.00556	0.00170	0.00704	0.03067	0.00333	0.00829
1	0.01392	0.16149	0.01952	0.01372	0.01581	0.10528	0.06511	0.01773	0.12536	0.01513	0.01012	0.01279	0.00878	0.00761	0.01118	0.00196	0.38000	0.00469	0.00298	0.00681
2	0.17000	0.01254	0.01381	0.13043	0.01816	0.01421	0.00980	0.35014	0.11995	0.02733	0.06833	0.01579	0.01263	0.00666	0.00523	0.00174	0.00547	0.00515	0.00473	0.00789
3	0.01037	0.15559	0.01229	0.00895	0.01082	0.01007	0.00689	0.06729	0.12673	0.01684	0.02381	0.47747	0.02615	0.01272	0.00609	0.00195	0.00411	0.01114	0.00473	0.00600
4	0.01634	0.68631	0.02655	0.00953	0.01420	0.01981	0.00927	0.01818	0.01196	0.12965	0.00987	0.01041	0.00812	0.00506	0.00386	0.00127	0.00574	0.00336	0.00306	0.00746
5	0.02100	0.01718	0.01648	0.01298	0.01717	0.13446	0.01055	0.64054	0.02446	0.03164	0.01257	0.01279	0.00907	0.00650	0.00546	0.00163	0.00669	0.00477	0.00513	0.00896
6	0.16849	0.66088	0.02515	0.00907	0.01357	0.02016	0.00883	0.01653	0.01091	0.01522	0.00770	0.00891	0.00690	0.00481	0.00353	0.00128	0.00562	0.00297	0.00257	0.00690
7	0.01179	0.17314	0.63818	0.01462	0.02216	0.01454	0.01843	0.01736	0.01161	0.01670	0.00952	0.01117	0.00703	0.00516	0.00495	0.00165	0.00777	0.00388	0.00234	0.00799
8	0.01189	0.08314	0.68397	0.01518	0.02292	0.01373	0.01916	0.05596	0.01241	0.01813	0.00996	0.01158	0.00715	0.00530	0.00516	0.00171	0.00792	0.00406	0.00251	0.00817
9	0.01560	0.60193	0.08584	0.01086	0.01553	0.16220	0.01057	0.01768	0.01211	0.01348	0.00804	0.00931	0.00710	0.00496	0.00396	0.00127	0.00686	0.00316	0.00246	0.00707
10	0.01435	0.38283	0.24534	0.01258	0.03129	0.05753	0.03062	0.09730	0.01330	0.01708	0.02318	0.01179	0.00856	0.02638	0.00516	0.00156	0.00684	0.00393	0.00284	0.00755
11	0.09631	0.26174	0.18616	0.01111	0.01604	0.03506	0.03050	0.03043	0.02348	0.15722	0.02405	0.04108	0.02097	0.00656	0.01568	0.00166	0.00611	0.00462	0.00364	0.02757

[dist]
# distance from previous block
# <min> <max>
1	9

[block]
# block no. 1 follows, 43 sequences, length 18
# corresponding to MSA columns:
# 102-113,116-121
name=unknown_B
#
# <colnr> <probs for GDERKNQSTAVLIFYWHMCP>
#	G	D	E	R	K	N	Q	S	T	A	V	L	I	F	Y	W	H	M	C	P
0	0.01475	0.09386	0.07727	0.01954	0.24086	0.12207	0.07981	0.07171	0.09613	0.01865	0.02946	0.01388	0.01012	0.00562	0.00551	0.00158	0.02313	0.00478	0.00333	0.06792
1	0.00986	0.04650	0.01237	0.04332	0.03808	0.00861	0.05952	0.01256	0.03198	0.05265	0.07738	0.02271	0.04454	0.02823	0.47885	0.00609	0.01117	0.00630	0.00351	0.00575
2	0.04499	0.19771	0.17204	0.01254	0.01712	0.27298	0.01185	0.07090	0.01423	0.09772	0.01055	0.01157	0.00812	0.00659	0.02695	0.00171	0.00783	0.00390	0.00328	0.00741
3	0.06756	0.00870	0.04949	0.03510	0.03696	0.00801	0.00746	0.07135	0.01387	0.01930	0.22197	0.03671	0.27502	0.01211	0.03906	0.00215	0.03439	0.05026	0.00479	0.00576
4	0.00716	0.00512	0.00690	0.00819	0.00869	0.00486	0.00586	0.00843	0.01101	0.01460	0.03030	0.66061	0.03572	0.01696	0.00718	0.00231	0.00357	0.15278	0.00513	0.00461
5	0.01706	0.23414	0.08104	0.01252	0.04035	0.14126	0.02060	0.08890	0.07214	0.13395	0.01220	0.01293	0.00935	0.00671	0.02172	0.00170	0.05421	0.00430	0.00375	0.03120
6	0.03213	0.22673	0.23389	0.01198	0.01727	0.07769	0.01227	0.11242	0.05466	0.03697	0.01076	0.01195	0.00840	0.00660	0.03105	0.00171	0.00687	0.00397	0.00324	0.09946
7	0.01466	0.37077	0.22545	0.03888	0.07976	0.10370	0.01342	0.06509	0.01293	0.01616	0.00905	0.01062	0.00738	0.00515	0.00452	0.00145	0.00709	0.00369	0.00265	0.00757
8	0.01360	0.58895	0.17533	0.01078	0.01592	0.01886	0.01161	0.01636	0.01146	0.01421	0.00991	0.01381	0.00911	0.00570	0.00423	0.00141	0.00630	0.06273	0.00259	0.00716
9	0.00693	0.00550	0.00602	0.00611	0.00751	0.00481	0.00438	0.00831	0.01235	0.01550	0.15589	0.13980	0.49183	0.09953	0.00895	0.00227	0.00310	0.01153	0.00509	0.00459
10	0.06973	0.10914	0.61880	0.01479	0.02219	0.01382	0.04326	0.01736	0.01154	0.01758	0.00959	0.01132	0.00700	0.00518	0.00500	0.00169	0.00771	0.00398	0.00243	0.00789
11	0.75918	0.03765	0.00918	0.00754	0.01107	0.01245	0.00627	0.01704	0.00994	0.07678	0.00870	0.00968	0.00657	0.00525	0.00358	0.00170	0.00437	0.00318	0.00363	0.00627
12	0.04795	0.01620	0.15219	0.01936	0.02493	0.01306	0.48726	0.01849	0.05347	0.06003	0.04241	0.01574	0.01058	0.00533	0.00609	0.00183	0.00814	0.00605	0.00326	0.00761
13	0.01111	0.02865	0.77667	0.01579	0.02397	0.01286	0.02046	0.01754	0.01169	0.01754	0.00994	0.01169	0.00702	0.00526	0.00526	0.00175	0.00818	0.00409	0.00234	0.00818
14	0.04478	0.29569	0.28423	0.01389	0.07926	0.04166	0.01369	0.03841	0.01254	0.09982	0.01077	0.01235	0.00835	0.00543	0.00469	0.00154	0.00670	0.01530	0.00307	0.00784
15	0.35211	0.06440	0.03172	0.00908	0.01307	0.01156	0.00774	0.03726	0.07667	0.29759	0.01439	0.01383	0.00999	0.00595	0.00452	0.00166	0.00469	0.00429	0.00481	0.03465
16	0.02536	0.04061	0.01194	0.01003	0.01301	0.01167	0.00793	0.04254	0.44392	0.03284	0.05473	0.03685	0.09239	0.00939	0.03061	0.00200	0.01689	0.03146	0.00510	0.08072
17	0.01291	0.00922	0.03630	0.00917	0.01200	0.00847	0.03113	0.12820	0.06788	0.14420	0.17894	0.10087	0.21697	0.01042	0.00617	0.00182	0.00412	0.00888	0.00554	0.00677

[dist]
# distance from previous block
# <min> <max>
2	4

[block]
# block no. 2 follows, 43 sequences, length 30
# corresponding to MSA columns:
# 128-157
name=unknown_C
#
# <colnr> <probs for GDERKNQSTAVLIFYWHMCP>
#	G	D	E	R	K	N	Q	S	T	A	V	L	I	F	Y	W	H	M	C	P
0	0.01242	0.39451	0.32020	0.01169	0.01731	0.01618	0.01329	0.01612	0.01179	0.01572	0.08494	0.01367	0.01182	0.00684	0.03077	0.00172	0.00678	0.00421	0.00275	0.00727
1	0.42052	0.09885	0.23700	0.01042	0.01538	0.01355	0.01091	0.01809	0.07536	0.04039	0.01001	0.01104	0.00755	0.00538	0.00423	0.00168	0.00562	0.00366	0.00328	0.00708
2	0.45927	0.12883	0.16251	0.01015	0.01462	0.11206	0.00992	0.01731	0.01093	0.02031	0.00825	0.00963	0.00650	0.00518	0.00400	0.00161	0.00601	0.00328	0.00299	0.00664
3	0.00861	0.00677	0.00914	0.00804	0.01007	0.00618	0.06387	0.01148	0.04608	0.04478	0.38944	0.04203	0.30938	0.01148	0.00647	0.00180	0.00336	0.01005	0.00549	0.00549
4	0.10500	0.01114	0.01744	0.26676	0.22152	0.01194	0.07510	0.03220	0.01185	0.01776	0.03299	0.01450	0.00943	0.00684	0.03677	0.00196	0.02348	0.00487	0.00296	0.09549
5	0.00717	0.00559	0.00621	0.00628	0.00763	0.00498	0.00456	0.00857	0.01222	0.01541	0.15610	0.08233	0.44784	0.15161	0.01041	0.00252	0.00339	0.05764	0.00498	0.00455
6	0.01378	0.01190	0.01252	0.01127	0.01440	0.01378	0.00877	0.02943	0.76081	0.02317	0.02254	0.02066	0.01691	0.00751	0.00564	0.00188	0.00438	0.00626	0.00564	0.00877
7	0.01476	0.00974	0.01182	0.00861	0.01337	0.00757	0.00695	0.01714	0.01255	0.20334	0.01278	0.01329	0.00955	0.00478	0.00446	0.00104	0.00425	0.00384	0.00416	0.63600
8	0.00805	0.00537	0.00604	0.00604	0.00604	0.00537	0.00336	0.00805	0.00805	0.01074	0.01745	0.03624	0.02013	0.80536	0.02819	0.00537	0.00537	0.00805	0.00336	0.00336
9	0.02069	0.02640	0.01569	0.01427	0.01712	0.78313	0.01070	0.02212	0.01569	0.01355	0.00856	0.00999	0.00713	0.00571	0.00499	0.00143	0.00999	0.00357	0.00285	0.00642
10	0.00796	0.00569	0.00782	0.00910	0.00995	0.00554	0.00725	0.00981	0.01180	0.01550	0.02986	0.38955	0.03398	0.01621	0.00739	0.00242	0.00427	0.41597	0.00512	0.00483
11	0.01312	0.09564	0.09631	0.09673	0.42476	0.01422	0.11271	0.01669	0.01213	0.01691	0.01001	0.01321	0.00819	0.00517	0.00595	0.00169	0.04105	0.00486	0.00263	0.00802
12	0.01144	0.09807	0.71013	0.01522	0.02310	0.01367	0.01948	0.01745	0.01165	0.01714	0.00974	0.01144	0.00702	0.00522	0.00511	0.00170	0.00798	0.00399	0.00234	0.00809
13	0.01111	0.02865	0.77667	0.01579	0.02397	0.01286	0.02046	0.01754	0.01169	0.01754	0.00994	0.01169	0.00702	0.00526	0.00526	0.00175	0.00818	0.00409	0.00234	0.00818
14	0.00824	0.00588	0.00814	0.00942	0.01039	0.00578	0.00773	0.01029	0.01207	0.01581	0.02970	0.29532	0.03337	0.01595	0.00747	0.00246	0.00451	0.50746	0.00511	0.00491
15	0.01140	0.02659	0.66486	0.01692	0.02472	0.01303	0.13020	0.01757	0.01190	0.01757	0.01013	0.01218	0.00722	0.00517	0.00545	0.00177	0.00836	0.00446	0.00241	0.00808
16	0.01129	0.10060	0.67705	0.01488	0.02244	0.01338	0.01884	0.01707	0.01161	0.01699	0.01053	0.04196	0.00817	0.00568	0.00517	0.00172	0.00778	0.00444	0.00245	0.00794
17	0.84448	0.01071	0.00814	0.00728	0.01071	0.01242	0.00600	0.01628	0.00943	0.02485	0.00771	0.00900	0.00600	0.00514	0.00343	0.00171	0.00428	0.00300	0.00343	0.00600
18	0.01180	0.03854	0.01651	0.01374	0.01397	0.01612	0.01143	0.01306	0.00859	0.01321	0.00809	0.01334	0.00807	0.03353	0.07118	0.00291	0.69252	0.00495	0.00248	0.00594
19	0.00805	0.00537	0.00604	0.00604	0.00604	0.00537	0.00336	0.00805	0.00805	0.01074	0.01745	0.03624	0.02013	0.80536	0.02819	0.00537	0.00537	0.00805	0.00336	0.00336
20	0.01481	0.80869	0.02902	0.00948	0.01421	0.02191	0.00948	0.01658	0.01125	0.01303	0.00770	0.00888	0.00711	0.00474	0.00355	0.00118	0.00592	0.00296	0.00237	0.00711
21	0.01767	0.01291	0.01735	0.05132	0.30351	0.04438	0.01238	0.14151	0.12161	0.19758	0.01517	0.01571	0.01106	0.00608	0.00552	0.00170	0.00593	0.00522	0.00456	0.00883
22	0.01294	0.23054	0.41026	0.01460	0.02070	0.06489	0.07963	0.01728	0.01171	0.01580	0.00917	0.01116	0.00719	0.00544	0.00588	0.00164	0.06715	0.00403	0.00243	0.00757
23	0.84448	0.01071	0.00814	0.00728	0.01071	0.01242	0.00600	0.01628	0.00943	0.02485	0.00771	0.00900	0.00600	0.00514	0.00343	0.00171	0.00428	0.00300	0.00343	0.00600
24	0.01605	0.01833	0.01531	0.01375	0.01550	0.37371	0.01088	0.01892	0.08822	0.01467	0.01108	0.01579	0.01004	0.00803	0.00996	0.00191	0.28885	0.05942	0.00315	0.00643
25	0.00794	0.00583	0.00838	0.00838	0.00919	0.00664	0.00627	0.00955	0.00875	0.01247	0.01531	0.02440	0.01499	0.18098	0.64555	0.00826	0.01311	0.00632	0.00304	0.00465
26	0.00836	0.00694	0.00866	0.00824	0.00895	0.00777	0.00609	0.00938	0.01007	0.01344	0.05095	0.11571	0.23917	0.22503	0.07967	0.00354	0.18034	0.00911	0.00391	0.00465
27	0.00954	0.00696	0.05921	0.00764	0.00870	0.00568	0.00576	0.00971	0.00971	0.05921	0.08066	0.14226	0.05405	0.21471	0.01709	0.28857	0.00466	0.00800	0.00375	0.00411
28	0.03401	0.08706	0.02037	0.03984	0.42801	0.22783	0.01397	0.03575	0.03120	0.01697	0.00994	0.01232	0.00829	0.00525	0.00514	0.00156	0.00737	0.00437	0.00288	0.00787
29	0.01475	0.01424	0.02125	0.07137	0.60222	0.09362	0.03226	0.01784	0.01301	0.05100	0.01072	0.01363	0.00874	0.00513	0.00546	0.00164	0.00696	0.00485	0.00292	0.00839

[dist]
# distance from previous block
# <min> <max>
2	4

[block]
# block no. 3 follows, 43 sequences, length 21
# corresponding to MSA columns:
# 162-182
name=unknown_D
#
# <colnr> <probs for GDERKNQSTAVLIFYWHMCP>
#	G	D	E	R	K	N	Q	S	T	A	V	L	I	F	Y	W	H	M	C	P
0	0.01271	0.07375	0.36404	0.01424	0.01973	0.07875	0.10829	0.01701	0.01276	0.06923	0.07640	0.07682	0.01454	0.00706	0.00563	0.00176	0.00715	0.02946	0.00337	0.00732
1	0.00764	0.00602	0.00666	0.00638	0.00815	0.00541	0.00486	0.00928	0.01311	0.04194	0.18244	0.04823	0.58057	0.01311	0.00700	0.00186	0.03621	0.01089	0.00526	0.00499
2	0.01146	0.01095	0.01868	0.47398	0.19782	0.01241	0.08084	0.01576	0.05694	0.01590	0.01173	0.04805	0.00959	0.00594	0.00569	0.00182	0.00702	0.00561	0.00286	0.00694
3	0.01481	0.80869	0.02902	0.00948	0.01421	0.02191	0.00948	0.01658	0.01125	0.01303	0.00770	0.00888	0.00711	0.00474	0.00355	0.00118	0.00592	0.00296	0.00237	0.00711
4	0.06877	0.04890	0.03627	0.01369	0.01682	0.49168	0.03407	0.08326	0.06671	0.01692	0.00987	0.01126	0.00798	0.00609	0.00596	0.00158	0.06601	0.00402	0.00325	0.00689
5	0.00962	0.00481	0.00722	0.00722	0.00722	0.00481	0.00481	0.00722	0.00722	0.00962	0.00962	0.01684	0.00962	0.01924	0.02165	0.83886	0.00481	0.00481	0.00241	0.00241
6	0.00713	0.00534	0.00763	0.00844	0.00908	0.00500	0.03597	0.00835	0.01088	0.01445	0.03031	0.70797	0.05376	0.01663	0.00707	0.00224	0.00356	0.05650	0.00504	0.00466
7	0.01417	0.67461	0.15753	0.01056	0.01589	0.02036	0.01136	0.01675	0.01133	0.01381	0.00808	0.00937	0.00709	0.00483	0.00385	0.00128	0.00631	0.00316	0.00236	0.00729
8	0.07710	0.08206	0.01625	0.01329	0.01647	0.60125	0.01027	0.09044	0.01591	0.01632	0.00889	0.01015	0.00727	0.00569	0.00483	0.00145	0.00893	0.00362	0.00311	0.00673
9	0.00676	0.00562	0.00590	0.00583	0.00761	0.00477	0.00437	0.00836	0.01312	0.01615	0.17258	0.05135	0.65135	0.01358	0.00654	0.00185	0.00277	0.01141	0.00530	0.00477
10	0.01460	0.76464	0.07125	0.00983	0.01477	0.02140	0.01010	0.01664	0.01128	0.01328	0.00783	0.00904	0.00710	0.00477	0.00365	0.00122	0.00605	0.00303	0.00237	0.00717
11	0.00962	0.00481	0.00722	0.00722	0.00722	0.00481	0.00481	0.00722	0.00722	0.00962	0.00962	0.01684	0.00962	0.01924	0.02165	0.83886	0.00481	0.00481	0.00241	0.00241
12	0.01021	0.00722	0.00995	0.00876	0.01069	0.00695	0.04658	0.05690	0.01563	0.07361	0.51698	0.03837	0.07836	0.01080	0.00675	0.00183	0.02076	0.06806	0.00573	0.00587
13	0.01355	0.01426	0.05308	0.12522	0.55475	0.05659	0.06813	0.01701	0.01259	0.01730	0.01028	0.01363	0.00841	0.00505	0.00553	0.00168	0.00713	0.00493	0.00270	0.00820
14	0.00713	0.00561	0.00644	0.00629	0.00785	0.00492	0.00469	0.00906	0.01393	0.01818	0.37435	0.07168	0.42427	0.01292	0.00656	0.00182	0.00273	0.01107	0.00557	0.00492
15	0.04186	0.01417	0.07227	0.07823	0.52782	0.04549	0.01550	0.01702	0.01238	0.03723	0.01035	0.01328	0.00845	0.00516	0.00563	0.00163	0.02745	0.00467	0.00285	0.05856
16	0.01546	0.02059	0.30683	0.03808	0.08878	0.11074	0.04114	0.13559	0.06006	0.08087	0.01209	0.01322	0.00881	0.00571	0.00535	0.00166	0.00729	0.00457	0.00356	0.03957
17	0.01441	0.11442	0.02140	0.10120	0.11122	0.11020	0.20006	0.03539	0.07613	0.05980	0.03273	0.04868	0.01214	0.00640	0.00564	0.00172	0.00712	0.03053	0.00350	0.00731
18	0.01377	0.14273	0.14320	0.11470	0.10723	0.01291	0.01215	0.07555	0.02826	0.06776	0.01090	0.01260	0.00843	0.00513	0.00479	0.00141	0.00599	0.00412	0.00327	0.22508
19	0.06590	0.05958	0.01761	0.01680	0.17221	0.14078	0.09434	0.04343	0.11052	0.07470	0.04247	0.02765	0.03187	0.01815	0.00565	0.00167	0.00637	0.00534	0.00383	0.06114
20	0.16076	0.06314	0.01351	0.01178	0.07449	0.08297	0.04457	0.05400	0.02511	0.06139	0.05897	0.04419	0.03436	0.01215	0.11005	0.06030	0.00673	0.00535	0.00369	0.07251

[dist]
# distance from previous block
# <min> <max>
9	53

[block]
# block no. 4 follows, 43 sequences, length 30
# corresponding to MSA columns:
# 239-268
name=unknown_E
#
# <colnr> <probs for GDERKNQSTAVLIFYWHMCP>
#	G	D	E	R	K	N	Q	S	T	A	V	L	I	F	Y	W	H	M	C	P
0	0.04668	0.10276	0.05899	0.01409	0.11218	0.05386	0.05356	0.10534	0.01393	0.05603	0.03496	0.05287	0.01242	0.00659	0.00543	0.00153	0.02303	0.04974	0.00372	0.19232
1	0.00922	0.00643	0.00802	0.02626	0.00938	0.00660	0.00570	0.04794	0.03567	0.03791	0.09889	0.14908	0.05800	0.30085	0.12193	0.00417	0.00597	0.05880	0.00432	0.00485
2	0.01643	0.48799	0.06224	0.01110	0.01562	0.12527	0.01034	0.14165	0.05192	0.01751	0.00962	0.01051	0.00799	0.00536	0.00428	0.00136	0.00655	0.00361	0.00313	0.00754
3	0.01347	0.05472	0.14430	0.03524	0.11003	0.06694	0.08088	0.04508	0.01272	0.06922	0.03727	0.05942	0.03483	0.00687	0.00691	0.00169	0.10006	0.00556	0.00340	0.11139
4	0.01076	0.05082	0.04574	0.03821	0.10209	0.03466	0.05972	0.06442	0.05640	0.01779	0.09656	0.10701	0.22684	0.01104	0.03477	0.00207	0.02203	0.00842	0.00429	0.00636
5	0.05761	0.03884	0.12672	0.01562	0.11955	0.02682	0.10028	0.06446	0.03860	0.24370	0.02952	0.01671	0.01154	0.00611	0.00544	0.00168	0.00615	0.02703	0.00437	0.05925
6	0.01072	0.00847	0.00987	0.03345	0.01162	0.03180	0.00719	0.09656	0.10416	0.03419	0.17036	0.28549	0.06464	0.02884	0.00756	0.00206	0.05001	0.03187	0.00512	0.00601
7	0.00840	0.00747	0.04792	0.00987	0.03326	0.00730	0.00759	0.01143	0.06763	0.01438	0.01916	0.22532	0.01955	0.02963	0.45713	0.00604	0.01040	0.00841	0.00370	0.00540
8	0.01258	0.01577	0.18709	0.04804	0.33868	0.01258	0.07863	0.03982	0.06263	0.01808	0.01273	0.01802	0.01086	0.04664	0.00715	0.00198	0.02681	0.05090	0.00310	0.00789
9	0.11227	0.06613	0.17431	0.03811	0.13065	0.04329	0.16997	0.05561	0.01317	0.10930	0.01186	0.03041	0.00904	0.00559	0.00533	0.00171	0.00701	0.00501	0.00341	0.00780
10	0.00769	0.00598	0.00716	0.00764	0.00917	0.00553	0.00614	0.00991	0.03049	0.01631	0.10643	0.10621	0.37592	0.01432	0.00695	0.00213	0.00367	0.26817	0.00522	0.00496
11	0.00718	0.00540	0.00742	0.00787	0.00871	0.00498	0.02884	0.00868	0.01201	0.01617	0.20114	0.54324	0.09696	0.01530	0.00689	0.00209	0.00324	0.01382	0.00529	0.00477
12	0.04091	0.08686	0.34745	0.01508	0.07108	0.04959	0.04653	0.11249	0.06450	0.03519	0.01209	0.04565	0.00957	0.00602	0.00522	0.00167	0.00695	0.00485	0.00332	0.03496
13	0.00799	0.00580	0.00744	0.00786	0.00866	0.00586	0.00562	0.03982	0.01093	0.01465	0.05033	0.33587	0.08734	0.15820	0.17243	0.00413	0.00621	0.06176	0.00442	0.00468
14	0.00781	0.00558	0.00764	0.00892	0.00971	0.00541	0.00698	0.00954	0.01165	0.01532	0.02994	0.44184	0.03431	0.01635	0.00735	0.00240	0.00413	0.36519	0.00512	0.00479
15	0.01248	0.01497	0.13074	0.02416	0.37653	0.04637	0.12738	0.01636	0.03401	0.01730	0.01381	0.13407	0.01288	0.00695	0.00584	0.00178	0.00681	0.00669	0.00315	0.00773
16	0.01158	0.01081	0.04445	0.00983	0.05206	0.00791	0.00768	0.01425	0.01155	0.01803	0.00988	0.01161	0.00818	0.00419	0.00422	0.00090	0.00440	0.00340	0.00321	0.76186
17	0.55123	0.01178	0.01194	0.08010	0.14868	0.04492	0.00909	0.01709	0.04581	0.02217	0.00911	0.01092	0.00717	0.00527	0.00414	0.00171	0.00520	0.00369	0.00330	0.00665
18	0.01111	0.02865	0.77667	0.01579	0.02397	0.01286	0.02046	0.01754	0.01169	0.01754	0.00994	0.01169	0.00702	0.00526	0.00526	0.00175	0.00818	0.00409	0.00234	0.00818
19	0.01510	0.01301	0.01324	0.01160	0.01491	0.04588	0.00910	0.13229	0.62534	0.02445	0.02065	0.01917	0.01544	0.00732	0.00560	0.00183	0.00486	0.00597	0.00551	0.00876
20	0.00757	0.00565	0.00703	0.00669	0.00811	0.00511	0.00502	0.00994	0.01505	0.02072	0.62123	0.04383	0.19985	0.01188	0.00653	0.00177	0.00265	0.01036	0.00590	0.00511
21	0.01913	0.01221	0.01457	0.01350	0.09561	0.07291	0.02889	0.18737	0.04961	0.30432	0.04075	0.09031	0.02988	0.00773	0.00572	0.00174	0.00552	0.00646	0.00542	0.00836
22	0.07198	0.01227	0.01986	0.07981	0.49728	0.01240	0.05007	0.03907	0.01309	0.10882	0.01224	0.01559	0.00977	0.00557	0.00547	0.00171	0.00633	0.02693	0.00341	0.00832
23	0.11921	0.01036	0.01217	0.00973	0.01357	0.01028	0.00795	0.12726	0.09507	0.44126	0.01873	0.01723	0.01257	0.00666	0.00518	0.00169	0.00465	0.00522	0.07259	0.00861
24	0.00675	0.00495	0.00634	0.00741	0.00796	0.00454	0.00502	0.00782	0.01101	0.01446	0.05322	0.68020	0.13652	0.01674	0.00698	0.00218	0.00314	0.01504	0.00517	0.00454
25	0.01221	0.01152	0.01929	0.40172	0.13268	0.04455	0.15747	0.01578	0.01215	0.03838	0.02623	0.01558	0.00940	0.00552	0.00559	0.00175	0.00720	0.00532	0.07088	0.00678
26	0.01046	0.00984	0.01661	0.79205	0.03814	0.01230	0.01538	0.01415	0.01107	0.01415	0.00984	0.01477	0.00738	0.00554	0.00554	0.00185	0.00738	0.00492	0.00246	0.00615
27	0.00689	0.00505	0.00669	0.00782	0.00819	0.00485	0.00530	0.00788	0.01062	0.01415	0.03088	0.75041	0.06448	0.01701	0.00736	0.00224	0.02529	0.01528	0.00507	0.00455
28	0.74850	0.01153	0.00897	0.00789	0.01136	0.04480	0.00646	0.04804	0.01060	0.04911	0.00844	0.00954	0.00644	0.00528	0.00365	0.00170	0.00461	0.00319	0.00360	0.00627
29	0.54632	0.03253	0.01246	0.01330	0.16646	0.01282	0.00876	0.06223	0.01158	0.07534	0.00958	0.01090	0.00733	0.00530	0.00413	0.00168	0.00494	0.00369	0.00362	0.00704

[dist]
# distance from previous block
# <min> <max>
13	94

[block]
# block no. 5 follows, 43 sequences, length 18
# corresponding to MSA columns:
# 374-391
name=unknown_F
#
# <colnr> <probs for GDERKNQSTAVLIFYWHMCP>
#	G	D	E	R	K	N	Q	S	T	A	V	L	I	F	Y	W	H	M	C	P
0	0.05085	0.09364	0.22630	0.08449	0.07869	0.07530	0.02873	0.11374	0.01392	0.04186	0.01403	0.06234	0.04918	0.00661	0.00524	0.00166	0.00665	0.00532	0.00340	0.03804
1	0.04968	0.17107	0.04378	0.10907	0.05439	0.15096	0.06764	0.16653	0.05055	0.06868	0.01132	0.01266	0.00863	0.00569	0.00504	0.00158	0.00700	0.00444	0.00364	0.00766
2	0.01546	0.01439	0.01810	0.07215	0.22188	0.11232	0.07377	0.15536	0.08380	0.03589	0.01218	0.01412	0.00953	0.00693	0.03461	0.00185	0.00701	0.00489	0.00368	0.10207
3	0.01320	0.04947	0.32053	0.01781	0.11737	0.01260	0.15827	0.03264	0.05969	0.08266	0.03836	0.03292	0.02702	0.00604	0.00564	0.00176	0.00714	0.00552	0.00338	0.00799
4	0.01463	0.09384	0.09586	0.07191	0.25301	0.11890	0.04096	0.06730	0.01387	0.04900	0.04697	0.01621	0.01140	0.00601	0.00534	0.00161	0.00683	0.03752	0.00331	0.04552
5	0.00727	0.00536	0.00668	0.00719	0.00812	0.00495	0.00516	0.00877	0.01220	0.01616	0.21081	0.34001	0.18619	0.08094	0.00865	0.00234	0.00333	0.07599	0.00522	0.00467
6	0.01279	0.18965	0.09156	0.01074	0.01424	0.01285	0.03701	0.05048	0.21424	0.06148	0.03340	0.19778	0.03324	0.00896	0.00553	0.00177	0.00505	0.00759	0.00442	0.00722
7	0.01287	0.07299	0.10790	0.20367	0.31963	0.01307	0.05628	0.03857	0.01249	0.04108	0.01178	0.05033	0.00997	0.00595	0.00550	0.00173	0.00680	0.01874	0.00297	0.00767
8	0.00691	0.00498	0.00659	0.00782	0.00828	0.00466	0.00540	0.00802	0.01087	0.01437	0.03158	0.70901	0.06920	0.01704	0.00709	0.00226	0.00335	0.07290	0.00514	0.00455
9	0.01443	0.01210	0.01276	0.01121	0.01446	0.01382	0.00880	0.12626	0.62736	0.02438	0.02282	0.02115	0.05009	0.00769	0.00566	0.00185	0.00454	0.00634	0.00560	0.00867
10	0.20892	0.02081	0.41948	0.01313	0.01935	0.01286	0.03621	0.10149	0.01321	0.08960	0.01091	0.01198	0.00769	0.00552	0.00493	0.00173	0.00675	0.00414	0.00338	0.00790
11	0.00705	0.00497	0.00637	0.00738	0.00795	0.00468	0.00504	0.00822	0.01079	0.01464	0.03130	0.63535	0.10374	0.01736	0.04331	0.00245	0.00367	0.01411	0.06702	0.00459
12	0.02288	0.00935	0.01248	0.00970	0.01369	0.00831	0.00796	0.06329	0.01637	0.65754	0.09907	0.02090	0.01750	0.00731	0.00567	0.00171	0.00457	0.00600	0.00671	0.00899
13	0.01749	0.45218	0.02295	0.01166	0.01554	0.36882	0.01003	0.01910	0.01328	0.01327	0.00809	0.00939	0.00712	0.00518	0.00421	0.00129	0.00778	0.00324	0.00259	0.00679
14	0.01313	0.11778	0.20494	0.10117	0.11047	0.03331	0.17791	0.07556	0.02451	0.01786	0.01109	0.01452	0.00883	0.00701	0.03875	0.00202	0.00791	0.02274	0.00292	0.00759
15	0.00720	0.00548	0.00663	0.00729	0.00841	0.00500	0.00544	0.00867	0.01192	0.01519	0.07828	0.31056	0.30754	0.04912	0.00786	0.00227	0.00348	0.14988	0.00511	0.00467
16	0.00745	0.00548	0.00702	0.00751	0.00842	0.00517	0.00536	0.00961	0.03988	0.01748	0.29579	0.42776	0.09112	0.01455	0.00681	0.00204	0.00307	0.03506	0.00550	0.00494
17	0.12825	0.01314	0.01610	0.01288	0.01670	0.05591	0.12408	0.13584	0.22854	0.15733	0.01590	0.01584	0.01150	0.00649	0.00589	0.00179	0.03548	0.00535	0.00483	0.00818

[dist]
# distance from previous block
# <min> <max>
0	1

[block]
# block no. 6 follows, 43 sequences, length 20
# corresponding to MSA columns:
# 397-407,409-417
name=unknown_G
#
# <colnr> <probs for GDERKNQSTAVLIFYWHMCP>
#	G	D	E	R	K	N	Q	S	T	A	V	L	I	F	Y	W	H	M	C	P
0	0.03276	0.01283	0.05919	0.09993	0.03238	0.05323	0.02670	0.14316	0.24108	0.07321	0.04564	0.05453	0.04872	0.00803	0.00609	0.02244	0.00555	0.02218	0.00471	0.00764
1	0.84448	0.01071	0.00814	0.00728	0.01071	0.01242	0.00600	0.01628	0.00943	0.02485	0.00771	0.00900	0.00600	0.00514	0.00343	0.00171	0.00428	0.00300	0.00343	0.00600
2	0.01655	0.19504	0.05751	0.01248	0.01560	0.41241	0.01049	0.01847	0.01383	0.01452	0.07308	0.01550	0.01227	0.00675	0.00591	0.00155	0.06423	0.04426	0.00308	0.00647
3	0.00836	0.00598	0.00824	0.00894	0.00989	0.00617	0.00718	0.01028	0.01112	0.01489	0.05671	0.09926	0.02712	0.14275	0.19057	0.00440	0.00716	0.37185	0.00438	0.00476
4	0.08961	0.36860	0.28524	0.01239	0.01813	0.05777	0.04393	0.03817	0.01197	0.01652	0.00883	0.01030	0.00710	0.00506	0.00439	0.00148	0.00692	0.00360	0.00259	0.00742
5	0.00719	0.00582	0.00635	0.00619	0.00788	0.00514	0.00461	0.00934	0.03734	0.01713	0.25393	0.04837	0.52002	0.03745	0.00718	0.00194	0.00288	0.01093	0.00537	0.00492
6	0.00791	0.00593	0.00890	0.00890	0.00989	0.00692	0.00692	0.00989	0.00890	0.01286	0.01483	0.02176	0.01385	0.04154	0.78341	0.00890	0.01483	0.00593	0.00297	0.00494
7	0.01331	0.03952	0.16607	0.02086	0.02683	0.01424	0.54736	0.06793	0.01366	0.01875	0.01102	0.01407	0.00819	0.00491	0.00615	0.00181	0.00881	0.00589	0.00289	0.00772
8	0.01151	0.12910	0.38352	0.04119	0.05251	0.01330	0.12245	0.01597	0.01156	0.01621	0.01190	0.06527	0.01038	0.03169	0.02366	0.00203	0.02524	0.02248	0.00272	0.00731
9	0.04969	0.01256	0.01315	0.01140	0.01480	0.01439	0.00900	0.17181	0.58436	0.02556	0.02010	0.01872	0.01497	0.00724	0.00552	0.00183	0.00472	0.00587	0.00552	0.00878
10	0.00823	0.00617	0.00903	0.07936	0.01173	0.00711	0.00702	0.01006	0.00904	0.01285	0.01490	0.02345	0.01429	0.16139	0.56799	0.00747	0.01227	0.00616	0.02666	0.00480
11	0.01140	0.06011	0.69921	0.01634	0.04808	0.01328	0.04132	0.01749	0.01174	0.01738	0.00990	0.01174	0.00712	0.00521	0.00524	0.00173	0.00807	0.00414	0.00237	0.00814
12	0.03068	0.01263	0.06678	0.10033	0.32688	0.01193	0.13487	0.02984	0.01222	0.03582	0.01314	0.01864	0.02553	0.04311	0.06026	0.00244	0.02231	0.04211	0.00307	0.00741
13	0.00676	0.00533	0.00612	0.00665	0.00786	0.00469	0.00478	0.00808	0.01197	0.01502	0.07727	0.34726	0.42431	0.01525	0.00679	0.00204	0.00303	0.03697	0.00518	0.00464
14	0.03414	0.01395	0.03229	0.01803	0.16016	0.09591	0.17145	0.08404	0.04416	0.19555	0.04821	0.01625	0.01201	0.00610	0.00593	0.00171	0.02398	0.00552	0.02254	0.00807
15	0.02956	0.00921	0.02651	0.03112	0.13709	0.03177	0.02405	0.04224	0.01083	0.02960	0.01508	0.04127	0.01489	0.20104	0.23359	0.00470	0.05181	0.05656	0.00334	0.00575
16	0.01256	0.01165	0.04983	0.16379	0.31518	0.01132	0.07847	0.04773	0.01277	0.05909	0.02847	0.14002	0.01404	0.00801	0.02088	0.00195	0.00646	0.00691	0.00348	0.00740
17	0.00784	0.00603	0.00708	0.00732	0.00865	0.00567	0.00533	0.04201	0.04411	0.01712	0.16124	0.33631	0.28303	0.01429	0.00669	0.00200	0.00320	0.03165	0.00534	0.00509
18	0.01531	0.09658	0.09169	0.05912	0.38441	0.08787	0.03130	0.04296	0.01326	0.08681	0.01097	0.01316	0.00864	0.00541	0.00562	0.00163	0.02935	0.00462	0.00313	0.00818
19	0.11185	0.10138	0.09317	0.03248	0.16895	0.06032	0.05381	0.10619	0.04473	0.06859	0.01211	0.04742	0.00986	0.00594	0.00504	0.00161	0.00620	0.00489	0.00361	0.06184

[dist]
# distance from previous block
# <min> <max>
0	19

[block]
# block no. 7 follows, 43 sequences, length 10
# corresponding to MSA columns:
# 437-442,446-449
name=unknown_H
#
# <colnr> <probs for GDERKNQSTAVLIFYWHMCP>
#	G	D	E	R	K	N	Q	S	T	A	V	L	I	F	Y	W	H	M	C	P
0	0.01401	0.11176	0.19570	0.01361	0.08641	0.05722	0.03272	0.03383	0.03190	0.10831	0.08097	0.01564	0.01290	0.00694	0.02931	0.00171	0.00633	0.00478	0.00364	0.15231
1	0.01483	0.16484	0.29766	0.07042	0.06750	0.04384	0.01412	0.05938	0.01316	0.12582	0.01138	0.01256	0.00836	0.00540	0.00494	0.00156	0.00676	0.00418	0.00329	0.06999
2	0.01629	0.41797	0.06401	0.01135	0.05573	0.04627	0.00996	0.04521	0.01289	0.14639	0.01094	0.01157	0.00856	0.00517	0.00430	0.00131	0.00580	0.00372	0.00342	0.11915
3	0.01349	0.07848	0.39068	0.01281	0.01863	0.04619	0.01424	0.05262	0.05060	0.09819	0.04393	0.03319	0.02651	0.00654	0.00531	0.00167	0.00662	0.03152	0.00358	0.06519
4	0.00694	0.00498	0.00655	0.00766	0.00812	0.00465	0.00523	0.00805	0.01096	0.01461	0.07082	0.67871	0.06193	0.04089	0.00769	0.00232	0.00332	0.04690	0.00514	0.00454
5	0.01406	0.65168	0.17952	0.01075	0.01618	0.02009	0.01169	0.01678	0.01134	0.01394	0.00815	0.00945	0.00709	0.00484	0.00390	0.00130	0.00638	0.00319	0.00236	0.00732
6	0.01203	0.00696	0.00958	0.00994	0.01184	0.00666	0.00857	0.01445	0.01337	0.16910	0.02894	0.05331	0.05894	0.01355	0.00718	0.00235	0.00493	0.55690	0.00545	0.00595
7	0.01140	0.00634	0.00821	0.00760	0.00874	0.00636	0.00531	0.01238	0.00986	0.16510	0.01761	0.02872	0.01709	0.43242	0.23346	0.00561	0.00787	0.00696	0.00395	0.00502
8	0.12941	0.03285	0.01212	0.00941	0.01285	0.00993	0.00761	0.11963	0.01476	0.39956	0.01726	0.01857	0.01258	0.09137	0.08482	0.00278	0.00595	0.00536	0.00535	0.00784
9	0.01379	0.53144	0.11340	0.09246	0.09298	0.01875	0.01208	0.01691	0.03605	0.01450	0.00894	0.01068	0.00761	0.00499	0.00421	0.00139	0.00635	0.00360	0.00252	0.00736

[dist]
# distance from previous block
# <min> <max>
0	3

[block]
# block no. 8 follows, 43 sequences, length 9
# corresponding to MSA columns:
# 453-461
name=unknown_I
#
# <colnr> <probs for GDERKNQSTAVLIFYWHMCP>
#	G	D	E	R	K	N	Q	S	T	A	V	L	I	F	Y	W	H	M	C	P
0	0.01348	0.04804	0.35057	0.01626	0.09679	0.04407	0.05787	0.09535	0.04554	0.04142	0.04784	0.01413	0.01042	0.00595	0.00603	0.00170	0.04866	0.00478	0.00327	0.04784
1	0.07244	0.08839	0.07075	0.04710	0.44024	0.01380	0.03705	0.05600	0.03669	0.06931	0.01124	0.01340	0.00887	0.00526	0.00519	0.00164	0.00635	0.00469	0.00323	0.00834
2	0.05760	0.04287	0.27002	0.05558	0.09165	0.07308	0.01415	0.09535	0.02812	0.04612	0.03525	0.04493	0.01051	0.00673	0.00687	0.00180	0.10353	0.00502	0.00329	0.00754
3	0.15253	0.08176	0.01822	0.05978	0.28989	0.01265	0.08423	0.03660	0.04783	0.01865	0.01354	0.13465	0.01276	0.00705	0.00533	0.00175	0.00581	0.00633	0.00340	0.00725
4	0.10026	0.10803	0.24909	0.03213	0.03182	0.02881	0.07515	0.11384	0.03440	0.10711	0.03440	0.01360	0.00982	0.00572	0.00507	0.00165	0.00654	0.00458	0.00368	0.03428
5	0.12048	0.04126	0.11798	0.10854	0.27003	0.05824	0.06205	0.08003	0.05497	0.01970	0.01072	0.01302	0.00837	0.00538	0.00519	0.00169	0.00678	0.00461	0.00314	0.00782
6	0.01254	0.06597	0.09363	0.01564	0.16933	0.01096	0.05361	0.07250	0.05812	0.05633	0.01896	0.14886	0.06885	0.00831	0.00568	0.00172	0.00545	0.03277	0.00399	0.09681
7	0.10384	0.11010	0.16408	0.01357	0.08239	0.03825	0.03613	0.08975	0.12806	0.04678	0.05232	0.06035	0.01318	0.00666	0.00514	0.00167	0.00585	0.00540	0.00388	0.03259
8	0.05698	0.04447	0.16177	0.04245	0.11068	0.04529	0.02629	0.09752	0.08237	0.06729	0.01548	0.03196	0.05416	0.00646	0.00524	0.00161	0.00596	0.01983	0.00382	0.12040

[dist]
# distance from previous block
# <min> <max>
1	34

[block]
# block no. 9 follows, 43 sequences, length 14
# corresponding to MSA columns:
# 496-509
name=unknown_J
#
# <colnr> <probs for GDERKNQSTAVLIFYWHMCP>
#	G	D	E	R	K	N	Q	S	T	A	V	L	I	F	Y	W	H	M	C	P
0	0.07204	0.12718	0.18054	0.02454	0.05878	0.05712	0.04003	0.13445	0.10301	0.05250	0.01271	0.03485	0.01009	0.02263	0.00552	0.00170	0.00633	0.00480	0.00372	0.04747
1	0.05939	0.06155	0.10833	0.01339	0.10756	0.05399	0.01040	0.08259	0.11633	0.09970	0.08887	0.08859	0.05232	0.00784	0.00550	0.00172	0.00535	0.00651	0.00444	0.02562
2	0.01584	0.15924	0.07797	0.01344	0.06670	0.11734	0.04286	0.21159	0.03067	0.03681	0.04292	0.07562	0.01244	0.00674	0.00519	0.00155	0.00635	0.00539	0.00391	0.06744
3	0.03328	0.21691	0.12079	0.01415	0.11090	0.04849	0.02709	0.09747	0.07217	0.06160	0.04919	0.01473	0.01144	0.00587	0.00490	0.00151	0.00601	0.01659	0.00363	0.08327
4	0.01270	0.12705	0.35295	0.01456	0.06873	0.05906	0.04716	0.03392	0.04717	0.03970	0.04662	0.04173	0.04750	0.00640	0.00526	0.00165	0.00682	0.00522	0.00320	0.03258
5	0.00788	0.00582	0.00741	0.00733	0.00853	0.00552	0.00537	0.01081	0.05561	0.02025	0.54104	0.20835	0.07003	0.01253	0.00660	0.00187	0.00285	0.01113	0.00583	0.00524
6	0.01095	0.00834	0.01135	0.01240	0.07623	0.00865	0.02662	0.04532	0.13071	0.03681	0.04466	0.06964	0.02536	0.02926	0.02639	0.00245	0.00531	0.40286	0.02042	0.00627
7	0.00962	0.00481	0.00722	0.00722	0.00722	0.00481	0.00481	0.00722	0.00722	0.00962	0.00962	0.01684	0.00962	0.01924	0.02165	0.83886	0.00481	0.00481	0.00241	0.00241
8	0.01133	0.07530	0.73195	0.01541	0.02339	0.01340	0.01981	0.01748	0.01167	0.01727	0.00980	0.01152	0.00702	0.00523	0.00516	0.00172	0.00805	0.00402	0.00234	0.00812
9	0.00765	0.00557	0.00758	0.00782	0.00850	0.00598	0.00559	0.00894	0.00922	0.01271	0.02065	0.17181	0.06125	0.21698	0.41691	0.00644	0.00976	0.00858	0.00358	0.00447
10	0.01341	0.01286	0.02195	0.10259	0.70451	0.01308	0.01685	0.01674	0.01247	0.01774	0.01037	0.01380	0.00865	0.00499	0.00549	0.00166	0.00665	0.00493	0.00272	0.00854
11	0.00934	0.00657	0.05626	0.04205	0.00976	0.00562	0.00632	0.00833	0.00835	0.01127	0.03576	0.11412	0.01402	0.01728	0.01764	0.62003	0.00487	0.00628	0.00286	0.00328
12	0.01408	0.15829	0.30154	0.01684	0.12803	0.01518	0.06162	0.15275	0.04329	0.02017	0.01132	0.03228	0.00894	0.00573	0.00519	0.00165	0.00697	0.00471	0.00322	0.00819
13	0.01613	0.06326	0.07419	0.01850	0.09352	0.29985	0.24243	0.04776	0.04343	0.01677	0.01127	0.01334	0.02302	0.00549	0.00554	0.00163	0.00860	0.00495	0.00302	0.00731

[dist]
# distance from previous block
# <min> <max>
1	2

[block]
# block no. 10 follows, 43 sequences, length 24
# corresponding to MSA columns:
# 513-535,537
name=unknown_K
#
# <colnr> <probs for GDERKNQSTAVLIFYWHMCP>
#	G	D	E	R	K	N	Q	S	T	A	V	L	I	F	Y	W	H	M	C	P
0	0.06791	0.28137	0.11207	0.01286	0.05903	0.13200	0.01124	0.13377	0.05878	0.06637	0.01089	0.01168	0.00848	0.00558	0.00464	0.00150	0.00660	0.00398	0.00349	0.00776
1	0.01794	0.12983	0.15075	0.01163	0.01644	0.01395	0.01107	0.21994	0.10653	0.20758	0.02838	0.01530	0.01148	0.00636	0.00520	0.00164	0.00574	0.00492	0.02671	0.00861
2	0.01230	0.07865	0.49108	0.01836	0.14375	0.01377	0.06004	0.03478	0.06232	0.01809	0.01085	0.01264	0.00810	0.00532	0.00528	0.00171	0.00753	0.00446	0.00273	0.00823
3	0.00730	0.00561	0.00661	0.00670	0.00798	0.00510	0.00484	0.00934	0.03270	0.01730	0.29475	0.20659	0.30670	0.05376	0.00773	0.00208	0.00300	0.01164	0.00540	0.00487
4	0.01060	0.03174	0.05734	0.01255	0.03623	0.02624	0.05791	0.02812	0.00983	0.01402	0.01241	0.04819	0.01215	0.11868	0.24934	0.00459	0.25544	0.00599	0.00291	0.00572
5	0.84448	0.01071	0.00814	0.00728	0.01071	0.01242	0.00600	0.01628	0.00943	0.02485	0.00771	0.00900	0.00600	0.00514	0.00343	0.00171	0.00428	0.00300	0.00343	0.00600
6	0.01142	0.00958	0.01113	0.00803	0.01275	0.00726	0.00641	0.01389	0.01149	0.01819	0.01030	0.01199	0.00854	0.00423	0.00409	0.00085	0.00402	0.00339	0.04953	0.79290
7	0.00922	0.00741	0.00960	0.00890	0.00903	0.00895	0.00638	0.00984	0.00829	0.01178	0.01414	0.02728	0.01555	0.47146	0.12644	0.00498	0.23653	0.00684	0.00303	0.00436
8	0.01679	0.07878	0.01554	0.01157	0.01548	0.01551	0.00944	0.33140	0.34819	0.02698	0.01672	0.01608	0.01246	0.00673	0.00534	0.00167	0.00521	0.00529	0.00519	0.05561
9	0.01878	0.01438	0.01534	0.01228	0.01631	0.01611	0.00998	0.52670	0.25539	0.03124	0.01618	0.01560	0.01176	0.00692	0.00557	0.00173	0.00556	0.00538	0.00557	0.00921
10	0.01528	0.01859	0.29194	0.01508	0.02076	0.01307	0.15089	0.16033	0.05668	0.12603	0.01501	0.01583	0.04077	0.00625	0.00601	0.00178	0.02808	0.00538	0.00397	0.00829
11	0.01339	0.05558	0.07641	0.02222	0.05645	0.04772	0.60882	0.01783	0.01299	0.01733	0.01081	0.01418	0.00821	0.00476	0.00620	0.00180	0.00902	0.00602	0.00275	0.00750
12	0.00892	0.00637	0.00892	0.01020	0.01147	0.00637	0.00892	0.01147	0.01275	0.01657	0.02932	0.06247	0.03187	0.01530	0.00765	0.00255	0.00510	0.73354	0.00510	0.00510
13	0.01133	0.01207	0.05405	0.01692	0.03834	0.02953	0.36692	0.01444	0.01202	0.03623	0.01753	0.27661	0.01779	0.00933	0.00733	0.00201	0.05818	0.00925	0.00364	0.00648
14	0.03707	0.07442	0.15157	0.01992	0.26460	0.01355	0.05471	0.06156	0.06188	0.09353	0.01368	0.01525	0.03805	0.00615	0.00638	0.00174	0.06924	0.00508	0.00349	0.00813
15	0.00946	0.00521	0.00780	0.00831	0.03638	0.00525	0.00536	0.00780	0.00773	0.01042	0.01139	0.06129	0.01171	0.04868	0.06323	0.68343	0.00537	0.00560	0.00264	0.00294
16	0.01406	0.00970	0.01288	0.01135	0.04611	0.00982	0.06277	0.13187	0.13314	0.13774	0.27439	0.06520	0.02727	0.00873	0.00600	0.00177	0.00445	0.00765	0.02775	0.00735
17	0.01445	0.30759	0.21459	0.03458	0.09228	0.07485	0.09110	0.07869	0.01325	0.01704	0.00948	0.01129	0.00758	0.00513	0.00481	0.00152	0.00727	0.00407	0.00275	0.00769
18	0.01384	0.08888	0.47046	0.01608	0.05455	0.08287	0.08306	0.03780	0.01286	0.07343	0.01074	0.01226	0.00779	0.00535	0.00525	0.00168	0.00788	0.00434	0.00287	0.00802
19	0.69476	0.09384	0.01114	0.00880	0.04040	0.04361	0.00696	0.01657	0.00998	0.02293	0.00785	0.00920	0.00626	0.00511	0.00358	0.00165	0.00476	0.00309	0.00327	0.00624
20	0.00969	0.03828	0.01221	0.07679	0.05521	0.00991	0.00883	0.03002	0.00967	0.01370	0.01297	0.01991	0.01225	0.09989	0.44111	0.00613	0.12936	0.00569	0.00291	0.00547
21	0.00799	0.00534	0.00606	0.00613	0.00614	0.00533	0.00345	0.00804	0.00818	0.01091	0.01811	0.07506	0.02097	0.76540	0.02712	0.00521	0.00526	0.00844	0.00345	0.00341
22	0.03762	0.04558	0.09609	0.02227	0.37733	0.07053	0.01378	0.06422	0.04090	0.05542	0.01115	0.01309	0.00883	0.00521	0.00513	0.00153	0.00639	0.00448	0.00326	0.11716
23	0.11308	0.28271	0.10034	0.03453	0.11267	0.10863	0.01156	0.10019	0.05598	0.01865	0.00991	0.01126	0.00800	0.00537	0.00453	0.00150	0.00651	0.00387	0.00314	0.00755

[dist]
# distance from previous block
# <min> <max>
0	5

[block]
# block no. 11 follows, 43 sequences, length 9
# corresponding to MSA columns:
# 543-551
name=unknown_L
#
# <colnr> <probs for GDERKNQSTAVLIFYWHMCP>
#	G	D	E	R	K	N	Q	S	T	A	V	L	I	F	Y	W	H	M	C	P
0	0.58017	0.08369	0.10372	0.00910	0.01333	0.01384	0.00855	0.09744	0.01169	0.02403	0.00859	0.00979	0.00659	0.00529	0.00389	0.00167	0.00510	0.00335	0.00344	0.00674
1	0.05325	0.00779	0.05387	0.00789	0.01011	0.00644	0.00656	0.01336	0.01514	0.12179	0.58494	0.03496	0.04208	0.01005	0.00617	0.00174	0.00331	0.00871	0.00584	0.00600
2	0.00848	0.00544	0.00773	0.03992	0.00911	0.00576	0.00559	0.00847	0.00848	0.01155	0.01551	0.13209	0.01652	0.17682	0.22916	0.29769	0.00755	0.00729	0.00313	0.00373
3	0.00851	0.00553	0.00680	0.00648	0.00778	0.00521	0.00486	0.01111	0.01458	0.02179	0.56547	0.03578	0.04198	0.01001	0.00581	0.00162	0.00260	0.00871	0.23017	0.00521
4	0.01046	0.00984	0.01661	0.79205	0.03814	0.01230	0.01538	0.01415	0.01107	0.01415	0.00984	0.01477	0.00738	0.00554	0.00554	0.00185	0.00738	0.00492	0.00246	0.00615
5	0.01272	0.01229	0.02131	0.25514	0.51665	0.01295	0.05596	0.01620	0.01219	0.01692	0.01029	0.01408	0.00835	0.00510	0.00556	0.00172	0.00696	0.00502	0.00266	0.00794
6	0.01027	0.00718	0.00885	0.03230	0.03069	0.00720	0.00640	0.03184	0.12117	0.06296	0.34215	0.10947	0.09183	0.01032	0.00602	0.00177	0.00339	0.00896	0.10115	0.00607
7	0.32074	0.22294	0.04197	0.07607	0.04685	0.04103	0.00959	0.14785	0.01342	0.02175	0.00910	0.01053	0.00720	0.00535	0.00421	0.00157	0.00571	0.00364	0.00336	0.00711
8	0.03682	0.08299	0.07890	0.01766	0.10501	0.04645	0.24013	0.15110	0.04226	0.05142	0.03092	0.01419	0.00992	0.00549	0.00551	0.00164	0.00707	0.00519	0.00362	0.06371

[dist]
# distance from previous block
# <min> <max>
0	4

[block]
# block no. 12 follows, 43 sequences, length 14
# corresponding to MSA columns:
# 557-570
name=unknown_M
#
# <colnr> <probs for GDERKNQSTAVLIFYWHMCP>
#	G	D	E	R	K	N	Q	S	T	A	V	L	I	F	Y	W	H	M	C	P
0	0.34778	0.03231	0.01248	0.00990	0.01363	0.06040	0.02462	0.20851	0.04867	0.10649	0.01212	0.01261	0.00888	0.00588	0.00451	0.00163	0.00521	0.00418	0.05203	0.02817
1	0.01331	0.03788	0.15612	0.06781	0.05940	0.07313	0.31287	0.04774	0.01312	0.01780	0.01043	0.01313	0.00799	0.00492	0.00557	0.00161	0.00786	0.00501	0.00288	0.14142
2	0.00805	0.00537	0.00604	0.00604	0.00604	0.00537	0.00336	0.00805	0.00805	0.01074	0.01745	0.03624	0.02013	0.80536	0.02819	0.00537	0.00537	0.00805	0.00336	0.00336
3	0.00803	0.00590	0.00872	0.00872	0.00972	0.00684	0.00678	0.01003	0.00903	0.01323	0.01499	0.02170	0.01386	0.03985	0.74592	0.00853	0.01425	0.00590	0.04304	0.00496
4	0.01937	0.05000	0.01603	0.01292	0.01654	0.30016	0.01023	0.32397	0.15308	0.02405	0.01298	0.01322	0.00982	0.00638	0.00528	0.00160	0.00722	0.00461	0.00444	0.00810
5	0.02081	0.01343	0.01497	0.01157	0.01578	0.01425	0.00953	0.53683	0.02279	0.19672	0.01837	0.01750	0.06686	0.00724	0.00562	0.00169	0.00554	0.00561	0.00580	0.00907
6	0.01591	0.01344	0.01959	0.09265	0.45581	0.07281	0.03165	0.04924	0.04523	0.13060	0.01257	0.01458	0.00962	0.00550	0.00550	0.00167	0.00659	0.00502	0.00357	0.00845
7	0.01046	0.00984	0.01661	0.79205	0.03814	0.01230	0.01538	0.01415	0.01107	0.01415	0.00984	0.01477	0.00738	0.00554	0.00554	0.00185	0.00738	0.00492	0.00246	0.00615
8	0.00695	0.00555	0.00622	0.00621	0.00777	0.00482	0.00460	0.00867	0.01334	0.01704	0.26499	0.11866	0.48861	0.01353	0.00659	0.00187	0.00279	0.01157	0.00543	0.00482
9	0.01460	0.76583	0.07010	0.00982	0.01475	0.02142	0.01008	0.01664	0.01128	0.01328	0.00782	0.00904	0.00710	0.00477	0.00365	0.00122	0.00605	0.00302	0.00237	0.00717
