[name]
unknown

[dist]
# distance from previous block
# <min> <max>
0	43

[block]
# block no. 0 follows, 52 sequences, length 45
# corresponding to MSA columns:
# 91-130,133-137
name=unknown_A
#
# <colnr> <probs for GDERKNQSTAVLIFYWHMCP>
#	G	D	E	R	K	N	Q	S	T	A	V	L	I	F	Y	W	H	M	C	P
0	0.00781	0.00558	0.00781	0.00892	0.01004	0.00558	0.00781	0.01004	0.01116	0.01450	0.02566	0.05466	0.02789	0.01339	0.00669	0.00223	0.00446	0.76685	0.00446	0.00446
1	0.00686	0.00495	0.00648	0.00610	0.00724	0.00457	0.00457	0.00914	0.01372	0.01943	0.79691	0.03620	0.04572	0.00991	0.00572	0.00152	0.00229	0.00876	0.00533	0.00457
2	0.00918	0.00857	0.01450	0.70837	0.06059	0.01041	0.03066	0.01231	0.00986	0.01271	0.00997	0.03014	0.00823	0.00549	0.00499	0.00165	0.00629	0.04833	0.00234	0.00542
3	0.00786	0.00550	0.00725	0.00787	0.00920	0.00526	0.00669	0.00987	0.01142	0.04559	0.08600	0.05016	0.18852	0.01261	0.00635	0.00203	0.00387	0.52482	0.00459	0.00454
4	0.01796	0.05238	0.01431	0.01210	0.01489	0.64661	0.00930	0.14737	0.01510	0.01498	0.00816	0.00919	0.00658	0.00510	0.00440	0.00127	0.00803	0.00331	0.00288	0.00608
5	0.00774	0.00515	0.00676	0.00625	0.00754	0.00472	0.00472	0.01000	0.01373	0.06597	0.75070	0.03503	0.04372	0.00967	0.00567	0.00152	0.00240	0.00853	0.00537	0.00479
6	0.00590	0.00422	0.00562	0.00675	0.00703	0.00394	0.00450	0.00675	0.00928	0.01237	0.02671	0.82653	0.03205	0.01518	0.00619	0.00197	0.00281	0.01378	0.00450	0.00394
7	0.02057	0.01116	0.01228	0.00964	0.01327	0.10098	0.00785	0.19579	0.01588	0.53663	0.01608	0.01450	0.01048	0.00584	0.00481	0.00146	0.00493	0.00456	0.00534	0.00794
8	0.01300	0.73406	0.02371	0.00851	0.01246	0.01814	0.00832	0.06215	0.01073	0.01277	0.00813	0.01071	0.00759	0.00478	0.00342	0.00113	0.00515	0.04662	0.00238	0.00624
9	0.02174	0.00825	0.01125	0.00862	0.01237	0.00712	0.00712	0.02362	0.01387	0.80282	0.01912	0.01649	0.01200	0.00600	0.00487	0.00150	0.00412	0.00487	0.00600	0.00825
10	0.00590	0.00422	0.00562	0.00675	0.00703	0.00394	0.00450	0.00675	0.00928	0.01237	0.02671	0.82653	0.03205	0.01518	0.00619	0.00197	0.00281	0.01378	0.00450	0.00394
11	0.01240	0.01257	0.01812	0.08901	0.61547	0.11336	0.01375	0.01508	0.01135	0.01516	0.03203	0.01236	0.00852	0.00461	0.00477	0.00143	0.00609	0.00429	0.00248	0.00714
12	0.01637	0.01174	0.01246	0.05627	0.01427	0.05399	0.00830	0.46696	0.06487	0.09679	0.01305	0.01336	0.00940	0.00575	0.00461	0.00142	0.00491	0.00443	0.13369	0.00734
13	0.00584	0.00494	0.00506	0.00512	0.00673	0.00417	0.00390	0.00712	0.01105	0.01317	0.04786	0.04706	0.75714	0.01233	0.00578	0.00167	0.00256	0.04991	0.00450	0.00411
14	0.01527	0.01781	0.01174	0.01074	0.01285	0.55722	0.00811	0.01744	0.05747	0.01356	0.05091	0.01244	0.00988	0.00673	0.03543	0.00155	0.03187	0.00386	0.11965	0.00547
15	0.01831	0.02224	0.01359	0.01226	0.01483	0.76409	0.00923	0.01960	0.01374	0.05731	0.00816	0.00918	0.00657	0.00505	0.00440	0.00126	0.00847	0.00322	0.00270	0.00577
16	0.02174	0.00825	0.01125	0.00862	0.01237	0.00712	0.00712	0.02362	0.01387	0.80282	0.01912	0.01649	0.01200	0.00600	0.00487	0.00150	0.00412	0.00487	0.00600	0.00825
17	0.00972	0.02507	0.80458	0.01381	0.02097	0.01125	0.01790	0.01535	0.01023	0.01535	0.00870	0.01023	0.00614	0.00460	0.00460	0.00153	0.00716	0.00358	0.00205	0.00716
18	0.01159	0.01110	0.01894	0.14223	0.69015	0.01141	0.01467	0.01452	0.01084	0.01534	0.00904	0.01213	0.00750	0.00439	0.00480	0.00146	0.00586	0.00432	0.00236	0.00735
19	0.00930	0.00877	0.01480	0.77670	0.07355	0.01081	0.01353	0.01251	0.00976	0.01256	0.00864	0.01287	0.00652	0.00482	0.00484	0.00161	0.00642	0.00431	0.00217	0.00550
20	0.83183	0.00919	0.00702	0.00630	0.00923	0.01063	0.00518	0.01413	0.00832	0.02160	0.00709	0.00825	0.00552	0.00454	0.00301	0.00149	0.00369	0.00270	0.03504	0.00522
21	0.01199	0.01151	0.01967	0.02974	0.79946	0.01151	0.01487	0.01487	0.01103	0.01583	0.00912	0.01199	0.00768	0.00432	0.00480	0.00144	0.00576	0.00432	0.00240	0.00768
22	0.00915	0.00861	0.01453	0.81804	0.03338	0.01077	0.01346	0.01238	0.00969	0.01238	0.00861	0.01292	0.00646	0.00484	0.00484	0.00161	0.00646	0.00431	0.00215	0.00538
23	0.01144	0.01307	0.02859	0.02042	0.02533	0.01225	0.78186	0.01552	0.01144	0.01552	0.00980	0.01307	0.00735	0.00408	0.00572	0.00163	0.00817	0.00572	0.00245	0.00654
24	0.00686	0.00495	0.00648	0.00610	0.00724	0.00457	0.00457	0.00914	0.01372	0.01943	0.79691	0.03620	0.04572	0.00991	0.00572	0.00152	0.00229	0.00876	0.00533	0.00457
25	0.00615	0.00458	0.00636	0.00715	0.00768	0.00427	0.02746	0.00717	0.00953	0.01260	0.02745	0.72153	0.07511	0.01460	0.00617	0.00195	0.00303	0.04873	0.00444	0.00405
26	0.00579	0.00467	0.00515	0.00554	0.00671	0.00404	0.00396	0.00688	0.01044	0.01284	0.04140	0.31452	0.53458	0.01327	0.00588	0.00175	0.00258	0.01145	0.00450	0.00404
27	0.00924	0.00871	0.01470	0.79220	0.05849	0.01079	0.01350	0.01246	0.00973	0.01249	0.00863	0.01289	0.00650	0.00483	0.00484	0.00161	0.00644	0.00431	0.00216	0.00546
28	0.01005	0.00861	0.01005	0.00718	0.01148	0.00646	0.00574	0.01220	0.01005	0.01579	0.00861	0.01005	0.00718	0.00359	0.00359	0.00072	0.00359	0.00287	0.00287	0.85932
29	0.01232	0.00878	0.00798	0.00701	0.00896	0.09632	0.00547	0.20013	0.01363	0.02042	0.01387	0.01547	0.01072	0.00562	0.00385	0.00122	0.00372	0.00432	0.55463	0.00555
30	0.01842	0.01357	0.01454	0.01115	0.01503	0.01503	0.00921	0.78330	0.02278	0.03054	0.01163	0.01163	0.00824	0.00582	0.00485	0.00145	0.00533	0.00436	0.00485	0.00824
31	0.01223	0.01197	0.01944	0.02907	0.76859	0.04294	0.01466	0.01505	0.01114	0.01568	0.00905	0.01187	0.00762	0.00434	0.00478	0.00143	0.00587	0.00427	0.00240	0.00760
32	0.00686	0.00495	0.00648	0.00610	0.00724	0.00457	0.00457	0.00914	0.01372	0.01943	0.79691	0.03620	0.04572	0.00991	0.00572	0.00152	0.00229	0.00876	0.00533	0.00457
33	0.00609	0.00512	0.00531	0.00523	0.00685	0.00444	0.00393	0.00790	0.04060	0.01406	0.13052	0.04441	0.68515	0.01180	0.00570	0.00162	0.00249	0.00989	0.00461	0.00428
34	0.00652	0.00494	0.00601	0.00575	0.00703	0.00443	0.00431	0.00850	0.01293	0.01756	0.57622	0.03928	0.26758	0.01061	0.00572	0.00156	0.00234	0.00920	0.00509	0.00443
35	0.01113	0.01063	0.01811	0.26967	0.56630	0.01129	0.01444	0.01411	0.01063	0.01478	0.00896	0.01228	0.00731	0.00448	0.00481	0.00149	0.00597	0.00431	0.00232	0.00698
36	0.00705	0.00470	0.00529	0.00529	0.00529	0.00470	0.00294	0.00705	0.00705	0.00940	0.01527	0.03171	0.01762	0.82969	0.02467	0.00470	0.00470	0.00705	0.00294	0.00294
37	0.00590	0.00422	0.00562	0.00675	0.00703	0.00394	0.00450	0.00675	0.00928	0.01237	0.02671	0.82653	0.03205	0.01518	0.00619	0.00197	0.00281	0.01378	0.00450	0.00394
38	0.03089	0.01054	0.01185	0.01124	0.06053	0.01196	0.02239	0.07530	0.63087	0.02043	0.01829	0.01833	0.01407	0.00655	0.00496	0.00164	0.00415	0.03385	0.00467	0.00752
39	0.00686	0.00495	0.00648	0.00610	0.00724	0.00457	0.00457	0.00914	0.01372	0.01943	0.79691	0.03620	0.04572	0.00991	0.00572	0.00152	0.00229	0.00876	0.00533	0.00457
40	0.00781	0.00558	0.00781	0.00892	0.01004	0.00558	0.00781	0.01004	0.01116	0.01450	0.02566	0.05466	0.02789	0.01339	0.00669	0.00223	0.00446	0.76685	0.00446	0.00446
41	0.00781	0.00558	0.00781	0.00892	0.01004	0.00558	0.00781	0.01004	0.01116	0.01450	0.02566	0.05466	0.02789	0.01339	0.00669	0.00223	0.00446	0.76685	0.00446	0.00446
42	0.01192	0.01144	0.01953	0.05048	0.77931	0.01149	0.01484	0.01481	0.01100	0.01574	0.00910	0.01202	0.00764	0.00433	0.00480	0.00144	0.00578	0.00432	0.00239	0.00762
43	0.01081	0.01078	0.01581	0.01520	0.11952	0.01433	0.02887	0.01219	0.00800	0.01232	0.00681	0.01085	0.00656	0.00782	0.01417	0.00202	0.69184	0.00429	0.00217	0.00565
44	0.83779	0.00934	0.00725	0.00644	0.00946	0.01075	0.00531	0.01454	0.00842	0.04598	0.00713	0.00814	0.00546	0.00454	0.00306	0.00150	0.00376	0.00269	0.00309	0.00534

[dist]
# distance from previous block
# <min> <max>
0	4

[block]
# block no. 1 follows, 52 sequences, length 16
# corresponding to MSA columns:
# 142-157
name=unknown_B
#
# <colnr> <probs for GDERKNQSTAVLIFYWHMCP>
#	G	D	E	R	K	N	Q	S	T	A	V	L	I	F	Y	W	H	M	C	P
0	0.00692	0.00519	0.00779	0.00779	0.00865	0.00606	0.00606	0.00865	0.00779	0.01125	0.01298	0.01904	0.01211	0.03634	0.81049	0.00779	0.01298	0.00519	0.00260	0.00433
1	0.00977	0.00570	0.00681	0.00609	0.00809	0.00493	0.00472	0.01143	0.01242	0.19943	0.24162	0.03680	0.41325	0.01017	0.00552	0.00157	0.00280	0.00859	0.00507	0.00519
2	0.43672	0.00881	0.00986	0.01218	0.21932	0.00956	0.00738	0.01372	0.00944	0.01931	0.00950	0.01136	0.00757	0.00472	0.00357	0.00140	0.00394	0.00352	0.20242	0.00572
3	0.01087	0.01802	0.40959	0.01714	0.22674	0.01151	0.01470	0.01765	0.19293	0.01663	0.01139	0.01254	0.00857	0.00499	0.00473	0.00153	0.00601	0.00422	0.00281	0.00742
4	0.00757	0.00482	0.00620	0.00650	0.00679	0.00482	0.00453	0.00767	0.00797	0.01053	0.01644	0.03387	0.01821	0.42183	0.01853	0.20378	0.00452	0.20912	0.00315	0.00315
5	0.01066	0.01798	0.39367	0.01448	0.01986	0.01155	0.21905	0.01768	0.19312	0.01664	0.02965	0.01342	0.00939	0.00505	0.00500	0.00159	0.00654	0.00471	0.00290	0.00705
6	0.00663	0.00465	0.00512	0.00544	0.00657	0.00420	0.00396	0.00804	0.01042	0.01423	0.04971	0.24806	0.37366	0.01148	0.00533	0.00162	0.00256	0.03041	0.20374	0.00417
7	0.00699	0.00466	0.00544	0.00559	0.00662	0.00431	0.00406	0.00871	0.01119	0.01613	0.25635	0.21827	0.18650	0.01048	0.00521	0.00155	0.00244	0.00910	0.23211	0.00431
8	0.21107	0.40174	0.03490	0.00767	0.01166	0.01366	0.00712	0.01385	0.00954	0.01508	0.00729	0.00846	0.00625	0.00409	0.00325	0.00107	0.00447	0.00270	0.00250	0.23364
9	0.01187	0.42516	0.23196	0.01478	0.19873	0.01527	0.01240	0.01482	0.01023	0.01349	0.00782	0.00942	0.00654	0.00431	0.00390	0.00126	0.00584	0.00326	0.00214	0.00681
10	0.01083	0.01126	0.01851	0.01478	0.01609	0.01415	0.21640	0.01269	0.00849	0.01269	0.00728	0.01126	0.00663	0.00731	0.01319	0.00199	0.60399	0.00464	0.00221	0.00563
11	0.01028	0.20127	0.01588	0.41236	0.02264	0.01158	0.01019	0.01283	0.00982	0.01306	0.00817	0.01095	0.00660	0.00435	0.00410	0.00124	0.00540	0.00352	0.00233	0.23343
12	0.04271	0.01040	0.01244	0.00986	0.01270	0.03710	0.00810	0.14675	0.01259	0.22454	0.01120	0.01205	0.00832	0.00598	0.00743	0.00147	0.22226	0.00402	0.00382	0.20626
13	0.41124	0.00873	0.00882	0.00710	0.01054	0.00863	0.00580	0.01617	0.01023	0.22864	0.01078	0.01102	0.00774	0.00472	0.00365	0.00130	0.00376	0.00334	0.03205	0.20571
14	0.01429	0.01046	0.01538	0.01950	0.40548	0.01063	0.01114	0.01982	0.21974	0.20102	0.01428	0.01467	0.01059	0.00531	0.00485	0.00151	0.00486	0.00476	0.00392	0.00781
15	0.00613	0.00493	0.00547	0.00533	0.00679	0.00426	0.00400	0.00774	0.01200	0.01536	0.31707	0.04290	0.52810	0.01143	0.00572	0.00160	0.00239	0.00970	0.00480	0.00426

[dist]
# distance from previous block
# <min> <max>
0	1

[block]
# block no. 2 follows, 52 sequences, length 30
# corresponding to MSA columns:
# 159-188
name=unknown_C
#
# <colnr> <probs for GDERKNQSTAVLIFYWHMCP>
#	G	D	E	R	K	N	Q	S	T	A	V	L	I	F	Y	W	H	M	C	P
0	0.00762	0.00583	0.00709	0.00662	0.00806	0.00575	0.00501	0.01167	0.13897	0.01912	0.61869	0.03401	0.09375	0.00954	0.00559	0.00155	0.00255	0.00834	0.00521	0.00504
1	0.00675	0.00495	0.00633	0.00599	0.00718	0.00453	0.00449	0.00894	0.01347	0.01884	0.72733	0.03717	0.11567	0.01013	0.00572	0.00153	0.00230	0.00890	0.00526	0.00453
2	0.01649	0.01970	0.01272	0.01162	0.01394	0.63201	0.00882	0.07000	0.01371	0.01323	0.00994	0.01461	0.00908	0.05597	0.00585	0.00156	0.00786	0.07450	0.00287	0.00553
3	0.00637	0.00466	0.00601	0.00669	0.00732	0.00422	0.00451	0.00728	0.00920	0.01249	0.02424	0.69620	0.02875	0.06982	0.00721	0.00204	0.00301	0.01230	0.00424	0.08345
4	0.01313	0.01317	0.01124	0.01012	0.01271	0.22349	0.00774	0.04189	0.43694	0.01727	0.01614	0.09009	0.01342	0.00673	0.00480	0.00150	0.00507	0.00541	0.00410	0.06505
5	0.72604	0.00917	0.00744	0.00668	0.00953	0.01055	0.00543	0.01497	0.08142	0.02145	0.06201	0.01076	0.00891	0.00506	0.00336	0.00151	0.00366	0.00331	0.00334	0.00543
6	0.00910	0.00831	0.01397	0.76252	0.03153	0.01032	0.01283	0.01197	0.00946	0.01211	0.00860	0.01304	0.00659	0.00567	0.00581	0.06027	0.00631	0.00430	0.00215	0.00516
7	0.00743	0.00467	0.00618	0.00690	0.00760	0.00430	0.00481	0.00844	0.00986	0.08602	0.02715	0.68427	0.07034	0.01411	0.00606	0.00192	0.00297	0.03797	0.00464	0.00436
8	0.01740	0.02193	0.01384	0.01251	0.01477	0.73624	0.00948	0.01864	0.01315	0.01184	0.00739	0.00891	0.00625	0.00532	0.00544	0.00133	0.08429	0.00323	0.00246	0.00559
9	0.01199	0.01151	0.01967	0.02974	0.79946	0.01151	0.01487	0.01487	0.01103	0.01583	0.00912	0.01199	0.00768	0.00432	0.00480	0.00144	0.00576	0.00432	0.00240	0.00768
10	0.00999	0.00480	0.00502	0.00482	0.00615	0.00471	0.00367	0.01221	0.01044	0.07684	0.01606	0.01795	0.01239	0.00567	0.00350	0.00116	0.00240	0.00454	0.79289	0.00480
11	0.86392	0.00937	0.00712	0.00637	0.00937	0.01087	0.00525	0.01425	0.00825	0.02174	0.00675	0.00787	0.00525	0.00450	0.00300	0.00150	0.00375	0.00262	0.00300	0.00525
12	0.00677	0.00495	0.00636	0.00601	0.00719	0.00454	0.00451	0.00898	0.01352	0.01896	0.74090	0.03698	0.10203	0.01008	0.00572	0.00153	0.00230	0.00887	0.00527	0.00454
13	0.00578	0.00491	0.00499	0.00497	0.00658	0.00411	0.00373	0.00706	0.01118	0.01341	0.08628	0.04612	0.76012	0.01216	0.00573	0.00163	0.00245	0.01015	0.00454	0.00411
14	0.01842	0.01357	0.01454	0.01115	0.01503	0.01503	0.00921	0.78330	0.02278	0.03054	0.01163	0.01163	0.00824	0.00582	0.00485	0.00145	0.00533	0.00436	0.00485	0.00824
15	0.01005	0.00861	0.01005	0.00718	0.01148	0.00646	0.00574	0.01220	0.01005	0.01579	0.00861	0.01005	0.00718	0.00359	0.00359	0.00072	0.00359	0.00287	0.00287	0.85932
16	0.00915	0.00861	0.01453	0.81804	0.03338	0.01077	0.01346	0.01238	0.00969	0.01238	0.00861	0.01292	0.00646	0.00484	0.00484	0.00161	0.00646	0.00431	0.00215	0.00538
17	0.00704	0.00473	0.00543	0.00543	0.00548	0.00478	0.00312	0.00714	0.00709	0.00951	0.01513	0.03096	0.01729	0.78280	0.07112	0.00488	0.00519	0.00694	0.00292	0.00302
18	0.01313	0.80513	0.02500	0.00843	0.01252	0.04603	0.00833	0.01468	0.00998	0.01142	0.00676	0.00781	0.00622	0.00417	0.00315	0.00104	0.00530	0.00261	0.00209	0.00620
19	0.00702	0.00499	0.00642	0.00607	0.00727	0.00456	0.00455	0.00917	0.01338	0.03320	0.70073	0.05949	0.10459	0.01018	0.00571	0.00155	0.00235	0.00895	0.00526	0.00458
20	0.03781	0.01030	0.01660	0.02929	0.07969	0.00916	0.23560	0.04048	0.01140	0.11974	0.01043	0.01199	0.00787	0.00424	0.00453	0.00121	0.00530	0.00416	0.00318	0.35701
21	0.00632	0.00509	0.00670	0.00680	0.00799	0.00458	0.04308	0.00768	0.01054	0.01344	0.08366	0.35633	0.34502	0.01296	0.00598	0.00181	0.00303	0.07035	0.00445	0.00421
22	0.04591	0.03514	0.01556	0.24209	0.27958	0.12048	0.01186	0.04413	0.09316	0.01529	0.01017	0.03174	0.00834	0.00519	0.00489	0.00150	0.02133	0.00439	0.00276	0.00650
23	0.04152	0.66002	0.08940	0.00939	0.01362	0.01772	0.04039	0.02775	0.01002	0.01259	0.00710	0.00837	0.00627	0.00438	0.00383	0.00116	0.03513	0.00289	0.00217	0.00628
24	0.00625	0.00488	0.00583	0.00633	0.00736	0.00455	0.00464	0.00783	0.03396	0.01299	0.03462	0.35264	0.34781	0.01526	0.07027	0.00231	0.00364	0.07030	0.00436	0.00419
25	0.00972	0.02507	0.80458	0.01381	0.02097	0.01125	0.01790	0.01535	0.01023	0.01535	0.00870	0.01023	0.00614	0.00460	0.00460	0.00153	0.00716	0.00358	0.00205	0.00716
26	0.01178	0.01150	0.01872	0.12386	0.61180	0.03567	0.03700	0.01496	0.03472	0.01529	0.00927	0.01219	0.00765	0.00459	0.00515	0.00149	0.03034	0.00436	0.00244	0.00723
27	0.00842	0.00421	0.00631	0.00631	0.00631	0.00421	0.00421	0.00631	0.00631	0.00842	0.00842	0.01473	0.00842	0.01684	0.01894	0.85901	0.00421	0.00421	0.00210	0.00210
28	0.01202	0.01049	0.01643	0.01305	0.01638	0.01087	0.26684	0.02014	0.37122	0.07911	0.05545	0.01996	0.01462	0.00638	0.00536	0.00167	0.00528	0.06361	0.00417	0.00694
29	0.01706	0.01910	0.01353	0.06135	0.01579	0.54251	0.00935	0.12533	0.09718	0.03904	0.00978	0.01062	0.00761	0.00530	0.00454	0.00135	0.00747	0.00367	0.00316	0.00626

[dist]
# distance from previous block
# <min> <max>
0	1

[block]
# block no. 3 follows, 52 sequences, length 38
# corresponding to MSA columns:
# 190-197,232-236,240-264
name=unknown_D
#
# <colnr> <probs for GDERKNQSTAVLIFYWHMCP>
#	G	D	E	R	K	N	Q	S	T	A	V	L	I	F	Y	W	H	M	C	P
0	0.00590	0.00422	0.00562	0.00675	0.00703	0.00394	0.00450	0.00675	0.00928	0.01237	0.02671	0.82653	0.03205	0.01518	0.00619	0.00197	0.00281	0.01378	0.00450	0.00394
1	0.00604	0.00431	0.00578	0.00690	0.00724	0.00405	0.00473	0.00698	0.00941	0.01252	0.02663	0.77173	0.03176	0.01505	0.00622	0.00199	0.00293	0.06724	0.00450	0.00397
2	0.01005	0.00861	0.01005	0.00718	0.01148	0.00646	0.00574	0.01220	0.01005	0.01579	0.00861	0.01005	0.00718	0.00359	0.00359	0.00072	0.00359	0.00287	0.00287	0.85932
3	0.01842	0.01357	0.01454	0.01115	0.01503	0.01503	0.00921	0.78330	0.02278	0.03054	0.01163	0.01163	0.00824	0.00582	0.00485	0.00145	0.00533	0.00436	0.00485	0.00824
4	0.00915	0.00861	0.01453	0.81804	0.03338	0.01077	0.01346	0.01238	0.00969	0.01238	0.00861	0.01292	0.00646	0.00484	0.00484	0.00161	0.00646	0.00431	0.00215	0.00538
5	0.01123	0.01273	0.02771	0.01990	0.02462	0.01194	0.75203	0.01519	0.01136	0.01540	0.01045	0.04429	0.00830	0.00451	0.00574	0.00165	0.00796	0.00603	0.00253	0.00644
6	0.00705	0.00470	0.00529	0.00529	0.00529	0.00470	0.00294	0.00705	0.00705	0.00940	0.01527	0.03171	0.01762	0.82969	0.02467	0.00470	0.00470	0.00705	0.00294	0.00294
7	0.86392	0.00937	0.00712	0.00637	0.00937	0.01087	0.00525	0.01425	0.00825	0.02174	0.00675	0.00787	0.00525	0.00450	0.00300	0.00150	0.00375	0.00262	0.00300	0.00525
8	0.00696	0.00504	0.00701	0.00701	0.00760	0.00563	0.00509	0.00815	0.00756	0.01067	0.01369	0.02298	0.01383	0.28338	0.56580	0.00683	0.01040	0.00577	0.00270	0.00389
9	0.00621	0.00483	0.00565	0.00565	0.00690	0.00426	0.00416	0.00781	0.01188	0.01556	0.34905	0.15344	0.38377	0.01173	0.00579	0.00164	0.00244	0.01014	0.00484	0.00426
10	0.00686	0.00495	0.00648	0.00610	0.00724	0.00457	0.00457	0.00914	0.01372	0.01943	0.79691	0.03620	0.04572	0.00991	0.00572	0.00152	0.00229	0.00876	0.00533	0.00457
11	0.00612	0.00441	0.00584	0.00686	0.00732	0.00413	0.00480	0.00718	0.00971	0.01289	0.05711	0.68605	0.06457	0.01468	0.00620	0.00196	0.00294	0.08869	0.00453	0.00402
12	0.01205	0.01041	0.01096	0.00986	0.01260	0.01205	0.00767	0.02575	0.79071	0.02027	0.01972	0.01808	0.01479	0.00657	0.00493	0.00164	0.00384	0.00548	0.00493	0.00767
13	0.01205	0.01041	0.01096	0.00986	0.01260	0.01205	0.00767	0.02575	0.79071	0.02027	0.01972	0.01808	0.01479	0.00657	0.00493	0.00164	0.00384	0.00548	0.00493	0.00767
14	0.01842	0.01357	0.01454	0.01115	0.01503	0.01503	0.00921	0.78330	0.02278	0.03054	0.01163	0.01163	0.00824	0.00582	0.00485	0.00145	0.00533	0.00436	0.00485	0.00824
15	0.49038	0.00880	0.00866	0.00729	0.01040	0.00932	0.00596	0.03424	0.02947	0.27679	0.04787	0.03128	0.01022	0.00556	0.00390	0.00151	0.00382	0.00401	0.00421	0.00629
16	0.86392	0.00937	0.00712	0.00637	0.00937	0.01087	0.00525	0.01425	0.00825	0.02174	0.00675	0.00787	0.00525	0.00450	0.00300	0.00150	0.00375	0.00262	0.00300	0.00525
17	0.00573	0.00491	0.00491	0.00491	0.00655	0.00409	0.00368	0.00695	0.01105	0.01309	0.04909	0.04664	0.79750	0.01227	0.00573	0.00164	0.00245	0.01023	0.00450	0.00409
18	0.00781	0.00558	0.00781	0.00892	0.01004	0.00558	0.00781	0.01004	0.01116	0.01450	0.02566	0.05466	0.02789	0.01339	0.00669	0.00223	0.00446	0.76685	0.00446	0.00446
19	0.01296	0.83261	0.02539	0.00829	0.01244	0.01917	0.00829	0.01451	0.00985	0.01140	0.00674	0.00777	0.00622	0.00415	0.00311	0.00104	0.00518	0.00259	0.00207	0.00622
20	0.01060	0.01060	0.01484	0.01272	0.01272	0.01484	0.01060	0.01166	0.00742	0.01166	0.00636	0.01060	0.00636	0.00848	0.01590	0.00212	0.82082	0.00424	0.00212	0.00530
21	0.00972	0.02507	0.80458	0.01381	0.02097	0.01125	0.01790	0.01535	0.01023	0.01535	0.00870	0.01023	0.00614	0.00460	0.00460	0.00153	0.00716	0.00358	0.00205	0.00716
22	0.00972	0.02507	0.80458	0.01381	0.02097	0.01125	0.01790	0.01535	0.01023	0.01535	0.00870	0.01023	0.00614	0.00460	0.00460	0.00153	0.00716	0.00358	0.00205	0.00716
23	0.02174	0.00825	0.01125	0.00862	0.01237	0.00712	0.00712	0.02362	0.01387	0.80282	0.01912	0.01649	0.01200	0.00600	0.00487	0.00150	0.00412	0.00487	0.00600	0.00825
24	0.00935	0.00882	0.01490	0.76212	0.08772	0.01082	0.01356	0.01256	0.00979	0.01263	0.00865	0.01285	0.00655	0.00481	0.00484	0.00160	0.00641	0.00431	0.00217	0.00555
25	0.00949	0.00883	0.01467	0.77466	0.05231	0.01091	0.01337	0.03476	0.01010	0.01299	0.00871	0.01286	0.00654	0.00486	0.00484	0.00161	0.00641	0.00431	0.00224	0.00552
26	0.01199	0.01151	0.01967	0.02974	0.79946	0.01151	0.01487	0.01487	0.01103	0.01583	0.00912	0.01199	0.00768	0.00432	0.00480	0.00144	0.00576	0.00432	0.00240	0.00768
27	0.01095	0.01117	0.01479	0.01271	0.01283	0.05128	0.01055	0.01201	0.00771	0.01167	0.00641	0.01052	0.00636	0.00832	0.01537	0.00208	0.78362	0.00419	0.00214	0.00532
28	0.00870	0.00701	0.00806	0.00817	0.00958	0.00758	0.00600	0.01529	0.35477	0.01608	0.04076	0.42955	0.02461	0.01121	0.00564	0.00182	0.00330	0.03154	0.00471	0.00562
29	0.86392	0.00937	0.00712	0.00637	0.00937	0.01087	0.00525	0.01425	0.00825	0.02174	0.00675	0.00787	0.00525	0.00450	0.00300	0.00150	0.00375	0.00262	0.00300	0.00525
30	0.86392	0.00937	0.00712	0.00637	0.00937	0.01087	0.00525	0.01425	0.00825	0.02174	0.00675	0.00787	0.00525	0.00450	0.00300	0.00150	0.00375	0.00262	0.00300	0.00525
31	0.01199	0.01151	0.01967	0.02974	0.79946	0.01151	0.01487	0.01487	0.01103	0.01583	0.00912	0.01199	0.00768	0.00432	0.00480	0.00144	0.00576	0.00432	0.00240	0.00768
32	0.00582	0.00494	0.00503	0.00508	0.00669	0.00415	0.00386	0.00709	0.01105	0.01315	0.04810	0.04698	0.76491	0.01232	0.00577	0.00166	0.00254	0.04226	0.00450	0.00411
33	0.00590	0.00422	0.00562	0.00675	0.00703	0.00394	0.00450	0.00675	0.00928	0.01237	0.02671	0.82653	0.03205	0.01518	0.00619	0.00197	0.00281	0.01378	0.00450	0.00394
34	0.86392	0.00937	0.00712	0.00637	0.00937	0.01087	0.00525	0.01425	0.00825	0.02174	0.00675	0.00787	0.00525	0.00450	0.00300	0.00150	0.00375	0.00262	0.00300	0.00525
35	0.00703	0.00477	0.00563	0.00563	0.00575	0.00489	0.00337	0.00727	0.00715	0.00965	0.01495	0.02995	0.01685	0.71909	0.13422	0.00513	0.00585	0.00679	0.00289	0.00313
36	0.00705	0.00470	0.00529	0.00529	0.00529	0.00470	0.00294	0.00705	0.00705	0.00940	0.01527	0.03171	0.01762	0.82969	0.02467	0.00470	0.00470	0.00705	0.00294	0.00294
37	0.00703	0.00478	0.00569	0.00569	0.00583	0.00492	0.00344	0.00730	0.00717	0.00969	0.01490	0.02968	0.01674	0.70252	0.15063	0.00519	0.00603	0.00675	0.00288	0.00316

[dist]
# distance from previous block
# <min> <max>
0	0

# created by:
# /home/cegg/simao/soft/augustus-3.2.1/scripts/msa2prfl.pl ./align_prep/EOG091G0TSE.fa
