[name]
unknown

[dist]
# distance from previous block
# <min> <max>
12	152

[block]
# block no. 0 follows, 56 sequences, length 103
# corresponding to MSA columns:
# 197-237,246,248-260,262-295,297-310
name=unknown_A
#
# <colnr> <probs for GDERKNQSTAVLIFYWHMCP>
#	G	D	E	R	K	N	Q	S	T	A	V	L	I	F	Y	W	H	M	C	P
0	0.00874	0.00561	0.00671	0.00643	0.00783	0.00534	0.00478	0.06110	0.03967	0.11207	0.12059	0.22802	0.20814	0.10246	0.00736	0.00193	0.00314	0.04891	0.01651	0.00466
1	0.04931	0.00666	0.02504	0.00690	0.00862	0.00644	0.00530	0.02415	0.18556	0.05425	0.16057	0.22025	0.15089	0.03978	0.00575	0.00167	0.00306	0.00811	0.00434	0.03335
2	0.13646	0.00614	0.00669	0.00613	0.00796	0.00600	0.02202	0.06805	0.01116	0.04554	0.14325	0.08961	0.35062	0.02345	0.00522	0.00157	0.00297	0.02591	0.03667	0.00459
3	0.00728	0.00509	0.00605	0.00584	0.00710	0.00467	0.00425	0.02741	0.02835	0.05239	0.24590	0.19157	0.23466	0.08346	0.00707	0.01481	0.00276	0.00875	0.02681	0.03577
4	0.33850	0.00758	0.00745	0.00651	0.00893	0.00791	0.00516	0.08046	0.03522	0.10368	0.11120	0.05263	0.15264	0.02660	0.00463	0.00151	0.00332	0.00542	0.00392	0.03674
5	0.02083	0.00477	0.00578	0.00621	0.00689	0.00467	0.00430	0.00822	0.04872	0.03131	0.04783	0.46655	0.12211	0.13018	0.00823	0.00213	0.01781	0.02400	0.03551	0.00398
6	0.00771	0.00497	0.00695	0.00674	0.00767	0.00538	0.01650	0.00916	0.00803	0.05531	0.01365	0.04899	0.01272	0.12770	0.48704	0.02437	0.00864	0.00531	0.13902	0.00414
7	0.00801	0.00713	0.00854	0.00821	0.00906	0.08094	0.00635	0.00971	0.02698	0.01112	0.03076	0.05668	0.01226	0.05915	0.53866	0.00550	0.10880	0.00518	0.00261	0.00433
8	0.00853	0.00728	0.00775	0.03728	0.00956	0.07197	0.00571	0.01269	0.18806	0.02961	0.27691	0.20506	0.08206	0.00941	0.00522	0.00157	0.00334	0.02859	0.00440	0.00499
9	0.00608	0.00446	0.00533	0.00580	0.00656	0.00407	0.00402	0.00702	0.00906	0.01194	0.02788	0.41381	0.21995	0.13275	0.00812	0.00210	0.00293	0.05236	0.04053	0.03524
10	0.01203	0.00953	0.01012	0.00873	0.01104	0.02257	0.00672	0.25165	0.34854	0.01998	0.05892	0.05704	0.01482	0.13821	0.00769	0.00196	0.00413	0.00562	0.00432	0.00636
11	0.53349	0.18024	0.01151	0.00744	0.01038	0.11636	0.02480	0.01395	0.00882	0.01682	0.00685	0.00849	0.00576	0.03476	0.00384	0.00141	0.00457	0.00276	0.00259	0.00515
12	0.00891	0.00894	0.04698	0.13225	0.25883	0.00854	0.13546	0.01140	0.00976	0.01338	0.01400	0.22932	0.01423	0.00840	0.03496	0.00181	0.00542	0.04896	0.00287	0.00556
13	0.82033	0.00859	0.00666	0.00606	0.00875	0.00991	0.00493	0.01308	0.00787	0.02008	0.00750	0.05603	0.00646	0.00486	0.00302	0.00145	0.00350	0.00311	0.00292	0.00490
14	0.00939	0.01471	0.35209	0.01049	0.01426	0.03856	0.05798	0.06942	0.04872	0.01417	0.03201	0.01615	0.01037	0.18075	0.10862	0.00280	0.00669	0.00464	0.00263	0.00557
15	0.00903	0.00866	0.03327	0.66726	0.04147	0.00989	0.07114	0.01206	0.00948	0.03228	0.02234	0.04579	0.00791	0.00502	0.00471	0.00154	0.00599	0.00461	0.00229	0.00526
16	0.00628	0.00453	0.00534	0.00548	0.00609	0.00430	0.00369	0.00712	0.00895	0.01178	0.14566	0.14038	0.18768	0.36394	0.03446	0.00299	0.00361	0.05052	0.00371	0.00349
17	0.08333	0.45373	0.01870	0.00881	0.01242	0.01601	0.00801	0.28705	0.01341	0.01795	0.00799	0.00875	0.00649	0.00466	0.00396	0.00119	0.03503	0.00310	0.00296	0.00646
18	0.00642	0.03515	0.00607	0.00544	0.00637	0.00471	0.00384	0.00763	0.01020	0.01357	0.31667	0.10669	0.21321	0.23230	0.01018	0.00230	0.00296	0.00841	0.00408	0.00381
19	0.58107	0.00852	0.00795	0.00671	0.00967	0.00920	0.00548	0.03612	0.00961	0.24042	0.01006	0.01064	0.00725	0.03520	0.00413	0.00153	0.00372	0.00327	0.00367	0.00575
20	0.02887	0.00512	0.00662	0.03631	0.00739	0.04393	0.00457	0.00697	0.00648	0.00857	0.00790	0.01346	0.00774	0.01471	0.01643	0.77239	0.00426	0.00391	0.00203	0.00234
21	0.00658	0.00447	0.00507	0.00507	0.00522	0.00440	0.00295	0.00680	0.00733	0.00977	0.06929	0.04632	0.05830	0.72623	0.02094	0.00406	0.00416	0.00706	0.00304	0.00296
22	0.00562	0.00401	0.00532	0.00636	0.00662	0.00374	0.00423	0.00640	0.00874	0.01166	0.02506	0.81776	0.03006	0.03269	0.00625	0.00192	0.00270	0.01291	0.00423	0.00371
23	0.05622	0.03619	0.29222	0.01048	0.01456	0.01086	0.02460	0.08681	0.29300	0.02923	0.02606	0.03152	0.01045	0.00707	0.04901	0.00180	0.00540	0.00446	0.00339	0.00668
24	0.04241	0.01763	0.35144	0.01234	0.03079	0.13402	0.08554	0.10131	0.05498	0.04688	0.03985	0.01171	0.00845	0.00597	0.03531	0.00164	0.00652	0.00397	0.00280	0.00643
25	0.01040	0.00864	0.00926	0.00834	0.01062	0.00959	0.00646	0.09175	0.50504	0.01872	0.09609	0.06820	0.12199	0.00763	0.00490	0.00155	0.00340	0.00642	0.00462	0.00639
26	0.01700	0.01319	0.01395	0.01076	0.01439	0.05795	0.02949	0.70318	0.03182	0.02714	0.01081	0.01096	0.00775	0.00539	0.00456	0.00136	0.00524	0.00409	0.00437	0.02658
27	0.00952	0.00816	0.00952	0.00680	0.01088	0.00612	0.00544	0.01156	0.00952	0.01496	0.00816	0.00952	0.00680	0.00340	0.00340	0.00068	0.00340	0.00272	0.00272	0.86672
28	0.00710	0.00553	0.00744	0.00725	0.00783	0.02162	0.00541	0.00822	0.00727	0.01023	0.01212	0.01998	0.01210	0.22246	0.53542	0.02191	0.07655	0.00521	0.00249	0.00385
29	0.00767	0.00519	0.00710	0.00789	0.00899	0.00505	0.00666	0.00954	0.01052	0.05228	0.04617	0.15202	0.06954	0.01242	0.00612	0.00200	0.00385	0.57836	0.00433	0.00432
30	0.00791	0.00401	0.00593	0.00593	0.00593	0.00401	0.00393	0.00601	0.00601	0.00802	0.00829	0.01474	0.00840	0.05583	0.01821	0.82464	0.00401	0.00412	0.00203	0.00203
31	0.07531	0.00876	0.01050	0.00823	0.01152	0.00856	0.00676	0.20111	0.02722	0.48564	0.01613	0.01482	0.02920	0.00567	0.00441	0.00139	0.00398	0.00447	0.06908	0.00726
32	0.11562	0.04845	0.01061	0.00873	0.01124	0.18522	0.00687	0.13972	0.18162	0.06089	0.04174	0.05657	0.01141	0.00588	0.00418	0.00136	0.00466	0.00450	0.09472	0.00602
33	0.00651	0.00493	0.00607	0.00665	0.00747	0.00484	0.00479	0.00895	0.10070	0.01322	0.07539	0.49680	0.12439	0.03234	0.00611	0.00185	0.00290	0.08754	0.00432	0.00422
34	0.87108	0.00888	0.00675	0.00604	0.00888	0.01030	0.00497	0.01350	0.00781	0.02060	0.00639	0.00746	0.00497	0.00426	0.00284	0.00142	0.00355	0.00249	0.00284	0.00497
35	0.00596	0.00472	0.00508	0.00495	0.00645	0.00403	0.00373	0.00734	0.01104	0.02993	0.20322	0.04156	0.63388	0.01104	0.00541	0.00153	0.00232	0.00930	0.00446	0.00405
36	0.70232	0.00870	0.00734	0.00639	0.00918	0.00979	0.00519	0.04759	0.00887	0.09941	0.00820	0.00966	0.00637	0.05001	0.00421	0.00158	0.00370	0.00300	0.00320	0.00526
37	0.00575	0.00411	0.00529	0.00617	0.00648	0.00385	0.00410	0.00649	0.00864	0.01144	0.02497	0.68258	0.06669	0.11688	0.00803	0.00218	0.00290	0.02575	0.00408	0.00363
38	0.01868	0.00964	0.01160	0.00899	0.01247	0.00961	0.00739	0.29805	0.05850	0.47039	0.01553	0.01410	0.01025	0.00564	0.00458	0.00140	0.00426	0.00447	0.02677	0.00769
39	0.00619	0.00468	0.00546	0.00534	0.00662	0.00418	0.00406	0.00793	0.01161	0.01554	0.40025	0.03844	0.36848	0.01029	0.00534	0.00150	0.00233	0.04604	0.05158	0.00413
40	0.04031	0.01043	0.01216	0.00934	0.01294	0.01068	0.00772	0.41886	0.01734	0.39048	0.01418	0.01306	0.00938	0.00556	0.00456	0.00140	0.00449	0.00432	0.00505	0.00774
41	0.00570	0.00406	0.00528	0.00621	0.00648	0.00381	0.00409	0.00643	0.00860	0.01144	0.02459	0.73474	0.04474	0.10111	0.00769	0.00213	0.00284	0.01231	0.00411	0.00363
42	0.01745	0.01286	0.01378	0.01056	0.01424	0.01424	0.00873	0.79471	0.02159	0.02893	0.01102	0.01102	0.00781	0.00551	0.00459	0.00138	0.00505	0.00413	0.00459	0.00781
43	0.00646	0.00469	0.00608	0.00573	0.00683	0.00431	0.00430	0.00859	0.01290	0.01818	0.77883	0.03467	0.07222	0.00947	0.00542	0.00145	0.00217	0.00836	0.00502	0.00431
44	0.00639	0.00463	0.00602	0.00580	0.00682	0.00427	0.00430	0.00840	0.01255	0.01765	0.71727	0.10636	0.06249	0.00989	0.00545	0.00148	0.00221	0.00877	0.00496	0.00427
45	0.87108	0.00888	0.00675	0.00604	0.00888	0.01030	0.00497	0.01350	0.00781	0.02060	0.00639	0.00746	0.00497	0.00426	0.00284	0.00142	0.00355	0.00249	0.00284	0.00497
46	0.02060	0.00781	0.01065	0.00817	0.01172	0.00675	0.00675	0.02237	0.01314	0.81320	0.01811	0.01563	0.01136	0.00568	0.00462	0.00142	0.00391	0.00462	0.00568	0.00781
47	0.02060	0.00781	0.01065	0.00817	0.01172	0.00675	0.00675	0.02237	0.01314	0.81320	0.01811	0.01563	0.01136	0.00568	0.00462	0.00142	0.00391	0.00462	0.00568	0.00781
48	0.02357	0.00513	0.00667	0.00669	0.00740	0.00518	0.00485	0.08417	0.00918	0.01236	0.04637	0.22126	0.05800	0.01354	0.01115	0.39269	0.00363	0.08143	0.00327	0.00345
49	0.87108	0.00888	0.00675	0.00604	0.00888	0.01030	0.00497	0.01350	0.00781	0.02060	0.00639	0.00746	0.00497	0.00426	0.00284	0.00142	0.00355	0.00249	0.00284	0.00497
50	0.00543	0.00465	0.00465	0.00465	0.00620	0.00388	0.00349	0.00659	0.01046	0.01240	0.04651	0.04418	0.80815	0.01163	0.00543	0.00155	0.00233	0.00969	0.00426	0.00388
51	0.00787	0.00676	0.00939	0.00868	0.00899	0.00860	0.00675	0.00890	0.00721	0.01055	0.01116	0.07332	0.01164	0.17511	0.30015	0.00436	0.32846	0.00546	0.00247	0.00418
52	0.01009	0.00837	0.00900	0.00834	0.01056	0.00930	0.00648	0.01959	0.56602	0.03500	0.02380	0.07471	0.14127	0.00794	0.00496	0.00160	0.00340	0.04864	0.00458	0.00635
53	0.01091	0.00938	0.00991	0.00895	0.01143	0.01074	0.00695	0.02283	0.72872	0.01880	0.05002	0.01925	0.05848	0.00664	0.00474	0.00155	0.00351	0.00555	0.00466	0.00697
54	0.87108	0.00888	0.00675	0.00604	0.00888	0.01030	0.00497	0.01350	0.00781	0.02060	0.00639	0.00746	0.00497	0.00426	0.00284	0.00142	0.00355	0.00249	0.00284	0.00497
55	0.01224	0.00843	0.00960	0.00803	0.01042	0.00889	0.00638	0.27072	0.13624	0.09393	0.31042	0.02139	0.02255	0.00707	0.00484	0.00142	0.00349	0.00590	0.05181	0.00624
56	0.01745	0.01286	0.01378	0.01056	0.01424	0.01424	0.00873	0.79471	0.02159	0.02893	0.01102	0.01102	0.00781	0.00551	0.00459	0.00138	0.00505	0.00413	0.00459	0.00781
57	0.00548	0.00465	0.00473	0.00471	0.00624	0.00390	0.00353	0.00670	0.01060	0.01273	0.08806	0.04364	0.76640	0.01150	0.00543	0.00154	0.00232	0.00961	0.00431	0.00390
58	0.00713	0.00492	0.00600	0.00586	0.00714	0.00447	0.00442	0.02272	0.01164	0.05909	0.36719	0.15246	0.24998	0.01052	0.00541	0.00156	0.00253	0.04637	0.02623	0.00436
59	0.87108	0.00888	0.00675	0.00604	0.00888	0.01030	0.00497	0.01350	0.00781	0.02060	0.00639	0.00746	0.00497	0.00426	0.00284	0.00142	0.00355	0.00249	0.00284	0.00497
60	0.74807	0.00872	0.00731	0.00635	0.00929	0.00979	0.00523	0.01478	0.00858	0.13524	0.00809	0.00864	0.00590	0.00447	0.00310	0.00142	0.00360	0.00279	0.00325	0.00538
61	0.87108	0.00888	0.00675	0.00604	0.00888	0.01030	0.00497	0.01350	0.00781	0.02060	0.00639	0.00746	0.00497	0.00426	0.00284	0.00142	0.00355	0.00249	0.00284	0.00497
62	0.00650	0.00469	0.00614	0.00578	0.00686	0.00433	0.00433	0.00866	0.01300	0.01841	0.80760	0.03429	0.04332	0.00939	0.00541	0.00144	0.00217	0.00830	0.00505	0.00433
63	0.01066	0.01012	0.01706	0.10434	0.66481	0.01029	0.01319	0.01332	0.01033	0.01451	0.01102	0.01457	0.04671	0.00483	0.00466	0.00142	0.00532	0.03365	0.00242	0.00678
64	0.01998	0.00819	0.01081	0.00836	0.01187	0.00738	0.00688	0.06464	0.05183	0.73189	0.01775	0.01545	0.01130	0.00570	0.00462	0.00142	0.00396	0.00462	0.00557	0.00779
65	0.00952	0.00816	0.00952	0.00680	0.01088	0.00612	0.00544	0.01156	0.00952	0.01496	0.00816	0.00952	0.00680	0.00340	0.00340	0.00068	0.00340	0.00272	0.00272	0.86672
66	0.00867	0.00816	0.01377	0.82762	0.03162	0.01020	0.01275	0.01173	0.00918	0.01173	0.00816	0.01224	0.00612	0.00459	0.00459	0.00153	0.00612	0.00408	0.00204	0.00510
67	0.00543	0.00465	0.00465	0.00465	0.00620	0.00388	0.00349	0.00659	0.01046	0.01240	0.04651	0.04418	0.80815	0.01163	0.00543	0.00155	0.00233	0.00969	0.00426	0.00388
68	0.01069	0.01017	0.01730	0.15764	0.64412	0.01054	0.01347	0.01342	0.01010	0.01425	0.00874	0.01183	0.00729	0.00564	0.04410	0.00168	0.00589	0.00413	0.00224	0.00676
69	0.01194	0.00996	0.01055	0.00937	0.01204	0.01144	0.00732	0.06169	0.74414	0.03957	0.01830	0.01679	0.01365	0.00618	0.00467	0.00155	0.00371	0.00512	0.00469	0.00731
70	0.01126	0.01080	0.01845	0.05839	0.78060	0.01088	0.01404	0.01400	0.01041	0.01488	0.00862	0.01140	0.00723	0.00411	0.00455	0.00137	0.00548	0.00409	0.00226	0.00719
71	0.01715	0.02188	0.01301	0.01183	0.01419	0.82022	0.00887	0.01833	0.01301	0.01124	0.00710	0.00828	0.00591	0.00473	0.00414	0.00118	0.00828	0.00296	0.00237	0.00532
72	0.00559	0.00400	0.00533	0.00639	0.00666	0.00373	0.00426	0.00639	0.00879	0.01172	0.02530	0.83566	0.03036	0.01438	0.00586	0.00186	0.00266	0.01305	0.00426	0.00373
73	0.00580	0.00467	0.00517	0.00504	0.00643	0.00404	0.00378	0.00732	0.01135	0.01451	0.31307	0.04072	0.54028	0.01084	0.00542	0.00151	0.00227	0.00920	0.00454	0.00404
74	0.01745	0.01286	0.01378	0.01056	0.01424	0.01424	0.00873	0.79471	0.02159	0.02893	0.01102	0.01102	0.00781	0.00551	0.00459	0.00138	0.00505	0.00413	0.00459	0.00781
75	0.00589	0.00467	0.00529	0.00514	0.00649	0.00407	0.00385	0.00749	0.01156	0.01500	0.37553	0.03991	0.47751	0.01066	0.00542	0.00150	0.00226	0.00909	0.00460	0.00407
76	0.00543	0.00465	0.00465	0.00465	0.00620	0.00388	0.00349	0.00659	0.01046	0.01240	0.04651	0.04418	0.80815	0.01163	0.00543	0.00155	0.00233	0.00969	0.00426	0.00388
77	0.00668	0.00445	0.00501	0.00501	0.00501	0.00445	0.00278	0.00668	0.00668	0.00890	0.01447	0.03004	0.01669	0.83866	0.02337	0.00445	0.00445	0.00668	0.00278	0.00278
78	0.00856	0.00428	0.00428	0.00428	0.00535	0.00428	0.00321	0.01070	0.00963	0.01712	0.01498	0.01712	0.01177	0.00535	0.00321	0.00107	0.00214	0.00428	0.86414	0.00428
79	0.00921	0.02375	0.81487	0.01309	0.01987	0.01066	0.01696	0.01454	0.00969	0.01454	0.00824	0.00969	0.00582	0.00436	0.00436	0.00145	0.00678	0.00339	0.00194	0.00678
80	0.02060	0.00781	0.01065	0.00817	0.01172	0.00675	0.00675	0.02237	0.01314	0.81320	0.01811	0.01563	0.01136	0.00568	0.00462	0.00142	0.00391	0.00462	0.00568	0.00781
81	0.00650	0.00469	0.00614	0.00578	0.00686	0.00433	0.00433	0.00866	0.01300	0.01841	0.80760	0.03429	0.04332	0.00939	0.00541	0.00144	0.00217	0.00830	0.00505	0.00433
82	0.02060	0.00781	0.01065	0.00817	0.01172	0.00675	0.00675	0.02237	0.01314	0.81320	0.01811	0.01563	0.01136	0.00568	0.00462	0.00142	0.00391	0.00462	0.00568	0.00781
83	0.00543	0.00465	0.00465	0.00465	0.00620	0.00388	0.00349	0.00659	0.01046	0.01240	0.04651	0.04418	0.80815	0.01163	0.00543	0.00155	0.00233	0.00969	0.00426	0.00388
84	0.00656	0.00492	0.00738	0.00738	0.00820	0.00574	0.00574	0.00820	0.00738	0.01066	0.01230	0.01804	0.01148	0.03443	0.82046	0.00738	0.01230	0.00492	0.00246	0.00410
85	0.87108	0.00888	0.00675	0.00604	0.00888	0.01030	0.00497	0.01350	0.00781	0.02060	0.00639	0.00746	0.00497	0.00426	0.00284	0.00142	0.00355	0.00249	0.00284	0.00497
86	0.00551	0.00433	0.00498	0.00550	0.00642	0.00380	0.00386	0.00649	0.00965	0.01207	0.03622	0.42826	0.43072	0.01296	0.00564	0.00170	0.00249	0.01132	0.00426	0.00380
87	0.00543	0.00465	0.00465	0.00465	0.00620	0.00388	0.00349	0.00659	0.01046	0.01240	0.04651	0.04418	0.80815	0.01163	0.00543	0.00155	0.00233	0.00969	0.00426	0.00388
88	0.00928	0.00752	0.00871	0.00866	0.01050	0.00826	0.00706	0.01677	0.40794	0.01637	0.02259	0.05449	0.05819	0.00943	0.00545	0.00180	0.00380	0.33304	0.00445	0.00572
89	0.02031	0.00828	0.01094	0.00839	0.01195	0.00744	0.00693	0.09391	0.01392	0.74056	0.01746	0.01520	0.01103	0.00567	0.00461	0.00142	0.00401	0.00457	0.00558	0.00781
90	0.00543	0.00465	0.00465	0.00465	0.00620	0.00388	0.00349	0.00659	0.01046	0.01240	0.04651	0.04418	0.80815	0.01163	0.00543	0.00155	0.00233	0.00969	0.00426	0.00388
91	0.00638	0.00465	0.00600	0.00574	0.00681	0.00427	0.00428	0.00841	0.01261	0.01767	0.71792	0.07866	0.08981	0.00980	0.00544	0.00147	0.00220	0.00865	0.00496	0.00427
92	0.00570	0.00427	0.00532	0.00611	0.00678	0.00390	0.00432	0.00671	0.00938	0.01207	0.03076	0.56326	0.23312	0.01352	0.00579	0.00180	0.00271	0.07643	0.00426	0.00381
93	0.03702	0.01219	0.01304	0.01017	0.01362	0.01348	0.00834	0.70363	0.05131	0.02756	0.02682	0.04008	0.00944	0.00589	0.00461	0.00140	0.00482	0.00452	0.00455	0.00751
94	0.45313	0.01400	0.01061	0.00919	0.01200	0.30301	0.05201	0.05640	0.02485	0.01729	0.00728	0.00840	0.00574	0.00451	0.00358	0.00134	0.00558	0.00296	0.00276	0.00536
95	0.04449	0.00906	0.00976	0.04003	0.01164	0.12974	0.04551	0.09143	0.03133	0.01483	0.03242	0.11519	0.05840	0.01146	0.07578	0.00219	0.00552	0.26266	0.00363	0.00491
96	0.00842	0.00586	0.04200	0.00662	0.00810	0.00485	0.00515	0.01016	0.03037	0.14003	0.16255	0.36367	0.15721	0.02583	0.00573	0.00169	0.00296	0.00960	0.00451	0.00471
97	0.03969	0.09205	0.41557	0.02907	0.10332	0.05552	0.04769	0.06295	0.03070	0.05307	0.02330	0.01067	0.00728	0.00456	0.00430	0.00139	0.00607	0.00367	0.00251	0.00664
98	0.01174	0.06452	0.05620	0.03766	0.09250	0.08313	0.07004	0.12333	0.01200	0.06140	0.07482	0.03491	0.01151	0.02694	0.05907	0.00174	0.00553	0.01923	0.00317	0.15055
99	0.00706	0.00544	0.02629	0.00607	0.00677	0.00525	0.00425	0.02750	0.02403	0.01091	0.04558	0.05317	0.04945	0.49319	0.18145	0.00440	0.00585	0.02033	0.00300	0.02002
100	0.03259	0.19344	0.06606	0.01193	0.11287	0.07467	0.00925	0.25383	0.11347	0.01868	0.00992	0.01057	0.00771	0.00478	0.00407	0.00126	0.00511	0.00363	0.00324	0.06291
101	0.10875	0.05897	0.07067	0.00820	0.01104	0.05265	0.00703	0.08328	0.07765	0.13814	0.01358	0.10021	0.02584	0.00811	0.03493	0.06834	0.00456	0.02710	0.00356	0.09737
102	0.02255	0.07319	0.16736	0.02057	0.02510	0.11989	0.02191	0.08165	0.14567	0.08859	0.07358	0.06397	0.01238	0.00592	0.00463	0.00139	0.01821	0.00474	0.00347	0.04524

[dist]
# distance from previous block
# <min> <max>
1	12

[block]
# block no. 1 follows, 56 sequences, length 76
# corresponding to MSA columns:
# 324-399
name=unknown_B
#
# <colnr> <probs for GDERKNQSTAVLIFYWHMCP>
#	G	D	E	R	K	N	Q	S	T	A	V	L	I	F	Y	W	H	M	C	P
0	0.00755	0.00697	0.02373	0.00832	0.07299	0.04467	0.02127	0.02126	0.06613	0.01444	0.18105	0.10623	0.34320	0.01045	0.02950	0.00171	0.00354	0.02822	0.00406	0.00471
1	0.17203	0.00787	0.03470	0.19640	0.09068	0.00821	0.00823	0.01129	0.03302	0.01488	0.08764	0.09847	0.06328	0.00740	0.00524	0.01871	0.03193	0.07724	0.00314	0.02962
2	0.02737	0.01168	0.09214	0.08250	0.05071	0.09012	0.07363	0.10997	0.02272	0.22248	0.02346	0.01546	0.03758	0.00716	0.04541	0.00177	0.04055	0.03528	0.00362	0.00639
3	0.01211	0.08548	0.01724	0.20611	0.09728	0.09171	0.18934	0.01550	0.06835	0.10417	0.01083	0.01394	0.00852	0.00501	0.00483	0.00146	0.01813	0.04106	0.00286	0.00608
4	0.01602	0.03814	0.01329	0.01197	0.04055	0.65286	0.02296	0.07021	0.01312	0.01265	0.00879	0.03044	0.02286	0.00568	0.01981	0.00135	0.00769	0.00354	0.00259	0.00549
5	0.00699	0.00466	0.00665	0.00677	0.00728	0.00502	0.00500	0.00737	0.00739	0.01013	0.01451	0.08451	0.04978	0.08193	0.34843	0.26055	0.02407	0.06290	0.00269	0.00337
6	0.06522	0.03861	0.00996	0.00871	0.01000	0.00733	0.09191	0.01011	0.03915	0.01279	0.01699	0.14420	0.01830	0.19939	0.01034	0.00243	0.07092	0.23595	0.00335	0.00433
7	0.07159	0.00935	0.01129	0.00874	0.01226	0.00918	0.00721	0.24048	0.03148	0.52629	0.01540	0.01385	0.01002	0.00556	0.00450	0.00141	0.00420	0.00436	0.00518	0.00763
8	0.79328	0.00878	0.00711	0.00623	0.00914	0.00997	0.00513	0.01431	0.00830	0.09311	0.00746	0.00821	0.00556	0.00439	0.00300	0.00142	0.00358	0.00268	0.00310	0.00523
9	0.00674	0.00507	0.00725	0.00716	0.00779	0.00588	0.00539	0.00805	0.00723	0.01035	0.01241	0.01987	0.01218	0.18031	0.63794	0.00660	0.04818	0.00520	0.00250	0.00390
10	0.01126	0.00748	0.00906	0.03949	0.03062	0.00758	0.00631	0.22258	0.01406	0.12072	0.19642	0.14556	0.11937	0.00854	0.00507	0.00150	0.00353	0.02036	0.02481	0.00567
11	0.00714	0.00537	0.00689	0.00754	0.00872	0.00531	0.00626	0.00980	0.07125	0.01395	0.06482	0.12693	0.15993	0.01202	0.00596	0.00192	0.00360	0.47393	0.00431	0.00436
12	0.00668	0.00445	0.00501	0.00501	0.00501	0.00445	0.00278	0.00668	0.00668	0.00890	0.01447	0.03004	0.01669	0.83866	0.02337	0.00445	0.00445	0.00668	0.00278	0.00278
13	0.75543	0.00873	0.00728	0.00633	0.00926	0.00982	0.00521	0.01470	0.00854	0.12838	0.00799	0.00857	0.00584	0.00445	0.00308	0.00142	0.00360	0.00278	0.00323	0.00536
14	0.02043	0.00808	0.01082	0.00830	0.01185	0.00715	0.00685	0.06336	0.01359	0.77158	0.01774	0.01538	0.01118	0.00567	0.00462	0.00142	0.00397	0.00459	0.00562	0.00781
15	0.87108	0.00888	0.00675	0.00604	0.00888	0.01030	0.00497	0.01350	0.00781	0.02060	0.00639	0.00746	0.00497	0.00426	0.00284	0.00142	0.00355	0.00249	0.00284	0.00497
16	0.00589	0.00430	0.00554	0.00622	0.00678	0.00401	0.00431	0.00716	0.02159	0.01306	0.16295	0.58738	0.09624	0.02478	0.00599	0.00180	0.00263	0.03110	0.00438	0.00390
17	0.01409	0.00940	0.01046	0.00888	0.01173	0.01023	0.00706	0.12468	0.46487	0.19983	0.01728	0.01598	0.01244	0.00595	0.00455	0.00147	0.00378	0.00486	0.06520	0.00725
18	0.00663	0.00483	0.00625	0.00587	0.00699	0.00452	0.00441	0.00907	0.03350	0.01843	0.78708	0.03385	0.04256	0.00930	0.00540	0.00145	0.00220	0.00822	0.00504	0.00441
19	0.87108	0.00888	0.00675	0.00604	0.00888	0.01030	0.00497	0.01350	0.00781	0.02060	0.00639	0.00746	0.00497	0.00426	0.00284	0.00142	0.00355	0.00249	0.00284	0.00497
20	0.00616	0.00425	0.00539	0.00602	0.00627	0.00409	0.00395	0.00675	0.00827	0.01105	0.05121	0.46712	0.02545	0.28794	0.01203	0.02745	0.00337	0.05606	0.00373	0.00342
21	0.05233	0.00781	0.00870	0.00742	0.00951	0.00826	0.00586	0.25274	0.08088	0.02170	0.38230	0.02276	0.02508	0.00730	0.00477	0.00140	0.00324	0.00609	0.08619	0.00567
22	0.01699	0.04937	0.01338	0.01169	0.01411	0.79332	0.00884	0.01818	0.01289	0.01122	0.00707	0.00825	0.00591	0.00470	0.00410	0.00118	0.00817	0.00294	0.00235	0.00534
23	0.00567	0.00407	0.00535	0.00627	0.00662	0.00379	0.00421	0.00654	0.00904	0.01207	0.07190	0.74654	0.05395	0.03268	0.00622	0.00189	0.00266	0.01253	0.00427	0.00375
24	0.00938	0.00513	0.00622	0.00572	0.00652	0.00491	0.00373	0.00995	0.00843	0.16524	0.07079	0.02707	0.01733	0.58716	0.03692	0.00367	0.00433	0.00631	0.01726	0.00392
25	0.00856	0.00428	0.00428	0.00428	0.00535	0.00428	0.00321	0.01070	0.00963	0.01712	0.01498	0.01712	0.01177	0.00535	0.00321	0.00107	0.00214	0.00428	0.86414	0.00428
26	0.87108	0.00888	0.00675	0.00604	0.00888	0.01030	0.00497	0.01350	0.00781	0.02060	0.00639	0.00746	0.00497	0.00426	0.00284	0.00142	0.00355	0.00249	0.00284	0.00497
27	0.00573	0.00464	0.00513	0.00532	0.00663	0.00403	0.00403	0.00703	0.01051	0.01301	0.11312	0.13695	0.57182	0.01184	0.00556	0.00163	0.00253	0.08222	0.00433	0.00393
28	0.01417	0.00683	0.00800	0.00666	0.00902	0.00666	0.00533	0.11008	0.04280	0.31119	0.01579	0.01583	0.01123	0.00552	0.00395	0.00125	0.00320	0.00442	0.41194	0.00612
29	0.00650	0.00469	0.00614	0.00578	0.00686	0.00433	0.00433	0.00866	0.01300	0.01841	0.80760	0.03429	0.04332	0.00939	0.00541	0.00144	0.00217	0.00830	0.00505	0.00433
30	0.87108	0.00888	0.00675	0.00604	0.00888	0.01030	0.00497	0.01350	0.00781	0.02060	0.00639	0.00746	0.00497	0.00426	0.00284	0.00142	0.00355	0.00249	0.00284	0.00497
31	0.00611	0.00501	0.00531	0.00518	0.00670	0.00443	0.00389	0.03367	0.02682	0.01392	0.15300	0.07460	0.62299	0.01111	0.00540	0.00154	0.00243	0.00936	0.00440	0.00413
32	0.00650	0.00469	0.00614	0.00578	0.00686	0.00433	0.00433	0.00866	0.01300	0.01841	0.80760	0.03429	0.04332	0.00939	0.00541	0.00144	0.00217	0.00830	0.00505	0.00433
33	0.87108	0.00888	0.00675	0.00604	0.00888	0.01030	0.00497	0.01350	0.00781	0.02060	0.00639	0.00746	0.00497	0.00426	0.00284	0.00142	0.00355	0.00249	0.00284	0.00497
34	0.01745	0.01286	0.01378	0.01056	0.01424	0.01424	0.00873	0.79471	0.02159	0.02893	0.01102	0.01102	0.00781	0.00551	0.00459	0.00138	0.00505	0.00413	0.00459	0.00781
35	0.87108	0.00888	0.00675	0.00604	0.00888	0.01030	0.00497	0.01350	0.00781	0.02060	0.00639	0.00746	0.00497	0.00426	0.00284	0.00142	0.00355	0.00249	0.00284	0.00497
36	0.02060	0.00781	0.01065	0.00817	0.01172	0.00675	0.00675	0.02237	0.01314	0.81320	0.01811	0.01563	0.01136	0.00568	0.00462	0.00142	0.00391	0.00462	0.00568	0.00781
37	0.02060	0.00781	0.01065	0.00817	0.01172	0.00675	0.00675	0.02237	0.01314	0.81320	0.01811	0.01563	0.01136	0.00568	0.00462	0.00142	0.00391	0.00462	0.00568	0.00781
38	0.00558	0.00405	0.00527	0.00624	0.00662	0.00374	0.00419	0.00641	0.00894	0.01178	0.02717	0.76589	0.09893	0.01414	0.00582	0.00184	0.00263	0.01275	0.00426	0.00374
39	0.02003	0.00842	0.01100	0.00846	0.01201	0.00769	0.00698	0.10865	0.03264	0.70696	0.01733	0.01515	0.01103	0.00568	0.00462	0.00142	0.00403	0.00458	0.00554	0.00780
40	0.01227	0.84142	0.02406	0.00786	0.01178	0.01817	0.00786	0.01375	0.00933	0.01080	0.00638	0.00736	0.00589	0.00393	0.00295	0.00098	0.00491	0.00245	0.00196	0.00589
41	0.02060	0.00781	0.01065	0.00817	0.01172	0.00675	0.00675	0.02237	0.01314	0.81320	0.01811	0.01563	0.01136	0.00568	0.00462	0.00142	0.00391	0.00462	0.00568	0.00781
42	0.01668	0.00965	0.01724	0.01265	0.01664	0.00870	0.32215	0.01930	0.01222	0.49302	0.01457	0.01433	0.00960	0.00496	0.00494	0.00147	0.00544	0.00494	0.00433	0.00716
43	0.01716	0.02168	0.01303	0.01180	0.01419	0.80199	0.00887	0.03589	0.01320	0.01164	0.00719	0.00834	0.00596	0.00475	0.00415	0.00119	0.00821	0.00298	0.00242	0.00538
44	0.07747	0.00982	0.01124	0.00856	0.01223	0.00958	0.00702	0.30112	0.01496	0.27594	0.01226	0.01188	0.00850	0.00496	0.00419	0.00122	0.00418	0.00383	0.00436	0.21668
45	0.01715	0.01066	0.01152	0.00925	0.01243	0.07996	0.00750	0.28408	0.08569	0.33400	0.06880	0.01565	0.01244	0.00600	0.00467	0.00141	0.00454	0.02216	0.00486	0.00723
46	0.00559	0.00400	0.00533	0.00639	0.00666	0.00373	0.00426	0.00639	0.00879	0.01172	0.02530	0.83566	0.03036	0.01438	0.00586	0.00186	0.00266	0.01305	0.00426	0.00373
47	0.00668	0.00445	0.00501	0.00501	0.00501	0.00445	0.00278	0.00668	0.00668	0.00890	0.01447	0.03004	0.01669	0.83866	0.02337	0.00445	0.00445	0.00668	0.00278	0.00278
48	0.00650	0.00469	0.00614	0.00578	0.00686	0.00433	0.00433	0.00866	0.01300	0.01841	0.80760	0.03429	0.04332	0.00939	0.00541	0.00144	0.00217	0.00830	0.00505	0.00433
49	0.01131	0.01086	0.01854	0.04331	0.79528	0.01089	0.01406	0.01404	0.01043	0.01494	0.00863	0.01138	0.00725	0.00410	0.00455	0.00137	0.00547	0.00409	0.00227	0.00723
50	0.00553	0.00464	0.00481	0.00481	0.00627	0.00391	0.00359	0.00677	0.01065	0.01293	0.11587	0.06649	0.71500	0.01150	0.00544	0.00155	0.00232	0.00966	0.00434	0.00391
51	0.00559	0.00400	0.00533	0.00639	0.00666	0.00373	0.00426	0.00639	0.00879	0.01172	0.02530	0.83566	0.03036	0.01438	0.00586	0.00186	0.00266	0.01305	0.00426	0.00373
52	0.00548	0.00465	0.00472	0.00471	0.00623	0.00390	0.00353	0.00669	0.01059	0.01270	0.08428	0.04369	0.77020	0.01152	0.00543	0.00154	0.00232	0.00962	0.00430	0.00390
53	0.00627	0.00466	0.00584	0.00560	0.00673	0.00423	0.00418	0.00820	0.01238	0.01707	0.64031	0.06687	0.18072	0.00998	0.00543	0.00148	0.00221	0.00874	0.00488	0.00423
54	0.00921	0.02375	0.81487	0.01309	0.01987	0.01066	0.01696	0.01454	0.00969	0.01454	0.00824	0.00969	0.00582	0.00436	0.00436	0.00145	0.00678	0.00339	0.00194	0.00678
55	0.00543	0.00465	0.00465	0.00465	0.00620	0.00388	0.00349	0.00659	0.01046	0.01240	0.04651	0.04418	0.80815	0.01163	0.00543	0.00155	0.00233	0.00969	0.00426	0.00388
56	0.00668	0.00445	0.00501	0.00501	0.00501	0.00445	0.00278	0.00668	0.00668	0.00890	0.01447	0.03004	0.01669	0.83866	0.02337	0.00445	0.00445	0.00668	0.00278	0.00278
57	0.70641	0.00867	0.00750	0.00645	0.00943	0.00961	0.00532	0.01521	0.00884	0.17407	0.00866	0.00904	0.00621	0.00454	0.00318	0.00142	0.00362	0.00290	0.00339	0.00552
58	0.01745	0.01286	0.01378	0.01056	0.01424	0.01424	0.00873	0.79471	0.02159	0.02893	0.01102	0.01102	0.00781	0.00551	0.00459	0.00138	0.00505	0.00413	0.00459	0.00781
59	0.01976	0.00763	0.01039	0.00803	0.01143	0.00660	0.00660	0.02156	0.01313	0.76607	0.06492	0.01673	0.01326	0.00590	0.00466	0.00142	0.00380	0.00484	0.00564	0.00761
60	0.00543	0.00465	0.00465	0.00465	0.00620	0.00388	0.00349	0.00659	0.01046	0.01240	0.04651	0.04418	0.80815	0.01163	0.00543	0.00155	0.00233	0.00969	0.00426	0.00388
61	0.87108	0.00888	0.00675	0.00604	0.00888	0.01030	0.00497	0.01350	0.00781	0.02060	0.00639	0.00746	0.00497	0.00426	0.00284	0.00142	0.00355	0.00249	0.00284	0.00497
62	0.00559	0.00400	0.00533	0.00639	0.00666	0.00373	0.00426	0.00639	0.00879	0.01172	0.02530	0.83566	0.03036	0.01438	0.00586	0.00186	0.00266	0.01305	0.00426	0.00373
63	0.00668	0.00445	0.00501	0.00501	0.00501	0.00445	0.00278	0.00668	0.00668	0.00890	0.01447	0.03004	0.01669	0.83866	0.02337	0.00445	0.00445	0.00668	0.00278	0.00278
64	0.87108	0.00888	0.00675	0.00604	0.00888	0.01030	0.00497	0.01350	0.00781	0.02060	0.00639	0.00746	0.00497	0.00426	0.00284	0.00142	0.00355	0.00249	0.00284	0.00497
65	0.00590	0.00425	0.00560	0.00615	0.00672	0.00394	0.00427	0.00718	0.01027	0.01405	0.29627	0.54529	0.04778	0.01261	0.00570	0.00171	0.00249	0.01135	0.00454	0.00394
66	0.00543	0.00465	0.00465	0.00465	0.00620	0.00388	0.00349	0.00659	0.01046	0.01240	0.04651	0.04418	0.80815	0.01163	0.00543	0.00155	0.00233	0.00969	0.00426	0.00388
67	0.00640	0.00469	0.00600	0.00567	0.00680	0.00429	0.00425	0.00847	0.01275	0.01784	0.73509	0.03524	0.11618	0.00960	0.00542	0.00145	0.00218	0.00843	0.00498	0.00429
68	0.49512	0.00840	0.00838	0.00694	0.01002	0.00878	0.00571	0.02992	0.01030	0.33274	0.03593	0.01157	0.00873	0.00500	0.00365	0.00142	0.00367	0.00353	0.00406	0.00612
69	0.00590	0.00519	0.00506	0.00499	0.00651	0.02924	0.00374	0.00716	0.01080	0.01297	0.12136	0.04208	0.70682	0.01119	0.00538	0.00153	0.00249	0.00934	0.00428	0.00397
70	0.00616	0.00475	0.00649	0.00713	0.03214	0.00486	0.00504	0.00746	0.00858	0.01151	0.02364	0.28726	0.18646	0.02218	0.35934	0.00418	0.00686	0.00853	0.00342	0.00403
71	0.00868	0.00814	0.01512	0.01259	0.01502	0.00792	0.31480	0.01137	0.01051	0.01391	0.01893	0.05714	0.05484	0.00909	0.00619	0.00186	0.03108	0.39438	0.00342	0.00499
72	0.01139	0.00913	0.00950	0.00845	0.01080	0.04385	0.00655	0.06843	0.46974	0.07534	0.09911	0.03578	0.09147	0.03287	0.00539	0.00160	0.00368	0.00591	0.00457	0.00644
73	0.01657	0.01252	0.01342	0.01046	0.01399	0.04427	0.02435	0.62681	0.07670	0.05588	0.01179	0.01220	0.00858	0.00556	0.00459	0.00138	0.00502	0.01725	0.00444	0.03421
74	0.04421	0.03153	0.01643	0.14662	0.51601	0.03834	0.01239	0.04968	0.01067	0.01505	0.03327	0.01194	0.00812	0.00512	0.02101	0.00151	0.02499	0.00409	0.00245	0.00657
75	0.08374	0.00602	0.00735	0.00640	0.00835	0.00563	0.00499	0.02747	0.01224	0.21185	0.41613	0.02716	0.10258	0.02507	0.01903	0.00159	0.00302	0.00677	0.00481	0.01979

[dist]
# distance from previous block
# <min> <max>
0	139

# created by:
# /home/cegg/simao/soft/augustus-3.2.1/scripts/msa2prfl.pl ./align_prep/EOG091G0PHL.fa
