[name]
unknown

[dist]
# distance from previous block
# <min> <max>
0	37

[block]
# block no. 0 follows, 47 sequences, length 22
# corresponding to MSA columns:
# 38-59
name=unknown_A
#
# <colnr> <probs for GDERKNQSTAVLIFYWHMCP>
#	G	D	E	R	K	N	Q	S	T	A	V	L	I	F	Y	W	H	M	C	P
0	0.08665	0.10346	0.09776	0.02491	0.02980	0.08053	0.00906	0.09339	0.04890	0.08979	0.05687	0.06192	0.03491	0.00712	0.00491	0.00156	0.00521	0.06136	0.03312	0.06879
1	0.06480	0.22549	0.27068	0.01267	0.04868	0.06691	0.05491	0.03370	0.01180	0.09449	0.01165	0.04632	0.02523	0.00564	0.00462	0.00151	0.00635	0.00442	0.00301	0.00711
2	0.15115	0.16828	0.11791	0.01007	0.03052	0.03188	0.00917	0.10690	0.03405	0.08347	0.04501	0.05609	0.01108	0.00590	0.00442	0.00143	0.00509	0.00450	0.00361	0.11946
3	0.01149	0.01117	0.05573	0.09219	0.13947	0.02236	0.10064	0.01543	0.07592	0.04280	0.03276	0.04618	0.03341	0.00581	0.00503	0.00142	0.00538	0.02511	0.00335	0.27435
4	0.01418	0.01340	0.01816	0.13226	0.36978	0.08700	0.03157	0.14453	0.06981	0.01894	0.01075	0.01308	0.00852	0.00542	0.00566	0.00161	0.03984	0.00465	0.00319	0.00766
5	0.00636	0.00461	0.00601	0.00708	0.00752	0.00426	0.00477	0.00735	0.01026	0.01359	0.05392	0.73117	0.09208	0.01590	0.00659	0.00207	0.00297	0.01435	0.00486	0.00426
6	0.01612	0.01247	0.01422	0.02839	0.01529	0.07311	0.06494	0.31915	0.05580	0.10697	0.07348	0.03811	0.03982	0.00663	0.00522	0.00151	0.00538	0.00546	0.00465	0.11327
7	0.01254	0.27834	0.36746	0.01244	0.01818	0.01434	0.06517	0.03028	0.03339	0.06332	0.02841	0.01282	0.03121	0.00530	0.00461	0.00149	0.00648	0.00416	0.00280	0.00727
8	0.00665	0.00506	0.00643	0.02869	0.00855	0.00474	0.00525	0.00796	0.01079	0.01394	0.06050	0.46171	0.23458	0.01558	0.03389	0.00223	0.00355	0.08076	0.00472	0.00441
9	0.00730	0.00496	0.00587	0.00614	0.00624	0.00493	0.00366	0.00757	0.00813	0.01088	0.01901	0.20475	0.02209	0.60866	0.05425	0.00454	0.00497	0.00908	0.00351	0.00345
10	0.01374	0.27279	0.23485	0.01286	0.06076	0.07706	0.02902	0.07715	0.07355	0.04803	0.01115	0.04716	0.00918	0.00564	0.00459	0.00147	0.00631	0.00435	0.00306	0.00729
11	0.03980	0.10980	0.18388	0.08151	0.09983	0.08040	0.05411	0.04282	0.09900	0.03042	0.01226	0.03233	0.02281	0.04766	0.02009	0.00189	0.02664	0.00482	0.00305	0.00688
12	0.49974	0.00943	0.00902	0.00773	0.01092	0.01013	0.00627	0.04786	0.03387	0.20918	0.04018	0.05564	0.02830	0.00634	0.00420	0.00164	0.00406	0.00462	0.00436	0.00650
13	0.00879	0.00611	0.00855	0.08727	0.04216	0.00644	0.00646	0.02841	0.04108	0.01255	0.01720	0.14586	0.05336	0.12324	0.07936	0.27544	0.00539	0.04490	0.00330	0.00413
14	0.01281	0.12693	0.15472	0.13923	0.28163	0.02929	0.08410	0.08006	0.01249	0.01694	0.00955	0.01209	0.00754	0.00488	0.00496	0.00155	0.00674	0.00436	0.00266	0.00746
15	0.02642	0.00599	0.00785	0.00833	0.03563	0.00560	0.02436	0.02922	0.01127	0.07673	0.04356	0.44499	0.18183	0.04560	0.00706	0.00206	0.00352	0.03025	0.00475	0.00498
16	0.00830	0.00713	0.03655	0.03028	0.01054	0.00722	0.05500	0.00962	0.00881	0.01234	0.01587	0.13805	0.01685	0.25722	0.21339	0.03914	0.07937	0.02498	0.02489	0.00444
17	0.02973	0.14618	0.26520	0.04285	0.09136	0.16123	0.08101	0.01675	0.02934	0.01536	0.02925	0.01376	0.02496	0.00549	0.00487	0.00153	0.00714	0.02439	0.00268	0.00690
18	0.01211	0.09191	0.34832	0.06448	0.06281	0.04082	0.04022	0.09778	0.03420	0.01710	0.01076	0.01438	0.00879	0.04752	0.02440	0.00196	0.04506	0.02746	0.00283	0.00709
19	0.00698	0.00509	0.00618	0.00644	0.00753	0.00457	0.00460	0.00844	0.01193	0.03250	0.24477	0.32083	0.27064	0.03652	0.00689	0.00194	0.00283	0.01170	0.00507	0.00454
20	0.01262	0.19400	0.46611	0.01317	0.01926	0.07810	0.03538	0.06978	0.01220	0.01653	0.00927	0.01073	0.00701	0.00499	0.00460	0.00149	0.00712	0.00373	0.02659	0.00733
21	0.01463	0.05008	0.06917	0.01554	0.17916	0.13760	0.01081	0.07143	0.24201	0.07329	0.07121	0.01621	0.01352	0.00618	0.00511	0.00158	0.00573	0.00507	0.00405	0.00762

[dist]
# distance from previous block
# <min> <max>
5	8

[block]
# block no. 1 follows, 47 sequences, length 20
# corresponding to MSA columns:
# 69-88
name=unknown_B
#
# <colnr> <probs for GDERKNQSTAVLIFYWHMCP>
#	G	D	E	R	K	N	Q	S	T	A	V	L	I	F	Y	W	H	M	C	P
0	0.01376	0.16770	0.03722	0.07451	0.09218	0.06821	0.03354	0.16217	0.04106	0.01845	0.01106	0.05912	0.00950	0.00571	0.00484	0.00138	0.01799	0.00457	0.00333	0.17372
1	0.05613	0.08107	0.17867	0.03892	0.14582	0.05200	0.02711	0.03024	0.02129	0.12624	0.03108	0.01449	0.03142	0.02596	0.00564	0.00158	0.02657	0.00449	0.00333	0.09794
2	0.00709	0.00525	0.00651	0.00654	0.00753	0.00503	0.00472	0.00860	0.01130	0.01517	0.26492	0.10726	0.20596	0.16510	0.12425	0.00334	0.00478	0.03778	0.00451	0.00437
3	0.01250	0.01422	0.02877	0.02142	0.05510	0.05205	0.67206	0.01660	0.01226	0.01633	0.01050	0.01400	0.00804	0.00568	0.03411	0.00196	0.00889	0.00593	0.00264	0.00694
4	0.05239	0.08886	0.07601	0.02921	0.01460	0.07780	0.03402	0.15070	0.08420	0.10201	0.10747	0.04335	0.01544	0.00733	0.01864	0.00166	0.00546	0.02457	0.00423	0.06203
5	0.01226	0.04600	0.05788	0.07329	0.39865	0.05641	0.08464	0.01563	0.03796	0.02966	0.01264	0.09076	0.01153	0.00677	0.01727	0.00175	0.00638	0.03031	0.00299	0.00721
6	0.00756	0.00540	0.00671	0.00650	0.00788	0.00487	0.00490	0.00961	0.01360	0.04332	0.49570	0.09640	0.22541	0.01168	0.00619	0.00173	0.00270	0.03954	0.00544	0.00486
7	0.01359	0.03947	0.04881	0.13144	0.42179	0.06367	0.01353	0.03993	0.03950	0.07701	0.02986	0.01441	0.00980	0.02825	0.00571	0.00166	0.00619	0.00475	0.00310	0.00753
8	0.01243	0.14403	0.10177	0.19310	0.24619	0.04112	0.06807	0.03883	0.02508	0.02842	0.01024	0.03321	0.00845	0.00587	0.02041	0.00169	0.00671	0.00463	0.00269	0.00708
9	0.29759	0.00910	0.00943	0.00797	0.01106	0.00957	0.00644	0.05894	0.10558	0.25048	0.03983	0.01551	0.01186	0.00605	0.00434	0.00157	0.00394	0.00455	0.13926	0.00694
10	0.00685	0.00530	0.00634	0.00683	0.00811	0.00480	0.00529	0.00846	0.01180	0.01496	0.11531	0.20649	0.37700	0.01385	0.00650	0.00197	0.00321	0.18751	0.00492	0.00451
11	0.10016	0.13729	0.10118	0.06105	0.22233	0.06240	0.01190	0.05998	0.04997	0.07567	0.01140	0.01345	0.02045	0.00555	0.00508	0.00156	0.03149	0.01864	0.00319	0.00728
12	0.01129	0.09977	0.01255	0.00993	0.02984	0.04583	0.06962	0.03245	0.04631	0.09424	0.02265	0.27126	0.08883	0.01025	0.00583	0.00177	0.01876	0.05913	0.06388	0.00581
13	0.03218	0.00489	0.00587	0.00653	0.00690	0.00477	0.00422	0.00802	0.00926	0.01312	0.02314	0.47256	0.02681	0.26885	0.01257	0.00295	0.00364	0.01128	0.07846	0.00399
14	0.01148	0.04167	0.50712	0.01457	0.03867	0.01267	0.05265	0.08709	0.01223	0.01771	0.04076	0.01390	0.00936	0.00597	0.00635	0.00172	0.08861	0.02738	0.00275	0.00736
15	0.01215	0.13183	0.20583	0.08411	0.17414	0.09547	0.09372	0.01563	0.01193	0.01569	0.08307	0.03116	0.01177	0.00561	0.00503	0.00155	0.00672	0.00488	0.00278	0.00691
16	0.04946	0.00859	0.01097	0.00875	0.01215	0.00791	0.00711	0.08353	0.01495	0.54045	0.08443	0.05488	0.01640	0.00715	0.00519	0.00160	0.00414	0.00587	0.06858	0.00790
17	0.01437	0.01049	0.01168	0.01010	0.01302	0.01162	0.00800	0.10172	0.45270	0.13747	0.02272	0.03689	0.09002	0.00778	0.00598	0.00175	0.04434	0.00628	0.00526	0.00782
18	0.03917	0.02640	0.12946	0.31747	0.05006	0.04138	0.09616	0.03015	0.04572	0.02877	0.06304	0.01560	0.01080	0.00598	0.00612	0.00173	0.06476	0.01786	0.00292	0.00644
19	0.00915	0.00655	0.00884	0.07402	0.01223	0.00670	0.00775	0.04537	0.03934	0.04579	0.06892	0.21963	0.05730	0.01288	0.00657	0.00212	0.00436	0.36253	0.00476	0.00520

[dist]
# distance from previous block
# <min> <max>
0	40

[block]
# block no. 2 follows, 47 sequences, length 9
# corresponding to MSA columns:
# 129-137
name=unknown_C
#
# <colnr> <probs for GDERKNQSTAVLIFYWHMCP>
#	G	D	E	R	K	N	Q	S	T	A	V	L	I	F	Y	W	H	M	C	P
0	0.00805	0.00576	0.00726	0.00689	0.00830	0.00544	0.00521	0.01107	0.06041	0.04222	0.59247	0.07503	0.10835	0.01090	0.00612	0.00170	0.00273	0.03137	0.00558	0.00515
1	0.01890	0.01669	0.07437	0.04082	0.01675	0.20080	0.01037	0.34541	0.05452	0.15059	0.01282	0.01288	0.00910	0.00597	0.00507	0.00154	0.00651	0.00445	0.00448	0.00795
2	0.00995	0.01256	0.14808	0.01436	0.01811	0.00974	0.29579	0.01413	0.06536	0.01583	0.01881	0.18923	0.05821	0.03766	0.00681	0.00198	0.00626	0.06742	0.00353	0.00617
3	0.03247	0.00661	0.00774	0.00778	0.00910	0.03421	0.00563	0.04902	0.01217	0.11474	0.12089	0.48628	0.06705	0.01298	0.00614	0.00190	0.00351	0.01147	0.00505	0.00525
4	0.32007	0.24438	0.04103	0.01022	0.01424	0.05987	0.07021	0.15203	0.01287	0.02053	0.00858	0.00975	0.00680	0.00498	0.00399	0.00146	0.00558	0.00348	0.00319	0.00672
5	0.00692	0.00504	0.00663	0.00759	0.00834	0.00475	0.00565	0.00837	0.01105	0.01455	0.09024	0.48482	0.10984	0.01507	0.00670	0.00211	0.00339	0.19962	0.00490	0.00444
6	0.00757	0.00505	0.00568	0.00568	0.00568	0.00505	0.00316	0.00757	0.00757	0.01010	0.01641	0.03408	0.01893	0.81698	0.02651	0.00505	0.00505	0.00757	0.00316	0.00316
7	0.01980	0.01459	0.01563	0.01198	0.01615	0.01615	0.00990	0.76713	0.02448	0.03282	0.01250	0.01250	0.00886	0.00625	0.00521	0.00156	0.00573	0.00469	0.00521	0.00886
8	0.03213	0.06258	0.07784	0.24501	0.04919	0.03438	0.03283	0.16162	0.06874	0.06382	0.03467	0.03674	0.01036	0.00604	0.00542	0.00162	0.02969	0.00493	0.00357	0.03884

[dist]
# distance from previous block
# <min> <max>
0	5

[block]
# block no. 3 follows, 47 sequences, length 28
# corresponding to MSA columns:
# 143-170
name=unknown_D
#
# <colnr> <probs for GDERKNQSTAVLIFYWHMCP>
#	G	D	E	R	K	N	Q	S	T	A	V	L	I	F	Y	W	H	M	C	P
0	0.01945	0.02482	0.01476	0.01342	0.01610	0.79608	0.01006	0.02079	0.01476	0.01275	0.00805	0.00939	0.00671	0.00537	0.00470	0.00134	0.00939	0.00335	0.00268	0.00604
1	0.01045	0.02694	0.79000	0.01484	0.02254	0.01209	0.01924	0.01649	0.01099	0.01649	0.00935	0.01099	0.00660	0.00495	0.00495	0.00165	0.00770	0.00385	0.00220	0.00770
2	0.03647	0.19839	0.22817	0.01100	0.01545	0.04408	0.01111	0.15215	0.07313	0.02907	0.05741	0.07761	0.01281	0.02469	0.00529	0.00162	0.00576	0.00518	0.00354	0.00707
3	0.00676	0.00514	0.00620	0.00652	0.00741	0.00483	0.00459	0.00787	0.01082	0.01407	0.13169	0.31893	0.28461	0.09532	0.03005	0.02093	0.02402	0.01136	0.00461	0.00427
4	0.01169	0.29237	0.50015	0.01317	0.01967	0.01500	0.04925	0.01620	0.01091	0.01508	0.00869	0.01025	0.00668	0.00476	0.00446	0.00147	0.00703	0.00359	0.00223	0.00733
5	0.01072	0.08988	0.72948	0.01437	0.02181	0.01277	0.01842	0.01642	0.01096	0.01616	0.00918	0.01079	0.00660	0.00491	0.00482	0.00161	0.00753	0.00376	0.00220	0.00762
6	0.00691	0.00529	0.00621	0.00606	0.00749	0.00470	0.00455	0.00885	0.01327	0.01769	0.42324	0.06112	0.35691	0.01182	0.00612	0.00171	0.00260	0.02616	0.02463	0.00468
7	0.01893	0.01034	0.01246	0.00970	0.01369	0.00990	0.00790	0.15964	0.13223	0.39791	0.01720	0.01582	0.01171	0.00605	0.00500	0.00148	0.00452	0.00486	0.00546	0.15520
8	0.01378	0.01160	0.01224	0.01077	0.01386	0.01334	0.00844	0.11700	0.68442	0.02312	0.02015	0.01859	0.01505	0.00697	0.00529	0.00174	0.00432	0.00574	0.00529	0.00832
9	0.01455	0.03817	0.25719	0.01185	0.01646	0.07600	0.04175	0.07185	0.12815	0.16565	0.05943	0.03279	0.01281	0.00627	0.00511	0.00161	0.00588	0.00511	0.04185	0.00753
10	0.01584	0.34686	0.07574	0.01198	0.01598	0.26729	0.05453	0.09050	0.03061	0.01519	0.00866	0.00993	0.00718	0.00512	0.00460	0.00135	0.02555	0.00354	0.00276	0.00679
11	0.00643	0.00482	0.00599	0.00679	0.00755	0.00438	0.00474	0.00760	0.01082	0.01406	0.08346	0.54626	0.22234	0.01510	0.00651	0.00200	0.00295	0.03896	0.00489	0.00434
12	0.06135	0.01161	0.01987	0.20926	0.45003	0.01207	0.10350	0.01531	0.01136	0.01648	0.00959	0.01293	0.00773	0.00473	0.00513	0.00160	0.00647	0.00466	0.00258	0.03373
13	0.00742	0.00547	0.00792	0.00796	0.00875	0.00623	0.00600	0.00899	0.00832	0.01186	0.01479	0.04957	0.01456	0.14419	0.66440	0.00770	0.01236	0.00617	0.00291	0.00443
14	0.00686	0.00482	0.00624	0.00717	0.00751	0.00462	0.00487	0.00774	0.00967	0.01285	0.02582	0.55088	0.03045	0.19536	0.01116	0.00280	0.00368	0.09900	0.00445	0.00406
15	0.00715	0.00518	0.00673	0.00768	0.00837	0.00495	0.00556	0.03369	0.01099	0.01451	0.04141	0.60167	0.07692	0.01537	0.00665	0.00212	0.00338	0.13832	0.00485	0.00450
16	0.00651	0.00466	0.00619	0.00714	0.00759	0.00434	0.00485	0.00767	0.01075	0.01454	0.15217	0.68657	0.03685	0.01539	0.00656	0.00204	0.00293	0.01392	0.00498	0.00434
17	0.01194	0.01096	0.01134	0.00841	0.01283	0.08514	0.00667	0.03789	0.01163	0.01706	0.00924	0.01071	0.00765	0.00408	0.00398	0.00085	0.00446	0.00316	0.00311	0.73886
18	0.02072	0.00826	0.01119	0.00884	0.01226	0.00731	0.00712	0.02252	0.01373	0.65834	0.01969	0.01957	0.01351	0.09099	0.05905	0.00240	0.00512	0.00550	0.00587	0.00801
19	0.00679	0.00476	0.00593	0.00663	0.00692	0.00454	0.00425	0.00747	0.00943	0.01256	0.05590	0.49529	0.05555	0.28375	0.01325	0.00306	0.00366	0.01204	0.00431	0.00390
20	0.00822	0.00598	0.00874	0.00917	0.02662	0.00571	0.05494	0.03861	0.01106	0.04556	0.02608	0.63109	0.02999	0.01437	0.00651	0.00206	0.00374	0.06194	0.00472	0.00490
21	0.70715	0.01011	0.00859	0.00740	0.01077	0.01135	0.00610	0.05036	0.01036	0.12436	0.00924	0.00986	0.00674	0.00511	0.00358	0.00161	0.00416	0.00322	0.00374	0.00621
22	0.03388	0.16167	0.01658	0.01310	0.11313	0.07113	0.02876	0.08105	0.11386	0.17355	0.01347	0.01475	0.01043	0.03625	0.06205	0.00214	0.03829	0.00465	0.00392	0.00735
23	0.00739	0.00522	0.00665	0.00743	0.00803	0.00506	0.00513	0.05291	0.01096	0.01481	0.04708	0.66694	0.03186	0.04634	0.00723	0.00216	0.00327	0.03303	0.03396	0.00452
24	0.01520	0.01273	0.01248	0.01078	0.01384	0.09892	0.00849	0.21318	0.37193	0.06043	0.01902	0.05052	0.04458	0.00806	0.02209	0.00182	0.00524	0.01801	0.00495	0.00774
25	0.00899	0.03908	0.03520	0.00861	0.01007	0.02432	0.00678	0.06719	0.06966	0.01577	0.02515	0.41966	0.05440	0.04572	0.00709	0.00213	0.00410	0.14628	0.00458	0.00520
26	0.01241	0.01203	0.02094	0.14265	0.62945	0.01231	0.06246	0.01564	0.01168	0.01646	0.00976	0.01310	0.00804	0.00471	0.00522	0.00159	0.00646	0.00473	0.00254	0.00782
27	0.00900	0.00842	0.02307	0.01148	0.04340	0.03478	0.15085	0.03467	0.01147	0.01522	0.05392	0.39073	0.11340	0.01158	0.00668	0.00190	0.04062	0.01054	0.02297	0.00531

[dist]
# distance from previous block
# <min> <max>
2	7

[block]
# block no. 4 follows, 47 sequences, length 36
# corresponding to MSA columns:
# 216-251
name=unknown_E
#
# <colnr> <probs for GDERKNQSTAVLIFYWHMCP>
#	G	D	E	R	K	N	Q	S	T	A	V	L	I	F	Y	W	H	M	C	P
0	0.01389	0.24230	0.11003	0.06752	0.15376	0.13839	0.05883	0.05417	0.01211	0.01514	0.00866	0.01082	0.00718	0.00517	0.00551	0.00147	0.06837	0.00389	0.00256	0.02023
1	0.01034	0.01008	0.01557	0.76268	0.03482	0.05301	0.01423	0.01370	0.01064	0.01328	0.00919	0.01365	0.00693	0.00521	0.00518	0.00171	0.00707	0.00456	0.00233	0.00580
2	0.03663	0.00700	0.02836	0.02685	0.10445	0.00655	0.00722	0.01077	0.05104	0.03261	0.02622	0.43670	0.10013	0.02823	0.00656	0.00203	0.00389	0.07511	0.00441	0.00525
3	0.03393	0.12490	0.30329	0.02475	0.01766	0.06687	0.04363	0.03276	0.09027	0.03902	0.01094	0.04219	0.00894	0.00626	0.00674	0.00169	0.13170	0.00455	0.00290	0.00701
4	0.01098	0.00885	0.01157	0.00998	0.01187	0.03783	0.06958	0.05322	0.07075	0.08167	0.18739	0.12387	0.12833	0.01080	0.03292	0.00203	0.12993	0.00806	0.00449	0.00588
5	0.00683	0.00507	0.00637	0.00654	0.00757	0.00461	0.00472	0.00859	0.01273	0.01727	0.41408	0.28457	0.17610	0.01289	0.00630	0.00181	0.00267	0.01139	0.00529	0.00461
6	0.01287	0.12783	0.12950	0.07440	0.06579	0.11046	0.24644	0.01720	0.07189	0.01552	0.01079	0.01414	0.00875	0.00544	0.00570	0.00163	0.03983	0.03214	0.00277	0.00689
7	0.01262	0.03065	0.01369	0.09507	0.20094	0.04179	0.00985	0.10298	0.05598	0.08231	0.16749	0.06352	0.06005	0.00783	0.00575	0.01746	0.00492	0.01613	0.00421	0.00676
8	0.08722	0.01018	0.01243	0.00963	0.01357	0.00984	0.00794	0.19310	0.01661	0.53886	0.03496	0.01629	0.01223	0.00637	0.00509	0.00160	0.00465	0.00502	0.00590	0.00852
9	0.01112	0.03280	0.28758	0.29480	0.20305	0.01226	0.03853	0.03096	0.01130	0.01576	0.00948	0.01251	0.00719	0.00497	0.00509	0.00165	0.00703	0.00437	0.00240	0.00714
10	0.03686	0.07320	0.18563	0.02609	0.01288	0.00884	0.00891	0.01404	0.07996	0.06684	0.19843	0.04479	0.19563	0.00865	0.00540	0.00164	0.00435	0.00718	0.01454	0.00613
11	0.00851	0.00701	0.01008	0.00950	0.01017	0.00879	0.00753	0.01013	0.00831	0.01233	0.01234	0.01869	0.01170	0.06180	0.54609	0.00649	0.21371	0.00538	0.02660	0.00486
12	0.00741	0.00510	0.00609	0.00617	0.00640	0.00518	0.00380	0.00780	0.00803	0.01077	0.01834	0.08475	0.05003	0.61582	0.13829	0.00521	0.00613	0.00790	0.00328	0.00350
13	0.01029	0.06062	0.01378	0.09427	0.19737	0.02546	0.02597	0.01383	0.09062	0.01599	0.09804	0.10157	0.09154	0.00947	0.02121	0.02041	0.02347	0.07618	0.00377	0.00615
14	0.04836	0.52179	0.07626	0.04341	0.01503	0.14226	0.00971	0.01630	0.01135	0.03099	0.00959	0.01070	0.03540	0.00505	0.00389	0.00127	0.00619	0.00339	0.00254	0.00654
15	0.00775	0.00550	0.00682	0.00670	0.00691	0.00595	0.00434	0.00822	0.00777	0.01067	0.01536	0.02985	0.01698	0.60108	0.19744	0.00564	0.04942	0.00697	0.00303	0.00362
16	0.00637	0.00457	0.00605	0.00718	0.00755	0.00425	0.00481	0.00733	0.01016	0.01354	0.05163	0.77117	0.05394	0.01607	0.00662	0.00209	0.00299	0.01455	0.00486	0.00425
17	0.01267	0.01285	0.05296	0.11304	0.33342	0.01249	0.22039	0.04752	0.05668	0.03658	0.01170	0.01439	0.02295	0.00516	0.00571	0.00166	0.02411	0.00523	0.00295	0.00752
18	0.00911	0.00844	0.01436	0.50755	0.02711	0.00969	0.08244	0.01201	0.01068	0.01388	0.03829	0.18395	0.04521	0.00794	0.00566	0.00182	0.00599	0.00731	0.00308	0.00549
19	0.00971	0.00528	0.00555	0.00545	0.00674	0.00536	0.00410	0.02997	0.03081	0.01941	0.05582	0.04946	0.01587	0.00776	0.02924	0.00152	0.00294	0.00549	0.70451	0.00501
20	0.01230	0.01304	0.05740	0.15517	0.37443	0.04542	0.12510	0.03085	0.02693	0.01611	0.00998	0.01330	0.00809	0.00635	0.03516	0.00190	0.05374	0.00482	0.00263	0.00727
21	0.01486	0.28538	0.17294	0.01099	0.01541	0.11587	0.01079	0.13503	0.02563	0.06645	0.01087	0.03413	0.00881	0.00670	0.03143	0.00164	0.00651	0.00409	0.03535	0.00710
22	0.00744	0.00558	0.00837	0.00837	0.00930	0.00651	0.00651	0.00930	0.00837	0.01209	0.01395	0.02046	0.01302	0.03906	0.79635	0.00837	0.01395	0.00558	0.00279	0.00465
23	0.40409	0.11076	0.03980	0.02786	0.04594	0.11132	0.01952	0.03261	0.01068	0.06193	0.00844	0.00994	0.00670	0.00540	0.00519	0.00159	0.08546	0.00343	0.00307	0.00628
24	0.00665	0.00496	0.00619	0.00659	0.00752	0.00450	0.00467	0.00817	0.01199	0.01602	0.28763	0.38834	0.20025	0.01373	0.00637	0.00188	0.00275	0.01217	0.00514	0.00450
25	0.09493	0.00965	0.01099	0.00951	0.01223	0.01059	0.03145	0.11560	0.26806	0.09241	0.03256	0.01984	0.03059	0.00913	0.05713	0.00210	0.02226	0.03872	0.12522	0.00701
26	0.04165	0.14210	0.18565	0.01455	0.11787	0.14342	0.02463	0.10767	0.05765	0.05860	0.01939	0.01188	0.00851	0.00527	0.00469	0.00146	0.00652	0.00404	0.00321	0.04124
27	0.05639	0.00929	0.11067	0.02656	0.01070	0.02418	0.00710	0.01163	0.02954	0.05546	0.12250	0.05962	0.08288	0.25695	0.08359	0.00334	0.01762	0.02316	0.00378	0.00504
28	0.06243	0.14104	0.25585	0.01504	0.11682	0.06190	0.06820	0.03323	0.01135	0.01629	0.00887	0.01084	0.00708	0.00496	0.00532	0.00146	0.05624	0.00383	0.00257	0.11669
29	0.00819	0.06045	0.04082	0.00986	0.09176	0.00704	0.00687	0.01021	0.02878	0.01469	0.07694	0.25400	0.23181	0.04627	0.03035	0.00210	0.00410	0.03528	0.00419	0.03628
30	0.01191	0.03326	0.02710	0.04705	0.04884	0.02743	0.03046	0.06914	0.04420	0.04247	0.04131	0.01630	0.04176	0.00549	0.00459	0.00118	0.00461	0.03443	0.00355	0.46491
31	0.04334	0.10876	0.12923	0.01457	0.11598	0.06582	0.09967	0.05037	0.02723	0.03452	0.03966	0.02762	0.03167	0.00603	0.00595	0.02309	0.05311	0.00470	0.00305	0.11563
32	0.05575	0.09287	0.05243	0.03894	0.07235	0.02820	0.05730	0.12014	0.13808	0.08574	0.07415	0.04313	0.05419	0.00742	0.02210	0.00172	0.00530	0.00563	0.00415	0.04041
33	0.03572	0.04988	0.07588	0.01431	0.13829	0.08044	0.04679	0.14568	0.02733	0.10954	0.10364	0.03380	0.01440	0.00642	0.00533	0.00154	0.01944	0.01803	0.01495	0.05861
34	0.01353	0.04451	0.22834	0.03003	0.09352	0.11338	0.02852	0.15261	0.03066	0.03518	0.01312	0.10525	0.02306	0.00676	0.00541	0.00160	0.02374	0.00549	0.00341	0.04189
35	0.03201	0.01695	0.20621	0.01392	0.09053	0.12742	0.02577	0.15344	0.05508	0.10092	0.01367	0.07212	0.02257	0.00640	0.00511	0.00158	0.00628	0.00517	0.00377	0.04106

[dist]
# distance from previous block
# <min> <max>
0	19

[block]
# block no. 5 follows, 47 sequences, length 39
# corresponding to MSA columns:
# 286-324
name=unknown_F
#
# <colnr> <probs for GDERKNQSTAVLIFYWHMCP>
#	G	D	E	R	K	N	Q	S	T	A	V	L	I	F	Y	W	H	M	C	P
0	0.09611	0.13403	0.03621	0.01045	0.01395	0.04517	0.06009	0.13096	0.11356	0.08073	0.02387	0.06749	0.02569	0.01797	0.00539	0.00161	0.01940	0.03920	0.00402	0.07411
1	0.09540	0.01364	0.11824	0.04584	0.06618	0.07986	0.05568	0.07960	0.03126	0.18529	0.05077	0.01565	0.03249	0.00627	0.00588	0.00164	0.06480	0.00491	0.03946	0.00714
2	0.04706	0.01075	0.06193	0.05401	0.04997	0.00960	0.15144	0.06870	0.05035	0.07552	0.06735	0.07044	0.05371	0.00830	0.03219	0.00186	0.00568	0.05667	0.00388	0.12058
3	0.01335	0.08035	0.10541	0.09090	0.08990	0.01073	0.06343	0.04895	0.03880	0.12725	0.01197	0.01429	0.00931	0.02865	0.00538	0.00148	0.00554	0.01833	0.00344	0.23252
4	0.01427	0.22833	0.09135	0.01394	0.06214	0.09737	0.11642	0.14532	0.04713	0.01778	0.01129	0.02854	0.00969	0.00606	0.00544	0.00156	0.04160	0.05148	0.00321	0.00708
5	0.00652	0.00485	0.00615	0.00692	0.00765	0.00448	0.00486	0.00774	0.01080	0.01419	0.10320	0.53104	0.18460	0.01598	0.03733	0.00225	0.00338	0.03886	0.00484	0.00436
6	0.01252	0.01067	0.07043	0.04789	0.06157	0.03969	0.06251	0.07050	0.06922	0.13060	0.16082	0.03949	0.09795	0.04202	0.00676	0.00185	0.02033	0.04417	0.00448	0.00654
7	0.05928	0.09466	0.10055	0.05711	0.04710	0.06426	0.07526	0.09297	0.04204	0.26354	0.02593	0.01406	0.01003	0.00575	0.00524	0.00158	0.02420	0.00464	0.00417	0.00765
8	0.01106	0.07465	0.01214	0.01039	0.01253	0.00840	0.05941	0.06023	0.01285	0.08453	0.02322	0.07802	0.02392	0.01176	0.00648	0.00211	0.00508	0.49293	0.00461	0.00569
9	0.04062	0.00968	0.01253	0.01072	0.05032	0.00949	0.03126	0.14149	0.08533	0.36514	0.16594	0.02055	0.01898	0.00709	0.00538	0.00162	0.00444	0.00595	0.00561	0.00786
10	0.01478	0.01170	0.01414	0.10960	0.07855	0.11619	0.06339	0.08945	0.06233	0.15991	0.08320	0.03378	0.03118	0.03144	0.00634	0.00175	0.02891	0.02638	0.03015	0.00685
11	0.01494	0.01435	0.05249	0.08045	0.02028	0.10948	0.22843	0.11261	0.16960	0.09343	0.02347	0.01485	0.01036	0.00577	0.00572	0.00167	0.02556	0.00526	0.00386	0.00742
12	0.00983	0.00926	0.01562	0.80447	0.03587	0.01157	0.01446	0.01331	0.01041	0.01331	0.00926	0.01388	0.00694	0.00521	0.00521	0.00174	0.00694	0.00463	0.00231	0.00579
13	0.03694	0.07855	0.17012	0.01558	0.05294	0.21688	0.19883	0.01869	0.02225	0.10939	0.01058	0.01209	0.00789	0.00515	0.00529	0.00156	0.02272	0.00443	0.00304	0.00710
14	0.03818	0.08107	0.19336	0.01207	0.04940	0.05614	0.02845	0.07152	0.04879	0.28913	0.03210	0.01633	0.03207	0.00617	0.00504	0.00159	0.00572	0.02075	0.00433	0.00778
15	0.01289	0.01233	0.02081	0.03122	0.75754	0.01239	0.01571	0.01639	0.03854	0.01718	0.01019	0.01312	0.00852	0.00472	0.00516	0.00155	0.00611	0.00468	0.00267	0.00825
16	0.00630	0.00519	0.00556	0.00580	0.00729	0.00445	0.00431	0.00762	0.01161	0.01411	0.05897	0.17267	0.61841	0.01370	0.00628	0.00184	0.00279	0.04385	0.00485	0.00439
17	0.01374	0.01665	0.25207	0.12857	0.08820	0.04581	0.20256	0.01783	0.01218	0.15433	0.01162	0.01346	0.00825	0.00511	0.00534	0.00166	0.00722	0.00483	0.00314	0.00744
18	0.01047	0.01009	0.01765	0.63088	0.14051	0.01182	0.07695	0.01396	0.01077	0.01411	0.00944	0.01376	0.00721	0.00506	0.00528	0.00171	0.00699	0.00476	0.00238	0.00623
19	0.00748	0.00542	0.00754	0.00754	0.00818	0.00606	0.00547	0.00876	0.00812	0.01147	0.01471	0.02468	0.01485	0.28022	0.55769	0.00734	0.01119	0.00620	0.00290	0.00419
20	0.01201	0.01196	0.02013	0.24029	0.41674	0.03938	0.11019	0.01521	0.01146	0.01559	0.01003	0.03141	0.00835	0.00518	0.00566	0.00165	0.03001	0.00501	0.00256	0.00718
21	0.01164	0.03868	0.30166	0.06091	0.07690	0.01257	0.31761	0.04874	0.01208	0.01690	0.01078	0.04762	0.00857	0.00526	0.00550	0.00169	0.00764	0.00536	0.00265	0.00723
22	0.01259	0.01309	0.05992	0.07324	0.33228	0.04950	0.20997	0.03445	0.01244	0.04061	0.04529	0.04690	0.01154	0.00577	0.00555	0.00166	0.00675	0.02814	0.00304	0.00726
23	0.01285	0.05140	0.02168	0.04824	0.70045	0.01278	0.04485	0.01593	0.01178	0.01668	0.00969	0.01274	0.00813	0.00463	0.00511	0.00154	0.00628	0.00461	0.00256	0.00807
24	0.01202	0.12049	0.51175	0.01429	0.05331	0.01273	0.04242	0.05268	0.01187	0.05929	0.01098	0.04266	0.00865	0.00560	0.00493	0.00161	0.00690	0.01754	0.00276	0.00751
25	0.00823	0.00657	0.00929	0.02652	0.03752	0.00650	0.05643	0.02055	0.08071	0.02423	0.04543	0.43084	0.10396	0.03617	0.02892	0.00225	0.00418	0.06202	0.00454	0.00512
26	0.01083	0.07807	0.58129	0.01619	0.10630	0.01238	0.04968	0.01595	0.01116	0.01615	0.01140	0.01305	0.04434	0.00525	0.00497	0.00161	0.00718	0.00431	0.00239	0.00750
27	0.01582	0.04850	0.13971	0.01689	0.16920	0.09044	0.09004	0.11434	0.04743	0.15922	0.01248	0.01388	0.00925	0.00565	0.00556	0.00161	0.03358	0.01488	0.00370	0.00781
28	0.01199	0.04800	0.05470	0.14844	0.35197	0.05016	0.11026	0.01501	0.01123	0.01524	0.01026	0.03535	0.00887	0.02984	0.03049	0.00194	0.05165	0.00504	0.00258	0.00699
29	0.00658	0.00481	0.00623	0.00720	0.00782	0.00446	0.00508	0.00777	0.01067	0.01404	0.07395	0.60265	0.12685	0.01542	0.00661	0.00207	0.00311	0.08546	0.00488	0.00434
30	0.01462	0.05131	0.19962	0.01845	0.25623	0.04630	0.02770	0.11055	0.08157	0.10996	0.02577	0.01368	0.00974	0.00546	0.00507	0.00158	0.00619	0.00462	0.00356	0.00802
31	0.01299	0.08844	0.20753	0.03685	0.05721	0.01174	0.07052	0.09852	0.07134	0.10425	0.02963	0.05628	0.09563	0.00698	0.00557	0.00165	0.02808	0.00582	0.00378	0.00719
32	0.00688	0.00504	0.00656	0.00742	0.00822	0.00472	0.00551	0.00834	0.01120	0.01474	0.11434	0.45785	0.13721	0.01484	0.00664	0.00208	0.00330	0.17573	0.00492	0.00445
33	0.05607	0.01270	0.07759	0.19555	0.27967	0.02570	0.08187	0.06049	0.04542	0.01736	0.03281	0.01474	0.03067	0.00559	0.00572	0.00167	0.04138	0.00496	0.00294	0.00710
34	0.02364	0.06152	0.06293	0.03950	0.22794	0.02697	0.01099	0.15835	0.07005	0.06903	0.06319	0.04065	0.06622	0.00764	0.02716	0.00179	0.02551	0.00563	0.00390	0.00737
35	0.01530	0.01091	0.04505	0.03160	0.03062	0.10172	0.00797	0.10333	0.01400	0.25020	0.06223	0.16031	0.05322	0.03739	0.00669	0.02790	0.00499	0.00708	0.00475	0.02474
36	0.00813	0.03095	0.00811	0.00770	0.00907	0.00610	0.00613	0.03139	0.03452	0.01807	0.36203	0.14261	0.09204	0.01216	0.00636	0.00190	0.00341	0.20916	0.00516	0.00501
37	0.03396	0.18175	0.27733	0.05697	0.12930	0.03579	0.04316	0.08188	0.03327	0.03953	0.01042	0.01292	0.00825	0.00531	0.00477	0.00154	0.00655	0.02700	0.00287	0.00741
38	0.07300	0.04805	0.01582	0.03236	0.10023	0.19994	0.05993	0.23649	0.06354	0.03495	0.01433	0.01508	0.07127	0.00616	0.00502	0.00154	0.00639	0.00485	0.00382	0.00722

[dist]
# distance from previous block
# <min> <max>
0	8

[block]
# block no. 6 follows, 47 sequences, length 42
# corresponding to MSA columns:
# 333-335,343-381
name=unknown_G
#
# <colnr> <probs for GDERKNQSTAVLIFYWHMCP>
#	G	D	E	R	K	N	Q	S	T	A	V	L	I	F	Y	W	H	M	C	P
0	0.01248	0.49201	0.34279	0.01136	0.01716	0.01709	0.01318	0.01597	0.01075	0.01401	0.00811	0.00945	0.00665	0.00466	0.00401	0.00134	0.00645	0.00322	0.00222	0.00710
1	0.01115	0.18075	0.61942	0.01366	0.02050	0.01386	0.01701	0.01620	0.01083	0.01555	0.00886	0.01049	0.00662	0.00497	0.00498	0.00156	0.03027	0.00366	0.00221	0.00744
2	0.01022	0.07205	0.01395	0.04245	0.01402	0.03181	0.13337	0.01533	0.18158	0.01735	0.19108	0.05882	0.14315	0.03038	0.00642	0.00178	0.01830	0.00755	0.00432	0.00606
3	0.01062	0.01040	0.05016	0.06912	0.31831	0.00970	0.08303	0.02835	0.02904	0.01761	0.16958	0.05352	0.08157	0.00718	0.00553	0.00163	0.00518	0.00667	0.03610	0.00668
4	0.00983	0.00926	0.01562	0.80447	0.03587	0.01157	0.01446	0.01331	0.01041	0.01331	0.00926	0.01388	0.00694	0.00521	0.00521	0.00174	0.00694	0.00463	0.00231	0.00579
5	0.01255	0.19097	0.34096	0.01562	0.13604	0.09102	0.03095	0.03059	0.02848	0.01597	0.05264	0.01242	0.00955	0.00522	0.00472	0.00149	0.00679	0.00412	0.00264	0.00726
6	0.00780	0.00571	0.00768	0.00754	0.00806	0.00647	0.00541	0.00890	0.00810	0.01154	0.01456	0.02523	0.01497	0.34241	0.42292	0.00648	0.05928	0.00628	0.02652	0.00413
7	0.00808	0.00616	0.00776	0.02520	0.00887	0.02831	0.00558	0.00966	0.03893	0.01187	0.01604	0.06193	0.03117	0.28132	0.39708	0.03869	0.00934	0.00664	0.00311	0.00426
8	0.02546	0.00559	0.00662	0.00733	0.00816	0.01992	0.00516	0.00913	0.05139	0.01476	0.09403	0.56175	0.11790	0.01447	0.00638	0.00200	0.00319	0.03731	0.00486	0.00460
9	0.01044	0.03576	0.01133	0.01228	0.12461	0.03495	0.00801	0.03561	0.24747	0.01720	0.04351	0.32030	0.04292	0.01044	0.00578	0.00183	0.00420	0.02247	0.00452	0.00636
10	0.00952	0.00827	0.01053	0.00991	0.01119	0.06143	0.06545	0.05539	0.02493	0.01501	0.05045	0.33405	0.04163	0.04027	0.05287	0.03051	0.07705	0.09237	0.00409	0.00506
11	0.00678	0.00497	0.00603	0.00650	0.00748	0.00446	0.00459	0.00814	0.01150	0.02554	0.17124	0.41247	0.26480	0.01398	0.00632	0.00189	0.00281	0.01232	0.02371	0.00448
12	0.01278	0.07434	0.03548	0.14808	0.33599	0.09508	0.14121	0.01579	0.01171	0.01529	0.00990	0.03546	0.00838	0.00524	0.00558	0.00160	0.03352	0.00489	0.00258	0.00709
13	0.01245	0.01164	0.03395	0.14857	0.26519	0.06833	0.01175	0.14114	0.01347	0.01784	0.01408	0.16269	0.01350	0.00877	0.03590	0.00195	0.00619	0.02233	0.00345	0.00681
14	0.01027	0.00601	0.00802	0.00753	0.00829	0.00630	0.00537	0.09458	0.00946	0.03303	0.01145	0.01809	0.01083	0.09676	0.13948	0.49275	0.00612	0.00503	0.02692	0.00372
15	0.00871	0.00657	0.03779	0.00650	0.00861	0.00524	0.00528	0.01063	0.01303	0.10753	0.25842	0.04149	0.44823	0.01133	0.00599	0.00170	0.00300	0.00957	0.00518	0.00520
16	0.05357	0.02397	0.01188	0.01026	0.01269	0.22141	0.00805	0.16088	0.05091	0.04612	0.05098	0.04107	0.12786	0.01012	0.05402	0.02617	0.06032	0.01954	0.00397	0.00620
17	0.01060	0.09793	0.15086	0.07016	0.13175	0.01141	0.09418	0.01489	0.08734	0.01597	0.05475	0.04873	0.14394	0.00726	0.00579	0.00167	0.03653	0.00626	0.00334	0.00662
18	0.01994	0.01066	0.01270	0.00993	0.01368	0.01068	0.00814	0.29344	0.05348	0.39723	0.04796	0.01784	0.03827	0.00677	0.00524	0.00159	0.00469	0.00541	0.03393	0.00840
19	0.00816	0.00779	0.02551	0.04127	0.05446	0.05164	0.06225	0.00988	0.01138	0.01440	0.07543	0.31310	0.26047	0.03172	0.00662	0.00192	0.00414	0.01062	0.00428	0.00497
20	0.01171	0.29314	0.47128	0.03252	0.02004	0.01501	0.05764	0.01612	0.01091	0.01500	0.00870	0.01035	0.00671	0.00476	0.00448	0.00148	0.00702	0.00364	0.00224	0.00727
21	0.01100	0.05090	0.64238	0.01462	0.02154	0.03815	0.06930	0.01663	0.02416	0.01645	0.00982	0.01154	0.00712	0.00499	0.00492	0.00161	0.00749	0.00403	0.03587	0.00746
22	0.00641	0.00494	0.00592	0.00662	0.00757	0.00445	0.00473	0.00759	0.01082	0.01371	0.03800	0.44273	0.33570	0.01549	0.02543	0.00214	0.00323	0.05540	0.00478	0.00434
23	0.07941	0.14013	0.29602	0.01285	0.03197	0.11491	0.04884	0.11106	0.01297	0.01783	0.01035	0.02595	0.02322	0.00546	0.00486	0.00151	0.02065	0.00411	0.00289	0.03500
24	0.01728	0.04016	0.01434	0.01124	0.01477	0.07260	0.00914	0.49188	0.13636	0.02718	0.01455	0.04135	0.01143	0.00684	0.00517	0.00159	0.00549	0.02973	0.04086	0.00802
25	0.00637	0.00513	0.00569	0.00600	0.00735	0.00445	0.00440	0.00771	0.01162	0.01441	0.09641	0.23084	0.52525	0.01380	0.00631	0.00186	0.00280	0.04028	0.00490	0.00441
26	0.06157	0.30512	0.14812	0.01403	0.09268	0.02907	0.09489	0.09295	0.01257	0.06745	0.00961	0.01101	0.00753	0.00502	0.00480	0.00146	0.02795	0.00393	0.00295	0.00731
27	0.01212	0.03351	0.01882	0.03512	0.01832	0.02404	0.30960	0.10276	0.03868	0.04846	0.07284	0.08400	0.02886	0.02759	0.00654	0.00190	0.00628	0.12019	0.00392	0.00645
28	0.01033	0.02576	0.74602	0.01455	0.02188	0.01175	0.01863	0.01617	0.01105	0.01644	0.01037	0.01368	0.00791	0.00548	0.00507	0.00169	0.00753	0.04580	0.00235	0.00753
29	0.00951	0.00826	0.01259	0.04831	0.31379	0.00811	0.01000	0.01184	0.01172	0.01580	0.05428	0.11313	0.18601	0.00976	0.00589	0.00181	0.00461	0.14069	0.02785	0.00605
30	0.03910	0.01466	0.19323	0.03092	0.07062	0.01077	0.18458	0.06457	0.03736	0.01815	0.04367	0.04060	0.01076	0.00545	0.00510	0.00149	0.00615	0.01578	0.00314	0.20390
31	0.00652	0.00521	0.00589	0.00625	0.00762	0.00458	0.00471	0.00795	0.01166	0.01448	0.08654	0.20444	0.50182	0.01381	0.00637	0.00190	0.00296	0.09796	0.00488	0.00444
32	0.00738	0.00484	0.00645	0.00731	0.00789	0.00448	0.00500	0.00847	0.01062	0.05748	0.08702	0.70834	0.03438	0.01532	0.00653	0.00205	0.00306	0.01385	0.00499	0.00454
33	0.01259	0.01653	0.24766	0.09843	0.22754	0.01258	0.12688	0.06678	0.03710	0.04884	0.01056	0.01291	0.00799	0.00523	0.00584	0.00167	0.04572	0.00469	0.00286	0.00760
34	0.02132	0.01104	0.05792	0.14601	0.03204	0.04852	0.01112	0.03547	0.01030	0.02545	0.01235	0.02144	0.01187	0.02621	0.07728	0.00264	0.30295	0.13737	0.00297	0.00574
35	0.00916	0.00732	0.01094	0.23579	0.04306	0.00798	0.01027	0.02996	0.01184	0.01536	0.02215	0.04316	0.04367	0.01123	0.00649	0.00214	0.00541	0.47477	0.00403	0.00528
36	0.02821	0.15080	0.08540	0.01436	0.14981	0.06182	0.05382	0.01815	0.05205	0.19779	0.01527	0.05980	0.04457	0.00622	0.00493	0.00152	0.00559	0.00522	0.00381	0.04088
37	0.03251	0.01360	0.09226	0.01710	0.21632	0.08109	0.07536	0.08916	0.04756	0.11316	0.06370	0.04443	0.01313	0.01880	0.00560	0.00165	0.00594	0.02396	0.00379	0.04089
38	0.02203	0.00737	0.00999	0.11381	0.01391	0.00770	0.02675	0.04655	0.05808	0.05947	0.06389	0.16906	0.11447	0.02507	0.00682	0.00201	0.02752	0.20057	0.00446	0.02047
39	0.15953	0.03281	0.01666	0.07924	0.41262	0.01154	0.03050	0.02864	0.02432	0.03425	0.01136	0.05877	0.01005	0.00576	0.00490	0.00160	0.00552	0.02923	0.00306	0.03965
40	0.02900	0.04996	0.10426	0.07337	0.16110	0.02343	0.18263	0.04383	0.03165	0.15254	0.01307	0.05147	0.01029	0.00575	0.00531	0.00163	0.00636	0.01572	0.00352	0.03511
41	0.13316	0.10031	0.07670	0.04743	0.06701	0.01276	0.02652	0.12790	0.11069	0.07700	0.01334	0.01516	0.02821	0.00612	0.00535	0.00159	0.04802	0.02891	0.02018	0.05366

[dist]
# distance from previous block
# <min> <max>
3	45

[block]
# block no. 7 follows, 47 sequences, length 52
# corresponding to MSA columns:
# 427-478
name=unknown_H
#
# <colnr> <probs for GDERKNQSTAVLIFYWHMCP>
#	G	D	E	R	K	N	Q	S	T	A	V	L	I	F	Y	W	H	M	C	P
0	0.01169	0.02723	0.01762	0.29118	0.15900	0.01143	0.11627	0.03944	0.01133	0.04496	0.01061	0.03198	0.00881	0.04033	0.00686	0.00176	0.05839	0.00500	0.00284	0.10328
1	0.01220	0.01182	0.05122	0.02740	0.18165	0.01075	0.17206	0.06928	0.04395	0.03253	0.02709	0.01523	0.01014	0.04748	0.02287	0.00177	0.02899	0.01475	0.00319	0.21563
2	0.04085	0.03800	0.09726	0.06234	0.16786	0.01138	0.09910	0.08718	0.01253	0.05020	0.02358	0.01260	0.00859	0.00500	0.00533	0.00141	0.04047	0.00431	0.00313	0.22887
3	0.02787	0.00993	0.01380	0.41472	0.05708	0.03444	0.01118	0.06853	0.03192	0.06114	0.06052	0.01603	0.03296	0.00575	0.00504	0.00154	0.00575	0.00488	0.00328	0.13364
4	0.01171	0.00996	0.01487	0.04333	0.18611	0.00891	0.08607	0.01470	0.03147	0.06273	0.02889	0.01803	0.05475	0.00567	0.00492	0.00133	0.00499	0.04980	0.00341	0.35834
5	0.01161	0.01020	0.01215	0.01070	0.09583	0.03206	0.00749	0.04965	0.01167	0.01751	0.00993	0.03139	0.00847	0.00442	0.00416	0.00094	0.00435	0.00363	0.00316	0.67067
6	0.00803	0.00644	0.00852	0.00891	0.01001	0.03084	0.04271	0.01013	0.03652	0.01459	0.04781	0.37111	0.06472	0.03772	0.03140	0.00240	0.00448	0.25433	0.00458	0.00475
7	0.01230	0.01214	0.02182	0.11262	0.52816	0.01217	0.15538	0.01565	0.01176	0.01652	0.01026	0.01419	0.00852	0.00486	0.00536	0.00161	0.00667	0.02156	0.00262	0.02583
8	0.01089	0.00934	0.01084	0.00784	0.01239	0.00720	0.00626	0.01374	0.04394	0.01718	0.00977	0.01117	0.00807	0.00400	0.00392	0.00081	0.00387	0.00321	0.00318	0.81237
9	0.00706	0.00513	0.00576	0.00576	0.00648	0.00480	0.00373	0.00785	0.01001	0.01300	0.13856	0.07693	0.25185	0.42211	0.01654	0.00343	0.00386	0.00921	0.00411	0.00383
10	0.00634	0.00521	0.00558	0.00564	0.00719	0.00445	0.00417	0.00779	0.01210	0.01496	0.15368	0.11781	0.61080	0.01311	0.00620	0.00177	0.00265	0.01111	0.00496	0.00445
11	0.00623	0.00497	0.00559	0.00610	0.00725	0.00433	0.00432	0.00738	0.01108	0.01375	0.04275	0.36762	0.47134	0.01449	0.00636	0.00191	0.00280	0.01258	0.00484	0.00433
12	0.01295	0.01119	0.01178	0.01060	0.01354	0.01295	0.00824	0.02767	0.77509	0.02178	0.02120	0.01943	0.01590	0.00707	0.00530	0.00177	0.00412	0.00589	0.00530	0.00824
13	0.01107	0.01052	0.01785	0.49212	0.33856	0.01189	0.01508	0.01439	0.01100	0.01480	0.00947	0.01348	0.00747	0.00498	0.00519	0.00166	0.00664	0.00463	0.00242	0.00678
14	0.01466	0.57285	0.10861	0.01043	0.01492	0.15298	0.01027	0.03828	0.01175	0.01340	0.00776	0.00894	0.00674	0.00472	0.00380	0.00122	0.00647	0.00305	0.00239	0.00675
15	0.01466	0.04803	0.11661	0.01223	0.07308	0.03157	0.03843	0.02820	0.03857	0.26150	0.07432	0.04653	0.01799	0.00820	0.00565	0.00178	0.00526	0.16566	0.00464	0.00711
16	0.01017	0.00617	0.00768	0.00730	0.00897	0.00573	0.00545	0.01277	0.06730	0.15434	0.24232	0.23381	0.16073	0.03461	0.00665	0.00189	0.00321	0.01999	0.00536	0.00554
17	0.01230	0.01430	0.05835	0.02308	0.13333	0.01302	0.63189	0.01658	0.01218	0.01672	0.01039	0.01377	0.00790	0.00445	0.00596	0.00172	0.00837	0.00585	0.00261	0.00722
18	0.05810	0.01211	0.01620	0.01959	0.35235	0.08304	0.01151	0.04270	0.01355	0.31821	0.01379	0.01423	0.00981	0.00547	0.00505	0.00156	0.00568	0.00467	0.00421	0.00818
19	0.01570	0.01230	0.01964	0.09320	0.30998	0.04913	0.15268	0.06384	0.01343	0.19921	0.01250	0.01414	0.00912	0.00520	0.00534	0.00161	0.00645	0.00500	0.00364	0.00787
20	0.00730	0.00532	0.00686	0.00648	0.00774	0.00488	0.00486	0.00969	0.01457	0.02049	0.73919	0.03956	0.09195	0.01079	0.00614	0.00164	0.00247	0.00951	0.00568	0.00488
21	0.00746	0.00508	0.00608	0.00617	0.00632	0.00519	0.00375	0.00779	0.00787	0.01062	0.01701	0.09212	0.01931	0.64840	0.13091	0.00528	0.00612	0.00785	0.00323	0.00344
22	0.85377	0.01007	0.00765	0.00685	0.01007	0.01168	0.00564	0.01531	0.00886	0.02336	0.00725	0.00846	0.00564	0.00483	0.00322	0.00161	0.00403	0.00282	0.00322	0.00564
23	0.01952	0.00826	0.01117	0.02294	0.01273	0.00747	0.00741	0.04630	0.01417	0.58508	0.03565	0.09552	0.02948	0.00969	0.05338	0.00209	0.00490	0.02048	0.00588	0.00788
24	0.85377	0.01007	0.00765	0.00685	0.01007	0.01168	0.00564	0.01531	0.00886	0.02336	0.00725	0.00846	0.00564	0.00483	0.00322	0.00161	0.00403	0.00282	0.00322	0.00564
25	0.00744	0.00558	0.00837	0.00837	0.00930	0.00651	0.00651	0.00930	0.00837	0.01209	0.01395	0.02046	0.01302	0.03906	0.79635	0.00837	0.01395	0.00558	0.00279	0.00465
26	0.01093	0.00944	0.01143	0.00918	0.05914	0.00727	0.00677	0.01329	0.01086	0.01697	0.00929	0.01093	0.00775	0.00390	0.00394	0.00082	0.00400	0.00318	0.00305	0.79788
27	0.05553	0.01492	0.01518	0.01181	0.01584	0.06309	0.00969	0.67795	0.02307	0.04319	0.01214	0.01222	0.00865	0.00614	0.00509	0.00155	0.00586	0.00454	0.00499	0.00855
28	0.00631	0.00466	0.00591	0.00690	0.00746	0.00426	0.00468	0.00729	0.01031	0.01343	0.03298	0.67789	0.16738	0.01576	0.00656	0.00205	0.00295	0.01413	0.00483	0.00426
29	0.01305	0.00919	0.01103	0.00799	0.01251	0.00707	0.00644	0.01531	0.01153	0.15492	0.01128	0.01204	0.00864	0.00432	0.00410	0.00092	0.00396	0.00347	0.00369	0.69856
30	0.01209	0.01121	0.05816	0.01009	0.01309	0.01151	0.00831	0.07173	0.53060	0.02165	0.13043	0.02287	0.06008	0.00772	0.00544	0.00173	0.00413	0.00646	0.00514	0.00757
31	0.00810	0.00581	0.00812	0.00913	0.01024	0.00583	0.00776	0.01034	0.01171	0.01544	0.07007	0.11594	0.03017	0.01617	0.06601	0.00278	0.00520	0.59174	0.00470	0.00475
32	0.01396	0.01169	0.01234	0.01080	0.01393	0.01342	0.00849	0.13676	0.66436	0.02341	0.01991	0.01841	0.01486	0.00695	0.00529	0.00174	0.00436	0.00571	0.00529	0.00833
33	0.00743	0.00567	0.00757	0.00702	0.00847	0.00514	0.02784	0.00970	0.01380	0.01916	0.57648	0.09363	0.13296	0.01103	0.00613	0.00168	0.00281	0.02642	0.00536	0.03172
34	0.01356	0.36157	0.23940	0.01310	0.01840	0.09112	0.12827	0.03737	0.01182	0.02834	0.00879	0.01035	0.00702	0.00475	0.00444	0.00141	0.00701	0.00375	0.00248	0.00705
35	0.01146	0.25953	0.56635	0.01310	0.01985	0.01459	0.01621	0.01623	0.01087	0.01525	0.00873	0.01022	0.00662	0.00480	0.00448	0.00149	0.00707	0.00354	0.00221	0.00740
36	0.00817	0.00494	0.00636	0.00636	0.00657	0.00507	0.00410	0.00783	0.00763	0.01059	0.01369	0.02533	0.01454	0.39862	0.12944	0.28164	0.00595	0.00613	0.05388	0.00317
