[name]
unknown

[dist]
# distance from previous block
# <min> <max>
0	64

[block]
# block no. 0 follows, 56 sequences, length 13
# corresponding to MSA columns:
# 70-82
name=unknown_A
#
# <colnr> <probs for GDERKNQSTAVLIFYWHMCP>
#	G	D	E	R	K	N	Q	S	T	A	V	L	I	F	Y	W	H	M	C	P
0	0.18337	0.01018	0.01048	0.00883	0.01164	0.09375	0.04088	0.16437	0.04952	0.12120	0.01324	0.10117	0.01160	0.00650	0.00441	0.00143	0.00451	0.06957	0.00381	0.08955
1	0.01039	0.17662	0.53885	0.01270	0.01856	0.01206	0.11142	0.01469	0.00989	0.04196	0.00837	0.00980	0.00617	0.00426	0.00423	0.00138	0.00645	0.00351	0.00212	0.00658
2	0.04107	0.06744	0.07175	0.03853	0.01350	0.05908	0.03544	0.08789	0.12904	0.16724	0.02678	0.01233	0.00925	0.00483	0.00415	0.00122	0.00456	0.00386	0.00362	0.21841
3	0.01186	0.01163	0.07060	0.01378	0.01745	0.02361	0.35703	0.09525	0.08928	0.09194	0.03501	0.01589	0.07696	0.00557	0.00575	0.00154	0.06187	0.00536	0.00329	0.00632
4	0.07733	0.01100	0.01904	0.01426	0.01787	0.04809	0.43726	0.01589	0.09446	0.09682	0.09252	0.01484	0.01166	0.00502	0.00520	0.00151	0.02265	0.00524	0.00323	0.00612
5	0.00778	0.00628	0.00897	0.00768	0.00939	0.00611	0.08791	0.03898	0.08743	0.01827	0.59407	0.02987	0.06184	0.00844	0.00532	0.00147	0.00300	0.00760	0.00469	0.00491
6	0.01632	0.01224	0.01409	0.01086	0.01441	0.01338	0.05993	0.68615	0.02005	0.02699	0.01160	0.01306	0.00868	0.00571	0.00468	0.00141	0.00511	0.03791	0.02998	0.00744
7	0.01794	0.01122	0.01266	0.00980	0.01336	0.01191	0.00806	0.52213	0.07213	0.25197	0.01356	0.01275	0.00924	0.00561	0.00460	0.00140	0.00463	0.00434	0.00491	0.00777
8	0.00607	0.00425	0.00546	0.00625	0.00653	0.00408	0.00421	0.00680	0.00843	0.01120	0.02237	0.54267	0.02638	0.22944	0.01048	0.00257	0.00330	0.09214	0.00387	0.00353
9	0.00952	0.00816	0.00952	0.00680	0.01088	0.00612	0.00544	0.01156	0.00952	0.01496	0.00816	0.00952	0.00680	0.00340	0.00340	0.00068	0.00340	0.00272	0.00272	0.86672
10	0.00820	0.00676	0.00738	0.00726	0.00865	0.05872	0.00527	0.08708	0.01055	0.01399	0.02041	0.53017	0.03855	0.01104	0.00524	0.00159	0.00343	0.03330	0.00393	0.13848
11	0.00952	0.00816	0.00952	0.00680	0.01088	0.00612	0.00544	0.01156	0.00952	0.01496	0.00816	0.00952	0.00680	0.00340	0.00340	0.00068	0.00340	0.00272	0.00272	0.86672
12	0.00909	0.00779	0.00901	0.00657	0.01039	0.00588	0.00523	0.01104	0.00962	0.01469	0.01220	0.01317	0.09128	0.00427	0.00361	0.00077	0.00329	0.00345	0.00288	0.77576

[dist]
# distance from previous block
# <min> <max>
0	1

[block]
# block no. 1 follows, 56 sequences, length 23
# corresponding to MSA columns:
# 84-106
name=unknown_B
#
# <colnr> <probs for GDERKNQSTAVLIFYWHMCP>
#	G	D	E	R	K	N	Q	S	T	A	V	L	I	F	Y	W	H	M	C	P
0	0.01067	0.01242	0.04991	0.03797	0.05309	0.05326	0.60505	0.01418	0.01083	0.01430	0.01152	0.01523	0.04642	0.00470	0.00530	0.00154	0.00720	0.03793	0.00248	0.00599
1	0.00652	0.00486	0.00719	0.00724	0.00800	0.00559	0.00555	0.00805	0.00742	0.01064	0.01301	0.05802	0.01259	0.06416	0.75066	0.00700	0.01153	0.00538	0.00256	0.00403
2	0.00593	0.00469	0.00537	0.00530	0.00663	0.00424	0.00402	0.00743	0.01070	0.01379	0.22473	0.03828	0.49826	0.01358	0.09912	0.00219	0.00347	0.02326	0.02498	0.00403
3	0.03155	0.01543	0.01514	0.01644	0.24862	0.34081	0.05136	0.11642	0.03831	0.06889	0.00926	0.01051	0.00722	0.00470	0.00441	0.00131	0.00648	0.00374	0.00292	0.00648
4	0.00836	0.01030	0.14485	0.00999	0.03548	0.08636	0.07844	0.01045	0.00975	0.01301	0.03660	0.40035	0.01949	0.00964	0.00551	0.00165	0.02959	0.03672	0.04865	0.00483
5	0.00658	0.00485	0.00704	0.00704	0.00774	0.00555	0.00531	0.00798	0.00728	0.01041	0.01261	0.01976	0.01222	0.14976	0.70616	0.00696	0.01117	0.00517	0.00251	0.00391
6	0.01318	0.01042	0.01113	0.00955	0.01243	0.01181	0.00756	0.19222	0.59331	0.05994	0.01699	0.01572	0.01253	0.00605	0.00465	0.00151	0.00396	0.00493	0.00470	0.00741
7	0.01184	0.61382	0.20205	0.00924	0.01374	0.05852	0.00997	0.01417	0.00960	0.01167	0.00684	0.00794	0.00588	0.00407	0.00333	0.00110	0.00551	0.00269	0.00198	0.00606
8	0.00961	0.13136	0.71079	0.01240	0.01881	0.01165	0.01576	0.01443	0.00964	0.01405	0.00799	0.00939	0.00583	0.00430	0.00418	0.00139	0.00654	0.00327	0.00194	0.00667
9	0.01619	0.01856	0.01267	0.08535	0.01536	0.62064	0.00895	0.05165	0.01294	0.06787	0.00919	0.01098	0.01903	0.00514	0.00431	0.00127	0.00744	0.02419	0.00274	0.00553
10	0.00614	0.00482	0.00559	0.00553	0.00682	0.00435	0.00417	0.00809	0.03660	0.01500	0.34379	0.09276	0.39439	0.01080	0.00547	0.00155	0.00241	0.04296	0.00459	0.00417
11	0.01037	0.01002	0.05398	0.36846	0.21596	0.01030	0.07309	0.08785	0.01089	0.03147	0.01023	0.07798	0.00867	0.00530	0.00474	0.00150	0.00569	0.00489	0.00261	0.00600
12	0.01053	0.03805	0.03925	0.39858	0.18780	0.05640	0.04182	0.06705	0.01049	0.01371	0.00885	0.01285	0.00724	0.02040	0.00543	0.00154	0.04607	0.02579	0.00236	0.00580
13	0.61840	0.01130	0.00874	0.00866	0.06604	0.16025	0.00632	0.01450	0.00909	0.03077	0.00707	0.00824	0.00557	0.00439	0.00324	0.00136	0.00453	0.00276	0.02353	0.00523
14	0.00866	0.00760	0.01151	0.45563	0.06696	0.00883	0.00990	0.04937	0.07666	0.01339	0.01420	0.21456	0.02939	0.00728	0.00492	0.00160	0.00490	0.00649	0.00299	0.00518
15	0.01817	0.00877	0.01056	0.00839	0.01170	0.05008	0.00680	0.02154	0.12530	0.59681	0.03928	0.01568	0.01213	0.00570	0.00456	0.00139	0.00402	0.00462	0.00520	0.04928
16	0.00931	0.00794	0.00930	0.00678	0.01066	0.00599	0.00538	0.01129	0.00948	0.01479	0.00906	0.05295	0.00804	0.00398	0.00353	0.00074	0.00336	0.00326	0.00280	0.82136
17	0.01098	0.00992	0.01578	0.31959	0.39349	0.01085	0.01258	0.11462	0.01138	0.01550	0.00932	0.03856	0.00767	0.00480	0.00461	0.00144	0.00556	0.00438	0.00255	0.00643
18	0.00952	0.00816	0.00952	0.00680	0.01088	0.00612	0.00544	0.01156	0.00952	0.01496	0.00816	0.00952	0.00680	0.00340	0.00340	0.00068	0.00340	0.00272	0.00272	0.86672
19	0.00952	0.00816	0.00952	0.00680	0.01088	0.00612	0.00544	0.01156	0.00952	0.01496	0.00816	0.00952	0.00680	0.00340	0.00340	0.00068	0.00340	0.00272	0.00272	0.86672
20	0.01014	0.00819	0.01024	0.07538	0.05097	0.00695	0.00659	0.05282	0.01027	0.05123	0.01017	0.07706	0.00893	0.00463	0.00387	0.00095	0.00377	0.00389	0.00300	0.60095
21	0.01006	0.00801	0.00939	0.00688	0.01071	0.00623	0.00549	0.03433	0.01013	0.05711	0.02337	0.02957	0.03477	0.00419	0.00365	0.00081	0.00340	0.00341	0.00305	0.73543
22	0.00641	0.04908	0.00631	0.00535	0.00697	0.02823	0.00410	0.00777	0.01082	0.01335	0.17199	0.07337	0.55780	0.01056	0.00523	0.00148	0.00265	0.00885	0.00419	0.02549

[dist]
# distance from previous block
# <min> <max>
3	5

[block]
# block no. 2 follows, 56 sequences, length 12
# corresponding to MSA columns:
# 113-124
name=unknown_C
#
# <colnr> <probs for GDERKNQSTAVLIFYWHMCP>
#	G	D	E	R	K	N	Q	S	T	A	V	L	I	F	Y	W	H	M	C	P
0	0.00656	0.00492	0.00738	0.00738	0.00820	0.00574	0.00574	0.00820	0.00738	0.01066	0.01230	0.01804	0.01148	0.03443	0.82046	0.00738	0.01230	0.00492	0.00246	0.00410
1	0.05878	0.01257	0.16797	0.01144	0.04832	0.03779	0.06424	0.18591	0.07353	0.03157	0.01341	0.05695	0.01194	0.00684	0.00531	0.00159	0.04327	0.13810	0.02431	0.00617
2	0.00713	0.00520	0.00702	0.00793	0.00905	0.00509	0.00686	0.00911	0.01055	0.01355	0.02737	0.05074	0.13428	0.01254	0.00621	0.00204	0.00397	0.67296	0.00423	0.00418
3	0.00666	0.00452	0.00533	0.00533	0.00545	0.00463	0.00319	0.00689	0.00677	0.00914	0.01417	0.02839	0.01597	0.72769	0.13335	0.00485	0.00553	0.00643	0.00274	0.00296
4	0.87108	0.00888	0.00675	0.00604	0.00888	0.01030	0.00497	0.01350	0.00781	0.02060	0.00639	0.00746	0.00497	0.00426	0.00284	0.00142	0.00355	0.00249	0.00284	0.00497
5	0.01414	0.01339	0.01232	0.01060	0.01306	0.33298	0.08624	0.04647	0.01255	0.14771	0.07745	0.02003	0.05505	0.00674	0.00508	0.00145	0.02415	0.11142	0.00357	0.00561
6	0.01158	0.01226	0.08277	0.01513	0.12640	0.05488	0.25838	0.05920	0.13954	0.04571	0.03744	0.01355	0.02253	0.00479	0.00473	0.00139	0.00570	0.00468	0.00308	0.09629
7	0.00677	0.00451	0.00530	0.00530	0.00548	0.00462	0.00323	0.00712	0.00694	0.00961	0.01419	0.02761	0.01567	0.67733	0.13577	0.00468	0.00544	0.00629	0.05109	0.00305
8	0.01305	0.12883	0.01684	0.03323	0.01518	0.27548	0.14830	0.06099	0.03664	0.01346	0.05181	0.01119	0.00855	0.00543	0.00638	0.00142	0.16100	0.00399	0.00258	0.00565
9	0.01393	0.00980	0.01081	0.00903	0.01179	0.08275	0.05080	0.07484	0.28231	0.20701	0.01546	0.01509	0.01123	0.00608	0.01924	0.00148	0.00437	0.00458	0.14173	0.02768
10	0.03704	0.56363	0.11167	0.12172	0.01549	0.06006	0.00954	0.01380	0.00951	0.01167	0.00688	0.00836	0.00589	0.00412	0.00340	0.00114	0.00544	0.00281	0.00202	0.00583
11	0.01186	0.73221	0.12967	0.00855	0.01286	0.01716	0.00907	0.01385	0.00938	0.01130	0.00663	0.00768	0.00588	0.00399	0.00313	0.00104	0.00516	0.00258	0.00196	0.00601

[dist]
# distance from previous block
# <min> <max>
0	1

[block]
# block no. 3 follows, 56 sequences, length 16
# corresponding to MSA columns:
# 126-141
name=unknown_D
#
# <colnr> <probs for GDERKNQSTAVLIFYWHMCP>
#	G	D	E	R	K	N	Q	S	T	A	V	L	I	F	Y	W	H	M	C	P
0	0.00658	0.00550	0.00586	0.00581	0.00745	0.00518	0.00452	0.00965	0.12936	0.01376	0.06303	0.04067	0.57868	0.01087	0.00541	0.00161	0.00273	0.09455	0.00434	0.00444
1	0.00549	0.00465	0.00475	0.00472	0.00624	0.00390	0.00354	0.00672	0.01062	0.01278	0.09481	0.04356	0.75962	0.01148	0.00543	0.00154	0.00232	0.00960	0.00431	0.00390
2	0.00867	0.00816	0.01377	0.82762	0.03162	0.01020	0.01275	0.01173	0.00918	0.01173	0.00816	0.01224	0.00612	0.00459	0.00459	0.00153	0.00612	0.00408	0.00204	0.00510
3	0.01171	0.00946	0.01070	0.00784	0.01181	0.00836	0.00635	0.22779	0.01285	0.01882	0.00895	0.00993	0.00708	0.00398	0.00373	0.00087	0.00386	0.00311	0.00324	0.62958
4	0.00559	0.00400	0.00533	0.00639	0.00666	0.00373	0.00426	0.00639	0.00879	0.01172	0.02530	0.83566	0.03036	0.01438	0.00586	0.00186	0.00266	0.01305	0.00426	0.00373
5	0.00921	0.02375	0.81487	0.01309	0.01987	0.01066	0.01696	0.01454	0.00969	0.01454	0.00824	0.00969	0.00582	0.00436	0.00436	0.00145	0.00678	0.00339	0.00194	0.00678
6	0.03374	0.01267	0.05230	0.01025	0.01394	0.02908	0.00872	0.57792	0.07245	0.12386	0.01211	0.01181	0.00848	0.00548	0.00455	0.00140	0.00493	0.00417	0.00452	0.00762
7	0.01123	0.01241	0.02630	0.01883	0.02342	0.01177	0.74684	0.06094	0.01147	0.01555	0.00939	0.01230	0.00702	0.00397	0.00537	0.00154	0.00758	0.00534	0.00246	0.00629
8	0.51232	0.01220	0.01026	0.01085	0.13060	0.18533	0.00738	0.05623	0.01006	0.01818	0.00713	0.00841	0.00567	0.00440	0.00347	0.00136	0.00494	0.00292	0.00275	0.00554
9	0.00576	0.00456	0.00479	0.00487	0.00615	0.00394	0.00354	0.00692	0.01015	0.01270	0.07803	0.11552	0.60233	0.06167	0.00643	0.00172	0.00247	0.00943	0.05518	0.00384
10	0.01033	0.01325	0.18703	0.16737	0.29124	0.01073	0.16915	0.03786	0.01057	0.01480	0.03751	0.01219	0.00801	0.00443	0.00472	0.00145	0.00618	0.00436	0.00234	0.00647
11	0.00900	0.00879	0.01577	0.70626	0.03047	0.01041	0.12996	0.01218	0.00943	0.01218	0.00833	0.01226	0.00625	0.00448	0.00471	0.00153	0.00636	0.00428	0.00208	0.00526
12	0.00573	0.00410	0.00545	0.00630	0.00669	0.00382	0.00427	0.00673	0.00942	0.01272	0.14276	0.71533	0.03231	0.01363	0.00579	0.00180	0.00259	0.01234	0.00438	0.00382
13	0.00781	0.00675	0.00936	0.00861	0.00904	0.00855	0.00677	0.00894	0.00733	0.01065	0.01240	0.01847	0.05976	0.14387	0.34817	0.00456	0.31714	0.00514	0.00245	0.00423
14	0.00990	0.00846	0.01043	0.13028	0.01421	0.00725	0.00675	0.06129	0.01023	0.01536	0.00834	0.01002	0.00676	0.00371	0.00365	0.00085	0.00391	0.00301	0.00274	0.68284
15	0.01004	0.01073	0.04124	0.01615	0.18530	0.08179	0.25026	0.01263	0.01057	0.01386	0.03421	0.10109	0.04894	0.00704	0.00562	0.00161	0.03554	0.12484	0.00293	0.00563

[dist]
# distance from previous block
# <min> <max>
0	2

[block]
# block no. 4 follows, 56 sequences, length 43
# corresponding to MSA columns:
# 144-186
name=unknown_E
#
# <colnr> <probs for GDERKNQSTAVLIFYWHMCP>
#	G	D	E	R	K	N	Q	S	T	A	V	L	I	F	Y	W	H	M	C	P
0	0.01241	0.01304	0.01631	0.03781	0.01590	0.18790	0.20397	0.11712	0.01181	0.01505	0.07993	0.01262	0.00983	0.00596	0.00772	0.00157	0.23806	0.00454	0.00278	0.00569
1	0.00665	0.00463	0.00591	0.00588	0.00628	0.00487	0.00395	0.00746	0.00761	0.01060	0.09511	0.02623	0.01759	0.46922	0.29027	0.00508	0.00683	0.00621	0.01624	0.00341
2	0.01214	0.80663	0.05770	0.00808	0.01213	0.01785	0.00824	0.01378	0.00934	0.01096	0.00646	0.00746	0.00589	0.00395	0.00301	0.00100	0.00499	0.00249	0.00196	0.00593
3	0.00960	0.00924	0.01416	0.34614	0.11269	0.01156	0.01129	0.01172	0.00848	0.01206	0.00735	0.01106	0.00626	0.00585	0.00875	0.00165	0.34022	0.00396	0.00210	0.06586
4	0.00979	0.00920	0.01549	0.31775	0.44347	0.00991	0.01259	0.01244	0.00982	0.01347	0.01017	0.09625	0.00922	0.00533	0.00470	0.00148	0.00541	0.00501	0.00239	0.00612
5	0.01103	0.00952	0.01434	0.42425	0.24538	0.05799	0.01180	0.01370	0.01039	0.09522	0.05452	0.01335	0.00907	0.00484	0.00460	0.00145	0.00561	0.00431	0.00267	0.00596
6	0.00921	0.02375	0.81487	0.01309	0.01987	0.01066	0.01696	0.01454	0.00969	0.01454	0.00824	0.00969	0.00582	0.00436	0.00436	0.00145	0.00678	0.00339	0.00194	0.00678
7	0.00578	0.00413	0.00554	0.00660	0.00695	0.00389	0.00458	0.00671	0.00897	0.01193	0.02520	0.75524	0.02996	0.01421	0.00591	0.00189	0.00282	0.09165	0.00426	0.00378
8	0.01036	0.00988	0.01682	0.32619	0.51985	0.01064	0.01359	0.01321	0.00998	0.01378	0.00846	0.01169	0.00684	0.00428	0.00456	0.00143	0.00570	0.00409	0.00219	0.00646
9	0.01136	0.01091	0.01863	0.02818	0.81002	0.01091	0.01409	0.01409	0.01045	0.01500	0.00864	0.01136	0.00727	0.00409	0.00455	0.00136	0.00545	0.00409	0.00227	0.00727
10	0.00556	0.00414	0.00518	0.00601	0.00656	0.00376	0.00409	0.00644	0.00915	0.01187	0.02990	0.66410	0.19896	0.01379	0.00577	0.00180	0.00259	0.01232	0.00426	0.00376
11	0.01695	0.02101	0.01291	0.01165	0.01406	0.75710	0.00878	0.06438	0.01344	0.01230	0.00767	0.02374	0.00648	0.00496	0.00420	0.00121	0.00798	0.00321	0.00253	0.00544
12	0.00882	0.00808	0.01152	0.05648	0.01182	0.01034	0.02838	0.01020	0.00825	0.01189	0.05881	0.02180	0.02401	0.09445	0.02939	0.00231	0.45311	0.14302	0.00272	0.00461
13	0.01745	0.01286	0.01378	0.01056	0.01424	0.01424	0.00873	0.79471	0.02159	0.02893	0.01102	0.01102	0.00781	0.00551	0.00459	0.00138	0.00505	0.00413	0.00459	0.00781
14	0.00552	0.00445	0.00492	0.00523	0.00637	0.00385	0.00376	0.00661	0.01006	0.01244	0.07085	0.28412	0.54105	0.01237	0.00556	0.00164	0.00242	0.01065	0.00429	0.00385
15	0.00587	0.00424	0.00551	0.00645	0.00680	0.00406	0.00432	0.00711	0.03984	0.01190	0.02460	0.77036	0.02916	0.04798	0.00653	0.00196	0.00278	0.01248	0.00422	0.00383
16	0.00794	0.00499	0.00628	0.00577	0.00718	0.00451	0.00439	0.00992	0.01244	0.10053	0.56688	0.03276	0.14961	0.00908	0.00520	0.00143	0.00237	0.00788	0.05620	0.00463
17	0.01671	0.01963	0.01262	0.01122	0.01370	0.66174	0.00853	0.12606	0.01401	0.01403	0.00809	0.00916	0.00651	0.00487	0.00415	0.00120	0.00748	0.00320	0.05147	0.00561
18	0.00668	0.00445	0.00501	0.00501	0.00501	0.00445	0.00278	0.00668	0.00668	0.00890	0.01447	0.03004	0.01669	0.83866	0.02337	0.00445	0.00445	0.00668	0.00278	0.00278
19	0.00558	0.00406	0.00526	0.00621	0.00661	0.00374	0.00418	0.00641	0.00896	0.01179	0.02748	0.75446	0.11016	0.01410	0.00582	0.00183	0.00263	0.01271	0.00426	0.00374
20	0.01179	0.71123	0.14997	0.00869	0.01307	0.01697	0.00931	0.01387	0.00939	0.01140	0.00668	0.00774	0.00588	0.00400	0.00317	0.00106	0.00521	0.00260	0.00196	0.00603
21	0.00581	0.00415	0.00557	0.00664	0.00700	0.00391	0.00464	0.00676	0.00900	0.01196	0.02518	0.74211	0.02989	0.01418	0.00592	0.00189	0.00285	0.10448	0.00426	0.00379
22	0.00560	0.00412	0.00525	0.00610	0.00660	0.00378	0.00414	0.00651	0.00921	0.01209	0.05930	0.68195	0.15100	0.01376	0.00578	0.00180	0.00259	0.01235	0.00429	0.00378
23	0.01208	0.78855	0.07519	0.00819	0.01231	0.01768	0.00844	0.01380	0.00935	0.01104	0.00650	0.00752	0.00589	0.00396	0.00304	0.00101	0.00503	0.00252	0.00196	0.00595
24	0.00608	0.00488	0.00570	0.00588	0.00690	0.00463	0.00427	0.00773	0.04394	0.01312	0.13275	0.30497	0.37112	0.02562	0.00623	0.00171	0.03599	0.01017	0.00426	0.00406
25	0.00569	0.00407	0.00522	0.00613	0.00656	0.00377	0.00414	0.00658	0.00899	0.01200	0.02707	0.72231	0.10943	0.01375	0.00571	0.00180	0.00261	0.01236	0.03803	0.00377
26	0.00645	0.00520	0.00580	0.00556	0.00704	0.00482	0.00420	0.00920	0.09260	0.01538	0.33194	0.03766	0.43698	0.01022	0.00534	0.00151	0.00240	0.00870	0.00460	0.00440
27	0.01017	0.05671	0.01656	0.27164	0.28076	0.02206	0.09633	0.03638	0.01023	0.01379	0.03371	0.04572	0.00927	0.00578	0.02130	0.00160	0.03776	0.02184	0.00246	0.00594
28	0.01440	0.01083	0.01036	0.00857	0.01117	0.11319	0.00684	0.37255	0.03974	0.06331	0.01236	0.01314	0.00924	0.00622	0.02747	0.00144	0.00469	0.00411	0.26407	0.00630
29	0.06087	0.00820	0.00935	0.00675	0.01076	0.00637	0.00541	0.01168	0.00942	0.01530	0.00805	0.00940	0.00669	0.00345	0.00337	0.00072	0.00341	0.00271	0.00273	0.81536
30	0.20234	0.30416	0.15617	0.00839	0.01195	0.03704	0.00836	0.05721	0.00966	0.01466	0.00889	0.01301	0.00811	0.09035	0.00560	0.00161	0.00496	0.04946	0.00253	0.00552
31	0.04277	0.01224	0.01308	0.01021	0.01374	0.01357	0.00839	0.65943	0.11013	0.05140	0.01197	0.01175	0.00854	0.00556	0.00455	0.00140	0.00481	0.00422	0.00458	0.00766
32	0.03588	0.00877	0.04057	0.02412	0.01100	0.02078	0.00613	0.07156	0.09612	0.02904	0.01786	0.02777	0.17602	0.00587	0.00416	0.00112	0.00360	0.00476	0.00342	0.41146
33	0.01124	0.01037	0.06121	0.27060	0.40177	0.01025	0.02444	0.01408	0.01019	0.09282	0.00945	0.01204	0.00728	0.00453	0.00481	0.00144	0.02618	0.00412	0.01667	0.00651
34	0.00858	0.00804	0.01352	0.80313	0.03088	0.01001	0.01250	0.01157	0.00917	0.01173	0.00867	0.03679	0.00684	0.00488	0.00463	0.00154	0.00602	0.00435	0.00211	0.00506
35	0.03379	0.06615	0.28655	0.01271	0.01690	0.05790	0.04865	0.01843	0.11618	0.15154	0.01378	0.03206	0.01086	0.00706	0.00657	0.00194	0.09095	0.00493	0.00395	0.01910
36	0.01222	0.07082	0.72012	0.01418	0.02070	0.01232	0.01686	0.01637	0.01137	0.03663	0.01092	0.01321	0.00840	0.00606	0.00538	0.00189	0.00737	0.00422	0.00292	0.00802
37	0.01383	0.01259	0.02004	0.02910	0.78048	0.01223	0.01487	0.01579	0.01204	0.01732	0.01116	0.01480	0.00966	0.00579	0.00563	0.00183	0.00627	0.00491	0.00315	0.00851
38	0.00887	0.00683	0.00829	0.02393	0.06459	0.00611	0.00605	0.00954	0.01190	0.01595	0.18920	0.34013	0.26197	0.01297	0.00656	0.00209	0.00365	0.01079	0.00504	0.00554
39	0.01354	0.17628	0.48514	0.01418	0.06384	0.03838	0.01467	0.09620	0.01260	0.01758	0.01071	0.01295	0.00856	0.00608	0.00521	0.00181	0.00699	0.00416	0.00314	0.00796
40	0.01448	0.72519	0.02422	0.01001	0.01362	0.01878	0.00911	0.01518	0.01072	0.01332	0.00896	0.01124	0.00834	0.00605	0.00534	0.00157	0.09042	0.00350	0.00286	0.00709
41	0.00851	0.00616	0.00746	0.00824	0.00896	0.00553	0.00571	0.00884	0.01092	0.01471	0.06026	0.63191	0.08897	0.01509	0.00689	0.00230	0.00371	0.09553	0.00509	0.00519
42	0.10527	0.01543	0.01610	0.01587	0.16873	0.18741	0.06105	0.27702	0.05842	0.02193	0.01198	0.01400	0.00965	0.00652	0.00545	0.00182	0.00660	0.00466	0.00413	0.00796

[dist]
# distance from previous block
# <min> <max>
0	20

[block]
# block no. 5 follows, 56 sequences, length 47
# corresponding to MSA columns:
# 207-253
name=unknown_F
#
# <colnr> <probs for GDERKNQSTAVLIFYWHMCP>
#	G	D	E	R	K	N	Q	S	T	A	V	L	I	F	Y	W	H	M	C	P
0	0.00737	0.00545	0.00661	0.00738	0.00802	0.00509	0.00501	0.00866	0.06312	0.01355	0.02748	0.70387	0.09070	0.01429	0.00628	0.00205	0.00318	0.01250	0.00470	0.00469
1	0.00699	0.00501	0.00632	0.00731	0.00770	0.00456	0.00487	0.00743	0.00964	0.01299	0.02627	0.82068	0.03113	0.01505	0.00639	0.00210	0.00314	0.01329	0.00468	0.00444
2	0.00801	0.00543	0.00602	0.00601	0.00615	0.00524	0.00348	0.00770	0.00766	0.01034	0.01610	0.06422	0.01829	0.78903	0.02283	0.00452	0.00482	0.00731	0.00329	0.00355
3	0.00727	0.00566	0.00624	0.00605	0.00748	0.00489	0.00442	0.00842	0.01217	0.01589	0.33975	0.04113	0.47844	0.03209	0.00641	0.00182	0.00280	0.00939	0.00495	0.00473
4	0.01250	0.01285	0.01471	0.01282	0.01333	0.14546	0.01034	0.01317	0.00889	0.01236	0.00756	0.01157	0.00727	0.00830	0.01364	0.00210	0.68056	0.00427	0.00253	0.00576
5	0.00798	0.00604	0.00723	0.00764	0.00900	0.00555	0.00613	0.00954	0.02613	0.01502	0.11265	0.05907	0.31844	0.01257	0.00640	0.00205	0.00373	0.37521	0.00475	0.00486
6	0.01135	0.01093	0.01488	0.01286	0.01299	0.01468	0.01053	0.01199	0.00792	0.01233	0.00739	0.01185	0.00729	0.00884	0.01541	0.00224	0.81390	0.00444	0.00247	0.00571
7	0.01135	0.01093	0.01488	0.01286	0.01299	0.01468	0.01053	0.01199	0.00792	0.01233	0.00739	0.01185	0.00729	0.00884	0.01541	0.00224	0.81390	0.00444	0.00247	0.00571
8	0.00699	0.00501	0.00632	0.00731	0.00770	0.00456	0.00487	0.00743	0.00964	0.01299	0.02627	0.82068	0.03113	0.01505	0.00639	0.00210	0.00314	0.01329	0.00468	0.00444
9	0.00556	0.00445	0.00498	0.00528	0.00640	0.00387	0.00380	0.00669	0.01014	0.01266	0.09905	0.29038	0.50601	0.01231	0.00556	0.00164	0.00242	0.01063	0.00432	0.00387
10	0.01715	0.02188	0.01301	0.01183	0.01419	0.82022	0.00887	0.01833	0.01301	0.01124	0.00710	0.00828	0.00591	0.00473	0.00414	0.00118	0.00828	0.00296	0.00237	0.00532
11	0.00921	0.02375	0.81487	0.01309	0.01987	0.01066	0.01696	0.01454	0.00969	0.01454	0.00824	0.00969	0.00582	0.00436	0.00436	0.00145	0.00678	0.00339	0.00194	0.00678
12	0.00662	0.00466	0.00608	0.00608	0.00645	0.00503	0.00411	0.00736	0.00699	0.00969	0.01349	0.02463	0.01434	0.47614	0.38267	0.00577	0.00799	0.00588	0.00264	0.00338
13	0.00867	0.00816	0.01377	0.82762	0.03162	0.01020	0.01275	0.01173	0.00918	0.01173	0.00816	0.01224	0.00612	0.00459	0.00459	0.00153	0.00612	0.00408	0.00204	0.00510
14	0.00952	0.00816	0.00952	0.00680	0.01088	0.00612	0.00544	0.01156	0.00952	0.01496	0.00816	0.00952	0.00680	0.00340	0.00340	0.00068	0.00340	0.00272	0.00272	0.86672
15	0.01004	0.01004	0.01406	0.01205	0.01205	0.01406	0.01004	0.01105	0.00703	0.01105	0.00603	0.01004	0.00603	0.00804	0.01507	0.00201	0.83025	0.00402	0.00201	0.00502
16	0.01084	0.01238	0.02709	0.01935	0.02399	0.01161	0.79334	0.01471	0.01084	0.01471	0.00929	0.01238	0.00697	0.00387	0.00542	0.00155	0.00774	0.00542	0.00232	0.00619
17	0.02060	0.00781	0.01065	0.00817	0.01172	0.00675	0.00675	0.02237	0.01314	0.81320	0.01811	0.01563	0.01136	0.00568	0.00462	0.00142	0.00391	0.00462	0.00568	0.00781
18	0.00867	0.00816	0.01377	0.82762	0.03162	0.01020	0.01275	0.01173	0.00918	0.01173	0.00816	0.01224	0.00612	0.00459	0.00459	0.00153	0.00612	0.00408	0.00204	0.00510
19	0.00921	0.02375	0.81487	0.01309	0.01987	0.01066	0.01696	0.01454	0.00969	0.01454	0.00824	0.00969	0.00582	0.00436	0.00436	0.00145	0.00678	0.00339	0.00194	0.00678
20	0.01142	0.00986	0.01038	0.00934	0.01194	0.01142	0.00727	0.02440	0.80172	0.01920	0.01869	0.01713	0.01401	0.00623	0.00467	0.00156	0.00363	0.00519	0.00467	0.00727
21	0.00559	0.00400	0.00533	0.00639	0.00666	0.00373	0.00426	0.00639	0.00879	0.01172	0.02530	0.83566	0.03036	0.01438	0.00586	0.00186	0.00266	0.01305	0.00426	0.00373
22	0.00909	0.00859	0.01453	0.70196	0.15397	0.01031	0.01296	0.01210	0.00938	0.01224	0.00823	0.01210	0.00630	0.00451	0.00458	0.00150	0.00602	0.00408	0.00208	0.00544
23	0.00745	0.00490	0.00644	0.00594	0.00719	0.00449	0.00449	0.00959	0.01301	0.07188	0.75448	0.03304	0.04117	0.00914	0.00536	0.00144	0.00228	0.00805	0.00510	0.00457
24	0.00772	0.00529	0.00724	0.00801	0.00919	0.00517	0.00689	0.00973	0.01075	0.04637	0.06481	0.06485	0.07933	0.01220	0.00615	0.00201	0.00395	0.64166	0.00433	0.00434
25	0.00681	0.00489	0.00670	0.00773	0.00857	0.00478	0.00635	0.00851	0.01005	0.01311	0.02535	0.27931	0.05392	0.01314	0.00617	0.00202	0.00371	0.53057	0.00424	0.00407
26	0.01008	0.08764	0.70746	0.01240	0.01878	0.01104	0.01567	0.01491	0.00986	0.05869	0.00864	0.00984	0.00613	0.00440	0.00426	0.00141	0.00648	0.00339	0.00215	0.00677
27	0.00693	0.00620	0.03345	0.07917	0.01011	0.03304	0.02174	0.00886	0.02320	0.01433	0.28550	0.33055	0.08342	0.01060	0.00545	0.00163	0.00327	0.03405	0.00416	0.00434
28	0.01084	0.01238	0.02709	0.01935	0.02399	0.01161	0.79334	0.01471	0.01084	0.01471	0.00929	0.01238	0.00697	0.00387	0.00542	0.00155	0.00774	0.00542	0.00232	0.00619
29	0.01085	0.01039	0.01771	0.17981	0.66237	0.01077	0.01384	0.01364	0.01021	0.01438	0.00855	0.01153	0.00705	0.00419	0.00455	0.00140	0.00558	0.00409	0.00223	0.00686
30	0.00920	0.00923	0.04210	0.64397	0.13655	0.01039	0.03234	0.01263	0.03516	0.01259	0.00860	0.01220	0.00654	0.00455	0.00460	0.00151	0.00601	0.00413	0.00216	0.00555
31	0.01108	0.01337	0.06697	0.01855	0.04468	0.05664	0.65524	0.01473	0.01073	0.01436	0.00896	0.01189	0.00682	0.00412	0.00566	0.00154	0.04112	0.00508	0.00229	0.00616
32	0.00878	0.00808	0.01349	0.70610	0.08205	0.00981	0.01229	0.01174	0.00935	0.01221	0.00927	0.01451	0.00748	0.00503	0.00465	0.00154	0.00586	0.04722	0.02537	0.00518
33	0.00748	0.04771	0.00739	0.00676	0.00795	0.05297	0.01698	0.00889	0.02905	0.04279	0.06335	0.42463	0.22166	0.01157	0.00553	0.00166	0.01452	0.02072	0.00407	0.00430
34	0.00964	0.12195	0.68957	0.01269	0.01905	0.01160	0.04534	0.01445	0.00969	0.01409	0.00805	0.00951	0.00587	0.00429	0.00423	0.00140	0.00659	0.00336	0.00196	0.00665
35	0.01084	0.00858	0.00932	0.00846	0.01083	0.00949	0.00662	0.02049	0.56982	0.07148	0.06618	0.02298	0.11175	0.00734	0.00488	0.00157	0.00344	0.04464	0.00469	0.00658
36	0.04613	0.00821	0.01018	0.00813	0.01128	0.00784	0.00661	0.09291	0.11139	0.52101	0.07166	0.01779	0.05322	0.00623	0.00466	0.00144	0.00377	0.00507	0.00525	0.00722
37	0.00997	0.09057	0.39942	0.01369	0.07434	0.03283	0.14031	0.01402	0.03198	0.02749	0.01112	0.08344	0.02858	0.00542	0.00473	0.00146	0.01717	0.00476	0.00244	0.00627
38	0.00943	0.00906	0.01428	0.63386	0.08111	0.04097	0.05123	0.01296	0.05361	0.01265	0.00898	0.01245	0.00683	0.00464	0.00458	0.00150	0.00599	0.00417	0.02629	0.00541
39	0.00643	0.00443	0.00499	0.00509	0.00529	0.00432	0.00300	0.00664	0.00731	0.00956	0.01919	0.10370	0.11081	0.66792	0.01970	0.00388	0.00404	0.00760	0.00309	0.00299
40	0.01111	0.01347	0.09186	0.05938	0.03303	0.09273	0.49347	0.01508	0.05034	0.01447	0.00963	0.01216	0.00732	0.00433	0.00517	0.00148	0.02378	0.00480	0.05035	0.00604
41	0.01109	0.01070	0.01728	0.10858	0.64994	0.03369	0.01326	0.01416	0.04033	0.01457	0.00905	0.01181	0.00751	0.00526	0.03205	0.00159	0.00576	0.00413	0.00235	0.00689
42	0.01085	0.01020	0.01386	0.03961	0.01305	0.05744	0.06084	0.01226	0.00821	0.05202	0.00773	0.01105	0.00683	0.00712	0.01195	0.00181	0.59124	0.00410	0.07464	0.00520
43	0.00635	0.00437	0.00568	0.00643	0.00704	0.00405	0.00455	0.00737	0.00936	0.03959	0.05215	0.59226	0.10782	0.04053	0.00638	0.00192	0.00288	0.09307	0.00428	0.00392
44	0.01116	0.35869	0.42089	0.01083	0.01606	0.08429	0.01252	0.01455	0.00983	0.01272	0.00738	0.00862	0.00586	0.00422	0.00376	0.00124	0.00615	0.00297	0.00199	0.00629
45	0.01078	0.01089	0.07073	0.26187	0.46784	0.01054	0.04029	0.01378	0.01015	0.04647	0.00888	0.01172	0.00699	0.00431	0.00458	0.00143	0.00576	0.00411	0.00232	0.00658
46	0.00931	0.00531	0.00704	0.00625	0.00783	0.00481	0.00481	0.01140	0.01302	0.17678	0.65028	0.03057	0.03695	0.00865	0.00526	0.00144	0.00251	0.00757	0.00518	0.00503

[dist]
# distance from previous block
# <min> <max>
2	15

[block]
# block no. 6 follows, 56 sequences, length 13
# corresponding to MSA columns:
# 280-292
name=unknown_G
#
# <colnr> <probs for GDERKNQSTAVLIFYWHMCP>
#	G	D	E	R	K	N	Q	S	T	A	V	L	I	F	Y	W	H	M	C	P
0	0.00592	0.00465	0.00543	0.00582	0.00699	0.00416	0.00447	0.00727	0.01032	0.01293	0.08889	0.20130	0.44856	0.01223	0.00569	0.00172	0.00276	0.16263	0.00431	0.00395
1	0.00572	0.00432	0.00529	0.00577	0.00657	0.00389	0.00406	0.00690	0.01010	0.01323	0.18576	0.45211	0.25439	0.01261	0.00565	0.00169	0.00247	0.01116	0.00442	0.00389
2	0.01208	0.01448	0.06219	0.03469	0.14068	0.18919	0.35386	0.01491	0.01072	0.01349	0.00825	0.01091	0.00659	0.00462	0.00605	0.00149	0.10312	0.00438	0.00226	0.00604
3	0.10496	0.01334	0.03399	0.01238	0.01561	0.18520	0.21945	0.04764	0.21238	0.06348	0.01135	0.01218	0.00855	0.00502	0.00491	0.00146	0.03426	0.00433	0.00325	0.00628
4	0.01510	0.00711	0.00855	0.00706	0.00963	0.00687	0.00567	0.07296	0.09310	0.38986	0.01654	0.01599	0.01153	0.00561	0.00411	0.00131	0.00332	0.00452	0.31469	0.00648
5	0.05994	0.05237	0.00712	0.00643	0.00751	0.00606	0.00466	0.05475	0.03998	0.01345	0.05104	0.38510	0.11606	0.14152	0.00809	0.00211	0.00329	0.03242	0.00388	0.00421
6	0.06329	0.01114	0.01467	0.01146	0.01478	0.08878	0.18691	0.12914	0.10072	0.23825	0.01401	0.01492	0.03125	0.00557	0.00504	0.00148	0.03005	0.02789	0.00397	0.00668
7	0.01481	0.03786	0.05968	0.01030	0.02813	0.10582	0.00857	0.35047	0.07800	0.10625	0.01375	0.06580	0.01147	0.00659	0.00473	0.00147	0.00507	0.08037	0.00412	0.00675
8	0.00558	0.00403	0.00529	0.00629	0.00663	0.00374	0.00422	0.00640	0.00889	0.01176	0.02654	0.78937	0.07586	0.01422	0.00583	0.00185	0.00264	0.01285	0.00426	0.00374
9	0.01008	0.00905	0.05905	0.00845	0.05624	0.00659	0.00665	0.01228	0.00976	0.06194	0.00958	0.04861	0.00814	0.00415	0.00371	0.00086	0.00372	0.00343	0.00289	0.67481
10	0.02813	0.41183	0.20478	0.00976	0.01423	0.02559	0.05384	0.05076	0.01045	0.06083	0.03333	0.00984	0.00757	0.00436	0.00371	0.00118	0.00530	0.00325	0.00249	0.05877
11	0.01063	0.23837	0.04371	0.00796	0.01071	0.04399	0.00691	0.05323	0.09520	0.04836	0.06280	0.10344	0.03896	0.04578	0.00523	0.00148	0.00422	0.07410	0.00339	0.10154
12	0.01157	0.03537	0.03230	0.00935	0.05756	0.07702	0.00706	0.11482	0.09548	0.10990	0.03290	0.16344	0.06056	0.02535	0.00525	0.00159	0.00418	0.08447	0.06611	0.00570

[dist]
# distance from previous block
# <min> <max>
15	62

[block]
# block no. 7 follows, 56 sequences, length 23
# corresponding to MSA columns:
# 360-382
name=unknown_H
#
# <colnr> <probs for GDERKNQSTAVLIFYWHMCP>
#	G	D	E	R	K	N	Q	S	T	A	V	L	I	F	Y	W	H	M	C	P
0	0.05752	0.02547	0.05279	0.02629	0.12174	0.23845	0.02908	0.13513	0.02240	0.12119	0.01204	0.02621	0.04971	0.01835	0.00504	0.00141	0.03234	0.00422	0.00328	0.01734
1	0.04398	0.15722	0.14079	0.00958	0.01336	0.10119	0.00897	0.19693	0.04583	0.06731	0.02718	0.02210	0.01933	0.00571	0.01798	0.00138	0.00529	0.02461	0.00326	0.08800
2	0.08824	0.13945	0.06674	0.01151	0.07446	0.07588	0.11434	0.06568	0.03077	0.07280	0.07579	0.02583	0.01100	0.06181	0.00611	0.00158	0.04689	0.00443	0.00302	0.02367
3	0.05450	0.10297	0.07465	0.02395	0.03596	0.11408	0.10850	0.14558	0.07896	0.08872	0.03787	0.01316	0.02226	0.00540	0.00501	0.00141	0.05125	0.01733	0.01213	0.00633
4	0.01234	0.10778	0.08650	0.10242	0.18868	0.08782	0.01012	0.08579	0.06005	0.08999	0.03718	0.06433	0.01035	0.00548	0.00440	0.00137	0.00517	0.00456	0.02932	0.00633
5	0.08964	0.05325	0.07991	0.10405	0.10918	0.05818	0.02133	0.15237	0.05671	0.06569	0.04601	0.02515	0.06267	0.00656	0.03228	0.00160	0.00519	0.00453	0.00330	0.02241
6	0.01208	0.41170	0.23461	0.01080	0.02715	0.06101	0.06281	0.09029	0.01095	0.01399	0.00763	0.00883	0.00617	0.00423	0.00375	0.00120	0.00579	0.00313	0.00228	0.02160
7	0.08809	0.05197	0.02492	0.01068	0.08083	0.03640	0.10725	0.02632	0.06794	0.10086	0.01265	0.06917	0.02785	0.10410	0.00669	0.00168	0.01508	0.00490	0.00321	0.15943
8	0.00868	0.06232	0.01738	0.00596	0.00758	0.00624	0.02628	0.05454	0.02867	0.01697	0.19736	0.02192	0.07197	0.02367	0.02225	0.00143	0.00302	0.00553	0.41351	0.00469
9	0.01143	0.19330	0.01287	0.02336	0.01102	0.08149	0.00697	0.15385	0.08948	0.01552	0.05337	0.07282	0.06600	0.01795	0.04027	0.05843	0.04959	0.00503	0.03176	0.00547
10	0.08183	0.22406	0.12292	0.03675	0.01329	0.01107	0.04648	0.07444	0.02445	0.02773	0.01131	0.05022	0.05450	0.00562	0.01885	0.00131	0.00477	0.00402	0.00277	0.18362
11	0.05015	0.06556	0.03766	0.01420	0.23478	0.02592	0.06032	0.08697	0.01095	0.01532	0.06670	0.25171	0.01626	0.02124	0.00534	0.00157	0.01958	0.00687	0.00326	0.00566
12	0.01260	0.78683	0.02332	0.00812	0.01194	0.07159	0.00792	0.01405	0.00957	0.01083	0.00643	0.00743	0.00589	0.00398	0.00303	0.00100	0.00513	0.00249	0.00199	0.00585
13	0.01172	0.06556	0.05684	0.41908	0.10223	0.00971	0.01095	0.01436	0.01026	0.19182	0.01185	0.03549	0.03023	0.00519	0.00452	0.00146	0.00531	0.00445	0.00299	0.00600
14	0.00961	0.04788	0.00817	0.00695	0.00860	0.01605	0.02239	0.01094	0.01074	0.17016	0.15016	0.19663	0.16316	0.01043	0.00614	0.05920	0.00332	0.09037	0.00433	0.00477
15	0.00691	0.00497	0.00681	0.00782	0.00873	0.00487	0.00652	0.00868	0.01017	0.01323	0.02557	0.22499	0.06386	0.01301	0.00619	0.00203	0.00379	0.57352	0.00424	0.00410
16	0.00908	0.00568	0.00510	0.00498	0.00622	0.05990	0.00375	0.01148	0.03697	0.01655	0.01616	0.01789	0.05173	0.00565	0.00343	0.00112	0.00262	0.00449	0.73277	0.00443
17	0.01221	0.17117	0.12490	0.08681	0.20131	0.04419	0.03482	0.16974	0.01251	0.02834	0.04491	0.01216	0.02758	0.00488	0.00430	0.00133	0.00545	0.00402	0.00284	0.00654
18	0.00578	0.00467	0.00524	0.00536	0.00659	0.00422	0.00394	0.00720	0.02490	0.01257	0.09066	0.16225	0.52120	0.03691	0.08532	0.00224	0.00342	0.00948	0.00411	0.00394
19	0.00639	0.00502	0.00582	0.00556	0.00693	0.00462	0.00419	0.00887	0.06451	0.01604	0.44750	0.03715	0.35043	0.01008	0.00537	0.00149	0.00233	0.00866	0.00471	0.00434
20	0.01212	0.78498	0.02338	0.00814	0.01180	0.01789	0.00800	0.01356	0.00917	0.01082	0.00636	0.00755	0.00590	0.00421	0.00377	0.00105	0.06094	0.00256	0.00197	0.00583
21	0.08113	0.08371	0.25803	0.02430	0.02638	0.03395	0.06943	0.07711	0.05149	0.20731	0.01162	0.03660	0.00852	0.00510	0.00434	0.00141	0.00535	0.00414	0.00337	0.00672
22	0.00748	0.00605	0.00755	0.00891	0.06286	0.04325	0.00658	0.00909	0.01008	0.01288	0.02459	0.21545	0.11032	0.05376	0.00677	0.00202	0.00396	0.40018	0.00395	0.00427

[dist]
# distance from previous block
# <min> <max>
0	90

# created by:
# /home/cegg/simao/soft/augustus-3.2.1/scripts/msa2prfl.pl ./align_prep/EOG091G0N9D.fa
