[name]
unknown

[dist]
# distance from previous block
# <min> <max>
2	158

[block]
# block no. 0 follows, 48 sequences, length 27
# corresponding to MSA columns:
# 177-203
name=unknown_A
#
# <colnr> <probs for GDERKNQSTAVLIFYWHMCP>
#	G	D	E	R	K	N	Q	S	T	A	V	L	I	F	Y	W	H	M	C	P
0	0.05324	0.06482	0.08648	0.00919	0.02892	0.02084	0.00761	0.06961	0.08576	0.07028	0.09142	0.24647	0.06700	0.05352	0.00659	0.00191	0.00428	0.02180	0.00434	0.00591
1	0.06070	0.32712	0.20265	0.01233	0.01707	0.10954	0.09367	0.05899	0.01177	0.01535	0.00834	0.00994	0.00677	0.00492	0.00481	0.00142	0.04170	0.00360	0.00251	0.00680
2	0.05179	0.09317	0.13254	0.01020	0.05148	0.00983	0.00899	0.07622	0.03531	0.11610	0.12352	0.02109	0.05342	0.00874	0.04909	0.00190	0.00514	0.04381	0.07397	0.03370
3	0.04972	0.10828	0.17430	0.04378	0.23251	0.01139	0.07609	0.01399	0.01096	0.01546	0.01504	0.04429	0.08313	0.02863	0.02800	0.00189	0.00615	0.04689	0.00287	0.00663
4	0.01366	0.27571	0.07147	0.01219	0.01639	0.08348	0.14875	0.09645	0.05454	0.02914	0.01157	0.02966	0.03456	0.00545	0.00488	0.00140	0.02535	0.00447	0.00307	0.07782
5	0.00815	0.00486	0.00672	0.00715	0.00756	0.00478	0.00518	0.00786	0.00867	0.01151	0.01851	0.14189	0.05381	0.08522	0.01472	0.40872	0.00421	0.17169	0.02550	0.00329
6	0.01118	0.02981	0.06821	0.31865	0.23466	0.01126	0.06570	0.01510	0.05340	0.03720	0.03329	0.04379	0.01018	0.00556	0.00515	0.00162	0.00614	0.00513	0.01495	0.02903
7	0.00986	0.10214	0.13968	0.01134	0.05395	0.00951	0.08786	0.03934	0.04578	0.03315	0.04381	0.23402	0.13183	0.02708	0.00598	0.00178	0.00490	0.00827	0.00377	0.00595
8	0.01048	0.07082	0.75048	0.01430	0.02171	0.01238	0.01839	0.01620	0.01081	0.01602	0.00909	0.01069	0.00650	0.00485	0.00479	0.00160	0.00747	0.00373	0.00217	0.00753
9	0.02202	0.00848	0.01155	0.00901	0.01276	0.00734	0.00738	0.02394	0.01440	0.74495	0.02072	0.06496	0.01396	0.00693	0.00524	0.00162	0.00428	0.00572	0.00626	0.00846
10	0.01206	0.03385	0.36589	0.01540	0.06550	0.05105	0.16581	0.01651	0.02728	0.08413	0.04236	0.07346	0.01128	0.00599	0.00528	0.00165	0.00685	0.00543	0.00306	0.00713
11	0.04181	0.01079	0.07934	0.00962	0.01375	0.00885	0.00849	0.10189	0.03316	0.51571	0.05998	0.01690	0.01331	0.00625	0.00505	0.00154	0.00462	0.00504	0.00551	0.05840
12	0.00918	0.00592	0.00781	0.00702	0.00880	0.00529	0.02850	0.01125	0.01353	0.12187	0.43969	0.08070	0.21925	0.01066	0.00596	0.00167	0.00295	0.00930	0.00539	0.00527
13	0.00712	0.00525	0.00617	0.00620	0.00760	0.00464	0.00463	0.00875	0.01234	0.04197	0.25964	0.16455	0.39317	0.01257	0.00615	0.00178	0.00276	0.04502	0.00507	0.00462
14	0.04688	0.09153	0.01887	0.06978	0.22179	0.30671	0.09203	0.04220	0.01278	0.01511	0.00873	0.01097	0.00718	0.00502	0.00512	0.00147	0.03046	0.00402	0.00264	0.00674
15	0.01280	0.60852	0.23305	0.01035	0.01560	0.01805	0.01152	0.01560	0.01054	0.01320	0.00769	0.00893	0.00656	0.00452	0.00372	0.00124	0.00605	0.00303	0.00219	0.00685
16	0.00680	0.00521	0.00614	0.00592	0.00728	0.00464	0.00439	0.00867	0.01309	0.01745	0.46036	0.04251	0.33979	0.04683	0.00693	0.00181	0.00260	0.00982	0.00519	0.00456
17	0.01403	0.01058	0.03890	0.11611	0.24030	0.02524	0.03726	0.07950	0.02687	0.18524	0.01591	0.14030	0.02204	0.00724	0.00540	0.00167	0.00539	0.01683	0.00400	0.00720
18	0.03609	0.08700	0.05967	0.00898	0.04292	0.04163	0.02464	0.01173	0.02502	0.04283	0.05080	0.02370	0.01524	0.39508	0.05927	0.00350	0.02225	0.00591	0.00316	0.04059
19	0.11117	0.01019	0.01308	0.01081	0.01292	0.01192	0.00894	0.07221	0.01168	0.29759	0.01278	0.03913	0.00979	0.00757	0.00988	0.00188	0.34256	0.00487	0.00413	0.00692
20	0.00723	0.00522	0.00683	0.00648	0.00766	0.00482	0.00484	0.00961	0.01438	0.02035	0.76240	0.06152	0.04798	0.01066	0.00607	0.00163	0.00244	0.00944	0.00562	0.00482
21	0.02740	0.01347	0.03377	0.09271	0.30310	0.09946	0.02614	0.14622	0.07808	0.10260	0.01188	0.01330	0.00897	0.00542	0.00518	0.00156	0.01484	0.00459	0.00360	0.00773
22	0.01321	0.24165	0.20165	0.03757	0.02829	0.15248	0.03161	0.05061	0.02856	0.02308	0.02402	0.05189	0.00945	0.02735	0.00588	0.00158	0.05741	0.00439	0.00275	0.00656
23	0.00811	0.00560	0.00673	0.00668	0.00829	0.00502	0.00527	0.00990	0.01249	0.07494	0.21571	0.05814	0.37486	0.02872	0.00662	0.00189	0.00317	0.15797	0.00505	0.00484
24	0.01247	0.01191	0.09936	0.09193	0.04991	0.01105	0.11399	0.14737	0.06330	0.05904	0.05342	0.01753	0.01226	0.09582	0.03777	0.00226	0.05718	0.00541	0.05140	0.00660
25	0.00754	0.00549	0.00661	0.00633	0.00777	0.00501	0.00476	0.00934	0.01284	0.05263	0.37552	0.10301	0.33814	0.01170	0.00636	0.00172	0.02528	0.01000	0.00516	0.00479
26	0.01921	0.01342	0.01519	0.01163	0.01566	0.01454	0.03727	0.63879	0.02222	0.10802	0.01322	0.01315	0.00926	0.00610	0.00511	0.00154	0.00550	0.00473	0.03691	0.00851

[dist]
# distance from previous block
# <min> <max>
6	9

[block]
# block no. 1 follows, 48 sequences, length 36
# corresponding to MSA columns:
# 215-250
name=unknown_B
#
# <colnr> <probs for GDERKNQSTAVLIFYWHMCP>
#	G	D	E	R	K	N	Q	S	T	A	V	L	I	F	Y	W	H	M	C	P
0	0.01280	0.22690	0.12681	0.05802	0.06045	0.04219	0.10585	0.08505	0.07505	0.01651	0.01059	0.04083	0.00883	0.00553	0.00529	0.00148	0.04783	0.00449	0.00295	0.06254
1	0.05509	0.00957	0.08908	0.04848	0.07553	0.00828	0.02955	0.05579	0.03168	0.07274	0.20133	0.12504	0.05214	0.04074	0.00656	0.00180	0.02822	0.00730	0.05514	0.00594
2	0.01242	0.00665	0.00806	0.00698	0.00937	0.00590	0.00548	0.04143	0.01356	0.26859	0.17343	0.05302	0.32208	0.00993	0.00565	0.00164	0.00325	0.00833	0.03818	0.00603
3	0.00830	0.00669	0.00948	0.00897	0.00958	0.00827	0.00699	0.00976	0.00815	0.01202	0.01257	0.01976	0.01219	0.12616	0.50228	0.00626	0.19076	0.00549	0.03169	0.00464
4	0.00649	0.00488	0.00587	0.00651	0.00732	0.00445	0.00457	0.00757	0.01044	0.01338	0.05514	0.41506	0.27130	0.09873	0.00846	0.00228	0.00318	0.06558	0.00461	0.00417
5	0.01881	0.07699	0.01535	0.01293	0.01569	0.74782	0.00984	0.02015	0.01427	0.01253	0.00788	0.00919	0.00661	0.00523	0.00454	0.00131	0.00901	0.00327	0.00261	0.00599
6	0.00653	0.00496	0.00602	0.00630	0.00735	0.00444	0.00452	0.00806	0.01198	0.01583	0.28768	0.31426	0.27698	0.01324	0.00623	0.00182	0.00267	0.01163	0.00506	0.00444
7	0.01085	0.01529	0.26764	0.09395	0.03361	0.01128	0.04505	0.01910	0.30109	0.01790	0.03873	0.01850	0.07483	0.00650	0.00519	0.00168	0.00554	0.00549	0.02061	0.00718
8	0.01251	0.01081	0.01136	0.01025	0.01310	0.01245	0.00796	0.02653	0.74988	0.02118	0.02204	0.02027	0.04430	0.00719	0.00525	0.00174	0.00401	0.00599	0.00520	0.00798
9	0.00912	0.00829	0.01271	0.13970	0.20491	0.02980	0.05379	0.01120	0.01080	0.01433	0.03923	0.32471	0.07588	0.03402	0.00642	0.00189	0.00487	0.00912	0.00361	0.00559
10	0.04218	0.02565	0.74921	0.01464	0.03592	0.01191	0.01839	0.01620	0.01077	0.01651	0.00914	0.01077	0.00649	0.00487	0.00481	0.00162	0.00742	0.00377	0.00221	0.00752
11	0.44714	0.08801	0.02927	0.11476	0.03172	0.15181	0.00844	0.03713	0.02100	0.01881	0.00797	0.00960	0.00631	0.00494	0.00386	0.00151	0.00560	0.00326	0.00292	0.00596
12	0.01482	0.06071	0.06865	0.05731	0.09647	0.20507	0.06547	0.03941	0.04130	0.13832	0.01508	0.09665	0.04742	0.00686	0.00539	0.00158	0.02349	0.00567	0.00362	0.00672
13	0.01224	0.07562	0.03099	0.26282	0.12492	0.04258	0.07138	0.08625	0.08869	0.03229	0.02845	0.04423	0.01110	0.00610	0.00513	0.00163	0.00600	0.03326	0.02963	0.00668
14	0.00742	0.00529	0.00727	0.00743	0.00810	0.00576	0.00546	0.00878	0.00865	0.01216	0.03588	0.08388	0.01798	0.23498	0.44228	0.00616	0.00944	0.06205	0.02684	0.00419
15	0.01033	0.00564	0.00572	0.00545	0.00689	0.00580	0.00415	0.06243	0.03889	0.02008	0.01659	0.01868	0.01295	0.00602	0.00375	0.00124	0.00266	0.00481	0.76275	0.00516
16	0.00661	0.00504	0.00607	0.00620	0.00736	0.00450	0.00450	0.00827	0.01240	0.01645	0.34915	0.23566	0.29374	0.01273	0.00618	0.00177	0.00262	0.01112	0.00513	0.00450
17	0.01045	0.02036	0.48953	0.07115	0.05103	0.01183	0.12265	0.01523	0.01079	0.01565	0.01051	0.04090	0.00856	0.00583	0.00608	0.00173	0.06641	0.03185	0.00244	0.00701
18	0.00657	0.00471	0.00627	0.00713	0.00767	0.00440	0.00498	0.00786	0.01090	0.01476	0.18369	0.61386	0.03666	0.01482	0.00648	0.00200	0.00296	0.05499	0.00494	0.00434
19	0.10105	0.01318	0.01318	0.01077	0.01428	0.05184	0.00869	0.42824	0.23176	0.02702	0.01411	0.01389	0.01038	0.00620	0.00489	0.00158	0.00511	0.00471	0.03115	0.00798
20	0.01449	0.05147	0.14781	0.03877	0.01494	0.00995	0.00943	0.14603	0.01397	0.18942	0.04552	0.03159	0.03546	0.02316	0.00522	0.00147	0.00498	0.00481	0.02173	0.18980
21	0.01541	0.01255	0.08007	0.04840	0.01792	0.04247	0.19013	0.15366	0.02865	0.21105	0.01586	0.07728	0.02587	0.02716	0.00603	0.00176	0.00607	0.02814	0.00427	0.00726
22	0.85592	0.00992	0.00754	0.00675	0.00992	0.01151	0.00556	0.01508	0.00873	0.02302	0.00714	0.00834	0.00556	0.00476	0.00318	0.00159	0.00397	0.00278	0.00318	0.00556
23	0.00720	0.00482	0.00573	0.00604	0.00612	0.00475	0.00359	0.00735	0.00804	0.01073	0.01903	0.23575	0.02224	0.58029	0.02081	0.03704	0.00444	0.00919	0.00350	0.00335
24	0.02879	0.01036	0.01724	0.53858	0.10670	0.01193	0.09628	0.06641	0.03021	0.02991	0.00998	0.01360	0.00750	0.00512	0.00519	0.00168	0.00671	0.00473	0.00270	0.00640
25	0.00693	0.00530	0.00637	0.00624	0.00756	0.00481	0.00462	0.00915	0.03214	0.01778	0.46473	0.11915	0.27294	0.01173	0.00608	0.00170	0.00257	0.01020	0.00528	0.00470
26	0.00886	0.00611	0.00767	0.00696	0.00851	0.00587	0.00531	0.06084	0.03448	0.05000	0.66525	0.03483	0.04268	0.00984	0.00587	0.00160	0.00275	0.00861	0.02865	0.00532
27	0.69436	0.01064	0.00897	0.00766	0.01101	0.01214	0.00631	0.14172	0.01146	0.04454	0.00835	0.00924	0.00627	0.00504	0.00355	0.00158	0.00426	0.00315	0.00359	0.00617
28	0.06864	0.01335	0.03608	0.07804	0.08265	0.19778	0.00981	0.11581	0.01254	0.01633	0.01096	0.02428	0.00956	0.01451	0.21187	0.00332	0.06017	0.02517	0.00304	0.00608
29	0.03264	0.08156	0.17667	0.05830	0.05654	0.03088	0.07205	0.04837	0.08693	0.17674	0.09112	0.01713	0.03624	0.00615	0.00507	0.00158	0.00559	0.00520	0.00396	0.00724
30	0.00874	0.00738	0.00911	0.00853	0.00915	0.03848	0.00630	0.00972	0.00844	0.01176	0.01404	0.10241	0.01507	0.28599	0.22029	0.00457	0.17958	0.00663	0.00298	0.05083
31	0.07016	0.62029	0.02331	0.00947	0.01346	0.16506	0.00878	0.01630	0.01108	0.01288	0.00728	0.00843	0.00652	0.00458	0.00353	0.00117	0.00609	0.00285	0.00234	0.00640
32	0.01352	0.10629	0.04418	0.01395	0.09646	0.05945	0.11041	0.11549	0.16080	0.03803	0.02934	0.01568	0.01120	0.03138	0.00637	0.00169	0.05806	0.01725	0.06340	0.00705
33	0.00963	0.03823	0.06142	0.03884	0.07179	0.04710	0.00765	0.01389	0.13828	0.02513	0.19446	0.05874	0.20180	0.02963	0.00602	0.00172	0.00409	0.01507	0.03069	0.00582
34	0.01482	0.37776	0.14354	0.01077	0.01530	0.08159	0.01053	0.14241	0.09676	0.04613	0.01037	0.01094	0.00814	0.00519	0.00424	0.00136	0.00596	0.00369	0.00320	0.00729
35	0.01164	0.14523	0.28740	0.04170	0.03516	0.10094	0.02698	0.01507	0.02728	0.04467	0.03074	0.10054	0.05654	0.03213	0.00557	0.00165	0.00616	0.00554	0.00302	0.02205

[dist]
# distance from previous block
# <min> <max>
1	20

[block]
# block no. 2 follows, 48 sequences, length 35
# corresponding to MSA columns:
# 271-305
name=unknown_C
#
# <colnr> <probs for GDERKNQSTAVLIFYWHMCP>
#	G	D	E	R	K	N	Q	S	T	A	V	L	I	F	Y	W	H	M	C	P
0	0.01141	0.08088	0.16958	0.13595	0.03358	0.01162	0.09924	0.05959	0.11024	0.01732	0.05342	0.01554	0.01122	0.00558	0.00495	0.00150	0.00586	0.02836	0.00321	0.14095
1	0.00957	0.00758	0.00973	0.05724	0.01129	0.03330	0.00714	0.03063	0.03803	0.04372	0.06420	0.02194	0.04440	0.13451	0.31677	0.00473	0.12526	0.00591	0.02901	0.00504
2	0.00808	0.00635	0.00867	0.00826	0.00869	0.00759	0.00612	0.00914	0.00790	0.01130	0.01333	0.02324	0.01377	0.30659	0.38764	0.00602	0.15427	0.00600	0.00278	0.00425
3	0.01045	0.06327	0.75775	0.01436	0.02179	0.01230	0.01849	0.01621	0.01081	0.01606	0.00911	0.01071	0.00650	0.00485	0.00480	0.00160	0.00749	0.00374	0.00217	0.00754
4	0.01276	0.01102	0.01160	0.01044	0.01334	0.01276	0.00812	0.02727	0.77840	0.02146	0.02088	0.01914	0.01566	0.00696	0.00522	0.00174	0.00406	0.00580	0.00522	0.00812
5	0.00895	0.00744	0.00869	0.00691	0.01011	0.00587	0.00538	0.01102	0.01157	0.01681	0.17108	0.05414	0.16252	0.00731	0.00477	0.00116	0.00327	0.00617	0.00394	0.49287
6	0.00822	0.00693	0.00872	0.00862	0.00967	0.06615	0.00668	0.01002	0.00872	0.01196	0.01331	0.01934	0.01236	0.03598	0.73945	0.00772	0.01341	0.00533	0.00274	0.00468
7	0.05664	0.01205	0.01375	0.01058	0.01459	0.01257	0.00874	0.45697	0.01991	0.31821	0.01509	0.01409	0.01009	0.00617	0.00506	0.00156	0.00509	0.00474	0.00551	0.00859
8	0.00629	0.00448	0.00594	0.00709	0.00738	0.00419	0.00471	0.00716	0.00974	0.01299	0.02787	0.78996	0.03342	0.04315	0.00721	0.00218	0.00304	0.01435	0.00471	0.00413
9	0.00625	0.00447	0.00595	0.00714	0.00744	0.00417	0.00476	0.00714	0.00982	0.01310	0.02828	0.81633	0.03394	0.01608	0.00655	0.00208	0.00298	0.01459	0.00476	0.00417
10	0.01640	0.40440	0.04183	0.01080	0.01476	0.22319	0.00958	0.19184	0.01469	0.01701	0.00860	0.00952	0.00709	0.00505	0.00411	0.00127	0.00657	0.00335	0.00299	0.00694
11	0.04777	0.06301	0.05137	0.01329	0.09016	0.06484	0.04019	0.28689	0.09322	0.05201	0.04139	0.01454	0.01086	0.03674	0.02679	0.00187	0.04883	0.00480	0.00401	0.00742
12	0.00669	0.00521	0.00636	0.03702	0.00838	0.00482	0.00482	0.00828	0.01177	0.01539	0.25444	0.20576	0.32528	0.04330	0.03716	0.00214	0.00330	0.01061	0.00479	0.00446
13	0.01906	0.01395	0.01493	0.01149	0.01547	0.01542	0.00948	0.73696	0.02353	0.03175	0.01251	0.01262	0.00892	0.00615	0.00506	0.00152	0.00550	0.00463	0.04247	0.00855
14	0.01167	0.01095	0.08855	0.00901	0.01360	0.00785	0.03175	0.04745	0.01154	0.07061	0.01107	0.05320	0.00927	0.00484	0.00427	0.00104	0.00441	0.00403	0.00335	0.60155
15	0.12476	0.02322	0.01474	0.04254	0.13575	0.02751	0.06776	0.21438	0.01491	0.14868	0.01427	0.09170	0.01196	0.00683	0.00513	0.00165	0.00534	0.03737	0.00423	0.00728
16	0.00736	0.00538	0.00764	0.00764	0.00835	0.00608	0.00566	0.00877	0.00807	0.01146	0.01430	0.02323	0.01416	0.21728	0.62237	0.00750	0.01174	0.00595	0.00283	0.00424
17	0.01079	0.00980	0.01521	0.50707	0.07019	0.03729	0.05921	0.03168	0.04703	0.03899	0.10936	0.01697	0.01291	0.00589	0.00529	0.00167	0.00620	0.00529	0.00308	0.00608
18	0.01273	0.03782	0.37130	0.04378	0.03164	0.20963	0.10452	0.01727	0.04961	0.01527	0.01127	0.03026	0.03121	0.00550	0.00502	0.00157	0.00761	0.00451	0.00263	0.00686
19	0.01796	0.01143	0.01301	0.01038	0.01390	0.01208	0.00846	0.42040	0.08719	0.20716	0.08077	0.04697	0.01501	0.00719	0.00532	0.00161	0.00482	0.02280	0.00545	0.00809
20	0.00749	0.00501	0.00570	0.00575	0.00579	0.00501	0.00331	0.00758	0.00763	0.01016	0.01659	0.03452	0.01908	0.78845	0.02538	0.00487	0.00496	0.03637	0.00317	0.00317
21	0.72197	0.01030	0.00859	0.00740	0.01072	0.01172	0.00610	0.09203	0.01064	0.06953	0.00844	0.00928	0.00630	0.00500	0.00349	0.00158	0.00416	0.00311	0.00356	0.00607
22	0.04346	0.08014	0.06374	0.01435	0.03725	0.44030	0.13019	0.05211	0.01364	0.04467	0.00899	0.01056	0.00712	0.00518	0.00509	0.00144	0.02850	0.00390	0.00283	0.00651
23	0.01821	0.01240	0.10176	0.01143	0.01558	0.01069	0.06996	0.19978	0.04650	0.36614	0.01647	0.06076	0.01184	0.00663	0.00557	0.00164	0.02600	0.00550	0.00505	0.00809
24	0.00649	0.00478	0.00652	0.05327	0.00905	0.00461	0.00530	0.00759	0.01006	0.01340	0.05647	0.72726	0.04569	0.01518	0.00644	0.00204	0.00317	0.01374	0.00465	0.00428
25	0.01053	0.05393	0.02867	0.00755	0.00951	0.00692	0.00604	0.06620	0.01250	0.12344	0.10828	0.21163	0.16639	0.05591	0.00684	0.00192	0.00370	0.06221	0.05235	0.00547
26	0.03282	0.03873	0.09096	0.07872	0.10570	0.08944	0.15540	0.08066	0.03097	0.12472	0.03321	0.01584	0.01057	0.05316	0.02243	0.00192	0.00667	0.01764	0.00348	0.00696
27	0.01266	0.01245	0.06427	0.17930	0.48985	0.01200	0.05752	0.04497	0.01200	0.05091	0.01014	0.01304	0.00799	0.00482	0.00514	0.00158	0.00638	0.00464	0.00274	0.00761
28	0.00702	0.00504	0.00650	0.00741	0.00793	0.00485	0.00505	0.05121	0.01065	0.01421	0.02736	0.76992	0.03248	0.01550	0.00647	0.00205	0.00313	0.01401	0.00478	0.00443
29	0.03311	0.01786	0.23943	0.02961	0.04677	0.12937	0.11364	0.15287	0.07741	0.01890	0.01234	0.08276	0.01030	0.00624	0.00519	0.00163	0.00678	0.00531	0.00335	0.00714
30	0.01576	0.03951	0.10967	0.07502	0.12073	0.08523	0.09192	0.07760	0.03686	0.22528	0.01389	0.03088	0.01052	0.00599	0.00521	0.00161	0.00620	0.03670	0.00392	0.00749
31	0.00664	0.00486	0.00664	0.05334	0.00914	0.00473	0.00541	0.00779	0.01009	0.01346	0.06492	0.66579	0.03232	0.04576	0.00721	0.00216	0.00333	0.04753	0.00460	0.00428
32	0.03202	0.06077	0.07240	0.02160	0.29246	0.03721	0.23540	0.08885	0.01281	0.04222	0.01003	0.01250	0.00786	0.00496	0.00578	0.00160	0.04637	0.00479	0.00289	0.00748
33	0.05193	0.08770	0.10119	0.10700	0.08722	0.09156	0.25717	0.08110	0.01262	0.03374	0.00993	0.01274	0.00776	0.02934	0.00573	0.00167	0.00721	0.00470	0.00282	0.00684
34	0.01309	0.13900	0.15483	0.01388	0.05300	0.11745	0.13728	0.09113	0.08232	0.01696	0.01358	0.05619	0.03428	0.00640	0.00511	0.00159	0.00654	0.04726	0.00325	0.00686

[dist]
# distance from previous block
# <min> <max>
0	103

# created by:
# /home/cegg/simao/soft/augustus-3.2.1/scripts/msa2prfl.pl ./align_prep/EOG091G15HV.fa
