[name]
unknown

[dist]
# distance from previous block
# <min> <max>
0	45

[block]
# block no. 0 follows, 54 sequences, length 6
# corresponding to MSA columns:
# 53-58
name=unknown_A
#
# <colnr> <probs for GDERKNQSTAVLIFYWHMCP>
#	G	D	E	R	K	N	Q	S	T	A	V	L	I	F	Y	W	H	M	C	P
0	0.09744	0.02862	0.01557	0.07026	0.38616	0.03384	0.02982	0.08841	0.05285	0.04741	0.00970	0.01167	0.00772	0.00546	0.02658	0.00156	0.02230	0.00402	0.00289	0.05771
1	0.01141	0.01147	0.04598	0.18448	0.50748	0.03931	0.01344	0.04790	0.01090	0.01508	0.00871	0.01155	0.00710	0.00450	0.00495	0.00143	0.03124	0.00408	0.00239	0.03661
2	0.14638	0.01249	0.01323	0.08054	0.16569	0.15759	0.00940	0.16934	0.01348	0.17184	0.01056	0.01133	0.00768	0.00499	0.00435	0.00140	0.00550	0.00385	0.00357	0.00677
3	0.00884	0.00804	0.01264	0.08417	0.06818	0.04054	0.13445	0.01060	0.00867	0.01185	0.01099	0.03848	0.01030	0.09788	0.29105	0.06346	0.06683	0.00514	0.00247	0.02543
4	0.00704	0.00507	0.00722	0.06310	0.00897	0.00569	0.00538	0.00804	0.00738	0.01029	0.01260	0.02126	0.01263	0.25785	0.47014	0.07643	0.00921	0.00542	0.00255	0.00372
5	0.09317	0.00890	0.01079	0.05652	0.05915	0.07643	0.05788	0.01430	0.06291	0.14180	0.12842	0.03685	0.06225	0.04464	0.00661	0.03079	0.04448	0.02145	0.03710	0.00555

[dist]
# distance from previous block
# <min> <max>
1	33

[block]
# block no. 1 follows, 54 sequences, length 18
# corresponding to MSA columns:
# 100-117
name=unknown_B
#
# <colnr> <probs for GDERKNQSTAVLIFYWHMCP>
#	G	D	E	R	K	N	Q	S	T	A	V	L	I	F	Y	W	H	M	C	P
0	0.10335	0.05390	0.02378	0.09906	0.13730	0.06579	0.03810	0.06784	0.01115	0.13598	0.01300	0.07835	0.03274	0.03348	0.02520	0.02611	0.00511	0.00498	0.03882	0.00594
1	0.05381	0.11282	0.18018	0.07401	0.10331	0.05145	0.04384	0.05848	0.01864	0.07583	0.01072	0.07112	0.00903	0.00648	0.03563	0.00161	0.00572	0.00442	0.01191	0.07098
2	0.12101	0.04457	0.04845	0.19826	0.13504	0.07521	0.04413	0.03874	0.00986	0.01411	0.01026	0.05900	0.00947	0.09805	0.03830	0.01451	0.01749	0.01554	0.00261	0.00539
3	0.06200	0.01161	0.13279	0.03165	0.07325	0.05067	0.08122	0.06320	0.05127	0.03309	0.03320	0.02000	0.02542	0.08471	0.04959	0.00221	0.07060	0.10088	0.01697	0.00568
4	0.00596	0.00425	0.00556	0.00646	0.00682	0.00399	0.00437	0.00686	0.00924	0.01233	0.07412	0.67013	0.04819	0.07905	0.00742	0.00210	0.00290	0.04212	0.00431	0.00381
5	0.07899	0.09279	0.30572	0.04426	0.07182	0.01138	0.08159	0.09402	0.02541	0.01701	0.08924	0.01303	0.01054	0.00514	0.00465	0.00144	0.02027	0.00424	0.02205	0.00642
6	0.01124	0.00818	0.01116	0.00877	0.01190	0.00734	0.08520	0.08468	0.02995	0.11962	0.16530	0.02066	0.03855	0.00689	0.02036	0.00140	0.00414	0.06570	0.00399	0.29498
7	0.73594	0.01137	0.08856	0.00725	0.01055	0.05301	0.00656	0.01423	0.00850	0.02002	0.00680	0.00794	0.00524	0.00441	0.00315	0.00145	0.00424	0.00267	0.00280	0.00531
8	0.00956	0.03001	0.01047	0.00919	0.01105	0.00770	0.07742	0.15006	0.01248	0.02750	0.05075	0.19322	0.08349	0.03263	0.00638	0.00188	0.01668	0.26027	0.00416	0.00513
9	0.01088	0.01113	0.02887	0.22078	0.29267	0.04226	0.21123	0.01453	0.05242	0.01451	0.00970	0.01286	0.00770	0.02045	0.00523	0.00155	0.00629	0.00461	0.02596	0.00637
10	0.78154	0.01047	0.00758	0.00680	0.00967	0.09206	0.00551	0.01436	0.00856	0.02018	0.00664	0.00774	0.00520	0.00443	0.00305	0.00143	0.00414	0.00260	0.00287	0.00514
11	0.00813	0.00605	0.00730	0.00772	0.06979	0.00606	0.00480	0.08689	0.00995	0.01320	0.07915	0.03012	0.15319	0.44361	0.04087	0.00332	0.00441	0.01785	0.00345	0.00412
12	0.00620	0.00476	0.00611	0.00673	0.00718	0.00478	0.00472	0.00708	0.00906	0.01197	0.02695	0.57943	0.14284	0.06390	0.00781	0.00205	0.06784	0.03259	0.00410	0.00391
13	0.00825	0.00493	0.00572	0.00553	0.00693	0.00446	0.00414	0.00992	0.01109	0.09762	0.18267	0.14344	0.26130	0.00961	0.00497	0.00148	0.00252	0.00820	0.22264	0.00458
14	0.01248	0.01044	0.01110	0.00957	0.01252	0.01172	0.00753	0.13612	0.62065	0.02085	0.01718	0.01605	0.01287	0.00606	0.00468	0.00150	0.00393	0.00497	0.00463	0.07513
15	0.09114	0.00509	0.00506	0.00492	0.00617	0.00530	0.00370	0.02803	0.00969	0.01737	0.01427	0.01728	0.01159	0.05336	0.04642	0.00167	0.00307	0.00439	0.66701	0.00445
16	0.01647	0.04724	0.04819	0.01282	0.01576	0.65622	0.08825	0.03657	0.01309	0.01246	0.00764	0.00903	0.00622	0.00475	0.00437	0.00126	0.00819	0.00332	0.00245	0.00570
17	0.05116	0.00893	0.00916	0.10196	0.03441	0.12541	0.00719	0.02352	0.08960	0.01354	0.01605	0.03728	0.02994	0.19493	0.02221	0.00242	0.00519	0.19471	0.02764	0.00475

[dist]
# distance from previous block
# <min> <max>
0	2

[block]
# block no. 2 follows, 54 sequences, length 12
# corresponding to MSA columns:
# 121-132
name=unknown_C
#
# <colnr> <probs for GDERKNQSTAVLIFYWHMCP>
#	G	D	E	R	K	N	Q	S	T	A	V	L	I	F	Y	W	H	M	C	P
0	0.01018	0.01915	0.52060	0.01404	0.11301	0.04458	0.02832	0.01425	0.00996	0.03896	0.00954	0.01278	0.00770	0.10172	0.00678	0.00181	0.00640	0.00400	0.00231	0.03392
1	0.01047	0.00975	0.01546	0.23661	0.38009	0.02709	0.03602	0.04023	0.01015	0.01383	0.00965	0.01478	0.00858	0.13259	0.00802	0.00196	0.03162	0.00463	0.00243	0.00603
2	0.07362	0.10550	0.15017	0.08230	0.33783	0.02988	0.05256	0.01421	0.01005	0.02985	0.00861	0.01133	0.00709	0.03105	0.00539	0.00152	0.03621	0.00391	0.00234	0.00655
3	0.02847	0.00633	0.00767	0.00837	0.10395	0.00635	0.00553	0.03502	0.05440	0.11676	0.01492	0.01630	0.01135	0.00541	0.00376	0.00122	0.00303	0.00443	0.56123	0.00551
4	0.00797	0.00650	0.00836	0.00952	0.12049	0.00647	0.00601	0.01153	0.13784	0.01588	0.28964	0.07832	0.16600	0.10572	0.00750	0.00190	0.00328	0.00775	0.00425	0.00506
5	0.02987	0.00915	0.04146	0.26731	0.10375	0.03560	0.03791	0.03224	0.04040	0.12173	0.10863	0.01985	0.11951	0.00641	0.00490	0.00151	0.00488	0.00554	0.00350	0.00585
6	0.01212	0.09643	0.54791	0.01218	0.01795	0.10544	0.01432	0.01629	0.01075	0.11037	0.00938	0.01031	0.00668	0.00465	0.00435	0.00141	0.00661	0.00350	0.00251	0.00684
7	0.01618	0.00728	0.00913	0.00743	0.01024	0.00673	0.00602	0.06651	0.04006	0.46959	0.05413	0.01968	0.06901	0.00650	0.00458	0.00141	0.00353	0.01893	0.17630	0.00677
8	0.00754	0.00569	0.00842	0.00961	0.10446	0.00625	0.00644	0.00934	0.00831	0.01226	0.01379	0.01897	0.03878	0.05729	0.56440	0.00575	0.00990	0.00511	0.10313	0.00457
9	0.01533	0.03371	0.04326	0.05199	0.06319	0.32126	0.04271	0.12904	0.01330	0.12175	0.01032	0.01175	0.00794	0.00869	0.10286	0.00210	0.00747	0.00393	0.00318	0.00625
10	0.00654	0.00518	0.00705	0.00872	0.10030	0.00482	0.00540	0.00787	0.01022	0.01358	0.14154	0.45524	0.19146	0.01219	0.00570	0.00172	0.00292	0.01089	0.00426	0.00438
11	0.00589	0.00426	0.00534	0.00613	0.00653	0.00396	0.00405	0.00663	0.00891	0.01169	0.02695	0.61539	0.12266	0.13785	0.00867	0.00228	0.00297	0.01200	0.00415	0.00370

[dist]
# distance from previous block
# <min> <max>
0	1

[block]
# block no. 3 follows, 54 sequences, length 9
# corresponding to MSA columns:
# 134-142
name=unknown_D
#
# <colnr> <probs for GDERKNQSTAVLIFYWHMCP>
#	G	D	E	R	K	N	Q	S	T	A	V	L	I	F	Y	W	H	M	C	P
0	0.01027	0.04193	0.56392	0.01335	0.03389	0.01144	0.06049	0.07796	0.01078	0.01566	0.00938	0.04928	0.00746	0.00531	0.00543	0.00154	0.06866	0.00418	0.00236	0.00672
1	0.00731	0.00547	0.00748	0.06382	0.00926	0.00616	0.00556	0.02846	0.00809	0.01129	0.01445	0.02236	0.04890	0.25353	0.43395	0.00554	0.03017	0.00566	0.02852	0.00402
2	0.11945	0.00970	0.06562	0.00833	0.01157	0.04439	0.00720	0.07466	0.01257	0.41323	0.05514	0.01518	0.01169	0.00738	0.05108	0.00177	0.00472	0.00446	0.07509	0.00678
3	0.05215	0.48341	0.17045	0.01058	0.01517	0.01573	0.09965	0.07815	0.01079	0.01428	0.00765	0.00892	0.00628	0.00426	0.00372	0.00122	0.00569	0.00320	0.00232	0.00638
4	0.07056	0.08835	0.19549	0.05298	0.14017	0.02673	0.09041	0.04635	0.10540	0.01619	0.05474	0.02751	0.04315	0.00540	0.00455	0.00146	0.00540	0.00465	0.01411	0.00642
5	0.00842	0.00707	0.01019	0.07792	0.11449	0.00722	0.05200	0.05548	0.07780	0.01435	0.02180	0.32935	0.10880	0.05250	0.00643	0.00186	0.00405	0.04138	0.00378	0.00511
6	0.00888	0.00916	0.07824	0.00926	0.01094	0.07389	0.05226	0.04728	0.00931	0.01269	0.01286	0.11037	0.01252	0.07163	0.35758	0.01689	0.06491	0.00572	0.03084	0.00477
7	0.35953	0.05865	0.01084	0.00828	0.01137	0.09355	0.02123	0.16804	0.01253	0.08387	0.08186	0.01187	0.01011	0.00521	0.00388	0.00137	0.00450	0.00373	0.00360	0.04598
8	0.07131	0.12107	0.10447	0.00896	0.03570	0.03883	0.00782	0.08241	0.01162	0.08300	0.11189	0.08356	0.01393	0.00595	0.00426	0.00126	0.00433	0.00480	0.00345	0.20138

[dist]
# distance from previous block
# <min> <max>
1	77

[block]
# block no. 4 follows, 54 sequences, length 16
# corresponding to MSA columns:
# 221-236
name=unknown_E
#
# <colnr> <probs for GDERKNQSTAVLIFYWHMCP>
#	G	D	E	R	K	N	Q	S	T	A	V	L	I	F	Y	W	H	M	C	P
0	0.04435	0.21546	0.35024	0.01202	0.05749	0.04951	0.04036	0.03599	0.04999	0.04842	0.04711	0.01130	0.00865	0.00479	0.00419	0.00136	0.00585	0.00372	0.00261	0.00659
1	0.03383	0.27131	0.23897	0.01155	0.06098	0.03131	0.06335	0.03895	0.04870	0.05421	0.04269	0.03297	0.04149	0.00526	0.00423	0.00135	0.00546	0.00422	0.00278	0.00640
2	0.01265	0.71884	0.09031	0.00873	0.01295	0.04270	0.00892	0.03721	0.01010	0.01198	0.00688	0.00791	0.00610	0.00415	0.00324	0.00107	0.00532	0.00267	0.00211	0.00617
3	0.00793	0.00542	0.00627	0.00594	0.00757	0.00486	0.00447	0.00996	0.05050	0.09723	0.18893	0.11359	0.39103	0.04218	0.00616	0.00169	0.00277	0.02431	0.00462	0.02455
4	0.05296	0.07947	0.50123	0.01175	0.01730	0.01159	0.01368	0.12424	0.03591	0.05890	0.01019	0.01224	0.00768	0.00510	0.00444	0.00148	0.00605	0.03607	0.00281	0.00692
5	0.01466	0.28199	0.07920	0.01048	0.08407	0.01187	0.00870	0.04549	0.06257	0.26656	0.06380	0.01359	0.01119	0.00526	0.00418	0.00131	0.00460	0.00412	0.01946	0.00691
6	0.01537	0.09353	0.13624	0.01064	0.01469	0.00959	0.11300	0.06626	0.01257	0.36558	0.05379	0.04222	0.01211	0.00587	0.00477	0.00147	0.00504	0.02599	0.00422	0.00703
7	0.00672	0.00441	0.00588	0.00665	0.00718	0.00410	0.00458	0.00771	0.00956	0.05522	0.07733	0.69112	0.03057	0.03357	0.00637	0.00193	0.00286	0.03568	0.00447	0.00409
8	0.01427	0.04821	0.10745	0.01781	0.28704	0.08859	0.09762	0.05638	0.03908	0.18064	0.01115	0.01221	0.00821	0.00475	0.00466	0.00142	0.00586	0.00424	0.00323	0.00718
9	0.01252	0.02920	0.01651	0.06715	0.52376	0.07357	0.01217	0.01495	0.01091	0.08885	0.01040	0.04178	0.00868	0.00498	0.00490	0.00142	0.02799	0.00446	0.03893	0.00688
10	0.00971	0.05297	0.64245	0.01323	0.01932	0.01111	0.07847	0.01456	0.00993	0.01480	0.00876	0.01051	0.00641	0.00462	0.00487	0.00148	0.03832	0.00369	0.04810	0.00668
11	0.00732	0.00509	0.00652	0.04988	0.00862	0.00473	0.00495	0.00902	0.01151	0.06828	0.32800	0.20036	0.22999	0.01088	0.00559	0.00163	0.00278	0.03572	0.00466	0.00448
12	0.05079	0.21392	0.18170	0.01247	0.08918	0.10734	0.05126	0.08589	0.02269	0.11823	0.00979	0.01093	0.00745	0.00477	0.00419	0.00134	0.00585	0.01253	0.00295	0.00671
13	0.01408	0.09370	0.14855	0.01224	0.03993	0.09016	0.13250	0.10848	0.01265	0.18246	0.02501	0.01468	0.00973	0.00690	0.04526	0.00176	0.00628	0.04552	0.00345	0.00668
14	0.00729	0.00496	0.00623	0.00666	0.00764	0.00469	0.00482	0.00906	0.05128	0.06900	0.04801	0.48133	0.17664	0.01372	0.03705	0.00203	0.00328	0.05746	0.00445	0.00441
15	0.01161	0.01115	0.01929	0.11534	0.49232	0.01140	0.14684	0.06840	0.03273	0.01601	0.00945	0.01221	0.00758	0.00493	0.01902	0.00157	0.00613	0.00448	0.00255	0.00701

[dist]
# distance from previous block
# <min> <max>
1	8

[block]
# block no. 5 follows, 54 sequences, length 22
# corresponding to MSA columns:
# 245-266
name=unknown_F
#
# <colnr> <probs for GDERKNQSTAVLIFYWHMCP>
#	G	D	E	R	K	N	Q	S	T	A	V	L	I	F	Y	W	H	M	C	P
0	0.02979	0.02301	0.03677	0.11775	0.22762	0.05612	0.04601	0.07908	0.05131	0.03398	0.04051	0.06975	0.01089	0.00720	0.03027	0.05421	0.00539	0.00494	0.02462	0.05079
1	0.01020	0.01224	0.16617	0.02410	0.16022	0.00969	0.12959	0.05747	0.02870	0.02616	0.03791	0.11718	0.02739	0.02458	0.00603	0.00157	0.06061	0.00564	0.00295	0.09159
2	0.01058	0.01035	0.01498	0.45450	0.20174	0.08583	0.03612	0.03681	0.01052	0.01347	0.00940	0.01402	0.00776	0.02776	0.00526	0.00159	0.00618	0.03237	0.01499	0.00577
3	0.00916	0.00919	0.03756	0.64830	0.07255	0.03914	0.01243	0.01211	0.00953	0.01224	0.00921	0.03942	0.00748	0.00688	0.05424	0.00192	0.00662	0.00448	0.00222	0.00531
4	0.00686	0.00457	0.00514	0.00514	0.00514	0.00457	0.00286	0.00686	0.00686	0.00914	0.01486	0.03086	0.01714	0.83430	0.02400	0.00457	0.00457	0.00686	0.00286	0.00286
5	0.01116	0.01217	0.02509	0.04545	0.07756	0.01172	0.63363	0.02975	0.05894	0.01552	0.01036	0.02731	0.00803	0.00438	0.00542	0.00158	0.00733	0.00553	0.00260	0.00645
6	0.03431	0.01012	0.01208	0.03093	0.06741	0.08210	0.04792	0.18794	0.01462	0.21251	0.20004	0.01819	0.01733	0.00741	0.03420	0.00166	0.00493	0.00533	0.00442	0.00654
7	0.00704	0.00519	0.00656	0.00646	0.00761	0.00495	0.00490	0.03416	0.03515	0.01728	0.50052	0.15657	0.10127	0.01070	0.00567	0.00162	0.00266	0.08228	0.00489	0.00451
8	0.01161	0.28793	0.30588	0.03764	0.05087	0.05242	0.01180	0.06816	0.02909	0.02416	0.00905	0.01108	0.00732	0.00561	0.02745	0.00150	0.00607	0.02185	0.02406	0.00645
9	0.01415	0.01162	0.01201	0.01013	0.01319	0.03708	0.00806	0.30201	0.49188	0.02310	0.01598	0.01504	0.01183	0.00608	0.00475	0.00152	0.00440	0.00487	0.00470	0.00760
10	0.61601	0.01129	0.06452	0.04885	0.09668	0.06676	0.00762	0.01426	0.00889	0.01900	0.00708	0.00854	0.00554	0.00441	0.00339	0.00144	0.00455	0.00291	0.00272	0.00552
11	0.01379	0.00695	0.00887	0.00748	0.00994	0.00649	0.00592	0.01722	0.11656	0.37458	0.28708	0.04237	0.06679	0.00773	0.00510	0.00150	0.00325	0.00658	0.00537	0.00642
12	0.01473	0.02801	0.01571	0.03203	0.35020	0.28729	0.01116	0.06537	0.06621	0.06992	0.00981	0.01122	0.00775	0.00479	0.00452	0.00135	0.00634	0.00389	0.00292	0.00679
13	0.12209	0.04402	0.01292	0.01126	0.01383	0.66716	0.00858	0.04327	0.01288	0.01330	0.00731	0.00846	0.00602	0.00480	0.00407	0.00125	0.00770	0.00300	0.00255	0.00552
14	0.00849	0.00640	0.00617	0.00597	0.00718	0.08521	0.00446	0.01044	0.01153	0.01671	0.31886	0.04990	0.07326	0.03114	0.00514	0.00144	0.00298	0.02549	0.32478	0.00444
15	0.00619	0.00470	0.00553	0.00556	0.00666	0.00428	0.00404	0.00764	0.01087	0.01439	0.27953	0.13785	0.34022	0.06964	0.05629	0.00216	0.00315	0.00927	0.02797	0.00406
16	0.00686	0.00457	0.00514	0.00514	0.00514	0.00457	0.00286	0.00686	0.00686	0.00914	0.01486	0.03086	0.01714	0.83430	0.02400	0.00457	0.00457	0.00686	0.00286	0.00286
17	0.00576	0.00479	0.00504	0.00506	0.00657	0.00408	0.00383	0.00708	0.01097	0.01338	0.12008	0.05907	0.68686	0.01181	0.00561	0.00161	0.00245	0.03748	0.00446	0.00404
18	0.01105	0.01102	0.06529	0.34518	0.28963	0.01109	0.07272	0.06760	0.03266	0.03468	0.00939	0.01226	0.00721	0.00461	0.00475	0.00150	0.00602	0.00431	0.00254	0.00650
19	0.01244	0.01022	0.01078	0.00946	0.01219	0.01170	0.00742	0.13434	0.63675	0.02103	0.01782	0.01669	0.01333	0.00624	0.00469	0.00154	0.00385	0.00512	0.05703	0.00736
20	0.01209	0.03190	0.03097	0.01119	0.04019	0.08042	0.06954	0.05180	0.44185	0.04116	0.01621	0.08903	0.01330	0.00669	0.00532	0.00158	0.04033	0.00562	0.00406	0.00677
21	0.11214	0.00748	0.00768	0.00827	0.05683	0.08317	0.00564	0.03307	0.01071	0.01506	0.16128	0.31172	0.11586	0.03097	0.00581	0.00170	0.01535	0.00869	0.00397	0.00461

[dist]
# distance from previous block
# <min> <max>
0	1

[block]
# block no. 6 follows, 54 sequences, length 16
# corresponding to MSA columns:
# 268-282,291
name=unknown_G
#
# <colnr> <probs for GDERKNQSTAVLIFYWHMCP>
#	G	D	E	R	K	N	Q	S	T	A	V	L	I	F	Y	W	H	M	C	P
0	0.02808	0.03598	0.30498	0.01063	0.04088	0.02531	0.03289	0.03913	0.02621	0.09680	0.07113	0.05803	0.07294	0.00601	0.00458	0.00138	0.00501	0.00499	0.00324	0.13180
1	0.01301	0.44311	0.19678	0.01086	0.04260	0.15710	0.01060	0.05281	0.01098	0.01308	0.00742	0.00859	0.00618	0.00436	0.00371	0.00119	0.00611	0.00297	0.00223	0.00630
2	0.00986	0.00836	0.00980	0.00712	0.01114	0.00650	0.00569	0.03328	0.01002	0.01556	0.00866	0.01022	0.00723	0.00502	0.04091	0.00103	0.00396	0.00294	0.00283	0.79985
3	0.03348	0.10848	0.12018	0.04689	0.03914	0.04057	0.00849	0.10097	0.05504	0.06054	0.20070	0.07739	0.01836	0.00747	0.02133	0.00157	0.02131	0.00564	0.02655	0.00590
4	0.03696	0.01641	0.30538	0.03749	0.18194	0.07757	0.10287	0.01621	0.03377	0.11402	0.01045	0.02797	0.00787	0.00483	0.00466	0.00147	0.00626	0.00424	0.00278	0.00686
5	0.00589	0.00432	0.00555	0.00640	0.00696	0.00398	0.00446	0.00692	0.00964	0.01268	0.07781	0.62871	0.13752	0.01396	0.00596	0.00186	0.00275	0.05629	0.00443	0.00392
6	0.03796	0.00658	0.00800	0.00720	0.00914	0.00649	0.00566	0.03964	0.12122	0.17034	0.34067	0.05658	0.05731	0.00850	0.00517	0.00155	0.00310	0.06484	0.04442	0.00564
7	0.00994	0.02572	0.13777	0.01159	0.05819	0.03995	0.02500	0.01408	0.14977	0.01402	0.05191	0.04369	0.01231	0.07394	0.05481	0.00227	0.23767	0.02871	0.00297	0.00570
8	0.01261	0.05407	0.01511	0.07005	0.24646	0.01163	0.01052	0.08641	0.02675	0.12236	0.01144	0.03677	0.03123	0.00678	0.02222	0.00171	0.21963	0.00464	0.00310	0.00650
9	0.00565	0.00478	0.00488	0.00486	0.00642	0.00401	0.00364	0.00692	0.01093	0.01317	0.10043	0.04467	0.75004	0.01178	0.00557	0.00158	0.00238	0.00985	0.00444	0.00401
10	0.00627	0.00452	0.00564	0.00612	0.00669	0.00429	0.00423	0.00727	0.00941	0.01248	0.12680	0.35462	0.13008	0.20262	0.03667	0.00263	0.00349	0.06833	0.00407	0.00376
11	0.01379	0.05386	0.11839	0.04358	0.20783	0.09439	0.08926	0.23131	0.02996	0.03471	0.00961	0.01114	0.00734	0.00489	0.00494	0.00143	0.02937	0.00409	0.00306	0.00705
12	0.01242	0.60871	0.13121	0.01010	0.04899	0.04597	0.00977	0.03947	0.01016	0.01244	0.00709	0.00831	0.00617	0.00430	0.00375	0.00114	0.02873	0.00285	0.00213	0.00626
13	0.00651	0.00464	0.00569	0.00614	0.00711	0.00417	0.00445	0.00773	0.01033	0.04358	0.11236	0.40830	0.28184	0.01286	0.00581	0.00177	0.00273	0.06533	0.00451	0.00414
14	0.01055	0.07890	0.12828	0.01155	0.07918	0.04897	0.05482	0.01261	0.00967	0.07993	0.01473	0.07295	0.09007	0.05991	0.05339	0.01428	0.15122	0.00545	0.01799	0.00555
15	0.02807	0.10429	0.17909	0.01253	0.10549	0.05004	0.04277	0.08371	0.12968	0.10811	0.03688	0.05907	0.01102	0.00570	0.00454	0.00144	0.00519	0.00473	0.02088	0.00677

[dist]
# distance from previous block
# <min> <max>
0	1

[block]
# block no. 7 follows, 54 sequences, length 30
# corresponding to MSA columns:
# 293-322
name=unknown_H
#
# <colnr> <probs for GDERKNQSTAVLIFYWHMCP>
#	G	D	E	R	K	N	Q	S	T	A	V	L	I	F	Y	W	H	M	C	P
0	0.07404	0.01078	0.01837	0.16824	0.49062	0.01119	0.11351	0.03000	0.01059	0.01548	0.00875	0.01167	0.00705	0.00431	0.00466	0.00146	0.00588	0.00426	0.00239	0.00676
1	0.01078	0.01082	0.06174	0.01933	0.38828	0.01018	0.08585	0.04962	0.12127	0.01688	0.11625	0.04620	0.03004	0.00582	0.00495	0.00149	0.00501	0.00547	0.00326	0.00676
2	0.01166	0.01096	0.01959	0.11198	0.16469	0.02276	0.32882	0.07190	0.01161	0.05480	0.03893	0.01374	0.00909	0.02700	0.00581	0.00157	0.02836	0.00495	0.02131	0.04048
3	0.01111	0.01044	0.01753	0.17163	0.48583	0.01085	0.07584	0.05206	0.02990	0.01551	0.01075	0.01404	0.02940	0.00484	0.00480	0.00147	0.00567	0.02250	0.01906	0.00677
4	0.03262	0.01064	0.01133	0.00958	0.01251	0.01199	0.00762	0.27046	0.45344	0.03855	0.05479	0.01618	0.01349	0.00624	0.00473	0.00151	0.00409	0.00504	0.02782	0.00737
5	0.00920	0.00869	0.01468	0.73681	0.11628	0.01055	0.01324	0.01231	0.00957	0.01241	0.00843	0.01247	0.00641	0.00466	0.00471	0.00155	0.00621	0.00419	0.00212	0.00548
6	0.00838	0.00681	0.00728	0.00718	0.02452	0.08035	0.00482	0.00926	0.00878	0.02670	0.12483	0.02556	0.01823	0.42718	0.14183	0.00398	0.04396	0.00618	0.02031	0.00387
7	0.00723	0.00492	0.00590	0.00613	0.00728	0.00454	0.00453	0.00902	0.03743	0.05653	0.12223	0.31203	0.25413	0.01166	0.00553	0.00168	0.00274	0.06414	0.07796	0.00438
8	0.00690	0.00579	0.00825	0.00828	0.00923	0.03265	0.08458	0.00823	0.00961	0.01255	0.02409	0.59148	0.05649	0.01352	0.02458	0.00200	0.00384	0.08964	0.00406	0.00421
9	0.00907	0.00855	0.01444	0.77601	0.07815	0.01052	0.01318	0.01219	0.00951	0.01225	0.00841	0.01252	0.00636	0.00468	0.00471	0.00156	0.00624	0.00419	0.00211	0.00537
10	0.00660	0.00471	0.00632	0.00723	0.00788	0.00455	0.00553	0.00798	0.00986	0.01302	0.06487	0.40827	0.04642	0.07175	0.00745	0.00218	0.00347	0.31362	0.00430	0.00400
11	0.00633	0.00488	0.00612	0.00703	0.02985	0.00460	0.00482	0.00807	0.04992	0.01312	0.06527	0.50150	0.21121	0.01305	0.00582	0.00180	0.00286	0.05518	0.00438	0.00421
12	0.00978	0.00838	0.00978	0.00698	0.01117	0.00629	0.00559	0.01187	0.00978	0.01536	0.00838	0.00978	0.00698	0.00349	0.00349	0.00070	0.00349	0.00279	0.00279	0.86312
13	0.00655	0.00508	0.00599	0.00571	0.00707	0.00466	0.00430	0.00898	0.05236	0.01679	0.49878	0.03787	0.30798	0.01028	0.00553	0.00153	0.00236	0.00886	0.00489	0.00444
14	0.01110	0.06693	0.23428	0.01067	0.01449	0.01018	0.06360	0.16119	0.05877	0.04347	0.06514	0.11845	0.01466	0.00713	0.00494	0.00155	0.00510	0.07150	0.01205	0.02479
15	0.25929	0.03040	0.00837	0.03533	0.03851	0.00792	0.00577	0.03296	0.03182	0.08233	0.20031	0.06247	0.11060	0.04814	0.00572	0.00166	0.02329	0.00602	0.00393	0.00515
16	0.01081	0.00879	0.00953	0.00855	0.01091	0.00975	0.00664	0.05357	0.53303	0.04063	0.16561	0.02281	0.08423	0.00740	0.00500	0.00157	0.00341	0.00624	0.00486	0.00666
17	0.00911	0.00478	0.00482	0.00471	0.00592	0.00486	0.00356	0.03233	0.03106	0.01796	0.01537	0.01741	0.01204	0.00552	0.00337	0.00112	0.00232	0.00442	0.81474	0.00457
18	0.01077	0.01027	0.01731	0.21455	0.55468	0.01100	0.01363	0.01352	0.01014	0.01425	0.00876	0.01207	0.00728	0.00566	0.03484	0.00170	0.04637	0.00423	0.00227	0.00671
19	0.01999	0.00842	0.01105	0.00850	0.01208	0.00757	0.00700	0.09671	0.01423	0.68140	0.04624	0.01611	0.01238	0.00589	0.00473	0.00143	0.00405	0.00478	0.00562	0.03180
20	0.01134	0.05309	0.04080	0.00923	0.03932	0.18875	0.00691	0.06807	0.04269	0.04214	0.05490	0.01848	0.01275	0.22301	0.14778	0.02093	0.00683	0.00496	0.00304	0.00498
21	0.00831	0.00909	0.11023	0.00884	0.02958	0.04140	0.03301	0.04976	0.02793	0.01438	0.05923	0.26752	0.13851	0.04015	0.00606	0.00175	0.00412	0.08662	0.00378	0.05972
22	0.01125	0.24494	0.41362	0.01204	0.05815	0.02576	0.01293	0.05139	0.03750	0.03191	0.00896	0.02390	0.00705	0.00464	0.00410	0.00133	0.00593	0.00352	0.00240	0.03867
23	0.01271	0.54167	0.08783	0.01174	0.10214	0.05375	0.04886	0.03578	0.02554	0.03020	0.00779	0.00900	0.00660	0.00425	0.00363	0.00116	0.00553	0.00311	0.00230	0.00640
24	0.00603	0.00484	0.00545	0.00574	0.00709	0.00426	0.00446	0.00742	0.01073	0.01324	0.07884	0.12165	0.54479	0.01230	0.00579	0.00173	0.00278	0.15438	0.00441	0.00406
25	0.00998	0.03085	0.13115	0.06260	0.30886	0.00951	0.03711	0.05228	0.02836	0.01576	0.09578	0.06294	0.08181	0.00645	0.00492	0.00149	0.00498	0.02940	0.00309	0.02267
26	0.01342	0.04461	0.07362	0.04385	0.42804	0.07303	0.02192	0.04559	0.04755	0.12982	0.02635	0.01254	0.00884	0.00478	0.00461	0.00140	0.00555	0.00423	0.00306	0.00718
27	0.01338	0.00819	0.01007	0.00964	0.06748	0.03542	0.00702	0.13309	0.04664	0.23129	0.03424	0.11597	0.01430	0.01184	0.13784	0.00249	0.00550	0.02431	0.08508	0.00622
28	0.07904	0.00696	0.00869	0.00744	0.00983	0.00654	0.00583	0.04012	0.02904	0.40676	0.06817	0.15102	0.01724	0.07047	0.00630	0.00177	0.00366	0.02784	0.04706	0.00621
29	0.20722	0.12663	0.18699	0.01233	0.12393	0.02531	0.03653	0.06381	0.07369	0.01723	0.02538	0.01114	0.01954	0.00474	0.00401	0.00137	0.00511	0.00366	0.00281	0.04857

[dist]
# distance from previous block
# <min> <max>
0	1

[block]
# block no. 8 follows, 54 sequences, length 8
# corresponding to MSA columns:
# 324-331
name=unknown_I
#
# <colnr> <probs for GDERKNQSTAVLIFYWHMCP>
#	G	D	E	R	K	N	Q	S	T	A	V	L	I	F	Y	W	H	M	C	P
0	0.01208	0.08621	0.19555	0.01114	0.03547	0.03050	0.06363	0.08018	0.20455	0.07272	0.04954	0.01353	0.01068	0.00519	0.00447	0.00137	0.00508	0.00431	0.00347	0.11032
1	0.00628	0.00450	0.00591	0.00651	0.00703	0.00438	0.00458	0.00737	0.00928	0.01250	0.11406	0.43535	0.05697	0.13581	0.09680	0.00288	0.00415	0.07772	0.00405	0.00385
2	0.00675	0.00459	0.00562	0.00599	0.00665	0.00428	0.00411	0.00771	0.00946	0.03840	0.10246	0.35697	0.14487	0.20735	0.01007	0.00243	0.00317	0.04615	0.02912	0.00386
3	0.06046	0.25106	0.21679	0.01154	0.06388	0.01264	0.06940	0.06394	0.05653	0.02826	0.01014	0.05638	0.00875	0.04119	0.00501	0.00149	0.00543	0.00421	0.00270	0.03020
4	0.01183	0.05495	0.03244	0.06553	0.32258	0.07098	0.04167	0.06628	0.06153	0.01582	0.00968	0.02766	0.00803	0.00457	0.00437	0.00126	0.00530	0.00402	0.00276	0.18872
5	0.00769	0.00584	0.00812	0.00776	0.00821	0.00690	0.00590	0.00840	0.00769	0.01085	0.04728	0.02177	0.04021	0.15925	0.29358	0.14187	0.16714	0.04501	0.00269	0.00383
6	0.00846	0.00669	0.05790	0.00712	0.03722	0.00584	0.00484	0.04959	0.00847	0.05225	0.01484	0.07123	0.01608	0.61834	0.01902	0.00378	0.00467	0.00666	0.00312	0.00389
7	0.01238	0.09513	0.01561	0.03350	0.24177	0.11279	0.06715	0.08407	0.01194	0.06631	0.05108	0.14203	0.01297	0.00654	0.00504	0.00146	0.02508	0.00569	0.00321	0.00624

[dist]
# distance from previous block
# <min> <max>
2	37

[block]
# block no. 9 follows, 54 sequences, length 9
# corresponding to MSA columns:
# 374-381,409
name=unknown_J
#
# <colnr> <probs for GDERKNQSTAVLIFYWHMCP>
#	G	D	E	R	K	N	Q	S	T	A	V	L	I	F	Y	W	H	M	C	P
0	0.11434	0.01104	0.01421	0.11125	0.16714	0.01114	0.03857	0.09271	0.06930	0.08002	0.01511	0.06420	0.01316	0.06992	0.04625	0.00254	0.00613	0.00588	0.03556	0.03152
1	0.01315	0.01139	0.01225	0.01180	0.08881	0.05088	0.00849	0.16429	0.54095	0.02075	0.01618	0.01543	0.01216	0.00598	0.00474	0.00153	0.00441	0.00491	0.00443	0.00747
2	0.00682	0.00473	0.00596	0.00596	0.00624	0.00501	0.00388	0.00738	0.00710	0.00975	0.01411	0.02672	0.01535	0.56645	0.28939	0.00558	0.00727	0.00625	0.00275	0.00331
3	0.04236	0.01047	0.01386	0.01079	0.01405	0.05512	0.15772	0.20692	0.04610	0.21967	0.01398	0.05166	0.01045	0.00572	0.00468	0.00144	0.00499	0.00499	0.11825	0.00676
4	0.00578	0.00473	0.00511	0.00514	0.00653	0.00405	0.00381	0.00713	0.01106	0.01377	0.17978	0.11218	0.60099	0.01178	0.00561	0.00160	0.00239	0.01000	0.00452	0.00405
5	0.00938	0.05340	0.00897	0.00732	0.00928	0.03331	0.03715	0.03966	0.04374	0.09612	0.22406	0.08378	0.24062	0.00944	0.00530	0.00156	0.00342	0.06898	0.01942	0.00509
6	0.00726	0.00523	0.00684	0.00718	0.04365	0.00553	0.00469	0.00817	0.00818	0.01152	0.09123	0.02593	0.05388	0.37470	0.21250	0.03380	0.03843	0.00626	0.05126	0.00376
7	0.01310	0.01404	0.01733	0.06786	0.55300	0.22452	0.01297	0.01549	0.01136	0.01420	0.00842	0.01088	0.00703	0.00440	0.00456	0.00136	0.00641	0.00389	0.00235	0.00682
8	0.01215	0.00795	0.01053	0.10831	0.06979	0.00827	0.00767	0.07129	0.06586	0.21486	0.08553	0.02338	0.20861	0.00763	0.00592	0.00156	0.07417	0.00618	0.00424	0.00607

[dist]
# distance from previous block
# <min> <max>
0	1

[block]
# block no. 10 follows, 54 sequences, length 19
# corresponding to MSA columns:
# 411-429
name=unknown_K
#
# <colnr> <probs for GDERKNQSTAVLIFYWHMCP>
#	G	D	E	R	K	N	Q	S	T	A	V	L	I	F	Y	W	H	M	C	P
0	0.01310	0.01429	0.01073	0.03105	0.01206	0.40802	0.00754	0.05337	0.01140	0.01277	0.00998	0.01346	0.00880	0.06800	0.18687	0.00290	0.03930	0.00401	0.08734	0.00501
1	0.01765	0.02127	0.01346	0.01198	0.01458	0.71173	0.00909	0.11853	0.01450	0.01389	0.00781	0.00887	0.00633	0.00496	0.00431	0.00124	0.00807	0.00319	0.00273	0.00580
2	0.06595	0.05561	0.01380	0.01111	0.01384	0.38616	0.02889	0.23180	0.01484	0.01764	0.05264	0.01092	0.00874	0.00549	0.00512	0.00136	0.06298	0.00377	0.00320	0.00613
3	0.05714	0.09456	0.01496	0.01225	0.07453	0.15752	0.02942	0.23600	0.02822	0.01785	0.02498	0.03979	0.00855	0.00609	0.00670	0.00150	0.17627	0.00421	0.00315	0.00631
4	0.00793	0.00629	0.00691	0.00696	0.00821	0.05015	0.00519	0.02886	0.06601	0.03905	0.21602	0.28831	0.16538	0.01126	0.00562	0.00169	0.00317	0.07383	0.00455	0.00462
5	0.05446	0.03173	0.02781	0.03238	0.25483	0.15836	0.02284	0.21282	0.01389	0.01837	0.04313	0.02716	0.02106	0.00537	0.00491	0.00139	0.03323	0.00429	0.00316	0.02881
6	0.00984	0.00903	0.01471	0.67687	0.11837	0.01085	0.01296	0.06640	0.01046	0.01366	0.00864	0.01238	0.00654	0.00472	0.00471	0.00154	0.00613	0.00420	0.00230	0.00568
7	0.01269	0.37313	0.26436	0.01051	0.01509	0.05730	0.01119	0.10163	0.01132	0.04463	0.00815	0.00925	0.00647	0.00470	0.00449	0.00129	0.05154	0.00321	0.00248	0.00655
8	0.01096	0.16733	0.30737	0.03460	0.01582	0.02289	0.04571	0.05379	0.03615	0.05829	0.02830	0.03896	0.04792	0.00609	0.00530	0.00150	0.06269	0.04723	0.00285	0.00627
9	0.00694	0.00483	0.00591	0.00585	0.00707	0.00431	0.00430	0.00853	0.01164	0.05955	0.36134	0.20564	0.27419	0.01122	0.00562	0.00161	0.00248	0.00979	0.00480	0.00437
10	0.00619	0.00517	0.00616	0.00692	0.06217	0.00462	0.00464	0.00758	0.01064	0.01336	0.11536	0.12615	0.54440	0.01279	0.05071	0.00194	0.00320	0.00951	0.00421	0.00427
11	0.01174	0.03024	0.11410	0.04464	0.28424	0.01054	0.03124	0.07962	0.08046	0.05760	0.03093	0.01273	0.00899	0.00579	0.00610	0.06136	0.04756	0.00423	0.00295	0.07496
12	0.01175	0.12483	0.13738	0.03814	0.01337	0.00946	0.04616	0.05126	0.05449	0.15812	0.07890	0.10655	0.01426	0.00852	0.06105	0.00185	0.00517	0.00547	0.02440	0.04888
13	0.00605	0.00442	0.00568	0.00629	0.00694	0.00408	0.00443	0.00729	0.01027	0.01376	0.20916	0.50248	0.12172	0.02968	0.00625	0.00184	0.00269	0.04842	0.00453	0.00400
14	0.09929	0.00867	0.01047	0.06491	0.01282	0.04663	0.00711	0.05594	0.01278	0.49804	0.07333	0.03446	0.01308	0.00706	0.03250	0.00168	0.00454	0.00487	0.00488	0.00694
15	0.23839	0.09542	0.21294	0.07828	0.08585	0.01110	0.01039	0.04725	0.01010	0.07403	0.00937	0.04626	0.00756	0.00507	0.00429	0.00144	0.02453	0.00382	0.00280	0.03111
16	0.00952	0.02475	0.03536	0.00758	0.02479	0.00613	0.00586	0.08048	0.01153	0.12724	0.05258	0.30976	0.21182	0.01144	0.02465	0.00181	0.00359	0.04156	0.00442	0.00512
17	0.00624	0.00480	0.00571	0.00548	0.00678	0.00427	0.00411	0.00807	0.01233	0.01651	0.50867	0.03917	0.33971	0.01054	0.00557	0.00153	0.00229	0.00908	0.00487	0.00427
18	0.15462	0.01191	0.12465	0.06388	0.11875	0.05845	0.03611	0.07613	0.05491	0.06366	0.03570	0.06805	0.03615	0.03544	0.00539	0.00162	0.01826	0.01793	0.01234	0.00605

[dist]
# distance from previous block
# <min> <max>
0	1

[block]
# block no. 11 follows, 54 sequences, length 49
# corresponding to MSA columns:
# 431-479
name=unknown_L
#
# <colnr> <probs for GDERKNQSTAVLIFYWHMCP>
#	G	D	E	R	K	N	Q	S	T	A	V	L	I	F	Y	W	H	M	C	P
0	0.08975	0.09334	0.11288	0.07307	0.15383	0.01158	0.03058	0.18528	0.01999	0.07794	0.02765	0.06093	0.01676	0.00560	0.00457	0.00144	0.01276	0.00459	0.01078	0.00666
1	0.05060	0.00944	0.04872	0.06549	0.28136	0.02929	0.01985	0.06160	0.03665	0.02833	0.03062	0.23500	0.04481	0.00795	0.00506	0.00159	0.00461	0.02976	0.00336	0.00592
2	0.01525	0.01731	0.04979	0.05418	0.07349	0.45589	0.02953	0.05648	0.01247	0.06565	0.00897	0.01119	0.00737	0.05350	0.00595	0.00150	0.03723	0.00370	0.00275	0.03780
3	0.06937	0.00794	0.00958	0.04443	0.01156	0.00690	0.02617	0.03576	0.01016	0.01562	0.04562	0.08834	0.07065	0.00572	0.00435	0.00108	0.02265	0.00473	0.00317	0.51620
4	0.10866	0.09017	0.16587	0.01369	0.19737	0.03174	0.01024	0.01420	0.03235	0.09360	0.01298	0.11773	0.02937	0.02759	0.00521	0.00157	0.02072	0.01768	0.00307	0.00621
5	0.01317	0.01411	0.01180	0.01065	0.01198	0.35842	0.00832	0.01412	0.01042	0.03551	0.01039	0.01420	0.04071	0.00782	0.00915	0.08900	0.24813	0.04551	0.04165	0.00493
6	0.01136	0.01048	0.01644	0.15366	0.46122	0.01097	0.03232	0.06672	0.09908	0.01620	0.01138	0.01352	0.03410	0.00485	0.00470	0.00144	0.00535	0.00450	0.00281	0.03889
7	0.03918	0.00635	0.00800	0.00682	0.00900	0.00578	0.00534	0.01375	0.04851	0.22986	0.44332	0.02661	0.05274	0.00787	0.00505	0.00142	0.00293	0.00675	0.00505	0.07568
8	0.01379	0.56988	0.06761	0.00939	0.01326	0.17960	0.00889	0.06632	0.01120	0.01264	0.00713	0.00814	0.00618	0.00433	0.00347	0.00111	0.00587	0.00280	0.00228	0.00612
9	0.00610	0.00449	0.00601	0.00686	0.00715	0.00449	0.00472	0.00695	0.00881	0.01186	0.02389	0.70064	0.02836	0.05530	0.04423	0.00231	0.04178	0.02808	0.00411	0.00387
10	0.01303	0.13363	0.01655	0.06643	0.30361	0.19899	0.01074	0.04693	0.10218	0.01463	0.01100	0.01243	0.03991	0.00499	0.00439	0.00134	0.00587	0.00405	0.00276	0.00654
11	0.01535	0.10191	0.09422	0.01226	0.03176	0.44067	0.06308	0.07131	0.02037	0.04974	0.00864	0.01012	0.00693	0.01828	0.02183	0.00148	0.01981	0.00353	0.00268	0.00602
12	0.01121	0.00823	0.00980	0.00712	0.01112	0.00632	0.00569	0.01321	0.01019	0.12088	0.00993	0.01121	0.00790	0.02730	0.00424	0.00091	0.00359	0.00317	0.00320	0.72480
13	0.02510	0.29095	0.27087	0.01455	0.14608	0.01356	0.10005	0.02823	0.01042	0.04675	0.00845	0.00999	0.00663	0.00430	0.00414	0.00132	0.00601	0.00357	0.00232	0.00671
14	0.00688	0.00538	0.00723	0.00849	0.08503	0.01265	0.00546	0.00831	0.00978	0.01331	0.14241	0.29831	0.13585	0.06179	0.15005	0.00288	0.00478	0.00907	0.02799	0.00435
15	0.01340	0.00853	0.00993	0.00848	0.01107	0.00893	0.00676	0.13047	0.27337	0.20151	0.19186	0.02168	0.01997	0.00712	0.00496	0.00152	0.00365	0.03682	0.03318	0.00678
16	0.00606	0.00476	0.00537	0.00534	0.00659	0.00420	0.00393	0.00747	0.01113	0.01428	0.26464	0.07972	0.46175	0.07357	0.00701	0.00182	0.00258	0.03125	0.00450	0.00404
17	0.00801	0.00687	0.00696	0.00680	0.00818	0.07538	0.00512	0.05268	0.03197	0.01528	0.23775	0.15719	0.25035	0.04405	0.00628	0.00174	0.00337	0.07311	0.00439	0.00451
18	0.00705	0.00487	0.00624	0.00597	0.00715	0.00443	0.00445	0.00900	0.01262	0.04950	0.60896	0.11857	0.12287	0.01027	0.00558	0.00154	0.00237	0.00903	0.00504	0.00448
19	0.01003	0.15113	0.63424	0.01272	0.01889	0.01233	0.03548	0.01466	0.00982	0.01419	0.00810	0.00966	0.00602	0.00455	0.00472	0.00144	0.03986	0.00341	0.00201	0.00674
20	0.00604	0.00481	0.00542	0.00530	0.00669	0.00419	0.00399	0.00765	0.01176	0.01517	0.34168	0.04156	0.49283	0.01106	0.00559	0.00156	0.00236	0.02347	0.00469	0.00417
21	0.00632	0.00500	0.00610	0.00607	0.00745	0.00439	0.02981	0.00767	0.01062	0.02988	0.09010	0.21807	0.48849	0.01210	0.00571	0.00169	0.00280	0.05916	0.00440	0.00416
22	0.06933	0.00954	0.01549	0.20001	0.40756	0.01017	0.04994	0.01322	0.01004	0.01505	0.00977	0.03683	0.00820	0.00489	0.00480	0.00145	0.02847	0.00445	0.09454	0.00625
23	0.26469	0.01260	0.01134	0.01106	0.09077	0.17910	0.00790	0.09230	0.17065	0.09903	0.01117	0.01144	0.00837	0.00514	0.00411	0.00143	0.00506	0.00376	0.00361	0.00647
24	0.00738	0.00557	0.00680	0.00645	0.00769	0.00550	0.00484	0.04107	0.06688	0.01698	0.45537	0.08952	0.14552	0.04483	0.02857	0.01925	0.01862	0.01992	0.00467	0.00458
25	0.00987	0.00471	0.00496	0.00474	0.00606	0.00462	0.00361	0.01203	0.01020	0.08641	0.01566	0.01745	0.01205	0.00552	0.00342	0.00113	0.00236	0.00442	0.78606	0.00471
26	0.00806	0.00435	0.00466	0.00486	0.00572	0.00430	0.00346	0.00982	0.00948	0.01585	0.01732	0.17067	0.01607	0.07562	0.00551	0.00154	0.00249	0.00628	0.62977	0.00416
27	0.00608	0.00445	0.00565	0.00630	0.00695	0.00412	0.00445	0.00722	0.00994	0.01316	0.14297	0.48669	0.14507	0.06151	0.00698	0.00198	0.00285	0.07530	0.00441	0.00393
28	0.16301	0.01188	0.01249	0.00976	0.01335	0.01304	0.00805	0.55605	0.03873	0.11055	0.01148	0.01136	0.00807	0.00548	0.00441	0.00143	0.00476	0.00404	0.00453	0.00751
29	0.00626	0.00479	0.00567	0.00546	0.00670	0.00428	0.00405	0.00799	0.01206	0.01611	0.47934	0.03889	0.33189	0.04808	0.00641	0.00167	0.00239	0.00899	0.00478	0.00420
30	0.00786	0.00494	0.00638	0.00628	0.00746	0.00447	0.00460	0.00946	0.01167	0.10370	0.37801	0.29213	0.12270	0.01114	0.00562	0.00163	0.00261	0.00985	0.00491	0.00459
31	0.01072	0.08885	0.08947	0.08249	0.28799	0.01056	0.02882	0.01385	0.04088	0.01468	0.00875	0.01086	0.00718	0.00428	0.00459	0.00122	0.03567	0.00364	0.00247	0.25300
32	0.02681	0.43291	0.04537	0.02828	0.05380	0.29284	0.00906	0.01558	0.01088	0.01176	0.00720	0.00859	0.00628	0.00524	0.02651	0.00132	0.00655	0.00292	0.00220	0.00587
33	0.00676	0.00497	0.00716	0.00716	0.00786	0.00567	0.00537	0.00815	0.00745	0.01064	0.01301	0.02064	0.01270	0.17222	0.68001	0.00706	0.01125	0.00536	0.00258	0.00398
34	0.00919	0.00793	0.00844	0.00836	0.02972	0.09124	0.00609	0.05502	0.06806	0.02119	0.11743	0.12193	0.06834	0.15126	0.10975	0.00288	0.04419	0.07056	0.00369	0.00471
35	0.06600	0.04144	0.10953	0.07875	0.26214	0.00958	0.06755	0.01262	0.03325	0.01481	0.05496	0.18445	0.01410	0.00692	0.00510	0.00156	0.02207	0.00624	0.00295	0.00597
36	0.00706	0.00513	0.00686	0.03036	0.02812	0.00548	0.00502	0.00802	0.00788	0.01085	0.01587	0.12050	0.01725	0.37356	0.23283	0.00458	0.02529	0.07127	0.02034	0.00373
37	0.01043	0.00954	0.01610	0.42192	0.37638	0.01057	0.01333	0.01334	0.01008	0.03623	0.00901	0.01244	0.00712	0.00538	0.02754	0.00166	0.00609	0.00424	0.00232	0.00629
38	0.01146	0.01100	0.01870	0.07835	0.73577	0.01124	0.01428	0.01424	0.01056	0.01509	0.00877	0.01169	0.00736	0.00434	0.00495	0.00143	0.02699	0.00420	0.00231	0.00727
39	0.00683	0.00497	0.00718	0.00718	0.00794	0.00569	0.00545	0.00835	0.00759	0.01102	0.01299	0.01984	0.01239	0.12209	0.69502	0.00698	0.01131	0.00522	0.03788	0.00407
40	0.01761	0.02247	0.01336	0.01215	0.01458	0.81537	0.00911	0.01883	0.01336	0.01154	0.00729	0.00850	0.00607	0.00486	0.00425	0.00121	0.00850	0.00304	0.00243	0.00547
41	0.00579	0.00419	0.00549	0.00648	0.00687	0.00388	0.00439	0.00670	0.00927	0.01229	0.04651	0.74838	0.07878	0.01444	0.00599	0.00189	0.00273	0.02767	0.00440	0.00386
42	0.01061	0.04699	0.01377	0.01078	0.01302	0.06851	0.18019	0.05638	0.02606	0.07340	0.06124	0.20198	0.09188	0.03318	0.00688	0.00172	0.08710	0.00735	0.00359	0.00539
43	0.01031	0.02099	0.62817	0.01295	0.01900	0.01061	0.05714	0.06761	0.01092	0.04532	0.01030	0.06687	0.00812	0.00529	0.00467	0.00152	0.00650	0.00438	0.00251	0.00683
44	0.00618	0.00464	0.00571	0.00580	0.00679	0.00424	0.00419	0.00770	0.01120	0.01502	0.36499	0.21737	0.23987	0.04632	0.03662	0.00196	0.00287	0.00981	0.00460	0.00411
45	0.05341	0.00732	0.00866	0.00726	0.00969	0.00722	0.00579	0.10855	0.06868	0.26456	0.21969	0.02121	0.04157	0.00688	0.00465	0.00141	0.00331	0.00568	0.14827	0.00621
46	0.01288	0.01278	0.05277	0.08030	0.28208	0.13042	0.05438	0.09280	0.07009	0.05554	0.02589	0.01416	0.00945	0.00610	0.02588	0.00163	0.02720	0.03594	0.00304	0.00667
47	0.08495	0.02182	0.13532	0.01141	0.06873	0.06404	0.05267	0.13282	0.07046	0.01748	0.02770	0.08619	0.04282	0.00614	0.00504	0.00142	0.04338	0.00497	0.00326	0.11938
48	0.12869	0.09089	0.15542	0.04541	0.13443	0.07137	0.02378	0.09408	0.09316	0.05781	0.03036	0.01161	0.00852	0.00490	0.00424	0.00139	0.00534	0.00385	0.00308	0.03166

[dist]
# distance from previous block
# <min> <max>
0	185

# created by:
# /home/cegg/simao/soft/augustus-3.2.1/scripts/msa2prfl.pl ./align_prep/EOG091G0JZV.fa
