[name]
unknown

[dist]
# distance from previous block
# <min> <max>
1	50

[block]
# block no. 0 follows, 47 sequences, length 7
# corresponding to MSA columns:
# 103-109
name=unknown_A
#
# <colnr> <probs for GDERKNQSTAVLIFYWHMCP>
#	G	D	E	R	K	N	Q	S	T	A	V	L	I	F	Y	W	H	M	C	P
0	0.22887	0.01212	0.01521	0.24318	0.18551	0.10184	0.05429	0.01530	0.01101	0.01707	0.03662	0.01259	0.00844	0.00529	0.00510	0.00163	0.03253	0.00428	0.00279	0.00634
1	0.01238	0.01185	0.02022	0.16045	0.65998	0.01224	0.01573	0.01554	0.01162	0.01640	0.00971	0.01305	0.00803	0.00473	0.00516	0.00158	0.00631	0.00464	0.00253	0.00784
2	0.01552	0.01456	0.01404	0.01142	0.01479	0.25418	0.09040	0.09198	0.05838	0.09357	0.05062	0.01517	0.03128	0.00582	0.00487	0.00138	0.00615	0.00470	0.07291	0.14824
3	0.00751	0.00529	0.00647	0.00679	0.00728	0.00524	0.00450	0.03456	0.00973	0.01300	0.05602	0.31053	0.06047	0.35353	0.06766	0.00372	0.00472	0.03492	0.00404	0.00403
4	0.00983	0.00926	0.01562	0.80447	0.03587	0.01157	0.01446	0.01331	0.01041	0.01331	0.00926	0.01388	0.00694	0.00521	0.00521	0.00174	0.00694	0.00463	0.00231	0.00579
5	0.01082	0.01058	0.01907	0.38865	0.23374	0.01147	0.15057	0.01414	0.01111	0.01492	0.01123	0.07927	0.00973	0.00582	0.00548	0.00172	0.00675	0.00574	0.00265	0.00655
6	0.01050	0.00993	0.01682	0.63642	0.19872	0.01174	0.01479	0.01389	0.01073	0.01411	0.00937	0.01367	0.00723	0.00508	0.00520	0.00169	0.00678	0.00463	0.00237	0.00632

[dist]
# distance from previous block
# <min> <max>
4	19

[block]
# block no. 1 follows, 47 sequences, length 24
# corresponding to MSA columns:
# 141-164
name=unknown_B
#
# <colnr> <probs for GDERKNQSTAVLIFYWHMCP>
#	G	D	E	R	K	N	Q	S	T	A	V	L	I	F	Y	W	H	M	C	P
0	0.01313	0.14281	0.22823	0.04685	0.09873	0.02552	0.08357	0.13446	0.01343	0.04321	0.01291	0.02730	0.05464	0.00575	0.00509	0.00154	0.01555	0.00477	0.00315	0.03935
1	0.01144	0.11824	0.31097	0.01298	0.06909	0.02287	0.03138	0.06625	0.08619	0.01814	0.13236	0.02654	0.03843	0.00639	0.00505	0.00156	0.00578	0.00527	0.00343	0.02763
2	0.01314	0.11646	0.21777	0.10138	0.03077	0.05349	0.01176	0.05229	0.13493	0.09064	0.03981	0.02608	0.03017	0.00597	0.00490	0.00154	0.00585	0.00477	0.00356	0.05473
3	0.01214	0.03741	0.34918	0.09315	0.04687	0.08034	0.04606	0.04963	0.04856	0.05631	0.05203	0.05731	0.02220	0.01953	0.00554	0.00170	0.00666	0.00522	0.00316	0.00701
4	0.02670	0.15288	0.27497	0.01113	0.01584	0.01239	0.02596	0.13106	0.03967	0.05956	0.05735	0.03360	0.07759	0.02914	0.00560	0.00168	0.00573	0.02854	0.00360	0.00702
5	0.00852	0.03641	0.05192	0.00896	0.05585	0.02810	0.00671	0.01067	0.01266	0.03708	0.33547	0.17459	0.14558	0.01188	0.03072	0.00194	0.00388	0.02906	0.00474	0.00525
6	0.01050	0.00891	0.01255	0.33369	0.02135	0.03232	0.04615	0.08606	0.01243	0.03745	0.04331	0.14176	0.11945	0.00826	0.00552	0.00171	0.00533	0.00722	0.03260	0.03342
7	0.01400	0.07215	0.16234	0.01052	0.01454	0.02566	0.00985	0.20996	0.05840	0.10045	0.04056	0.12422	0.02384	0.02969	0.00573	0.00167	0.00524	0.00605	0.00422	0.08092
8	0.01162	0.01061	0.01646	0.11782	0.41564	0.03336	0.03311	0.01454	0.02881	0.03594	0.03308	0.04074	0.06731	0.05509	0.00663	0.00183	0.00573	0.03397	0.00315	0.03455
9	0.00676	0.00514	0.00691	0.07669	0.01000	0.00498	0.00558	0.00814	0.01084	0.01435	0.12576	0.55314	0.12388	0.01425	0.00640	0.00198	0.00325	0.01277	0.00473	0.00447
10	0.03558	0.12511	0.50427	0.01395	0.04582	0.01363	0.01576	0.08207	0.01204	0.04267	0.00953	0.01103	0.00706	0.00528	0.00546	0.00161	0.05509	0.00387	0.00265	0.00755
11	0.01148	0.11621	0.62684	0.01498	0.06696	0.01292	0.01742	0.01670	0.01115	0.04537	0.00956	0.01106	0.00695	0.00493	0.00479	0.00158	0.00724	0.00383	0.00239	0.00766
12	0.01276	0.00823	0.01040	0.09933	0.01420	0.00857	0.00799	0.01835	0.22370	0.19190	0.03866	0.10209	0.10331	0.00949	0.00582	0.00186	0.00433	0.12727	0.00505	0.00669
13	0.01214	0.01161	0.01978	0.22174	0.60059	0.01218	0.01561	0.01532	0.01150	0.01610	0.00966	0.01313	0.00793	0.00478	0.00517	0.00159	0.00637	0.00464	0.00251	0.00764
14	0.01084	0.02039	0.48849	0.01329	0.01931	0.01127	0.06006	0.03972	0.10513	0.01763	0.03285	0.03779	0.03517	0.00587	0.00510	0.00161	0.00649	0.00489	0.00303	0.08108
15	0.00924	0.00641	0.00901	0.09078	0.07675	0.00620	0.00701	0.01105	0.01177	0.09788	0.14352	0.32719	0.14522	0.01174	0.00608	0.00185	0.00373	0.02451	0.00470	0.00537
16	0.01207	0.01353	0.02854	0.06752	0.02654	0.01332	0.65515	0.01612	0.01180	0.01612	0.01014	0.01381	0.00775	0.00485	0.00705	0.00180	0.07856	0.00592	0.00258	0.00683
17	0.01517	0.01405	0.01876	0.06817	0.46635	0.09429	0.01373	0.20876	0.01531	0.02041	0.01028	0.01248	0.00817	0.00516	0.00512	0.00154	0.00644	0.00452	0.00325	0.00804
18	0.00714	0.00533	0.00736	0.00927	0.07550	0.00506	0.00578	0.00831	0.01020	0.01377	0.02700	0.62881	0.05907	0.05130	0.00733	0.00217	0.00342	0.03771	0.03090	0.00458
19	0.00983	0.00926	0.01562	0.80447	0.03587	0.01157	0.01446	0.01331	0.01041	0.01331	0.00926	0.01388	0.00694	0.00521	0.00521	0.00174	0.00694	0.00463	0.00231	0.00579
20	0.01198	0.01591	0.18506	0.13686	0.26942	0.09615	0.10357	0.01554	0.01166	0.01553	0.01117	0.08246	0.00979	0.00586	0.00532	0.00165	0.00700	0.00540	0.00267	0.00703
21	0.01034	0.08037	0.01691	0.69670	0.07087	0.01240	0.01405	0.01364	0.01050	0.01340	0.00911	0.01335	0.00698	0.00511	0.00504	0.00167	0.00678	0.00447	0.00232	0.00599
22	0.01168	0.01073	0.01600	0.03003	0.01670	0.00910	0.18929	0.05932	0.01197	0.01777	0.00976	0.01175	0.00781	0.00416	0.00452	0.00108	0.00523	0.00395	0.00309	0.57606
23	0.01568	0.01718	0.01565	0.06649	0.14294	0.36150	0.01134	0.03697	0.04598	0.03972	0.01002	0.01329	0.00854	0.00641	0.00728	0.00165	0.15743	0.03244	0.00295	0.00653

[dist]
# distance from previous block
# <min> <max>
0	1

[block]
# block no. 2 follows, 47 sequences, length 15
# corresponding to MSA columns:
# 183-197
name=unknown_C
#
# <colnr> <probs for GDERKNQSTAVLIFYWHMCP>
#	G	D	E	R	K	N	Q	S	T	A	V	L	I	F	Y	W	H	M	C	P
0	0.79841	0.00980	0.00770	0.00703	0.01012	0.01131	0.00582	0.01501	0.00907	0.02286	0.00858	0.01175	0.00723	0.00546	0.00348	0.00166	0.00408	0.05171	0.00333	0.00558
1	0.00743	0.00529	0.00669	0.00634	0.00761	0.00487	0.00475	0.00979	0.01426	0.02024	0.67292	0.03853	0.10589	0.01055	0.00598	0.00162	0.00247	0.00925	0.06068	0.00487
2	0.01944	0.05310	0.01589	0.01226	0.01601	0.24264	0.00990	0.51743	0.02105	0.02609	0.01098	0.01142	0.00814	0.00592	0.00498	0.00148	0.00679	0.00422	0.00434	0.00794
3	0.01248	0.00647	0.00813	0.00716	0.00945	0.00564	0.00556	0.01427	0.01343	0.28618	0.21081	0.10810	0.27032	0.01053	0.00588	0.00171	0.00326	0.00897	0.00561	0.00606
4	0.01201	0.01020	0.14264	0.00883	0.01194	0.00721	0.00816	0.01549	0.05980	0.20963	0.28256	0.09200	0.09962	0.00911	0.00570	0.00169	0.00401	0.00780	0.00512	0.00647
5	0.22971	0.09561	0.01318	0.00922	0.01303	0.01199	0.00773	0.15619	0.07537	0.31647	0.01440	0.01360	0.00993	0.00585	0.00453	0.00156	0.00466	0.00432	0.00488	0.00777
6	0.00648	0.00463	0.00620	0.00741	0.00777	0.00435	0.00508	0.00749	0.01011	0.01345	0.02863	0.76245	0.03414	0.01618	0.00668	0.00213	0.00314	0.06457	0.00483	0.00427
7	0.01749	0.00815	0.01055	0.00895	0.01184	0.00759	0.00703	0.06962	0.06561	0.46140	0.02242	0.24814	0.01907	0.00933	0.00565	0.00176	0.00409	0.00802	0.00582	0.00748
8	0.00894	0.00746	0.04472	0.00795	0.00966	0.00674	0.00623	0.06188	0.10257	0.03628	0.25940	0.29023	0.09531	0.03003	0.00654	0.00189	0.00342	0.01020	0.00507	0.00548
9	0.76558	0.00974	0.00774	0.00688	0.01006	0.01108	0.00565	0.01537	0.00933	0.06070	0.01044	0.01123	0.04915	0.00538	0.00349	0.00162	0.00397	0.00339	0.00347	0.00573
10	0.01251	0.01983	0.37493	0.02130	0.31596	0.06427	0.03979	0.01714	0.03041	0.04055	0.01011	0.01213	0.00771	0.00494	0.00507	0.00159	0.00707	0.00428	0.00260	0.00783
11	0.01263	0.01181	0.01773	0.13593	0.44424	0.05176	0.03309	0.04901	0.05487	0.03266	0.03538	0.03742	0.04871	0.00590	0.00530	0.00161	0.00599	0.00542	0.00316	0.00740
12	0.03132	0.00771	0.05122	0.00782	0.00985	0.00668	0.00634	0.06156	0.05979	0.05120	0.22892	0.22611	0.16123	0.01123	0.00593	0.00177	0.00348	0.03136	0.00495	0.03152
13	0.07032	0.02483	0.01521	0.02833	0.03979	0.03426	0.11381	0.12304	0.23020	0.08487	0.01403	0.01441	0.01047	0.00556	0.00493	0.00149	0.00526	0.00477	0.00418	0.17025
14	0.07961	0.03544	0.14780	0.01319	0.14232	0.00976	0.01019	0.04818	0.05903	0.06916	0.05754	0.09524	0.07484	0.00727	0.00508	0.00157	0.00488	0.02127	0.00377	0.11385

[dist]
# distance from previous block
# <min> <max>
3	6

[block]
# block no. 3 follows, 47 sequences, length 10
# corresponding to MSA columns:
# 244-253
name=unknown_D
#
# <colnr> <probs for GDERKNQSTAVLIFYWHMCP>
#	G	D	E	R	K	N	Q	S	T	A	V	L	I	F	Y	W	H	M	C	P
0	0.02588	0.06209	0.06380	0.00962	0.03959	0.08332	0.00776	0.08177	0.06149	0.05292	0.34103	0.02609	0.07502	0.00819	0.00540	0.00155	0.00435	0.00682	0.01810	0.02521
1	0.01328	0.17011	0.04512	0.01501	0.18284	0.06054	0.01052	0.11679	0.05978	0.03716	0.01220	0.01602	0.01049	0.01239	0.15989	0.00286	0.02178	0.04298	0.00328	0.00696
2	0.01244	0.66056	0.02313	0.00859	0.01223	0.01740	0.00811	0.01396	0.01046	0.01246	0.01144	0.16589	0.01211	0.00678	0.00399	0.00131	0.00507	0.00514	0.00274	0.00620
3	0.07493	0.00966	0.01084	0.00859	0.01230	0.00900	0.00681	0.01628	0.18254	0.01815	0.01250	0.04707	0.01050	0.00546	0.00494	0.00119	0.04547	0.00428	0.00363	0.51586
4	0.00985	0.00691	0.00786	0.00725	0.00817	0.00726	0.00488	0.15628	0.01115	0.01498	0.01654	0.09751	0.01788	0.52894	0.07886	0.00436	0.00568	0.00750	0.00368	0.00448
5	0.01389	0.01466	0.01912	0.17781	0.39861	0.18375	0.06276	0.03841	0.01260	0.01579	0.00943	0.01238	0.00765	0.00494	0.00513	0.00155	0.00719	0.00446	0.00263	0.00722
6	0.00963	0.00690	0.00954	0.16374	0.01475	0.00698	0.00774	0.01241	0.04975	0.08309	0.13778	0.21554	0.06560	0.01056	0.00594	0.00183	0.00419	0.12028	0.00450	0.06926
7	0.01445	0.01263	0.01954	0.04576	0.53706	0.01301	0.03671	0.16366	0.04754	0.04210	0.01113	0.01329	0.00879	0.00512	0.00521	0.00157	0.00605	0.00477	0.00332	0.00829
8	0.01571	0.01132	0.01241	0.01059	0.01390	0.01256	0.00840	0.13931	0.53612	0.14973	0.01977	0.01810	0.01433	0.00684	0.00528	0.00171	0.00442	0.00560	0.00547	0.00844
9	0.69061	0.01095	0.00921	0.00785	0.01126	0.01256	0.00647	0.16239	0.01192	0.02521	0.00828	0.00925	0.00627	0.00511	0.00361	0.00160	0.00436	0.00319	0.00361	0.00627

[dist]
# distance from previous block
# <min> <max>
0	1

[block]
# block no. 4 follows, 47 sequences, length 7
# corresponding to MSA columns:
# 255,256,295-299
name=unknown_E
#
# <colnr> <probs for GDERKNQSTAVLIFYWHMCP>
#	G	D	E	R	K	N	Q	S	T	A	V	L	I	F	Y	W	H	M	C	P
0	0.00808	0.00631	0.00857	0.00887	0.00962	0.00694	0.00706	0.00971	0.01059	0.01437	0.08984	0.20492	0.06630	0.06949	0.07320	0.00288	0.12730	0.26705	0.00423	0.00468
1	0.00769	0.00535	0.00673	0.00654	0.00785	0.00483	0.00484	0.00967	0.01348	0.05217	0.49495	0.15828	0.18456	0.01181	0.00618	0.00173	0.00266	0.01035	0.00546	0.00488
2	0.01443	0.30154	0.11978	0.01552	0.13393	0.20699	0.07057	0.01698	0.01186	0.01399	0.00833	0.01022	0.00702	0.00498	0.00501	0.00141	0.04447	0.00369	0.00242	0.00687
3	0.00766	0.00557	0.00749	0.00856	0.00961	0.00540	0.00706	0.00959	0.01150	0.01488	0.03067	0.23362	0.11572	0.01470	0.00695	0.00226	0.00414	0.49517	0.00481	0.00462
4	0.06661	0.01281	0.01810	0.14258	0.38567	0.09083	0.05997	0.03767	0.04054	0.04186	0.01037	0.01299	0.00825	0.00513	0.00530	0.00159	0.02481	0.00456	0.02305	0.00731
5	0.01746	0.07490	0.01657	0.01584	0.20226	0.04857	0.03009	0.16848	0.07677	0.24365	0.04286	0.01522	0.01165	0.00591	0.00510	0.00155	0.00545	0.00494	0.00454	0.00817
6	0.00864	0.00630	0.00772	0.00785	0.00901	0.00624	0.00572	0.12376	0.01317	0.01768	0.15372	0.49124	0.07085	0.01359	0.00634	0.00194	0.00339	0.04270	0.00504	0.00508

[dist]
# distance from previous block
# <min> <max>
7	13

[block]
# block no. 5 follows, 47 sequences, length 14
# corresponding to MSA columns:
# 314-327
name=unknown_F
#
# <colnr> <probs for GDERKNQSTAVLIFYWHMCP>
#	G	D	E	R	K	N	Q	S	T	A	V	L	I	F	Y	W	H	M	C	P
0	0.06283	0.06473	0.24538	0.04750	0.04685	0.00990	0.01088	0.01664	0.02737	0.20307	0.01546	0.04761	0.04152	0.11515	0.00783	0.00207	0.00559	0.00535	0.00372	0.02054
1	0.14245	0.26307	0.09687	0.01133	0.07968	0.04648	0.00949	0.01477	0.04216	0.01521	0.01004	0.01268	0.00868	0.01370	0.20940	0.00320	0.00788	0.00394	0.00270	0.00627
2	0.01345	0.36676	0.16782	0.01003	0.01441	0.04519	0.01016	0.07051	0.01259	0.08099	0.07500	0.04748	0.05281	0.00633	0.00451	0.00142	0.00553	0.00482	0.00334	0.00683
3	0.01003	0.08315	0.03864	0.00952	0.01181	0.00941	0.04280	0.04559	0.20333	0.01745	0.09344	0.22466	0.06873	0.01058	0.00586	0.00185	0.00424	0.10825	0.00461	0.00605
4	0.23284	0.04761	0.01362	0.01102	0.01393	0.25832	0.07421	0.03817	0.04262	0.05410	0.11314	0.01445	0.01295	0.00614	0.00526	0.00156	0.04581	0.00454	0.00354	0.00618
5	0.00626	0.00485	0.00571	0.00640	0.00733	0.00430	0.00445	0.00735	0.01079	0.01363	0.03911	0.48310	0.35820	0.01496	0.00643	0.00196	0.00286	0.01315	0.00483	0.00430
6	0.85377	0.01007	0.00765	0.00685	0.01007	0.01168	0.00564	0.01531	0.00886	0.02336	0.00725	0.00846	0.00564	0.00483	0.00322	0.00161	0.00403	0.00282	0.00322	0.00564
7	0.01410	0.01280	0.05851	0.01127	0.01460	0.01368	0.00937	0.17413	0.54488	0.02325	0.01810	0.01718	0.01353	0.00687	0.00580	0.00174	0.04154	0.00547	0.00496	0.00822
8	0.01668	0.01464	0.01903	0.01488	0.03463	0.10116	0.21940	0.33686	0.07955	0.05977	0.04150	0.01439	0.01062	0.00584	0.00545	0.00161	0.00668	0.00524	0.00424	0.00782
9	0.00757	0.00505	0.00568	0.00568	0.00568	0.00505	0.00316	0.00757	0.00757	0.01010	0.01641	0.03408	0.01893	0.81698	0.02651	0.00505	0.00505	0.00757	0.00316	0.00316
10	0.02094	0.01347	0.01440	0.01120	0.01521	0.07119	0.00918	0.46886	0.02063	0.27870	0.01481	0.01398	0.01002	0.00625	0.00518	0.00156	0.00558	0.00477	0.00543	0.00865
11	0.01985	0.00898	0.01165	0.00927	0.01277	0.00832	0.00761	0.12209	0.01602	0.53832	0.12656	0.02216	0.01833	0.00743	0.00546	0.00165	0.00435	0.04499	0.00609	0.00809
12	0.01218	0.02451	0.68548	0.01409	0.02130	0.01150	0.01768	0.01769	0.01152	0.12016	0.01085	0.01190	0.00744	0.00515	0.00499	0.00164	0.00726	0.00403	0.00277	0.00785
13	0.01435	0.01087	0.01182	0.01042	0.01351	0.01224	0.00816	0.02736	0.67295	0.12474	0.02111	0.01920	0.01549	0.00698	0.00529	0.00175	0.00416	0.00580	0.00545	0.00833

[dist]
# distance from previous block
# <min> <max>
0	1

[block]
# block no. 6 follows, 47 sequences, length 9
# corresponding to MSA columns:
# 329-337
name=unknown_G
#
# <colnr> <probs for GDERKNQSTAVLIFYWHMCP>
#	G	D	E	R	K	N	Q	S	T	A	V	L	I	F	Y	W	H	M	C	P
0	0.01634	0.01964	0.01238	0.01139	0.01337	0.58894	0.00825	0.01733	0.01288	0.01205	0.01024	0.01586	0.00991	0.21790	0.01041	0.00231	0.00825	0.00446	0.00281	0.00528
1	0.01292	0.01110	0.01567	0.26054	0.15094	0.01225	0.04709	0.21194	0.08531	0.02008	0.01658	0.01822	0.10162	0.00648	0.00537	0.00167	0.00581	0.00560	0.00371	0.00712
2	0.00961	0.00749	0.01201	0.49960	0.02467	0.00892	0.01056	0.01146	0.00952	0.01292	0.01013	0.01506	0.00826	0.00868	0.00898	0.22340	0.00577	0.00463	0.10356	0.00475
3	0.01278	0.53454	0.09340	0.00914	0.01394	0.01624	0.00915	0.01503	0.01068	0.01388	0.00796	0.00924	0.00694	0.00434	0.00362	0.00107	0.00532	0.00296	0.00245	0.22730
4	0.01084	0.02042	0.49254	0.01247	0.01879	0.01085	0.01450	0.01695	0.10266	0.01725	0.01074	0.01196	0.00801	0.00492	0.00470	0.00143	0.00626	0.00389	0.00280	0.22802
5	0.01273	0.56955	0.02370	0.21746	0.01927	0.01802	0.01048	0.01485	0.01041	0.01254	0.00775	0.00995	0.00676	0.00487	0.00448	0.00133	0.04384	0.00335	0.00225	0.00640
6	0.01514	0.05329	0.42564	0.01233	0.01823	0.01105	0.01391	0.02046	0.08284	0.27464	0.01409	0.01391	0.00956	0.00562	0.00501	0.00162	0.00618	0.00446	0.00391	0.00809
7	0.01214	0.36162	0.26490	0.01281	0.01781	0.01593	0.10318	0.01550	0.01074	0.01430	0.00922	0.01252	0.00791	0.00550	0.00563	0.00153	0.08063	0.03888	0.00239	0.00686
8	0.00868	0.00678	0.01018	0.21763	0.01721	0.00738	0.00982	0.01129	0.01149	0.01489	0.02283	0.08049	0.02414	0.01207	0.00665	0.00221	0.00528	0.52181	0.00415	0.00503

[dist]
# distance from previous block
# <min> <max>
0	2

[block]
# block no. 7 follows, 47 sequences, length 18
# corresponding to MSA columns:
# 340-357
name=unknown_H
#
# <colnr> <probs for GDERKNQSTAVLIFYWHMCP>
#	G	D	E	R	K	N	Q	S	T	A	V	L	I	F	Y	W	H	M	C	P
0	0.00820	0.00597	0.00804	0.00888	0.01005	0.00596	0.00739	0.01104	0.05158	0.01637	0.13778	0.15573	0.03265	0.01372	0.00687	0.00222	0.00418	0.50349	0.00496	0.00491
1	0.01416	0.01372	0.01950	0.07039	0.59921	0.11876	0.01466	0.01698	0.01233	0.05610	0.01008	0.01272	0.00821	0.00486	0.00510	0.00153	0.00657	0.00450	0.00278	0.00785
2	0.00745	0.00555	0.00823	0.00823	0.00911	0.00643	0.00634	0.00921	0.00833	0.01199	0.01407	0.02116	0.01332	0.07890	0.75691	0.00820	0.01349	0.00568	0.00281	0.00457
3	0.00635	0.00528	0.00555	0.00548	0.00715	0.00448	0.00411	0.00785	0.01233	0.01516	0.16957	0.04832	0.66489	0.01278	0.00615	0.00174	0.00261	0.01074	0.00498	0.00448
4	0.01061	0.06348	0.75486	0.01457	0.02212	0.01249	0.01876	0.01645	0.01098	0.01630	0.00925	0.01087	0.00660	0.00492	0.00487	0.00162	0.00760	0.00380	0.00220	0.00765
5	0.01199	0.07742	0.38214	0.01305	0.01826	0.10038	0.05215	0.01838	0.15619	0.01709	0.07094	0.01576	0.01231	0.00601	0.00508	0.00162	0.00664	0.02418	0.00320	0.00722
6	0.01179	0.02166	0.50004	0.01746	0.06956	0.01215	0.21582	0.01700	0.01160	0.05865	0.01030	0.01228	0.00739	0.00486	0.00529	0.00167	0.00771	0.00458	0.00257	0.00762
7	0.00672	0.00483	0.00644	0.00752	0.00806	0.00455	0.00537	0.00796	0.01061	0.01410	0.07089	0.62959	0.05648	0.01561	0.00669	0.00212	0.00326	0.12998	0.00488	0.00436
8	0.03561	0.01312	0.01686	0.01715	0.21723	0.08339	0.06492	0.21412	0.01627	0.24854	0.01351	0.01389	0.00956	0.00564	0.00518	0.00157	0.00598	0.00478	0.00443	0.00824
9	0.01260	0.01221	0.02126	0.09637	0.67548	0.01235	0.06139	0.01580	0.01176	0.01668	0.00980	0.01304	0.00812	0.00467	0.00522	0.00158	0.00641	0.00473	0.00256	0.00797
10	0.01031	0.00965	0.01626	0.57826	0.19494	0.01136	0.01419	0.01358	0.01057	0.01401	0.00973	0.01417	0.00768	0.00764	0.06482	0.00219	0.00731	0.00470	0.00241	0.00623
11	0.01339	0.01325	0.02014	0.02938	0.68394	0.07147	0.01511	0.01699	0.05430	0.01696	0.01029	0.01299	0.00856	0.00483	0.00513	0.00154	0.00631	0.00461	0.00274	0.00808
12	0.69235	0.01139	0.03055	0.04844	0.01221	0.05645	0.00683	0.04163	0.00993	0.02230	0.00785	0.00924	0.00607	0.00496	0.00353	0.00159	0.00461	0.00308	0.02117	0.00582
13	0.09592	0.00996	0.05338	0.01536	0.22429	0.00901	0.06866	0.01401	0.04136	0.07491	0.04371	0.09911	0.20205	0.00838	0.00548	0.00171	0.00475	0.01759	0.00391	0.00645
14	0.11355	0.01111	0.04928	0.01412	0.18079	0.05522	0.00946	0.03324	0.11763	0.09403	0.16728	0.03476	0.04299	0.00729	0.00555	0.00166	0.02717	0.02378	0.00423	0.00685
15	0.01333	0.03945	0.29751	0.01749	0.18013	0.05001	0.05276	0.15463	0.06326	0.01961	0.01174	0.01487	0.00933	0.00576	0.00519	0.00164	0.00671	0.04561	0.00322	0.00776
16	0.09269	0.10737	0.15492	0.01141	0.01556	0.21218	0.01946	0.09641	0.03930	0.08834	0.01213	0.01282	0.04063	0.00573	0.00493	0.00148	0.02704	0.00410	0.00339	0.05010
17	0.12630	0.09348	0.25667	0.01303	0.05324	0.04130	0.10681	0.01598	0.05721	0.02917	0.06758	0.01593	0.04658	0.03037	0.00551	0.00168	0.00608	0.00488	0.00311	0.02510

[dist]
# distance from previous block
# <min> <max>
2	38

[block]
# block no. 8 follows, 47 sequences, length 20
# corresponding to MSA columns:
# 396-415
name=unknown_I
#
# <colnr> <probs for GDERKNQSTAVLIFYWHMCP>
#	G	D	E	R	K	N	Q	S	T	A	V	L	I	F	Y	W	H	M	C	P
0	0.05602	0.01506	0.05567	0.07399	0.23691	0.14813	0.04396	0.18683	0.02735	0.01983	0.02254	0.02542	0.00931	0.00576	0.00534	0.00158	0.02402	0.01807	0.00336	0.02086
1	0.01191	0.05461	0.04375	0.01668	0.27423	0.02303	0.01038	0.03737	0.06323	0.06433	0.16768	0.03540	0.07352	0.00718	0.00589	0.00158	0.04556	0.00611	0.00388	0.05366
2	0.04205	0.00912	0.01295	0.05967	0.23624	0.04899	0.00990	0.01279	0.01019	0.04131	0.01333	0.05687	0.02398	0.02066	0.35098	0.00458	0.03186	0.00555	0.00296	0.00602
3	0.00908	0.00696	0.00975	0.00991	0.07574	0.00637	0.05371	0.01123	0.02714	0.03489	0.09136	0.27725	0.06918	0.05386	0.00663	0.00180	0.00380	0.00882	0.10766	0.13486
4	0.01496	0.01395	0.08655	0.05784	0.25240	0.01354	0.01244	0.30896	0.11340	0.02339	0.01293	0.04343	0.01022	0.00607	0.00523	0.00162	0.00580	0.00513	0.00398	0.00816
5	0.03821	0.01292	0.01308	0.01277	0.12366	0.16036	0.00867	0.05378	0.08773	0.03868	0.01168	0.05271	0.00990	0.00543	0.00457	0.00125	0.00535	0.00436	0.00344	0.35147
6	0.01465	0.01780	0.37431	0.05721	0.06090	0.01055	0.01384	0.05660	0.01276	0.23174	0.01263	0.01319	0.00868	0.00532	0.00496	0.00155	0.00619	0.00429	0.00365	0.08917
7	0.01057	0.05589	0.76216	0.01463	0.02220	0.01240	0.01886	0.01646	0.01098	0.01634	0.00927	0.01090	0.00660	0.00493	0.00489	0.00163	0.00762	0.00381	0.00220	0.00766
8	0.01728	0.44293	0.01982	0.00884	0.01296	0.01439	0.00810	0.01907	0.01241	0.32633	0.01535	0.01465	0.05573	0.00578	0.00428	0.00135	0.00493	0.00427	0.00409	0.00743
9	0.01634	0.00879	0.05356	0.00955	0.03881	0.00734	0.00766	0.04015	0.01342	0.41395	0.05054	0.15561	0.05672	0.00864	0.00562	0.00170	0.01504	0.02266	0.06671	0.00719
10	0.00641	0.00461	0.00598	0.00704	0.00741	0.00429	0.00468	0.00728	0.00994	0.01315	0.02938	0.72194	0.07747	0.06417	0.00781	0.00227	0.00312	0.01415	0.00473	0.00418
11	0.00908	0.00764	0.01140	0.03958	0.01242	0.02933	0.10506	0.05562	0.01024	0.01390	0.01580	0.14770	0.01598	0.13781	0.35833	0.00518	0.00937	0.00727	0.00327	0.00501
12	0.01650	0.01775	0.27967	0.01371	0.01911	0.05538	0.11852	0.16829	0.01511	0.22476	0.01305	0.01342	0.00891	0.00555	0.00523	0.00162	0.00668	0.00468	0.00401	0.00805
13	0.00671	0.00482	0.00637	0.00700	0.00763	0.00447	0.00486	0.00817	0.01168	0.01601	0.29858	0.53595	0.03971	0.01428	0.00647	0.00194	0.00282	0.01287	0.00516	0.00447
14	0.01154	0.00923	0.01087	0.00780	0.01240	0.00698	0.00626	0.01383	0.01104	0.06229	0.00992	0.01121	0.00802	0.00401	0.00394	0.00082	0.00389	0.00321	0.00328	0.79945
15	0.01269	0.21276	0.48933	0.01381	0.06094	0.01369	0.01545	0.01714	0.01133	0.09249	0.00999	0.01114	0.00734	0.00496	0.00461	0.00151	0.00678	0.00378	0.00265	0.00760
16	0.01358	0.01451	0.03643	0.03601	0.01488	0.19410	0.01068	0.09126	0.01142	0.01474	0.00866	0.01215	0.00772	0.01119	0.10233	0.00266	0.40453	0.00439	0.00273	0.00604
17	0.00633	0.00482	0.00584	0.00657	0.00739	0.00432	0.00455	0.00745	0.01083	0.01393	0.07443	0.52434	0.28040	0.01501	0.00646	0.00197	0.00287	0.01328	0.00488	0.00432
18	0.01152	0.05513	0.01848	0.50530	0.15296	0.04037	0.08204	0.04533	0.01156	0.01493	0.00944	0.01322	0.00730	0.00505	0.00516	0.00165	0.00695	0.00462	0.00251	0.00648
19	0.01129	0.01019	0.08812	0.01227	0.06439	0.00837	0.13733	0.03467	0.01311	0.11739	0.23108	0.02846	0.10360	0.04944	0.00711	0.00189	0.01892	0.05173	0.00439	0.00624

[dist]
# distance from previous block
# <min> <max>
2	4

[block]
# block no. 9 follows, 47 sequences, length 24
# corresponding to MSA columns:
# 425-448
name=unknown_J
#
# <colnr> <probs for GDERKNQSTAVLIFYWHMCP>
#	G	D	E	R	K	N	Q	S	T	A	V	L	I	F	Y	W	H	M	C	P
0	0.04110	0.01076	0.01347	0.01252	0.09492	0.01112	0.00915	0.19664	0.12748	0.31204	0.01738	0.04319	0.01295	0.00701	0.00570	0.00169	0.03110	0.03837	0.00523	0.00818
1	0.01277	0.01256	0.01921	0.06450	0.43086	0.05688	0.07495	0.04514	0.03046	0.01650	0.01142	0.01525	0.03000	0.00603	0.00709	0.00171	0.12567	0.02883	0.00283	0.00732
2	0.01184	0.01143	0.01983	0.28818	0.49409	0.01215	0.05662	0.01513	0.01140	0.01576	0.00966	0.01328	0.00780	0.00481	0.00523	0.00162	0.00658	0.00472	0.00249	0.00736
3	0.01721	0.01405	0.01412	0.01157	0.01517	0.07120	0.00929	0.43679	0.30447	0.02725	0.01543	0.01487	0.01133	0.00649	0.00521	0.00162	0.00539	0.00504	0.00506	0.00842
4	0.01045	0.02694	0.79000	0.01484	0.02254	0.01209	0.01924	0.01649	0.01099	0.01649	0.00935	0.01099	0.00660	0.00495	0.00495	0.00165	0.00770	0.00385	0.00220	0.00770
5	0.01071	0.08710	0.73215	0.01439	0.02184	0.01274	0.01846	0.01642	0.01096	0.01617	0.00919	0.01079	0.00660	0.00491	0.00483	0.00161	0.00753	0.00377	0.00220	0.00762
6	0.00914	0.00656	0.00887	0.00975	0.01114	0.00666	0.00849	0.06070	0.01281	0.01672	0.02658	0.05569	0.02858	0.01385	0.00706	0.00234	0.00486	0.70029	0.00482	0.00506
7	0.00633	0.00458	0.00599	0.00712	0.00752	0.00424	0.00478	0.00727	0.01010	0.01334	0.03029	0.76320	0.08380	0.01611	0.00661	0.00209	0.00300	0.01455	0.00483	0.00424
8	0.01980	0.01459	0.01563	0.01198	0.01615	0.01615	0.00990	0.76713	0.02448	0.03282	0.01250	0.01250	0.00886	0.00625	0.00521	0.00156	0.00573	0.00469	0.00521	0.00886
9	0.01945	0.02482	0.01476	0.01342	0.01610	0.79608	0.01006	0.02079	0.01476	0.01275	0.00805	0.00939	0.00671	0.00537	0.00470	0.00134	0.00939	0.00335	0.00268	0.00604
10	0.01229	0.01405	0.03073	0.02195	0.02722	0.01317	0.76558	0.01668	0.01229	0.01668	0.01054	0.01405	0.00790	0.00439	0.00615	0.00176	0.00878	0.00615	0.00263	0.00702
11	0.00839	0.00599	0.00839	0.00959	0.01079	0.00599	0.00839	0.01079	0.01199	0.01558	0.02757	0.05874	0.02997	0.01439	0.00719	0.00240	0.00480	0.74945	0.00480	0.00480
12	0.00634	0.00453	0.00604	0.00725	0.00755	0.00423	0.00483	0.00725	0.00997	0.01329	0.02870	0.81358	0.03444	0.01632	0.00665	0.00211	0.00302	0.01480	0.00483	0.00423
13	0.01974	0.01627	0.01549	0.01222	0.01614	0.14460	0.00993	0.64421	0.02288	0.02951	0.01177	0.01199	0.00850	0.00611	0.00512	0.00153	0.00633	0.00447	0.00479	0.00839
14	0.85377	0.01007	0.00765	0.00685	0.01007	0.01168	0.00564	0.01531	0.00886	0.02336	0.00725	0.00846	0.00564	0.00483	0.00322	0.00161	0.00403	0.00282	0.00322	0.00564
15	0.00615	0.00528	0.00528	0.00528	0.00703	0.00440	0.00396	0.00747	0.01187	0.01407	0.05276	0.05012	0.78238	0.01319	0.00615	0.00176	0.00264	0.01099	0.00484	0.00440
16	0.01080	0.00926	0.01080	0.00771	0.01234	0.00694	0.00617	0.01311	0.01080	0.01697	0.00926	0.01080	0.00771	0.00386	0.00386	0.00077	0.00386	0.00309	0.00309	0.84882
17	0.01045	0.02694	0.79000	0.01484	0.02254	0.01209	0.01924	0.01649	0.01099	0.01649	0.00935	0.01099	0.00660	0.00495	0.00495	0.00165	0.00770	0.00385	0.00220	0.00770
18	0.00729	0.00532	0.00685	0.00647	0.00773	0.00488	0.00485	0.00968	0.01456	0.02045	0.73493	0.03962	0.09623	0.01081	0.00614	0.00165	0.00247	0.00952	0.00568	0.00488
19	0.01385	0.78436	0.02744	0.00949	0.01398	0.02028	0.04247	0.01564	0.01066	0.01245	0.00739	0.00861	0.00674	0.00445	0.00347	0.00114	0.00571	0.00293	0.00225	0.00670
20	0.00634	0.00453	0.00604	0.00725	0.00755	0.00423	0.00483	0.00725	0.00997	0.01329	0.02870	0.81358	0.03444	0.01632	0.00665	0.00211	0.00302	0.01480	0.00483	0.00423
21	0.85377	0.01007	0.00765	0.00685	0.01007	0.01168	0.00564	0.01531	0.00886	0.02336	0.00725	0.00846	0.00564	0.00483	0.00322	0.00161	0.00403	0.00282	0.00322	0.00564
22	0.00615	0.00528	0.00528	0.00528	0.00703	0.00440	0.00396	0.00747	0.01187	0.01407	0.05276	0.05012	0.78238	0.01319	0.00615	0.00176	0.00264	0.01099	0.00484	0.00440
23	0.06812	0.41615	0.28236	0.01138	0.01679	0.01626	0.04538	0.03993	0.01124	0.01550	0.02894	0.01045	0.00784	0.00487	0.00413	0.00138	0.00625	0.00353	0.00249	0.00699

[dist]
# distance from previous block
# <min> <max>
0	4

[block]
# block no. 10 follows, 47 sequences, length 24
# corresponding to MSA columns:
# 472-490,562-566
name=unknown_K
#
# <colnr> <probs for GDERKNQSTAVLIFYWHMCP>
#	G	D	E	R	K	N	Q	S	T	A	V	L	I	F	Y	W	H	M	C	P
0	0.01865	0.01073	0.10002	0.00970	0.01367	0.00841	0.00869	0.02263	0.10113	0.51398	0.11738	0.01988	0.01719	0.00689	0.00533	0.00164	0.00451	0.00569	0.00574	0.00815
1	0.01269	0.01217	0.02078	0.08150	0.73650	0.01232	0.01588	0.01581	0.01177	0.01678	0.00976	0.01295	0.00817	0.00468	0.00516	0.00156	0.00624	0.00464	0.00256	0.00809
2	0.00615	0.00528	0.00528	0.00528	0.00703	0.00440	0.00396	0.00747	0.01187	0.01407	0.05276	0.05012	0.78238	0.01319	0.00615	0.00176	0.00264	0.01099	0.00484	0.00440
3	0.01252	0.01244	0.01902	0.22784	0.50112	0.06988	0.01495	0.01549	0.01152	0.01555	0.00939	0.01282	0.00774	0.00504	0.00568	0.00161	0.04300	0.00454	0.00250	0.00734
4	0.01945	0.02482	0.01476	0.01342	0.01610	0.79608	0.01006	0.02079	0.01476	0.01275	0.00805	0.00939	0.00671	0.00537	0.00470	0.00134	0.00939	0.00335	0.00268	0.00604
5	0.00615	0.00528	0.00528	0.00528	0.00703	0.00440	0.00396	0.00747	0.01187	0.01407	0.05276	0.05012	0.78238	0.01319	0.00615	0.00176	0.00264	0.01099	0.00484	0.00440
6	0.00930	0.02118	0.58140	0.01230	0.01842	0.01005	0.01518	0.01409	0.01123	0.01585	0.02089	0.02139	0.21282	0.00714	0.00527	0.00168	0.00635	0.00575	0.00290	0.00682
7	0.01938	0.01126	0.06189	0.04277	0.01537	0.02299	0.03476	0.16807	0.01576	0.44604	0.01736	0.01855	0.01227	0.04768	0.00640	0.00182	0.00527	0.03893	0.00533	0.00808
8	0.01295	0.01119	0.01178	0.01060	0.01354	0.01295	0.00824	0.02767	0.77509	0.02178	0.02120	0.01943	0.01590	0.00707	0.00530	0.00177	0.00412	0.00589	0.00530	0.00824
9	0.01045	0.02694	0.79000	0.01484	0.02254	0.01209	0.01924	0.01649	0.01099	0.01649	0.00935	0.01099	0.00660	0.00495	0.00495	0.00165	0.00770	0.00385	0.00220	0.00770
10	0.01192	0.20931	0.52826	0.01274	0.01916	0.01347	0.01546	0.01654	0.01131	0.06409	0.04463	0.01207	0.00894	0.00519	0.00465	0.00152	0.00676	0.00394	0.00263	0.00741
11	0.02336	0.00886	0.01209	0.00927	0.01329	0.00765	0.00765	0.02538	0.01491	0.78810	0.02055	0.01773	0.01289	0.00645	0.00524	0.00161	0.00443	0.00524	0.00645	0.00886
12	0.01239	0.01185	0.01997	0.03000	0.72740	0.01179	0.01510	0.01536	0.01186	0.01680	0.01295	0.01562	0.06510	0.00527	0.00523	0.00156	0.00593	0.00511	0.00274	0.00797
13	0.01328	0.00954	0.01741	0.01355	0.01692	0.00874	0.30499	0.01595	0.01240	0.22074	0.02086	0.20676	0.06536	0.00872	0.00607	0.00183	0.00571	0.04017	0.00440	0.00660
14	0.01187	0.01152	0.02018	0.27636	0.48434	0.01218	0.07738	0.01519	0.01143	0.01581	0.00969	0.01330	0.00781	0.00480	0.00525	0.00162	0.00664	0.00476	0.00250	0.00737
15	0.00648	0.00470	0.00612	0.00703	0.00754	0.00438	0.00478	0.00756	0.01045	0.01393	0.09870	0.64659	0.08977	0.03596	0.02772	0.00228	0.00328	0.01361	0.00482	0.00429
16	0.00677	0.00533	0.00728	0.00767	0.00868	0.00488	0.04282	0.00809	0.01077	0.01387	0.03406	0.50481	0.23047	0.01472	0.00654	0.00203	0.00336	0.07865	0.00472	0.00446
17	0.01429	0.07108	0.11130	0.06485	0.10686	0.01044	0.10548	0.01699	0.04236	0.20871	0.01258	0.01453	0.00940	0.00781	0.00820	0.15900	0.02108	0.00477	0.00351	0.00675
18	0.01171	0.10582	0.57094	0.01562	0.07734	0.01310	0.05451	0.04546	0.01168	0.03323	0.00958	0.01122	0.00701	0.00493	0.00487	0.00159	0.00728	0.00397	0.00246	0.00767
19	0.01108	0.01226	0.07792	0.30575	0.07390	0.01163	0.30817	0.01489	0.01143	0.03048	0.01172	0.04845	0.00975	0.00577	0.00571	0.00177	0.00736	0.04270	0.00275	0.00651
20	0.01128	0.01095	0.01819	0.22321	0.16002	0.02805	0.15693	0.04436	0.01139	0.01543	0.01232	0.09023	0.01144	0.00720	0.00741	0.00185	0.12684	0.05359	0.00294	0.00637
21	0.01556	0.01718	0.01502	0.19716	0.08965	0.37855	0.01138	0.08141	0.06289	0.01571	0.01093	0.01475	0.00913	0.00601	0.00509	0.00156	0.00760	0.05082	0.00310	0.00648
22	0.01273	0.01219	0.02111	0.03029	0.70705	0.01213	0.06251	0.01588	0.01185	0.01709	0.01012	0.01321	0.00842	0.00468	0.00516	0.00155	0.00620	0.00474	0.03504	0.00804
23	0.01263	0.01226	0.02020	0.13957	0.65975	0.03265	0.01562	0.01573	0.01173	0.01638	0.00967	0.01294	0.00803	0.00474	0.00515	0.00157	0.00638	0.00460	0.00254	0.00785

[dist]
# distance from previous block
# <min> <max>
0	1

[block]
# block no. 11 follows, 47 sequences, length 26
# corresponding to MSA columns:
# 568-586,590-593,607-609
name=unknown_L
#
# <colnr> <probs for GDERKNQSTAVLIFYWHMCP>
#	G	D	E	R	K	N	Q	S	T	A	V	L	I	F	Y	W	H	M	C	P
0	0.01332	0.53639	0.14887	0.01199	0.06857	0.01809	0.01132	0.04624	0.01109	0.01413	0.00794	0.00952	0.00688	0.00500	0.00493	0.00134	0.07173	0.00331	0.00237	0.00696
1	0.38672	0.01172	0.03649	0.01154	0.09627	0.05552	0.02142	0.13687	0.01246	0.03853	0.01184	0.12271	0.01079	0.00678	0.00471	0.00167	0.01866	0.00520	0.00368	0.00643
2	0.12486	0.01108	0.09285	0.03473	0.01355	0.00865	0.00786	0.04832	0.01141	0.03406	0.03766	0.01482	0.06925	0.00537	0.00456	0.00120	0.02145	0.00415	0.00336	0.45081
3	0.01661	0.01291	0.01381	0.01134	0.01491	0.01451	0.00917	0.43824	0.33380	0.02772	0.01656	0.01682	0.01243	0.00684	0.00531	0.00167	0.00504	0.02861	0.00523	0.00848
4	0.01456	0.04110	0.11483	0.01494	0.01900	0.01462	0.20265	0.28736	0.01563	0.02156	0.01055	0.01309	0.00820	0.00618	0.00760	0.00174	0.15831	0.01709	0.00348	0.02751
5	0.00764	0.00513	0.00590	0.00600	0.00610	0.00513	0.00358	0.00784	0.00794	0.01055	0.01732	0.03610	0.01984	0.75116	0.02492	0.00483	0.00503	0.06842	0.00329	0.00329
6	0.00737	0.00532	0.00696	0.00655	0.00778	0.00491	0.00491	0.00983	0.01474	0.02088	0.78175	0.03890	0.04914	0.01065	0.00614	0.00164	0.00246	0.00942	0.00573	0.00491
7	0.01080	0.00926	0.01080	0.00771	0.01234	0.00694	0.00617	0.01311	0.01080	0.01697	0.00926	0.01080	0.00771	0.00386	0.00386	0.00077	0.00386	0.00309	0.00309	0.84882
8	0.01285	0.01085	0.01145	0.01018	0.01309	0.01232	0.00795	0.09044	0.62708	0.02208	0.04082	0.02187	0.08076	0.00759	0.00538	0.00174	0.00410	0.00630	0.00526	0.00789
9	0.01945	0.02482	0.01476	0.01342	0.01610	0.79608	0.01006	0.02079	0.01476	0.01275	0.00805	0.00939	0.00671	0.00537	0.00470	0.00134	0.00939	0.00335	0.00268	0.00604
10	0.00788	0.00581	0.00779	0.00862	0.00990	0.00572	0.00733	0.01005	0.01176	0.01522	0.05885	0.05327	0.16013	0.01612	0.07359	0.00276	0.00511	0.53068	0.00467	0.00472
11	0.02336	0.00886	0.01209	0.00927	0.01329	0.00765	0.00765	0.02538	0.01491	0.78810	0.02055	0.01773	0.01289	0.00645	0.00524	0.00161	0.00443	0.00524	0.00645	0.00886
12	0.00877	0.00637	0.00794	0.00716	0.00872	0.00618	0.00547	0.09504	0.01584	0.02223	0.69519	0.03593	0.04460	0.01015	0.00604	0.00163	0.00283	0.00889	0.00567	0.00536
13	0.01945	0.02482	0.01476	0.01342	0.01610	0.79608	0.01006	0.02079	0.01476	0.01275	0.00805	0.00939	0.00671	0.00537	0.00470	0.00134	0.00939	0.00335	0.00268	0.00604
14	0.00753	0.00522	0.00657	0.00657	0.00688	0.00553	0.00426	0.00814	0.00784	0.01076	0.01560	0.02958	0.01698	0.55980	0.28101	0.00615	0.00799	0.00691	0.00303	0.00365
15	0.00973	0.07460	0.00950	0.00768	0.00945	0.00675	0.00628	0.01207	0.01381	0.09507	0.47674	0.03854	0.03779	0.01052	0.00604	0.00176	0.00342	0.16952	0.00530	0.00543
16	0.01178	0.01320	0.02834	0.02054	0.02527	0.01250	0.68476	0.01581	0.01200	0.01630	0.01194	0.07955	0.01005	0.00548	0.00645	0.00180	0.02783	0.00682	0.00281	0.00676
17	0.01139	0.01139	0.01595	0.01367	0.01367	0.01595	0.01139	0.01253	0.00798	0.01253	0.00684	0.01139	0.00684	0.00911	0.01709	0.00228	0.80745	0.00456	0.00228	0.00570
18	0.01866	0.02266	0.01639	0.01463	0.04235	0.64021	0.07402	0.08150	0.01525	0.01486	0.00868	0.01015	0.00704	0.00533	0.00488	0.00140	0.00893	0.00374	0.00288	0.00642
19	0.01009	0.00952	0.01609	0.73926	0.09906	0.01164	0.01459	0.01353	0.01054	0.01362	0.00930	0.01380	0.00705	0.00516	0.00520	0.00172	0.00688	0.00463	0.00234	0.00599
20	0.00765	0.00508	0.00583	0.00583	0.00594	0.00514	0.00340	0.00788	0.00776	0.01062	0.01627	0.03255	0.01830	0.73074	0.07790	0.00512	0.00555	0.00733	0.03780	0.00333
21	0.01296	0.08193	0.01293	0.03558	0.03240	0.29673	0.00879	0.01527	0.04294	0.01340	0.01345	0.02122	0.01276	0.03274	0.22486	0.00355	0.00916	0.12064	0.00311	0.00559
22	0.00891	0.07421	0.01150	0.06956	0.01221	0.00958	0.02357	0.01111	0.04231	0.01462	0.11383	0.10175	0.26147	0.01050	0.00843	0.00186	0.19094	0.02446	0.00391	0.00526
23	0.01214	0.18853	0.47800	0.01303	0.01884	0.10572	0.01505	0.01628	0.01109	0.01475	0.00895	0.01123	0.00714	0.03847	0.00597	0.00167	0.04005	0.00375	0.00230	0.00702
24	0.01247	0.32549	0.20378	0.11143	0.01949	0.05621	0.09244	0.01564	0.01117	0.03253	0.03271	0.01255	0.00877	0.03837	0.00541	0.00159	0.00664	0.00411	0.00254	0.00666
25	0.07683	0.07290	0.03319	0.01230	0.07703	0.04166	0.08829	0.09915	0.06415	0.02995	0.05066	0.13263	0.03034	0.00731	0.00533	0.00155	0.02156	0.01668	0.00377	0.13472

[dist]
# distance from previous block
# <min> <max>
15	51

[block]
# block no. 12 follows, 47 sequences, length 19
# corresponding to MSA columns:
# 676-694
name=unknown_M
#
# <colnr> <probs for GDERKNQSTAVLIFYWHMCP>
#	G	D	E	R	K	N	Q	S	T	A	V	L	I	F	Y	W	H	M	C	P
0	0.04868	0.03297	0.04402	0.15220	0.10875	0.17581	0.04201	0.02666	0.01252	0.07914	0.03409	0.02054	0.16840	0.00694	0.00518	0.00157	0.00605	0.00570	0.00346	0.02530
1	0.18003	0.09219	0.03286	0.04589	0.06507	0.09849	0.00885	0.15405	0.01376	0.07365	0.02489	0.01156	0.00844	0.00516	0.00433	0.00137	0.00541	0.00379	0.00357	0.16665
2	0.06656	0.01328	0.01344	0.02221	0.05541	0.11799	0.00891	0.34187	0.01785	0.11563	0.06518	0.03728	0.03040	0.02520	0.00572	0.00163	0.01438	0.00521	0.00458	0.03729
3	0.10331	0.05112	0.01432	0.01418	0.16444	0.16812	0.00946	0.06605	0.03700	0.15957	0.08961	0.01506	0.01281	0.00592	0.00496	0.00148	0.01527	0.00464	0.00396	0.05872
4	0.22065	0.01654	0.34111	0.01327	0.11496	0.01065	0.01227	0.01438	0.00990	0.01702	0.01027	0.01514	0.00899	0.16423	0.00877	0.00229	0.00607	0.00443	0.00269	0.00636
5	0.01157	0.01001	0.01549	0.10059	0.41408	0.00982	0.01161	0.01443	0.01133	0.01710	0.01105	0.01389	0.00902	0.00483	0.00463	0.00136	0.00510	0.00440	0.16814	0.16156
6	0.01861	0.00987	0.01462	0.16962	0.15937	0.00972	0.01063	0.05882	0.01395	0.45636	0.01595	0.01582	0.01067	0.00586	0.00521	0.00162	0.00531	0.00498	0.00486	0.00815
7	0.17674	0.00975	0.00991	0.00925	0.01176	0.01110	0.00711	0.02150	0.48434	0.02054	0.01984	0.16299	0.01729	0.00832	0.00514	0.00180	0.00390	0.00692	0.00481	0.00700
8	0.01602	0.51812	0.02253	0.01062	0.01440	0.31507	0.00935	0.01757	0.01217	0.01244	0.00755	0.00875	0.00669	0.00480	0.00386	0.00120	0.00702	0.00300	0.00240	0.00644
9	0.01249	0.47176	0.02121	0.01266	0.15375	0.05515	0.00929	0.01433	0.01128	0.01351	0.01668	0.01743	0.15920	0.00625	0.00429	0.00133	0.00530	0.00476	0.00283	0.00649
10	0.00973	0.00713	0.00918	0.00851	0.00986	0.00800	0.00649	0.14802	0.01117	0.01551	0.01416	0.02162	0.01339	0.18279	0.50299	0.00648	0.01073	0.00580	0.00330	0.00513
11	0.01047	0.01013	0.01449	0.01516	0.15362	0.01263	0.01057	0.01204	0.00947	0.01364	0.01669	0.01965	0.15955	0.01036	0.04574	0.00230	0.46890	0.00588	0.00286	0.00587
12	0.00809	0.00611	0.00811	0.00754	0.00890	0.00620	0.00556	0.00954	0.00861	0.01246	0.01374	0.02227	0.01360	0.23754	0.44812	0.00610	0.00975	0.00565	0.00294	0.15915
13	0.01284	0.16954	0.50034	0.01349	0.01962	0.16748	0.01558	0.01717	0.01166	0.01499	0.00871	0.01020	0.00663	0.00494	0.00461	0.00149	0.00765	0.00356	0.00230	0.00719
14	0.01264	0.16058	0.02356	0.10826	0.41445	0.01395	0.16162	0.01576	0.01155	0.01568	0.00941	0.01239	0.00775	0.00462	0.00502	0.00153	0.00666	0.00459	0.00250	0.00746
15	0.00782	0.00911	0.14951	0.00728	0.00904	0.00621	0.00626	0.00919	0.00904	0.01205	0.02225	0.03299	0.16649	0.51025	0.01856	0.00378	0.00506	0.00756	0.00331	0.00423
16	0.01190	0.01494	0.16333	0.13376	0.39248	0.01237	0.16347	0.01584	0.01158	0.01634	0.00978	0.01291	0.00770	0.00473	0.00532	0.00163	0.00708	0.00479	0.00248	0.00757
17	0.01405	0.01468	0.01965	0.06104	0.60201	0.16613	0.01476	0.01681	0.01237	0.01602	0.00943	0.01224	0.00789	0.00481	0.00507	0.00151	0.00685	0.00439	0.00259	0.00771
18	0.01651	0.01023	0.01786	0.04725	0.01838	0.00970	0.25244	0.01937	0.01315	0.36015	0.01730	0.02215	0.01329	0.00701	0.00632	0.00181	0.04000	0.11504	0.00462	0.00741

[dist]
# distance from previous block
# <min> <max>
0	47

# created by:
# /home/cegg/simao/soft/augustus-3.2.1/scripts/msa2prfl.pl ./align_prep/EOG091G0QEQ.fa
