[name]
unknown

[dist]
# distance from previous block
# <min> <max>
0	87

[block]
# block no. 0 follows, 56 sequences, length 12
# corresponding to MSA columns:
# 89-100
name=unknown_A
#
# <colnr> <probs for GDERKNQSTAVLIFYWHMCP>
#	G	D	E	R	K	N	Q	S	T	A	V	L	I	F	Y	W	H	M	C	P
0	0.20176	0.00823	0.00898	0.00762	0.01030	0.00861	0.00605	0.04539	0.22250	0.24493	0.11596	0.01697	0.01477	0.04324	0.00516	0.00158	0.00359	0.00481	0.00448	0.02507
1	0.01109	0.01063	0.01815	0.10838	0.73193	0.01084	0.01396	0.01385	0.01033	0.01467	0.00859	0.01145	0.00716	0.00414	0.00455	0.00138	0.00552	0.00409	0.00225	0.00705
2	0.00600	0.00459	0.00549	0.00544	0.00659	0.00409	0.00401	0.00763	0.01156	0.01540	0.43381	0.13516	0.32198	0.01081	0.00547	0.00153	0.00228	0.00939	0.00467	0.00409
3	0.01110	0.01064	0.01816	0.10670	0.73356	0.01084	0.01396	0.01386	0.01033	0.01468	0.00859	0.01145	0.00716	0.00414	0.00455	0.00138	0.00552	0.00409	0.00225	0.00706
4	0.01669	0.00667	0.00859	0.00691	0.00965	0.00595	0.00560	0.01859	0.01200	0.55491	0.01709	0.01611	0.01150	0.00557	0.00416	0.00131	0.00333	0.00451	0.28420	0.00667
5	0.01336	0.01034	0.01445	0.17740	0.11904	0.01186	0.03750	0.22788	0.03033	0.11872	0.01008	0.01187	0.00758	0.00566	0.00686	0.00156	0.18146	0.00422	0.00329	0.00653
6	0.01027	0.27275	0.51134	0.01198	0.01772	0.01303	0.07512	0.01431	0.00967	0.01341	0.00775	0.00919	0.00593	0.00419	0.00401	0.00132	0.00629	0.00326	0.00198	0.00647
7	0.00565	0.00405	0.00544	0.00645	0.00674	0.00384	0.00434	0.00649	0.00871	0.01166	0.02458	0.79020	0.02931	0.01550	0.05115	0.00217	0.00320	0.01260	0.00416	0.00375
8	0.00867	0.00816	0.01377	0.82762	0.03162	0.01020	0.01275	0.01173	0.00918	0.01173	0.00816	0.01224	0.00612	0.00459	0.00459	0.00153	0.00612	0.00408	0.00204	0.00510
9	0.53371	0.00964	0.00880	0.00797	0.02769	0.02971	0.02310	0.05130	0.21427	0.01996	0.01080	0.01115	0.02534	0.00499	0.00357	0.00145	0.00386	0.00353	0.00339	0.00575
10	0.01187	0.01111	0.01873	0.02590	0.65851	0.01091	0.07490	0.01433	0.01109	0.01573	0.01118	0.01671	0.01003	0.00556	0.00520	0.00163	0.00582	0.08063	0.00280	0.00736
11	0.07917	0.24320	0.04326	0.04660	0.40762	0.01300	0.01117	0.04282	0.04571	0.01483	0.00834	0.01016	0.00694	0.00423	0.00397	0.00128	0.00512	0.00354	0.00240	0.00663

[dist]
# distance from previous block
# <min> <max>
0	1

[block]
# block no. 1 follows, 56 sequences, length 109
# corresponding to MSA columns:
# 102-154,156-211
name=unknown_B
#
# <colnr> <probs for GDERKNQSTAVLIFYWHMCP>
#	G	D	E	R	K	N	Q	S	T	A	V	L	I	F	Y	W	H	M	C	P
0	0.01028	0.08653	0.46603	0.03451	0.26971	0.02622	0.01507	0.01434	0.00995	0.01426	0.00819	0.01006	0.00629	0.00425	0.00430	0.00138	0.00622	0.00354	0.00206	0.00680
1	0.00992	0.21334	0.63150	0.01187	0.01799	0.01240	0.01485	0.01436	0.00961	0.01367	0.00781	0.00915	0.00583	0.00426	0.00403	0.00134	0.00635	0.00318	0.00194	0.00658
2	0.00559	0.00400	0.00533	0.00639	0.00666	0.00373	0.00426	0.00639	0.00879	0.01172	0.02530	0.83566	0.03036	0.01438	0.00586	0.00186	0.00266	0.01305	0.00426	0.00373
3	0.00744	0.04298	0.09530	0.00804	0.00981	0.00664	0.03814	0.01075	0.12600	0.01337	0.03728	0.43342	0.07593	0.03760	0.00593	0.00179	0.00363	0.03730	0.00386	0.00478
4	0.01118	0.01164	0.06844	0.02578	0.69511	0.01102	0.01381	0.01450	0.04789	0.01504	0.00900	0.01149	0.00746	0.00434	0.00490	0.00140	0.03338	0.00410	0.00236	0.00716
5	0.01112	0.01260	0.02574	0.01992	0.09978	0.04189	0.68840	0.01478	0.01088	0.01460	0.00914	0.01213	0.00696	0.00392	0.00529	0.00152	0.00754	0.00520	0.00232	0.00626
6	0.00559	0.00400	0.00533	0.00639	0.00666	0.00373	0.00426	0.00639	0.00879	0.01172	0.02530	0.83566	0.03036	0.01438	0.00586	0.00186	0.00266	0.01305	0.00426	0.00373
7	0.01213	0.47877	0.22752	0.00981	0.01423	0.11211	0.01034	0.03026	0.04393	0.01254	0.00757	0.00857	0.00626	0.00427	0.00356	0.00116	0.00575	0.00291	0.00217	0.00615
8	0.01054	0.34313	0.42549	0.01201	0.06655	0.01354	0.02931	0.01411	0.00967	0.01316	0.01973	0.00932	0.00653	0.00424	0.00386	0.00126	0.00591	0.00319	0.00203	0.00642
9	0.00562	0.00401	0.00532	0.00636	0.00662	0.00375	0.00423	0.00640	0.00874	0.01165	0.02506	0.81719	0.03005	0.03328	0.00626	0.00192	0.00270	0.01291	0.00423	0.00371
10	0.01134	0.01098	0.01904	0.02776	0.77266	0.01094	0.05112	0.01412	0.01047	0.01498	0.00867	0.01141	0.00726	0.00408	0.00459	0.00137	0.00556	0.00415	0.00227	0.00722
11	0.03313	0.01105	0.06286	0.01113	0.02692	0.06080	0.14864	0.06008	0.32108	0.02885	0.15800	0.01770	0.01631	0.00639	0.01507	0.00156	0.00481	0.00539	0.00390	0.00633
12	0.00921	0.02375	0.81487	0.01309	0.01987	0.01066	0.01696	0.01454	0.00969	0.01454	0.00824	0.00969	0.00582	0.00436	0.00436	0.00145	0.00678	0.00339	0.00194	0.00678
13	0.00568	0.00400	0.00535	0.00638	0.00663	0.00374	0.00425	0.00638	0.00868	0.01158	0.02465	0.80482	0.02952	0.01444	0.00631	0.03431	0.00271	0.01271	0.00418	0.00366
14	0.04799	0.01057	0.01325	0.01058	0.01375	0.02125	0.11153	0.28507	0.21813	0.12357	0.01468	0.08433	0.01156	0.00621	0.00476	0.00149	0.00467	0.00533	0.00433	0.00696
15	0.02632	0.01383	0.01781	0.01374	0.01729	0.20533	0.31005	0.12167	0.10332	0.09613	0.02182	0.01231	0.00854	0.00483	0.00480	0.00142	0.00652	0.00455	0.00328	0.00644
16	0.00559	0.00400	0.00533	0.00639	0.00666	0.00373	0.00426	0.00639	0.00879	0.01172	0.02530	0.83566	0.03036	0.01438	0.00586	0.00186	0.00266	0.01305	0.00426	0.00373
17	0.00896	0.00862	0.01374	0.79999	0.03103	0.03763	0.01262	0.01195	0.00931	0.01171	0.00812	0.01211	0.00611	0.00459	0.00457	0.00152	0.00619	0.00404	0.00205	0.00511
18	0.00708	0.00563	0.00651	0.00611	0.00726	0.04877	0.00458	0.00919	0.01300	0.01802	0.76400	0.03288	0.04128	0.00913	0.00535	0.00143	0.00250	0.00801	0.00491	0.00439
19	0.02025	0.00834	0.01073	0.00832	0.01181	0.03442	0.00683	0.02229	0.03340	0.76563	0.01775	0.01542	0.01125	0.00566	0.00460	0.00142	0.00405	0.00458	0.00554	0.00771
20	0.01136	0.01086	0.01828	0.02738	0.77616	0.01093	0.01380	0.01453	0.04402	0.01518	0.00906	0.01161	0.00756	0.00418	0.00455	0.00137	0.00538	0.00414	0.00237	0.00727
21	0.00650	0.00469	0.00614	0.00578	0.00686	0.00433	0.00433	0.00866	0.01300	0.01841	0.80760	0.03429	0.04332	0.00939	0.00541	0.00144	0.00217	0.00830	0.00505	0.00433
22	0.01113	0.00961	0.01011	0.00912	0.01167	0.01106	0.00709	0.02355	0.76412	0.01888	0.02001	0.01841	0.05175	0.00649	0.00471	0.00156	0.00357	0.00540	0.00465	0.00711
23	0.83492	0.00905	0.00705	0.00623	0.00911	0.01047	0.00513	0.04659	0.00840	0.02095	0.00659	0.00761	0.00509	0.00431	0.00292	0.00142	0.00361	0.00256	0.00292	0.00509
24	0.81442	0.00887	0.00705	0.00621	0.00910	0.01015	0.00511	0.02344	0.00827	0.06387	0.00709	0.00795	0.00535	0.00435	0.00296	0.00142	0.00359	0.00262	0.00302	0.00516
25	0.05487	0.00902	0.01121	0.00872	0.01215	0.05178	0.03630	0.06411	0.02515	0.59245	0.04149	0.01489	0.01133	0.00553	0.00452	0.00138	0.00426	0.00449	0.00504	0.04132
26	0.01825	0.00789	0.01041	0.00788	0.01154	0.00661	0.00647	0.02008	0.01237	0.64407	0.01600	0.01433	0.01040	0.00520	0.00436	0.00126	0.00380	0.00421	0.00505	0.18979
27	0.01743	0.01362	0.01371	0.01067	0.01423	0.08258	0.00874	0.72888	0.02086	0.02743	0.01069	0.01079	0.00765	0.00545	0.00455	0.00136	0.00533	0.00403	0.00440	0.00760
28	0.01136	0.01091	0.01863	0.02818	0.81002	0.01091	0.01409	0.01409	0.01045	0.01500	0.00864	0.01136	0.00727	0.00409	0.00455	0.00136	0.00545	0.00409	0.00227	0.00727
29	0.00568	0.00406	0.00541	0.00633	0.00668	0.00379	0.00427	0.00661	0.00920	0.01237	0.10105	0.75806	0.03162	0.01390	0.00582	0.00182	0.00262	0.01259	0.00434	0.00379
30	0.01789	0.01216	0.01334	0.01023	0.01389	0.01319	0.00845	0.68696	0.02041	0.13835	0.01201	0.01166	0.00830	0.00554	0.00460	0.00138	0.00489	0.00420	0.00474	0.00781
31	0.01136	0.01091	0.01863	0.02818	0.81002	0.01091	0.01409	0.01409	0.01045	0.01500	0.00864	0.01136	0.00727	0.00409	0.00455	0.00136	0.00545	0.00409	0.00227	0.00727
32	0.00552	0.00475	0.00487	0.00502	0.01881	0.00399	0.00365	0.00671	0.01046	0.01244	0.04591	0.04367	0.79559	0.01151	0.00541	0.00155	0.00237	0.00960	0.00423	0.00393
33	0.00904	0.00833	0.01412	0.64658	0.11104	0.00988	0.04523	0.01203	0.00942	0.01261	0.00878	0.01253	0.00671	0.00456	0.00451	0.00148	0.00581	0.00415	0.06787	0.00531
34	0.00755	0.00559	0.00692	0.00645	0.00780	0.00548	0.00495	0.06375	0.06213	0.01856	0.61604	0.05130	0.06515	0.00930	0.00537	0.00150	0.00259	0.04996	0.00491	0.00472
35	0.00740	0.00511	0.00649	0.00602	0.00728	0.00482	0.00452	0.01003	0.05565	0.05568	0.67169	0.03270	0.06801	0.03720	0.00594	0.00155	0.00241	0.00795	0.00496	0.00459
36	0.00867	0.00816	0.01377	0.82762	0.03162	0.01020	0.01275	0.01173	0.00918	0.01173	0.00816	0.01224	0.00612	0.00459	0.00459	0.00153	0.00612	0.00408	0.00204	0.00510
37	0.01136	0.01091	0.01863	0.02818	0.81002	0.01091	0.01409	0.01409	0.01045	0.01500	0.00864	0.01136	0.00727	0.00409	0.00455	0.00136	0.00545	0.00409	0.00227	0.00727
38	0.04067	0.01117	0.01227	0.00953	0.01306	0.05494	0.00782	0.41381	0.01728	0.35121	0.01361	0.01268	0.00910	0.00551	0.00453	0.00139	0.00472	0.00423	0.00488	0.00760
39	0.00550	0.00465	0.00475	0.00473	0.00624	0.00391	0.00354	0.00673	0.01063	0.01280	0.09678	0.04353	0.75763	0.01148	0.00543	0.00154	0.00231	0.00960	0.00432	0.00391
40	0.05651	0.00813	0.01066	0.00821	0.01174	0.00731	0.00678	0.06406	0.01337	0.73686	0.01723	0.01503	0.01090	0.00561	0.00454	0.00142	0.00395	0.00450	0.00550	0.00769
41	0.00867	0.00816	0.01377	0.82762	0.03162	0.01020	0.01275	0.01173	0.00918	0.01173	0.00816	0.01224	0.00612	0.00459	0.00459	0.00153	0.00612	0.00408	0.00204	0.00510
42	0.00638	0.00465	0.00599	0.00573	0.00680	0.00427	0.00427	0.00840	0.01259	0.01764	0.71318	0.07861	0.09468	0.00981	0.00544	0.00147	0.00220	0.00866	0.00496	0.00427
43	0.00640	0.00484	0.00704	0.03860	0.04234	0.00506	0.00570	0.00773	0.00850	0.01162	0.01942	0.44016	0.02174	0.02036	0.28560	0.00374	0.00632	0.05726	0.00347	0.00409
44	0.00928	0.00801	0.00834	0.00767	0.00989	0.00873	0.00592	0.01805	0.51987	0.01678	0.02860	0.02677	0.29690	0.00815	0.00494	0.00155	0.00317	0.00679	0.00453	0.00606
45	0.00637	0.00469	0.00595	0.00564	0.00678	0.00428	0.00423	0.00841	0.01269	0.01767	0.71436	0.03551	0.13701	0.00966	0.00542	0.00146	0.00219	0.00847	0.00496	0.00428
46	0.00647	0.00497	0.00620	0.00669	0.00794	0.00470	0.00553	0.00815	0.01033	0.01304	0.05128	0.04545	0.35737	0.01390	0.07101	0.00228	0.00402	0.37250	0.00412	0.00407
47	0.01386	0.01532	0.01339	0.01166	0.01317	0.35475	0.00927	0.09312	0.05429	0.01336	0.00767	0.00978	0.00659	0.00629	0.00883	0.00157	0.35533	0.00364	0.00256	0.00555
48	0.01064	0.01372	0.13094	0.01783	0.02257	0.01151	0.63254	0.01518	0.05593	0.01488	0.00964	0.01226	0.00720	0.00414	0.00539	0.00154	0.02028	0.00511	0.00240	0.00631
49	0.01158	0.01056	0.01330	0.01596	0.29425	0.04521	0.00964	0.04572	0.41892	0.01766	0.05735	0.01544	0.01267	0.00556	0.00464	0.00146	0.00444	0.00484	0.00374	0.00704
50	0.01066	0.01186	0.02514	0.05284	0.02331	0.01134	0.69955	0.01485	0.04618	0.01475	0.01015	0.01387	0.00788	0.00429	0.00538	0.00157	0.00737	0.03043	0.00248	0.00613
51	0.01095	0.01048	0.01788	0.15156	0.68989	0.01080	0.01388	0.01373	0.01026	0.01449	0.00856	0.01150	0.00709	0.00417	0.00455	0.00139	0.00556	0.00409	0.00224	0.00694
52	0.02776	0.09127	0.63588	0.01186	0.01777	0.01102	0.01466	0.05111	0.01042	0.01530	0.06408	0.01123	0.00852	0.00473	0.00429	0.00141	0.00615	0.00367	0.00230	0.00655
53	0.01658	0.02143	0.04337	0.01265	0.05222	0.75138	0.00942	0.01799	0.01276	0.01154	0.00721	0.00848	0.00597	0.00469	0.00417	0.00120	0.00809	0.00303	0.00235	0.00547
54	0.00562	0.00401	0.00535	0.00638	0.00666	0.00374	0.00426	0.00645	0.00890	0.01190	0.04609	0.81437	0.03071	0.01425	0.00585	0.00185	0.00265	0.01293	0.00428	0.00374
55	0.00871	0.00814	0.01365	0.73454	0.07731	0.00992	0.01237	0.01171	0.00946	0.01229	0.05173	0.01339	0.00822	0.00482	0.00463	0.00152	0.00586	0.00431	0.00222	0.00519
56	0.01097	0.01130	0.05518	0.02512	0.67978	0.03653	0.01324	0.01361	0.01036	0.01458	0.00995	0.07982	0.00908	0.00498	0.00463	0.00140	0.00538	0.00477	0.00243	0.00689
57	0.00708	0.00465	0.00583	0.00595	0.00633	0.00467	0.00389	0.00768	0.00790	0.04851	0.05002	0.24172	0.02039	0.43749	0.11097	0.00380	0.01815	0.00809	0.00336	0.00353
58	0.00652	0.00483	0.00705	0.00710	0.00781	0.00552	0.00538	0.00796	0.00738	0.01054	0.01313	0.05807	0.01289	0.11260	0.70334	0.00683	0.01107	0.00548	0.00258	0.00395
59	0.05224	0.01025	0.01719	0.15839	0.56681	0.01057	0.04606	0.01414	0.01028	0.05733	0.00898	0.01159	0.00718	0.00426	0.00451	0.00140	0.00549	0.00410	0.00245	0.00679
60	0.31451	0.07441	0.01245	0.01183	0.12955	0.30923	0.00817	0.05267	0.02266	0.01599	0.00738	0.00864	0.00599	0.00447	0.00369	0.00129	0.00574	0.00301	0.00263	0.00568
61	0.01163	0.01111	0.01793	0.06780	0.69805	0.03083	0.01356	0.05111	0.01092	0.01533	0.00864	0.01129	0.00718	0.00427	0.00473	0.00138	0.02069	0.00406	0.00237	0.00710
62	0.01122	0.01076	0.01829	0.02761	0.79041	0.01074	0.01383	0.01391	0.01045	0.01494	0.00956	0.01216	0.02681	0.00427	0.00457	0.00137	0.00538	0.00423	0.00232	0.00719
63	0.00702	0.00540	0.00793	0.06801	0.00968	0.00638	0.00608	0.00836	0.00734	0.01042	0.01167	0.01848	0.01125	0.13520	0.56772	0.04265	0.06505	0.00499	0.00242	0.00397
64	0.00999	0.00918	0.01515	0.02201	0.58770	0.00908	0.01142	0.01251	0.01097	0.01559	0.18379	0.03713	0.03166	0.00577	0.00481	0.00141	0.00459	0.01782	0.00299	0.00643
65	0.00952	0.00816	0.00952	0.00680	0.01088	0.00612	0.00544	0.01156	0.00952	0.01496	0.00816	0.00952	0.00680	0.00340	0.00340	0.00068	0.00340	0.00272	0.00272	0.86672
66	0.00658	0.00528	0.00808	0.02083	0.10455	0.00506	0.04306	0.00779	0.00909	0.01226	0.02230	0.68605	0.02614	0.01251	0.00566	0.00178	0.00329	0.01149	0.00390	0.00429
67	0.01221	0.80625	0.02419	0.00834	0.01230	0.01789	0.04118	0.01379	0.00939	0.01097	0.00651	0.00758	0.00594	0.00393	0.00305	0.00101	0.00503	0.00258	0.00198	0.00590
68	0.00559	0.00401	0.00531	0.00635	0.00665	0.00373	0.00424	0.00640	0.00883	0.01174	0.02587	0.81463	0.05103	0.01431	0.00585	0.00186	0.00265	0.01296	0.00426	0.00373
69	0.00867	0.00816	0.01377	0.82762	0.03162	0.01020	0.01275	0.01173	0.00918	0.01173	0.00816	0.01224	0.00612	0.00459	0.00459	0.00153	0.00612	0.00408	0.00204	0.00510
70	0.01004	0.00839	0.01069	0.11214	0.06224	0.00742	0.00710	0.07126	0.01043	0.02831	0.00958	0.05535	0.00827	0.00500	0.01987	0.00109	0.00414	0.00372	0.00288	0.56208
71	0.01132	0.01086	0.01856	0.04087	0.79766	0.01090	0.01407	0.01405	0.01043	0.01495	0.00863	0.01138	0.00725	0.00410	0.00455	0.00137	0.00546	0.00409	0.00227	0.00724
72	0.01078	0.01025	0.01740	0.09349	0.69482	0.01040	0.01336	0.01341	0.01024	0.01452	0.00964	0.06302	0.00862	0.00478	0.00463	0.00141	0.00533	0.00465	0.00238	0.00687
73	0.01142	0.00986	0.01038	0.00934	0.01194	0.01142	0.00727	0.02440	0.80172	0.01920	0.01869	0.01713	0.01401	0.00623	0.00467	0.00156	0.00363	0.00519	0.00467	0.00727
74	0.00867	0.00816	0.01377	0.82762	0.03162	0.01020	0.01275	0.01173	0.00918	0.01173	0.00816	0.01224	0.00612	0.00459	0.00459	0.00153	0.00612	0.00408	0.00204	0.00510
75	0.02055	0.00789	0.01070	0.00821	0.01176	0.00687	0.00678	0.03459	0.01327	0.80079	0.01800	0.01555	0.01131	0.00568	0.00462	0.00142	0.00392	0.00461	0.00566	0.00781
76	0.00679	0.00543	0.00751	0.00785	0.02437	0.00509	0.04862	0.00856	0.01043	0.01323	0.04316	0.11425	0.30453	0.01176	0.00587	0.00184	0.00360	0.36879	0.00411	0.00423
77	0.00867	0.00816	0.01377	0.82762	0.03162	0.01020	0.01275	0.01173	0.00918	0.01173	0.00816	0.01224	0.00612	0.00459	0.00459	0.00153	0.00612	0.00408	0.00204	0.00510
78	0.00898	0.00848	0.01433	0.73563	0.12119	0.01028	0.01290	0.01200	0.00933	0.01211	0.00821	0.01214	0.00625	0.00453	0.00458	0.00151	0.00604	0.00408	0.00207	0.00535
79	0.01534	0.00948	0.06717	0.18886	0.07491	0.00857	0.02744	0.06900	0.01225	0.41010	0.03070	0.01551	0.01043	0.00552	0.00468	0.00147	0.00484	0.03269	0.00417	0.00687
80	0.00559	0.00400	0.00533	0.00639	0.00666	0.00373	0.00426	0.00639	0.00879	0.01172	0.02530	0.83566	0.03036	0.01438	0.00586	0.00186	0.00266	0.01305	0.00426	0.00373
81	0.01363	0.01245	0.01174	0.01049	0.03330	0.14127	0.00801	0.18812	0.48827	0.01991	0.01493	0.01426	0.01122	0.00578	0.00457	0.00145	0.00473	0.00458	0.00422	0.00707
82	0.01055	0.04522	0.02673	0.07861	0.40524	0.00974	0.03152	0.01359	0.04759	0.01468	0.00892	0.01111	0.00735	0.00452	0.01758	0.00128	0.00499	0.00372	0.00248	0.25457
83	0.02733	0.01003	0.01277	0.09330	0.05174	0.06695	0.00932	0.07056	0.00894	0.01267	0.00799	0.01238	0.00745	0.06850	0.08527	0.00247	0.44063	0.00420	0.00236	0.00513
84	0.00966	0.11346	0.67376	0.01293	0.01926	0.01156	0.06878	0.01446	0.00973	0.01414	0.00810	0.00962	0.00590	0.00428	0.00428	0.00141	0.00664	0.00343	0.00197	0.00665
85	0.01309	0.02168	0.16375	0.03921	0.15663	0.00914	0.10111	0.06700	0.01166	0.23951	0.03000	0.10292	0.01138	0.00591	0.00478	0.00148	0.00515	0.00531	0.00359	0.00671
86	0.11741	0.01320	0.01314	0.08352	0.13542	0.18824	0.00925	0.28069	0.02690	0.04608	0.00940	0.01086	0.00725	0.02526	0.00484	0.00144	0.01360	0.00376	0.00329	0.00645
87	0.00689	0.00583	0.00810	0.20684	0.05801	0.00600	0.00672	0.02682	0.00985	0.01254	0.02702	0.30226	0.28524	0.01028	0.00530	0.00164	0.00360	0.00902	0.00362	0.00441
88	0.01049	0.00996	0.01698	0.15804	0.60198	0.01026	0.02837	0.01317	0.01016	0.01424	0.00989	0.05971	0.00884	0.00496	0.00469	0.00144	0.00542	0.02241	0.00239	0.00662
89	0.01226	0.01028	0.01085	0.00951	0.01226	0.01181	0.00747	0.13178	0.69297	0.02056	0.01762	0.01628	0.01315	0.00613	0.00466	0.00153	0.00383	0.00504	0.00466	0.00734
90	0.00971	0.00804	0.01252	0.14134	0.26598	0.00815	0.03184	0.05359	0.01088	0.05170	0.10685	0.19218	0.01677	0.00724	0.00494	0.00149	0.00442	0.01830	0.00333	0.05074
91	0.01116	0.01070	0.01826	0.08912	0.75068	0.01085	0.01399	0.01391	0.01036	0.01475	0.00860	0.01143	0.00718	0.00413	0.00455	0.00138	0.00550	0.00409	0.00225	0.00711
92	0.01074	0.03341	0.33852	0.01476	0.01986	0.01053	0.33769	0.01501	0.02597	0.07855	0.01069	0.03425	0.00833	0.00487	0.00491	0.00152	0.00664	0.03470	0.00260	0.00643
93	0.00831	0.00798	0.01391	0.12470	0.01603	0.00794	0.25680	0.01094	0.02963	0.02640	0.07198	0.08626	0.25272	0.00788	0.00575	0.00159	0.04142	0.02141	0.00332	0.00500
94	0.00921	0.00866	0.01457	0.64840	0.17869	0.01033	0.01282	0.01215	0.00939	0.01241	0.00830	0.01210	0.00642	0.00457	0.00477	0.00150	0.02203	0.00408	0.01411	0.00550
95	0.01104	0.01060	0.01796	0.10711	0.69869	0.01097	0.01378	0.01373	0.01018	0.01451	0.00848	0.01139	0.00710	0.00431	0.00500	0.00141	0.04047	0.00409	0.00224	0.00696
96	0.01081	0.09984	0.20947	0.16054	0.10109	0.02219	0.01098	0.05967	0.01062	0.09617	0.01237	0.14811	0.01118	0.00636	0.00460	0.00148	0.00522	0.02032	0.00297	0.00603
97	0.01360	0.00928	0.01299	0.29368	0.01945	0.01024	0.04269	0.22519	0.01336	0.19137	0.01214	0.04677	0.00917	0.00623	0.02006	0.00160	0.03537	0.01398	0.01645	0.00637
98	0.01025	0.00705	0.00872	0.00867	0.04493	0.04112	0.00633	0.02298	0.05334	0.16299	0.05250	0.25951	0.10019	0.01182	0.07471	0.00214	0.08681	0.03672	0.00404	0.00519
99	0.00708	0.00523	0.00663	0.00657	0.00706	0.02945	0.00464	0.00778	0.00716	0.00980	0.01248	0.02169	0.01285	0.32632	0.42408	0.08172	0.01803	0.00541	0.00253	0.00348
100	0.03980	0.00840	0.00968	0.00714	0.01098	0.00688	0.00572	0.07643	0.01062	0.05902	0.00949	0.04003	0.00793	0.00413	0.00363	0.00085	0.00354	0.00331	0.00309	0.68933
101	0.00841	0.00720	0.01091	0.06845	0.09202	0.00682	0.08929	0.01066	0.02232	0.02946	0.08593	0.13782	0.11640	0.00821	0.00528	0.00150	0.02010	0.12072	0.00349	0.15502
102	0.00855	0.00803	0.01344	0.79761	0.03069	0.00997	0.01241	0.01154	0.00923	0.01175	0.00956	0.01340	0.03537	0.00485	0.00462	0.00153	0.00598	0.00428	0.00212	0.00506
103	0.01037	0.00979	0.01652	0.07563	0.61839	0.00983	0.03033	0.01299	0.01058	0.01493	0.08493	0.03489	0.04033	0.00514	0.00471	0.00140	0.00506	0.00494	0.00264	0.00662
104	0.00665	0.00472	0.00650	0.00650	0.00701	0.00523	0.00465	0.00759	0.00708	0.00995	0.01289	0.02207	0.01316	0.31372	0.51371	0.03769	0.00926	0.00550	0.00255	0.00356
105	0.02047	0.00833	0.01074	0.00830	0.01181	0.03642	0.00683	0.02223	0.01314	0.78395	0.01771	0.01536	0.01117	0.00565	0.00460	0.00141	0.00407	0.00456	0.00556	0.00772
106	0.00677	0.00468	0.00604	0.00588	0.00695	0.00428	0.00434	0.00860	0.01207	0.04575	0.58189	0.17425	0.10058	0.01030	0.00546	0.00152	0.00233	0.00911	0.00488	0.00432
107	0.01147	0.01121	0.01825	0.05759	0.75178	0.04040	0.01385	0.01416	0.01050	0.01474	0.00856	0.01128	0.00718	0.00413	0.00453	0.00136	0.00558	0.00405	0.00227	0.00712
108	0.01710	0.01014	0.12735	0.00949	0.04165	0.00753	0.00834	0.05230	0.01271	0.55977	0.05279	0.04298	0.02440	0.00597	0.00467	0.00144	0.00428	0.00493	0.00487	0.00729

[dist]
# distance from previous block
# <min> <max>
0	45

# created by:
# /home/cegg/simao/soft/augustus-3.2.1/scripts/msa2prfl.pl ./align_prep/EOG091G1422.fa
