[name]
unknown

[dist]
# distance from previous block
# <min> <max>
0	23

[block]
# block no. 0 follows, 61 sequences, length 52
# corresponding to MSA columns:
# 23-74
name=unknown_A
#
# <colnr> <probs for GDERKNQSTAVLIFYWHMCP>
#	G	D	E	R	K	N	Q	S	T	A	V	L	I	F	Y	W	H	M	C	P
0	0.01112	0.01007	0.01664	0.02428	0.72449	0.01011	0.01247	0.05857	0.01052	0.03955	0.02144	0.01174	0.00780	0.00417	0.00431	0.00129	0.00498	0.01724	0.00243	0.00678
1	0.01072	0.01000	0.01721	0.02435	0.70491	0.00995	0.06274	0.01344	0.02480	0.03873	0.00910	0.03811	0.00774	0.00422	0.00436	0.00131	0.00509	0.00422	0.00234	0.00667
2	0.01087	0.01081	0.01975	0.01570	0.08060	0.01079	0.47952	0.05300	0.21944	0.03664	0.01125	0.01272	0.00842	0.00434	0.00478	0.00143	0.00589	0.00486	0.00293	0.00626
3	0.03954	0.01009	0.01698	0.05002	0.77094	0.01020	0.01290	0.01314	0.00969	0.01416	0.00802	0.01056	0.00672	0.00386	0.00421	0.00129	0.00508	0.00379	0.00214	0.00669
4	0.01062	0.01021	0.01734	0.02594	0.79472	0.01033	0.01309	0.01312	0.00970	0.01395	0.00802	0.01062	0.00678	0.00396	0.00459	0.00130	0.03298	0.00384	0.00212	0.00675
5	0.01720	0.00961	0.01123	0.00880	0.01204	0.04695	0.02292	0.25012	0.10118	0.45146	0.01447	0.01318	0.00964	0.00527	0.00433	0.00133	0.00421	0.00420	0.00472	0.00714
6	0.00706	0.00513	0.00707	0.03470	0.00880	0.00500	0.03570	0.02939	0.03451	0.04796	0.09446	0.35301	0.11130	0.01093	0.00535	0.00168	0.00320	0.19658	0.00400	0.00417
7	0.00872	0.04605	0.80325	0.01214	0.01843	0.01021	0.01567	0.01362	0.00908	0.01354	0.00768	0.00903	0.00546	0.00408	0.00405	0.00135	0.00632	0.00316	0.00182	0.00634
8	0.03786	0.01306	0.01267	0.00996	0.01323	0.11791	0.00812	0.68647	0.01890	0.02483	0.00976	0.00993	0.00703	0.00505	0.00421	0.00127	0.00509	0.00370	0.00400	0.00696
9	0.00532	0.00456	0.00458	0.00454	0.00604	0.00393	0.00342	0.00687	0.04270	0.01190	0.04257	0.04042	0.78701	0.01070	0.00506	0.00145	0.00223	0.00892	0.00402	0.00377
10	0.01609	0.02053	0.01221	0.01110	0.01332	0.83132	0.00832	0.01720	0.01221	0.01054	0.00666	0.00777	0.00555	0.00444	0.00388	0.00111	0.00777	0.00277	0.00222	0.00499
11	0.01636	0.01122	0.01294	0.00990	0.01334	0.01206	0.04461	0.62254	0.04473	0.15038	0.01154	0.01126	0.00800	0.00515	0.00435	0.00131	0.00465	0.00404	0.00437	0.00724
12	0.00818	0.00767	0.01291	0.77072	0.06989	0.00942	0.01178	0.01097	0.00866	0.01116	0.00817	0.03709	0.00650	0.00456	0.00434	0.00144	0.00561	0.00409	0.00199	0.00485
13	0.00525	0.00375	0.00500	0.00600	0.00625	0.00350	0.00400	0.00600	0.00825	0.01100	0.02374	0.84580	0.02849	0.01350	0.00550	0.00175	0.00250	0.01225	0.00400	0.00350
14	0.01639	0.00858	0.01455	0.03156	0.01481	0.00774	0.23868	0.01865	0.01161	0.56886	0.01436	0.01370	0.00934	0.00481	0.00455	0.00137	0.00476	0.00454	0.00433	0.00683
15	0.00525	0.00375	0.00500	0.00600	0.00625	0.00350	0.00400	0.00600	0.00825	0.01100	0.02374	0.84580	0.02849	0.01350	0.00550	0.00175	0.00250	0.01225	0.00400	0.00350
16	0.00610	0.00440	0.00576	0.00542	0.00644	0.00406	0.00406	0.00813	0.01219	0.01727	0.81947	0.03218	0.04064	0.00881	0.00508	0.00135	0.00203	0.00779	0.00474	0.00406
17	0.00694	0.00496	0.00694	0.00793	0.00892	0.00496	0.00694	0.00892	0.00992	0.01289	0.02281	0.04859	0.02479	0.01190	0.00595	0.00198	0.00397	0.79275	0.00397	0.00397
18	0.01066	0.01023	0.01748	0.02644	0.82174	0.01023	0.01322	0.01322	0.00981	0.01407	0.00810	0.01066	0.00682	0.00384	0.00426	0.00128	0.00512	0.00384	0.00213	0.00682
19	0.01637	0.01207	0.01293	0.00991	0.01336	0.01336	0.00819	0.80738	0.02025	0.02715	0.01034	0.01034	0.00733	0.00517	0.00431	0.00129	0.00474	0.00388	0.00431	0.00733
20	0.87904	0.00833	0.00633	0.00566	0.00833	0.00966	0.00467	0.01266	0.00733	0.01933	0.00600	0.00700	0.00467	0.00400	0.00267	0.00133	0.00333	0.00233	0.00267	0.00467
21	0.01055	0.01012	0.01729	0.06150	0.78754	0.01021	0.01317	0.01312	0.00976	0.01394	0.00808	0.01070	0.00678	0.00386	0.00427	0.00129	0.00514	0.00384	0.00212	0.00674
22	0.00659	0.00491	0.00688	0.00677	0.00759	0.00563	0.00516	0.02337	0.04430	0.01059	0.01206	0.01802	0.01137	0.12266	0.67499	0.00617	0.01007	0.00479	0.01417	0.00391
23	0.00780	0.00578	0.00633	0.00585	0.00708	0.04227	0.00442	0.04672	0.06565	0.01680	0.47771	0.02506	0.02792	0.03767	0.00522	0.00138	0.01347	0.00626	0.19221	0.00439
24	0.00529	0.00377	0.00499	0.00594	0.00618	0.00353	0.00394	0.00601	0.00816	0.01088	0.02330	0.81049	0.02794	0.04956	0.00621	0.00185	0.00257	0.01199	0.00394	0.00346
25	0.87904	0.00833	0.00633	0.00566	0.00833	0.00966	0.00467	0.01266	0.00733	0.01933	0.00600	0.00700	0.00467	0.00400	0.00267	0.00133	0.00333	0.00233	0.00267	0.00467
26	0.00632	0.00491	0.00692	0.00695	0.00762	0.01739	0.00530	0.00768	0.00711	0.01006	0.01270	0.10997	0.01270	0.06444	0.66081	0.00595	0.04138	0.00548	0.00249	0.00380
27	0.01035	0.01006	0.01670	0.16536	0.65360	0.03014	0.02519	0.01295	0.00967	0.01346	0.00800	0.01075	0.00660	0.00393	0.00428	0.00130	0.00532	0.00383	0.00210	0.00641
28	0.01083	0.01199	0.04795	0.01704	0.02136	0.01115	0.69192	0.10385	0.01128	0.01531	0.00887	0.01140	0.00659	0.00382	0.00497	0.00143	0.00695	0.00489	0.00241	0.00600
29	0.01134	0.00942	0.00998	0.00883	0.01136	0.01081	0.00691	0.08134	0.73587	0.03773	0.01698	0.01561	0.01266	0.00578	0.00438	0.00145	0.00351	0.00478	0.00440	0.00687
30	0.00554	0.00426	0.00623	0.00668	0.00723	0.00396	0.05343	0.00649	0.00843	0.01120	0.02367	0.75963	0.06132	0.01278	0.00545	0.00172	0.00278	0.01167	0.00389	0.00365
31	0.01055	0.01012	0.01728	0.06216	0.78689	0.01021	0.01316	0.01312	0.00976	0.01394	0.00808	0.01070	0.00678	0.00386	0.00427	0.00129	0.00514	0.00384	0.00212	0.00673
32	0.01129	0.00881	0.00967	0.00872	0.01099	0.02885	0.00710	0.19763	0.34867	0.04628	0.04100	0.02364	0.01547	0.00734	0.00479	0.00155	0.00393	0.21396	0.00425	0.00607
33	0.00520	0.00392	0.00482	0.00553	0.00612	0.00354	0.00379	0.00605	0.00870	0.01118	0.02944	0.61527	0.25534	0.01275	0.00538	0.00166	0.00241	0.01134	0.00400	0.00354
34	0.00813	0.00766	0.01292	0.83826	0.02967	0.00957	0.01196	0.01101	0.00861	0.01101	0.00766	0.01148	0.00574	0.00431	0.00431	0.00144	0.00574	0.00383	0.00191	0.00479
35	0.01030	0.01179	0.02412	0.01743	0.02151	0.04705	0.73704	0.01370	0.01015	0.01352	0.00892	0.03114	0.00700	0.00397	0.00521	0.00145	0.02266	0.00513	0.00222	0.00570
36	0.87904	0.00833	0.00633	0.00566	0.00833	0.00966	0.00467	0.01266	0.00733	0.01933	0.00600	0.00700	0.00467	0.00400	0.00267	0.00133	0.00333	0.00233	0.00267	0.00467
37	0.01060	0.01018	0.01738	0.04512	0.80352	0.01022	0.01319	0.01317	0.00978	0.01400	0.00809	0.01068	0.00680	0.00385	0.00427	0.00128	0.00513	0.00384	0.00213	0.00678
38	0.01911	0.00768	0.01021	0.00783	0.01117	0.00685	0.00647	0.07891	0.01291	0.76598	0.01650	0.01434	0.01042	0.00532	0.00433	0.00133	0.00374	0.00430	0.00526	0.00733
39	0.01060	0.01018	0.01738	0.04518	0.80346	0.01022	0.01319	0.01317	0.00978	0.01400	0.00809	0.01068	0.00680	0.00385	0.00427	0.00128	0.00513	0.00384	0.00213	0.00678
40	0.00525	0.00375	0.00500	0.00600	0.00625	0.00350	0.00400	0.00600	0.00825	0.01100	0.02374	0.84580	0.02849	0.01350	0.00550	0.00175	0.00250	0.01225	0.00400	0.00350
41	0.00590	0.00440	0.00549	0.00521	0.00631	0.00398	0.00391	0.00775	0.01173	0.01617	0.66815	0.03399	0.19266	0.00922	0.00508	0.00137	0.00206	0.00804	0.00460	0.00398
42	0.00511	0.00429	0.00444	0.00455	0.00587	0.00362	0.00336	0.00616	0.00964	0.01156	0.04134	0.13446	0.72848	0.01121	0.00514	0.00149	0.00222	0.00946	0.00400	0.00362
43	0.00514	0.00417	0.00457	0.00489	0.00596	0.00359	0.00351	0.00612	0.00931	0.01143	0.03723	0.30060	0.56499	0.01174	0.00522	0.00155	0.00228	0.01011	0.00400	0.00359
44	0.06527	0.00753	0.00989	0.00763	0.01093	0.00673	0.00630	0.04472	0.01230	0.75709	0.01620	0.01412	0.01024	0.00526	0.00424	0.00133	0.00368	0.00421	0.00516	0.00719
45	0.01537	0.01841	0.03762	0.01197	0.06960	0.61596	0.00884	0.12278	0.03601	0.01332	0.00760	0.00859	0.00609	0.00452	0.00399	0.00116	0.00701	0.00307	0.00254	0.00553
46	0.01609	0.02053	0.01221	0.01110	0.01332	0.83132	0.00832	0.01720	0.01221	0.01054	0.00666	0.00777	0.00555	0.00444	0.00388	0.00111	0.00777	0.00277	0.00222	0.00499
47	0.01043	0.00775	0.00822	0.00744	0.00953	0.00870	0.00577	0.01935	0.55739	0.05851	0.01657	0.01600	0.01246	0.00560	0.00401	0.00133	0.00305	0.00461	0.23719	0.00609
48	0.00925	0.00783	0.00972	0.00695	0.01079	0.00599	0.04203	0.01124	0.00907	0.03425	0.00794	0.00920	0.00649	0.00326	0.00331	0.00069	0.00339	0.00271	0.00260	0.81327
49	0.01343	0.00838	0.01122	0.00834	0.01184	0.00743	0.07098	0.09382	0.01125	0.29888	0.01119	0.01132	0.00796	0.00435	0.00431	0.00106	0.03846	0.00356	0.00364	0.37859
50	0.00524	0.00378	0.00497	0.00592	0.00623	0.00351	0.00397	0.00601	0.00832	0.01103	0.02466	0.80875	0.06495	0.01338	0.00548	0.00174	0.00248	0.01210	0.00400	0.00351
51	0.00825	0.00766	0.01273	0.79960	0.02873	0.00950	0.01168	0.02726	0.00895	0.01150	0.02884	0.01200	0.00668	0.00444	0.00433	0.00143	0.00563	0.00393	0.00204	0.00482

[dist]
# distance from previous block
# <min> <max>
0	14

[block]
# block no. 1 follows, 61 sequences, length 49
# corresponding to MSA columns:
# 89-137
name=unknown_B
#
# <colnr> <probs for GDERKNQSTAVLIFYWHMCP>
#	G	D	E	R	K	N	Q	S	T	A	V	L	I	F	Y	W	H	M	C	P
0	0.01056	0.01013	0.01729	0.06033	0.78868	0.01021	0.01317	0.01313	0.00976	0.01394	0.00808	0.01070	0.00678	0.00386	0.00427	0.00129	0.00514	0.00384	0.00212	0.00674
1	0.01617	0.01187	0.01271	0.00977	0.01316	0.01313	0.00806	0.78795	0.01998	0.02688	0.01043	0.01048	0.00742	0.00517	0.00428	0.00129	0.00467	0.00388	0.02546	0.00724
2	0.00853	0.02166	0.79895	0.01207	0.01823	0.00979	0.01552	0.01339	0.00907	0.01355	0.00826	0.03695	0.00622	0.00441	0.00414	0.00138	0.00624	0.00348	0.00189	0.00627
3	0.00515	0.00437	0.00445	0.00443	0.00586	0.00366	0.00332	0.00630	0.00996	0.01198	0.09134	0.04088	0.77208	0.01078	0.00509	0.00145	0.00217	0.00901	0.00405	0.00366
4	0.00864	0.02228	0.82630	0.01228	0.01864	0.01000	0.01592	0.01364	0.00909	0.01364	0.00773	0.00909	0.00546	0.00409	0.00409	0.00136	0.00637	0.00318	0.00182	0.00637
5	0.00615	0.00462	0.00692	0.00692	0.00769	0.00538	0.00538	0.00769	0.00692	0.01000	0.01154	0.01692	0.01077	0.03231	0.83154	0.00692	0.01154	0.00462	0.00231	0.00385
6	0.00629	0.00485	0.00754	0.00730	0.00819	0.00557	0.03205	0.00790	0.00703	0.01013	0.01144	0.01675	0.01063	0.03135	0.80403	0.00674	0.01140	0.00463	0.00230	0.00391
7	0.01933	0.00733	0.01000	0.00766	0.01100	0.00633	0.00633	0.02099	0.01233	0.82473	0.01699	0.01466	0.01066	0.00533	0.00433	0.00133	0.00367	0.00433	0.00533	0.00733
8	0.00689	0.00492	0.00688	0.00787	0.00884	0.00491	0.00684	0.00883	0.00986	0.01283	0.02284	0.07471	0.02491	0.01195	0.00593	0.00198	0.00392	0.76718	0.00397	0.00395
9	0.00525	0.00375	0.00500	0.00600	0.00625	0.00350	0.00400	0.00600	0.00825	0.01100	0.02374	0.84580	0.02849	0.01350	0.00550	0.00175	0.00250	0.01225	0.00400	0.00350
10	0.01920	0.00753	0.01012	0.00776	0.01110	0.00663	0.00641	0.05439	0.01267	0.79086	0.01671	0.01448	0.01052	0.00532	0.00433	0.00133	0.00371	0.00431	0.00529	0.00733
11	0.01058	0.01015	0.01734	0.05236	0.79645	0.01021	0.01318	0.01315	0.00977	0.01397	0.00809	0.01069	0.00679	0.00385	0.00427	0.00128	0.00514	0.00384	0.00213	0.00676
12	0.01071	0.00925	0.00974	0.00877	0.01120	0.01071	0.00682	0.02289	0.81396	0.01802	0.01753	0.01607	0.01315	0.00584	0.00438	0.00146	0.00341	0.00487	0.00438	0.00682
13	0.82321	0.00923	0.05893	0.00609	0.00899	0.00969	0.00539	0.01273	0.00744	0.01896	0.00611	0.00713	0.00472	0.00400	0.00276	0.00133	0.00353	0.00239	0.00261	0.00477
14	0.00610	0.00440	0.00576	0.00542	0.00644	0.00406	0.00406	0.00813	0.01219	0.01727	0.81947	0.03218	0.04064	0.00881	0.00508	0.00135	0.00203	0.00779	0.00474	0.00406
15	0.00947	0.00957	0.01398	0.01175	0.01203	0.01305	0.06053	0.01059	0.00683	0.01059	0.00585	0.00957	0.00571	0.00729	0.01356	0.00186	0.78726	0.00385	0.00190	0.00478
16	0.00922	0.00914	0.01280	0.01104	0.01107	0.01272	0.00917	0.01018	0.00665	0.01037	0.00628	0.03000	0.00637	0.00845	0.03935	0.00204	0.79455	0.00400	0.00195	0.00466
17	0.00615	0.00462	0.00692	0.00692	0.00769	0.00538	0.00538	0.00769	0.00692	0.01000	0.01154	0.01692	0.01077	0.03231	0.83154	0.00692	0.01154	0.00462	0.00231	0.00385
18	0.04259	0.01223	0.01198	0.00999	0.03230	0.11339	0.00786	0.49587	0.16403	0.03594	0.01163	0.01152	0.02041	0.00522	0.00423	0.00131	0.00478	0.00396	0.00397	0.00679
19	0.87904	0.00833	0.00633	0.00566	0.00833	0.00966	0.00467	0.01266	0.00733	0.01933	0.00600	0.00700	0.00467	0.00400	0.00267	0.00133	0.00333	0.00233	0.00267	0.00467
20	0.01536	0.07182	0.01267	0.01065	0.01300	0.69798	0.00814	0.03104	0.07846	0.01142	0.00758	0.00845	0.00621	0.00452	0.00386	0.00113	0.00716	0.00294	0.00241	0.00522
21	0.01609	0.02053	0.01221	0.01110	0.01332	0.83132	0.00832	0.01720	0.01221	0.01054	0.00666	0.00777	0.00555	0.00444	0.00388	0.00111	0.00777	0.00277	0.00222	0.00499
22	0.00610	0.00559	0.00519	0.00505	0.00656	0.05614	0.00380	0.00773	0.04373	0.01228	0.10103	0.03754	0.67388	0.01013	0.00498	0.00143	0.00257	0.00841	0.00396	0.00389
23	0.00910	0.05821	0.76562	0.01192	0.01807	0.01020	0.01524	0.01384	0.00918	0.03872	0.00794	0.00917	0.00562	0.00411	0.00404	0.00134	0.00620	0.00318	0.00193	0.00636
24	0.00525	0.00375	0.00500	0.00600	0.00625	0.00350	0.00400	0.00600	0.00825	0.01100	0.02374	0.84580	0.02849	0.01350	0.00550	0.00175	0.00250	0.01225	0.00400	0.00350
25	0.87904	0.00833	0.00633	0.00566	0.00833	0.00966	0.00467	0.01266	0.00733	0.01933	0.00600	0.00700	0.00467	0.00400	0.00267	0.00133	0.00333	0.00233	0.00267	0.00467
26	0.01071	0.00925	0.00974	0.00877	0.01120	0.01071	0.00682	0.02289	0.81396	0.01802	0.01753	0.01607	0.01315	0.00584	0.00438	0.00146	0.00341	0.00487	0.00438	0.00682
27	0.03743	0.00735	0.00992	0.00762	0.01094	0.00640	0.00630	0.02082	0.01222	0.80777	0.01676	0.01450	0.01054	0.00530	0.00430	0.00133	0.00366	0.00429	0.00528	0.00727
28	0.00803	0.00401	0.00401	0.00401	0.00502	0.00401	0.00301	0.01004	0.00903	0.01606	0.01405	0.01606	0.01104	0.00502	0.00301	0.00100	0.00201	0.00401	0.87253	0.00401
29	0.87904	0.00833	0.00633	0.00566	0.00833	0.00966	0.00467	0.01266	0.00733	0.01933	0.00600	0.00700	0.00467	0.00400	0.00267	0.00133	0.00333	0.00233	0.00267	0.00467
30	0.01058	0.01015	0.01734	0.05268	0.79614	0.01021	0.01318	0.01315	0.00977	0.01397	0.00809	0.01069	0.00679	0.00385	0.00427	0.00128	0.00514	0.00384	0.00213	0.00676
31	0.00615	0.00462	0.00692	0.00692	0.00769	0.00538	0.00538	0.00769	0.00692	0.01000	0.01154	0.01692	0.01077	0.03231	0.83154	0.00692	0.01154	0.00462	0.00231	0.00385
32	0.00624	0.00428	0.00525	0.00525	0.00544	0.00447	0.00329	0.00662	0.00643	0.00876	0.01307	0.02541	0.01445	0.64743	0.22146	0.00485	0.00599	0.00586	0.00254	0.00291
33	0.00813	0.00766	0.01292	0.83826	0.02967	0.00957	0.01196	0.01101	0.00861	0.01101	0.00766	0.01148	0.00574	0.00431	0.00431	0.00144	0.00574	0.00383	0.00191	0.00479
34	0.00606	0.00440	0.00571	0.00539	0.00642	0.00405	0.00404	0.00807	0.01212	0.01709	0.79439	0.03248	0.06584	0.00887	0.00508	0.00136	0.00204	0.00783	0.00472	0.00405
35	0.06116	0.00507	0.00503	0.00472	0.00606	0.00530	0.00363	0.07237	0.03589	0.01718	0.01339	0.01507	0.01044	0.00500	0.00314	0.00106	0.00234	0.00393	0.72482	0.00440
36	0.01118	0.00872	0.00947	0.00842	0.01083	0.00982	0.00657	0.02163	0.68038	0.09336	0.07616	0.01712	0.01493	0.00601	0.00443	0.00144	0.00333	0.00503	0.00450	0.00666
37	0.00547	0.00391	0.00525	0.00625	0.00660	0.00369	0.00439	0.00638	0.00847	0.01125	0.02362	0.74061	0.02800	0.01328	0.00556	0.00178	0.00269	0.11524	0.00399	0.00356
38	0.01703	0.01059	0.01193	0.00917	0.01254	0.01122	0.00757	0.57294	0.01783	0.24851	0.01226	0.01166	0.00833	0.00521	0.00429	0.00130	0.00439	0.00401	0.02198	0.00726
39	0.00509	0.00436	0.00436	0.00436	0.00582	0.00364	0.00327	0.00618	0.00982	0.01164	0.04364	0.04146	0.82000	0.01091	0.00509	0.00145	0.00218	0.00909	0.00400	0.00364
40	0.00924	0.00796	0.00834	0.00762	0.00979	0.00885	0.00589	0.01850	0.60090	0.01643	0.03848	0.02263	0.21287	0.00715	0.00457	0.00146	0.00308	0.00597	0.00429	0.00598
41	0.01152	0.85121	0.02257	0.00737	0.01106	0.01704	0.00737	0.01290	0.00875	0.01013	0.00599	0.00691	0.00553	0.00369	0.00276	0.00092	0.00461	0.00230	0.00184	0.00553
42	0.00995	0.00762	0.00904	0.00651	0.01029	0.00580	0.00522	0.01184	0.00927	0.09373	0.00857	0.00950	0.00680	0.00340	0.00330	0.00071	0.00324	0.00273	0.00283	0.78966
43	0.87904	0.00833	0.00633	0.00566	0.00833	0.00966	0.00467	0.01266	0.00733	0.01933	0.00600	0.00700	0.00467	0.00400	0.00267	0.00133	0.00333	0.00233	0.00267	0.00467
44	0.01182	0.74134	0.02150	0.00870	0.05559	0.07927	0.00776	0.01325	0.00908	0.01038	0.00616	0.00718	0.00560	0.00375	0.00293	0.00096	0.00488	0.00242	0.00189	0.00556
45	0.01611	0.05798	0.01346	0.00977	0.01323	0.01356	0.00814	0.76391	0.01962	0.02622	0.01010	0.01015	0.00723	0.00509	0.00422	0.00127	0.00473	0.00379	0.00417	0.00723
46	0.01116	0.80487	0.02158	0.00721	0.01077	0.01631	0.00715	0.01253	0.00881	0.01022	0.00805	0.00880	0.05009	0.00408	0.00289	0.00095	0.00447	0.00267	0.00196	0.00542
47	0.00515	0.00437	0.00444	0.00442	0.00585	0.00366	0.00332	0.00629	0.00995	0.01195	0.08609	0.04095	0.77736	0.01079	0.00509	0.00145	0.00217	0.00902	0.00404	0.00366
48	0.00571	0.00525	0.00482	0.00475	0.00624	0.04893	0.00356	0.00682	0.00999	0.01168	0.05562	0.03944	0.76136	0.01052	0.00502	0.00143	0.00248	0.00872	0.00392	0.00372

[dist]
# distance from previous block
# <min> <max>
0	18

# created by:
# /home/cegg/simao/soft/augustus-3.2.1/scripts/msa2prfl.pl ./align_prep/EOG091G0W6G.fa
