[name]
unknown

[dist]
# distance from previous block
# <min> <max>
3	65

[block]
# block no. 0 follows, 38 sequences, length 55
# corresponding to MSA columns:
# 102-156
name=unknown_A
#
# <colnr> <probs for GDERKNQSTAVLIFYWHMCP>
#	G	D	E	R	K	N	Q	S	T	A	V	L	I	F	Y	W	H	M	C	P
0	0.01593	0.04638	0.13210	0.01374	0.04140	0.15789	0.03658	0.12552	0.08119	0.03489	0.05695	0.05395	0.04235	0.00750	0.00576	0.00171	0.00685	0.00602	0.03709	0.09619
1	0.09395	0.01097	0.03683	0.01176	0.01552	0.00995	0.11357	0.05952	0.04394	0.11093	0.14156	0.10406	0.02217	0.00864	0.00604	0.00180	0.00525	0.02505	0.03578	0.14271
2	0.01518	0.01065	0.02980	0.02665	0.08443	0.00952	0.03262	0.05984	0.06220	0.17410	0.08773	0.13988	0.04475	0.00896	0.00610	0.00176	0.00499	0.00782	0.00524	0.18777
3	0.01157	0.00935	0.01134	0.01043	0.05363	0.00826	0.00750	0.05674	0.05164	0.02068	0.10663	0.14187	0.07508	0.00925	0.00582	0.00157	0.00427	0.02738	0.03753	0.34945
4	0.01135	0.01049	0.01754	0.74328	0.04005	0.01305	0.01621	0.01532	0.01205	0.01565	0.01105	0.01629	0.00832	0.00605	0.00594	0.00198	0.00781	0.00536	0.03555	0.00664
5	0.01338	0.10537	0.53771	0.01649	0.02395	0.01514	0.06685	0.01957	0.03813	0.04807	0.01147	0.01330	0.00841	0.00604	0.00643	0.00189	0.05153	0.00469	0.00290	0.00867
6	0.04904	0.12373	0.09136	0.01491	0.04827	0.12468	0.08200	0.13649	0.01629	0.11478	0.01240	0.01361	0.00934	0.00618	0.00611	0.00168	0.04369	0.00475	0.00405	0.09665
7	0.00776	0.00583	0.00820	0.00900	0.00972	0.00545	0.03471	0.00905	0.01179	0.01558	0.03343	0.64921	0.07978	0.04313	0.00840	0.00253	0.00391	0.05206	0.00542	0.00502
8	0.00754	0.00611	0.00668	0.00654	0.00839	0.00526	0.00491	0.00946	0.01472	0.01864	0.26927	0.05396	0.53880	0.01434	0.00711	0.00199	0.00298	0.01215	0.00590	0.00526
9	0.07492	0.13946	0.05901	0.01371	0.05746	0.10406	0.03090	0.11717	0.12376	0.15719	0.05266	0.01676	0.01350	0.00685	0.00553	0.00176	0.00647	0.00533	0.00483	0.00868
10	0.01600	0.01295	0.01382	0.01223	0.01576	0.01479	0.00957	0.06350	0.66738	0.06668	0.02399	0.02197	0.01780	0.00808	0.00611	0.00202	0.00487	0.00670	0.00619	0.00959
11	0.02699	0.01024	0.01396	0.01070	0.01536	0.00884	0.00884	0.02932	0.01722	0.75522	0.02373	0.02048	0.01489	0.00745	0.00605	0.00186	0.00512	0.00605	0.00745	0.01024
12	0.00884	0.00631	0.00798	0.00767	0.00928	0.00575	0.00589	0.01142	0.01617	0.04132	0.54497	0.04854	0.17963	0.01306	0.00717	0.00199	0.00316	0.06880	0.00637	0.00568
13	0.01480	0.01523	0.04237	0.12046	0.43216	0.08388	0.03500	0.03814	0.05672	0.01914	0.01461	0.01743	0.05105	0.00642	0.00636	0.00185	0.02673	0.00573	0.00335	0.00858
14	0.00875	0.00583	0.00656	0.00656	0.00656	0.00583	0.00365	0.00875	0.00875	0.01166	0.01895	0.03937	0.02187	0.78858	0.03062	0.00583	0.00583	0.00875	0.00365	0.00365
15	0.00733	0.00524	0.00698	0.00838	0.00873	0.00489	0.00558	0.00838	0.01152	0.01536	0.03316	0.78466	0.03979	0.01885	0.00768	0.00244	0.00349	0.01710	0.00558	0.00489
16	0.01404	0.01750	0.10392	0.02301	0.05243	0.04983	0.53338	0.01931	0.04134	0.01905	0.01351	0.05889	0.01099	0.00609	0.00684	0.00201	0.00937	0.00717	0.00325	0.00806
17	0.02247	0.02867	0.01705	0.01550	0.01860	0.76443	0.01162	0.02402	0.01705	0.01472	0.00930	0.01085	0.00775	0.00620	0.00542	0.00155	0.01085	0.00387	0.00310	0.00697
18	0.01404	0.01191	0.01556	0.01179	0.03564	0.01001	0.07739	0.07901	0.03395	0.03970	0.01188	0.01354	0.00947	0.00496	0.00497	0.00116	0.00529	0.00426	0.00388	0.61161
19	0.01526	0.01783	0.08253	0.21096	0.31355	0.16450	0.07321	0.01893	0.01392	0.01753	0.01078	0.01429	0.00861	0.00570	0.00593	0.00182	0.00848	0.00512	0.00290	0.00815
20	0.00877	0.00641	0.00826	0.00775	0.00925	0.00604	0.00583	0.01216	0.04523	0.02416	0.71968	0.04406	0.05526	0.01214	0.00706	0.00190	0.00291	0.01072	0.00660	0.00583
21	0.01436	0.01188	0.01987	0.31150	0.02841	0.01299	0.16335	0.08829	0.01480	0.09471	0.05946	0.06323	0.01460	0.00771	0.00723	0.00205	0.05054	0.02347	0.00405	0.00750
22	0.01647	0.06625	0.08096	0.05565	0.08825	0.03712	0.25682	0.17062	0.06678	0.04127	0.01300	0.01526	0.00982	0.00624	0.00693	0.00192	0.04825	0.00583	0.00388	0.00869
23	0.01992	0.01543	0.01749	0.07256	0.06083	0.01725	0.01183	0.49278	0.17279	0.03255	0.01605	0.01624	0.01170	0.00722	0.00604	0.00187	0.00637	0.00569	0.00561	0.00978
24	0.01449	0.01128	0.01305	0.00973	0.01472	0.00952	0.00779	0.08019	0.07423	0.07221	0.01350	0.02919	0.01082	0.00549	0.00490	0.00116	0.00470	0.00443	0.00430	0.61428
25	0.00946	0.00773	0.00875	0.00972	0.03799	0.04880	0.00643	0.03292	0.03812	0.01683	0.08606	0.45954	0.08823	0.10831	0.01004	0.00267	0.00438	0.01337	0.00523	0.00543
26	0.06534	0.09555	0.12229	0.01276	0.03737	0.01323	0.03802	0.10739	0.09338	0.21243	0.05538	0.01948	0.03422	0.03439	0.00657	0.00194	0.00599	0.00584	0.00508	0.03334
27	0.01481	0.01561	0.07475	0.04231	0.08244	0.02767	0.32832	0.04507	0.15477	0.05296	0.01563	0.05179	0.01241	0.00685	0.00723	0.00203	0.04605	0.00688	0.00398	0.00843
28	0.01352	0.01319	0.02332	0.30498	0.41153	0.01406	0.09709	0.01742	0.01314	0.01805	0.01118	0.01546	0.00893	0.00557	0.00610	0.00189	0.00780	0.00555	0.00287	0.00833
29	0.01318	0.01551	0.10124	0.19415	0.19199	0.01393	0.29844	0.01775	0.01361	0.01873	0.05276	0.01714	0.01149	0.00582	0.00646	0.00195	0.00846	0.00626	0.00309	0.00805
30	0.02167	0.03621	0.08147	0.03800	0.10099	0.03751	0.04936	0.11416	0.05207	0.37857	0.01820	0.01754	0.01230	0.00680	0.00598	0.00184	0.00642	0.00567	0.00563	0.00961
31	0.00875	0.00583	0.00656	0.00656	0.00656	0.00583	0.00365	0.00875	0.00875	0.01166	0.01895	0.03937	0.02187	0.78858	0.03062	0.00583	0.00583	0.00875	0.00365	0.00365
32	0.00733	0.00524	0.00698	0.00838	0.00873	0.00489	0.00558	0.00838	0.01152	0.01536	0.03316	0.78466	0.03979	0.01885	0.00768	0.00244	0.00349	0.01710	0.00558	0.00489
33	0.01372	0.01312	0.04430	0.21649	0.36326	0.01305	0.09941	0.01745	0.01348	0.05179	0.04173	0.05925	0.01280	0.00661	0.00624	0.00192	0.00731	0.00643	0.00338	0.00825
34	0.01686	0.01447	0.02106	0.16701	0.39336	0.03768	0.01586	0.18389	0.01703	0.05628	0.01243	0.01513	0.00960	0.00603	0.00597	0.00183	0.00721	0.00536	0.00383	0.00912
35	0.01489	0.01429	0.02442	0.03692	0.75106	0.01429	0.01846	0.01846	0.01370	0.01965	0.01132	0.01489	0.00953	0.00536	0.00596	0.00179	0.00715	0.00536	0.00298	0.00953
36	0.83108	0.01163	0.00884	0.00791	0.01163	0.01350	0.00651	0.01768	0.01024	0.02699	0.00838	0.00977	0.00651	0.00558	0.00372	0.00186	0.00465	0.00326	0.00372	0.00651
37	0.00755	0.00539	0.00723	0.00863	0.00908	0.00508	0.00597	0.00876	0.01174	0.01560	0.03303	0.71749	0.03930	0.01864	0.00774	0.00247	0.00368	0.08208	0.00558	0.00495
38	0.01679	0.01429	0.01460	0.01268	0.01634	0.04440	0.00997	0.16737	0.57427	0.02724	0.02195	0.02045	0.01638	0.00790	0.00607	0.00198	0.00536	0.00642	0.00599	0.00956
39	0.01615	0.41831	0.18283	0.01373	0.04078	0.08233	0.03326	0.01979	0.03841	0.05842	0.01058	0.01195	0.00858	0.00580	0.00535	0.00159	0.03687	0.00407	0.00304	0.00814
40	0.01437	0.08771	0.45624	0.01731	0.08310	0.04333	0.04176	0.01958	0.01351	0.08816	0.04886	0.01505	0.01101	0.00626	0.00610	0.00185	0.02889	0.00498	0.00329	0.00865
41	0.01207	0.03112	0.75741	0.01715	0.02604	0.01397	0.02223	0.01905	0.01270	0.01905	0.01080	0.01270	0.00762	0.00572	0.00572	0.00191	0.00889	0.00445	0.00254	0.00889
42	0.00739	0.00608	0.00649	0.00644	0.00831	0.00519	0.00481	0.00915	0.01428	0.01773	0.19151	0.07731	0.59491	0.01478	0.00712	0.00202	0.00302	0.01248	0.00578	0.00519
43	0.03697	0.21534	0.15447	0.06182	0.08949	0.04454	0.20487	0.01970	0.01356	0.08724	0.01169	0.01384	0.00891	0.00556	0.00562	0.00176	0.00800	0.00507	0.00324	0.00831
44	0.01017	0.00846	0.04376	0.05539	0.03363	0.00738	0.02887	0.03040	0.03285	0.06814	0.07100	0.32058	0.22778	0.01400	0.00705	0.00216	0.00440	0.02253	0.00533	0.00613
45	0.02699	0.01024	0.01396	0.01070	0.01536	0.00884	0.00884	0.02932	0.01722	0.75522	0.02373	0.02048	0.01489	0.00745	0.00605	0.00186	0.00512	0.00605	0.00745	0.01024
46	0.00911	0.00580	0.00625	0.00629	0.00721	0.00556	0.00417	0.01044	0.01140	0.01658	0.05678	0.07060	0.17036	0.32489	0.01572	0.00338	0.00411	0.00903	0.25764	0.00468
47	0.01384	0.06843	0.40542	0.05393	0.06706	0.01488	0.20075	0.04692	0.01383	0.04180	0.01157	0.01400	0.00846	0.00562	0.00601	0.00189	0.00873	0.00523	0.00299	0.00865
48	0.01252	0.01147	0.02021	0.42270	0.15971	0.01265	0.11596	0.01620	0.01277	0.04502	0.01407	0.10364	0.01232	0.00728	0.00635	0.00201	0.00754	0.00696	0.00329	0.00732
49	0.02372	0.01326	0.01560	0.01210	0.01660	0.01353	0.00994	0.37962	0.02257	0.34925	0.04160	0.04319	0.01465	0.00785	0.00612	0.00185	0.00575	0.00624	0.00664	0.00992
50	0.49787	0.01464	0.07315	0.07522	0.04978	0.07097	0.00991	0.05779	0.01272	0.04693	0.03559	0.01267	0.00918	0.00605	0.00463	0.00185	0.00593	0.00414	0.00380	0.00719
51	0.04232	0.01200	0.01239	0.05328	0.01516	0.08670	0.00863	0.06073	0.20562	0.12987	0.16114	0.02635	0.07180	0.02352	0.00655	0.00192	0.00519	0.00716	0.02477	0.04489
52	0.01736	0.05411	0.01375	0.01080	0.01375	0.03455	0.00856	0.12692	0.09852	0.21698	0.04659	0.04906	0.01706	0.11147	0.12090	0.00353	0.03618	0.00675	0.00530	0.00788
53	0.05944	0.08356	0.12991	0.03774	0.05188	0.03319	0.01143	0.08749	0.13525	0.08904	0.04269	0.01849	0.05290	0.00692	0.00551	0.00169	0.00592	0.00550	0.00449	0.13697
54	0.01428	0.22134	0.14650	0.03127	0.03573	0.03567	0.07713	0.04497	0.05206	0.05232	0.09390	0.04283	0.01566	0.00799	0.02780	0.00190	0.00684	0.00573	0.00383	0.08225

[dist]
# distance from previous block
# <min> <max>
11	75

[block]
# block no. 1 follows, 38 sequences, length 42
# corresponding to MSA columns:
# 232-237,244-279
name=unknown_B
#
# <colnr> <probs for GDERKNQSTAVLIFYWHMCP>
#	G	D	E	R	K	N	Q	S	T	A	V	L	I	F	Y	W	H	M	C	P
0	0.06235	0.01106	0.01583	0.01394	0.08380	0.01034	0.09353	0.04737	0.01431	0.09521	0.13180	0.02078	0.01800	0.00870	0.04035	0.00197	0.03948	0.02043	0.00443	0.26633
1	0.01199	0.01128	0.04453	0.05037	0.05064	0.01048	0.11272	0.01547	0.04276	0.03900	0.01658	0.05283	0.05145	0.03483	0.15271	0.00333	0.06622	0.00637	0.00366	0.22275
2	0.06917	0.01235	0.01574	0.01301	0.03722	0.03222	0.09410	0.18160	0.06104	0.09231	0.08119	0.07017	0.05434	0.00968	0.03805	0.00212	0.00619	0.00697	0.00504	0.11747
3	0.02024	0.01519	0.01617	0.01266	0.01710	0.03406	0.01025	0.48675	0.10820	0.06185	0.01564	0.01644	0.01169	0.04240	0.00695	0.00190	0.00615	0.00550	0.00562	0.10525
4	0.04486	0.00851	0.01100	0.09179	0.03579	0.00844	0.00789	0.02567	0.05892	0.10101	0.07521	0.13592	0.02158	0.14917	0.01166	0.05581	0.00512	0.03508	0.00465	0.11189
5	0.13352	0.00767	0.00875	0.00841	0.00926	0.02290	0.00588	0.03856	0.00983	0.01507	0.01439	0.09788	0.01525	0.19587	0.01938	0.33650	0.04623	0.00692	0.00346	0.00426
6	0.09671	0.05681	0.03766	0.04384	0.05191	0.01411	0.05804	0.19861	0.08074	0.02379	0.03541	0.02126	0.03657	0.01374	0.12570	0.00317	0.04224	0.04747	0.00441	0.00782
7	0.01288	0.01260	0.02020	0.43069	0.24101	0.04894	0.05834	0.01653	0.01269	0.01664	0.01134	0.01645	0.00918	0.03013	0.03596	0.00233	0.00828	0.00553	0.00285	0.00746
8	0.00956	0.00599	0.00770	0.00763	0.00868	0.00559	0.00548	0.01008	0.01225	0.04522	0.19600	0.08008	0.18225	0.09256	0.01442	0.24957	0.00419	0.05339	0.00481	0.00456
9	0.01315	0.01269	0.02053	0.40788	0.28724	0.04505	0.05033	0.01661	0.01271	0.01677	0.01091	0.01554	0.00872	0.00653	0.00693	0.04488	0.00779	0.00537	0.00281	0.00755
10	0.01526	0.46925	0.24259	0.01366	0.04960	0.01960	0.01418	0.01874	0.01255	0.05101	0.00991	0.01141	0.00811	0.00564	0.00521	0.00157	0.03680	0.00388	0.00281	0.00822
11	0.00843	0.00636	0.00797	0.00800	0.00923	0.00637	0.00592	0.01058	0.03208	0.01652	0.15679	0.07295	0.20605	0.15589	0.22102	0.00484	0.00733	0.05374	0.00479	0.00516
12	0.19393	0.00915	0.00981	0.00900	0.01140	0.00951	0.00687	0.12436	0.01480	0.09051	0.08550	0.21669	0.07868	0.08269	0.00842	0.00240	0.00457	0.02983	0.00532	0.00655
13	0.02129	0.01664	0.01665	0.03345	0.01774	0.20053	0.03133	0.17662	0.01823	0.23282	0.05364	0.01681	0.01300	0.00767	0.00788	0.00189	0.11469	0.00553	0.00509	0.00852
14	0.05013	0.01203	0.01235	0.01105	0.01397	0.07516	0.00860	0.14543	0.17375	0.12088	0.05257	0.18333	0.06052	0.01079	0.00645	0.00204	0.00526	0.04208	0.00577	0.00786
15	0.01684	0.00847	0.01071	0.00926	0.01214	0.00782	0.00725	0.02020	0.08046	0.33457	0.14079	0.07346	0.12310	0.08096	0.00878	0.00234	0.00446	0.04431	0.00641	0.00766
16	0.01658	0.00823	0.01038	0.00889	0.01195	0.00733	0.00705	0.01939	0.04866	0.34505	0.15707	0.06847	0.22520	0.01116	0.00665	0.00197	0.00409	0.02761	0.00661	0.00767
17	0.00751	0.00561	0.00684	0.00756	0.00844	0.00510	0.00519	0.00881	0.01252	0.01633	0.12116	0.45635	0.22569	0.07266	0.00912	0.00252	0.00347	0.01464	0.00556	0.00494
18	0.00826	0.00619	0.00755	0.00786	0.00914	0.00577	0.00586	0.01040	0.02786	0.01823	0.23479	0.18414	0.23066	0.09408	0.00978	0.00257	0.00378	0.12220	0.00567	0.00522
19	0.30620	0.01133	0.01192	0.00985	0.01362	0.01190	0.00797	0.13414	0.04740	0.25165	0.06211	0.01925	0.01471	0.05340	0.00678	0.00211	0.00508	0.01688	0.00554	0.00814
20	0.60850	0.01058	0.00911	0.00804	0.01149	0.01168	0.00650	0.01770	0.01164	0.10702	0.06022	0.01736	0.06189	0.03054	0.00524	0.00199	0.00452	0.00486	0.00445	0.00669
21	0.01375	0.00799	0.00976	0.00874	0.01122	0.00747	0.00677	0.04624	0.06317	0.20178	0.21244	0.09529	0.19721	0.04883	0.00795	0.00219	0.00405	0.04194	0.00626	0.00694
22	0.07554	0.00951	0.01128	0.00957	0.01263	0.00932	0.00757	0.13038	0.01666	0.27512	0.09700	0.08836	0.05751	0.06698	0.00793	0.00221	0.00474	0.03832	0.07160	0.00776
23	0.00859	0.00630	0.00888	0.00888	0.00973	0.00708	0.00657	0.01024	0.00955	0.01350	0.01782	0.02802	0.03390	0.21350	0.57991	0.00862	0.01347	0.00712	0.00337	0.00497
24	0.41852	0.01096	0.01058	0.00898	0.01259	0.01185	0.00730	0.09167	0.04716	0.16834	0.05938	0.01641	0.01309	0.00679	0.00477	0.00182	0.00464	0.00490	0.09267	0.00760
25	0.00932	0.00615	0.00742	0.00745	0.00858	0.00569	0.00520	0.01071	0.01277	0.06274	0.18012	0.19025	0.17656	0.23219	0.01376	0.00316	0.00410	0.03919	0.01953	0.00511
26	0.01022	0.00869	0.01263	0.01256	0.05105	0.01079	0.00934	0.01202	0.00967	0.01421	0.01380	0.02161	0.01334	0.09806	0.45182	0.00694	0.22811	0.00626	0.00308	0.00578
27	0.01134	0.00947	0.01608	0.04361	0.05777	0.00984	0.15428	0.01413	0.04642	0.03254	0.08439	0.05726	0.03990	0.01910	0.18026	0.14021	0.04607	0.02741	0.00381	0.00612
28	0.00785	0.00557	0.00677	0.00746	0.00790	0.00527	0.00479	0.00863	0.01094	0.01441	0.05340	0.41799	0.10945	0.29308	0.01579	0.00359	0.00426	0.01346	0.00492	0.00449
29	0.00862	0.00634	0.00926	0.00926	0.01029	0.00721	0.00710	0.01040	0.00975	0.01382	0.01831	0.02578	0.05396	0.07088	0.65806	0.05122	0.01446	0.00680	0.00333	0.00515
30	0.01439	0.01442	0.04337	0.07591	0.56032	0.01413	0.08610	0.01891	0.05215	0.01959	0.01267	0.01703	0.01058	0.00587	0.00614	0.00187	0.00736	0.02689	0.00320	0.00909
31	0.01477	0.01305	0.02216	0.16341	0.52175	0.01338	0.03834	0.01827	0.01357	0.07000	0.01302	0.04801	0.01090	0.00618	0.00608	0.00187	0.00709	0.00595	0.00335	0.00884
32	0.00858	0.00611	0.00817	0.00823	0.00884	0.00660	0.00574	0.00981	0.00971	0.01353	0.04881	0.07593	0.02104	0.34628	0.38813	0.00735	0.01061	0.00820	0.00368	0.00465
33	0.00837	0.00614	0.00682	0.00694	0.00872	0.00527	0.00509	0.00987	0.01349	0.05993	0.07096	0.22663	0.51928	0.01555	0.00718	0.00211	0.00327	0.01329	0.00572	0.00535
34	0.01264	0.01638	0.25594	0.01484	0.07026	0.01066	0.05632	0.03745	0.05657	0.08267	0.04848	0.17384	0.05027	0.03991	0.00747	0.00221	0.00637	0.04567	0.00442	0.00763
35	0.01253	0.01102	0.01407	0.04181	0.01641	0.00867	0.05020	0.01540	0.01256	0.01941	0.01078	0.01284	0.00889	0.00456	0.00468	0.00100	0.00494	0.00385	0.00350	0.74291
36	0.00826	0.00565	0.00732	0.00784	0.00828	0.00558	0.00522	0.00894	0.01060	0.01428	0.07254	0.32806	0.05799	0.23810	0.11224	0.08259	0.00587	0.01168	0.00452	0.00444
37	0.00789	0.00554	0.00681	0.00749	0.00805	0.00518	0.00492	0.00853	0.01108	0.01443	0.04686	0.40631	0.15933	0.19922	0.01420	0.06738	0.00408	0.01331	0.00492	0.00447
38	0.01021	0.00778	0.01010	0.04039	0.07832	0.00792	0.00738	0.01279	0.07107	0.01537	0.02108	0.07124	0.02252	0.40721	0.01899	0.00405	0.00573	0.14122	0.00419	0.04244
39	0.56279	0.01153	0.01196	0.07510	0.05015	0.01300	0.04624	0.04423	0.01168	0.02464	0.04328	0.01441	0.01025	0.05222	0.00603	0.00211	0.00541	0.00449	0.00378	0.00669
40	0.12106	0.06861	0.12472	0.15921	0.11890	0.01512	0.05203	0.11950	0.01451	0.02167	0.03087	0.01437	0.00968	0.00635	0.00660	0.00187	0.06610	0.00498	0.00346	0.04040
41	0.01384	0.01465	0.10768	0.19005	0.35780	0.01324	0.01624	0.06669	0.01386	0.01966	0.01177	0.01537	0.00939	0.00645	0.00659	0.03910	0.00708	0.00520	0.05147	0.03385

[dist]
# distance from previous block
# <min> <max>
1	30

[block]
# block no. 2 follows, 38 sequences, length 12
# corresponding to MSA columns:
# 311-322
name=unknown_C
#
# <colnr> <probs for GDERKNQSTAVLIFYWHMCP>
#	G	D	E	R	K	N	Q	S	T	A	V	L	I	F	Y	W	H	M	C	P
0	0.01684	0.06242	0.05865	0.21693	0.09043	0.10879	0.01349	0.16461	0.10192	0.05222	0.01336	0.01518	0.01007	0.00640	0.00574	0.00179	0.00730	0.00512	0.00406	0.04470
1	0.01084	0.00836	0.01190	0.06942	0.08059	0.00823	0.03944	0.01439	0.06429	0.06305	0.18382	0.12335	0.17810	0.01223	0.00702	0.00211	0.00468	0.10627	0.00538	0.00651
2	0.01327	0.09559	0.43926	0.01813	0.09139	0.03948	0.08246	0.01885	0.03358	0.03309	0.01302	0.07137	0.01082	0.00668	0.00585	0.00188	0.00808	0.00569	0.00308	0.00845
3	0.01606	0.22769	0.20365	0.01459	0.08160	0.01541	0.01345	0.08048	0.04795	0.11867	0.06943	0.01913	0.01466	0.00709	0.00557	0.00177	0.00655	0.04355	0.00417	0.00853
4	0.08197	0.01492	0.01877	0.10577	0.02183	0.07864	0.13244	0.22314	0.06705	0.09363	0.04425	0.01650	0.01210	0.00663	0.00593	0.00182	0.00704	0.00566	0.00470	0.05719
5	0.01036	0.00824	0.00862	0.00846	0.01011	0.07421	0.00628	0.01237	0.01501	0.06302	0.31174	0.21001	0.18877	0.01368	0.00706	0.00204	0.00398	0.03442	0.00587	0.00576
6	0.11822	0.06828	0.06712	0.03950	0.05792	0.04694	0.06483	0.14648	0.08116	0.15254	0.06010	0.01852	0.03817	0.00712	0.00573	0.00184	0.00627	0.00579	0.00491	0.00854
7	0.01485	0.12521	0.50747	0.01574	0.02331	0.01555	0.04033	0.10775	0.01488	0.06345	0.01173	0.01308	0.00842	0.00591	0.00558	0.00181	0.00811	0.00458	0.00328	0.00896
8	0.00902	0.00725	0.01018	0.01017	0.01172	0.00704	0.06104	0.01231	0.07862	0.01758	0.06599	0.37916	0.13704	0.01560	0.00751	0.00236	0.00442	0.15178	0.00548	0.00574
9	0.01712	0.16469	0.05050	0.04085	0.08528	0.17257	0.08196	0.16276	0.03228	0.02072	0.01506	0.07294	0.04293	0.00738	0.00575	0.00175	0.00757	0.00602	0.00390	0.00800
10	0.16125	0.10365	0.06101	0.02069	0.26876	0.01503	0.04913	0.05156	0.05334	0.10806	0.01265	0.01431	0.00974	0.00608	0.00598	0.00182	0.03949	0.00494	0.00386	0.00867
11	0.03658	0.04195	0.05747	0.01477	0.06936	0.10835	0.02925	0.21233	0.16338	0.10936	0.01573	0.01583	0.01158	0.00669	0.00571	0.00174	0.00661	0.00527	0.00498	0.08305

[dist]
# distance from previous block
# <min> <max>
3	7

[block]
# block no. 3 follows, 38 sequences, length 8
# corresponding to MSA columns:
# 330-337
name=unknown_D
#
# <colnr> <probs for GDERKNQSTAVLIFYWHMCP>
#	G	D	E	R	K	N	Q	S	T	A	V	L	I	F	Y	W	H	M	C	P
0	0.00842	0.00634	0.00791	0.00846	0.00958	0.00612	0.00612	0.01147	0.07711	0.01862	0.20853	0.41145	0.11838	0.01578	0.00738	0.00225	0.00353	0.06112	0.00588	0.00555
1	0.01557	0.01670	0.06213	0.05628	0.25023	0.07227	0.22728	0.08105	0.07867	0.02073	0.01261	0.01545	0.00986	0.00606	0.00698	0.00192	0.04820	0.00584	0.00349	0.00867
2	0.05603	0.10049	0.26916	0.01458	0.04389	0.03137	0.06094	0.05677	0.09045	0.08343	0.05328	0.01943	0.02555	0.04027	0.00683	0.00203	0.00698	0.02620	0.00404	0.00827
3	0.03232	0.06666	0.10625	0.01239	0.01638	0.08846	0.01100	0.13536	0.16901	0.09612	0.05616	0.08924	0.01857	0.00904	0.00615	0.00195	0.00618	0.06533	0.00514	0.00826
4	0.00866	0.00725	0.01082	0.01168	0.07557	0.00671	0.06675	0.01060	0.01311	0.01735	0.12464	0.39737	0.19650	0.01489	0.00728	0.00219	0.00418	0.01347	0.00527	0.00570
5	0.08755	0.01342	0.06674	0.04827	0.01824	0.03479	0.07428	0.12731	0.04205	0.30031	0.04973	0.07841	0.01581	0.00795	0.00608	0.00192	0.00608	0.00671	0.00561	0.00874
6	0.01720	0.06424	0.17494	0.08160	0.14719	0.07769	0.05113	0.16073	0.06729	0.08025	0.01337	0.01483	0.00991	0.00626	0.00583	0.00182	0.00757	0.00517	0.00402	0.00896
7	0.00817	0.00643	0.00849	0.00801	0.00965	0.00579	0.03616	0.01046	0.01514	0.02035	0.41234	0.15541	0.25361	0.01380	0.00718	0.00202	0.00331	0.01215	0.00602	0.00549

[dist]
# distance from previous block
# <min> <max>
10	30

[block]
# block no. 4 follows, 38 sequences, length 24
# corresponding to MSA columns:
# 369-392
name=unknown_E
#
# <colnr> <probs for GDERKNQSTAVLIFYWHMCP>
#	G	D	E	R	K	N	Q	S	T	A	V	L	I	F	Y	W	H	M	C	P
0	0.01590	0.03991	0.01792	0.01388	0.01770	0.12782	0.15988	0.10944	0.01627	0.09528	0.03694	0.10080	0.11319	0.00907	0.00639	0.00187	0.00678	0.03597	0.00468	0.07030
1	0.10704	0.01214	0.01514	0.01325	0.04101	0.06205	0.10787	0.12644	0.05222	0.04837	0.05659	0.16411	0.04473	0.02677	0.04270	0.00241	0.00646	0.02596	0.00475	0.04000
2	0.01368	0.04457	0.25095	0.01327	0.01810	0.09054	0.03763	0.02014	0.15406	0.05328	0.05420	0.07610	0.05355	0.04111	0.00710	0.00207	0.00675	0.02229	0.00425	0.03637
3	0.01718	0.09469	0.01980	0.01458	0.04260	0.06460	0.11229	0.22815	0.07175	0.05029	0.04065	0.01818	0.01307	0.00822	0.03331	0.00199	0.00707	0.03506	0.00456	0.12196
4	0.01483	0.01362	0.02456	0.20475	0.12270	0.01431	0.27587	0.07645	0.01450	0.06968	0.01321	0.04671	0.01053	0.00662	0.00747	0.00202	0.06405	0.00651	0.00356	0.00803
5	0.01435	0.01715	0.18706	0.04026	0.01896	0.07787	0.06321	0.08854	0.15326	0.05597	0.08458	0.13475	0.01970	0.00899	0.00634	0.00198	0.00658	0.00773	0.00470	0.00801
6	0.00805	0.00616	0.00726	0.00759	0.00884	0.00573	0.00542	0.01030	0.04728	0.01750	0.17380	0.27812	0.27319	0.08603	0.00942	0.00251	0.00357	0.03836	0.00563	0.00522
7	0.08685	0.01769	0.02077	0.06908	0.05667	0.18364	0.17320	0.18671	0.04328	0.04956	0.02876	0.01492	0.01037	0.00643	0.00628	0.00185	0.02615	0.00545	0.00412	0.00822
8	0.01468	0.25565	0.39963	0.01545	0.02239	0.08090	0.06925	0.04429	0.01359	0.01791	0.01017	0.01196	0.00786	0.00559	0.00525	0.00170	0.00834	0.00426	0.00276	0.00837
9	0.00762	0.00548	0.00691	0.00793	0.00844	0.00513	0.00530	0.00860	0.01138	0.01494	0.03372	0.56381	0.11098	0.14327	0.01136	0.00296	0.00389	0.03830	0.00527	0.00473
10	0.01465	0.01431	0.02521	0.07200	0.64448	0.01434	0.08919	0.01839	0.01367	0.01940	0.01137	0.01508	0.00941	0.00536	0.00607	0.00182	0.00749	0.00553	0.00297	0.00925
11	0.10127	0.01497	0.05230	0.01461	0.05538	0.01485	0.06137	0.33448	0.02057	0.22402	0.01565	0.01562	0.01081	0.00690	0.00625	0.00187	0.02859	0.00544	0.00555	0.00952
12	0.01383	0.33616	0.41619	0.01495	0.02214	0.01801	0.06573	0.01865	0.01261	0.01710	0.00991	0.01171	0.00776	0.00544	0.00506	0.00166	0.00799	0.00413	0.00259	0.00837
13	0.00749	0.00583	0.00682	0.00733	0.00865	0.00517	0.00531	0.00906	0.01334	0.01699	0.13491	0.31733	0.37473	0.01623	0.00737	0.00220	0.00330	0.04711	0.00571	0.00511
14	0.01950	0.10675	0.04759	0.01262	0.05004	0.05037	0.01018	0.12029	0.09173	0.27367	0.07198	0.04586	0.01678	0.00962	0.04386	0.00220	0.00631	0.00625	0.00556	0.00884
15	0.02132	0.01529	0.01660	0.01317	0.01762	0.01686	0.01073	0.49699	0.20045	0.10021	0.01773	0.01694	0.01263	0.00747	0.00605	0.00187	0.00603	0.00581	0.00617	0.01006
16	0.00752	0.00570	0.00694	0.00749	0.00860	0.00512	0.00529	0.00912	0.01342	0.01758	0.20041	0.39548	0.26298	0.01628	0.00737	0.00219	0.00321	0.01436	0.00582	0.00512
17	0.01489	0.01429	0.02442	0.03692	0.75106	0.01429	0.01846	0.01846	0.01370	0.01965	0.01132	0.01489	0.00953	0.00536	0.00596	0.00179	0.00715	0.00536	0.00298	0.00953
18	0.67085	0.01194	0.01022	0.00874	0.01266	0.01343	0.00721	0.08181	0.01260	0.10858	0.01061	0.01137	0.00777	0.00593	0.00418	0.00186	0.00488	0.00376	0.00434	0.00725
19	0.00730	0.00534	0.00687	0.00809	0.00865	0.00491	0.00546	0.00841	0.01179	0.01547	0.03659	0.69480	0.12743	0.01840	0.00761	0.00239	0.00344	0.01656	0.00558	0.00491
20	0.00745	0.00532	0.00712	0.00851	0.00891	0.00499	0.00579	0.00858	0.01164	0.01549	0.03309	0.74832	0.03953	0.01873	0.00771	0.00246	0.00359	0.05226	0.00558	0.00492
21	0.00733	0.00524	0.00698	0.00838	0.00873	0.00489	0.00558	0.00838	0.01152	0.01536	0.03316	0.78466	0.03979	0.01885	0.00768	0.00244	0.00349	0.01710	0.00558	0.00489
22	0.08883	0.02069	0.01671	0.01390	0.01791	0.29914	0.01101	0.37307	0.05596	0.02768	0.01248	0.01308	0.00937	0.00675	0.00561	0.00172	0.00796	0.00472	0.00473	0.00866
23	0.01161	0.01084	0.01774	0.72207	0.03967	0.01347	0.01622	0.01650	0.06178	0.01604	0.01163	0.01648	0.00873	0.00616	0.00602	0.00201	0.00780	0.00545	0.00291	0.00688

[dist]
# distance from previous block
# <min> <max>
0	3

[block]
# block no. 5 follows, 38 sequences, length 7
# corresponding to MSA columns:
# 396-402
name=unknown_F
#
# <colnr> <probs for GDERKNQSTAVLIFYWHMCP>
#	G	D	E	R	K	N	Q	S	T	A	V	L	I	F	Y	W	H	M	C	P
0	0.01599	0.01496	0.02158	0.13989	0.27736	0.05544	0.06859	0.15966	0.01579	0.02146	0.01121	0.01457	0.00903	0.00674	0.00840	0.00197	0.13997	0.00540	0.00349	0.00848
1	0.17699	0.01531	0.03018	0.02188	0.02749	0.01487	0.58519	0.01895	0.01341	0.02081	0.01141	0.01494	0.00861	0.00517	0.00643	0.00200	0.00905	0.00633	0.00318	0.00780
2	0.00845	0.00578	0.00697	0.00725	0.00743	0.00582	0.00444	0.00888	0.00940	0.01264	0.02149	0.18625	0.02473	0.55771	0.10255	0.00556	0.00644	0.01017	0.00399	0.00407
3	0.17918	0.01144	0.01259	0.00953	0.01438	0.01036	0.00775	0.09268	0.01449	0.14904	0.01286	0.01351	0.00960	0.00548	0.00475	0.00135	0.00483	0.00412	0.00452	0.43755
4	0.06704	0.01273	0.01460	0.04115	0.01685	0.01239	0.00927	0.25054	0.04249	0.16404	0.01468	0.01493	0.01060	0.00616	0.00533	0.00151	0.00544	0.00479	0.00515	0.30030
5	0.01886	0.01068	0.01304	0.01033	0.01436	0.01001	0.00832	0.12181	0.08638	0.30177	0.16542	0.02324	0.02186	0.00790	0.00597	0.00170	0.00471	0.00654	0.00623	0.16088
6	0.17745	0.01191	0.01215	0.00966	0.01390	0.03899	0.00772	0.12532	0.03775	0.04556	0.05790	0.04517	0.04067	0.00678	0.00506	0.00147	0.00491	0.00525	0.00448	0.34793

[dist]
# distance from previous block
# <min> <max>
1	14

[block]
# block no. 6 follows, 38 sequences, length 12
# corresponding to MSA columns:
# 426-437
name=unknown_G
#
# <colnr> <probs for GDERKNQSTAVLIFYWHMCP>
#	G	D	E	R	K	N	Q	S	T	A	V	L	I	F	Y	W	H	M	C	P
0	0.00946	0.00770	0.00788	0.00725	0.00969	0.00710	0.00559	0.11627	0.01588	0.01948	0.05401	0.05142	0.63859	0.01404	0.00695	0.00200	0.00358	0.01161	0.00565	0.00585
1	0.01221	0.01041	0.01219	0.00888	0.01397	0.00786	0.00705	0.01479	0.01242	0.01938	0.01186	0.05269	0.01052	0.00520	0.00462	0.00097	0.00440	0.00427	0.00367	0.78263
2	0.02207	0.01423	0.01561	0.01222	0.01674	0.04372	0.00997	0.36118	0.08283	0.24330	0.01914	0.01811	0.03783	0.00740	0.00593	0.00177	0.00591	0.00577	0.00613	0.07012
3	0.13273	0.00618	0.00799	0.00785	0.00840	0.00646	0.00542	0.00930	0.00819	0.01291	0.01014	0.01702	0.00986	0.01862	0.02056	0.70232	0.00514	0.00493	0.00278	0.00319
4	0.01610	0.01533	0.03229	0.02317	0.02904	0.01426	0.62187	0.02077	0.01465	0.12893	0.01389	0.01686	0.00999	0.00542	0.00694	0.00200	0.00939	0.00694	0.00370	0.00843
5	0.00805	0.00621	0.00825	0.01007	0.05803	0.00578	0.00668	0.00956	0.01240	0.01613	0.03762	0.49458	0.19158	0.01692	0.00751	0.00235	0.00387	0.09371	0.00541	0.00531
6	0.05421	0.05442	0.09568	0.03430	0.01783	0.01406	0.02891	0.14603	0.06914	0.06053	0.01247	0.01403	0.00968	0.00657	0.00740	0.00168	0.12093	0.00472	0.00407	0.24335
7	0.06993	0.01149	0.01370	0.01128	0.01463	0.03419	0.04795	0.19673	0.06036	0.15954	0.22478	0.08403	0.02661	0.00940	0.00636	0.00191	0.00512	0.00797	0.00602	0.00803
8	0.03990	0.08701	0.15917	0.01910	0.19239	0.03462	0.05216	0.13091	0.05846	0.05689	0.07197	0.01829	0.03916	0.00686	0.00586	0.00181	0.00680	0.00580	0.00413	0.00870
9	0.06350	0.04566	0.17426	0.01435	0.02003	0.07621	0.08571	0.22155	0.03723	0.02465	0.01198	0.01335	0.00902	0.00590	0.00550	0.00164	0.00720	0.00472	0.00400	0.17354
10	0.08866	0.03695	0.03741	0.01528	0.07377	0.03506	0.10494	0.13306	0.07985	0.17071	0.05787	0.01751	0.01364	0.00695	0.00659	0.00184	0.04789	0.00575	0.00491	0.06138
11	0.08483	0.06169	0.05482	0.01494	0.06110	0.08392	0.06395	0.22534	0.04487	0.17039	0.01444	0.01492	0.01040	0.00668	0.00625	0.00181	0.03879	0.00517	0.00488	0.03082

[dist]
# distance from previous block
# <min> <max>
6	22

[block]
# block no. 7 follows, 38 sequences, length 7
# corresponding to MSA columns:
# 460-466
name=unknown_H
#
# <colnr> <probs for GDERKNQSTAVLIFYWHMCP>
#	G	D	E	R	K	N	Q	S	T	A	V	L	I	F	Y	W	H	M	C	P
0	0.12470	0.16251	0.10147	0.07356	0.06128	0.01464	0.01149	0.07956	0.01361	0.05087	0.01073	0.01256	0.00850	0.00569	0.00548	0.00155	0.04050	0.00414	0.00351	0.21364
1	0.03492	0.04836	0.10756	0.01432	0.09419	0.04715	0.05178	0.01651	0.05427	0.06428	0.16396	0.16345	0.02620	0.01018	0.00646	0.00197	0.00566	0.05125	0.00475	0.03279
2	0.01614	0.10469	0.14246	0.01229	0.01688	0.07899	0.01150	0.17903	0.08394	0.05526	0.07961	0.02138	0.04363	0.00777	0.00577	0.00176	0.00633	0.04025	0.03726	0.05506
3	0.01644	0.20112	0.10524	0.01317	0.01736	0.21699	0.03039	0.07798	0.04409	0.01844	0.05668	0.06073	0.01338	0.00728	0.00612	0.00167	0.04660	0.00539	0.00364	0.05728
4	0.06428	0.01711	0.20328	0.01314	0.01748	0.09123	0.04608	0.01959	0.04677	0.14117	0.05776	0.04933	0.01557	0.01008	0.04876	0.00237	0.05386	0.04042	0.05399	0.00773
5	0.32183	0.01495	0.08212	0.05026	0.01714	0.05890	0.04205	0.13109	0.05873	0.02491	0.04195	0.01460	0.01088	0.00845	0.04710	0.00224	0.00670	0.00475	0.00408	0.05727
6	0.01897	0.05371	0.05676	0.05992	0.09321	0.09932	0.04364	0.28891	0.04784	0.07204	0.01321	0.01446	0.00988	0.00663	0.00646	0.00177	0.04499	0.00513	0.00451	0.05864

[dist]
# distance from previous block
# <min> <max>
11	112

# created by:
# /home/cegg/simao/soft/augustus-3.2.1/scripts/msa2prfl.pl ./align_prep/EOG091G0LT7.fa
