[name]
unknown

[dist]
# distance from previous block
# <min> <max>
0	12

[block]
# block no. 0 follows, 51 sequences, length 38
# corresponding to MSA columns:
# 15-52
name=unknown_A
#
# <colnr> <probs for GDERKNQSTAVLIFYWHMCP>
#	G	D	E	R	K	N	Q	S	T	A	V	L	I	F	Y	W	H	M	C	P
0	0.00789	0.00564	0.00787	0.00896	0.01009	0.00562	0.00781	0.01015	0.01140	0.01487	0.05129	0.05482	0.02888	0.01346	0.00676	0.00224	0.00445	0.73873	0.00455	0.00453
1	0.00645	0.00447	0.00557	0.00626	0.00643	0.00430	0.00394	0.00696	0.00851	0.01135	0.02250	0.51076	0.02671	0.33663	0.01369	0.00309	0.00361	0.01127	0.00394	0.00359
2	0.00715	0.00535	0.00770	0.00763	0.00834	0.00618	0.00576	0.00860	0.00776	0.01111	0.01334	0.02115	0.01302	0.16478	0.65695	0.00722	0.03555	0.00554	0.00267	0.00419
3	0.00619	0.00450	0.00566	0.00636	0.00691	0.00416	0.00430	0.00717	0.00993	0.01314	0.11430	0.55043	0.13712	0.09596	0.00804	0.00218	0.00293	0.01223	0.00450	0.00398
4	0.00611	0.00499	0.00539	0.00529	0.00682	0.00428	0.00397	0.00763	0.01191	0.01495	0.24374	0.04454	0.59964	0.01182	0.00580	0.00163	0.00244	0.00998	0.00478	0.00428
5	0.86201	0.00950	0.00722	0.00646	0.00950	0.01102	0.00532	0.01445	0.00836	0.02205	0.00684	0.00798	0.00532	0.00456	0.00304	0.00152	0.00380	0.00266	0.00304	0.00532
6	0.00598	0.00431	0.00567	0.00675	0.00710	0.00400	0.00452	0.00685	0.00950	0.01258	0.02820	0.78602	0.06986	0.01525	0.00625	0.00198	0.00283	0.01379	0.00456	0.00400
7	0.86201	0.00950	0.00722	0.00646	0.00950	0.01102	0.00532	0.01445	0.00836	0.02205	0.00684	0.00798	0.00532	0.00456	0.00304	0.00152	0.00380	0.00266	0.00304	0.00532
8	0.00599	0.00428	0.00570	0.00684	0.00713	0.00399	0.00456	0.00684	0.00941	0.01254	0.02709	0.82409	0.03250	0.01540	0.00627	0.00200	0.00285	0.01397	0.00456	0.00399
9	0.83065	0.00966	0.00750	0.00664	0.00972	0.01118	0.00547	0.04292	0.00891	0.02238	0.00703	0.00812	0.00543	0.00461	0.00311	0.00152	0.00386	0.00273	0.00311	0.00543
10	0.01357	0.72663	0.04629	0.00899	0.01311	0.09843	0.00879	0.01523	0.01039	0.01172	0.00696	0.00805	0.00631	0.00430	0.00332	0.00109	0.00567	0.00271	0.00214	0.00627
11	0.01689	0.00813	0.02460	0.00818	0.01146	0.00699	0.00677	0.04163	0.02999	0.47865	0.10163	0.03225	0.01606	0.00660	0.00486	0.00144	0.00386	0.03085	0.06801	0.10118
12	0.01200	0.04991	0.12566	0.04102	0.55155	0.01195	0.03985	0.01596	0.06063	0.02993	0.00996	0.01226	0.00801	0.00459	0.00480	0.00148	0.00595	0.00433	0.00259	0.00757
13	0.01314	0.83025	0.02575	0.00841	0.01261	0.01945	0.00841	0.01472	0.00999	0.01156	0.00683	0.00788	0.00631	0.00420	0.00315	0.00105	0.00526	0.00263	0.00210	0.00631
14	0.00599	0.00499	0.00524	0.00517	0.00675	0.00423	0.00388	0.00741	0.01164	0.01432	0.17041	0.04558	0.67336	0.01206	0.00581	0.00164	0.00246	0.01013	0.00470	0.00423
15	0.01244	0.01066	0.01123	0.01004	0.01286	0.01232	0.00783	0.05108	0.76245	0.02090	0.01973	0.01812	0.01478	0.00664	0.00500	0.00166	0.00394	0.00552	0.00500	0.00780
16	0.00687	0.00499	0.00647	0.00616	0.00730	0.00459	0.00460	0.00908	0.01361	0.01914	0.73134	0.06984	0.07682	0.01037	0.00582	0.00157	0.00235	0.00916	0.00534	0.00459
17	0.01189	0.01140	0.01946	0.10336	0.72554	0.01161	0.01495	0.01485	0.01106	0.01573	0.00920	0.01225	0.00767	0.00443	0.00487	0.00148	0.00590	0.00438	0.00241	0.00757
18	0.86201	0.00950	0.00722	0.00646	0.00950	0.01102	0.00532	0.01445	0.00836	0.02205	0.00684	0.00798	0.00532	0.00456	0.00304	0.00152	0.00380	0.00266	0.00304	0.00532
19	0.00599	0.00428	0.00570	0.00684	0.00713	0.00399	0.00456	0.00684	0.00941	0.01254	0.02709	0.82409	0.03250	0.01540	0.00627	0.00200	0.00285	0.01397	0.00456	0.00399
20	0.01060	0.05744	0.59419	0.01634	0.12294	0.02841	0.07135	0.01556	0.01063	0.01539	0.00884	0.01068	0.00652	0.00458	0.00470	0.00152	0.00710	0.00383	0.00216	0.00721
21	0.00867	0.00558	0.00648	0.00604	0.00787	0.00488	0.00463	0.01046	0.02570	0.13450	0.19679	0.07474	0.46016	0.01103	0.00570	0.00164	0.00279	0.02240	0.00498	0.00495
22	0.00649	0.00497	0.00595	0.00577	0.00707	0.00443	0.00430	0.00835	0.01272	0.01703	0.48748	0.07570	0.31957	0.01116	0.00582	0.00161	0.00240	0.00966	0.00506	0.00443
23	0.01128	0.01096	0.01923	0.25732	0.50776	0.01152	0.08147	0.01441	0.01083	0.01501	0.00916	0.01253	0.00740	0.00451	0.00496	0.00153	0.00626	0.00450	0.00236	0.00701
24	0.02603	0.01174	0.01814	0.24907	0.24988	0.05212	0.13755	0.12244	0.02930	0.01705	0.01017	0.01373	0.00810	0.00507	0.00505	0.00156	0.00642	0.02695	0.00285	0.00677
25	0.01321	0.00638	0.00729	0.00630	0.00837	0.00621	0.00497	0.08381	0.01253	0.21764	0.04277	0.01795	0.01325	0.00598	0.00403	0.00128	0.00305	0.00480	0.53430	0.00588
26	0.01466	0.16851	0.17543	0.04908	0.10760	0.02727	0.01175	0.30808	0.01538	0.04747	0.00993	0.01098	0.00746	0.00515	0.00472	0.00143	0.02034	0.00392	0.00336	0.00746
27	0.01027	0.00972	0.01648	0.58503	0.17466	0.01129	0.05855	0.03445	0.02548	0.01405	0.00920	0.01300	0.00705	0.00483	0.00496	0.00160	0.00644	0.00448	0.00238	0.00608
28	0.00737	0.00513	0.00660	0.00617	0.00746	0.00468	0.00465	0.00959	0.01369	0.04553	0.70702	0.03690	0.10641	0.01011	0.00577	0.00155	0.00240	0.00888	0.00536	0.00472
29	0.00704	0.00521	0.00760	0.00760	0.00837	0.00598	0.00577	0.00858	0.00781	0.01119	0.01344	0.02083	0.01295	0.13040	0.71517	0.00753	0.01217	0.00549	0.00267	0.00422
30	0.00599	0.00428	0.00570	0.00684	0.00713	0.00399	0.00456	0.00684	0.00941	0.01254	0.02709	0.82409	0.03250	0.01540	0.00627	0.00200	0.00285	0.01397	0.00456	0.00399
31	0.00986	0.02542	0.80183	0.01401	0.02127	0.01141	0.01816	0.01556	0.01038	0.01556	0.00882	0.01038	0.00623	0.00467	0.00467	0.00156	0.00726	0.00363	0.00208	0.00726
32	0.01938	0.01045	0.01186	0.00950	0.01294	0.07420	0.00778	0.18726	0.01580	0.48097	0.03946	0.01860	0.02796	0.00667	0.00505	0.00154	0.00477	0.05271	0.00539	0.00772
33	0.00702	0.00527	0.00790	0.00790	0.00878	0.00614	0.00614	0.00878	0.00790	0.01141	0.01316	0.01931	0.01229	0.03686	0.80782	0.00790	0.01316	0.00527	0.00263	0.00439
34	0.01222	0.01056	0.01111	0.01000	0.01278	0.01222	0.00778	0.02611	0.78776	0.02056	0.02000	0.01833	0.01500	0.00667	0.00500	0.00167	0.00389	0.00556	0.00500	0.00778
35	0.01868	0.01376	0.01475	0.01131	0.01524	0.01524	0.00934	0.78025	0.02311	0.03097	0.01180	0.01180	0.00836	0.00590	0.00492	0.00147	0.00541	0.00442	0.00492	0.00836
36	0.00617	0.00504	0.00549	0.00552	0.00705	0.00436	0.00423	0.00768	0.01165	0.01444	0.16889	0.04626	0.60813	0.01215	0.00589	0.00169	0.00263	0.07376	0.00470	0.00426
37	0.00604	0.00431	0.00576	0.00690	0.00721	0.00404	0.00465	0.00693	0.00946	0.01260	0.02706	0.80330	0.03239	0.01535	0.00629	0.00200	0.00290	0.03424	0.00456	0.00401

[dist]
# distance from previous block
# <min> <max>
0	1

[block]
# block no. 1 follows, 51 sequences, length 6
# corresponding to MSA columns:
# 54-59
name=unknown_B
#
# <colnr> <probs for GDERKNQSTAVLIFYWHMCP>
#	G	D	E	R	K	N	Q	S	T	A	V	L	I	F	Y	W	H	M	C	P
0	0.15767	0.09245	0.01264	0.00943	0.01249	0.01323	0.00772	0.20113	0.33204	0.02195	0.01381	0.01369	0.01048	0.00592	0.00483	0.00153	0.03610	0.00441	0.04135	0.00712
1	0.01063	0.00638	0.00768	0.00682	0.00860	0.00631	0.00530	0.05248	0.06433	0.13151	0.34637	0.02691	0.07014	0.00813	0.00532	0.00148	0.02633	0.00682	0.20291	0.00555
2	0.50433	0.01232	0.04833	0.03212	0.01263	0.10756	0.02921	0.05285	0.08761	0.02006	0.00881	0.00982	0.00679	0.00486	0.00373	0.00147	0.00487	0.00329	0.00317	0.04617
3	0.01126	0.01055	0.01910	0.02170	0.38102	0.01042	0.21172	0.01399	0.01093	0.04979	0.01301	0.16120	0.01236	0.00660	0.00588	0.00164	0.04261	0.00653	0.00298	0.00671
4	0.01276	0.10469	0.43198	0.01478	0.10989	0.05651	0.04020	0.06389	0.01183	0.09403	0.00987	0.01106	0.00719	0.00481	0.00460	0.00147	0.00659	0.00384	0.00273	0.00729
5	0.01314	0.10758	0.22936	0.01429	0.11239	0.01113	0.12188	0.01723	0.06156	0.17704	0.03835	0.01516	0.04792	0.00547	0.00485	0.00151	0.00577	0.00481	0.00342	0.00715

[dist]
# distance from previous block
# <min> <max>
0	8

[block]
# block no. 2 follows, 51 sequences, length 79
# corresponding to MSA columns:
# 68-135,138-148
name=unknown_C
#
# <colnr> <probs for GDERKNQSTAVLIFYWHMCP>
#	G	D	E	R	K	N	Q	S	T	A	V	L	I	F	Y	W	H	M	C	P
0	0.00618	0.00448	0.00609	0.00744	0.02581	0.00421	0.00488	0.00711	0.00949	0.01268	0.02664	0.78795	0.03183	0.01510	0.00625	0.00199	0.00296	0.03031	0.00451	0.00409
1	0.00999	0.02459	0.75276	0.01482	0.05308	0.01145	0.03484	0.01555	0.01044	0.01559	0.00886	0.01051	0.00632	0.00465	0.00470	0.00155	0.00723	0.00371	0.00210	0.00727
2	0.01124	0.05577	0.45573	0.04064	0.18601	0.03442	0.04385	0.02768	0.01102	0.04050	0.00991	0.01286	0.00775	0.00501	0.00478	0.00154	0.00669	0.03497	0.00246	0.00715
3	0.00711	0.00485	0.00585	0.00594	0.00614	0.00495	0.00372	0.00753	0.00767	0.01035	0.03309	0.06567	0.01878	0.63273	0.13035	0.00490	0.00577	0.03816	0.00312	0.00331
4	0.00703	0.00524	0.00779	0.00779	0.00864	0.00609	0.00601	0.00871	0.00787	0.01133	0.01326	0.01983	0.01251	0.06919	0.77580	0.00777	0.01282	0.00534	0.00265	0.00433
5	0.79917	0.01020	0.00822	0.00719	0.01028	0.04365	0.03125	0.01470	0.00870	0.02143	0.00698	0.00819	0.00543	0.00457	0.00319	0.00151	0.00416	0.00279	0.00300	0.00538
6	0.00977	0.00890	0.01479	0.61296	0.16288	0.01052	0.01305	0.01290	0.01010	0.01364	0.00943	0.01337	0.00726	0.00489	0.00478	0.00157	0.00607	0.00439	0.07294	0.00579
7	0.01151	0.05266	0.34368	0.01452	0.12925	0.02825	0.04484	0.08285	0.03403	0.01700	0.00938	0.01093	0.00717	0.00454	0.00448	0.00134	0.00600	0.00374	0.00267	0.19117
8	0.00612	0.00452	0.00573	0.00642	0.00708	0.00413	0.00444	0.00730	0.01048	0.01390	0.16305	0.56147	0.15934	0.01399	0.00611	0.00186	0.00270	0.01251	0.00471	0.00413
9	0.00635	0.00579	0.02715	0.00615	0.02149	0.00480	0.00462	0.00825	0.04280	0.01379	0.06667	0.14222	0.60827	0.01215	0.00579	0.00169	0.00278	0.01029	0.00450	0.00444
10	0.00669	0.00571	0.03026	0.00726	0.00841	0.00491	0.03109	0.00847	0.03278	0.01415	0.13273	0.50628	0.14347	0.01297	0.00597	0.00182	0.00309	0.01163	0.00450	0.02782
11	0.02205	0.00836	0.01140	0.00874	0.01254	0.00722	0.00722	0.02395	0.01407	0.80004	0.01939	0.01673	0.01216	0.00608	0.00494	0.00152	0.00418	0.00494	0.00608	0.00836
12	0.01306	0.81035	0.04494	0.00855	0.01283	0.01925	0.00865	0.01474	0.00999	0.01166	0.00688	0.00794	0.00630	0.00422	0.00319	0.00106	0.00531	0.00265	0.00210	0.00633
13	0.00928	0.00873	0.01474	0.81548	0.03385	0.01092	0.01365	0.01256	0.00983	0.01256	0.00873	0.01310	0.00655	0.00491	0.00491	0.00164	0.00655	0.00437	0.00218	0.00546
14	0.01132	0.36521	0.44702	0.01150	0.01732	0.01484	0.01369	0.01556	0.03643	0.01404	0.00836	0.00959	0.00656	0.00454	0.00404	0.00135	0.00630	0.00327	0.00219	0.00688
15	0.00729	0.00631	0.04771	0.00791	0.00903	0.00554	0.00633	0.00977	0.07052	0.01377	0.02552	0.41787	0.06025	0.06561	0.00742	0.00219	0.00374	0.22434	0.00436	0.00455
16	0.00710	0.00499	0.00644	0.00608	0.00724	0.00463	0.00456	0.00941	0.01368	0.01962	0.74418	0.03553	0.04420	0.00977	0.00564	0.00152	0.00232	0.00861	0.05984	0.00463
17	0.00986	0.02542	0.80183	0.01401	0.02127	0.01141	0.01816	0.01556	0.01038	0.01556	0.00882	0.01038	0.00623	0.00467	0.00467	0.00156	0.00726	0.00363	0.00208	0.00726
18	0.01271	0.01305	0.02537	0.01840	0.02301	0.01274	0.60064	0.14262	0.05122	0.01844	0.01103	0.02719	0.00840	0.00475	0.00562	0.00163	0.00750	0.00570	0.00305	0.00692
19	0.24273	0.04722	0.25556	0.02659	0.03999	0.17854	0.05018	0.04986	0.01121	0.03008	0.00829	0.00975	0.00632	0.00482	0.00441	0.00148	0.02051	0.00345	0.00266	0.00636
20	0.01915	0.00918	0.01136	0.00889	0.01239	0.00877	0.00728	0.19049	0.03489	0.51029	0.04181	0.01826	0.06254	0.00657	0.00497	0.00151	0.00422	0.00529	0.03430	0.00784
21	0.03574	0.63461	0.14570	0.00942	0.01394	0.03345	0.00990	0.01503	0.01010	0.02598	0.00736	0.00851	0.00637	0.00443	0.00372	0.00118	0.02304	0.00287	0.00220	0.00643
22	0.03498	0.13495	0.42337	0.01192	0.01706	0.08884	0.01333	0.04966	0.05150	0.02829	0.03973	0.01226	0.02669	0.00538	0.00499	0.00149	0.04217	0.00396	0.00268	0.00676
23	0.00605	0.00500	0.00529	0.00540	0.00691	0.00429	0.00408	0.00735	0.01111	0.01344	0.06908	0.07336	0.66391	0.03735	0.00648	0.00181	0.00272	0.06766	0.00454	0.00415
24	0.00610	0.00436	0.00570	0.00673	0.00706	0.00408	0.00450	0.00694	0.00935	0.01242	0.02700	0.73385	0.05466	0.06779	0.00748	0.00217	0.00300	0.02842	0.00446	0.00394
25	0.01184	0.06273	0.18431	0.10774	0.27310	0.01156	0.04875	0.05338	0.04548	0.04662	0.01018	0.01224	0.00787	0.00481	0.00484	0.00146	0.01909	0.00418	0.03757	0.05224
26	0.23276	0.24661	0.20084	0.01096	0.05583	0.10596	0.01038	0.03896	0.01068	0.03584	0.00798	0.00918	0.00632	0.00461	0.00382	0.00136	0.00578	0.00314	0.00259	0.00640
27	0.02134	0.03285	0.01205	0.02787	0.01317	0.00802	0.00750	0.05642	0.01424	0.72465	0.01843	0.01617	0.01169	0.00599	0.00489	0.00151	0.00432	0.00484	0.00582	0.00823
28	0.04406	0.27054	0.12369	0.07595	0.17179	0.03058	0.03334	0.01494	0.01045	0.07126	0.00981	0.05433	0.00845	0.00539	0.00502	0.00144	0.05549	0.00423	0.00265	0.00659
29	0.01116	0.03185	0.13683	0.05080	0.07934	0.07688	0.02142	0.07442	0.15451	0.03128	0.18622	0.03194	0.07847	0.00708	0.00510	0.00154	0.00489	0.00595	0.00393	0.00639
30	0.02431	0.01583	0.27356	0.01352	0.08920	0.02457	0.06468	0.20823	0.03894	0.06575	0.03900	0.01416	0.02541	0.01674	0.00508	0.00155	0.00578	0.00460	0.06193	0.00718
31	0.01347	0.63589	0.06792	0.00940	0.01343	0.09736	0.00914	0.02940	0.03680	0.01250	0.00754	0.00864	0.00664	0.00457	0.00386	0.00116	0.03072	0.00292	0.00229	0.00636
32	0.00656	0.00501	0.00602	0.00577	0.00710	0.00447	0.00433	0.00851	0.01298	0.01751	0.53944	0.04033	0.30235	0.01087	0.00580	0.00158	0.00238	0.00940	0.00512	0.00447
33	0.03839	0.00841	0.01109	0.00862	0.01219	0.00753	0.00708	0.06452	0.01443	0.67483	0.08421	0.01796	0.01470	0.00638	0.00497	0.00152	0.00408	0.00520	0.00590	0.00798
34	0.00678	0.00461	0.00547	0.00582	0.00591	0.00452	0.00347	0.00705	0.00785	0.01047	0.01912	0.28006	0.02245	0.57314	0.01915	0.00390	0.00417	0.00928	0.00347	0.00330
35	0.00599	0.00428	0.00570	0.00684	0.00713	0.00399	0.00456	0.00684	0.00941	0.01254	0.02709	0.82409	0.03250	0.01540	0.00627	0.00200	0.00285	0.01397	0.00456	0.00399
36	0.00692	0.00502	0.00653	0.00615	0.00732	0.00462	0.00461	0.00921	0.01384	0.01953	0.77396	0.03699	0.06657	0.01011	0.00580	0.00155	0.00232	0.00893	0.00539	0.00462
37	0.00685	0.00502	0.00643	0.00607	0.00728	0.00459	0.00456	0.00907	0.01367	0.01913	0.72740	0.03766	0.11338	0.01026	0.00580	0.00156	0.00233	0.00902	0.00533	0.00459
38	0.86201	0.00950	0.00722	0.00646	0.00950	0.01102	0.00532	0.01445	0.00836	0.02205	0.00684	0.00798	0.00532	0.00456	0.00304	0.00152	0.00380	0.00266	0.00304	0.00532
39	0.01314	0.83025	0.02575	0.00841	0.01261	0.01945	0.00841	0.01472	0.00999	0.01156	0.00683	0.00788	0.00631	0.00420	0.00315	0.00105	0.00526	0.00263	0.00210	0.00631
40	0.01042	0.00887	0.01032	0.00739	0.01174	0.00679	0.00592	0.03345	0.01054	0.01642	0.00882	0.01023	0.00731	0.00370	0.00367	0.00075	0.00369	0.00295	0.00297	0.83404
41	0.00698	0.00470	0.00541	0.00557	0.00561	0.00466	0.00320	0.00710	0.00746	0.00995	0.01712	0.14361	0.01993	0.71303	0.02238	0.00437	0.00450	0.00811	0.00320	0.00312
42	0.86201	0.00950	0.00722	0.00646	0.00950	0.01102	0.00532	0.01445	0.00836	0.02205	0.00684	0.00798	0.00532	0.00456	0.00304	0.00152	0.00380	0.00266	0.00304	0.00532
43	0.02205	0.00836	0.01140	0.00874	0.01254	0.00722	0.00722	0.02395	0.01407	0.80004	0.01939	0.01673	0.01216	0.00608	0.00494	0.00152	0.00418	0.00494	0.00608	0.00836
44	0.01222	0.01056	0.01111	0.01000	0.01278	0.01222	0.00778	0.02611	0.78776	0.02056	0.02000	0.01833	0.01500	0.00667	0.00500	0.00167	0.00389	0.00556	0.00500	0.00778
45	0.01222	0.01056	0.01111	0.01000	0.01278	0.01222	0.00778	0.02611	0.78776	0.02056	0.02000	0.01833	0.01500	0.00667	0.00500	0.00167	0.00389	0.00556	0.00500	0.00778
46	0.01075	0.01075	0.01505	0.01290	0.01290	0.01505	0.01075	0.01183	0.00753	0.01183	0.00645	0.01075	0.00645	0.00860	0.01613	0.00215	0.81830	0.00430	0.00215	0.00538
47	0.01485	0.01173	0.01251	0.01046	0.01365	0.01324	0.00834	0.36136	0.41570	0.02487	0.01663	0.04788	0.01275	0.00668	0.00501	0.00159	0.00452	0.00539	0.00495	0.00788
48	0.01314	0.83025	0.02575	0.00841	0.01261	0.01945	0.00841	0.01472	0.00999	0.01156	0.00683	0.00788	0.00631	0.00420	0.00315	0.00105	0.00526	0.00263	0.00210	0.00631
49	0.00621	0.00445	0.00577	0.00673	0.00713	0.00418	0.00458	0.00710	0.00943	0.01245	0.02734	0.65500	0.07748	0.08927	0.00799	0.00225	0.00311	0.06117	0.00441	0.00394
50	0.00659	0.00497	0.00612	0.00615	0.00734	0.00450	0.00463	0.00842	0.01240	0.01664	0.43271	0.13733	0.25300	0.01164	0.00593	0.00169	0.00260	0.06792	0.00500	0.00441
51	0.00597	0.00434	0.00563	0.00666	0.00708	0.00401	0.00448	0.00686	0.00958	0.01262	0.02929	0.74858	0.10659	0.01511	0.00623	0.00196	0.00282	0.01362	0.00456	0.00401
52	0.00928	0.00873	0.01474	0.81548	0.03385	0.01092	0.01365	0.01256	0.00983	0.01256	0.00873	0.01310	0.00655	0.00491	0.00491	0.00164	0.00655	0.00437	0.00218	0.00546
53	0.02205	0.00836	0.01140	0.00874	0.01254	0.00722	0.00722	0.02395	0.01407	0.80004	0.01939	0.01673	0.01216	0.00608	0.00494	0.00152	0.00418	0.00494	0.00608	0.00836
54	0.01087	0.00933	0.01477	0.09557	0.38597	0.00958	0.02383	0.01424	0.06504	0.05523	0.17108	0.05954	0.03004	0.00661	0.00546	0.00156	0.02515	0.00600	0.00351	0.00662
55	0.01138	0.04671	0.39965	0.01820	0.17266	0.06802	0.16878	0.01570	0.01097	0.01525	0.00893	0.01112	0.00679	0.00459	0.00506	0.00153	0.02117	0.00416	0.00226	0.00706
56	0.01203	0.02358	0.05791	0.06911	0.29380	0.00877	0.02577	0.01437	0.01111	0.16106	0.03890	0.15330	0.01508	0.05983	0.00648	0.00182	0.00497	0.03198	0.00363	0.00651
57	0.51607	0.06371	0.04992	0.01018	0.06383	0.17489	0.02886	0.01566	0.00998	0.01847	0.00734	0.00869	0.00585	0.00462	0.00361	0.00144	0.00535	0.00301	0.00278	0.00575
58	0.00605	0.00499	0.00531	0.00523	0.00679	0.00425	0.00392	0.00752	0.01177	0.01462	0.20561	0.04508	0.63798	0.01194	0.00581	0.00164	0.00245	0.01006	0.00474	0.00425
59	0.02477	0.02776	0.06629	0.01377	0.14320	0.00964	0.11890	0.06055	0.02798	0.01691	0.00933	0.01116	0.00749	0.00419	0.00447	0.00114	0.01597	0.00377	0.00286	0.42985
60	0.00809	0.00618	0.00805	0.00774	0.00889	0.00697	0.00591	0.01177	0.13584	0.01441	0.13783	0.02265	0.01841	0.09005	0.42242	0.00511	0.03256	0.00598	0.04625	0.00490
61	0.01124	0.01197	0.05577	0.19984	0.25989	0.01179	0.26128	0.03852	0.01121	0.01540	0.00986	0.01402	0.00798	0.00496	0.00569	0.00162	0.03968	0.03008	0.00251	0.00668
62	0.00664	0.00499	0.00614	0.00589	0.00716	0.00450	0.00440	0.00865	0.01311	0.01789	0.58494	0.05912	0.23695	0.01079	0.00581	0.00159	0.00238	0.00939	0.00517	0.00450
63	0.00633	0.00499	0.00567	0.00550	0.00691	0.00437	0.00410	0.00801	0.01227	0.01594	0.36754	0.04241	0.45635	0.03033	0.00625	0.00168	0.00247	0.00966	0.00489	0.00433
64	0.01075	0.01075	0.01505	0.01290	0.01290	0.01505	0.01075	0.01183	0.00753	0.01183	0.00645	0.01075	0.00645	0.00860	0.01613	0.00215	0.81830	0.00430	0.00215	0.00538
65	0.01836	0.02342	0.01393	0.01266	0.01519	0.80756	0.00950	0.01962	0.01393	0.01203	0.00760	0.00886	0.00633	0.00506	0.00443	0.00127	0.00886	0.00317	0.00253	0.00570
66	0.02165	0.00859	0.01149	0.00886	0.01263	0.00761	0.00730	0.04632	0.03787	0.75364	0.01918	0.01663	0.01214	0.00609	0.00494	0.00152	0.00421	0.00495	0.00602	0.00835
67	0.01868	0.01376	0.01475	0.01131	0.01524	0.01524	0.00934	0.78025	0.02311	0.03097	0.01180	0.01180	0.00836	0.00590	0.00492	0.00147	0.00541	0.00442	0.00492	0.00836
68	0.00581	0.00498	0.00498	0.00498	0.00664	0.00415	0.00373	0.00705	0.01120	0.01328	0.04978	0.04729	0.79464	0.01245	0.00581	0.00166	0.00249	0.01037	0.00456	0.00415
69	0.00719	0.00517	0.00693	0.00793	0.00887	0.00501	0.00646	0.00895	0.01073	0.01403	0.02835	0.27619	0.10132	0.01382	0.00647	0.00210	0.00380	0.45925	0.02309	0.00434
70	0.01769	0.02184	0.01363	0.01235	0.01493	0.70673	0.00930	0.03332	0.09904	0.01329	0.00903	0.00995	0.00732	0.00525	0.00450	0.00131	0.00826	0.00345	0.00284	0.00597
71	0.02205	0.00836	0.01140	0.00874	0.01254	0.00722	0.00722	0.02395	0.01407	0.80004	0.01939	0.01673	0.01216	0.00608	0.00494	0.00152	0.00418	0.00494	0.00608	0.00836
72	0.00666	0.00501	0.00616	0.00587	0.00716	0.00451	0.00440	0.00870	0.01321	0.01803	0.60058	0.03946	0.24088	0.01067	0.00580	0.00158	0.00236	0.00927	0.00519	0.00451
73	0.80795	0.00978	0.00771	0.00677	0.00987	0.01129	0.00558	0.06353	0.00931	0.02262	0.00716	0.00823	0.00552	0.00465	0.00316	0.00152	0.00390	0.00277	0.00316	0.00552
74	0.00916	0.00458	0.00458	0.00458	0.00573	0.00458	0.00344	0.01145	0.01031	0.01832	0.01603	0.01832	0.01260	0.00573	0.00344	0.00115	0.00229	0.00458	0.85457	0.00458
75	0.00961	0.00501	0.00506	0.00490	0.00617	0.00508	0.00371	0.04742	0.01090	0.01891	0.01583	0.01802	0.01240	0.00573	0.00350	0.00116	0.00244	0.00457	0.81483	0.00476
76	0.86201	0.00950	0.00722	0.00646	0.00950	0.01102	0.00532	0.01445	0.00836	0.02205	0.00684	0.00798	0.00532	0.00456	0.00304	0.00152	0.00380	0.00266	0.00304	0.00532
77	0.00599	0.00428	0.00570	0.00684	0.00713	0.00399	0.00456	0.00684	0.00941	0.01254	0.02709	0.82409	0.03250	0.01540	0.00627	0.00200	0.00285	0.01397	0.00456	0.00399
78	0.01160	0.01326	0.02900	0.02071	0.02568	0.01243	0.77879	0.01574	0.01160	0.01574	0.00994	0.01326	0.00746	0.00414	0.00580	0.00166	0.00829	0.00580	0.00249	0.00663

[dist]
# distance from previous block
# <min> <max>
0	1

[block]
# block no. 3 follows, 51 sequences, length 41
# corresponding to MSA columns:
# 150-190
name=unknown_D
#
# <colnr> <probs for GDERKNQSTAVLIFYWHMCP>
#	G	D	E	R	K	N	Q	S	T	A	V	L	I	F	Y	W	H	M	C	P
0	0.00599	0.00428	0.00570	0.00684	0.00713	0.00399	0.00456	0.00684	0.00941	0.01254	0.02709	0.82409	0.03250	0.01540	0.00627	0.00200	0.00285	0.01397	0.00456	0.00399
1	0.00702	0.00527	0.00790	0.00790	0.00878	0.00614	0.00614	0.00878	0.00790	0.01141	0.01316	0.01931	0.01229	0.03686	0.80782	0.00790	0.01316	0.00527	0.00263	0.00439
2	0.01711	0.01739	0.01493	0.05207	0.09510	0.35909	0.01025	0.30454	0.01665	0.01958	0.00935	0.01058	0.00725	0.00544	0.00515	0.00142	0.03995	0.00386	0.00339	0.00688
3	0.00713	0.00484	0.00574	0.00574	0.00588	0.00497	0.00346	0.00739	0.00726	0.00981	0.01513	0.03021	0.01702	0.70736	0.14379	0.00524	0.00604	0.00686	0.00293	0.00319
4	0.86201	0.00950	0.00722	0.00646	0.00950	0.01102	0.00532	0.01445	0.00836	0.02205	0.00684	0.00798	0.00532	0.00456	0.00304	0.00152	0.00380	0.00266	0.00304	0.00532
5	0.00986	0.02542	0.80183	0.01401	0.02127	0.01141	0.01816	0.01556	0.01038	0.01556	0.00882	0.01038	0.00623	0.00467	0.00467	0.00156	0.00726	0.00363	0.00208	0.00726
6	0.01238	0.00987	0.01065	0.00954	0.01225	0.01112	0.00746	0.02423	0.65650	0.07556	0.05009	0.02083	0.04873	0.00713	0.00509	0.00166	0.00381	0.02055	0.00507	0.00749
7	0.00685	0.00502	0.00642	0.00607	0.00728	0.00459	0.00455	0.00907	0.01366	0.01911	0.72466	0.03770	0.11613	0.01027	0.00580	0.00156	0.00233	0.00903	0.00533	0.00459
8	0.01868	0.01376	0.01475	0.01131	0.01524	0.01524	0.00934	0.78025	0.02311	0.03097	0.01180	0.01180	0.00836	0.00590	0.00492	0.00147	0.00541	0.00442	0.00492	0.00836
9	0.00589	0.00498	0.00509	0.00506	0.00669	0.00418	0.00380	0.00721	0.01139	0.01372	0.10153	0.04656	0.74262	0.01228	0.00581	0.00165	0.00248	0.01027	0.00462	0.00418
10	0.00837	0.00656	0.00802	0.00659	0.00909	0.00543	0.00510	0.01063	0.01225	0.01812	0.44294	0.02509	0.02904	0.00724	0.00483	0.00119	0.00287	0.00626	0.03007	0.36030
11	0.00700	0.00487	0.00614	0.00624	0.00653	0.00510	0.00406	0.00760	0.00758	0.01036	0.01590	0.10305	0.01761	0.51891	0.25285	0.00542	0.00705	0.00724	0.00303	0.00349
12	0.00854	0.00427	0.00640	0.00640	0.00640	0.00427	0.00427	0.00640	0.00640	0.00854	0.00854	0.01494	0.00854	0.01707	0.01921	0.85702	0.00427	0.00427	0.00213	0.00213
13	0.01260	0.10114	0.04946	0.01044	0.01367	0.03613	0.03056	0.05037	0.59602	0.01933	0.01712	0.01618	0.01295	0.00616	0.00479	0.00158	0.00452	0.00505	0.00440	0.00752
14	0.03148	0.47309	0.24852	0.01074	0.03306	0.06533	0.01130	0.03284	0.01066	0.01357	0.00856	0.00971	0.02343	0.00462	0.00381	0.00125	0.00599	0.00320	0.00227	0.00656
15	0.01357	0.11117	0.01355	0.01013	0.01323	0.05536	0.00816	0.13047	0.54509	0.02048	0.01660	0.01565	0.01256	0.00618	0.00473	0.00154	0.00453	0.00492	0.00451	0.00757
16	0.00854	0.00427	0.00640	0.00640	0.00640	0.00427	0.00427	0.00640	0.00640	0.00854	0.00854	0.01494	0.00854	0.01707	0.01921	0.85702	0.00427	0.00427	0.00213	0.00213
17	0.01142	0.01147	0.02116	0.19018	0.44406	0.01171	0.20778	0.01473	0.01101	0.01525	0.00931	0.01263	0.00745	0.00443	0.00511	0.00155	0.00660	0.00474	0.00239	0.00701
18	0.01019	0.00873	0.01019	0.00728	0.01165	0.00655	0.00582	0.01237	0.01019	0.01601	0.00873	0.01019	0.00728	0.00364	0.00364	0.00073	0.00364	0.00291	0.00291	0.85734
19	0.01207	0.41547	0.32234	0.01094	0.01610	0.03861	0.01223	0.03507	0.05152	0.01408	0.00843	0.00958	0.00679	0.00468	0.00420	0.00132	0.02422	0.00327	0.00233	0.00676
20	0.01868	0.01376	0.01475	0.01131	0.01524	0.01524	0.00934	0.78025	0.02311	0.03097	0.01180	0.01180	0.00836	0.00590	0.00492	0.00147	0.00541	0.00442	0.00492	0.00836
21	0.00713	0.00481	0.00561	0.00561	0.00570	0.00490	0.00329	0.00731	0.00722	0.00971	0.01526	0.03089	0.01732	0.74946	0.10210	0.00507	0.00559	0.00696	0.00294	0.00312
22	0.00711	0.00508	0.00697	0.00696	0.00756	0.00562	0.00502	0.00833	0.00786	0.01118	0.03273	0.02383	0.01491	0.28978	0.51633	0.00657	0.00993	0.00594	0.02434	0.00394
23	0.01257	0.69103	0.16000	0.00938	0.01411	0.01806	0.01009	0.01486	0.01005	0.01225	0.00718	0.00831	0.00629	0.00428	0.00342	0.00114	0.00560	0.00280	0.00210	0.00647
24	0.01207	0.01158	0.01977	0.05624	0.77131	0.01165	0.01503	0.01500	0.01114	0.01594	0.00923	0.01219	0.00774	0.00440	0.00487	0.00147	0.00586	0.00438	0.00242	0.00771
25	0.00592	0.00498	0.00513	0.00509	0.00671	0.00420	0.00382	0.00727	0.01146	0.01390	0.12173	0.04627	0.72231	0.01221	0.00581	0.00165	0.00247	0.01023	0.00465	0.00420
26	0.03066	0.01000	0.08558	0.04974	0.19538	0.02822	0.02517	0.01454	0.01162	0.18211	0.07024	0.08503	0.12594	0.01998	0.00539	0.00160	0.00461	0.00636	0.04146	0.00638
27	0.08521	0.01198	0.10742	0.07171	0.21190	0.01078	0.01103	0.15825	0.01318	0.14007	0.01288	0.08842	0.01070	0.00629	0.00515	0.00158	0.02466	0.01802	0.00368	0.00708
28	0.01836	0.02342	0.01393	0.01266	0.01519	0.80756	0.00950	0.01962	0.01393	0.01203	0.00760	0.00886	0.00633	0.00506	0.00443	0.00127	0.00886	0.00317	0.00253	0.00570
29	0.00919	0.00812	0.01308	0.53869	0.07470	0.00968	0.01146	0.03848	0.00997	0.01310	0.01108	0.08053	0.00987	0.03843	0.09252	0.02111	0.00676	0.00535	0.00256	0.00531
30	0.01254	0.06247	0.10347	0.09783	0.17178	0.03497	0.18599	0.09875	0.01240	0.07182	0.01186	0.09201	0.01009	0.00579	0.00509	0.00156	0.00622	0.00546	0.00310	0.00681
31	0.01201	0.01201	0.01373	0.36626	0.04377	0.17587	0.01115	0.05623	0.02850	0.02990	0.03321	0.02795	0.02178	0.00634	0.00629	0.00164	0.10195	0.04286	0.00283	0.00572
32	0.66644	0.07442	0.01037	0.00850	0.04234	0.07843	0.02908	0.01496	0.00916	0.01997	0.00709	0.00837	0.00564	0.00456	0.00332	0.00146	0.00455	0.00286	0.00289	0.00557
33	0.00682	0.00492	0.00693	0.00781	0.00848	0.00472	0.02159	0.00814	0.01008	0.01335	0.04267	0.52087	0.03028	0.01451	0.00677	0.02555	0.00353	0.25434	0.00446	0.00418
34	0.01075	0.01075	0.01505	0.01290	0.01290	0.01505	0.01075	0.01183	0.00753	0.01183	0.00645	0.01075	0.00645	0.00860	0.01613	0.00215	0.81830	0.00430	0.00215	0.00538
35	0.01255	0.01072	0.01130	0.01007	0.01290	0.01238	0.00786	0.06467	0.74867	0.02109	0.01958	0.01800	0.01466	0.00663	0.00500	0.00166	0.00397	0.00550	0.00500	0.00781
36	0.00599	0.00428	0.00570	0.00684	0.00713	0.00399	0.00456	0.00684	0.00941	0.01254	0.02709	0.82409	0.03250	0.01540	0.00627	0.00200	0.00285	0.01397	0.00456	0.00399
37	0.00916	0.00458	0.00458	0.00458	0.00573	0.00458	0.00344	0.01145	0.01031	0.01832	0.01603	0.01832	0.01260	0.00573	0.00344	0.00115	0.00229	0.00458	0.85457	0.00458
38	0.00599	0.00428	0.00570	0.00684	0.00713	0.00399	0.00456	0.00684	0.00941	0.01254	0.02709	0.82409	0.03250	0.01540	0.00627	0.00200	0.00285	0.01397	0.00456	0.00399
39	0.00599	0.00428	0.00570	0.00684	0.00713	0.00399	0.00456	0.00684	0.00941	0.01254	0.02709	0.82409	0.03250	0.01540	0.00627	0.00200	0.00285	0.01397	0.00456	0.00399
40	0.03834	0.78690	0.02487	0.00836	0.01252	0.01891	0.00829	0.01492	0.01003	0.03027	0.00713	0.00809	0.00641	0.00426	0.00319	0.00108	0.00519	0.00268	0.00222	0.00633

[dist]
# distance from previous block
# <min> <max>
0	6

[block]
# block no. 4 follows, 51 sequences, length 41
# corresponding to MSA columns:
# 197-223,226-239
name=unknown_E
#
# <colnr> <probs for GDERKNQSTAVLIFYWHMCP>
#	G	D	E	R	K	N	Q	S	T	A	V	L	I	F	Y	W	H	M	C	P
0	0.00582	0.00493	0.00503	0.00511	0.00667	0.00414	0.00379	0.00704	0.01107	0.01322	0.04812	0.10422	0.73879	0.01266	0.00584	0.00168	0.00252	0.01064	0.00456	0.00414
1	0.01164	0.01118	0.01907	0.07342	0.68991	0.01124	0.03426	0.01452	0.01112	0.01570	0.01144	0.01416	0.05061	0.00484	0.00494	0.00149	0.00576	0.00474	0.00254	0.00742
2	0.00729	0.00547	0.00736	0.00779	0.05072	0.00512	0.00559	0.00955	0.01320	0.01833	0.58879	0.03876	0.09855	0.01041	0.00588	0.00165	0.00283	0.11289	0.00506	0.00476
3	0.01216	0.01168	0.01995	0.03016	0.79664	0.01168	0.01508	0.01508	0.01119	0.01605	0.00924	0.01216	0.00778	0.00438	0.00487	0.00146	0.00584	0.00438	0.00243	0.00778
4	0.00995	0.02476	0.75969	0.01437	0.02151	0.01147	0.05963	0.01557	0.01044	0.01557	0.00888	0.01053	0.00629	0.00464	0.00473	0.00156	0.00732	0.00375	0.00210	0.00723
5	0.01099	0.01100	0.01947	0.04391	0.11371	0.00981	0.33349	0.01413	0.01089	0.01578	0.00931	0.01183	0.00739	0.00399	0.00474	0.00124	0.00597	0.00436	0.00265	0.36533
6	0.01519	0.01219	0.01277	0.01062	0.01391	0.02700	0.00850	0.35988	0.43615	0.02502	0.01616	0.01528	0.01191	0.00630	0.00495	0.00158	0.00465	0.00501	0.00492	0.00800
7	0.00707	0.00636	0.05028	0.00698	0.00857	0.00505	0.00551	0.00885	0.02462	0.01451	0.15201	0.34530	0.16890	0.01191	0.00613	0.02843	0.00317	0.04323	0.00431	0.09882
8	0.01043	0.02395	0.71943	0.01427	0.02124	0.01133	0.06971	0.01589	0.01060	0.04496	0.00929	0.01081	0.00653	0.00469	0.00476	0.00156	0.00722	0.00383	0.00225	0.00726
9	0.01849	0.01935	0.01427	0.01209	0.01521	0.47357	0.00943	0.34026	0.01780	0.02001	0.00937	0.01010	0.00718	0.00542	0.00464	0.00135	0.00741	0.00370	0.00354	0.00682
10	0.00609	0.00452	0.00578	0.00664	0.00725	0.00421	0.00463	0.00713	0.00975	0.01271	0.03060	0.59995	0.17633	0.01593	0.04991	0.00226	0.00341	0.04436	0.00446	0.00407
11	0.00923	0.00659	0.00827	0.00853	0.01015	0.00676	0.00706	0.01345	0.15830	0.06565	0.02683	0.07860	0.12178	0.01300	0.04986	0.00232	0.00452	0.39919	0.00462	0.00531
12	0.01115	0.01064	0.01812	0.30551	0.52919	0.01141	0.01458	0.01420	0.01071	0.01483	0.00907	0.01249	0.00735	0.00457	0.00488	0.00152	0.00609	0.00437	0.00235	0.00697
13	0.42296	0.01162	0.01271	0.08571	0.26666	0.09582	0.00965	0.01504	0.01000	0.01821	0.00786	0.00988	0.00633	0.00459	0.00394	0.00148	0.00524	0.00342	0.00272	0.00617
14	0.01051	0.01005	0.01635	0.43888	0.33633	0.02939	0.01363	0.01355	0.01069	0.01433	0.05217	0.01393	0.00923	0.00499	0.00493	0.00155	0.00609	0.00459	0.00247	0.00635
15	0.01180	0.03102	0.01838	0.15194	0.57583	0.04581	0.01392	0.01460	0.01099	0.01511	0.00976	0.01266	0.02245	0.00468	0.00495	0.00146	0.01669	0.00435	0.00244	0.03117
16	0.00805	0.01270	0.28644	0.00924	0.01304	0.00728	0.05168	0.01116	0.01130	0.03322	0.11574	0.03056	0.37254	0.00884	0.00539	0.00161	0.00450	0.00746	0.00371	0.00553
17	0.00704	0.00520	0.00755	0.00755	0.00830	0.00595	0.00570	0.00855	0.00779	0.01115	0.01349	0.02109	0.01306	0.14674	0.69900	0.00746	0.01200	0.00553	0.00268	0.00419
18	0.00921	0.01861	0.52000	0.01258	0.01777	0.00954	0.04377	0.01370	0.01063	0.01519	0.01438	0.06178	0.01348	0.00757	0.00536	0.00177	0.00635	0.20908	0.00287	0.00634
19	0.01045	0.07008	0.01137	0.00742	0.01174	0.00762	0.00605	0.01281	0.02519	0.01577	0.00881	0.01018	0.00736	0.00374	0.00363	0.00077	0.00376	0.00294	0.00289	0.77742
20	0.01045	0.00962	0.04447	0.00770	0.01218	0.00705	0.00647	0.03768	0.01062	0.01648	0.00884	0.01025	0.00727	0.00376	0.00373	0.00079	0.00385	0.00299	0.00294	0.79286
21	0.00979	0.00929	0.01590	0.64368	0.15675	0.01097	0.03883	0.01302	0.01014	0.01328	0.00925	0.01392	0.00728	0.00500	0.00498	0.00162	0.00645	0.02172	0.00229	0.00585
22	0.00712	0.00489	0.00599	0.00599	0.00621	0.00511	0.00376	0.00755	0.00733	0.00999	0.01491	0.02898	0.01649	0.63169	0.21873	0.00554	0.00684	0.00668	0.00289	0.00333
23	0.00786	0.00562	0.00785	0.00898	0.01009	0.00561	0.00782	0.01008	0.01126	0.01464	0.02605	0.07848	0.02841	0.01363	0.00677	0.00225	0.00447	0.74109	0.00453	0.00451
24	0.01632	0.01272	0.01338	0.01086	0.01431	0.03099	0.00881	0.50467	0.26102	0.02681	0.01471	0.01514	0.01101	0.00636	0.00499	0.00155	0.00498	0.02848	0.00488	0.00800
25	0.00818	0.00600	0.00717	0.00662	0.00800	0.02787	0.00501	0.02873	0.04098	0.03835	0.67882	0.03353	0.04117	0.00943	0.00560	0.00152	0.00267	0.00825	0.03713	0.00495
26	0.01743	0.01522	0.01455	0.02907	0.09455	0.27137	0.03131	0.22035	0.01560	0.15928	0.01143	0.01257	0.00854	0.00560	0.00513	0.00144	0.03181	0.01833	0.00382	0.03261
27	0.01063	0.04176	0.35190	0.01573	0.02120	0.01166	0.32338	0.01596	0.07176	0.01601	0.04437	0.03238	0.00976	0.00508	0.00519	0.00160	0.00704	0.00510	0.00267	0.00683
28	0.02205	0.00836	0.01140	0.00874	0.01254	0.00722	0.00722	0.02395	0.01407	0.80004	0.01939	0.01673	0.01216	0.00608	0.00494	0.00152	0.00418	0.00494	0.00608	0.00836
29	0.01934	0.00851	0.01089	0.00854	0.01197	0.00785	0.00699	0.10795	0.03182	0.58161	0.05154	0.01844	0.04696	0.00649	0.00492	0.00150	0.00405	0.00527	0.05759	0.00778
30	0.08910	0.15627	0.16013	0.03835	0.07876	0.03807	0.20410	0.07548	0.05481	0.01684	0.02455	0.01169	0.00803	0.00482	0.00480	0.00149	0.01896	0.00426	0.00277	0.00673
31	0.01142	0.01300	0.02825	0.02022	0.02509	0.01217	0.75467	0.01547	0.01159	0.01566	0.01118	0.01432	0.03195	0.00440	0.00580	0.00166	0.00810	0.00594	0.00255	0.00655
32	0.00599	0.00434	0.00564	0.00667	0.00706	0.00402	0.00447	0.00686	0.00951	0.01255	0.02863	0.75073	0.09083	0.02917	0.00656	0.00202	0.00286	0.01358	0.00453	0.00399
33	0.00696	0.00469	0.00608	0.00679	0.00752	0.00431	0.00478	0.00809	0.01025	0.05424	0.07874	0.59973	0.12237	0.01412	0.00614	0.00192	0.00293	0.05132	0.00469	0.00431
34	0.01162	0.03331	0.41291	0.04079	0.06683	0.01170	0.19392	0.02805	0.02541	0.07731	0.01005	0.01188	0.00729	0.00487	0.00546	0.00159	0.04294	0.00437	0.00261	0.00710
35	0.00642	0.00526	0.00556	0.00543	0.00705	0.00459	0.00408	0.03430	0.01191	0.01472	0.14602	0.07375	0.63974	0.01201	0.00579	0.00165	0.00258	0.01010	0.00469	0.00435
36	0.00743	0.00549	0.00653	0.00628	0.00775	0.00496	0.00466	0.04181	0.01230	0.03674	0.30039	0.20479	0.27925	0.01137	0.00574	0.00164	0.00273	0.00986	0.00483	0.04545
37	0.01237	0.12506	0.19478	0.02701	0.13006	0.07827	0.21637	0.03066	0.01129	0.04716	0.00979	0.03773	0.00795	0.00508	0.00539	0.00152	0.04558	0.00459	0.00258	0.00676
38	0.01444	0.03618	0.05608	0.12140	0.19683	0.36225	0.01143	0.05513	0.03124	0.01440	0.01034	0.02642	0.03211	0.00534	0.00469	0.00141	0.00710	0.00415	0.00271	0.00635
39	0.01064	0.01036	0.01763	0.34826	0.32163	0.02289	0.09012	0.01359	0.01043	0.01411	0.00974	0.04132	0.00827	0.02388	0.00589	0.00167	0.03592	0.00489	0.00241	0.00636
40	0.02864	0.04978	0.04062	0.30718	0.09112	0.17456	0.07626	0.05264	0.02361	0.02510	0.02398	0.01285	0.02457	0.00517	0.00499	0.00149	0.02263	0.00431	0.00267	0.02781

[dist]
# distance from previous block
# <min> <max>
2	51

[block]
# block no. 5 follows, 51 sequences, length 32
# corresponding to MSA columns:
# 291-320,331,332
name=unknown_F
#
# <colnr> <probs for GDERKNQSTAVLIFYWHMCP>
#	G	D	E	R	K	N	Q	S	T	A	V	L	I	F	Y	W	H	M	C	P
0	0.08937	0.04154	0.12462	0.02583	0.01286	0.00838	0.03326	0.04680	0.01252	0.28348	0.14015	0.05923	0.04799	0.00691	0.00486	0.00153	0.00435	0.00574	0.04400	0.00658
1	0.00636	0.00476	0.00598	0.00645	0.00726	0.00453	0.00461	0.00757	0.00999	0.01313	0.10469	0.34727	0.21783	0.08088	0.11770	0.00291	0.00435	0.04538	0.00425	0.00409
2	0.01404	0.04822	0.04083	0.01089	0.02554	0.15239	0.00869	0.14743	0.41927	0.01981	0.01614	0.03393	0.02834	0.00637	0.00484	0.00154	0.00517	0.00503	0.00427	0.00726
3	0.05830	0.06244	0.45921	0.01446	0.11250	0.01133	0.03531	0.03050	0.02641	0.07140	0.00970	0.01103	0.00711	0.00468	0.00451	0.00146	0.00625	0.00377	0.00264	0.06700
4	0.02404	0.24321	0.17623	0.06088	0.03658	0.11627	0.06667	0.11999	0.02614	0.05479	0.00967	0.02715	0.00767	0.00505	0.00438	0.00139	0.00631	0.00392	0.00288	0.00678
5	0.01418	0.01186	0.01219	0.01044	0.01353	0.03960	0.00826	0.23082	0.55414	0.02310	0.01736	0.01624	0.01291	0.00641	0.00496	0.00160	0.00447	0.00517	0.00490	0.00787
6	0.00702	0.00541	0.00709	0.00815	0.05341	0.00515	0.00557	0.00911	0.04583	0.01503	0.19842	0.36607	0.14850	0.01254	0.00601	0.00183	0.00308	0.09253	0.00464	0.00460
7	0.03911	0.00556	0.00619	0.00563	0.00732	0.00539	0.00436	0.02571	0.01152	0.14466	0.11386	0.02043	0.03038	0.00641	0.00403	0.00128	0.00270	0.00521	0.55498	0.00527
8	0.00718	0.00509	0.00653	0.00613	0.00739	0.00465	0.00461	0.00939	0.01367	0.03594	0.71172	0.03721	0.11163	0.01017	0.00578	0.00156	0.00237	0.00893	0.00535	0.00467
9	0.81717	0.00973	0.00762	0.00672	0.00981	0.01125	0.00554	0.05516	0.00915	0.02252	0.00711	0.00819	0.00548	0.00463	0.00314	0.00152	0.00389	0.00275	0.00314	0.00548
10	0.00620	0.00444	0.00589	0.00670	0.00717	0.00413	0.00458	0.00738	0.01039	0.01411	0.19503	0.65167	0.03554	0.01422	0.00617	0.00190	0.00273	0.01286	0.00475	0.00413
11	0.02116	0.00870	0.01141	0.00880	0.01249	0.00785	0.00725	0.09371	0.01474	0.69354	0.01853	0.01634	0.01183	0.00605	0.00487	0.00150	0.00421	0.00488	0.04396	0.00819
12	0.00927	0.00851	0.01420	0.77237	0.03235	0.01058	0.01310	0.01250	0.00985	0.01286	0.00912	0.01338	0.00687	0.00496	0.00483	0.00161	0.00632	0.00438	0.04750	0.00541
13	0.00679	0.00500	0.00635	0.00605	0.00725	0.00456	0.00452	0.00894	0.01347	0.01875	0.68429	0.05615	0.13863	0.01047	0.00581	0.00157	0.00235	0.00919	0.00529	0.00456
14	0.86201	0.00950	0.00722	0.00646	0.00950	0.01102	0.00532	0.01445	0.00836	0.02205	0.00684	0.00798	0.00532	0.00456	0.00304	0.00152	0.00380	0.00266	0.00304	0.00532
15	0.01810	0.01055	0.01293	0.01018	0.01342	0.01113	0.02335	0.30484	0.05974	0.32740	0.01468	0.01433	0.01015	0.00668	0.00651	0.03640	0.07909	0.00470	0.02816	0.00766
16	0.01196	0.32296	0.23946	0.01070	0.03972	0.03046	0.01080	0.05045	0.02877	0.04039	0.01994	0.06194	0.00910	0.00528	0.00413	0.00129	0.00549	0.00404	0.00273	0.10040
17	0.01381	0.41525	0.06086	0.00976	0.01355	0.10015	0.00890	0.06457	0.21874	0.03354	0.01112	0.01135	0.00888	0.00512	0.00401	0.00130	0.00536	0.00368	0.00318	0.00686
18	0.01156	0.01356	0.04848	0.02054	0.02557	0.01240	0.75961	0.01574	0.01157	0.01574	0.00991	0.01318	0.00743	0.00416	0.00577	0.00165	0.00826	0.00574	0.00248	0.00664
19	0.01179	0.01181	0.04597	0.06341	0.40105	0.02778	0.19100	0.01503	0.02187	0.04484	0.02490	0.04157	0.01017	0.00545	0.00553	0.00159	0.02843	0.03805	0.00280	0.00697
20	0.00589	0.00498	0.00509	0.00507	0.00669	0.00418	0.00380	0.00721	0.01140	0.01374	0.10348	0.04653	0.74066	0.01227	0.00581	0.00165	0.00248	0.01026	0.00462	0.00418
21	0.01159	0.00728	0.01011	0.06962	0.07715	0.00708	0.02277	0.04640	0.03841	0.19072	0.28357	0.05502	0.09696	0.02384	0.00576	0.00164	0.00377	0.02297	0.01936	0.00598
22	0.01595	0.00804	0.01006	0.00825	0.01107	0.00778	0.00660	0.09870	0.09236	0.38736	0.18000	0.02111	0.01937	0.02850	0.03195	0.00181	0.00409	0.00582	0.05414	0.00704
23	0.39205	0.00873	0.00804	0.02287	0.01000	0.02557	0.00570	0.09193	0.03803	0.09498	0.01165	0.01261	0.00872	0.00526	0.00365	0.00141	0.00373	0.00374	0.24552	0.00580
24	0.01441	0.01139	0.01227	0.01007	0.01349	0.01243	0.00806	0.28803	0.40191	0.03949	0.01563	0.01494	0.01160	0.00599	0.00479	0.00147	0.00439	0.00480	0.00472	0.12012
25	0.00604	0.00435	0.00574	0.00683	0.00721	0.00405	0.00464	0.00696	0.00955	0.01265	0.02807	0.76353	0.06648	0.01520	0.00627	0.00199	0.00289	0.03895	0.00456	0.00402
26	0.02877	0.01391	0.12754	0.18032	0.16172	0.05429	0.18124	0.09286	0.03760	0.01657	0.00997	0.02821	0.00786	0.00510	0.00539	0.00158	0.03287	0.00472	0.00273	0.00673
27	0.01175	0.08587	0.31432	0.01716	0.11117	0.01228	0.26511	0.04138	0.01138	0.05090	0.00973	0.01184	0.00728	0.00520	0.02173	0.00166	0.00719	0.00446	0.00254	0.00706
28	0.00732	0.00523	0.00723	0.00837	0.00924	0.00514	0.00688	0.00915	0.01073	0.01404	0.02635	0.29268	0.02958	0.01414	0.00663	0.00218	0.00401	0.53220	0.00454	0.00436
29	0.02881	0.00974	0.03261	0.05672	0.10496	0.00957	0.05911	0.14287	0.08183	0.18269	0.14690	0.01910	0.01657	0.00646	0.00503	0.00153	0.00458	0.02133	0.06269	0.00692
30	0.02669	0.05540	0.08304	0.03469	0.06644	0.10366	0.08549	0.18373	0.16977	0.04492	0.01526	0.02930	0.06754	0.00610	0.00491	0.00152	0.00567	0.00507	0.00377	0.00702
