[name]
unknown

[dist]
# distance from previous block
# <min> <max>
0	124

[block]
# block no. 0 follows, 38 sequences, length 9
# corresponding to MSA columns:
# 242-250
name=unknown_A
#
# <colnr> <probs for GDERKNQSTAVLIFYWHMCP>
#	G	D	E	R	K	N	Q	S	T	A	V	L	I	F	Y	W	H	M	C	P
0	0.01418	0.05084	0.06702	0.05618	0.12951	0.04191	0.05527	0.15532	0.04798	0.02112	0.03479	0.11936	0.01609	0.05416	0.08934	0.00297	0.02485	0.00731	0.00415	0.00766
1	0.04267	0.04961	0.05084	0.04502	0.07006	0.01507	0.05124	0.29420	0.05029	0.06042	0.05097	0.03910	0.03758	0.01006	0.05206	0.00237	0.05885	0.00625	0.00480	0.00854
2	0.08407	0.01472	0.06579	0.10769	0.10981	0.06906	0.05248	0.12220	0.09323	0.02229	0.04806	0.01808	0.03555	0.00931	0.05649	0.00232	0.00733	0.00568	0.00408	0.07175
3	0.04568	0.04355	0.04780	0.08650	0.20913	0.05518	0.04422	0.15986	0.03879	0.02276	0.06639	0.01840	0.04631	0.00707	0.00655	0.00182	0.04357	0.00585	0.00405	0.04653
4	0.07801	0.03650	0.01971	0.01853	0.15959	0.06828	0.12577	0.11354	0.04674	0.10067	0.04995	0.03810	0.04034	0.00724	0.00667	0.00187	0.04467	0.00623	0.00439	0.03322
5	0.03157	0.08606	0.05794	0.09226	0.10098	0.04433	0.02608	0.07841	0.04911	0.07193	0.11466	0.04519	0.04008	0.00785	0.00588	0.00176	0.00595	0.03242	0.00444	0.10309
6	0.01403	0.01110	0.01647	0.16438	0.07218	0.01119	0.08977	0.11913	0.01616	0.08017	0.14544	0.05388	0.06651	0.00816	0.00627	0.00182	0.00593	0.00730	0.00470	0.10540
7	0.05312	0.04378	0.07000	0.12419	0.22883	0.03794	0.06787	0.10441	0.06486	0.07726	0.01398	0.04615	0.01118	0.00670	0.00622	0.00189	0.02325	0.00583	0.00395	0.00860
8	0.12587	0.01756	0.05307	0.01954	0.21906	0.16192	0.01293	0.16213	0.04116	0.02341	0.03972	0.01448	0.01085	0.00651	0.00618	0.00178	0.04165	0.00496	0.00394	0.03328

[dist]
# distance from previous block
# <min> <max>
0	7

[block]
# block no. 1 follows, 38 sequences, length 13
# corresponding to MSA columns:
# 258-270
name=unknown_B
#
# <colnr> <probs for GDERKNQSTAVLIFYWHMCP>
#	G	D	E	R	K	N	Q	S	T	A	V	L	I	F	Y	W	H	M	C	P
0	0.01308	0.01209	0.01966	0.28450	0.29285	0.01324	0.04669	0.06146	0.01387	0.01887	0.04199	0.06053	0.04461	0.00736	0.00685	0.00196	0.04256	0.00660	0.00345	0.00780
1	0.01002	0.00680	0.00873	0.00864	0.00991	0.00706	0.00630	0.01281	0.06884	0.06264	0.07686	0.16719	0.07803	0.15498	0.26245	0.00524	0.00818	0.00951	0.03015	0.00563
2	0.01187	0.01040	0.01713	0.06469	0.26095	0.01022	0.09666	0.01463	0.01327	0.03797	0.08580	0.06248	0.11125	0.11955	0.01006	0.00253	0.00616	0.05325	0.00411	0.00703
3	0.01582	0.11217	0.07704	0.17517	0.04245	0.06513	0.06335	0.08854	0.04605	0.10153	0.02907	0.01809	0.01196	0.03518	0.02439	0.03241	0.00731	0.01951	0.02715	0.00770
4	0.01259	0.00700	0.00936	0.00887	0.01073	0.00673	0.00670	0.01434	0.01271	0.19546	0.05549	0.20407	0.12368	0.06803	0.23052	0.00454	0.00764	0.00996	0.00527	0.00632
5	0.01371	0.01454	0.01115	0.01041	0.01263	0.27435	0.00779	0.05046	0.01626	0.01874	0.21629	0.10661	0.20119	0.01123	0.00651	0.00185	0.00597	0.00917	0.00500	0.00614
6	0.09700	0.11310	0.14971	0.07057	0.22569	0.04299	0.07989	0.01939	0.04433	0.05119	0.01149	0.01389	0.00901	0.00590	0.00614	0.00183	0.04133	0.00492	0.00323	0.00838
7	0.16432	0.01707	0.01879	0.10292	0.21104	0.17526	0.05243	0.14889	0.01629	0.02275	0.01090	0.01322	0.00855	0.00597	0.00552	0.00179	0.00765	0.00477	0.00366	0.00818
8	0.00966	0.00714	0.00993	0.00959	0.01087	0.00809	0.00737	0.06373	0.01137	0.01609	0.05644	0.02549	0.01757	0.10493	0.60355	0.00833	0.01379	0.00681	0.00365	0.00560
9	0.01267	0.16232	0.47913	0.01550	0.02232	0.01549	0.04829	0.01784	0.01249	0.01768	0.01296	0.01642	0.03623	0.00679	0.00672	0.00190	0.06876	0.03550	0.00282	0.00818
10	0.04519	0.01264	0.02031	0.27374	0.35508	0.01394	0.03279	0.01823	0.07511	0.01874	0.01273	0.01752	0.01047	0.00641	0.00655	0.00196	0.03723	0.02994	0.00325	0.00819
11	0.00925	0.00689	0.00797	0.00787	0.00897	0.00695	0.00545	0.01250	0.10906	0.01699	0.16123	0.09885	0.12516	0.32573	0.03801	0.00381	0.00487	0.04024	0.00500	0.00522
12	0.00877	0.00564	0.00746	0.00846	0.00919	0.00519	0.00579	0.00993	0.01202	0.06996	0.03350	0.70108	0.06449	0.01787	0.00754	0.00238	0.00359	0.01612	0.00572	0.00529

[dist]
# distance from previous block
# <min> <max>
0	1

[block]
# block no. 2 follows, 38 sequences, length 8
# corresponding to MSA columns:
# 272-279
name=unknown_C
#
# <colnr> <probs for GDERKNQSTAVLIFYWHMCP>
#	G	D	E	R	K	N	Q	S	T	A	V	L	I	F	Y	W	H	M	C	P
0	0.01428	0.01425	0.02229	0.23416	0.19117	0.06897	0.16907	0.04832	0.06839	0.01890	0.03362	0.01666	0.01092	0.00662	0.00717	0.02335	0.03476	0.00589	0.00336	0.00787
1	0.01544	0.01543	0.01932	0.20609	0.26170	0.12912	0.01488	0.05400	0.12420	0.01914	0.01272	0.01554	0.01013	0.00658	0.00703	0.00191	0.06966	0.00534	0.00351	0.00824
2	0.00924	0.00665	0.00789	0.00759	0.00759	0.00724	0.00471	0.00939	0.00880	0.01198	0.01772	0.03644	0.02031	0.70153	0.02940	0.00547	0.09218	0.00836	0.00353	0.00397
3	0.01247	0.01069	0.01247	0.00891	0.01426	0.00802	0.00713	0.01515	0.01247	0.01960	0.01069	0.01247	0.00891	0.00446	0.00446	0.00089	0.00446	0.00356	0.00356	0.82536
4	0.05489	0.01348	0.01801	0.25127	0.11063	0.03597	0.04692	0.17987	0.12129	0.06367	0.03499	0.01709	0.01190	0.00671	0.00598	0.00191	0.00685	0.00571	0.00441	0.00845
5	0.01787	0.00914	0.01137	0.00937	0.01243	0.00842	0.00710	0.04993	0.05958	0.33323	0.04295	0.06148	0.01863	0.22554	0.01283	0.00290	0.00514	0.00721	0.00570	0.09917
6	0.00974	0.00670	0.00941	0.00973	0.01102	0.00708	0.00781	0.01192	0.01173	0.04843	0.04715	0.04187	0.04974	0.09720	0.35701	0.00611	0.01022	0.24721	0.00443	0.00549
7	0.01212	0.01123	0.01492	0.08374	0.07702	0.06626	0.05398	0.01422	0.01260	0.03703	0.12226	0.07563	0.09383	0.09727	0.01251	0.00255	0.19443	0.00801	0.00402	0.00634

[dist]
# distance from previous block
# <min> <max>
1	2

[block]
# block no. 3 follows, 38 sequences, length 23
# corresponding to MSA columns:
# 282-304
name=unknown_D
#
# <colnr> <probs for GDERKNQSTAVLIFYWHMCP>
#	G	D	E	R	K	N	Q	S	T	A	V	L	I	F	Y	W	H	M	C	P
0	0.05897	0.00727	0.01028	0.01002	0.01118	0.00871	0.00788	0.01145	0.00967	0.01480	0.01502	0.02200	0.01398	0.04010	0.66221	0.00866	0.07290	0.00616	0.00321	0.00553
1	0.01458	0.01220	0.01830	0.34019	0.02823	0.01424	0.07596	0.10308	0.10091	0.07004	0.01475	0.01974	0.01168	0.00761	0.00788	0.00210	0.09815	0.04862	0.00401	0.00773
2	0.01188	0.00971	0.01085	0.02823	0.01297	0.01040	0.00769	0.06330	0.31737	0.02377	0.26179	0.03536	0.16079	0.01065	0.00660	0.00198	0.00403	0.00904	0.00610	0.00747
3	0.00957	0.00668	0.00759	0.00747	0.00794	0.00688	0.00462	0.03983	0.05433	0.01397	0.02034	0.10612	0.02264	0.61539	0.04781	0.00524	0.00589	0.00920	0.00406	0.00444
4	0.01306	0.00994	0.01219	0.01179	0.04312	0.01042	0.00899	0.17911	0.05172	0.02280	0.10450	0.11163	0.02633	0.08545	0.00973	0.00251	0.03696	0.19782	0.00528	0.05667
5	0.01196	0.07605	0.03294	0.06616	0.22432	0.01155	0.01126	0.01590	0.06855	0.01967	0.19559	0.02739	0.10324	0.02545	0.00712	0.00190	0.03208	0.00737	0.00436	0.05716
6	0.83108	0.01163	0.00884	0.00791	0.01163	0.01350	0.00651	0.01768	0.01024	0.02699	0.00838	0.00977	0.00651	0.00558	0.00372	0.00186	0.00465	0.00326	0.00372	0.00651
7	0.01106	0.00847	0.00937	0.00872	0.01048	0.00883	0.00627	0.08574	0.16866	0.01997	0.13147	0.10069	0.14335	0.24413	0.01387	0.00316	0.00461	0.00965	0.00531	0.00618
8	0.01361	0.01300	0.02259	0.29241	0.33889	0.01388	0.10999	0.04625	0.01378	0.01876	0.01241	0.01822	0.01029	0.00622	0.00625	0.00195	0.00774	0.04246	0.00314	0.00816
9	0.01302	0.27654	0.14546	0.01089	0.01498	0.01350	0.01073	0.01586	0.01299	0.06715	0.06291	0.17341	0.02068	0.00982	0.00579	0.00185	0.00572	0.08360	0.02284	0.03225
10	0.00804	0.00560	0.00694	0.00765	0.00799	0.00539	0.00494	0.00882	0.01077	0.01435	0.05745	0.40463	0.05111	0.33095	0.01698	0.00380	0.00448	0.04082	0.00484	0.00445
11	0.00905	0.00609	0.00793	0.00797	0.00865	0.00629	0.00552	0.00992	0.01009	0.02930	0.05020	0.08088	0.06595	0.33147	0.25350	0.07126	0.00852	0.02893	0.00392	0.00454
12	0.04697	0.01444	0.04874	0.11117	0.07687	0.07748	0.11758	0.09083	0.08810	0.10505	0.01643	0.07076	0.01367	0.00875	0.02520	0.00218	0.03790	0.03544	0.00438	0.00806
13	0.01560	0.69977	0.11968	0.01113	0.01673	0.02261	0.01174	0.01814	0.01228	0.01475	0.00866	0.01002	0.00771	0.00522	0.00409	0.00136	0.00673	0.00337	0.00257	0.00786
14	0.04700	0.00791	0.00973	0.00923	0.01147	0.00766	0.00720	0.01692	0.09273	0.17588	0.15452	0.17212	0.10916	0.03653	0.00764	0.00227	0.00424	0.11490	0.00607	0.00681
15	0.01446	0.01384	0.02348	0.06608	0.69438	0.01391	0.01788	0.01797	0.01363	0.01935	0.01313	0.01653	0.03684	0.00575	0.00600	0.00180	0.00703	0.00563	0.00306	0.00925
16	0.01275	0.05479	0.37189	0.10059	0.14178	0.01338	0.01756	0.03858	0.01334	0.03443	0.04301	0.06046	0.01278	0.00780	0.01972	0.00207	0.02254	0.02105	0.00325	0.00823
17	0.01071	0.00687	0.00882	0.00838	0.00993	0.00686	0.00621	0.01304	0.04120	0.10229	0.14090	0.07326	0.13663	0.16351	0.23889	0.00500	0.00778	0.00903	0.00492	0.00577
18	0.03379	0.00866	0.01350	0.21486	0.06152	0.00915	0.07002	0.01259	0.01239	0.01677	0.08808	0.17083	0.08371	0.12221	0.01020	0.00266	0.00586	0.05309	0.00421	0.00590
19	0.01304	0.01216	0.02014	0.40289	0.24913	0.01358	0.05587	0.04853	0.04347	0.01854	0.03495	0.03730	0.01140	0.00644	0.00614	0.00194	0.00740	0.00600	0.00327	0.00781
20	0.00845	0.00649	0.00704	0.00681	0.00885	0.00568	0.00514	0.01076	0.03961	0.04831	0.17642	0.07112	0.55545	0.01425	0.00704	0.00201	0.00317	0.01201	0.00586	0.00554
21	0.01520	0.01208	0.01784	0.12499	0.30547	0.02850	0.01351	0.06382	0.03989	0.11053	0.08554	0.05296	0.04225	0.00796	0.00672	0.00193	0.03258	0.02553	0.00439	0.00830
22	0.01545	0.01287	0.04351	0.17114	0.13811	0.02835	0.08490	0.10032	0.05982	0.11294	0.04456	0.02275	0.04425	0.05740	0.00785	0.00219	0.00683	0.03432	0.00440	0.00804

[dist]
# distance from previous block
# <min> <max>
3	10

[block]
# block no. 4 follows, 38 sequences, length 15
# corresponding to MSA columns:
# 318-332
name=unknown_E
#
# <colnr> <probs for GDERKNQSTAVLIFYWHMCP>
#	G	D	E	R	K	N	Q	S	T	A	V	L	I	F	Y	W	H	M	C	P
0	0.37586	0.05137	0.01555	0.01560	0.16929	0.01430	0.02336	0.10493	0.01383	0.04121	0.03389	0.01320	0.00971	0.00607	0.00534	0.00178	0.03393	0.00443	0.00390	0.06246
1	0.00993	0.07175	0.01004	0.00821	0.00950	0.00775	0.00602	0.01140	0.01250	0.05315	0.19852	0.20410	0.08580	0.19897	0.05325	0.00335	0.03482	0.01058	0.00497	0.00539
2	0.09172	0.07775	0.06287	0.19986	0.16238	0.01560	0.05988	0.07679	0.01349	0.04802	0.01089	0.01413	0.00862	0.00655	0.00777	0.00196	0.12546	0.00506	0.00329	0.00792
3	0.01614	0.08613	0.12639	0.01627	0.02125	0.10592	0.22504	0.10549	0.05165	0.04909	0.01367	0.01613	0.01053	0.02858	0.00654	0.00189	0.00788	0.00561	0.09777	0.00804
4	0.00746	0.00529	0.00694	0.00821	0.00852	0.00498	0.00540	0.00841	0.01126	0.01501	0.03182	0.71443	0.03810	0.09138	0.00984	0.00276	0.00371	0.01631	0.00540	0.00477
5	0.05912	0.01483	0.01482	0.01191	0.01617	0.12310	0.04438	0.15595	0.13844	0.02341	0.01765	0.01811	0.07201	0.00685	0.00549	0.00156	0.00604	0.00543	0.00455	0.26019
6	0.01169	0.00918	0.01436	0.34321	0.02486	0.01106	0.01206	0.01453	0.01138	0.07637	0.01451	0.05917	0.01260	0.02031	0.26108	0.00464	0.08276	0.00638	0.00340	0.00644
7	0.01421	0.08029	0.10963	0.24748	0.22142	0.01548	0.08114	0.08459	0.01415	0.01927	0.01102	0.01453	0.00865	0.00599	0.00658	0.00189	0.04714	0.00523	0.00308	0.00824
8	0.01284	0.17817	0.61716	0.01582	0.02399	0.01587	0.01992	0.01885	0.01261	0.01810	0.01033	0.01211	0.00764	0.00561	0.00536	0.00179	0.00842	0.00421	0.00255	0.00866
9	0.00827	0.00603	0.00799	0.00921	0.01018	0.00574	0.00715	0.01008	0.01273	0.01654	0.03587	0.40667	0.12059	0.01751	0.00787	0.00253	0.00428	0.30002	0.00557	0.00518
10	0.01200	0.02493	0.52591	0.08094	0.06322	0.01326	0.08065	0.01801	0.01323	0.01927	0.08039	0.01643	0.01251	0.00629	0.00600	0.00192	0.00827	0.00540	0.00300	0.00837
11	0.00971	0.00809	0.01079	0.09401	0.06606	0.00854	0.00844	0.02801	0.08770	0.01752	0.05261	0.36333	0.15479	0.01390	0.00767	0.00221	0.04331	0.01213	0.00503	0.00614
12	0.01009	0.00857	0.00948	0.00947	0.01079	0.07017	0.00699	0.03515	0.04814	0.01610	0.05077	0.21333	0.08840	0.08382	0.30438	0.00534	0.00930	0.00971	0.00439	0.00560
13	0.01163	0.01002	0.01424	0.19952	0.02015	0.02740	0.05058	0.08049	0.01274	0.01698	0.01765	0.05357	0.05213	0.12921	0.16199	0.00417	0.08242	0.04524	0.00368	0.00618
14	0.01366	0.01392	0.02605	0.08255	0.06717	0.01394	0.40695	0.04257	0.13682	0.02013	0.01647	0.10176	0.01403	0.00727	0.00681	0.00205	0.00805	0.00786	0.00390	0.00803

[dist]
# distance from previous block
# <min> <max>
0	13

[block]
# block no. 5 follows, 38 sequences, length 76
# corresponding to MSA columns:
# 346-364,367-374,376-424
name=unknown_F
#
# <colnr> <probs for GDERKNQSTAVLIFYWHMCP>
#	G	D	E	R	K	N	Q	S	T	A	V	L	I	F	Y	W	H	M	C	P
0	0.00888	0.00627	0.00788	0.00847	0.00931	0.00613	0.00636	0.01037	0.01195	0.01570	0.08408	0.09621	0.09178	0.31735	0.01678	0.00382	0.00512	0.28393	0.00489	0.00473
1	0.01193	0.01069	0.01521	0.38456	0.02760	0.01064	0.01183	0.01526	0.01226	0.01752	0.01069	0.01422	0.00847	0.00522	0.00522	0.00144	0.00620	0.00444	0.00313	0.42347
2	0.01294	0.01237	0.02121	0.43970	0.34532	0.01381	0.03503	0.01679	0.01280	0.01730	0.01100	0.01555	0.00869	0.00571	0.00602	0.00191	0.00770	0.00540	0.00281	0.00794
3	0.01588	0.75439	0.06759	0.01063	0.01597	0.02331	0.01089	0.01806	0.01225	0.01440	0.00848	0.00980	0.00772	0.00517	0.00395	0.00132	0.00656	0.00328	0.00257	0.00778
4	0.00845	0.00628	0.00807	0.00890	0.01023	0.00591	0.00713	0.01057	0.01372	0.01778	0.12627	0.20971	0.20973	0.01622	0.00774	0.00242	0.00419	0.31566	0.00569	0.00531
5	0.00917	0.00716	0.00897	0.03894	0.02621	0.00679	0.02323	0.01179	0.06359	0.03236	0.07574	0.11833	0.39169	0.01460	0.00848	0.07043	0.00410	0.07761	0.00523	0.00557
6	0.01438	0.01377	0.02349	0.14416	0.64783	0.01416	0.01821	0.01801	0.01346	0.01903	0.01122	0.01506	0.00931	0.00546	0.00596	0.00182	0.00727	0.00536	0.00293	0.00911
7	0.01385	0.00722	0.00923	0.00825	0.01060	0.00647	0.00640	0.01621	0.01571	0.23388	0.30411	0.09949	0.13197	0.01145	0.00661	0.00192	0.00364	0.02596	0.08019	0.00684
8	0.03866	0.00971	0.01144	0.00967	0.01292	0.00941	0.00761	0.11642	0.08181	0.28618	0.04799	0.09850	0.18483	0.04753	0.00757	0.00215	0.00464	0.00871	0.00625	0.00800
9	0.01214	0.01025	0.01194	0.00870	0.01356	0.00782	0.00681	0.01457	0.01214	0.01889	0.01144	0.01490	0.01008	0.07522	0.00682	0.00134	0.00458	0.00403	0.00357	0.75120
10	0.00997	0.00627	0.00822	0.00827	0.00959	0.00579	0.00607	0.01194	0.01441	0.09153	0.32471	0.29416	0.06730	0.05729	0.00857	0.00235	0.00363	0.05813	0.00608	0.00572
11	0.13306	0.00670	0.00759	0.00811	0.00930	0.00670	0.00572	0.02896	0.01238	0.01855	0.10970	0.47607	0.08296	0.05597	0.00814	0.00243	0.00377	0.01326	0.00533	0.00531
12	0.00753	0.00574	0.00688	0.00755	0.00865	0.00517	0.00537	0.00897	0.01285	0.01651	0.11036	0.39123	0.29505	0.04394	0.00826	0.00238	0.00345	0.04948	0.00561	0.00502
13	0.03584	0.00606	0.00678	0.00701	0.00845	0.00547	0.00503	0.00936	0.01333	0.01750	0.16923	0.23432	0.38317	0.06067	0.00851	0.00233	0.00334	0.01292	0.00559	0.00510
14	0.02125	0.01490	0.01622	0.01269	0.01707	0.01620	0.01040	0.55419	0.06765	0.09522	0.04527	0.01837	0.03904	0.00776	0.00604	0.00182	0.00599	0.00602	0.03421	0.00968
15	0.06446	0.00913	0.01070	0.00919	0.01236	0.00866	0.00725	0.08080	0.05702	0.28388	0.05847	0.11937	0.23167	0.01110	0.00645	0.00198	0.00433	0.00924	0.00625	0.00771
16	0.00954	0.00757	0.00931	0.00848	0.01101	0.00624	0.00621	0.01141	0.01241	0.01784	0.08347	0.39082	0.04339	0.01231	0.00629	0.00175	0.00382	0.01093	0.00484	0.34235
17	0.01216	0.01042	0.01210	0.00875	0.01390	0.00785	0.00698	0.01477	0.01255	0.01941	0.01364	0.01514	0.05231	0.00509	0.00461	0.00096	0.00437	0.00410	0.00368	0.77723
18	0.00961	0.00632	0.00737	0.00719	0.00776	0.00610	0.00447	0.01006	0.00968	0.03885	0.01995	0.06693	0.02231	0.63940	0.02601	0.00509	0.00562	0.05107	0.00396	0.05225
19	0.02249	0.01001	0.01308	0.01063	0.01460	0.00927	0.00868	0.02693	0.11731	0.53895	0.09536	0.02593	0.02064	0.00856	0.00629	0.00194	0.00487	0.04796	0.00707	0.00942
20	0.14777	0.02383	0.01471	0.01341	0.01650	0.57384	0.01015	0.02155	0.01566	0.01679	0.01411	0.01519	0.07864	0.00697	0.00532	0.00164	0.00913	0.00462	0.00344	0.00672
21	0.03762	0.00677	0.00944	0.00922	0.01056	0.00755	0.00710	0.01195	0.01029	0.05805	0.01811	0.02520	0.04005	0.09120	0.59627	0.00819	0.01355	0.00666	0.02667	0.00557
22	0.00996	0.00669	0.00830	0.00814	0.00955	0.00632	0.00587	0.05317	0.01482	0.06430	0.28988	0.28221	0.11858	0.08291	0.00924	0.00243	0.00370	0.01229	0.00592	0.00572
23	0.00887	0.00632	0.00773	0.00743	0.00910	0.00570	0.00564	0.01119	0.01556	0.04851	0.44496	0.04913	0.26039	0.03996	0.00794	0.00212	0.00326	0.05442	0.00617	0.00559
24	0.00853	0.00580	0.00672	0.00697	0.00714	0.00572	0.00417	0.00883	0.00949	0.01257	0.02284	0.14394	0.04977	0.62671	0.02580	0.00512	0.00540	0.03649	0.00405	0.00394
25	0.01234	0.00942	0.01129	0.00903	0.01296	0.00777	0.00705	0.01571	0.05856	0.06793	0.12181	0.11032	0.02099	0.00797	0.00551	0.00139	0.00419	0.02232	0.00470	0.48873
26	0.00741	0.00539	0.00693	0.00804	0.00862	0.00497	0.00543	0.00857	0.01197	0.01581	0.07331	0.64786	0.11581	0.03916	0.00821	0.00246	0.00347	0.01608	0.00559	0.00491
27	0.01604	0.00804	0.01076	0.00997	0.01272	0.00732	0.00833	0.01849	0.01546	0.30762	0.10214	0.04579	0.11824	0.01243	0.00715	0.00224	0.00480	0.27873	0.00640	0.00734
28	0.00867	0.00630	0.00902	0.00904	0.00998	0.00712	0.00681	0.01055	0.00988	0.01425	0.03607	0.04471	0.01763	0.13916	0.60517	0.00851	0.01367	0.00709	0.03121	0.00515
29	0.00917	0.00630	0.00865	0.00979	0.02957	0.00624	0.00701	0.01075	0.01171	0.04329	0.02774	0.36992	0.03114	0.12047	0.11508	0.00391	0.00616	0.17285	0.00500	0.00527
30	0.00867	0.00594	0.00720	0.00725	0.00747	0.00615	0.00449	0.00914	0.00902	0.01224	0.01881	0.05867	0.02103	0.61460	0.17879	0.00651	0.00785	0.00853	0.00362	0.00403
31	0.01247	0.01069	0.01247	0.00891	0.01426	0.00802	0.00713	0.01515	0.01247	0.01960	0.01069	0.01247	0.00891	0.00446	0.00446	0.00089	0.00446	0.00356	0.00356	0.82536
32	0.01195	0.01143	0.01941	0.62213	0.11625	0.01383	0.04354	0.01580	0.01213	0.01593	0.01065	0.01575	0.00822	0.00617	0.00685	0.00202	0.05277	0.00541	0.00272	0.00704
33	0.01346	0.01389	0.02694	0.04021	0.04228	0.01367	0.45999	0.04343	0.09256	0.02012	0.05772	0.02009	0.02866	0.01030	0.08571	0.00280	0.00937	0.00719	0.00374	0.00784
34	0.00769	0.00540	0.00691	0.00794	0.00823	0.00513	0.00514	0.00855	0.01104	0.01476	0.05036	0.59184	0.03615	0.19592	0.01294	0.00321	0.00401	0.01500	0.00517	0.00462
35	0.00733	0.00524	0.00698	0.00838	0.00873	0.00489	0.00558	0.00838	0.01152	0.01536	0.03316	0.78466	0.03979	0.01885	0.00768	0.00244	0.00349	0.01710	0.00558	0.00489
36	0.01288	0.00986	0.01049	0.00939	0.01204	0.01046	0.00729	0.14205	0.22272	0.02354	0.06915	0.03412	0.21360	0.05868	0.00776	0.00216	0.00437	0.03028	0.11190	0.00727
37	0.01573	0.01290	0.01809	0.26918	0.06285	0.01475	0.04224	0.22146	0.01653	0.04764	0.01205	0.01529	0.00928	0.00810	0.02304	0.03108	0.10714	0.00535	0.00389	0.06342
38	0.01274	0.01255	0.01762	0.01523	0.01533	0.01743	0.01264	0.01414	0.00925	0.01443	0.00865	0.01412	0.00855	0.01370	0.08796	0.00328	0.70785	0.00537	0.00269	0.00647
39	0.00869	0.00586	0.00682	0.00687	0.00697	0.00593	0.00402	0.00889	0.00891	0.01197	0.01921	0.06334	0.02194	0.70366	0.08797	0.00602	0.00657	0.00885	0.00368	0.00382
40	0.01045	0.00522	0.00784	0.00784	0.00784	0.00522	0.00522	0.00784	0.00784	0.01045	0.01045	0.01829	0.01045	0.02090	0.02351	0.82497	0.00522	0.00522	0.00261	0.00261
41	0.01774	0.01520	0.01511	0.01293	0.01671	0.07219	0.01021	0.22705	0.48668	0.02795	0.02054	0.01934	0.01529	0.00775	0.00604	0.00194	0.00574	0.00619	0.00587	0.00953
42	0.01050	0.00842	0.01061	0.05432	0.03627	0.00729	0.00732	0.02728	0.01269	0.03183	0.02472	0.30320	0.09965	0.01116	0.00613	0.00172	0.00430	0.00979	0.00458	0.32823
43	0.03559	0.01692	0.07772	0.04293	0.19947	0.04055	0.45789	0.01910	0.01393	0.01931	0.01165	0.01533	0.00899	0.00525	0.00657	0.00194	0.00919	0.00627	0.00301	0.00838
44	0.01431	0.06136	0.03527	0.02448	0.03051	0.01571	0.68739	0.01920	0.01408	0.01897	0.01195	0.01584	0.00905	0.00508	0.00691	0.00199	0.00993	0.00687	0.00302	0.00809
45	0.01325	0.01345	0.02524	0.29047	0.21641	0.01409	0.26018	0.01785	0.03592	0.01809	0.01229	0.03313	0.00981	0.00588	0.00641	0.00197	0.00832	0.00626	0.00305	0.00794
46	0.01335	0.01262	0.11052	0.08164	0.01720	0.03157	0.03457	0.08546	0.06258	0.10092	0.17757	0.13593	0.09022	0.01035	0.00657	0.00199	0.00544	0.00893	0.00526	0.00733
47	0.01422	0.34720	0.38714	0.01549	0.06700	0.04001	0.01671	0.01873	0.01269	0.01692	0.00977	0.01151	0.00779	0.00547	0.00495	0.00163	0.00781	0.00397	0.00260	0.00839
48	0.00874	0.00587	0.00675	0.00675	0.00681	0.00593	0.00388	0.00887	0.00880	0.01180	0.01878	0.03843	0.02146	0.74411	0.07453	0.00606	0.00645	0.00861	0.00362	0.00375
49	0.03809	0.01026	0.01665	0.03114	0.05694	0.00996	0.15687	0.05680	0.01456	0.16800	0.03596	0.19354	0.02170	0.01279	0.05139	0.00260	0.00669	0.10357	0.00508	0.00740
50	0.05180	0.12217	0.03218	0.05672	0.03805	0.09625	0.11476	0.04002	0.01427	0.01854	0.10355	0.12815	0.07139	0.00988	0.00633	0.00196	0.00643	0.07659	0.00425	0.00673
51	0.01271	0.02749	0.02824	0.01210	0.05619	0.00915	0.06503	0.03304	0.05647	0.12791	0.06451	0.14733	0.20327	0.01439	0.06847	0.00268	0.02910	0.02977	0.00519	0.00695
52	0.06353	0.14304	0.07925	0.01082	0.01404	0.03214	0.00965	0.03511	0.05168	0.08674	0.01482	0.01853	0.01249	0.02492	0.37050	0.00552	0.01110	0.00542	0.00371	0.00700
53	0.01154	0.03767	0.01650	0.01385	0.01473	0.01403	0.06647	0.01314	0.01058	0.01517	0.01753	0.18430	0.05435	0.03242	0.01485	0.00256	0.43795	0.03261	0.00358	0.00618
54	0.05654	0.01424	0.06489	0.16905	0.27031	0.05032	0.04161	0.05602	0.01432	0.09329	0.03839	0.05603	0.01256	0.00694	0.00639	0.00191	0.02910	0.00605	0.00379	0.00826
55	0.02973	0.01293	0.05574	0.12083	0.30399	0.02640	0.08926	0.01639	0.01318	0.03603	0.01729	0.08951	0.04004	0.02757	0.00733	0.00213	0.02260	0.07770	0.00363	0.00773
56	0.01188	0.01128	0.01958	0.62957	0.09948	0.01336	0.07277	0.01590	0.01236	0.01625	0.01113	0.01615	0.00846	0.00591	0.00604	0.00197	0.00796	0.00549	0.02746	0.00700
57	0.01215	0.00785	0.01098	0.09658	0.06269	0.00783	0.00842	0.03845	0.03034	0.12823	0.08467	0.40393	0.02957	0.01324	0.00688	0.00215	0.00454	0.01183	0.03310	0.00657
58	0.01360	0.03959	0.07144	0.10251	0.07989	0.01229	0.19288	0.04236	0.03258	0.07881	0.05161	0.07564	0.01519	0.01220	0.10159	0.00293	0.02828	0.00704	0.03203	0.00756
59	0.01711	0.01626	0.01701	0.03822	0.01732	0.18808	0.02627	0.12319	0.01468	0.06945	0.01184	0.03437	0.01018	0.01185	0.07826	0.00279	0.30660	0.00547	0.00371	0.00735
60	0.01470	0.01577	0.01548	0.03931	0.01644	0.26157	0.06738	0.01680	0.01270	0.01537	0.01238	0.01721	0.01098	0.04147	0.22287	0.00419	0.13583	0.00542	0.06780	0.00633
61	0.01343	0.01172	0.04155	0.23072	0.17916	0.01113	0.01284	0.03373	0.01298	0.06321	0.01265	0.04232	0.01047	0.00775	0.02776	0.03797	0.00660	0.00531	0.00347	0.23521
62	0.01546	0.13527	0.16129	0.04259	0.03572	0.01318	0.03427	0.07988	0.01442	0.09873	0.01213	0.01342	0.00922	0.00546	0.00509	0.00143	0.00625	0.00433	0.00378	0.30807
63	0.00795	0.00602	0.00733	0.00723	0.00870	0.00540	0.00534	0.01017	0.01536	0.02069	0.45479	0.14050	0.26061	0.01398	0.00717	0.00200	0.00298	0.01219	0.00619	0.00540
64	0.00800	0.00566	0.00685	0.00734	0.00785	0.00537	0.00473	0.00889	0.01129	0.01500	0.11171	0.33444	0.10733	0.31895	0.01653	0.00366	0.00429	0.01267	0.00494	0.00451
65	0.03054	0.06792	0.04402	0.41883	0.10515	0.08855	0.01487	0.05022	0.05014	0.01776	0.01206	0.01656	0.00960	0.00637	0.00578	0.00188	0.00766	0.02493	0.01976	0.00740
66	0.15636	0.01036	0.01081	0.02544	0.02894	0.05927	0.02606	0.07348	0.01313	0.02153	0.01630	0.02003	0.03987	0.05611	0.06835	0.00261	0.06680	0.00559	0.29262	0.00633
67	0.00794	0.00572	0.00749	0.00853	0.00926	0.00540	0.00615	0.00944	0.01246	0.01655	0.10549	0.49326	0.08354	0.06273	0.00904	0.00262	0.00390	0.13989	0.00557	0.00502
68	0.01493	0.01676	0.12728	0.03806	0.02539	0.05689	0.39259	0.01922	0.01416	0.10275	0.01588	0.09955	0.01345	0.00731	0.00676	0.00203	0.00855	0.02668	0.00381	0.00795
69	0.03547	0.07208	0.04020	0.10522	0.05223	0.04485	0.02764	0.18690	0.01722	0.20716	0.01668	0.08871	0.01338	0.00838	0.00693	0.02974	0.02744	0.00640	0.00498	0.00842
70	0.01612	0.01532	0.10373	0.07055	0.14018	0.05643	0.09620	0.06372	0.11466	0.13109	0.04902	0.03939	0.01439	0.00928	0.05069	0.00236	0.00754	0.00631	0.00445	0.00855
71	0.01198	0.00803	0.00959	0.00899	0.01102	0.00784	0.00675	0.12314	0.03511	0.09043	0.18400	0.29978	0.15198	0.01374	0.00701	0.00210	0.00395	0.01196	0.00606	0.00653
72	0.01454	0.12806	0.03385	0.05787	0.17189	0.06354	0.03042	0.03898	0.03105	0.01863	0.01093	0.01340	0.00911	0.00569	0.00615	0.00149	0.06412	0.00444	0.02695	0.26891
73	0.03509	0.02806	0.04338	0.06465	0.10937	0.04837	0.01130	0.11031	0.08170	0.07679	0.03104	0.07023	0.01512	0.06919	0.00985	0.00231	0.11587	0.02525	0.04446	0.00768
74	0.03858	0.00750	0.00900	0.00849	0.01053	0.00724	0.02527	0.01384	0.10789	0.04787	0.24446	0.15146	0.26459	0.01313	0.00693	0.00205	0.00365	0.02548	0.00589	0.00613
75	0.01677	0.05819	0.14633	0.07602	0.17386	0.01469	0.07386	0.15625	0.03128	0.10550	0.03014	0.01569	0.01090	0.00636	0.00630	0.00183	0.02946	0.00541	0.00411	0.03704

[dist]
# distance from previous block
# <min> <max>
1	54

[block]
# block no. 6 follows, 38 sequences, length 13
# corresponding to MSA columns:
# 481-483,485-494
name=unknown_G
#
# <colnr> <probs for GDERKNQSTAVLIFYWHMCP>
#	G	D	E	R	K	N	Q	S	T	A	V	L	I	F	Y	W	H	M	C	P
0	0.03701	0.01259	0.04943	0.27283	0.10379	0.01335	0.16731	0.01588	0.01198	0.01695	0.01179	0.01704	0.00973	0.03308	0.09739	0.00304	0.09167	0.00585	0.02220	0.00709
1	0.01528	0.08239	0.16954	0.06542	0.05340	0.08775	0.09863	0.07087	0.03060	0.07222	0.01399	0.03395	0.02914	0.00943	0.03806	0.06304	0.04939	0.00563	0.00357	0.00769
2	0.01397	0.03450	0.07243	0.14942	0.26271	0.03078	0.12328	0.01788	0.03102	0.03332	0.01175	0.03238	0.00977	0.00663	0.00812	0.00198	0.12240	0.00573	0.00310	0.02885
3	0.00897	0.00566	0.00749	0.00812	0.00864	0.00552	0.00572	0.00952	0.01103	0.01514	0.07180	0.28370	0.02893	0.13883	0.01469	0.18976	0.00447	0.11511	0.06254	0.00437
4	0.05469	0.01221	0.04663	0.14257	0.05738	0.02899	0.09652	0.07984	0.07782	0.11903	0.01881	0.16771	0.01699	0.04444	0.00746	0.00220	0.00639	0.00806	0.00463	0.00763
5	0.08060	0.14535	0.12342	0.12707	0.05008	0.09628	0.05880	0.03037	0.01243	0.01712	0.01040	0.01384	0.00868	0.01060	0.09000	0.00272	0.10726	0.00476	0.00292	0.00729
6	0.00866	0.00603	0.00751	0.00796	0.00926	0.00545	0.00584	0.01038	0.01361	0.05409	0.17092	0.35197	0.23414	0.01591	0.00739	0.00223	0.00351	0.07388	0.00586	0.00540
7	0.00937	0.00604	0.00711	0.00746	0.00857	0.00588	0.00538	0.03467	0.01299	0.01905	0.09553	0.28993	0.09326	0.06094	0.03144	0.00245	0.00390	0.03971	0.26096	0.00535
8	0.20385	0.01271	0.01470	0.03484	0.01652	0.02854	0.05659	0.13693	0.15585	0.17240	0.01654	0.01749	0.01225	0.04011	0.02972	0.00232	0.02950	0.00556	0.00516	0.00841
9	0.03998	0.01327	0.08304	0.02262	0.30431	0.01185	0.10333	0.03394	0.01352	0.01987	0.03701	0.11773	0.01642	0.00828	0.00659	0.00196	0.02698	0.04764	0.08386	0.00782
10	0.00778	0.00569	0.00733	0.00798	0.00889	0.00524	0.00567	0.00951	0.01360	0.01834	0.26310	0.44224	0.12208	0.01629	0.00746	0.00224	0.00332	0.04217	0.00591	0.00518
11	0.42593	0.01322	0.01898	0.03636	0.08642	0.01411	0.22067	0.01847	0.01199	0.05156	0.01040	0.01288	0.00799	0.00572	0.00580	0.00194	0.04177	0.00483	0.00352	0.00741
12	0.05642	0.01556	0.04012	0.08745	0.02084	0.01673	0.04860	0.48657	0.03884	0.03140	0.01475	0.01809	0.01143	0.00762	0.00654	0.00194	0.03083	0.05195	0.00520	0.00913

[dist]
# distance from previous block
# <min> <max>
6	7

[block]
# block no. 7 follows, 38 sequences, length 7
# corresponding to MSA columns:
# 504-508,513,514
name=unknown_H
#
# <colnr> <probs for GDERKNQSTAVLIFYWHMCP>
#	G	D	E	R	K	N	Q	S	T	A	V	L	I	F	Y	W	H	M	C	P
0	0.01578	0.11263	0.29384	0.01700	0.08997	0.01578	0.04924	0.11414	0.11292	0.07246	0.01373	0.01480	0.01018	0.00640	0.00621	0.00185	0.03505	0.00509	0.00389	0.00905
1	0.01410	0.25804	0.33516	0.01536	0.04937	0.05895	0.06002	0.03978	0.01350	0.01774	0.01358	0.01620	0.04922	0.00642	0.00540	0.00173	0.00777	0.02655	0.00299	0.00813
2	0.00777	0.00640	0.00740	0.00744	0.00890	0.00603	0.00553	0.00937	0.01344	0.01710	0.15247	0.20508	0.44849	0.01524	0.00808	0.00214	0.05550	0.01285	0.00554	0.00523
3	0.00851	0.00674	0.00910	0.00974	0.03177	0.00673	0.02433	0.01015	0.01237	0.01660	0.07529	0.39449	0.18463	0.01656	0.03167	0.00251	0.06152	0.05363	0.03824	0.00540
4	0.06452	0.12427	0.07696	0.01564	0.12449	0.03112	0.06546	0.02034	0.01439	0.23689	0.07670	0.07011	0.01655	0.00853	0.02608	0.00203	0.00639	0.00644	0.00474	0.00834
5	0.01038	0.00676	0.00788	0.00756	0.00924	0.00647	0.00565	0.06402	0.01530	0.04549	0.26218	0.16784	0.14830	0.01211	0.00639	0.00188	0.00333	0.01043	0.20289	0.00591
6	0.01349	0.01333	0.06170	0.25116	0.20945	0.01339	0.06100	0.08946	0.08238	0.02045	0.04301	0.06056	0.03959	0.00736	0.00623	0.00195	0.00693	0.00666	0.00383	0.00805

[dist]
# distance from previous block
# <min> <max>
0	1

[block]
# block no. 8 follows, 38 sequences, length 28
# corresponding to MSA columns:
# 516-519,521-544
name=unknown_I
#
# <colnr> <probs for GDERKNQSTAVLIFYWHMCP>
#	G	D	E	R	K	N	Q	S	T	A	V	L	I	F	Y	W	H	M	C	P
0	0.00911	0.00615	0.00772	0.00805	0.00939	0.00556	0.00572	0.01068	0.01245	0.05383	0.07040	0.46711	0.12187	0.01648	0.03731	0.00242	0.00401	0.01329	0.06777	0.07067
1	0.00984	0.00765	0.00740	0.00727	0.00752	0.06628	0.00428	0.00997	0.00941	0.01191	0.01819	0.03709	0.02075	0.72624	0.02861	0.00549	0.00623	0.00836	0.00360	0.00391
2	0.01856	0.01397	0.03371	0.08039	0.03851	0.04312	0.04433	0.26800	0.07401	0.14384	0.05538	0.02036	0.04356	0.00756	0.00607	0.00181	0.00623	0.02123	0.00535	0.07400
3	0.39678	0.08553	0.09512	0.04290	0.01573	0.07450	0.02853	0.01858	0.04131	0.05105	0.01127	0.01418	0.00921	0.06822	0.00662	0.00211	0.00615	0.00437	0.02085	0.00700
4	0.04252	0.06789	0.10067	0.01550	0.11423	0.01317	0.03434	0.06979	0.01309	0.01955	0.01105	0.01402	0.00927	0.00996	0.08389	0.00241	0.11008	0.00464	0.00332	0.26062
5	0.01247	0.01069	0.01247	0.00891	0.01426	0.00802	0.00713	0.01515	0.01247	0.01960	0.01069	0.01247	0.00891	0.00446	0.00446	0.00089	0.00446	0.00356	0.00356	0.82536
6	0.00799	0.00584	0.00785	0.00841	0.00912	0.00602	0.00594	0.00933	0.01060	0.01437	0.02695	0.33465	0.08444	0.14003	0.29346	0.00560	0.00850	0.01156	0.00442	0.00490
7	0.26918	0.03547	0.05218	0.03709	0.03555	0.07140	0.01076	0.10135	0.01340	0.05160	0.01011	0.01235	0.00812	0.00701	0.00840	0.00193	0.19343	0.00436	0.00367	0.07263
8	0.00783	0.00574	0.00731	0.00837	0.00918	0.00537	0.00606	0.00922	0.01215	0.01576	0.03679	0.47206	0.16103	0.06975	0.00925	0.00266	0.00396	0.14709	0.00545	0.00496
9	0.03382	0.08117	0.01944	0.05949	0.08243	0.16012	0.11781	0.13214	0.01584	0.04011	0.01532	0.06519	0.03833	0.06656	0.02498	0.02173	0.00779	0.00639	0.00389	0.00743
10	0.04433	0.01351	0.03424	0.17495	0.12118	0.04540	0.08119	0.16410	0.05239	0.04539	0.01382	0.01678	0.01070	0.01065	0.09051	0.00272	0.00815	0.00561	0.05633	0.00802
11	0.00926	0.00597	0.00790	0.00882	0.00981	0.00554	0.00643	0.01072	0.01251	0.07480	0.03427	0.55488	0.08984	0.01731	0.00761	0.00242	0.00391	0.12684	0.00573	0.00543
12	0.01490	0.05262	0.03463	0.05606	0.09695	0.07117	0.05181	0.14936	0.11400	0.02146	0.01617	0.07893	0.01418	0.01382	0.12661	0.00311	0.02342	0.01956	0.00424	0.03701
13	0.06173	0.01137	0.01372	0.16808	0.04296	0.05238	0.01017	0.08332	0.07036	0.14179	0.08269	0.11102	0.03146	0.00859	0.00603	0.00186	0.00568	0.00723	0.00495	0.08460
14	0.08418	0.04259	0.03266	0.06211	0.19507	0.06183	0.06298	0.15830	0.03377	0.11053	0.02989	0.05778	0.01260	0.00729	0.00620	0.01652	0.00672	0.00600	0.00442	0.00854
15	0.01261	0.01263	0.01966	0.04063	0.01814	0.01628	0.11738	0.01457	0.01024	0.01526	0.01095	0.07559	0.01090	0.01161	0.04593	0.00279	0.54871	0.00653	0.00295	0.00663
16	0.07457	0.00718	0.00892	0.00949	0.02894	0.00717	0.00709	0.01284	0.05984	0.02088	0.29818	0.20217	0.06553	0.01373	0.00712	0.00220	0.00393	0.15858	0.00578	0.00586
17	0.01483	0.01466	0.02045	0.23324	0.36915	0.09469	0.01601	0.04715	0.05329	0.01874	0.01274	0.01604	0.02549	0.00624	0.00639	0.00187	0.03202	0.00543	0.00324	0.00831
18	0.11016	0.01323	0.07476	0.01215	0.01552	0.03872	0.02827	0.11841	0.01513	0.20029	0.03146	0.11956	0.01549	0.01160	0.06004	0.00257	0.11288	0.00696	0.00494	0.00789
19	0.00732	0.00527	0.00695	0.00829	0.00870	0.00489	0.00555	0.00839	0.01160	0.01539	0.03416	0.75831	0.06548	0.01872	0.00766	0.00243	0.00347	0.01694	0.00558	0.00489
20	0.05624	0.01079	0.01136	0.01003	0.01264	0.03754	0.00775	0.26585	0.01820	0.05486	0.04664	0.23439	0.02119	0.01053	0.00602	0.00190	0.00481	0.00881	0.17315	0.00731
21	0.03400	0.01365	0.02096	0.28365	0.19236	0.04074	0.11380	0.11516	0.03129	0.03656	0.01231	0.01563	0.00940	0.00598	0.00599	0.00187	0.00758	0.00552	0.02952	0.02403
22	0.01050	0.00751	0.01108	0.01028	0.01215	0.00717	0.07243	0.01289	0.01418	0.07514	0.20625	0.21132	0.11131	0.01360	0.00766	0.00221	0.02864	0.14176	0.03791	0.00600
23	0.01042	0.00912	0.01264	0.01211	0.01269	0.01134	0.00981	0.01208	0.01096	0.01546	0.02191	0.19613	0.05830	0.01714	0.08452	0.00326	0.33464	0.15758	0.00409	0.00580
24	0.30790	0.09059	0.01146	0.02981	0.01195	0.04497	0.00688	0.03051	0.01126	0.01938	0.01512	0.11939	0.01566	0.18639	0.01077	0.00275	0.00539	0.02909	0.00387	0.04689
25	0.00816	0.00612	0.00817	0.00967	0.03914	0.00575	0.00678	0.00985	0.01279	0.01685	0.09063	0.45541	0.13696	0.01687	0.00761	0.00238	0.00393	0.15209	0.00555	0.00529
26	0.01617	0.01440	0.01543	0.01300	0.01603	0.06898	0.01044	0.17620	0.25938	0.02375	0.01791	0.01856	0.04912	0.00835	0.00905	0.00198	0.18237	0.00592	0.00481	0.08816
27	0.03685	0.01082	0.01296	0.08207	0.01666	0.01036	0.00879	0.08765	0.11497	0.07694	0.09773	0.02192	0.03261	0.00727	0.00560	0.00156	0.00494	0.03700	0.00483	0.32847

[dist]
# distance from previous block
# <min> <max>
0	6

[block]
# block no. 9 follows, 38 sequences, length 23
# corresponding to MSA columns:
# 554-576
name=unknown_J
#
# <colnr> <probs for GDERKNQSTAVLIFYWHMCP>
#	G	D	E	R	K	N	Q	S	T	A	V	L	I	F	Y	W	H	M	C	P
0	0.01169	0.00993	0.01469	0.26166	0.15806	0.03117	0.01201	0.01436	0.01290	0.05681	0.04457	0.20825	0.09884	0.01041	0.00690	0.00207	0.02558	0.00917	0.00415	0.00677
1	0.05415	0.01169	0.01885	0.60502	0.05882	0.01394	0.05998	0.07384	0.01344	0.01816	0.01099	0.01557	0.00824	0.00601	0.00596	0.00198	0.00784	0.00535	0.00303	0.00714
2	0.03847	0.01256	0.01724	0.24930	0.07679	0.04943	0.04056	0.10198	0.03400	0.01902	0.04263	0.01728	0.01157	0.02644	0.06526	0.02642	0.15475	0.00570	0.00348	0.00712
3	0.01205	0.01123	0.01854	0.67152	0.09374	0.01375	0.01657	0.03823	0.01259	0.01638	0.01077	0.01581	0.00820	0.00614	0.00642	0.00200	0.03089	0.00535	0.00280	0.00701
4	0.00746	0.00533	0.00713	0.00852	0.00893	0.00500	0.00581	0.00860	0.01164	0.01550	0.03309	0.74559	0.03951	0.01873	0.00771	0.00246	0.00360	0.05490	0.00558	0.00492
5	0.04339	0.01312	0.02900	0.09477	0.10978	0.07308	0.02946	0.14970	0.05580	0.09782	0.03320	0.05867	0.02679	0.01054	0.03246	0.10242	0.02169	0.00627	0.00441	0.00763
6	0.01630	0.06965	0.29393	0.05387	0.04131	0.07249	0.03872	0.12085	0.07520	0.08241	0.01308	0.01444	0.00963	0.00662	0.00679	0.00189	0.06524	0.00501	0.00382	0.00873
7	0.01309	0.05229	0.01997	0.22196	0.10646	0.01672	0.03174	0.01585	0.02679	0.01564	0.00953	0.01423	0.00837	0.00827	0.01308	0.00227	0.40861	0.00527	0.00277	0.00710
8	0.09606	0.01021	0.01244	0.01007	0.01391	0.00973	0.00811	0.07297	0.06707	0.45040	0.06872	0.04159	0.06116	0.04130	0.00704	0.00206	0.00488	0.00687	0.00655	0.00885
9	0.05187	0.00899	0.03415	0.00995	0.01191	0.00885	0.02585	0.07987	0.09862	0.01993	0.07141	0.28235	0.04854	0.06829	0.09193	0.00323	0.00589	0.03990	0.03217	0.00630
10	0.01055	0.06048	0.24347	0.01147	0.03560	0.00946	0.01121	0.01380	0.01293	0.04845	0.09236	0.17373	0.16491	0.07478	0.00844	0.00231	0.00557	0.00942	0.00440	0.00667
11	0.00771	0.00590	0.00702	0.00753	0.00877	0.00532	0.00549	0.00930	0.01323	0.01699	0.14168	0.28707	0.32220	0.05542	0.00860	0.00241	0.00354	0.08113	0.00562	0.00507
12	0.01162	0.01116	0.01816	0.05324	0.07507	0.01303	0.13334	0.01381	0.01128	0.01600	0.01673	0.21984	0.01786	0.03378	0.01263	0.00248	0.29967	0.03014	0.00363	0.00651
13	0.01430	0.01793	0.16218	0.08871	0.02241	0.10165	0.12205	0.03945	0.04352	0.03959	0.01181	0.01534	0.00953	0.01135	0.09266	0.00292	0.18844	0.00545	0.00319	0.00752
14	0.00856	0.00631	0.00863	0.01028	0.03418	0.00607	0.00767	0.01046	0.01274	0.01669	0.03397	0.40037	0.08952	0.01719	0.00785	0.00253	0.00445	0.31170	0.00548	0.00533
15	0.01608	0.79220	0.03152	0.01029	0.01544	0.02380	0.01029	0.01801	0.01222	0.01415	0.00836	0.00965	0.00772	0.00515	0.00386	0.00129	0.00643	0.00322	0.00257	0.00772
16	0.01135	0.01047	0.01788	0.34623	0.07923	0.01152	0.12421	0.01546	0.05128	0.01707	0.01732	0.16317	0.01651	0.02528	0.00705	0.00217	0.00694	0.03929	0.03079	0.00677
17	0.06778	0.01031	0.01370	0.01056	0.01517	0.00908	0.00872	0.02873	0.01686	0.71829	0.02295	0.01993	0.01447	0.00735	0.00593	0.00186	0.00510	0.00591	0.00726	0.01005
18	0.00760	0.00591	0.00699	0.00773	0.00904	0.00530	0.00576	0.00914	0.01292	0.01620	0.04603	0.32906	0.37256	0.01679	0.00751	0.00230	0.00361	0.12490	0.00558	0.00508
19	0.03851	0.01198	0.06445	0.09524	0.10129	0.01105	0.08785	0.06864	0.06582	0.10122	0.10674	0.11740	0.06006	0.00907	0.00638	0.00197	0.00585	0.00812	0.03069	0.00767
20	0.01350	0.05433	0.01910	0.44117	0.16362	0.01420	0.01526	0.04838	0.09308	0.03767	0.01329	0.01770	0.01044	0.00647	0.00596	0.00194	0.00721	0.02543	0.00345	0.00778
21	0.01000	0.01980	0.42932	0.01331	0.01847	0.01000	0.01495	0.01438	0.01218	0.01744	0.02057	0.35020	0.02168	0.01146	0.00657	0.00214	0.00653	0.00998	0.00387	0.00714
22	0.83108	0.01163	0.00884	0.00791	0.01163	0.01350	0.00651	0.01768	0.01024	0.02699	0.00838	0.00977	0.00651	0.00558	0.00372	0.00186	0.00465	0.00326	0.00372	0.00651

[dist]
# distance from previous block
# <min> <max>
0	1

[block]
# block no. 10 follows, 38 sequences, length 64
# corresponding to MSA columns:
# 578-585,593-641,647-653
name=unknown_K
#
# <colnr> <probs for GDERKNQSTAVLIFYWHMCP>
#	G	D	E	R	K	N	Q	S	T	A	V	L	I	F	Y	W	H	M	C	P
0	0.00830	0.00647	0.00836	0.00797	0.00964	0.00576	0.02569	0.01050	0.01474	0.02001	0.37241	0.20509	0.21112	0.01377	0.00708	0.00199	0.00332	0.01215	0.00589	0.04973
1	0.12967	0.06542	0.05601	0.01382	0.05036	0.05275	0.01124	0.10466	0.05134	0.04285	0.01327	0.06436	0.01190	0.00954	0.02710	0.00227	0.23700	0.02481	0.02420	0.00745
2	0.01688	0.01933	0.09864	0.02124	0.12439	0.16081	0.25322	0.07644	0.10393	0.04530	0.01341	0.01540	0.01016	0.00602	0.00624	0.00187	0.00865	0.00576	0.00374	0.00857
3	0.00805	0.00575	0.00781	0.00920	0.00987	0.00551	0.00684	0.00963	0.01223	0.01617	0.03276	0.56500	0.03820	0.01816	0.00787	0.00254	0.00412	0.22960	0.00557	0.00509
4	0.04343	0.05190	0.01664	0.01327	0.04687	0.03546	0.01035	0.31804	0.18028	0.02816	0.01503	0.01536	0.01139	0.00676	0.00597	0.00168	0.02892	0.00516	0.00505	0.16027
5	0.01421	0.22703	0.09266	0.01239	0.01675	0.05396	0.09065	0.03940	0.03351	0.06476	0.05495	0.10043	0.05970	0.00981	0.04129	0.00208	0.00681	0.00678	0.00398	0.06886
6	0.03193	0.23923	0.33650	0.01480	0.02132	0.01682	0.07434	0.05728	0.03389	0.05415	0.01127	0.01282	0.00858	0.00586	0.00575	0.00173	0.03351	0.00449	0.00317	0.03254
7	0.04069	0.02478	0.51805	0.01515	0.02266	0.01298	0.01798	0.05904	0.01453	0.19651	0.01401	0.01457	0.00947	0.00621	0.00575	0.00189	0.00774	0.00485	0.00393	0.00921
8	0.00773	0.00571	0.00726	0.00805	0.00899	0.00525	0.00578	0.00935	0.01318	0.01745	0.17727	0.45091	0.16734	0.01674	0.00752	0.00229	0.00346	0.07480	0.00578	0.00513
9	0.01299	0.03431	0.05137	0.44866	0.26309	0.03227	0.03885	0.01690	0.01278	0.01694	0.01084	0.01525	0.00850	0.00575	0.00594	0.00190	0.00787	0.00527	0.00278	0.00775
10	0.03258	0.01347	0.07604	0.15497	0.04658	0.05419	0.04857	0.11027	0.02912	0.04113	0.04773	0.01728	0.01194	0.01170	0.05156	0.14860	0.08823	0.00559	0.00361	0.00683
11	0.02662	0.01083	0.01433	0.01098	0.01565	0.00972	0.00907	0.09204	0.01821	0.69111	0.02290	0.01994	0.01447	0.00743	0.00605	0.00186	0.00525	0.00599	0.00732	0.01024
12	0.01082	0.00557	0.00574	0.00588	0.00718	0.00553	0.00434	0.01345	0.01251	0.02172	0.02098	0.09883	0.01786	0.00820	0.00455	0.00151	0.00287	0.00676	0.74015	0.00553
