[name]
unknown

[dist]
# distance from previous block
# <min> <max>
0	149

[block]
# block no. 0 follows, 52 sequences, length 13
# corresponding to MSA columns:
# 161-173
name=unknown_A
#
# <colnr> <probs for GDERKNQSTAVLIFYWHMCP>
#	G	D	E	R	K	N	Q	S	T	A	V	L	I	F	Y	W	H	M	C	P
0	0.00625	0.00461	0.00565	0.00629	0.00694	0.00430	0.00439	0.00719	0.00948	0.01223	0.02980	0.42038	0.21243	0.14753	0.02783	0.00249	0.00342	0.08073	0.00420	0.00387
1	0.00616	0.00477	0.00561	0.00572	0.00689	0.00422	0.00417	0.00767	0.01159	0.01514	0.30377	0.21207	0.37066	0.01208	0.00582	0.00167	0.00247	0.01049	0.00479	0.00422
2	0.04211	0.01929	0.01553	0.01402	0.06493	0.52706	0.08642	0.11368	0.01406	0.01510	0.00827	0.00978	0.00667	0.00508	0.00499	0.00137	0.03907	0.00364	0.00278	0.00614
3	0.01274	0.42241	0.08452	0.03844	0.06380	0.11237	0.03841	0.01643	0.11197	0.01368	0.03684	0.01107	0.00886	0.00484	0.00397	0.00127	0.00569	0.00361	0.00265	0.00643
4	0.00694	0.00514	0.00754	0.00754	0.00832	0.00592	0.00575	0.00849	0.00771	0.01107	0.01321	0.02030	0.01266	0.11523	0.73236	0.00748	0.01216	0.00538	0.00263	0.00419
5	0.00640	0.00477	0.00585	0.00614	0.00714	0.00444	0.00450	0.00786	0.01075	0.01430	0.20214	0.25208	0.26570	0.03559	0.07545	0.00232	0.00358	0.05230	0.03450	0.00418
6	0.00682	0.00487	0.00639	0.00744	0.02697	0.00466	0.00494	0.00844	0.05008	0.03280	0.04931	0.68801	0.04477	0.03177	0.00643	0.00197	0.00299	0.01252	0.00450	0.00433
7	0.01089	0.00971	0.01013	0.01019	0.06359	0.13164	0.00731	0.10003	0.08808	0.01557	0.03390	0.07079	0.01298	0.01835	0.32041	0.00393	0.00823	0.00536	0.07340	0.00552
8	0.01020	0.06031	0.01149	0.08153	0.04689	0.08823	0.02557	0.05084	0.04846	0.04125	0.02641	0.06079	0.02760	0.02015	0.37323	0.00437	0.00898	0.00531	0.00304	0.00534
9	0.37538	0.00971	0.01170	0.12245	0.15165	0.01038	0.02328	0.03158	0.00965	0.01809	0.00793	0.00996	0.00635	0.00449	0.00416	0.00138	0.02940	0.00335	0.00276	0.16636
10	0.54284	0.01231	0.03494	0.01049	0.07465	0.05583	0.00785	0.14007	0.01209	0.02281	0.00921	0.01082	0.00732	0.00555	0.00417	0.00168	0.00498	0.00355	0.00362	0.03521
11	0.04527	0.06856	0.05999	0.01610	0.20543	0.01333	0.03409	0.28894	0.06165	0.13354	0.01307	0.01411	0.00983	0.00608	0.00522	0.00169	0.00572	0.00472	0.00434	0.00833
12	0.01116	0.01007	0.06084	0.05502	0.11176	0.00956	0.00884	0.03025	0.26115	0.01866	0.11198	0.05209	0.08732	0.00840	0.00559	0.00182	0.00444	0.05491	0.08932	0.00683

[dist]
# distance from previous block
# <min> <max>
3	46

[block]
# block no. 1 follows, 52 sequences, length 18
# corresponding to MSA columns:
# 235-252
name=unknown_B
#
# <colnr> <probs for GDERKNQSTAVLIFYWHMCP>
#	G	D	E	R	K	N	Q	S	T	A	V	L	I	F	Y	W	H	M	C	P
0	0.01204	0.66381	0.02239	0.00861	0.01201	0.01724	0.00822	0.01357	0.00939	0.01141	0.00745	0.00936	0.00693	0.00836	0.10049	0.00193	0.07569	0.00304	0.00214	0.00591
1	0.01137	0.01082	0.01840	0.13179	0.65974	0.01114	0.01425	0.01424	0.01070	0.01515	0.00924	0.01247	0.00774	0.00599	0.04504	0.00178	0.00621	0.00436	0.00238	0.00721
2	0.01306	0.01198	0.01263	0.15593	0.01697	0.10160	0.00927	0.13240	0.41221	0.01898	0.01451	0.01479	0.01096	0.00607	0.00539	0.00159	0.04587	0.00478	0.00401	0.00699
3	0.01296	0.83261	0.02539	0.00829	0.01244	0.01917	0.00829	0.01451	0.00985	0.01140	0.00674	0.00777	0.00622	0.00415	0.00311	0.00104	0.00518	0.00259	0.00207	0.00622
4	0.00734	0.00594	0.00785	0.09723	0.01073	0.00642	0.00611	0.03506	0.00981	0.01294	0.04799	0.23162	0.20434	0.08359	0.13070	0.00295	0.07024	0.02107	0.00366	0.00440
5	0.01296	0.83261	0.02539	0.00829	0.01244	0.01917	0.00829	0.01451	0.00985	0.01140	0.00674	0.00777	0.00622	0.00415	0.00311	0.00104	0.00518	0.00259	0.00207	0.00622
6	0.00648	0.00494	0.00596	0.00570	0.00701	0.00441	0.00428	0.00842	0.01283	0.01733	0.54858	0.03966	0.29536	0.01069	0.00572	0.00156	0.00234	0.00925	0.00506	0.00441
7	0.00743	0.00507	0.00586	0.00584	0.00730	0.00440	0.00431	0.00874	0.01119	0.08906	0.12460	0.23174	0.45257	0.01211	0.00576	0.00169	0.00268	0.01041	0.00474	0.00450
8	0.00969	0.00906	0.01521	0.50637	0.25844	0.01034	0.01302	0.01258	0.01005	0.01341	0.01049	0.09036	0.00927	0.00568	0.00496	0.00160	0.00590	0.00521	0.00245	0.00593
9	0.01061	0.07963	0.67826	0.01341	0.02009	0.01186	0.04092	0.04201	0.01077	0.03605	0.00897	0.01036	0.00641	0.00463	0.00455	0.00150	0.00692	0.00364	0.00226	0.00714
10	0.01604	0.02063	0.06034	0.01292	0.01534	0.59328	0.04063	0.01762	0.01234	0.01217	0.00745	0.00932	0.00630	0.00555	0.00645	0.00143	0.15064	0.00345	0.00240	0.00569
11	0.01015	0.00999	0.01396	0.01215	0.01218	0.01380	0.01002	0.01119	0.00760	0.01173	0.00830	0.08854	0.00882	0.00912	0.01498	0.00211	0.74269	0.00515	0.00235	0.00517
12	0.00984	0.00955	0.01686	0.60869	0.15208	0.01104	0.09683	0.01311	0.01009	0.01326	0.00882	0.01279	0.00675	0.00468	0.00493	0.00159	0.00654	0.00446	0.00222	0.00587
13	0.00705	0.00470	0.00529	0.00529	0.00529	0.00470	0.00294	0.00705	0.00705	0.00940	0.01527	0.03171	0.01762	0.82969	0.02467	0.00470	0.00470	0.00705	0.00294	0.00294
14	0.00595	0.00435	0.00559	0.00649	0.00699	0.00400	0.00441	0.00693	0.00978	0.01292	0.07978	0.68233	0.12370	0.01449	0.00610	0.00190	0.00273	0.01303	0.00455	0.00400
15	0.00842	0.00421	0.00631	0.00631	0.00631	0.00421	0.00421	0.00631	0.00631	0.00842	0.00842	0.01473	0.00842	0.01684	0.01894	0.85901	0.00421	0.00421	0.00210	0.00210
16	0.01345	0.31749	0.17817	0.08201	0.04806	0.17723	0.01116	0.04828	0.03289	0.03750	0.00848	0.00979	0.00678	0.00467	0.00406	0.00130	0.00638	0.00334	0.00249	0.00646
17	0.03143	0.39353	0.40067	0.01136	0.01696	0.01490	0.04154	0.01495	0.01005	0.01370	0.00780	0.00916	0.00620	0.00437	0.00392	0.00131	0.00621	0.00319	0.00210	0.00666

[dist]
# distance from previous block
# <min> <max>
2	6

[block]
# block no. 2 follows, 52 sequences, length 32
# corresponding to MSA columns:
# 259-290
name=unknown_C
#
# <colnr> <probs for GDERKNQSTAVLIFYWHMCP>
#	G	D	E	R	K	N	Q	S	T	A	V	L	I	F	Y	W	H	M	C	P
0	0.05168	0.17320	0.10353	0.00911	0.01301	0.03099	0.02995	0.01628	0.10502	0.12419	0.07433	0.01478	0.01201	0.00538	0.00426	0.00128	0.00460	0.02575	0.00353	0.19714
1	0.01073	0.25127	0.08668	0.09093	0.04212	0.06332	0.06940	0.01368	0.04796	0.01349	0.01379	0.09628	0.01360	0.00733	0.00486	0.00157	0.00553	0.15870	0.00299	0.00575
2	0.05914	0.01244	0.01222	0.01030	0.01341	0.07823	0.00819	0.31672	0.36759	0.02340	0.01512	0.03727	0.01156	0.00629	0.00479	0.00154	0.00478	0.00494	0.00459	0.00749
3	0.00842	0.00421	0.00631	0.00631	0.00631	0.00421	0.00421	0.00631	0.00631	0.00842	0.00842	0.01473	0.00842	0.01684	0.01894	0.85901	0.00421	0.00421	0.00210	0.00210
4	0.15127	0.04806	0.61372	0.01218	0.01841	0.01127	0.01504	0.01549	0.01005	0.04993	0.00876	0.01003	0.00624	0.00463	0.00430	0.00151	0.00640	0.00345	0.00237	0.00686
5	0.01233	0.01394	0.17887	0.02179	0.43025	0.02415	0.07759	0.01593	0.02794	0.09592	0.03567	0.02411	0.00945	0.00491	0.00489	0.00149	0.00594	0.00462	0.00288	0.00735
6	0.01098	0.02317	0.05846	0.33196	0.24891	0.03540	0.18164	0.01432	0.01066	0.02489	0.00910	0.01241	0.00705	0.00453	0.00497	0.00154	0.00669	0.00453	0.00234	0.00644
7	0.00602	0.00430	0.00565	0.00668	0.00700	0.00403	0.00448	0.00686	0.00925	0.01228	0.02659	0.73808	0.05092	0.06251	0.00726	0.00213	0.00296	0.03470	0.00441	0.00390
8	0.02160	0.00847	0.01139	0.00873	0.01248	0.00746	0.00721	0.05609	0.01425	0.76981	0.01880	0.01629	0.01184	0.00599	0.00487	0.00150	0.00418	0.00485	0.00595	0.00825
9	0.01132	0.01074	0.01824	0.10305	0.66782	0.01098	0.01404	0.01412	0.01071	0.01520	0.00974	0.03540	0.00845	0.00615	0.04194	0.00176	0.00607	0.00462	0.00244	0.00720
10	0.01154	0.01111	0.01901	0.14817	0.62712	0.01145	0.04684	0.01485	0.03423	0.01543	0.00939	0.01236	0.00769	0.00446	0.00485	0.00148	0.00591	0.00441	0.00244	0.00728
11	0.00692	0.00519	0.00779	0.00779	0.00865	0.00606	0.00606	0.00865	0.00779	0.01125	0.01298	0.01904	0.01211	0.03634	0.81049	0.00779	0.01298	0.00519	0.00260	0.00433
12	0.00733	0.00538	0.00797	0.00785	0.00858	0.00633	0.00607	0.00862	0.00765	0.01109	0.01217	0.01808	0.01140	0.03214	0.66683	0.09815	0.05756	0.00502	0.01760	0.00415
13	0.01348	0.71162	0.02372	0.03160	0.01334	0.07739	0.00856	0.05021	0.01073	0.01234	0.00707	0.00817	0.00632	0.00431	0.00333	0.00109	0.00549	0.00276	0.00223	0.00624
14	0.01171	0.01123	0.01916	0.10779	0.72362	0.01144	0.01473	0.01463	0.01090	0.01549	0.00907	0.01209	0.00756	0.00437	0.00480	0.00146	0.00583	0.00432	0.00237	0.00745
15	0.00590	0.00422	0.00562	0.00675	0.00703	0.00394	0.00450	0.00675	0.00928	0.01237	0.02671	0.82653	0.03205	0.01518	0.00619	0.00197	0.00281	0.01378	0.00450	0.00394
16	0.00703	0.00477	0.00564	0.00564	0.00576	0.00489	0.00338	0.00727	0.00715	0.00966	0.01494	0.02992	0.01684	0.71724	0.13605	0.00514	0.00587	0.00678	0.00289	0.00313
17	0.01184	0.01136	0.01940	0.07122	0.75916	0.01147	0.01480	0.01474	0.01096	0.01565	0.00909	0.01204	0.00761	0.00435	0.00480	0.00145	0.00579	0.00432	0.00239	0.00756
18	0.00972	0.02507	0.80458	0.01381	0.02097	0.01125	0.01790	0.01535	0.01023	0.01535	0.00870	0.01023	0.00614	0.00460	0.00460	0.00153	0.00716	0.00358	0.00205	0.00716
19	0.00693	0.00517	0.00766	0.00766	0.00848	0.00599	0.00590	0.00857	0.00775	0.01115	0.01310	0.01970	0.01240	0.07760	0.76962	0.00763	0.01255	0.00529	0.00261	0.00425
20	0.00980	0.00553	0.00563	0.00535	0.00677	0.00575	0.00408	0.05395	0.08015	0.01893	0.01593	0.01772	0.01241	0.00574	0.00360	0.00119	0.00256	0.00459	0.73532	0.00500
21	0.00582	0.00489	0.00505	0.00507	0.00662	0.00412	0.00378	0.00711	0.01118	0.01354	0.10422	0.07428	0.71336	0.01220	0.00574	0.00164	0.00246	0.01025	0.00456	0.00412
22	0.03705	0.00791	0.00953	0.00768	0.01060	0.00761	0.00623	0.12504	0.03033	0.41894	0.01678	0.01613	0.01151	0.00584	0.00437	0.00138	0.00370	0.00465	0.26769	0.00701
23	0.01296	0.83261	0.02539	0.00829	0.01244	0.01917	0.00829	0.01451	0.00985	0.01140	0.00674	0.00777	0.00622	0.00415	0.00311	0.00104	0.00518	0.00259	0.00207	0.00622
24	0.00598	0.00427	0.00572	0.00684	0.00716	0.00401	0.00464	0.00689	0.00936	0.01246	0.02667	0.79393	0.03188	0.01511	0.00621	0.00198	0.00288	0.04558	0.00450	0.00396
25	0.01662	0.01229	0.01350	0.04493	0.01507	0.01366	0.00894	0.54056	0.18228	0.06284	0.01384	0.01418	0.01013	0.00610	0.00491	0.00152	0.00499	0.02093	0.00480	0.00792
26	0.00923	0.00858	0.01471	0.48768	0.13338	0.00986	0.06558	0.01213	0.00984	0.01305	0.01102	0.06224	0.00971	0.00893	0.08762	0.00227	0.00685	0.03927	0.00249	0.00555
27	0.00704	0.00535	0.00794	0.00787	0.00868	0.00630	0.00611	0.00870	0.00775	0.01121	0.01284	0.01916	0.01210	0.05979	0.76104	0.00751	0.03849	0.00522	0.00259	0.00432
28	0.01173	0.01124	0.01919	0.10410	0.72720	0.01144	0.01474	0.01464	0.01091	0.01551	0.00907	0.01208	0.00756	0.00437	0.00480	0.00146	0.00582	0.00432	0.00238	0.00746
29	0.01051	0.06828	0.61207	0.01405	0.05897	0.01185	0.02817	0.03865	0.01052	0.02952	0.00887	0.01059	0.00655	0.00550	0.02238	0.00166	0.04888	0.00371	0.00224	0.00702
30	0.01746	0.02181	0.01391	0.01329	0.05747	0.72533	0.00957	0.01944	0.05399	0.01251	0.00822	0.00940	0.00676	0.00504	0.00442	0.00128	0.00832	0.00331	0.00262	0.00584
31	0.01198	0.01155	0.01990	0.02951	0.77958	0.01153	0.03457	0.01489	0.01104	0.01582	0.00913	0.01202	0.00767	0.00431	0.00482	0.00144	0.00582	0.00435	0.00240	0.00765

[dist]
# distance from previous block
# <min> <max>
0	1

[block]
# block no. 3 follows, 52 sequences, length 28
# corresponding to MSA columns:
# 322-349
name=unknown_D
#
# <colnr> <probs for GDERKNQSTAVLIFYWHMCP>
#	G	D	E	R	K	N	Q	S	T	A	V	L	I	F	Y	W	H	M	C	P
0	0.00652	0.00486	0.00568	0.00554	0.00656	0.00444	0.00391	0.00791	0.01121	0.01492	0.35998	0.05525	0.27784	0.20255	0.01016	0.00231	0.00292	0.00893	0.00449	0.00402
1	0.39450	0.00874	0.00942	0.00763	0.01104	0.00878	0.00629	0.01947	0.01138	0.45710	0.01364	0.01268	0.00901	0.00533	0.00404	0.00150	0.00396	0.00388	0.00467	0.00692
2	0.00703	0.00542	0.00624	0.00686	0.00754	0.03330	0.00497	0.00807	0.00961	0.01226	0.02635	0.31711	0.13775	0.20403	0.01049	0.00259	0.00380	0.18860	0.00405	0.00391
3	0.00915	0.00861	0.01453	0.81804	0.03338	0.01077	0.01346	0.01238	0.00969	0.01238	0.00861	0.01292	0.00646	0.00484	0.00484	0.00161	0.00646	0.00431	0.00215	0.00538
4	0.00846	0.00476	0.00727	0.10457	0.00955	0.00502	0.00528	0.00707	0.00675	0.00893	0.00869	0.01512	0.00851	0.04440	0.01744	0.72469	0.00450	0.00432	0.00214	0.00253
5	0.11265	0.00871	0.01364	0.71976	0.03047	0.01078	0.01246	0.01261	0.00952	0.01352	0.00839	0.01231	0.00631	0.00480	0.00462	0.00160	0.00613	0.00410	0.00226	0.00537
6	0.01041	0.00759	0.00863	0.00775	0.00987	0.00795	0.00604	0.01644	0.29553	0.11244	0.17105	0.02898	0.24144	0.00882	0.00581	0.00162	0.04140	0.00730	0.00488	0.00604
7	0.00947	0.03983	0.63088	0.01355	0.03691	0.01061	0.05699	0.01429	0.01019	0.01492	0.01090	0.10921	0.00938	0.00584	0.00483	0.00158	0.00661	0.00492	0.00237	0.00673
8	0.02679	0.03073	0.01931	0.06185	0.46441	0.05404	0.12636	0.06333	0.05618	0.01657	0.00976	0.01214	0.00785	0.00455	0.00483	0.00145	0.00607	0.00443	0.00271	0.02661
9	0.01077	0.02367	0.70892	0.01349	0.02025	0.01171	0.01685	0.10834	0.01175	0.01719	0.00905	0.01040	0.00639	0.00475	0.00463	0.00152	0.00694	0.00368	0.00239	0.00729
10	0.00680	0.00486	0.00626	0.00606	0.00698	0.00453	0.00437	0.00868	0.01252	0.01759	0.63406	0.10563	0.04111	0.10964	0.00805	0.00195	0.00262	0.00900	0.00497	0.00432
11	0.00676	0.00504	0.00598	0.00582	0.00708	0.00459	0.00434	0.00844	0.03648	0.01534	0.34337	0.03787	0.35496	0.01172	0.00732	0.10542	0.00269	0.02806	0.00456	0.00417
12	0.03285	0.07099	0.11159	0.00956	0.01272	0.07135	0.00844	0.25174	0.07393	0.04956	0.08621	0.05190	0.03315	0.10622	0.00718	0.00186	0.00508	0.00539	0.00392	0.00638
13	0.76150	0.01103	0.00792	0.00711	0.01005	0.10766	0.00575	0.01486	0.00891	0.02055	0.00684	0.00798	0.00537	0.00456	0.00316	0.00147	0.00435	0.00268	0.00294	0.00529
14	0.01303	0.01102	0.01770	0.05525	0.61561	0.02502	0.01327	0.01610	0.03799	0.11101	0.01159	0.01355	0.02721	0.00482	0.00483	0.00146	0.00549	0.00454	0.00296	0.00754
15	0.86392	0.00937	0.00712	0.00637	0.00937	0.01087	0.00525	0.01425	0.00825	0.02174	0.00675	0.00787	0.00525	0.00450	0.00300	0.00150	0.00375	0.00262	0.00300	0.00525
16	0.01139	0.01294	0.02787	0.02002	0.02466	0.01239	0.74106	0.01532	0.01123	0.01532	0.00962	0.01294	0.00730	0.00432	0.00626	0.00166	0.05116	0.00564	0.00243	0.00647
17	0.00705	0.00470	0.00529	0.00529	0.00529	0.00470	0.00294	0.00705	0.00705	0.00940	0.01527	0.03171	0.01762	0.82969	0.02467	0.00470	0.00470	0.00705	0.00294	0.00294
18	0.01032	0.00920	0.05230	0.00941	0.01176	0.00872	0.10409	0.15825	0.10748	0.01728	0.07163	0.07719	0.09917	0.21057	0.01006	0.00236	0.00470	0.00684	0.02314	0.00553
19	0.00903	0.00452	0.00452	0.00452	0.00565	0.00452	0.00339	0.01129	0.01016	0.01807	0.01581	0.01807	0.01242	0.00565	0.00339	0.00113	0.00226	0.00452	0.85659	0.00452
20	0.80908	0.00945	0.00748	0.00659	0.00964	0.01085	0.00543	0.03595	0.00886	0.05107	0.00734	0.00830	0.00558	0.00459	0.00312	0.00150	0.00381	0.00276	0.00316	0.00544
21	0.04869	0.03540	0.14860	0.01210	0.01569	0.48576	0.01057	0.13860	0.01429	0.03448	0.00858	0.00958	0.00664	0.00505	0.00442	0.00134	0.00757	0.00341	0.00288	0.00635
22	0.01128	0.01075	0.01821	0.14866	0.60404	0.01109	0.03228	0.01448	0.03251	0.01543	0.02899	0.03179	0.00917	0.00484	0.00489	0.00149	0.00572	0.00471	0.00255	0.00713
23	0.01095	0.00956	0.01425	0.16624	0.25733	0.02962	0.01101	0.02703	0.03472	0.05365	0.01105	0.01428	0.02446	0.01051	0.13189	0.00257	0.14581	0.00460	0.03434	0.00612
24	0.00903	0.00452	0.00452	0.00452	0.00565	0.00452	0.00339	0.01129	0.01016	0.01807	0.01581	0.01807	0.01242	0.00565	0.00339	0.00113	0.00226	0.00452	0.85659	0.00452
25	0.06959	0.17870	0.23042	0.01143	0.04022	0.09332	0.03048	0.08710	0.11128	0.01655	0.01072	0.05365	0.00888	0.00541	0.00433	0.00141	0.00574	0.00418	0.00296	0.03363
26	0.01235	0.03536	0.39820	0.03252	0.08865	0.04754	0.01325	0.05255	0.05268	0.12972	0.04884	0.03427	0.02146	0.00558	0.00476	0.00151	0.00594	0.00454	0.00321	0.00706
27	0.03636	0.02857	0.07059	0.17032	0.30275	0.04212	0.09220	0.09416	0.04931	0.03537	0.01022	0.01306	0.00807	0.00492	0.00484	0.00151	0.00608	0.01975	0.00285	0.00692

[dist]
# distance from previous block
# <min> <max>
0	1

[block]
# block no. 4 follows, 52 sequences, length 25
# corresponding to MSA columns:
# 351-375
name=unknown_E
#
# <colnr> <probs for GDERKNQSTAVLIFYWHMCP>
#	G	D	E	R	K	N	Q	S	T	A	V	L	I	F	Y	W	H	M	C	P
0	0.01161	0.25826	0.46084	0.01170	0.01730	0.07152	0.01364	0.01575	0.02959	0.03661	0.02615	0.01036	0.00743	0.00471	0.00419	0.00137	0.00643	0.00346	0.00234	0.00676
1	0.41929	0.11902	0.03966	0.00933	0.03434	0.18990	0.02060	0.03262	0.03652	0.01775	0.02109	0.00944	0.00694	0.00477	0.00363	0.00138	0.00528	0.00314	0.01959	0.00573
2	0.00590	0.00422	0.00562	0.00675	0.00703	0.00394	0.00450	0.00675	0.00928	0.01237	0.02671	0.82653	0.03205	0.01518	0.00619	0.00197	0.00281	0.01378	0.00450	0.00394
3	0.01098	0.01071	0.01647	0.40075	0.35383	0.05415	0.01353	0.01450	0.05115	0.01422	0.00934	0.01257	0.00739	0.00472	0.00480	0.00152	0.00615	0.00431	0.00242	0.00648
4	0.01656	0.01265	0.01350	0.01077	0.01432	0.01416	0.00876	0.56182	0.24730	0.02754	0.01400	0.01352	0.01016	0.00604	0.00487	0.00151	0.00489	0.00469	0.00487	0.00807
5	0.00842	0.00421	0.00631	0.00631	0.00631	0.00421	0.00421	0.00631	0.00631	0.00842	0.00842	0.01473	0.00842	0.01684	0.01894	0.85901	0.00421	0.00421	0.00210	0.00210
6	0.00972	0.02507	0.80458	0.01381	0.02097	0.01125	0.01790	0.01535	0.01023	0.01535	0.00870	0.01023	0.00614	0.00460	0.00460	0.00153	0.00716	0.00358	0.00205	0.00716
7	0.00676	0.00493	0.00635	0.00603	0.00719	0.00452	0.00451	0.00893	0.01342	0.01881	0.72554	0.05611	0.09835	0.01020	0.00573	0.00154	0.00231	0.00899	0.00526	0.00452
8	0.01745	0.02208	0.01330	0.01218	0.01455	0.76687	0.00910	0.01867	0.01349	0.01189	0.00852	0.05272	0.00763	0.00554	0.00447	0.00129	0.00842	0.00369	0.00260	0.00553
9	0.00705	0.00470	0.00529	0.00529	0.00529	0.00470	0.00294	0.00705	0.00705	0.00940	0.01527	0.03171	0.01762	0.82969	0.02467	0.00470	0.00470	0.00705	0.00294	0.00294
10	0.32674	0.00908	0.01024	0.04840	0.05697	0.00945	0.00714	0.08893	0.01215	0.29935	0.04895	0.01343	0.01025	0.00545	0.00417	0.00149	0.00416	0.00411	0.03285	0.00668
11	0.00692	0.00519	0.00779	0.00779	0.00865	0.00606	0.00606	0.00865	0.00779	0.01125	0.01298	0.01904	0.01211	0.03634	0.81049	0.00779	0.01298	0.00519	0.00260	0.00433
12	0.00888	0.00746	0.02107	0.04250	0.07354	0.00726	0.06154	0.04629	0.07535	0.03434	0.26035	0.05803	0.18429	0.03230	0.00623	0.00169	0.01977	0.03504	0.01871	0.00537
13	0.00972	0.02507	0.80458	0.01381	0.02097	0.01125	0.01790	0.01535	0.01023	0.01535	0.00870	0.01023	0.00614	0.00460	0.00460	0.00153	0.00716	0.00358	0.00205	0.00716
14	0.07402	0.01212	0.06465	0.07957	0.10333	0.05131	0.13361	0.01331	0.00924	0.01380	0.00829	0.03790	0.00742	0.00656	0.00966	0.00180	0.36064	0.00459	0.00236	0.00585
15	0.66608	0.07450	0.06420	0.00776	0.01115	0.06123	0.02614	0.01469	0.00893	0.01974	0.00700	0.00821	0.00550	0.00450	0.00327	0.00145	0.00451	0.00280	0.00282	0.00551
16	0.05860	0.01959	0.53866	0.01275	0.01842	0.01047	0.07953	0.01523	0.05469	0.03341	0.06156	0.05407	0.01069	0.00558	0.00478	0.00157	0.00626	0.00470	0.00272	0.00672
17	0.01144	0.01084	0.01799	0.06653	0.63240	0.01108	0.01371	0.01416	0.01072	0.01534	0.00985	0.01430	0.00867	0.00506	0.00548	0.00150	0.05198	0.04773	0.00251	0.04871
18	0.01094	0.01039	0.01762	0.23890	0.55653	0.01095	0.01399	0.01381	0.01059	0.01474	0.00984	0.05190	0.00854	0.00499	0.00488	0.00151	0.00580	0.00478	0.00244	0.00688
19	0.01793	0.02230	0.01419	0.01263	0.01527	0.74514	0.03097	0.06033	0.01416	0.01297	0.00778	0.00902	0.00638	0.00501	0.00443	0.00127	0.00854	0.00326	0.00262	0.00578
20	0.02102	0.00864	0.01140	0.00882	0.01252	0.00781	0.00726	0.06233	0.05863	0.71896	0.01877	0.01634	0.01196	0.00602	0.00488	0.00151	0.00417	0.00488	0.00588	0.00821
21	0.00590	0.00422	0.00562	0.00675	0.00703	0.00394	0.00450	0.00675	0.00928	0.01237	0.02671	0.82653	0.03205	0.01518	0.00619	0.00197	0.00281	0.01378	0.00450	0.00394
22	0.00681	0.00495	0.00641	0.00605	0.00721	0.00455	0.00454	0.00906	0.01361	0.01918	0.76665	0.03662	0.07614	0.01000	0.00572	0.00153	0.00229	0.00882	0.00530	0.00455
23	0.01199	0.01151	0.01967	0.02974	0.79946	0.01151	0.01487	0.01487	0.01103	0.01583	0.00912	0.01199	0.00768	0.00432	0.00480	0.00144	0.00576	0.00432	0.00240	0.00768
24	0.00664	0.00487	0.00608	0.00674	0.00744	0.00462	0.00467	0.05118	0.01048	0.01384	0.06613	0.64466	0.12648	0.01403	0.00603	0.00188	0.00289	0.01255	0.00456	0.00423

[dist]
# distance from previous block
# <min> <max>
7	11

[block]
# block no. 5 follows, 52 sequences, length 23
# corresponding to MSA columns:
# 387-409
name=unknown_F
#
# <colnr> <probs for GDERKNQSTAVLIFYWHMCP>
#	G	D	E	R	K	N	Q	S	T	A	V	L	I	F	Y	W	H	M	C	P
0	0.00961	0.07198	0.05669	0.02910	0.06182	0.02559	0.00735	0.08457	0.01009	0.02214	0.02888	0.03469	0.03587	0.23335	0.20659	0.00390	0.04347	0.02630	0.00301	0.00500
1	0.01215	0.01220	0.01870	0.08648	0.59730	0.08189	0.04656	0.01489	0.01109	0.01506	0.00932	0.01290	0.00794	0.00476	0.00516	0.00148	0.02840	0.02418	0.00244	0.00712
2	0.00645	0.00476	0.00609	0.00702	0.00752	0.00465	0.00478	0.00842	0.07821	0.01307	0.02609	0.75521	0.03053	0.01442	0.00607	0.00194	0.00290	0.01304	0.00454	0.00427
3	0.01810	0.02310	0.01373	0.01248	0.01498	0.81024	0.00936	0.01935	0.01373	0.01186	0.00749	0.00874	0.00624	0.00499	0.00437	0.00125	0.00874	0.00312	0.00250	0.00562
4	0.00749	0.00556	0.00769	0.00758	0.00836	0.00632	0.00570	0.03941	0.00845	0.01201	0.01429	0.09151	0.01432	0.14830	0.54509	0.00622	0.04045	0.00614	0.02084	0.00428
5	0.05409	0.08254	0.01477	0.11195	0.03951	0.01372	0.01008	0.01314	0.06888	0.01297	0.00821	0.01188	0.00743	0.02928	0.03100	0.00208	0.47627	0.00422	0.00242	0.00556
6	0.01303	0.01064	0.01397	0.01253	0.06192	0.01319	0.00970	0.15973	0.06657	0.08581	0.01010	0.01289	0.00844	0.03537	0.03581	0.00212	0.43410	0.00453	0.00324	0.00633
7	0.01152	0.01079	0.01868	0.20793	0.50846	0.01110	0.07910	0.01452	0.01081	0.03808	0.00933	0.01236	0.00748	0.00444	0.00485	0.00147	0.00600	0.00440	0.00247	0.03620
8	0.03662	0.01061	0.04111	0.29818	0.38602	0.01124	0.03361	0.01368	0.01020	0.01459	0.00892	0.01227	0.00720	0.00484	0.00549	0.00155	0.06159	0.00428	0.03152	0.00650
9	0.01035	0.00979	0.01562	0.36520	0.35349	0.03297	0.01274	0.01306	0.01026	0.01378	0.03369	0.01479	0.00916	0.07755	0.00659	0.00180	0.00594	0.00466	0.00243	0.00612
10	0.01135	0.05061	0.54324	0.01393	0.06516	0.01134	0.04588	0.08313	0.01159	0.06345	0.01043	0.04972	0.00805	0.00524	0.00472	0.00153	0.00650	0.00431	0.00268	0.00714
11	0.00955	0.07838	0.00862	0.00654	0.00828	0.00617	0.00513	0.01139	0.01259	0.13184	0.47203	0.05665	0.09259	0.02936	0.00618	0.02670	0.00296	0.00767	0.02229	0.00508
12	0.01074	0.00974	0.01490	0.05263	0.45835	0.01008	0.01117	0.01516	0.15361	0.01571	0.03303	0.07780	0.02926	0.07869	0.00672	0.00182	0.00496	0.00572	0.00318	0.00673
13	0.01235	0.01019	0.01600	0.27214	0.32021	0.01076	0.02872	0.08150	0.02723	0.08958	0.02210	0.01305	0.00842	0.00485	0.00478	0.00146	0.00561	0.00439	0.00300	0.06366
14	0.02805	0.01072	0.03751	0.05314	0.27604	0.03590	0.04570	0.12148	0.06717	0.01736	0.02564	0.12995	0.04496	0.00683	0.00535	0.00155	0.03174	0.00599	0.02017	0.03477
15	0.01180	0.01100	0.04082	0.10083	0.45443	0.01089	0.02827	0.04650	0.10563	0.04272	0.04502	0.01460	0.02649	0.00514	0.00485	0.00147	0.00533	0.00474	0.00307	0.03638
16	0.01274	0.08336	0.01599	0.17329	0.26850	0.06013	0.02307	0.10957	0.02770	0.06751	0.02806	0.04583	0.02652	0.00554	0.00471	0.00146	0.00550	0.00478	0.02906	0.00668
17	0.03008	0.01159	0.05481	0.18311	0.28644	0.05530	0.03021	0.11050	0.04217	0.03742	0.01204	0.05743	0.02600	0.00571	0.00486	0.00152	0.00566	0.01660	0.02186	0.00668
18	0.04041	0.06207	0.10892	0.09082	0.26799	0.04145	0.04227	0.09008	0.06442	0.05299	0.02254	0.03254	0.02181	0.00531	0.00486	0.00148	0.01784	0.00455	0.00305	0.02462
19	0.01222	0.06341	0.10716	0.19250	0.20230	0.10322	0.03219	0.09451	0.06396	0.01575	0.00994	0.01269	0.00799	0.03828	0.02225	0.00172	0.00638	0.00423	0.00274	0.00656
20	0.05954	0.03146	0.06060	0.09635	0.11972	0.01128	0.03084	0.13922	0.15665	0.05362	0.03170	0.06612	0.01128	0.00615	0.00538	0.00154	0.05097	0.00505	0.00362	0.05892
21	0.07862	0.04030	0.15384	0.05184	0.15994	0.07588	0.02777	0.03965	0.12189	0.07935	0.04544	0.07147	0.01192	0.00607	0.00474	0.00153	0.00538	0.01431	0.00339	0.00667
22	0.03982	0.02515	0.14829	0.08888	0.17925	0.04122	0.10355	0.05842	0.08013	0.03793	0.04724	0.03018	0.01008	0.00546	0.00550	0.00154	0.05501	0.00471	0.00298	0.03465

[dist]
# distance from previous block
# <min> <max>
14	77

[block]
# block no. 6 follows, 52 sequences, length 19
# corresponding to MSA columns:
# 508-526
name=unknown_G
#
# <colnr> <probs for GDERKNQSTAVLIFYWHMCP>
#	G	D	E	R	K	N	Q	S	T	A	V	L	I	F	Y	W	H	M	C	P
0	0.04525	0.07728	0.19125	0.06854	0.08551	0.05948	0.03710	0.09687	0.04641	0.07378	0.07296	0.01481	0.02563	0.00554	0.00462	0.00143	0.00551	0.01915	0.00328	0.06560
1	0.06050	0.09707	0.15026	0.03297	0.02891	0.10651	0.03849	0.08176	0.10439	0.06008	0.03550	0.01466	0.06708	0.00560	0.00447	0.00138	0.00537	0.00441	0.00334	0.09727
2	0.07570	0.11832	0.18118	0.01137	0.05130	0.06102	0.01038	0.17104	0.08459	0.10755	0.03596	0.01237	0.00937	0.00544	0.00482	0.00145	0.03384	0.00407	0.01318	0.00704
3	0.06569	0.20811	0.16195	0.01075	0.06501	0.01207	0.02415	0.11218	0.02686	0.05192	0.03733	0.01396	0.07110	0.00536	0.00423	0.00130	0.00499	0.00417	0.00314	0.11574
4	0.04503	0.19714	0.21042	0.01211	0.07548	0.07625	0.03845	0.07693	0.05075	0.06458	0.07922	0.01289	0.01077	0.00521	0.00437	0.00137	0.00564	0.00410	0.00308	0.02619
5	0.03125	0.08230	0.19159	0.01365	0.11360	0.06670	0.06493	0.10172	0.09149	0.05593	0.02602	0.01328	0.00928	0.00517	0.00458	0.00141	0.00571	0.02548	0.00318	0.09276
6	0.01292	0.10784	0.24157	0.05363	0.09406	0.03561	0.02983	0.15332	0.08001	0.06923	0.03502	0.03330	0.00973	0.00543	0.00464	0.00146	0.00571	0.00441	0.00329	0.01898
7	0.16395	0.12617	0.13402	0.00991	0.03523	0.04726	0.00897	0.12045	0.06035	0.08032	0.03539	0.02943	0.00939	0.00536	0.00440	0.00138	0.02394	0.00397	0.02474	0.07537
8	0.07970	0.06431	0.12256	0.01168	0.08151	0.01027	0.06784	0.07783	0.11654	0.06154	0.11948	0.05101	0.01489	0.00616	0.00472	0.00146	0.00474	0.01670	0.00368	0.08337
9	0.07836	0.13724	0.09028	0.01217	0.08979	0.06390	0.00983	0.29015	0.09067	0.06496	0.01114	0.02141	0.00847	0.00536	0.00442	0.00142	0.00538	0.00406	0.00371	0.00728
10	0.03143	0.19285	0.38089	0.01128	0.02759	0.01254	0.01246	0.09385	0.03881	0.03482	0.02835	0.01281	0.02854	0.00520	0.00434	0.00140	0.00578	0.02198	0.00280	0.05230
11	0.05390	0.14257	0.18770	0.01175	0.03500	0.06054	0.06611	0.16248	0.06552	0.15154	0.01138	0.01175	0.00821	0.00510	0.00448	0.00143	0.00575	0.00402	0.00355	0.00722
12	0.04412	0.21016	0.15520	0.03125	0.05170	0.13997	0.03586	0.16252	0.02989	0.05931	0.00932	0.01035	0.00717	0.00499	0.00459	0.00137	0.02876	0.00364	0.00300	0.00681
13	0.04546	0.00651	0.00699	0.00665	0.00810	0.03682	0.00500	0.00999	0.04489	0.03401	0.15676	0.13890	0.29614	0.04587	0.02562	0.00189	0.05432	0.00844	0.03395	0.03369
14	0.00891	0.00543	0.03748	0.00682	0.00726	0.00496	0.00496	0.04081	0.00719	0.00966	0.00857	0.01442	0.00832	0.01588	0.01777	0.78822	0.00437	0.00419	0.00222	0.00257
15	0.03334	0.03968	0.03969	0.08296	0.40532	0.05458	0.03708	0.05516	0.08992	0.04054	0.01082	0.01278	0.00854	0.00484	0.00462	0.00144	0.00552	0.00433	0.06180	0.00705
16	0.26569	0.03822	0.10854	0.07824	0.14259	0.08129	0.11265	0.01587	0.02379	0.07702	0.00915	0.01081	0.00692	0.00464	0.00429	0.00149	0.00579	0.00382	0.00284	0.00638
17	0.07571	0.01028	0.01203	0.01115	0.10613	0.05850	0.03276	0.05903	0.06276	0.01681	0.01042	0.05948	0.00906	0.00504	0.00454	0.00115	0.03223	0.00409	0.00311	0.42572
18	0.04833	0.01008	0.06230	0.01144	0.09366	0.04030	0.07270	0.03441	0.03563	0.18459	0.09812	0.09201	0.05169	0.00667	0.00487	0.00143	0.00454	0.00582	0.00399	0.13739

[dist]
# distance from previous block
# <min> <max>
1	5

[block]
# block no. 7 follows, 52 sequences, length 19
# corresponding to MSA columns:
# 532-550
name=unknown_H
#
# <colnr> <probs for GDERKNQSTAVLIFYWHMCP>
#	G	D	E	R	K	N	Q	S	T	A	V	L	I	F	Y	W	H	M	C	P
0	0.03901	0.06945	0.10307	0.05354	0.01349	0.16035	0.00855	0.04568	0.11429	0.06694	0.18837	0.06675	0.02791	0.00706	0.00487	0.00149	0.00504	0.01433	0.00385	0.00599
1	0.13321	0.12457	0.46610	0.01104	0.01631	0.03530	0.01292	0.01438	0.01034	0.01602	0.09007	0.02909	0.01066	0.00531	0.00432	0.00146	0.00587	0.00405	0.00259	0.00638
2	0.01056	0.07997	0.39933	0.01528	0.13831	0.01134	0.08800	0.04575	0.02789	0.01603	0.05904	0.01384	0.04058	0.00517	0.00473	0.00147	0.00617	0.00446	0.00264	0.02944
3	0.01154	0.01007	0.01659	0.05425	0.53899	0.01010	0.03709	0.01438	0.03607	0.05813	0.04919	0.01613	0.01117	0.10696	0.00734	0.00187	0.00541	0.00499	0.00288	0.00684
4	0.01503	0.07701	0.04447	0.01021	0.01359	0.01318	0.00859	0.45023	0.15487	0.03710	0.01455	0.11338	0.01216	0.00693	0.00488	0.00152	0.00480	0.00556	0.00451	0.00741
5	0.00979	0.01071	0.07842	0.53108	0.10271	0.01147	0.05998	0.01296	0.00969	0.01305	0.00846	0.01234	0.00659	0.00518	0.00624	0.00166	0.10738	0.00433	0.00218	0.00580
6	0.00961	0.11274	0.61858	0.01232	0.01829	0.01123	0.01517	0.01419	0.01007	0.01454	0.01071	0.11102	0.00936	0.00586	0.00463	0.00153	0.00640	0.00473	0.00235	0.00666
7	0.01089	0.15320	0.41217	0.02863	0.03452	0.03428	0.10306	0.01515	0.03537	0.01429	0.00855	0.01050	0.00664	0.00502	0.00590	0.00153	0.10759	0.00383	0.00222	0.00666
8	0.01026	0.07831	0.54842	0.01355	0.07980	0.01073	0.01478	0.01460	0.01033	0.05389	0.01134	0.11157	0.00977	0.00593	0.00472	0.00154	0.00622	0.00490	0.00258	0.00679
9	0.00708	0.00481	0.00557	0.00570	0.00590	0.00478	0.00354	0.00739	0.00770	0.01015	0.01791	0.03503	0.05156	0.69967	0.02176	0.00428	0.00458	0.09627	0.00318	0.00316
10	0.01132	0.30952	0.32364	0.01103	0.01575	0.07635	0.04049	0.01444	0.01036	0.02591	0.01034	0.11051	0.00952	0.00578	0.00429	0.00139	0.00603	0.00455	0.00247	0.00630
11	0.01032	0.29194	0.33521	0.10196	0.01724	0.01288	0.01200	0.01350	0.00962	0.01288	0.00926	0.03137	0.00823	0.10688	0.00665	0.00178	0.00601	0.00400	0.00223	0.00604
12	0.00694	0.00511	0.00737	0.00737	0.00809	0.00583	0.00553	0.00838	0.00766	0.01094	0.01336	0.02116	0.01304	0.16933	0.67876	0.00727	0.01159	0.00550	0.00265	0.00409
13	0.00637	0.00441	0.00549	0.00615	0.00632	0.00425	0.00386	0.00687	0.00837	0.01116	0.02206	0.50346	0.02618	0.34626	0.01370	0.00308	0.00358	0.01104	0.00386	0.00353
14	0.01171	0.09954	0.35703	0.01313	0.04119	0.05027	0.11778	0.04391	0.01124	0.08675	0.01189	0.11204	0.01018	0.00598	0.00483	0.00153	0.00625	0.00518	0.00291	0.00666
15	0.04507	0.54296	0.08445	0.00861	0.01246	0.01568	0.00850	0.07455	0.01126	0.01463	0.10530	0.01214	0.01140	0.00601	0.02786	0.00139	0.00518	0.00366	0.00275	0.00616
16	0.00777	0.00681	0.00703	0.00786	0.00857	0.10407	0.00571	0.00892	0.01018	0.01270	0.02414	0.58266	0.02809	0.01359	0.00605	0.00193	0.00385	0.15160	0.00424	0.00424
17	0.00662	0.00456	0.00537	0.00572	0.00589	0.00443	0.00346	0.00695	0.00796	0.01052	0.02066	0.27863	0.06462	0.53291	0.01791	0.00369	0.00399	0.00930	0.00351	0.00331
18	0.00646	0.00444	0.00580	0.00677	0.00721	0.00423	0.00475	0.00754	0.00947	0.01293	0.02509	0.62102	0.02918	0.05862	0.00704	0.00208	0.00308	0.10849	0.07182	0.00399

[dist]
# distance from previous block
# <min> <max>
0	6

# created by:
# /home/cegg/simao/soft/augustus-3.2.1/scripts/msa2prfl.pl ./align_prep/EOG091G115J.fa
