[name]
unknown

[dist]
# distance from previous block
# <min> <max>
2	823

[block]
# block no. 0 follows, 53 sequences, length 10
# corresponding to MSA columns:
# 849-852,878-883
name=unknown_A
#
# <colnr> <probs for GDERKNQSTAVLIFYWHMCP>
#	G	D	E	R	K	N	Q	S	T	A	V	L	I	F	Y	W	H	M	C	P
0	0.01200	0.05103	0.06154	0.04007	0.37783	0.02742	0.08016	0.01667	0.14462	0.06391	0.04462	0.01442	0.01063	0.02790	0.00532	0.00155	0.00542	0.00472	0.00311	0.00705
1	0.01335	0.08111	0.01278	0.00966	0.01259	0.01106	0.05447	0.12214	0.35076	0.12933	0.01711	0.09640	0.01375	0.00675	0.00479	0.00153	0.00422	0.00571	0.04548	0.00701
2	0.08440	0.00883	0.01040	0.00868	0.05911	0.00768	0.00639	0.04344	0.01007	0.01619	0.00870	0.01095	0.00744	0.04367	0.00515	0.00110	0.04020	0.00321	0.00286	0.62152
3	0.08245	0.08054	0.03693	0.00937	0.06409	0.00763	0.07587	0.01057	0.02345	0.02551	0.14629	0.20458	0.16694	0.02806	0.00560	0.00166	0.00382	0.01780	0.00382	0.00501
4	0.42432	0.12485	0.13278	0.06028	0.11685	0.01202	0.00930	0.01463	0.03780	0.01772	0.00783	0.00931	0.00617	0.00448	0.00363	0.00143	0.00483	0.00315	0.00263	0.00600
5	0.01274	0.13477	0.01715	0.13956	0.31831	0.04410	0.02522	0.06485	0.01148	0.08366	0.00977	0.01179	0.00771	0.00509	0.01742	0.00144	0.00558	0.00397	0.03062	0.05478
6	0.00783	0.00697	0.00863	0.00832	0.00911	0.07541	0.07393	0.00881	0.00914	0.01175	0.01972	0.46799	0.02283	0.19345	0.01042	0.00245	0.04549	0.01003	0.00363	0.00410
7	0.06519	0.47464	0.20623	0.00965	0.01423	0.08617	0.01018	0.01478	0.01005	0.01308	0.00727	0.00845	0.00611	0.00426	0.00354	0.00117	0.00571	0.00285	0.00218	0.05426
8	0.01201	0.18407	0.35662	0.01201	0.03972	0.08339	0.02979	0.03469	0.09341	0.05533	0.02388	0.01253	0.00872	0.00512	0.00439	0.00142	0.00608	0.02731	0.00277	0.00675
9	0.00997	0.04577	0.02542	0.00960	0.03474	0.09747	0.06355	0.02440	0.09659	0.01440	0.01766	0.22274	0.07576	0.02097	0.00569	0.00153	0.04379	0.00693	0.05150	0.13152

[dist]
# distance from previous block
# <min> <max>
2	17

[block]
# block no. 1 follows, 53 sequences, length 44
# corresponding to MSA columns:
# 901-944
name=unknown_B
#
# <colnr> <probs for GDERKNQSTAVLIFYWHMCP>
#	G	D	E	R	K	N	Q	S	T	A	V	L	I	F	Y	W	H	M	C	P
0	0.01260	0.03496	0.06417	0.01203	0.09832	0.09426	0.02270	0.11275	0.05193	0.09785	0.02397	0.01439	0.00992	0.03989	0.18542	0.00294	0.07505	0.00447	0.00325	0.03914
1	0.04708	0.01241	0.15579	0.01294	0.02991	0.02370	0.24115	0.03175	0.03125	0.12024	0.03782	0.09812	0.04631	0.00641	0.00540	0.00157	0.02923	0.01973	0.00337	0.04581
2	0.01171	0.02068	0.53190	0.01388	0.07823	0.05977	0.01485	0.11200	0.01213	0.04621	0.02960	0.01119	0.00768	0.00486	0.00459	0.00146	0.00651	0.00382	0.00266	0.02628
3	0.01195	0.11873	0.05897	0.07693	0.40823	0.03276	0.06332	0.06158	0.04102	0.01583	0.02386	0.01200	0.00826	0.00458	0.00453	0.00138	0.00567	0.00416	0.02298	0.02327
4	0.01179	0.19643	0.45899	0.01173	0.01737	0.05412	0.01351	0.11173	0.01173	0.01603	0.00846	0.00966	0.00639	0.00456	0.00419	0.00134	0.00632	0.00336	0.00243	0.04985
5	0.01101	0.00830	0.00982	0.00745	0.01116	0.00682	0.00592	0.03342	0.06142	0.09294	0.03919	0.04950	0.01063	0.00548	0.02213	0.00110	0.00378	0.00398	0.00347	0.61249
6	0.00640	0.00586	0.05828	0.00745	0.00832	0.00482	0.02701	0.00763	0.00896	0.01214	0.02262	0.61664	0.02640	0.08476	0.07641	0.00262	0.00421	0.01143	0.00393	0.00411
7	0.01208	0.08201	0.33916	0.04036	0.10193	0.06291	0.02507	0.05678	0.02244	0.07650	0.00950	0.01076	0.00709	0.00455	0.00435	0.00133	0.00597	0.00363	0.00270	0.13089
8	0.01132	0.06354	0.05247	0.08367	0.21755	0.00911	0.00948	0.01382	0.01039	0.07089	0.00924	0.01096	0.00737	0.00408	0.00406	0.00108	0.00465	0.00348	0.00278	0.41006
9	0.00739	0.00454	0.00574	0.00577	0.00579	0.00460	0.00355	0.00677	0.00686	0.00917	0.01337	0.07699	0.01507	0.49165	0.02110	0.29124	0.01857	0.00639	0.00271	0.00273
10	0.01051	0.00891	0.01053	0.00812	0.03939	0.00709	0.00620	0.06230	0.01076	0.01652	0.00871	0.01008	0.00716	0.00371	0.00366	0.00078	0.00373	0.00298	0.00294	0.77592
11	0.03182	0.47824	0.04412	0.00966	0.01327	0.27367	0.00868	0.01645	0.01118	0.06318	0.00774	0.00861	0.00649	0.00450	0.00362	0.00114	0.00621	0.00290	0.00245	0.00608
12	0.15580	0.29069	0.01590	0.00954	0.01250	0.32212	0.00797	0.01590	0.01084	0.03351	0.00764	0.00906	0.00651	0.00668	0.05636	0.00165	0.02618	0.00303	0.00249	0.00566
13	0.00874	0.00733	0.00867	0.03912	0.05497	0.00770	0.00632	0.01490	0.29567	0.01755	0.26696	0.02940	0.20627	0.00862	0.00528	0.00157	0.00320	0.00739	0.00464	0.00571
14	0.01785	0.02278	0.01354	0.01231	0.01478	0.81284	0.00924	0.01909	0.01354	0.01170	0.00739	0.00862	0.00616	0.00493	0.00431	0.00123	0.00862	0.00308	0.00246	0.00554
15	0.00991	0.00850	0.00991	0.00708	0.01133	0.00637	0.00566	0.01203	0.00991	0.01557	0.00850	0.00991	0.00708	0.00354	0.00354	0.00071	0.00354	0.00283	0.00283	0.86124
16	0.01054	0.03466	0.15207	0.01086	0.05440	0.07398	0.00938	0.01356	0.05646	0.07112	0.15757	0.05238	0.06387	0.00891	0.04514	0.00191	0.15744	0.01656	0.00343	0.00576
17	0.01189	0.01027	0.01081	0.00973	0.01243	0.01189	0.00757	0.02540	0.79357	0.01999	0.01945	0.01783	0.01459	0.00648	0.00486	0.00162	0.00378	0.00540	0.00486	0.00757
18	0.61422	0.00980	0.01056	0.03008	0.22625	0.01089	0.00794	0.01418	0.00892	0.01965	0.00733	0.00898	0.00586	0.00440	0.00348	0.00147	0.00430	0.00308	0.00278	0.00583
19	0.00959	0.02472	0.80726	0.01362	0.02069	0.01110	0.01766	0.01514	0.01009	0.01514	0.00858	0.01009	0.00605	0.00454	0.00454	0.00151	0.00706	0.00353	0.00202	0.00706
20	0.00791	0.00696	0.01008	0.12749	0.15944	0.00687	0.02915	0.02326	0.01139	0.01488	0.17515	0.04332	0.33580	0.00887	0.00536	0.00156	0.00381	0.01979	0.00382	0.00511
21	0.75503	0.01101	0.00788	0.00707	0.00997	0.11549	0.00571	0.01471	0.00884	0.02017	0.00675	0.00788	0.00530	0.00450	0.00313	0.00145	0.00434	0.00265	0.00289	0.00522
22	0.86579	0.00924	0.00702	0.00629	0.00924	0.01072	0.00518	0.01405	0.00813	0.02144	0.00666	0.00776	0.00518	0.00444	0.00296	0.00148	0.00370	0.00259	0.00296	0.00518
23	0.00995	0.00862	0.01044	0.00746	0.01172	0.00654	0.02812	0.01213	0.00995	0.01557	0.00853	0.01000	0.00708	0.00355	0.00360	0.00073	0.00367	0.00291	0.00282	0.83661
24	0.01049	0.00928	0.01503	0.53444	0.20456	0.01072	0.01281	0.01441	0.07625	0.05108	0.01002	0.01313	0.00759	0.00486	0.00478	0.00155	0.00589	0.00437	0.00259	0.00615
25	0.86579	0.00924	0.00702	0.00629	0.00924	0.01072	0.00518	0.01405	0.00813	0.02144	0.00666	0.00776	0.00518	0.00444	0.00296	0.00148	0.00370	0.00259	0.00296	0.00518
26	0.00983	0.00840	0.00982	0.00705	0.01122	0.00632	0.00563	0.01195	0.01001	0.01567	0.02950	0.01060	0.00809	0.00371	0.00360	0.00073	0.00351	0.00299	0.00290	0.83850
27	0.00959	0.02472	0.80726	0.01362	0.02069	0.01110	0.01766	0.01514	0.01009	0.01514	0.00858	0.01009	0.00605	0.00454	0.00454	0.00151	0.00706	0.00353	0.00202	0.00706
28	0.00991	0.00850	0.00991	0.00708	0.01133	0.00637	0.00566	0.01203	0.00991	0.01557	0.00850	0.00991	0.00708	0.00354	0.00354	0.00071	0.00354	0.00283	0.00283	0.86124
29	0.01189	0.01027	0.01081	0.00973	0.01243	0.01189	0.00757	0.02540	0.79357	0.01999	0.01945	0.01783	0.01459	0.00648	0.00486	0.00162	0.00378	0.00540	0.00486	0.00757
30	0.00903	0.00850	0.01434	0.82054	0.03292	0.01062	0.01327	0.01221	0.00956	0.01221	0.00850	0.01274	0.00637	0.00478	0.00478	0.00159	0.00637	0.00425	0.00212	0.00531
31	0.00684	0.00507	0.00743	0.00743	0.00820	0.00584	0.00566	0.00838	0.00761	0.01091	0.01303	0.02004	0.01250	0.11621	0.73347	0.00737	0.01198	0.00531	0.00259	0.00413
32	0.84625	0.00956	0.00718	0.00642	0.00937	0.02920	0.00527	0.01417	0.00826	0.02122	0.00667	0.00778	0.00520	0.00445	0.00299	0.00147	0.00381	0.00260	0.00295	0.00518
33	0.01278	0.83490	0.02505	0.00818	0.01227	0.01891	0.00818	0.01431	0.00971	0.01125	0.00664	0.00767	0.00613	0.00409	0.00307	0.00102	0.00511	0.00256	0.00204	0.00613
34	0.00830	0.00415	0.00623	0.00623	0.00623	0.00415	0.00415	0.00623	0.00623	0.00830	0.00830	0.01453	0.00830	0.01660	0.01868	0.86094	0.00415	0.00415	0.00208	0.00208
35	0.00959	0.02472	0.80726	0.01362	0.02069	0.01110	0.01766	0.01514	0.01009	0.01514	0.00858	0.01009	0.00605	0.00454	0.00454	0.00151	0.00706	0.00353	0.00202	0.00706
36	0.00903	0.00850	0.01434	0.82054	0.03292	0.01062	0.01327	0.01221	0.00956	0.01221	0.00850	0.01274	0.00637	0.00478	0.00478	0.00159	0.00637	0.00425	0.00212	0.00531
37	0.06709	0.01115	0.01847	0.04813	0.73110	0.01130	0.01402	0.01457	0.01067	0.01591	0.00883	0.01159	0.00738	0.00428	0.00462	0.00143	0.00557	0.00415	0.00240	0.00736
38	0.86579	0.00924	0.00702	0.00629	0.00924	0.01072	0.00518	0.01405	0.00813	0.02144	0.00666	0.00776	0.00518	0.00444	0.00296	0.00148	0.00370	0.00259	0.00296	0.00518
39	0.00903	0.00850	0.01434	0.82054	0.03292	0.01062	0.01327	0.01221	0.00956	0.01221	0.00850	0.01274	0.00637	0.00478	0.00478	0.00159	0.00637	0.00425	0.00212	0.00531
40	0.00739	0.00474	0.00567	0.00544	0.00659	0.00446	0.00408	0.00957	0.01224	0.01835	0.50079	0.03055	0.08027	0.00855	0.00490	0.00138	0.00226	0.00738	0.28091	0.00446
41	0.01193	0.05937	0.01082	0.00836	0.01111	0.01049	0.00675	0.28562	0.18749	0.02082	0.07381	0.02468	0.25293	0.00799	0.00501	0.00151	0.00387	0.00647	0.00456	0.00641
42	0.06450	0.78484	0.02395	0.00806	0.01208	0.01842	0.00800	0.01430	0.00962	0.01186	0.00665	0.00767	0.00608	0.00411	0.00306	0.00105	0.00503	0.00256	0.00210	0.00608
43	0.00688	0.00461	0.00523	0.00530	0.00532	0.00459	0.00299	0.00693	0.00708	0.00945	0.01574	0.07964	0.01824	0.78249	0.02322	0.00447	0.00452	0.00735	0.00299	0.00296

[dist]
# distance from previous block
# <min> <max>
0	135

# created by:
# /home/cegg/simao/soft/augustus-3.2.1/scripts/msa2prfl.pl ./align_prep/EOG091G13XF.fa
