[name]
unknown

[dist]
# distance from previous block
# <min> <max>
0	118

[block]
# block no. 0 follows, 48 sequences, length 8
# corresponding to MSA columns:
# 124-131
name=unknown_A
#
# <colnr> <probs for GDERKNQSTAVLIFYWHMCP>
#	G	D	E	R	K	N	Q	S	T	A	V	L	I	F	Y	W	H	M	C	P
0	0.03730	0.09191	0.07188	0.01203	0.07293	0.01108	0.04985	0.12372	0.05576	0.33347	0.07506	0.01630	0.01326	0.00610	0.00502	0.00155	0.00507	0.00505	0.00479	0.00788
1	0.01349	0.40835	0.15732	0.00985	0.01410	0.07165	0.00990	0.01583	0.01130	0.10402	0.01330	0.09195	0.04674	0.00634	0.00434	0.00139	0.00562	0.00481	0.00308	0.00662
2	0.01685	0.19551	0.01651	0.01160	0.06245	0.18600	0.00898	0.08615	0.09351	0.17752	0.01236	0.01257	0.00929	0.00607	0.02046	0.00150	0.00603	0.00405	0.00383	0.06876
3	0.00889	0.09198	0.08680	0.00754	0.00909	0.00780	0.00618	0.01016	0.00930	0.03547	0.08838	0.06570	0.04631	0.41749	0.04800	0.00357	0.04253	0.00696	0.00334	0.00451
4	0.01241	0.14274	0.41499	0.05029	0.02022	0.01319	0.08953	0.09401	0.01258	0.05497	0.04092	0.01244	0.00887	0.00519	0.00485	0.00155	0.00677	0.00426	0.00287	0.00734
5	0.01232	0.07097	0.07633	0.02535	0.04874	0.00874	0.00817	0.01544	0.04883	0.12423	0.06939	0.03680	0.01277	0.00556	0.00451	0.00121	0.00439	0.02151	0.00371	0.40102
6	0.03453	0.06039	0.17810	0.01436	0.15058	0.02360	0.05647	0.01606	0.06975	0.07965	0.16395	0.01766	0.01641	0.00604	0.00501	0.00149	0.00527	0.00524	0.00363	0.09181
7	0.01060	0.10302	0.23814	0.01019	0.02910	0.02410	0.01002	0.03465	0.07780	0.04568	0.15649	0.04582	0.07392	0.07784	0.00690	0.00184	0.00506	0.00606	0.00370	0.03905

[dist]
# distance from previous block
# <min> <max>
2	13

[block]
# block no. 1 follows, 48 sequences, length 9
# corresponding to MSA columns:
# 145-153
name=unknown_B
#
# <colnr> <probs for GDERKNQSTAVLIFYWHMCP>
#	G	D	E	R	K	N	Q	S	T	A	V	L	I	F	Y	W	H	M	C	P
0	0.14586	0.06592	0.06788	0.05720	0.03448	0.02659	0.00848	0.07941	0.07422	0.21468	0.08204	0.05307	0.05524	0.00689	0.00488	0.00160	0.00466	0.00552	0.00445	0.00694
1	0.14869	0.00887	0.01118	0.03017	0.12242	0.00918	0.02737	0.11015	0.04874	0.05734	0.25617	0.06347	0.06982	0.00795	0.00525	0.00163	0.00408	0.00677	0.00449	0.00627
2	0.05318	0.46495	0.02089	0.01025	0.01388	0.27650	0.00897	0.04521	0.01215	0.01348	0.00781	0.00913	0.00684	0.00591	0.03051	0.00145	0.00695	0.00309	0.00252	0.00634
3	0.01196	0.01343	0.09979	0.16048	0.45768	0.06772	0.01448	0.01513	0.01143	0.01566	0.01056	0.05388	0.00910	0.00538	0.00506	0.00157	0.00633	0.00492	0.02825	0.00719
4	0.00891	0.00446	0.00668	0.00668	0.00668	0.00446	0.00446	0.00668	0.00668	0.00891	0.00891	0.01560	0.00891	0.01783	0.02005	0.85071	0.00446	0.00446	0.00223	0.00223
5	0.01222	0.14495	0.52147	0.01369	0.05859	0.01247	0.01546	0.01680	0.01137	0.10050	0.03902	0.01228	0.00884	0.00516	0.00472	0.00153	0.00664	0.00403	0.00278	0.00748
6	0.74429	0.11766	0.01011	0.00702	0.01035	0.01268	0.00598	0.01512	0.00896	0.02157	0.00714	0.00832	0.00569	0.00471	0.00319	0.00152	0.00417	0.00277	0.00305	0.00569
7	0.01029	0.02654	0.79309	0.01462	0.02221	0.01192	0.01896	0.01625	0.01083	0.01625	0.00921	0.01083	0.00650	0.00487	0.00487	0.00162	0.00758	0.00379	0.00217	0.00758
8	0.01372	0.82276	0.02689	0.00878	0.01317	0.02030	0.00878	0.01536	0.01043	0.01207	0.00713	0.00823	0.00658	0.00439	0.00329	0.00110	0.00549	0.00274	0.00219	0.00658

[dist]
# distance from previous block
# <min> <max>
0	3

[block]
# block no. 2 follows, 48 sequences, length 10
# corresponding to MSA columns:
# 157-166
name=unknown_C
#
# <colnr> <probs for GDERKNQSTAVLIFYWHMCP>
#	G	D	E	R	K	N	Q	S	T	A	V	L	I	F	Y	W	H	M	C	P
0	0.01142	0.28801	0.54147	0.01271	0.01924	0.01467	0.01562	0.01596	0.01070	0.01488	0.00853	0.00998	0.00653	0.00472	0.00436	0.00145	0.00689	0.00345	0.00218	0.00726
1	0.01354	0.43144	0.08585	0.01391	0.15683	0.11352	0.01078	0.01610	0.02899	0.01406	0.04146	0.01100	0.00889	0.00488	0.00409	0.00127	0.00603	0.00359	0.00255	0.03120
2	0.00791	0.00938	0.15195	0.00797	0.01057	0.00621	0.00745	0.01082	0.01320	0.01874	0.50841	0.06553	0.09000	0.00945	0.00571	0.00159	0.00350	0.00821	0.00474	0.05867
3	0.01092	0.01024	0.01667	0.02455	0.57671	0.01005	0.01262	0.01346	0.01153	0.01591	0.01906	0.08844	0.15373	0.00711	0.00539	0.00161	0.00518	0.00659	0.00314	0.00709
4	0.01256	0.55470	0.28484	0.01075	0.01621	0.01748	0.01221	0.01566	0.01056	0.01348	0.00783	0.00911	0.00656	0.00455	0.00383	0.00128	0.00619	0.00310	0.00219	0.00692
5	0.01793	0.07606	0.01678	0.01548	0.15786	0.25035	0.01070	0.30596	0.01738	0.06737	0.01060	0.01148	0.00806	0.00549	0.00484	0.00144	0.00672	0.00411	0.00376	0.00762
6	0.01151	0.00524	0.00765	0.00714	0.00787	0.00503	0.00503	0.01006	0.00816	0.15320	0.01100	0.01594	0.00961	0.01571	0.01731	0.69411	0.00444	0.00459	0.00299	0.00343
7	0.01331	0.31309	0.28918	0.01503	0.15913	0.01458	0.01346	0.01675	0.01124	0.09558	0.00968	0.01092	0.00748	0.00480	0.00436	0.00141	0.00621	0.00370	0.00268	0.00744
8	0.01360	0.53516	0.02529	0.01155	0.01584	0.01678	0.17659	0.01582	0.01108	0.07035	0.01008	0.05842	0.00893	0.00522	0.00424	0.00133	0.00595	0.00436	0.00274	0.00667
9	0.01208	0.10299	0.50197	0.01277	0.01884	0.01249	0.01501	0.11634	0.01286	0.04316	0.03844	0.01427	0.00966	0.00568	0.00488	0.00158	0.00660	0.04081	0.00297	0.02660

[dist]
# distance from previous block
# <min> <max>
4	44

[block]
# block no. 3 follows, 48 sequences, length 14
# corresponding to MSA columns:
# 211-224
name=unknown_D
#
# <colnr> <probs for GDERKNQSTAVLIFYWHMCP>
#	G	D	E	R	K	N	Q	S	T	A	V	L	I	F	Y	W	H	M	C	P
0	0.05380	0.01441	0.24139	0.01180	0.04503	0.00974	0.04280	0.01940	0.09880	0.26261	0.04306	0.01617	0.03641	0.00591	0.00497	0.00156	0.00533	0.00489	0.00420	0.07772
1	0.01223	0.00852	0.01182	0.01174	0.11881	0.00807	0.04403	0.05577	0.07067	0.14759	0.23093	0.04081	0.07263	0.03734	0.00617	0.00167	0.00414	0.01620	0.00467	0.09619
2	0.01257	0.01223	0.06567	0.01914	0.29613	0.03448	0.12253	0.02760	0.06826	0.06705	0.06013	0.01572	0.01173	0.04299	0.00608	0.00164	0.00580	0.00505	0.00330	0.12191
3	0.05683	0.00927	0.01274	0.01519	0.25279	0.00912	0.00909	0.01581	0.13054	0.06296	0.20676	0.03328	0.03615	0.00678	0.00512	0.00150	0.00421	0.00596	0.00413	0.12178
4	0.04768	0.04940	0.01784	0.02219	0.45921	0.01229	0.01243	0.14081	0.02766	0.06104	0.01128	0.04094	0.00932	0.00533	0.00491	0.00149	0.00552	0.00473	0.00334	0.06259
5	0.04653	0.01437	0.15938	0.02936	0.22395	0.04206	0.04493	0.09928	0.01284	0.05419	0.01239	0.01386	0.04968	0.00522	0.00480	0.00142	0.00577	0.00444	0.00318	0.17236
6	0.01362	0.01300	0.02003	0.02884	0.68100	0.05196	0.01493	0.08247	0.01292	0.01792	0.00980	0.01249	0.00810	0.00475	0.00506	0.00152	0.00621	0.00451	0.00277	0.00807
7	0.01304	0.01341	0.03660	0.06064	0.65853	0.07609	0.03512	0.01605	0.01185	0.01626	0.00950	0.01245	0.00791	0.00465	0.00507	0.00152	0.00648	0.00449	0.00253	0.00781
8	0.01489	0.01299	0.04910	0.03752	0.26738	0.10072	0.01115	0.09650	0.08037	0.13314	0.01398	0.01501	0.03867	0.00693	0.03666	0.00176	0.00606	0.00475	0.00373	0.06866
9	0.00848	0.00625	0.00871	0.00992	0.08468	0.00587	0.02984	0.01041	0.03893	0.06706	0.02988	0.44260	0.18170	0.01289	0.00617	0.00191	0.00358	0.04136	0.00460	0.00515
10	0.05328	0.01376	0.05416	0.05246	0.14623	0.01266	0.16466	0.12251	0.01561	0.19369	0.02673	0.06443	0.02330	0.00807	0.00676	0.00219	0.01906	0.00655	0.00497	0.00893
11	0.01268	0.17221	0.37093	0.01526	0.10326	0.04266	0.08050	0.01671	0.01146	0.08012	0.01056	0.01318	0.00825	0.00521	0.00480	0.00154	0.00680	0.03384	0.00272	0.00732
12	0.01170	0.01115	0.01867	0.11763	0.62493	0.01133	0.01441	0.01462	0.01152	0.01606	0.01375	0.01642	0.08436	0.00546	0.00518	0.00157	0.00584	0.00519	0.00273	0.00748
13	0.00746	0.00639	0.03131	0.00805	0.06765	0.00530	0.00556	0.00898	0.01138	0.04248	0.06663	0.17424	0.48670	0.04615	0.00684	0.00190	0.00324	0.01037	0.00453	0.00482

[dist]
# distance from previous block
# <min> <max>
10	34

[block]
# block no. 4 follows, 48 sequences, length 9
# corresponding to MSA columns:
# 264-272
name=unknown_E
#
# <colnr> <probs for GDERKNQSTAVLIFYWHMCP>
#	G	D	E	R	K	N	Q	S	T	A	V	L	I	F	Y	W	H	M	C	P
0	0.01301	0.06039	0.27481	0.05668	0.13402	0.01139	0.12681	0.01723	0.03218	0.13641	0.03104	0.01460	0.00978	0.00534	0.00510	0.00158	0.00645	0.02228	0.00320	0.03768
1	0.02257	0.04075	0.26099	0.01290	0.06971	0.01032	0.06019	0.08122	0.03967	0.06209	0.02748	0.11963	0.04352	0.02985	0.00597	0.00174	0.01561	0.03300	0.00351	0.05928
2	0.06101	0.05947	0.22169	0.02850	0.19391	0.01170	0.04453	0.07830	0.04532	0.10398	0.03915	0.01398	0.02306	0.00539	0.00487	0.00153	0.00583	0.00454	0.00338	0.04986
3	0.01267	0.11814	0.31812	0.01311	0.06260	0.10688	0.03045	0.04617	0.04420	0.04301	0.03301	0.01327	0.03652	0.00536	0.00469	0.00143	0.00640	0.00419	0.00293	0.09684
4	0.00705	0.00522	0.00703	0.00826	0.02961	0.00489	0.00585	0.00840	0.01042	0.01388	0.02768	0.56332	0.06134	0.01471	0.00649	0.00206	0.00347	0.17588	0.00462	0.03985
5	0.01478	0.01138	0.01231	0.01044	0.01375	0.01262	0.00828	0.16974	0.52861	0.08600	0.01854	0.01722	0.01364	0.00658	0.00512	0.00164	0.00438	0.00537	0.00518	0.05442
6	0.01217	0.00951	0.03522	0.00812	0.01246	0.00724	0.00671	0.01499	0.04346	0.11829	0.01183	0.04356	0.00961	0.00478	0.00418	0.00099	0.00397	0.00391	0.00361	0.64540
7	0.04746	0.08954	0.64710	0.01346	0.02036	0.01230	0.01683	0.01669	0.01096	0.06587	0.00966	0.01094	0.00686	0.00493	0.00469	0.00158	0.00705	0.00375	0.00248	0.00749
8	0.01058	0.06228	0.70174	0.01487	0.02213	0.01238	0.07361	0.01622	0.01091	0.01607	0.00920	0.01093	0.00660	0.00481	0.00489	0.00161	0.00757	0.00391	0.00220	0.00749

[dist]
# distance from previous block
# <min> <max>
4	11

[block]
# block no. 5 follows, 48 sequences, length 12
# corresponding to MSA columns:
# 289-300
name=unknown_F
#
# <colnr> <probs for GDERKNQSTAVLIFYWHMCP>
#	G	D	E	R	K	N	Q	S	T	A	V	L	I	F	Y	W	H	M	C	P
0	0.01242	0.01287	0.05457	0.01851	0.02322	0.01152	0.58594	0.01638	0.01257	0.08371	0.10171	0.01690	0.01291	0.00524	0.00593	0.00170	0.00751	0.00627	0.00326	0.00686
1	0.01057	0.02487	0.70311	0.01659	0.11140	0.01195	0.01858	0.01619	0.01093	0.01631	0.00926	0.01105	0.00669	0.00484	0.00490	0.00161	0.00741	0.00388	0.00221	0.00765
2	0.01147	0.12047	0.58847	0.01546	0.10083	0.01278	0.01694	0.01644	0.01103	0.04686	0.00945	0.01098	0.00693	0.00484	0.00472	0.00155	0.00705	0.00380	0.00238	0.00757
3	0.05651	0.01345	0.07174	0.01078	0.01507	0.03240	0.00938	0.40627	0.01864	0.22263	0.01349	0.01312	0.00928	0.00583	0.00491	0.00149	0.00532	0.00444	0.00489	0.08036
4	0.01379	0.63429	0.08002	0.00920	0.01352	0.01757	0.00924	0.01579	0.01066	0.07890	0.00890	0.01010	0.00757	0.00714	0.06295	0.00171	0.00616	0.00323	0.00259	0.00669
5	0.07967	0.00576	0.00710	0.03786	0.00944	0.00591	0.00576	0.00992	0.06722	0.01472	0.02475	0.55630	0.02824	0.03568	0.00670	0.00211	0.00353	0.09012	0.00452	0.00467
6	0.01148	0.01812	0.37991	0.06100	0.18374	0.03800	0.04777	0.01560	0.01140	0.06562	0.01374	0.06321	0.05569	0.00608	0.00517	0.00163	0.00654	0.00525	0.00287	0.00718
7	0.00960	0.00807	0.01024	0.00954	0.01110	0.05639	0.07140	0.03182	0.08848	0.04279	0.13120	0.35527	0.04659	0.01161	0.00654	0.00189	0.03647	0.06105	0.00458	0.00538
8	0.02066	0.00851	0.01128	0.00887	0.01251	0.00756	0.00725	0.02343	0.06285	0.66116	0.06520	0.02030	0.05234	0.00695	0.00526	0.00161	0.00415	0.00571	0.00616	0.00826
9	0.01129	0.01016	0.01671	0.05309	0.37177	0.01023	0.08887	0.07783	0.01234	0.01699	0.01561	0.18963	0.01568	0.00809	0.00569	0.00175	0.00555	0.07849	0.00344	0.00678
10	0.01195	0.21879	0.51883	0.01329	0.01975	0.01377	0.05838	0.01654	0.01102	0.05921	0.00940	0.01075	0.00695	0.00481	0.00457	0.00150	0.00695	0.00374	0.00244	0.00737
11	0.01485	0.00959	0.01108	0.00969	0.01256	0.01021	0.00765	0.07874	0.38737	0.21877	0.05002	0.09882	0.01804	0.00810	0.00544	0.00174	0.00412	0.04010	0.00545	0.00766

[dist]
# distance from previous block
# <min> <max>
6	30

[block]
# block no. 6 follows, 48 sequences, length 41
# corresponding to MSA columns:
# 332-372
name=unknown_G
#
# <colnr> <probs for GDERKNQSTAVLIFYWHMCP>
#	G	D	E	R	K	N	Q	S	T	A	V	L	I	F	Y	W	H	M	C	P
0	0.01493	0.08453	0.09521	0.06253	0.11842	0.02973	0.03825	0.30312	0.14511	0.02262	0.01306	0.01380	0.02406	0.00579	0.00500	0.00156	0.00581	0.00471	0.00394	0.00786
1	0.01596	0.01405	0.01331	0.01130	0.01457	0.12411	0.00893	0.28020	0.41364	0.02393	0.01614	0.01543	0.01202	0.00645	0.00511	0.00161	0.00533	0.00505	0.00483	0.00802
2	0.01250	0.01257	0.06319	0.13413	0.43539	0.01231	0.08303	0.03909	0.07476	0.03624	0.01078	0.01342	0.00852	0.00510	0.00562	0.00162	0.03651	0.00478	0.00287	0.00759
3	0.03900	0.12492	0.56189	0.01334	0.01991	0.01292	0.03659	0.05410	0.01165	0.06584	0.00976	0.01100	0.00702	0.00495	0.00468	0.00155	0.00693	0.00382	0.00263	0.00750
4	0.01148	0.30312	0.52694	0.01259	0.01907	0.01483	0.01542	0.01594	0.01069	0.01480	0.00849	0.00993	0.00653	0.00471	0.00433	0.00144	0.00686	0.00343	0.00218	0.00724
5	0.00745	0.00500	0.00574	0.00574	0.00578	0.00505	0.00328	0.00755	0.00750	0.01005	0.01604	0.03287	0.01835	0.77840	0.06697	0.00515	0.00544	0.00736	0.00309	0.00319
6	0.01239	0.19367	0.12070	0.01216	0.07276	0.05653	0.04123	0.06870	0.19636	0.01746	0.05750	0.03022	0.08599	0.00658	0.00488	0.00153	0.00534	0.00535	0.00365	0.00698
7	0.01090	0.08128	0.54344	0.01587	0.08879	0.01256	0.07295	0.01612	0.03177	0.01597	0.00999	0.02359	0.00777	0.00526	0.00529	0.00162	0.03081	0.01626	0.00240	0.00737
8	0.00723	0.00493	0.00590	0.00612	0.00625	0.00496	0.00371	0.00756	0.00796	0.01070	0.01814	0.17408	0.02089	0.60363	0.09241	0.00475	0.00540	0.00857	0.00338	0.00343
9	0.20598	0.01182	0.08521	0.08035	0.10264	0.01089	0.07484	0.09277	0.02824	0.18340	0.01262	0.03709	0.00940	0.00565	0.00473	0.00160	0.00535	0.00468	0.03560	0.00713
10	0.01342	0.15116	0.18402	0.05834	0.24891	0.05152	0.03592	0.05375	0.05269	0.07026	0.01134	0.01284	0.02336	0.00515	0.00478	0.00150	0.00626	0.00431	0.00297	0.00748
11	0.01309	0.05083	0.03772	0.00844	0.01069	0.02864	0.00674	0.01539	0.05067	0.26854	0.06254	0.35573	0.02326	0.01064	0.00568	0.00178	0.00394	0.02081	0.01866	0.00621
12	0.00623	0.00473	0.00574	0.00648	0.00728	0.00425	0.00448	0.00731	0.01061	0.01363	0.06445	0.53672	0.27986	0.01486	0.00637	0.00195	0.00283	0.01316	0.00480	0.00425
13	0.01195	0.00989	0.01283	0.01517	0.23125	0.03536	0.00939	0.14621	0.07713	0.02026	0.16501	0.06520	0.04008	0.00793	0.00543	0.00163	0.00460	0.06785	0.06614	0.00669
14	0.01344	0.10838	0.23049	0.01701	0.19856	0.13548	0.04503	0.01754	0.07518	0.05187	0.01040	0.01210	0.00814	0.00569	0.00556	0.04433	0.00670	0.00414	0.00280	0.00714
15	0.01217	0.01158	0.01966	0.09188	0.68662	0.01174	0.01505	0.01522	0.01172	0.01667	0.05057	0.01413	0.01015	0.00493	0.00514	0.00154	0.00596	0.00482	0.00268	0.00776
16	0.00628	0.00480	0.00577	0.00639	0.00728	0.00429	0.00446	0.00745	0.01091	0.01404	0.10471	0.47241	0.30381	0.01447	0.00633	0.00192	0.00279	0.01277	0.00484	0.00429
17	0.05985	0.05111	0.01584	0.01230	0.01567	0.10236	0.13931	0.17376	0.21871	0.04061	0.01504	0.06949	0.01240	0.00671	0.00519	0.00164	0.00576	0.02758	0.01950	0.00717
18	0.04393	0.05588	0.07186	0.01521	0.08523	0.05589	0.24664	0.09186	0.01270	0.01742	0.01423	0.07041	0.06928	0.00614	0.00540	0.00154	0.01957	0.00574	0.00319	0.10788
19	0.00877	0.00653	0.00851	0.00823	0.00919	0.00727	0.00612	0.10029	0.01036	0.01432	0.01690	0.19972	0.01777	0.16260	0.35382	0.00519	0.04838	0.00772	0.00352	0.00479
20	0.01367	0.01822	0.33378	0.05024	0.11555	0.04675	0.02846	0.11981	0.09728	0.09201	0.01232	0.01384	0.00909	0.00558	0.00507	0.00162	0.00645	0.01910	0.00343	0.00775
21	0.07054	0.01336	0.07846	0.03544	0.46384	0.03619	0.01348	0.08509	0.06272	0.07513	0.01113	0.01290	0.00864	0.00507	0.00494	0.00155	0.00588	0.00448	0.00324	0.00791
22	0.01755	0.03960	0.01621	0.01442	0.11236	0.10614	0.01054	0.48040	0.04815	0.02555	0.01122	0.01206	0.00845	0.00605	0.00590	0.00156	0.06718	0.00444	0.00421	0.00800
23	0.01212	0.10316	0.08385	0.00887	0.01247	0.00954	0.00783	0.05553	0.10672	0.10730	0.09893	0.10512	0.04312	0.00716	0.00487	0.00141	0.00426	0.00595	0.00416	0.21763
24	0.01065	0.03467	0.20238	0.01234	0.01470	0.05410	0.01176	0.01309	0.00919	0.01334	0.00937	0.03831	0.00867	0.02506	0.13152	0.00293	0.37177	0.00470	0.00244	0.02900
25	0.00738	0.00531	0.00730	0.00730	0.00789	0.00590	0.00523	0.00855	0.00797	0.01121	0.01461	0.02496	0.01491	0.31779	0.52288	0.00708	0.01061	0.00620	0.00288	0.00405
26	0.03957	0.00947	0.01091	0.00847	0.01202	0.02974	0.02623	0.12931	0.01385	0.09149	0.14130	0.01797	0.04580	0.00604	0.00464	0.00122	0.00408	0.00497	0.03951	0.36338
27	0.16256	0.11829	0.02894	0.00956	0.01302	0.04326	0.04585	0.09807	0.12866	0.08378	0.04479	0.05771	0.01225	0.02886	0.00513	0.00157	0.00481	0.00491	0.00393	0.10410
28	0.00737	0.00495	0.00568	0.00574	0.00582	0.00492	0.00330	0.00755	0.00797	0.01068	0.05512	0.08506	0.02113	0.72690	0.02384	0.00462	0.00472	0.00802	0.00334	0.00326
29	0.05109	0.00591	0.00753	0.00747	0.00892	0.00556	0.00557	0.01191	0.02750	0.15446	0.19690	0.37676	0.05195	0.01215	0.00602	0.00187	0.00326	0.05468	0.00518	0.00532
30	0.01073	0.10865	0.68818	0.01388	0.02098	0.01281	0.01755	0.01652	0.03574	0.01599	0.00937	0.01083	0.00681	0.00489	0.00472	0.00157	0.00725	0.00375	0.00227	0.00750
31	0.01441	0.17582	0.21385	0.01185	0.01638	0.12135	0.03846	0.12666	0.08426	0.06862	0.03134	0.01281	0.00956	0.00711	0.04413	0.00181	0.00679	0.00422	0.00336	0.00721
32	0.00644	0.00473	0.00601	0.00691	0.00746	0.00441	0.00468	0.00769	0.02575	0.01356	0.06096	0.65652	0.12122	0.03897	0.00702	0.00210	0.00299	0.01355	0.00476	0.00426
33	0.00694	0.00509	0.00630	0.00639	0.00732	0.00477	0.00456	0.00846	0.01161	0.01566	0.32556	0.17156	0.17606	0.14893	0.04891	0.00263	0.00362	0.03656	0.00473	0.00432
34	0.01113	0.01093	0.01842	0.46538	0.13764	0.03381	0.14789	0.03870	0.03481	0.01507	0.01034	0.03436	0.00822	0.00528	0.00531	0.00168	0.00690	0.00509	0.00263	0.00640
35	0.03270	0.24380	0.08775	0.01248	0.05905	0.20805	0.01052	0.22448	0.01542	0.04645	0.00955	0.01042	0.00746	0.00523	0.00443	0.00137	0.00661	0.00368	0.00330	0.00725
36	0.00703	0.00494	0.00573	0.00615	0.00724	0.00452	0.00450	0.00858	0.01120	0.01532	0.10560	0.28737	0.28348	0.01253	0.00583	0.00178	0.00281	0.06143	0.15951	0.00444
37	0.01058	0.00584	0.00618	0.00576	0.00727	0.00590	0.00436	0.06546	0.03336	0.05200	0.05768	0.02123	0.03619	0.05240	0.00528	0.00150	0.00290	0.00537	0.61553	0.00521
38	0.01038	0.00587	0.00743	0.00692	0.00869	0.00520	0.00522	0.01211	0.01289	0.19440	0.27530	0.20195	0.21087	0.01132	0.00596	0.00174	0.00303	0.00983	0.00541	0.00547
39	0.12427	0.01497	0.05288	0.01188	0.01517	0.15651	0.06453	0.23164	0.12786	0.02158	0.01153	0.01251	0.00881	0.00598	0.00582	0.00160	0.07728	0.00438	0.04373	0.00707
40	0.00662	0.00465	0.00615	0.00720	0.00764	0.00439	0.00500	0.00776	0.01023	0.01384	0.06512	0.67037	0.03326	0.02770	0.00676	0.00210	0.00311	0.07738	0.03647	0.00426

[dist]
# distance from previous block
# <min> <max>
0	5

[block]
# block no. 7 follows, 48 sequences, length 20
# corresponding to MSA columns:
# 378-397
name=unknown_H
#
# <colnr> <probs for GDERKNQSTAVLIFYWHMCP>
#	G	D	E	R	K	N	Q	S	T	A	V	L	I	F	Y	W	H	M	C	P
0	0.03830	0.13695	0.20898	0.01249	0.01758	0.05211	0.10851	0.16899	0.02723	0.03695	0.01000	0.01125	0.00758	0.00491	0.00463	0.00139	0.00627	0.00399	0.00317	0.13872
1	0.04997	0.00950	0.01132	0.11136	0.01474	0.01010	0.00806	0.26686	0.01592	0.07042	0.13666	0.08213	0.09968	0.00825	0.00561	0.00164	0.02054	0.02464	0.00460	0.04800
2	0.03459	0.20793	0.25279	0.01051	0.01498	0.04369	0.01099	0.01650	0.04543	0.12894	0.07416	0.03607	0.04754	0.00725	0.02804	0.00171	0.02372	0.00488	0.00344	0.00684
3	0.01436	0.40711	0.09149	0.03133	0.01549	0.18525	0.03607	0.06687	0.01238	0.01443	0.03876	0.01081	0.00856	0.00586	0.02211	0.00147	0.02487	0.00360	0.00265	0.00654
4	0.00686	0.00759	0.10687	0.00760	0.00930	0.00530	0.00646	0.00868	0.01089	0.01441	0.09867	0.43105	0.22266	0.01332	0.00618	0.00190	0.00346	0.02957	0.00451	0.00472
5	0.01214	0.01162	0.01981	0.17678	0.64678	0.01204	0.01547	0.01525	0.01142	0.01608	0.00955	0.01288	0.00789	0.00468	0.00509	0.00156	0.00624	0.00457	0.00249	0.00767
6	0.01201	0.01364	0.11920	0.12802	0.59378	0.01206	0.01597	0.01548	0.01139	0.01623	0.00953	0.01258	0.00776	0.00468	0.00506	0.00156	0.00638	0.00447	0.00246	0.00775
7	0.00732	0.00780	0.10699	0.00733	0.00929	0.00545	0.00633	0.00930	0.01155	0.03277	0.18419	0.26666	0.27862	0.03453	0.00659	0.00188	0.00342	0.01050	0.00460	0.00487
8	0.06418	0.01259	0.01657	0.12123	0.32385	0.05262	0.01224	0.19619	0.09124	0.04247	0.01141	0.01308	0.00876	0.00536	0.00498	0.00157	0.00587	0.00455	0.00354	0.00771
9	0.05626	0.01320	0.01202	0.01070	0.01350	0.16583	0.00844	0.16341	0.28788	0.05407	0.01713	0.06904	0.01451	0.00766	0.00526	0.00169	0.00539	0.08232	0.00457	0.00712
10	0.01573	0.01248	0.01281	0.01067	0.01389	0.05706	0.00849	0.35573	0.28739	0.04625	0.03919	0.03521	0.04539	0.00733	0.00562	0.02346	0.00494	0.00559	0.00497	0.00779
11	0.00801	0.00613	0.00735	0.00750	0.00870	0.00615	0.00542	0.04096	0.13209	0.01698	0.20524	0.40529	0.10501	0.01266	0.00612	0.00187	0.00309	0.01122	0.00506	0.00514
12	0.01340	0.18680	0.16151	0.11437	0.04876	0.11051	0.01170	0.07605	0.19432	0.01699	0.01163	0.01261	0.00898	0.00544	0.00465	0.00150	0.00621	0.00418	0.00321	0.00717
13	0.01472	0.01211	0.01094	0.00961	0.01190	0.20843	0.00738	0.12926	0.04808	0.12513	0.18003	0.04397	0.03454	0.00903	0.00723	0.11049	0.00531	0.02146	0.00439	0.00602
14	0.00639	0.00475	0.00598	0.00683	0.00753	0.00434	0.00479	0.00754	0.01061	0.01382	0.07688	0.56504	0.19329	0.01499	0.00645	0.00200	0.00297	0.05671	0.00481	0.00427
15	0.01211	0.00854	0.01219	0.01229	0.11074	0.00924	0.04342	0.08118	0.01156	0.11658	0.01517	0.12055	0.01383	0.05961	0.11659	0.00280	0.12471	0.00633	0.11645	0.00609
16	0.02515	0.01242	0.04326	0.01071	0.01380	0.07676	0.04321	0.31768	0.10979	0.02234	0.02018	0.11212	0.10961	0.01936	0.00576	0.00173	0.00521	0.03943	0.00454	0.00693
17	0.00999	0.02343	0.67327	0.01388	0.03871	0.01103	0.01685	0.01511	0.01042	0.01545	0.01011	0.01380	0.00810	0.10939	0.00760	0.00205	0.00721	0.00428	0.00230	0.00702
18	0.01262	0.01240	0.02204	0.03023	0.69006	0.01229	0.11238	0.01584	0.01174	0.01672	0.00975	0.01285	0.00808	0.00454	0.00520	0.00155	0.00642	0.00476	0.00255	0.00797
19	0.01251	0.01069	0.01813	0.01412	0.01753	0.01060	0.31252	0.09313	0.13769	0.08674	0.03692	0.19297	0.01642	0.00787	0.00586	0.00178	0.00581	0.00776	0.00417	0.00680

[dist]
# distance from previous block
# <min> <max>
0	58

# created by:
# /home/cegg/simao/soft/augustus-3.2.1/scripts/msa2prfl.pl ./align_prep/EOG091G141O.fa
