[name]
unknown

[dist]
# distance from previous block
# <min> <max>
14	263

[block]
# block no. 0 follows, 45 sequences, length 24
# corresponding to MSA columns:
# 621-644
name=unknown_A
#
# <colnr> <probs for GDERKNQSTAVLIFYWHMCP>
#	G	D	E	R	K	N	Q	S	T	A	V	L	I	F	Y	W	H	M	C	P
0	0.03355	0.03988	0.05862	0.03758	0.10023	0.09270	0.07516	0.11225	0.08832	0.09541	0.03718	0.01605	0.01147	0.00595	0.00516	0.00152	0.00597	0.03228	0.00394	0.14678
1	0.05999	0.08438	0.10129	0.05310	0.10955	0.07957	0.03997	0.16972	0.07139	0.04632	0.02541	0.03805	0.03618	0.00619	0.00506	0.00157	0.00606	0.00501	0.00375	0.05744
2	0.07346	0.03957	0.05400	0.05613	0.11503	0.04372	0.03337	0.13465	0.04450	0.07830	0.05790	0.03919	0.01272	0.00686	0.01897	0.00165	0.00560	0.02604	0.00393	0.15440
3	0.05742	0.10989	0.05293	0.01330	0.06352	0.08139	0.08510	0.14625	0.05821	0.10397	0.02864	0.01489	0.01052	0.00599	0.00543	0.00155	0.03304	0.02823	0.00390	0.09583
4	0.05578	0.12121	0.07414	0.07801	0.06498	0.04871	0.02714	0.11518	0.05830	0.05486	0.01303	0.04545	0.02479	0.03381	0.00608	0.00166	0.03291	0.01792	0.00357	0.12247
5	0.16274	0.10541	0.09871	0.01257	0.10049	0.06584	0.00997	0.11947	0.01346	0.04931	0.04537	0.03513	0.01042	0.00568	0.00457	0.00145	0.00550	0.00434	0.00353	0.14605
6	0.01555	0.07083	0.14398	0.04087	0.11565	0.14381	0.02380	0.19154	0.03766	0.04479	0.02867	0.02559	0.00968	0.00575	0.00504	0.00151	0.00664	0.00453	0.00358	0.08052
7	0.12328	0.09757	0.10834	0.06772	0.11058	0.03820	0.04187	0.17492	0.05020	0.05232	0.01128	0.01338	0.00883	0.04368	0.00589	0.00175	0.00606	0.00445	0.00357	0.03611
8	0.17955	0.18624	0.07893	0.10079	0.11146	0.12907	0.03098	0.01764	0.07168	0.01705	0.00959	0.01133	0.00771	0.00516	0.00445	0.00152	0.00635	0.00385	0.00290	0.02375
9	0.03972	0.05972	0.04902	0.10099	0.26127	0.03340	0.05931	0.01529	0.01172	0.05400	0.01278	0.08207	0.01162	0.00648	0.00552	0.00161	0.02354	0.04445	0.00320	0.12429
10	0.01331	0.03860	0.10393	0.03542	0.09333	0.02015	0.00972	0.07806	0.01297	0.08661	0.03049	0.01317	0.00964	0.00497	0.00458	0.00121	0.00505	0.00404	0.03046	0.40430
11	0.06235	0.04255	0.05710	0.06602	0.03947	0.11906	0.03161	0.21766	0.12116	0.02162	0.01559	0.02038	0.03397	0.00727	0.00540	0.00172	0.00613	0.10043	0.00415	0.02636
12	0.01287	0.01977	0.38398	0.01321	0.01919	0.06355	0.06875	0.03650	0.03452	0.07942	0.01251	0.01364	0.03413	0.00536	0.00502	0.00150	0.00670	0.00439	0.00314	0.18183
13	0.03533	0.09501	0.49187	0.01450	0.03883	0.01321	0.05682	0.05355	0.05614	0.07877	0.01124	0.01236	0.00808	0.00532	0.00503	0.00165	0.00708	0.00426	0.00301	0.00794
14	0.01340	0.10320	0.04853	0.01980	0.15411	0.09512	0.29410	0.01697	0.03903	0.01579	0.01007	0.01309	0.00823	0.00666	0.03392	0.00195	0.11112	0.00506	0.00271	0.00712
15	0.00665	0.00475	0.00634	0.00752	0.00790	0.00444	0.00510	0.00769	0.01053	0.01408	0.05834	0.75480	0.03594	0.01653	0.00685	0.00217	0.00315	0.03779	0.00502	0.00441
16	0.01604	0.12071	0.09592	0.02744	0.01700	0.05299	0.12574	0.07112	0.02953	0.23100	0.05386	0.04726	0.03887	0.00677	0.00589	0.00166	0.04074	0.00569	0.00426	0.00750
17	0.01194	0.05247	0.03357	0.17187	0.06972	0.12528	0.01049	0.03257	0.07646	0.01615	0.11761	0.09868	0.03068	0.00824	0.00707	0.00179	0.10585	0.01974	0.00361	0.00622
18	0.00908	0.00600	0.00766	0.00758	0.00922	0.00551	0.00610	0.01128	0.01373	0.08639	0.33055	0.04658	0.20960	0.01228	0.00656	0.00194	0.00344	0.21577	0.00549	0.00527
19	0.00941	0.00806	0.01136	0.05436	0.07653	0.03399	0.03480	0.01115	0.00957	0.01339	0.05129	0.02225	0.01468	0.18931	0.32155	0.00523	0.10107	0.00605	0.02084	0.00512
20	0.06427	0.12729	0.34437	0.05345	0.04937	0.08246	0.06372	0.03355	0.01187	0.03583	0.01086	0.06552	0.00911	0.00597	0.00520	0.00164	0.02078	0.00478	0.00280	0.00717
21	0.01119	0.00900	0.01238	0.15503	0.14663	0.03124	0.00949	0.01537	0.10568	0.06759	0.25081	0.02510	0.04515	0.03644	0.03457	0.00206	0.00509	0.00680	0.02392	0.00645
22	0.00665	0.00475	0.00635	0.00760	0.00795	0.00445	0.00517	0.00766	0.01038	0.01382	0.02953	0.77025	0.03527	0.01672	0.00688	0.00219	0.00321	0.05181	0.00498	0.00439
23	0.01500	0.01251	0.06724	0.29904	0.05056	0.01276	0.03773	0.24977	0.01594	0.10512	0.01305	0.04357	0.01006	0.00648	0.00570	0.00175	0.02027	0.02201	0.00396	0.00749

[dist]
# distance from previous block
# <min> <max>
0	16

[block]
# block no. 1 follows, 45 sequences, length 30
# corresponding to MSA columns:
# 661-671,679-682,684-698
name=unknown_B
#
# <colnr> <probs for GDERKNQSTAVLIFYWHMCP>
#	G	D	E	R	K	N	Q	S	T	A	V	L	I	F	Y	W	H	M	C	P
0	0.01182	0.12811	0.11360	0.04349	0.09832	0.08794	0.07338	0.01548	0.07118	0.01570	0.05863	0.03109	0.13734	0.03170	0.00678	0.00177	0.05768	0.00607	0.00336	0.00656
1	0.01383	0.15097	0.28045	0.01413	0.01956	0.06398	0.11846	0.10985	0.14132	0.01904	0.01183	0.01288	0.00892	0.00550	0.00508	0.00161	0.00697	0.00455	0.00329	0.00780
2	0.00666	0.00486	0.00624	0.00730	0.00783	0.00450	0.00500	0.00769	0.01055	0.01382	0.03218	0.65496	0.12537	0.03994	0.00743	0.00224	0.00322	0.05091	0.00493	0.00438
3	0.01113	0.00954	0.01113	0.00795	0.01272	0.00716	0.00636	0.01352	0.01113	0.01749	0.00954	0.01113	0.00795	0.00398	0.00398	0.00080	0.00398	0.00318	0.00318	0.84417
4	0.03217	0.03861	0.01706	0.09719	0.22951	0.18123	0.05020	0.03323	0.09422	0.05419	0.01248	0.05978	0.01052	0.00612	0.00542	0.00160	0.01958	0.00518	0.00337	0.04834
5	0.00723	0.00511	0.00617	0.00674	0.00716	0.00489	0.00443	0.00794	0.00961	0.01257	0.02691	0.32715	0.11402	0.35799	0.01564	0.00346	0.00412	0.07066	0.00424	0.00395
6	0.00770	0.00516	0.00589	0.00599	0.00601	0.00514	0.00339	0.00778	0.00801	0.01068	0.01794	0.09794	0.02082	0.74676	0.02566	0.00496	0.00503	0.00841	0.00339	0.00334
7	0.00982	0.00974	0.04784	0.05787	0.01294	0.07117	0.03777	0.04128	0.10293	0.01726	0.15089	0.19730	0.18653	0.01091	0.00608	0.00183	0.00447	0.02299	0.00464	0.00574
8	0.04131	0.03571	0.05016	0.10615	0.22832	0.04412	0.15971	0.09606	0.04001	0.04191	0.04452	0.01643	0.04785	0.00592	0.00566	0.00168	0.01818	0.00548	0.00339	0.00743
9	0.10539	0.01217	0.01296	0.07532	0.06596	0.07618	0.00884	0.17547	0.08194	0.04254	0.01377	0.01530	0.04526	0.03524	0.00561	0.00157	0.00533	0.00463	0.00392	0.21261
10	0.00937	0.00837	0.01199	0.01080	0.01190	0.00964	0.05726	0.01106	0.01058	0.01478	0.08219	0.16580	0.09994	0.04078	0.01113	0.00222	0.27958	0.11412	0.00385	0.04465
11	0.04975	0.56572	0.02385	0.01025	0.01441	0.16942	0.00936	0.07610	0.01281	0.01487	0.00806	0.00916	0.00703	0.00494	0.00386	0.00125	0.00645	0.00314	0.00267	0.00689
12	0.00792	0.00599	0.00842	0.00816	0.00935	0.00650	0.00621	0.00964	0.00887	0.01272	0.01572	0.02291	0.04149	0.11929	0.61547	0.00737	0.01212	0.00597	0.00302	0.07285
13	0.09037	0.06562	0.01647	0.06007	0.09004	0.03985	0.03542	0.34075	0.11351	0.07575	0.01306	0.01358	0.00961	0.00600	0.00509	0.00162	0.00579	0.00473	0.00448	0.00821
14	0.00936	0.03915	0.00788	0.00710	0.00902	0.00588	0.00561	0.01093	0.01232	0.11453	0.04055	0.15901	0.42312	0.01298	0.00634	0.00192	0.00348	0.12049	0.00508	0.00526
15	0.00767	0.00575	0.00863	0.00863	0.00959	0.00671	0.00671	0.00959	0.00863	0.01246	0.01438	0.02109	0.01342	0.04026	0.79008	0.00863	0.01438	0.00575	0.00288	0.00479
16	0.01719	0.02982	0.01603	0.01272	0.01546	0.04995	0.01049	0.39134	0.05972	0.06011	0.01154	0.01293	0.00890	0.00740	0.00935	0.00185	0.26831	0.00478	0.00426	0.00785
17	0.01331	0.03897	0.08454	0.03204	0.03004	0.14358	0.06218	0.06336	0.01281	0.01729	0.02137	0.02354	0.00902	0.00527	0.00521	0.00127	0.03848	0.01464	0.00313	0.37995
18	0.03805	0.43982	0.08267	0.01133	0.01548	0.30412	0.01038	0.01812	0.01248	0.01346	0.00794	0.00922	0.00686	0.00499	0.00409	0.00129	0.00733	0.00317	0.00249	0.00670
19	0.00691	0.00527	0.00638	0.00677	0.00793	0.00475	0.00499	0.00852	0.01237	0.01612	0.22255	0.28569	0.30257	0.01406	0.00659	0.00195	0.00298	0.07373	0.00521	0.00464
20	0.00884	0.01450	0.31173	0.01092	0.04501	0.00818	0.01113	0.01263	0.01301	0.01828	0.31009	0.02989	0.16654	0.00891	0.00581	0.00171	0.00484	0.00756	0.00418	0.00623
21	0.00759	0.00512	0.00595	0.00615	0.00624	0.00506	0.00359	0.00782	0.00843	0.01127	0.04032	0.16423	0.02306	0.65627	0.02332	0.00460	0.00478	0.00910	0.00362	0.00349
22	0.00876	0.01423	0.28764	0.01066	0.01473	0.00841	0.06059	0.01230	0.01240	0.01695	0.17950	0.04484	0.26780	0.00935	0.00620	0.00177	0.02591	0.00792	0.00397	0.00608
23	0.01881	0.08508	0.01552	0.01281	0.01566	0.65346	0.00981	0.03973	0.01488	0.01400	0.00993	0.01121	0.02632	0.00572	0.00473	0.00138	0.00877	0.00372	0.04225	0.00625
24	0.10763	0.04734	0.10817	0.02590	0.04020	0.40416	0.04614	0.07969	0.01441	0.04804	0.00962	0.01096	0.00747	0.00545	0.00480	0.00150	0.00791	0.00386	0.01991	0.00685
25	0.00694	0.00556	0.00633	0.00646	0.00756	0.00528	0.00460	0.00801	0.01076	0.01350	0.03926	0.18956	0.43594	0.14747	0.04890	0.00280	0.04131	0.01091	0.00447	0.00436
26	0.01043	0.00960	0.01214	0.26359	0.07380	0.07253	0.00986	0.01421	0.11201	0.01503	0.01890	0.22389	0.05979	0.00967	0.00651	0.04313	0.00540	0.00790	0.00369	0.02793
27	0.40138	0.01354	0.01200	0.07515	0.04606	0.16040	0.00870	0.04097	0.01115	0.01945	0.00821	0.01021	0.00666	0.00556	0.00554	0.00162	0.09254	0.00352	0.00306	0.07428
28	0.01174	0.00944	0.03437	0.05546	0.10770	0.00935	0.00887	0.01802	0.24242	0.09455	0.10375	0.09892	0.11794	0.00928	0.00588	0.00183	0.00438	0.05430	0.00488	0.00693
29	0.01239	0.01154	0.01756	0.21591	0.29063	0.01303	0.03463	0.03700	0.17296	0.01763	0.02831	0.01540	0.01058	0.00612	0.00674	0.00178	0.09179	0.00519	0.00329	0.00749

[dist]
# distance from previous block
# <min> <max>
0	3

[block]
# block no. 2 follows, 45 sequences, length 55
# corresponding to MSA columns:
# 705,708-720,733-773
name=unknown_C
#
# <colnr> <probs for GDERKNQSTAVLIFYWHMCP>
#	G	D	E	R	K	N	Q	S	T	A	V	L	I	F	Y	W	H	M	C	P
0	0.01290	0.01142	0.01134	0.01021	0.01294	0.06113	0.00785	0.05754	0.54367	0.02094	0.05326	0.02367	0.08918	0.05145	0.00672	0.00196	0.00451	0.00659	0.00514	0.00758
1	0.01163	0.01298	0.09946	0.21917	0.14315	0.09506	0.01203	0.05494	0.03043	0.01754	0.16958	0.06944	0.02749	0.00734	0.00558	0.00170	0.00600	0.00633	0.00361	0.00655
2	0.84927	0.01038	0.00789	0.00706	0.01038	0.01204	0.00581	0.01578	0.00914	0.02408	0.00747	0.00872	0.00581	0.00498	0.00332	0.00166	0.00415	0.00291	0.00332	0.00581
3	0.00829	0.00703	0.01000	0.28500	0.01840	0.00773	0.00858	0.01130	0.06830	0.01451	0.02627	0.33806	0.15280	0.01151	0.00614	0.00195	0.00455	0.01020	0.00411	0.00527
4	0.01174	0.05305	0.01281	0.01026	0.01264	0.03058	0.06928	0.10774	0.14274	0.03667	0.04505	0.07281	0.06115	0.11361	0.15047	0.00342	0.01786	0.02350	0.00413	0.02050
5	0.01466	0.01429	0.01444	0.02333	0.07250	0.22937	0.05014	0.08185	0.03239	0.05521	0.04068	0.03449	0.04990	0.02824	0.00851	0.04571	0.11234	0.06671	0.00362	0.02161
6	0.00770	0.00573	0.00860	0.00860	0.00954	0.00667	0.00667	0.00954	0.00860	0.01240	0.01428	0.02100	0.01334	0.03984	0.77531	0.02467	0.01419	0.00573	0.00287	0.00475
7	0.01106	0.00989	0.01507	0.01503	0.15287	0.05096	0.14968	0.02534	0.01298	0.04877	0.22484	0.02680	0.08936	0.08631	0.05512	0.00244	0.00597	0.00730	0.00405	0.00616
8	0.01024	0.00785	0.01196	0.04158	0.24358	0.00763	0.00927	0.01230	0.01192	0.07226	0.07939	0.31588	0.07241	0.01123	0.00620	0.00191	0.00443	0.06944	0.00438	0.00614
9	0.01274	0.01173	0.03173	0.01615	0.02002	0.01126	0.38385	0.08570	0.05270	0.06850	0.02963	0.09651	0.01450	0.02369	0.06609	0.00243	0.00757	0.05451	0.00380	0.00689
10	0.00802	0.00547	0.00699	0.00726	0.00845	0.00500	0.00541	0.00976	0.01267	0.05816	0.26568	0.30701	0.17154	0.01365	0.00658	0.00197	0.00314	0.09295	0.00536	0.00493
11	0.01812	0.01043	0.01293	0.01146	0.05505	0.01063	0.00874	0.19829	0.12348	0.31595	0.01963	0.05946	0.02831	0.00975	0.05534	0.00218	0.00547	0.04106	0.00552	0.00821
12	0.00909	0.00693	0.01052	0.01211	0.11678	0.00671	0.05212	0.01112	0.04083	0.05198	0.02422	0.50927	0.03752	0.03925	0.02787	0.01765	0.00442	0.01168	0.00446	0.00545
13	0.00786	0.00507	0.00664	0.00745	0.00812	0.00489	0.00547	0.00910	0.01079	0.01519	0.07010	0.40668	0.02928	0.01457	0.00791	0.09001	0.00350	0.15374	0.13920	0.00441
14	0.01034	0.00968	0.01630	0.67370	0.11481	0.01173	0.01463	0.01379	0.01078	0.01406	0.00986	0.01457	0.00764	0.00720	0.04788	0.00214	0.00746	0.00482	0.00244	0.00617
15	0.10781	0.00797	0.00865	0.00813	0.00988	0.00857	0.00599	0.06233	0.18686	0.04904	0.03333	0.13858	0.03324	0.17716	0.01089	0.05313	0.00427	0.03168	0.05679	0.00571
16	0.00793	0.00572	0.00727	0.00735	0.00862	0.00547	0.00554	0.02904	0.01263	0.03595	0.25904	0.21528	0.18814	0.01689	0.11308	0.00282	0.00463	0.06461	0.00503	0.00496
17	0.36019	0.00877	0.00847	0.00738	0.01028	0.00931	0.00594	0.03991	0.05975	0.16447	0.03569	0.01769	0.06915	0.00655	0.00430	0.00160	0.00380	0.00487	0.17546	0.00643
18	0.01115	0.00909	0.01360	0.04295	0.01345	0.01119	0.05801	0.01200	0.00920	0.06145	0.01274	0.15535	0.01302	0.01179	0.01432	0.15852	0.37710	0.00673	0.00311	0.00524
19	0.03062	0.00863	0.00785	0.00810	0.00927	0.13580	0.00573	0.01121	0.01149	0.04479	0.04541	0.42163	0.09998	0.06776	0.00750	0.00211	0.00434	0.01084	0.06203	0.00490
20	0.00996	0.00880	0.01443	0.24157	0.23127	0.00987	0.01182	0.01272	0.01033	0.01433	0.01217	0.01801	0.01072	0.01973	0.32654	0.00455	0.00984	0.02446	0.00273	0.00616
21	0.00788	0.00548	0.00714	0.00720	0.00772	0.00589	0.00501	0.00891	0.00851	0.01194	0.01642	0.02978	0.01724	0.41189	0.35062	0.00637	0.00900	0.04256	0.03639	0.00406
22	0.02056	0.00862	0.01133	0.00901	0.01258	0.00768	0.00732	0.05848	0.01520	0.59182	0.05583	0.06393	0.06427	0.00780	0.00551	0.00168	0.00427	0.00645	0.03943	0.00824
23	0.01194	0.14880	0.05848	0.01275	0.07166	0.05741	0.05410	0.07660	0.01136	0.01515	0.01134	0.01613	0.01029	0.07601	0.25733	0.00411	0.09248	0.00495	0.00289	0.00620
24	0.01154	0.00701	0.00879	0.00799	0.00994	0.00672	0.00614	0.05875	0.06246	0.15751	0.35664	0.13794	0.07491	0.03054	0.00668	0.00188	0.00346	0.03929	0.00570	0.00609
25	0.01260	0.01140	0.01855	0.34945	0.24367	0.01261	0.07628	0.09634	0.02856	0.03041	0.04090	0.01502	0.00985	0.00563	0.00577	0.00172	0.02582	0.00514	0.00309	0.00721
26	0.00723	0.00512	0.00645	0.00716	0.00766	0.00490	0.00493	0.00823	0.01028	0.01361	0.07229	0.39317	0.08016	0.24080	0.01265	0.00302	0.00389	0.10972	0.00454	0.00418
27	0.01255	0.26623	0.44466	0.01255	0.01876	0.01500	0.01482	0.07282	0.01225	0.01713	0.00972	0.01117	0.00745	0.00512	0.00453	0.00150	0.00676	0.00376	0.05571	0.00752
28	0.00723	0.00540	0.00672	0.00653	0.00783	0.00489	0.00485	0.00937	0.01413	0.01933	0.55455	0.11021	0.20508	0.01205	0.00638	0.00176	0.00262	0.01055	0.00563	0.00489
29	0.00671	0.00479	0.00640	0.00752	0.00794	0.00449	0.00514	0.00782	0.01074	0.01439	0.08612	0.71918	0.03647	0.01629	0.00683	0.00215	0.00314	0.04439	0.00505	0.00444
30	0.01371	0.01287	0.02094	0.13924	0.52399	0.03664	0.07223	0.06367	0.01304	0.03671	0.01047	0.01351	0.00839	0.00502	0.00539	0.00163	0.00672	0.00488	0.00290	0.00803
31	0.00811	0.00641	0.00716	0.00717	0.00881	0.00610	0.00539	0.06640	0.06081	0.01668	0.07252	0.23355	0.40566	0.01342	0.00641	0.00193	0.00330	0.05995	0.00508	0.00514
32	0.01384	0.01140	0.01219	0.01079	0.01373	0.01306	0.00840	0.10923	0.62676	0.02274	0.01989	0.01894	0.01503	0.00805	0.00663	0.06570	0.00447	0.00582	0.00521	0.00810
33	0.01253	0.01167	0.05582	0.12261	0.19221	0.01139	0.16507	0.03515	0.01223	0.07049	0.01424	0.02007	0.02855	0.00674	0.00669	0.00181	0.07406	0.08139	0.07029	0.00698
34	0.01256	0.23613	0.03883	0.01275	0.01427	0.02816	0.01121	0.01402	0.00914	0.01294	0.00724	0.01083	0.00699	0.00790	0.01318	0.00198	0.54915	0.00415	0.00234	0.00621
35	0.01113	0.00920	0.01137	0.00932	0.02364	0.00835	0.01809	0.01474	0.09252	0.04117	0.09023	0.06773	0.01587	0.00680	0.00589	0.00133	0.06901	0.03289	0.00390	0.46681
36	0.01225	0.08836	0.52569	0.01639	0.05920	0.07238	0.10673	0.02820	0.01200	0.01665	0.00958	0.01148	0.00709	0.00503	0.00511	0.00164	0.00792	0.00418	0.00243	0.00768
37	0.01460	0.52193	0.11798	0.01244	0.07333	0.12711	0.01119	0.01735	0.03487	0.01391	0.00849	0.00980	0.00729	0.00488	0.00405	0.00130	0.00656	0.00333	0.00248	0.00710
38	0.34838	0.03019	0.01028	0.02202	0.01170	0.14329	0.00695	0.09607	0.01172	0.01946	0.00954	0.01227	0.00797	0.02380	0.02822	0.14871	0.00565	0.00384	0.05440	0.00554
39	0.01447	0.05102	0.01390	0.01213	0.05989	0.01385	0.00902	0.17383	0.48736	0.02322	0.01832	0.01858	0.01418	0.05782	0.00672	0.00195	0.00484	0.00570	0.00498	0.00821
40	0.00717	0.00541	0.00662	0.00645	0.00779	0.00486	0.00479	0.00926	0.01400	0.01899	0.51949	0.10225	0.24898	0.01214	0.00637	0.00176	0.00263	0.01058	0.00558	0.00486
41	0.01201	0.01169	0.02119	0.25958	0.34759	0.01221	0.17432	0.01556	0.01181	0.01646	0.01054	0.01425	0.00834	0.00499	0.00546	0.00168	0.00695	0.00513	0.05298	0.00726
42	0.01179	0.00646	0.00831	0.00733	0.00945	0.00575	0.00571	0.01400	0.01469	0.22254	0.44066	0.03657	0.16248	0.01033	0.00610	0.00171	0.00315	0.02096	0.00593	0.00606
43	0.01033	0.00992	0.01728	0.73957	0.03629	0.01205	0.07134	0.01398	0.01088	0.01398	0.00964	0.01432	0.00723	0.00530	0.00544	0.00179	0.00730	0.00489	0.00241	0.00606
44	0.00932	0.00466	0.00699	0.00699	0.00699	0.00466	0.00466	0.00699	0.00699	0.00932	0.00932	0.01632	0.00932	0.01865	0.02098	0.84382	0.00466	0.00466	0.00233	0.00233
45	0.01050	0.00983	0.01617	0.70963	0.07574	0.01206	0.01461	0.01475	0.05634	0.01445	0.01031	0.01460	0.00778	0.00545	0.00537	0.00178	0.00694	0.00485	0.00258	0.00625
46	0.00680	0.00529	0.00608	0.00620	0.00747	0.00468	0.00446	0.00831	0.01237	0.01596	0.23803	0.19338	0.39571	0.06147	0.00770	0.00205	0.00290	0.01145	0.00512	0.00456
47	0.01235	0.01150	0.01425	0.24295	0.10197	0.09418	0.02785	0.07257	0.11135	0.01774	0.06882	0.06768	0.03295	0.00719	0.00596	0.00172	0.04032	0.00603	0.05603	0.00660
48	0.74021	0.01020	0.00817	0.00734	0.01052	0.01176	0.00598	0.01644	0.06707	0.02382	0.05016	0.01128	0.00905	0.00548	0.00365	0.00167	0.00407	0.00352	0.00362	0.00598
49	0.00734	0.00566	0.00653	0.00687	0.00810	0.00521	0.00492	0.05293	0.01224	0.01563	0.07534	0.40366	0.34692	0.01455	0.00652	0.00197	0.00309	0.01270	0.00505	0.00475
50	0.01439	0.01173	0.01373	0.05413	0.06382	0.02443	0.00895	0.26751	0.04689	0.02266	0.01149	0.01297	0.00900	0.00728	0.05193	0.00170	0.00569	0.00421	0.00392	0.36358
51	0.22109	0.00925	0.01211	0.07966	0.01469	0.02189	0.11141	0.02383	0.07037	0.06218	0.03011	0.17779	0.03492	0.09846	0.00779	0.00221	0.00509	0.00735	0.00395	0.00585
52	0.00939	0.00797	0.01080	0.01021	0.01089	0.00951	0.01927	0.05079	0.02507	0.01466	0.02066	0.35567	0.06004	0.01480	0.06116	0.02171	0.26629	0.02194	0.00392	0.00524
53	0.01305	0.01148	0.01738	0.11048	0.27353	0.04888	0.09809	0.06918	0.03812	0.06630	0.05206	0.08662	0.04652	0.00728	0.00574	0.00174	0.00604	0.03659	0.00372	0.00720
54	0.01053	0.00647	0.00851	0.00788	0.00955	0.00610	0.01822	0.04830	0.01355	0.13660	0.29778	0.22088	0.08681	0.04719	0.05426	0.00238	0.00410	0.00989	0.00536	0.00563

[dist]
# distance from previous block
# <min> <max>
10	48

[block]
# block no. 3 follows, 45 sequences, length 34
# corresponding to MSA columns:
# 834-857,862-871
name=unknown_D
#
# <colnr> <probs for GDERKNQSTAVLIFYWHMCP>
#	G	D	E	R	K	N	Q	S	T	A	V	L	I	F	Y	W	H	M	C	P
0	0.04669	0.00992	0.01403	0.36621	0.05779	0.01118	0.01138	0.12289	0.04707	0.11496	0.06784	0.04215	0.01347	0.00680	0.00545	0.00175	0.00577	0.02982	0.01796	0.00687
1	0.01159	0.00815	0.00943	0.00866	0.00998	0.04277	0.00637	0.11752	0.11302	0.01560	0.03997	0.01865	0.03275	0.03349	0.08537	0.42738	0.00578	0.00534	0.00347	0.00470
2	0.00772	0.00591	0.00833	0.00825	0.00914	0.00668	0.00629	0.00940	0.00934	0.01314	0.06898	0.06049	0.07618	0.09406	0.54496	0.00678	0.04933	0.00698	0.00334	0.00470
3	0.01398	0.73301	0.10644	0.00982	0.01476	0.02033	0.01029	0.01617	0.01095	0.01308	0.00769	0.00889	0.00688	0.00465	0.00362	0.00121	0.00597	0.00298	0.00229	0.00700
4	0.49499	0.00960	0.00941	0.00786	0.01136	0.01009	0.00646	0.01942	0.01156	0.30357	0.01313	0.01291	0.00904	0.00567	0.00411	0.00164	0.00421	0.00395	0.05402	0.00699
5	0.00766	0.00527	0.00623	0.00627	0.00653	0.00531	0.00385	0.00810	0.00854	0.01147	0.05274	0.06681	0.05660	0.61496	0.11331	0.00516	0.00595	0.00813	0.00348	0.00362
6	0.02041	0.01504	0.01611	0.01235	0.01665	0.01665	0.01020	0.75997	0.02524	0.03383	0.01289	0.01289	0.00913	0.00644	0.00537	0.00161	0.00591	0.00483	0.00537	0.00913
7	0.01124	0.00940	0.01020	0.00942	0.01182	0.01041	0.00726	0.02167	0.49982	0.02060	0.14229	0.02912	0.10158	0.04688	0.00682	0.00199	0.00390	0.04308	0.00535	0.00713
8	0.00779	0.00522	0.00617	0.00633	0.00652	0.00526	0.00389	0.00821	0.00840	0.01145	0.01835	0.10809	0.02075	0.61811	0.08183	0.00493	0.00559	0.03381	0.03571	0.00360
9	0.00872	0.00768	0.03493	0.05603	0.01208	0.00863	0.00802	0.01125	0.04569	0.01303	0.01361	0.02046	0.01274	0.10443	0.50964	0.00654	0.11276	0.00571	0.00292	0.00514
10	0.00711	0.00523	0.00666	0.00680	0.00785	0.00478	0.00491	0.00900	0.01329	0.01820	0.45171	0.27814	0.14021	0.01311	0.00649	0.00186	0.00274	0.01163	0.00550	0.00478
11	0.51901	0.04955	0.01157	0.01006	0.03471	0.24482	0.00775	0.03795	0.01156	0.02040	0.00794	0.00925	0.00636	0.00516	0.00389	0.00155	0.00598	0.00318	0.00315	0.00615
12	0.13761	0.06828	0.07115	0.03695	0.04948	0.04350	0.02111	0.23559	0.01546	0.07302	0.01342	0.01422	0.05345	0.00607	0.00524	0.00153	0.03458	0.00453	0.00395	0.11083
13	0.03587	0.50424	0.13534	0.01189	0.03712	0.09123	0.04483	0.05705	0.01222	0.01509	0.00838	0.00973	0.00707	0.00487	0.00410	0.00133	0.00656	0.00340	0.00256	0.00713
14	0.84927	0.01038	0.00789	0.00706	0.01038	0.01204	0.00581	0.01578	0.00914	0.02408	0.00747	0.00872	0.00581	0.00498	0.00332	0.00166	0.00415	0.00291	0.00332	0.00581
15	0.00823	0.00670	0.02079	0.03751	0.06828	0.00660	0.00701	0.04436	0.01143	0.01554	0.08141	0.57362	0.03054	0.01403	0.00707	0.00206	0.04254	0.01250	0.00463	0.00514
16	0.00679	0.00546	0.00606	0.00591	0.00753	0.00472	0.00443	0.00858	0.01330	0.01703	0.31358	0.04750	0.51491	0.01265	0.00634	0.00177	0.00265	0.01075	0.00532	0.00472
17	0.01125	0.01033	0.01204	0.05916	0.03363	0.09315	0.01966	0.02870	0.06800	0.01461	0.02840	0.01929	0.03789	0.09981	0.15273	0.03275	0.20090	0.00557	0.06659	0.00555
18	0.01162	0.01011	0.01620	0.19102	0.38483	0.01089	0.01280	0.01456	0.01140	0.01686	0.01193	0.03670	0.01000	0.00583	0.00576	0.00162	0.05257	0.00511	0.18325	0.00693
19	0.01157	0.01151	0.01610	0.01387	0.01388	0.01604	0.01152	0.01274	0.00829	0.01294	0.00779	0.03800	0.00798	0.00964	0.01726	0.00234	0.77520	0.00505	0.00244	0.00582
20	0.00918	0.00784	0.01159	0.18796	0.11032	0.00846	0.00914	0.01212	0.02887	0.01821	0.38927	0.02948	0.08387	0.00895	0.00674	0.00176	0.05836	0.00769	0.00440	0.00578
21	0.01153	0.00622	0.00799	0.00735	0.00923	0.00557	0.00557	0.01347	0.01367	0.21231	0.30184	0.18799	0.13301	0.01116	0.00607	0.00177	0.00319	0.00970	0.04645	0.00589
22	0.01410	0.58446	0.12736	0.01035	0.01519	0.01886	0.01064	0.07282	0.04788	0.01539	0.00952	0.01151	0.00827	0.00526	0.00404	0.00133	0.00595	0.02711	0.00276	0.00721
23	0.01287	0.01233	0.02105	0.13286	0.68117	0.01265	0.01627	0.01611	0.01203	0.01704	0.01002	0.01342	0.00833	0.00486	0.00532	0.00162	0.00648	0.00478	0.00262	0.00817
24	0.00786	0.00572	0.00759	0.00813	0.00927	0.00551	0.00647	0.01027	0.02837	0.01758	0.29114	0.19344	0.07559	0.01364	0.00684	0.00210	0.00363	0.29663	0.00530	0.00493
25	0.00918	0.00788	0.04584	0.01001	0.01193	0.00718	0.02657	0.03461	0.05732	0.01684	0.02961	0.05215	0.12392	0.01327	0.00696	0.00227	0.00488	0.52935	0.00481	0.00542
26	0.01125	0.01123	0.07578	0.00955	0.02862	0.00801	0.03010	0.02991	0.01149	0.01768	0.01027	0.03524	0.00872	0.00454	0.00428	0.00097	0.00452	0.00377	0.00318	0.69087
27	0.01691	0.49582	0.02255	0.00986	0.01423	0.01778	0.00910	0.18145	0.01485	0.13035	0.03371	0.01192	0.00963	0.00549	0.00424	0.00134	0.00551	0.00388	0.00372	0.00766
28	0.01389	0.16214	0.08604	0.05880	0.04358	0.01455	0.15023	0.15830	0.04026	0.01925	0.01032	0.01225	0.00812	0.00537	0.00582	0.00151	0.06299	0.00445	0.00323	0.13889
29	0.05479	0.18610	0.16081	0.01111	0.01570	0.08284	0.01070	0.14252	0.03285	0.01878	0.01000	0.01152	0.00803	0.00731	0.05121	0.00181	0.02958	0.00382	0.00318	0.15737
30	0.03807	0.01215	0.08249	0.03956	0.12010	0.02282	0.03147	0.08870	0.07330	0.06646	0.05259	0.07238	0.01315	0.00627	0.00504	0.00145	0.00512	0.00536	0.00386	0.25965
31	0.01112	0.05235	0.16081	0.01181	0.06281	0.04648	0.03008	0.03909	0.08474	0.03962	0.16679	0.06620	0.08036	0.00980	0.04378	0.00201	0.00560	0.03232	0.00410	0.05010
32	0.01071	0.00962	0.03864	0.04798	0.02803	0.05375	0.00772	0.01644	0.22003	0.04462	0.18496	0.18433	0.06401	0.00997	0.00589	0.00179	0.00422	0.02104	0.00489	0.04136
33	0.01357	0.09375	0.07918	0.05298	0.15788	0.04898	0.03668	0.03279	0.07172	0.09948	0.09273	0.02905	0.01397	0.00599	0.00505	0.00147	0.00549	0.00510	0.00375	0.15036

[dist]
# distance from previous block
# <min> <max>
7	85

# created by:
# /home/cegg/simao/soft/augustus-3.2.1/scripts/msa2prfl.pl ./align_prep/EOG091G0SAU.fa
