[name]
unknown

[dist]
# distance from previous block
# <min> <max>
0	306

[block]
# block no. 0 follows, 42 sequences, length 6
# corresponding to MSA columns:
# 306-311
name=unknown_A
#
# <colnr> <probs for GDERKNQSTAVLIFYWHMCP>
#	G	D	E	R	K	N	Q	S	T	A	V	L	I	F	Y	W	H	M	C	P
0	0.22809	0.01191	0.05216	0.01419	0.17390	0.05288	0.00952	0.01601	0.05334	0.04592	0.02168	0.02351	0.17456	0.00771	0.00522	0.00173	0.00509	0.03418	0.00393	0.06445
1	0.01289	0.06613	0.09703	0.05149	0.10689	0.09102	0.01060	0.07803	0.02736	0.04528	0.14962	0.10733	0.03350	0.01042	0.05349	0.00216	0.00632	0.00697	0.00412	0.03936
2	0.04854	0.01205	0.05708	0.03999	0.30850	0.01127	0.05772	0.01838	0.06316	0.13736	0.14767	0.01999	0.01783	0.00681	0.00611	0.00177	0.02743	0.00610	0.00424	0.00800
3	0.01310	0.01203	0.09601	0.01049	0.01518	0.00886	0.05974	0.06074	0.01344	0.10130	0.05687	0.06019	0.04998	0.00645	0.00515	0.00135	0.00498	0.00551	0.00409	0.41454
4	0.01230	0.01638	0.24285	0.06904	0.08595	0.01159	0.09451	0.03616	0.11475	0.03504	0.03781	0.01735	0.04238	0.00616	0.00546	0.00167	0.00635	0.00541	0.06062	0.09821
5	0.01140	0.00645	0.00676	0.00629	0.00795	0.00658	0.00482	0.09306	0.01385	0.02273	0.09930	0.02247	0.01812	0.00712	0.00441	0.00140	0.00302	0.00576	0.65277	0.00572

[dist]
# distance from previous block
# <min> <max>
0	74

[block]
# block no. 1 follows, 42 sequences, length 7
# corresponding to MSA columns:
# 386-392
name=unknown_B
#
# <colnr> <probs for GDERKNQSTAVLIFYWHMCP>
#	G	D	E	R	K	N	Q	S	T	A	V	L	I	F	Y	W	H	M	C	P
0	0.01331	0.00983	0.04392	0.00962	0.01228	0.00947	0.00789	0.19198	0.04352	0.10143	0.19964	0.06195	0.06963	0.05160	0.14465	0.00325	0.00643	0.00760	0.00516	0.00685
1	0.01185	0.05422	0.09869	0.01700	0.17088	0.01144	0.10949	0.06398	0.04001	0.01990	0.20717	0.05785	0.04408	0.00821	0.00653	0.00182	0.03559	0.03000	0.00414	0.00717
2	0.01213	0.00573	0.00611	0.00577	0.00742	0.00558	0.00441	0.01470	0.01228	0.10416	0.01878	0.02078	0.01437	0.00660	0.00413	0.00136	0.00286	0.00529	0.74180	0.00573
3	0.13073	0.01411	0.09141	0.05347	0.22800	0.04278	0.14205	0.03901	0.01260	0.01889	0.01325	0.05538	0.01205	0.00707	0.00620	0.00189	0.03476	0.08572	0.00331	0.00732
4	0.01380	0.01092	0.01306	0.04143	0.07779	0.01156	0.00908	0.09107	0.33473	0.06367	0.15634	0.02220	0.02087	0.00754	0.00569	0.00171	0.00457	0.00640	0.00523	0.10234
5	0.04611	0.01432	0.01607	0.14508	0.06821	0.14176	0.07220	0.07698	0.26530	0.01995	0.01584	0.06641	0.01293	0.00707	0.00567	0.00181	0.00654	0.00601	0.00416	0.00761
6	0.01593	0.08483	0.23579	0.01499	0.06860	0.14719	0.01369	0.18960	0.07948	0.02114	0.01303	0.01405	0.03360	0.00635	0.00582	0.00169	0.03776	0.00471	0.00364	0.00810

[dist]
# distance from previous block
# <min> <max>
0	2

[block]
# block no. 2 follows, 42 sequences, length 6
# corresponding to MSA columns:
# 395-400
name=unknown_C
#
# <colnr> <probs for GDERKNQSTAVLIFYWHMCP>
#	G	D	E	R	K	N	Q	S	T	A	V	L	I	F	Y	W	H	M	C	P
0	0.01764	0.01320	0.01491	0.01353	0.07813	0.01454	0.01002	0.34216	0.28240	0.07087	0.01742	0.01702	0.01279	0.00692	0.00555	0.00174	0.00530	0.00557	0.06130	0.00899
1	0.01542	0.10225	0.05216	0.01062	0.01423	0.05588	0.02633	0.17738	0.07082	0.09780	0.01596	0.09820	0.01402	0.08431	0.00754	0.00196	0.00555	0.00614	0.03587	0.10755
2	0.00998	0.00874	0.01018	0.06408	0.05025	0.07132	0.00837	0.01208	0.01240	0.01582	0.02691	0.16735	0.11963	0.04011	0.00740	0.00218	0.00511	0.27003	0.00444	0.09363
3	0.01004	0.09555	0.00966	0.00742	0.00816	0.00684	0.00536	0.00849	0.00838	0.01074	0.01457	0.02013	0.08967	0.01732	0.01829	0.65320	0.00480	0.00542	0.00274	0.00323
4	0.01192	0.01274	0.09615	0.17320	0.15700	0.01264	0.01311	0.04173	0.11535	0.01817	0.09728	0.01839	0.01472	0.00964	0.06098	0.00240	0.12807	0.00575	0.00354	0.00723
5	0.03675	0.10291	0.01900	0.07768	0.18944	0.05338	0.06008	0.16556	0.05373	0.04374	0.01305	0.06747	0.01104	0.00641	0.00536	0.00163	0.00626	0.00549	0.00382	0.07719

[dist]
# distance from previous block
# <min> <max>
1	9

[block]
# block no. 3 follows, 42 sequences, length 7
# corresponding to MSA columns:
# 411-417
name=unknown_D
#
# <colnr> <probs for GDERKNQSTAVLIFYWHMCP>
#	G	D	E	R	K	N	Q	S	T	A	V	L	I	F	Y	W	H	M	C	P
0	0.21457	0.11008	0.22609	0.05368	0.01800	0.20409	0.01224	0.01792	0.01251	0.01821	0.05693	0.01255	0.00987	0.00578	0.00473	0.00163	0.00715	0.00405	0.00303	0.00691
1	0.01134	0.10111	0.05773	0.00996	0.02651	0.04164	0.04037	0.06241	0.06043	0.04626	0.05708	0.15905	0.19423	0.09678	0.00846	0.00222	0.00495	0.00888	0.00445	0.00614
2	0.00732	0.00577	0.00753	0.00767	0.00895	0.00520	0.03248	0.00897	0.01260	0.01641	0.17643	0.35248	0.27960	0.01481	0.00691	0.00206	0.00332	0.04128	0.00532	0.00490
3	0.01327	0.00734	0.00785	0.00707	0.00917	0.00757	0.00550	0.07797	0.09870	0.09696	0.01885	0.02018	0.01428	0.00674	0.00445	0.00145	0.00335	0.00540	0.58745	0.00646
4	0.01599	0.01809	0.01369	0.01228	0.01488	0.39571	0.03110	0.05808	0.10005	0.01674	0.04566	0.06630	0.13532	0.00848	0.00626	0.00171	0.04268	0.00646	0.00398	0.00653
5	0.04063	0.17716	0.18143	0.01226	0.01694	0.07404	0.01187	0.15335	0.11660	0.02041	0.01196	0.01352	0.00951	0.03388	0.00648	0.00174	0.04951	0.00445	0.00362	0.06063
6	0.01022	0.00816	0.09378	0.00729	0.00937	0.00642	0.00660	0.01323	0.01163	0.01949	0.01804	0.02361	0.01506	0.01071	0.08147	0.00224	0.00472	0.06577	0.58664	0.00557

[dist]
# distance from previous block
# <min> <max>
16	107

[block]
# block no. 4 follows, 42 sequences, length 15
# corresponding to MSA columns:
# 534-548
name=unknown_E
#
# <colnr> <probs for GDERKNQSTAVLIFYWHMCP>
#	G	D	E	R	K	N	Q	S	T	A	V	L	I	F	Y	W	H	M	C	P
0	0.06969	0.03077	0.15223	0.04153	0.12122	0.01135	0.01150	0.11231	0.03556	0.04190	0.01486	0.03492	0.04054	0.05589	0.00671	0.00185	0.00580	0.04205	0.00373	0.16559
1	0.10269	0.01113	0.03295	0.04593	0.19669	0.01042	0.09396	0.04846	0.01287	0.05744	0.01848	0.07957	0.10399	0.00724	0.00547	0.00166	0.00547	0.00645	0.02521	0.13394
2	0.07116	0.01304	0.12974	0.08106	0.21696	0.01049	0.01226	0.03507	0.01309	0.10093	0.07950	0.05905	0.06888	0.00718	0.00554	0.00170	0.00561	0.00617	0.00391	0.07865
3	0.14000	0.01229	0.04038	0.12623	0.07052	0.06614	0.03123	0.09583	0.01409	0.09912	0.03896	0.01990	0.09663	0.00699	0.00531	0.00167	0.00571	0.02302	0.00409	0.10189
4	0.01209	0.00893	0.01148	0.01142	0.05732	0.00936	0.00840	0.05243	0.11445	0.09002	0.06533	0.20513	0.05777	0.01120	0.00773	0.00201	0.09409	0.10266	0.00492	0.07327
5	0.01075	0.01010	0.01726	0.63875	0.07216	0.01206	0.05861	0.01422	0.01119	0.01451	0.01077	0.01680	0.00873	0.07270	0.00763	0.00217	0.00741	0.00537	0.00261	0.00623
6	0.01308	0.01205	0.01945	0.27338	0.42672	0.01295	0.01545	0.07745	0.01346	0.01836	0.01328	0.01653	0.05150	0.00588	0.00566	0.00175	0.00669	0.00540	0.00307	0.00788
7	0.01835	0.01406	0.01506	0.05100	0.01701	0.05085	0.00989	0.47460	0.06622	0.05556	0.05277	0.05153	0.01336	0.00724	0.00561	0.00166	0.00581	0.00571	0.00521	0.07849
8	0.01583	0.01105	0.01299	0.07656	0.01635	0.01212	0.00937	0.09387	0.39255	0.16258	0.05658	0.02381	0.01795	0.00807	0.00590	0.00190	0.00491	0.06354	0.00566	0.00840
9	0.01082	0.01020	0.01723	0.74486	0.08110	0.01255	0.01572	0.01455	0.01134	0.01461	0.01004	0.01494	0.00758	0.00559	0.00562	0.00186	0.00745	0.00500	0.00252	0.00641
10	0.01328	0.00981	0.01171	0.01200	0.08950	0.02457	0.00824	0.18501	0.06967	0.07876	0.04761	0.22561	0.12965	0.04178	0.00715	0.00206	0.00469	0.02683	0.00515	0.00694
11	0.01429	0.01183	0.01484	0.19074	0.11542	0.05585	0.01132	0.04919	0.27098	0.08998	0.05451	0.01880	0.01442	0.00892	0.05221	0.00224	0.00640	0.00579	0.00443	0.00784
12	0.01318	0.01172	0.01580	0.36984	0.11354	0.06569	0.01293	0.07016	0.07753	0.04687	0.01394	0.05384	0.01174	0.00693	0.00571	0.00181	0.00662	0.04757	0.00357	0.05102
13	0.01678	0.01361	0.01492	0.08007	0.11993	0.12840	0.01058	0.13620	0.14474	0.13296	0.01544	0.01763	0.01204	0.06613	0.06327	0.00252	0.00705	0.00544	0.00443	0.00785
14	0.05091	0.01101	0.05033	0.06570	0.29008	0.02814	0.04034	0.01462	0.01203	0.01779	0.07628	0.02020	0.01473	0.01369	0.16190	0.00319	0.00780	0.03304	0.08131	0.00691

[dist]
# distance from previous block
# <min> <max>
2	53

[block]
# block no. 5 follows, 42 sequences, length 6
# corresponding to MSA columns:
# 602-607
name=unknown_F
#
# <colnr> <probs for GDERKNQSTAVLIFYWHMCP>
#	G	D	E	R	K	N	Q	S	T	A	V	L	I	F	Y	W	H	M	C	P
0	0.13503	0.01297	0.01504	0.01357	0.08568	0.08203	0.06368	0.12442	0.08378	0.20112	0.05069	0.01702	0.03126	0.00653	0.00535	0.00168	0.00573	0.00533	0.00482	0.05426
1	0.08982	0.01169	0.01339	0.07210	0.06444	0.01250	0.00935	0.11820	0.30743	0.02284	0.01623	0.04701	0.01290	0.00668	0.00524	0.00165	0.00495	0.00547	0.00457	0.17352
2	0.13539	0.01230	0.01834	0.08263	0.35186	0.01288	0.06318	0.02008	0.13827	0.09036	0.01336	0.01508	0.01023	0.00570	0.00538	0.00176	0.00605	0.00513	0.00376	0.00827
3	0.50263	0.01176	0.01080	0.00919	0.01286	0.01328	0.00749	0.13684	0.14055	0.08730	0.01249	0.01268	0.00918	0.00602	0.00439	0.00176	0.00470	0.00415	0.00449	0.00742
4	0.01281	0.01223	0.02083	0.28934	0.52104	0.01308	0.01672	0.01629	0.01229	0.01703	0.01039	0.01429	0.00844	0.00522	0.00559	0.00174	0.00696	0.00501	0.00269	0.00801
5	0.34959	0.01714	0.01316	0.01120	0.01481	0.24501	0.00891	0.23700	0.01654	0.02485	0.00979	0.01075	0.00748	0.00585	0.00460	0.00164	0.00665	0.00382	0.00395	0.00726

[dist]
# distance from previous block
# <min> <max>
0	1

[block]
# block no. 6 follows, 42 sequences, length 6
# corresponding to MSA columns:
# 609-614
name=unknown_G
#
# <colnr> <probs for GDERKNQSTAVLIFYWHMCP>
#	G	D	E	R	K	N	Q	S	T	A	V	L	I	F	Y	W	H	M	C	P
0	0.01098	0.01037	0.01752	0.70752	0.11716	0.01260	0.01581	0.01469	0.01142	0.01481	0.01007	0.01489	0.00765	0.00556	0.00562	0.00185	0.00741	0.00500	0.00253	0.00654
1	0.01204	0.01078	0.01647	0.63406	0.03424	0.01314	0.01447	0.08901	0.08702	0.01739	0.01164	0.01545	0.00867	0.00594	0.00564	0.00186	0.00707	0.00514	0.00313	0.00685
2	0.03659	0.01280	0.01378	0.01361	0.08835	0.14327	0.00975	0.06582	0.01362	0.12455	0.05467	0.09833	0.06751	0.02988	0.00912	0.00203	0.17073	0.03456	0.00423	0.00681
3	0.00839	0.00681	0.00760	0.00756	0.00927	0.00665	0.00559	0.01282	0.16112	0.01798	0.16972	0.20747	0.33156	0.01318	0.00658	0.00196	0.00323	0.01138	0.00550	0.00564
4	0.00878	0.00613	0.00681	0.00668	0.00700	0.00632	0.00397	0.01039	0.08435	0.01220	0.01826	0.03522	0.02013	0.72139	0.02631	0.00510	0.00535	0.00800	0.00365	0.00397
5	0.01393	0.01337	0.02284	0.03454	0.76712	0.01337	0.01727	0.01727	0.01281	0.01839	0.01059	0.01393	0.00891	0.00501	0.00557	0.00167	0.00669	0.00501	0.00279	0.00891

[dist]
# distance from previous block
# <min> <max>
1	2

[block]
# block no. 7 follows, 42 sequences, length 15
# corresponding to MSA columns:
# 622-636
name=unknown_H
#
# <colnr> <probs for GDERKNQSTAVLIFYWHMCP>
#	G	D	E	R	K	N	Q	S	T	A	V	L	I	F	Y	W	H	M	C	P
0	0.01601	0.01526	0.01609	0.01465	0.07927	0.19066	0.08544	0.07992	0.21021	0.06788	0.06335	0.01862	0.04563	0.00685	0.00563	0.00167	0.00644	0.00575	0.00444	0.06622
1	0.01273	0.00984	0.01155	0.00852	0.01312	0.00783	0.00681	0.03547	0.03334	0.07227	0.05276	0.01440	0.01161	0.00499	0.00449	0.00101	0.00415	0.00405	0.02436	0.66668
2	0.01000	0.00830	0.01118	0.00998	0.01222	0.00828	0.08407	0.07440	0.10059	0.01850	0.08426	0.12104	0.24131	0.04870	0.04991	0.00255	0.00512	0.09869	0.00493	0.00597
3	0.01393	0.01337	0.02284	0.03454	0.76712	0.01337	0.01727	0.01727	0.01281	0.01839	0.01059	0.01393	0.00891	0.00501	0.00557	0.00167	0.00669	0.00501	0.00279	0.00891
4	0.02072	0.01063	0.01300	0.01057	0.01436	0.01053	0.00851	0.12862	0.18049	0.44001	0.02185	0.08249	0.01593	0.00796	0.00579	0.00182	0.00479	0.00658	0.00636	0.00902
5	0.01164	0.01020	0.01315	0.00969	0.01432	0.00828	0.06720	0.01519	0.05946	0.01900	0.07412	0.01509	0.01266	0.00505	0.00468	0.00107	0.00449	0.00437	0.00369	0.64666
6	0.04336	0.09008	0.14542	0.04428	0.13206	0.01330	0.04495	0.07744	0.14347	0.10289	0.04556	0.01586	0.01215	0.00610	0.00532	0.00167	0.00601	0.00510	0.00407	0.06090
7	0.02047	0.01122	0.04098	0.01035	0.01424	0.01035	0.00864	0.21672	0.01794	0.40599	0.07242	0.02157	0.03947	0.07403	0.00767	0.00205	0.00514	0.00617	0.00603	0.00856
8	0.01087	0.00947	0.01496	0.01348	0.07585	0.00941	0.16378	0.01640	0.14766	0.02131	0.34775	0.02852	0.03037	0.00843	0.00616	0.00178	0.00475	0.00791	0.07443	0.00673
9	0.09042	0.01164	0.01353	0.01063	0.01466	0.01184	0.00872	0.28140	0.04470	0.35645	0.08229	0.01836	0.01523	0.00716	0.00555	0.00173	0.00505	0.00565	0.00609	0.00889
10	0.01521	0.01206	0.01300	0.01118	0.01423	0.01385	0.00888	0.20156	0.42986	0.02546	0.01901	0.01862	0.01433	0.00741	0.00627	0.00181	0.05460	0.00580	0.11844	0.00839
11	0.01021	0.00839	0.00907	0.00814	0.01054	0.00837	0.00610	0.03518	0.23780	0.01869	0.09875	0.03432	0.25459	0.12503	0.00924	0.00227	0.00394	0.00831	0.00499	0.10609
12	0.00881	0.00743	0.00962	0.11637	0.01353	0.00798	0.00742	0.01216	0.07391	0.01796	0.27655	0.03660	0.25488	0.01275	0.04974	0.00229	0.07255	0.00898	0.00485	0.00562
13	0.01421	0.01148	0.01232	0.01088	0.01387	0.01298	0.00843	0.09815	0.56023	0.04401	0.07313	0.02278	0.01907	0.06377	0.00739	0.00212	0.00458	0.00661	0.00562	0.00835
14	0.03754	0.01204	0.01342	0.01077	0.01422	0.01288	0.00871	0.43461	0.04208	0.08133	0.24486	0.02276	0.02337	0.00822	0.00589	0.00172	0.00492	0.00666	0.00584	0.00816

[dist]
# distance from previous block
# <min> <max>
0	2

[block]
# block no. 8 follows, 42 sequences, length 20
# corresponding to MSA columns:
# 639-656,667,668
name=unknown_I
#
# <colnr> <probs for GDERKNQSTAVLIFYWHMCP>
#	G	D	E	R	K	N	Q	S	T	A	V	L	I	F	Y	W	H	M	C	P
0	0.01639	0.14253	0.28800	0.03841	0.02011	0.23714	0.01434	0.14454	0.01548	0.01889	0.00993	0.01133	0.00761	0.00565	0.00506	0.00159	0.00811	0.00401	0.00310	0.00778
1	0.01553	0.01140	0.01403	0.01267	0.06063	0.01285	0.00953	0.30198	0.04246	0.06497	0.03997	0.01757	0.01254	0.03835	0.14150	0.05312	0.10907	0.00556	0.02887	0.00740
2	0.00847	0.00606	0.00731	0.03421	0.00951	0.00548	0.00548	0.01037	0.01362	0.06255	0.26661	0.10900	0.36212	0.03626	0.00729	0.00201	0.00327	0.03966	0.00548	0.00523
3	0.00815	0.00570	0.00705	0.05188	0.00860	0.00589	0.00464	0.00865	0.00875	0.01171	0.01869	0.12733	0.02123	0.59720	0.08710	0.00516	0.00611	0.00877	0.00355	0.00385
4	0.00985	0.00873	0.01317	0.01173	0.01261	0.01089	0.05463	0.01162	0.00910	0.01339	0.01238	0.01934	0.01187	0.08267	0.41548	0.00607	0.28233	0.00584	0.00284	0.00546
5	0.03560	0.12949	0.06182	0.04902	0.52630	0.04085	0.01541	0.01721	0.01250	0.01751	0.00999	0.01281	0.00838	0.00502	0.00516	0.00158	0.00667	0.00452	0.00274	0.03742
6	0.73013	0.04358	0.00985	0.00817	0.01165	0.08721	0.00670	0.01713	0.01027	0.02367	0.00792	0.00923	0.00625	0.00526	0.00364	0.00169	0.00498	0.00310	0.00338	0.00618
7	0.01237	0.00997	0.01289	0.03480	0.01434	0.01037	0.07527	0.18755	0.12072	0.02330	0.21401	0.08454	0.11586	0.01003	0.00634	0.00188	0.00472	0.04878	0.00533	0.00693
8	0.00801	0.00583	0.00865	0.00880	0.00966	0.00662	0.00669	0.00962	0.00914	0.01301	0.01658	0.11135	0.01647	0.03796	0.64363	0.05974	0.01308	0.00711	0.00323	0.00481
9	0.00800	0.00594	0.00814	0.00820	0.00907	0.00647	0.00611	0.00934	0.00958	0.01311	0.02238	0.09534	0.12063	0.13135	0.43367	0.04991	0.03243	0.02214	0.00356	0.00464
10	0.01303	0.01460	0.03073	0.06867	0.02860	0.01441	0.63419	0.01739	0.01272	0.01739	0.01093	0.01490	0.00837	0.00527	0.00769	0.00195	0.08261	0.00638	0.00279	0.00738
11	0.00869	0.00672	0.00861	0.05367	0.05002	0.00639	0.00651	0.01147	0.04341	0.03957	0.34173	0.07194	0.28524	0.01184	0.00652	0.00186	0.00344	0.03136	0.00541	0.00559
12	0.84197	0.01088	0.00827	0.00740	0.01088	0.01262	0.00609	0.01654	0.00958	0.02525	0.00784	0.00914	0.00609	0.00522	0.00348	0.00174	0.00435	0.00305	0.00348	0.00609
13	0.01505	0.80561	0.02949	0.00963	0.01444	0.02227	0.00963	0.01685	0.01143	0.01324	0.00782	0.00903	0.00722	0.00481	0.00361	0.00120	0.00602	0.00301	0.00241	0.00722
14	0.00711	0.00572	0.00634	0.00618	0.00788	0.00495	0.00464	0.00897	0.01391	0.01778	0.30457	0.04992	0.51566	0.01329	0.00665	0.00185	0.00278	0.01128	0.00557	0.00495
15	0.00872	0.00595	0.00761	0.00708	0.00863	0.00540	0.00535	0.01121	0.01559	0.06084	0.64651	0.04219	0.13045	0.01157	0.00659	0.00178	0.00279	0.01013	0.00613	0.00547
16	0.01980	0.01514	0.01786	0.01561	0.10124	0.01648	0.03931	0.61610	0.02395	0.03225	0.01364	0.03787	0.01031	0.00682	0.00571	0.00171	0.00628	0.00546	0.00519	0.00927
17	0.00875	0.00620	0.00808	0.00841	0.00969	0.00599	0.00654	0.01168	0.05497	0.03846	0.31575	0.22187	0.06328	0.01376	0.00699	0.00212	0.00363	0.20278	0.00566	0.00540
18	0.00971	0.00933	0.04004	0.06590	0.01419	0.05384	0.06141	0.01313	0.06766	0.01706	0.13524	0.17499	0.12439	0.01360	0.04956	0.00243	0.00555	0.13156	0.00466	0.00575
19	0.06291	0.75961	0.02826	0.00950	0.01424	0.02171	0.00942	0.01683	0.01133	0.01394	0.00782	0.00903	0.00716	0.00484	0.00360	0.00123	0.00592	0.00301	0.00247	0.00716

[dist]
# distance from previous block
# <min> <max>
1	2

[block]
# block no. 9 follows, 42 sequences, length 32
# corresponding to MSA columns:
# 671-702
name=unknown_J
#
# <colnr> <probs for GDERKNQSTAVLIFYWHMCP>
#	G	D	E	R	K	N	Q	S	T	A	V	L	I	F	Y	W	H	M	C	P
0	0.03970	0.46061	0.15308	0.09150	0.09223	0.01836	0.01281	0.04521	0.01215	0.01587	0.00892	0.01077	0.00746	0.00509	0.00438	0.00145	0.00658	0.00368	0.00261	0.00753
1	0.53409	0.10179	0.02867	0.00903	0.01297	0.01378	0.02738	0.07728	0.01153	0.02338	0.00866	0.01005	0.00686	0.00532	0.00428	0.00161	0.02641	0.00341	0.00346	0.09005
2	0.34218	0.09907	0.07893	0.03748	0.17534	0.12818	0.01117	0.03675	0.01209	0.02015	0.00895	0.01081	0.00720	0.00528	0.00445	0.00163	0.00636	0.00375	0.00307	0.00716
3	0.00960	0.08771	0.01035	0.00772	0.01037	0.00857	0.00611	0.01394	0.14693	0.01779	0.12969	0.07137	0.33827	0.01070	0.00590	0.00170	0.00361	0.00894	0.00493	0.10579
4	0.00808	0.00589	0.00832	0.00832	0.00908	0.00664	0.00614	0.00959	0.00883	0.01253	0.01573	0.02575	0.01565	0.23033	0.59396	0.00816	0.01269	0.00656	0.00311	0.00462
5	0.00807	0.00590	0.00841	0.00841	0.00919	0.00669	0.00624	0.00964	0.00886	0.01259	0.01566	0.02534	0.01547	0.20897	0.61508	0.00826	0.01296	0.00650	0.00310	0.00467
6	0.02381	0.00920	0.01244	0.00965	0.01373	0.00800	0.00793	0.02603	0.01587	0.70292	0.04982	0.02011	0.01543	0.00711	0.00560	0.00172	0.00459	0.00581	0.05104	0.00919
7	0.01328	0.01518	0.03321	0.02372	0.02941	0.01423	0.74668	0.01803	0.01328	0.01803	0.01139	0.01518	0.00854	0.00474	0.00664	0.00190	0.00949	0.00664	0.00285	0.00759
8	0.00682	0.00555	0.00604	0.00625	0.00779	0.00477	0.00456	0.00829	0.01275	0.01578	0.12311	0.19484	0.55461	0.01462	0.00675	0.00196	0.00291	0.01249	0.00532	0.00477
9	0.01135	0.01063	0.01705	0.60832	0.10554	0.01292	0.01498	0.01619	0.08623	0.01565	0.01125	0.01540	0.00861	0.00593	0.00612	0.00188	0.03719	0.00514	0.00285	0.00677
10	0.69055	0.01147	0.00951	0.00830	0.01186	0.01322	0.00679	0.09119	0.07353	0.02613	0.00966	0.01057	0.00737	0.00558	0.00389	0.00175	0.00455	0.00353	0.00389	0.00668
11	0.00768	0.00524	0.00629	0.00678	0.00690	0.00512	0.00410	0.00805	0.00916	0.01222	0.02275	0.32477	0.02680	0.50564	0.02053	0.00426	0.00463	0.01114	0.00410	0.00385
12	0.00750	0.00571	0.00790	0.00840	0.00940	0.00531	0.03404	0.00910	0.01205	0.01592	0.11978	0.47907	0.13728	0.01567	0.00710	0.00220	0.00363	0.10981	0.00524	0.00488
13	0.01195	0.01163	0.01989	0.01549	0.01925	0.01164	0.32089	0.01926	0.22960	0.02016	0.14635	0.02644	0.06713	0.00790	0.00644	0.00192	0.00622	0.04605	0.00452	0.00728
14	0.01505	0.80561	0.02949	0.00963	0.01444	0.02227	0.00963	0.01685	0.01143	0.01324	0.00782	0.00903	0.00722	0.00481	0.00361	0.00120	0.00602	0.00301	0.00241	0.00722
15	0.01547	0.01603	0.06837	0.02053	0.02598	0.05325	0.53187	0.08453	0.01480	0.09314	0.01243	0.01499	0.00902	0.00523	0.00630	0.00183	0.00870	0.00612	0.00348	0.00795
16	0.00805	0.00598	0.00880	0.00880	0.00972	0.00690	0.00673	0.00989	0.00897	0.01288	0.01530	0.02333	0.01460	0.10552	0.71734	0.00875	0.01427	0.00621	0.00305	0.00489
17	0.11266	0.00719	0.00624	0.00605	0.00772	0.05128	0.00460	0.01408	0.01177	0.02108	0.01651	0.01890	0.01299	0.00635	0.00395	0.00137	0.00327	0.00488	0.68369	0.00542
18	0.01178	0.04956	0.57298	0.01676	0.02378	0.01393	0.11880	0.01739	0.01173	0.01728	0.00993	0.01229	0.00735	0.00570	0.00679	0.00185	0.08714	0.00454	0.00245	0.00797
19	0.01393	0.01326	0.02200	0.03262	0.70444	0.01342	0.01657	0.01832	0.07480	0.01881	0.01161	0.01452	0.00960	0.00523	0.00558	0.00169	0.00650	0.00513	0.00303	0.00891
20	0.01961	0.01421	0.01532	0.01197	0.01598	0.01569	0.00983	0.63670	0.02410	0.03287	0.01408	0.01470	0.01029	0.00855	0.04508	0.00203	0.00629	0.00513	0.08868	0.00890
21	0.05444	0.00923	0.01220	0.00951	0.01355	0.00815	0.00782	0.02562	0.01556	0.67275	0.03873	0.01944	0.01459	0.00698	0.00548	0.00171	0.00457	0.00564	0.06500	0.00904
22	0.01432	0.00855	0.01051	0.00911	0.01166	0.00859	0.00710	0.05801	0.16570	0.21283	0.29779	0.02885	0.02930	0.05172	0.05804	0.00245	0.00471	0.00761	0.00592	0.00724
23	0.00689	0.00541	0.00623	0.00667	0.00791	0.00475	0.00476	0.00829	0.01243	0.01577	0.13177	0.33249	0.40628	0.01519	0.00685	0.00203	0.00298	0.01322	0.00534	0.00475
24	0.01522	0.01304	0.01551	0.01295	0.01661	0.01463	0.08335	0.15482	0.55400	0.02508	0.02010	0.01910	0.01498	0.00719	0.00580	0.00187	0.00526	0.00616	0.00542	0.00889
25	0.00978	0.00489	0.00733	0.00733	0.00733	0.00489	0.00489	0.00733	0.00733	0.00978	0.00978	0.01711	0.00978	0.01955	0.02199	0.83627	0.00489	0.00489	0.00244	0.00244
26	0.00686	0.00490	0.00653	0.00784	0.00816	0.00457	0.00522	0.00784	0.01077	0.01437	0.03102	0.79855	0.03722	0.01763	0.00718	0.00229	0.00326	0.01600	0.00522	0.00457
27	0.00692	0.00542	0.00608	0.00648	0.00767	0.00479	0.00453	0.00811	0.01182	0.01479	0.07219	0.29069	0.42904	0.09441	0.00903	0.00238	0.00324	0.01276	0.00508	0.00458
28	0.01167	0.01000	0.01167	0.00834	0.01334	0.00750	0.00667	0.01417	0.01167	0.01834	0.01000	0.01167	0.00834	0.00417	0.00417	0.00083	0.00417	0.00333	0.00333	0.83663
29	0.01446	0.01239	0.01351	0.01273	0.05331	0.01418	0.00945	0.07463	0.67274	0.02403	0.02168	0.02016	0.01628	0.00745	0.00571	0.00188	0.00468	0.00621	0.00557	0.00895
30	0.01214	0.01339	0.08375	0.05504	0.13637	0.01221	0.25960	0.01829	0.15117	0.01861	0.05367	0.07508	0.01507	0.00887	0.04747	0.00227	0.00736	0.01840	0.00371	0.00753
31	0.03642	0.07759	0.06459	0.07728	0.01898	0.07317	0.08441	0.12882	0.04012	0.29264	0.03945	0.01619	0.01192	0.00637	0.00551	0.00170	0.00635	0.00526	0.00487	0.00836

[dist]
# distance from previous block
# <min> <max>
2	6

[block]
# block no. 10 follows, 42 sequences, length 36
# corresponding to MSA columns:
# 709-719,727-736,738-752
name=unknown_K
#
# <colnr> <probs for GDERKNQSTAVLIFYWHMCP>
#	G	D	E	R	K	N	Q	S	T	A	V	L	I	F	Y	W	H	M	C	P
0	0.05404	0.31787	0.23414	0.01490	0.11589	0.01629	0.02575	0.01803	0.08105	0.01709	0.02969	0.03139	0.01017	0.00574	0.00476	0.00157	0.00643	0.00446	0.00298	0.00775
1	0.42715	0.01130	0.01306	0.06636	0.01557	0.03058	0.10230	0.06413	0.01198	0.02260	0.06450	0.01425	0.01096	0.00695	0.02345	0.00194	0.04537	0.00462	0.05652	0.00640
2	0.00818	0.00546	0.00614	0.00614	0.00614	0.00546	0.00341	0.00818	0.00818	0.01091	0.01773	0.03683	0.02046	0.80222	0.02864	0.00546	0.00546	0.00818	0.00341	0.00341
3	0.01525	0.74326	0.02827	0.00980	0.01448	0.03920	0.00960	0.04190	0.01215	0.01422	0.02443	0.00992	0.00830	0.00505	0.00378	0.00124	0.00605	0.00325	0.00261	0.00724
4	0.01233	0.00998	0.01174	0.00842	0.01339	0.00754	0.00675	0.01482	0.01189	0.05512	0.01060	0.01204	0.00861	0.00430	0.00424	0.00088	0.00420	0.00345	0.00351	0.79621
5	0.07561	0.01163	0.07297	0.08291	0.01706	0.01022	0.00997	0.11758	0.01561	0.37643	0.01856	0.05782	0.01398	0.00762	0.00566	0.00181	0.00541	0.05812	0.00544	0.03561
6	0.01486	0.01225	0.01305	0.01147	0.01469	0.01396	0.00897	0.16241	0.56649	0.02510	0.02174	0.07598	0.01721	0.00820	0.00581	0.00190	0.00469	0.00682	0.00567	0.00872
7	0.00806	0.00593	0.00855	0.00855	0.00938	0.00677	0.00642	0.00973	0.00890	0.01270	0.01553	0.02462	0.01516	0.17186	0.65176	0.00843	0.01343	0.00640	0.00308	0.00475
8	0.00713	0.00559	0.00631	0.00659	0.00792	0.00496	0.00480	0.00854	0.01234	0.01551	0.11868	0.19038	0.43892	0.08790	0.00887	0.00234	0.00331	0.06011	0.00515	0.00468
9	0.00934	0.00622	0.00739	0.00717	0.00904	0.00535	0.00529	0.01090	0.01275	0.10327	0.10078	0.27621	0.33842	0.01349	0.00652	0.00191	0.00328	0.01167	0.00537	0.06562
10	0.84197	0.01088	0.00827	0.00740	0.01088	0.01262	0.00609	0.01654	0.00958	0.02525	0.00784	0.00914	0.00609	0.00522	0.00348	0.00174	0.00435	0.00305	0.00348	0.00609
11	0.01098	0.00926	0.01105	0.00837	0.01266	0.00725	0.00660	0.01333	0.01136	0.01756	0.01200	0.06970	0.01096	0.00868	0.07646	0.00170	0.00512	0.00450	0.00344	0.69902
12	0.01210	0.28412	0.45548	0.01296	0.01952	0.01534	0.01556	0.01660	0.01182	0.01606	0.01370	0.01486	0.07756	0.00600	0.00489	0.00160	0.00705	0.00449	0.00265	0.00762
13	0.01182	0.13920	0.66764	0.01513	0.02295	0.01437	0.01921	0.01768	0.01182	0.01717	0.00978	0.01148	0.00714	0.00527	0.00510	0.00170	0.00799	0.00400	0.00238	0.00816
14	0.01379	0.54649	0.27762	0.01177	0.01775	0.01920	0.01335	0.01718	0.01158	0.01477	0.00858	0.00998	0.00719	0.00499	0.00419	0.00140	0.00679	0.00339	0.00240	0.00759
15	0.00825	0.00547	0.00691	0.00745	0.00838	0.00498	0.00517	0.00950	0.01183	0.06574	0.10967	0.49785	0.15475	0.06625	0.00832	0.00234	0.00338	0.01353	0.00532	0.00494
16	0.01255	0.01052	0.01214	0.00875	0.01371	0.00840	0.00703	0.08034	0.01300	0.01988	0.01032	0.01184	0.00845	0.00440	0.00430	0.00091	0.00435	0.00349	0.00354	0.76209
17	0.01063	0.01000	0.01688	0.78870	0.03876	0.01250	0.01563	0.01438	0.01125	0.01438	0.01000	0.01500	0.00750	0.00563	0.00563	0.00188	0.00750	0.00500	0.00250	0.00625
18	0.01349	0.05193	0.01987	0.09618	0.46987	0.05001	0.01424	0.01676	0.02718	0.01754	0.01091	0.03113	0.00933	0.00530	0.00526	0.00154	0.00636	0.00484	0.00295	0.14530
19	0.00769	0.00552	0.00748	0.00875	0.00948	0.00530	0.00666	0.00930	0.01165	0.01533	0.03116	0.50168	0.05245	0.01676	0.00739	0.00239	0.00398	0.28702	0.00521	0.00481
20	0.01435	0.19411	0.33794	0.05137	0.02020	0.03055	0.01462	0.15718	0.06444	0.02041	0.01135	0.01259	0.00855	0.00571	0.00501	0.00163	0.00696	0.00429	0.03062	0.00812
21	0.01157	0.00737	0.00899	0.00826	0.00998	0.00807	0.00649	0.11685	0.01296	0.04555	0.03209	0.02054	0.01423	0.02077	0.30902	0.00445	0.02663	0.00564	0.32458	0.00594
22	0.00790	0.00561	0.00739	0.00837	0.00907	0.00543	0.00627	0.00937	0.01138	0.01502	0.05761	0.36349	0.05150	0.14569	0.01089	0.00289	0.00427	0.26828	0.00495	0.00463
23	0.01300	0.05114	0.49330	0.01690	0.04094	0.06962	0.11092	0.05380	0.01286	0.01800	0.01008	0.01224	0.00750	0.00565	0.00633	0.00179	0.06079	0.00451	0.00265	0.00799
24	0.00851	0.00588	0.00665	0.00634	0.00681	0.00565	0.00371	0.00874	0.00851	0.01160	0.01701	0.03449	0.01933	0.72807	0.02637	0.00503	0.00534	0.00773	0.00340	0.08083
25	0.00795	0.00689	0.04494	0.00733	0.00908	0.00561	0.00593	0.01062	0.01530	0.02132	0.62932	0.04223	0.14920	0.01158	0.00658	0.00179	0.00296	0.01012	0.00587	0.00538
26	0.00969	0.00594	0.00740	0.00813	0.00943	0.00594	0.00683	0.01229	0.01245	0.01865	0.02481	0.04495	0.02456	0.01163	0.00610	0.00203	0.00407	0.41362	0.36627	0.00521
27	0.01289	0.01328	0.01715	0.01476	0.01495	0.06823	0.01222	0.01414	0.00911	0.01356	0.00748	0.01217	0.00738	0.00958	0.01757	0.00239	0.73963	0.00484	0.00249	0.00618
28	0.02354	0.00914	0.01245	0.00981	0.01379	0.00793	0.00799	0.02561	0.01561	0.70071	0.02302	0.09157	0.01609	0.00796	0.00580	0.00179	0.00465	0.00662	0.00680	0.00911
29	0.01167	0.01000	0.01167	0.00834	0.01334	0.00750	0.00667	0.01417	0.01167	0.01834	0.01000	0.01167	0.00834	0.00417	0.00417	0.00083	0.00417	0.00333	0.00333	0.83663
30	0.02049	0.01509	0.01626	0.01256	0.01685	0.01664	0.01034	0.69901	0.02576	0.03460	0.06372	0.01542	0.01248	0.00707	0.00570	0.00169	0.00596	0.00541	0.00567	0.00929
31	0.01503	0.43675	0.24555	0.01235	0.01789	0.13837	0.01313	0.03509	0.01263	0.01519	0.00876	0.01015	0.00725	0.00517	0.00440	0.00142	0.00735	0.00349	0.00255	0.00749
32	0.00795	0.00595	0.00886	0.00896	0.00991	0.00686	0.00690	0.00989	0.00917	0.01316	0.01623	0.07841	0.01575	0.04042	0.72389	0.00855	0.01422	0.00675	0.00317	0.00499
33	0.00811	0.00575	0.00762	0.00762	0.00813	0.00626	0.00526	0.00914	0.00862	0.01201	0.01638	0.02932	0.01720	0.41439	0.41202	0.00729	0.01036	0.00708	0.00321	0.00423
34	0.01315	0.01184	0.01876	0.04431	0.50629	0.01217	0.01404	0.08317	0.01342	0.01881	0.01428	0.14194	0.01386	0.03366	0.00704	0.00193	0.03303	0.00690	0.00345	0.00793
35	0.01718	0.15409	0.01534	0.00997	0.01338	0.01319	0.00822	0.25598	0.04957	0.15824	0.01671	0.07895	0.01394	0.08123	0.00737	0.00198	0.00518	0.00603	0.08572	0.00773

[dist]
# distance from previous block
# <min> <max>
0	1

[block]
# block no. 11 follows, 42 sequences, length 9
# corresponding to MSA columns:
# 754-762
name=unknown_L
#
# <colnr> <probs for GDERKNQSTAVLIFYWHMCP>
#	G	D	E	R	K	N	Q	S	T	A	V	L	I	F	Y	W	H	M	C	P
0	0.01666	0.10467	0.01631	0.01324	0.06272	0.22062	0.00998	0.18714	0.13036	0.02067	0.01836	0.01863	0.11002	0.00743	0.00592	0.00166	0.03831	0.00554	0.00419	0.00757
1	0.05393	0.01365	0.03986	0.01344	0.08292	0.06743	0.00992	0.24473	0.21957	0.02460	0.01763	0.11968	0.01506	0.00809	0.00563	0.00180	0.00548	0.00665	0.04187	0.00805
2	0.01175	0.01031	0.01241	0.00919	0.01353	0.00879	0.00742	0.01409	0.01126	0.01770	0.00966	0.01175	0.00821	0.00492	0.00607	0.00105	0.10879	0.00355	0.00322	0.72633
3	0.00854	0.00655	0.00851	0.00802	0.00931	0.00673	0.00588	0.00996	0.00954	0.01344	0.01916	0.05132	0.08365	0.23689	0.35552	0.00591	0.03558	0.00705	0.00341	0.11503
4	0.01099	0.01028	0.04974	0.00866	0.01319	0.00738	0.00719	0.01349	0.01156	0.01777	0.01289	0.11954	0.01223	0.00607	0.00464	0.00108	0.00426	0.00511	0.00354	0.68038
5	0.01104	0.00889	0.01082	0.06759	0.01362	0.00959	0.00775	0.01754	0.25612	0.03624	0.08071	0.09409	0.03865	0.08523	0.11109	0.00309	0.03241	0.00729	0.00453	0.10370
6	0.02897	0.07976	0.01047	0.03373	0.01127	0.00814	0.00643	0.01265	0.07351	0.01762	0.15156	0.15738	0.19981	0.01064	0.00585	0.00169	0.00379	0.02450	0.00469	0.15755
7	0.01328	0.09492	0.13389	0.01430	0.11543	0.04331	0.01142	0.08535	0.03525	0.01852	0.01179	0.05719	0.01041	0.03303	0.00676	0.00163	0.06442	0.00491	0.00333	0.24086
8	0.01434	0.01118	0.01376	0.13111	0.01791	0.03463	0.04679	0.19286	0.10831	0.06448	0.10364	0.04663	0.05163	0.00762	0.00566	0.00170	0.00531	0.00644	0.06671	0.06928

[dist]
# distance from previous block
# <min> <max>
1	26

[block]
# block no. 12 follows, 42 sequences, length 12
# corresponding to MSA columns:
# 814-825
name=unknown_M
#
# <colnr> <probs for GDERKNQSTAVLIFYWHMCP>
#	G	D	E	R	K	N	Q	S	T	A	V	L	I	F	Y	W	H	M	C	P
0	0.10097	0.06640	0.04022	0.03557	0.16502	0.04534	0.00987	0.01593	0.04633	0.03552	0.04932	0.06871	0.01320	0.02920	0.00610	0.00163	0.03376	0.00535	0.02436	0.20719
1	0.10220	0.07911	0.25447	0.01809	0.18191	0.06625	0.06936	0.03750	0.02821	0.01878	0.01062	0.01280	0.00831	0.00610	0.02150	0.00180	0.00721	0.00442	0.03996	0.03139
2	0.10627	0.01234	0.01463	0.05804	0.20993	0.06262	0.01057	0.11788	0.09342	0.03830	0.01913	0.04465	0.11484	0.00731	0.00544	0.00170	0.00553	0.00605	0.00411	0.06727
3	0.43498	0.01457	0.08925	0.01016	0.01374	0.10287	0.00900	0.06936	0.01204	0.05554	0.00993	0.01162	0.00773	0.00791	0.04828	0.00215	0.06012	0.00386	0.03021	0.00669
4	0.00871	0.00642	0.00822	0.00809	0.00891	0.00710	0.00573	0.01132	0.08564	0.01325	0.01698	0.02807	0.01703	0.35229	0.39023	0.00683	0.01001	0.00695	0.00346	0.00476
5	0.00702	0.00558	0.00631	0.00642	0.00790	0.00486	0.00470	0.00868	0.01327	0.01693	0.23256	0.17869	0.45892	0.01413	0.00674	0.00193	0.00287	0.01215	0.00547	0.00486
6	0.01059	0.00558	0.00792	0.00775	0.00816	0.00559	0.00532	0.04421	0.00893	0.03838	0.01258	0.09740	0.01274	0.01828	0.01910	0.68031	0.00478	0.00607	0.00304	0.00326
7	0.01558	0.09337	0.01533	0.03246	0.06678	0.01386	0.00974	0.06138	0.44561	0.11745	0.01995	0.02049	0.01526	0.00735	0.00558	0.00182	0.00501	0.03915	0.00523	0.00861
8	0.04283	0.01333	0.01485	0.21293	0.04236	0.11901	0.01138	0.10711	0.13954	0.05299	0.01400	0.01749	0.01117	0.00715	0.00693	0.00186	0.09294	0.04054	0.04434	0.00724
9	0.00763	0.00574	0.00716	0.00791	0.00886	0.00549	0.00568	0.01001	0.06296	0.01619	0.10968	0.48811	0.14814	0.01561	0.00700	0.00218	0.00339	0.07788	0.00535	0.00503
10	0.26055	0.01406	0.11609	0.04408	0.05296	0.01261	0.01031	0.11522	0.12375	0.08824	0.01283	0.01347	0.00946	0.00584	0.00481	0.00167	0.00541	0.00439	0.00415	0.10014
11	0.01397	0.01500	0.07565	0.05803	0.05001	0.15219	0.01004	0.10022	0.01424	0.01881	0.03491	0.05126	0.04783	0.00651	0.00558	0.00143	0.03375	0.00508	0.00360	0.30188

[dist]
# distance from previous block
# <min> <max>
0	57

# created by:
# /home/cegg/simao/soft/augustus-3.2.1/scripts/msa2prfl.pl ./align_prep/EOG091G0KSX.fa
