[name]
unknown

[dist]
# distance from previous block
# <min> <max>
0	38

[block]
# block no. 0 follows, 54 sequences, length 41
# corresponding to MSA columns:
# 40-80
name=unknown_A
#
# <colnr> <probs for GDERKNQSTAVLIFYWHMCP>
#	G	D	E	R	K	N	Q	S	T	A	V	L	I	F	Y	W	H	M	C	P
0	0.01667	0.03347	0.01194	0.04407	0.01322	0.00981	0.00759	0.27088	0.02533	0.33420	0.01688	0.01646	0.07386	0.00614	0.00485	0.00141	0.01731	0.01627	0.00474	0.07490
1	0.01460	0.21168	0.19655	0.01067	0.01509	0.06233	0.01051	0.31020	0.05128	0.05877	0.01002	0.01047	0.00745	0.00500	0.00424	0.00133	0.00563	0.00367	0.00338	0.00713
2	0.01327	0.01108	0.01553	0.01871	0.38848	0.04516	0.02867	0.13930	0.02228	0.08682	0.01024	0.01188	0.00801	0.00558	0.03233	0.00150	0.00545	0.00405	0.00314	0.14854
3	0.00641	0.00469	0.00645	0.00671	0.00712	0.00455	0.03780	0.00714	0.00829	0.01112	0.02072	0.47638	0.02425	0.29505	0.05838	0.00313	0.00415	0.01035	0.00367	0.00363
4	0.01060	0.25600	0.49393	0.01337	0.08159	0.01321	0.04095	0.01467	0.00995	0.01388	0.00798	0.00950	0.00616	0.00431	0.00412	0.00135	0.00634	0.00334	0.00204	0.00672
5	0.01418	0.03500	0.12916	0.01177	0.01512	0.34581	0.05959	0.06514	0.08655	0.04377	0.00987	0.03167	0.00796	0.00532	0.00511	0.00136	0.05663	0.00392	0.00290	0.06915
6	0.00574	0.00410	0.00547	0.00657	0.00684	0.00383	0.00438	0.00657	0.00903	0.01204	0.02599	0.83122	0.03119	0.01477	0.00602	0.00191	0.00274	0.01340	0.00438	0.00383
7	0.00956	0.02191	0.66613	0.01399	0.02040	0.01079	0.12312	0.01469	0.01027	0.01513	0.04401	0.01146	0.00785	0.00464	0.00468	0.00151	0.00689	0.00400	0.00219	0.00677
8	0.01259	0.08743	0.19736	0.01309	0.01750	0.06861	0.20593	0.06974	0.19358	0.06919	0.01183	0.01260	0.00875	0.00495	0.00472	0.00147	0.00609	0.00445	0.00321	0.00688
9	0.01172	0.01207	0.01929	0.09877	0.01966	0.06893	0.32362	0.08548	0.06526	0.01520	0.00936	0.01217	0.00744	0.00618	0.02629	0.00180	0.20327	0.00475	0.00266	0.00607
10	0.00572	0.00421	0.00536	0.00627	0.00676	0.00385	0.00425	0.00660	0.00931	0.01215	0.02955	0.70255	0.15755	0.01431	0.00595	0.00186	0.00268	0.01284	0.00438	0.00385
11	0.00946	0.02439	0.80987	0.01344	0.02041	0.01095	0.01742	0.01493	0.00995	0.01493	0.00846	0.00995	0.00597	0.00448	0.00448	0.00149	0.00697	0.00348	0.00199	0.00697
12	0.01020	0.00982	0.05886	0.05025	0.15770	0.03228	0.10327	0.11329	0.01194	0.01597	0.01640	0.18488	0.01671	0.00862	0.00547	0.00172	0.00515	0.18820	0.00351	0.00575
13	0.00677	0.00453	0.00517	0.00526	0.00528	0.00451	0.00298	0.00683	0.00703	0.00938	0.01576	0.09555	0.01828	0.76805	0.02255	0.00436	0.00442	0.00739	0.00298	0.00294
14	0.00614	0.00485	0.00513	0.00504	0.00653	0.00424	0.00379	0.00782	0.02489	0.01439	0.18381	0.04077	0.58538	0.01090	0.00537	0.00153	0.00237	0.00916	0.07374	0.00416
15	0.00946	0.02439	0.80987	0.01344	0.02041	0.01095	0.01742	0.01493	0.00995	0.01493	0.00846	0.00995	0.00597	0.00448	0.00448	0.00149	0.00697	0.00348	0.00199	0.00697
16	0.01647	0.01984	0.01274	0.01147	0.01397	0.64777	0.00868	0.06296	0.09721	0.01350	0.01059	0.01128	0.04261	0.00538	0.00440	0.00128	0.00753	0.00366	0.00290	0.00576
17	0.00882	0.00683	0.00779	0.00709	0.00885	0.00698	0.00543	0.11876	0.14961	0.01882	0.35229	0.10048	0.17075	0.00940	0.00535	0.00155	0.00297	0.00807	0.00484	0.00533
18	0.00890	0.00838	0.01414	0.82296	0.03247	0.01048	0.01309	0.01205	0.00943	0.01205	0.00838	0.01257	0.00629	0.00471	0.00471	0.00157	0.00629	0.00419	0.00210	0.00524
19	0.01042	0.01147	0.02427	0.04130	0.02228	0.01093	0.64528	0.01402	0.01110	0.01513	0.07964	0.05000	0.01142	0.00505	0.00578	0.00160	0.02547	0.00609	0.00270	0.00602
20	0.00602	0.00465	0.00554	0.00590	0.00696	0.00416	0.00436	0.00739	0.01073	0.01381	0.18018	0.27883	0.35690	0.01246	0.00579	0.00172	0.00265	0.08337	0.00453	0.00406
21	0.58816	0.00962	0.00935	0.18775	0.02935	0.04551	0.00744	0.01358	0.00858	0.01820	0.00702	0.00897	0.00550	0.00464	0.00395	0.00150	0.03998	0.00303	0.00267	0.00520
22	0.00568	0.00475	0.00494	0.00496	0.00645	0.00401	0.00369	0.00694	0.01090	0.01325	0.11294	0.07953	0.70207	0.01187	0.00559	0.00160	0.00239	0.00998	0.00445	0.00401
23	0.00622	0.00507	0.00547	0.00547	0.00701	0.00447	0.00423	0.02983	0.01126	0.01384	0.10352	0.06116	0.62582	0.01175	0.00565	0.00164	0.00266	0.08633	0.00445	0.00417
24	0.00911	0.00536	0.00708	0.00635	0.00789	0.00487	0.00487	0.01127	0.01337	0.15189	0.67033	0.03199	0.03896	0.00900	0.00542	0.00148	0.00253	0.00789	0.00530	0.00505
25	0.11505	0.01244	0.03078	0.01011	0.01385	0.01326	0.00849	0.60182	0.01936	0.11125	0.01149	0.01138	0.00803	0.00551	0.00451	0.00143	0.00493	0.00409	0.00457	0.00766
26	0.01304	0.76572	0.02371	0.00843	0.01232	0.08849	0.00816	0.01453	0.00991	0.01113	0.00662	0.00765	0.00605	0.00411	0.00313	0.00103	0.00535	0.00257	0.00205	0.00600
27	0.00687	0.00460	0.00525	0.00527	0.00533	0.00459	0.00304	0.00700	0.00716	0.00957	0.03809	0.03163	0.01823	0.78655	0.02296	0.00441	0.00450	0.02904	0.00297	0.00295
28	0.01113	0.01272	0.02782	0.01987	0.02464	0.01192	0.78776	0.01510	0.01113	0.01510	0.00954	0.01272	0.00715	0.00397	0.00556	0.00159	0.00795	0.00556	0.00238	0.00636
29	0.01082	0.00873	0.01145	0.00823	0.01242	0.00683	0.07426	0.01305	0.01020	0.07943	0.00931	0.01054	0.00738	0.00372	0.00377	0.00084	0.00392	0.00319	0.00300	0.71889
30	0.08399	0.01307	0.02039	0.01525	0.01924	0.08271	0.42438	0.15697	0.10251	0.01847	0.01052	0.01223	0.00787	0.00467	0.00499	0.00152	0.00666	0.00483	0.00313	0.00660
31	0.50045	0.01016	0.00935	0.00773	0.01086	0.01141	0.00636	0.27096	0.01305	0.05780	0.00916	0.00980	0.00675	0.00493	0.00361	0.00142	0.00409	0.00331	0.05263	0.00616
32	0.01113	0.01272	0.02782	0.01987	0.02464	0.01192	0.78776	0.01510	0.01113	0.01510	0.00954	0.01272	0.00715	0.00397	0.00556	0.00159	0.00795	0.00556	0.00238	0.00636
33	0.11217	0.05988	0.01256	0.01100	0.07655	0.19410	0.00808	0.06580	0.19376	0.16041	0.01239	0.01231	0.00917	0.00522	0.00427	0.00137	0.00516	0.00395	0.00377	0.04809
34	0.16365	0.00593	0.00669	0.00609	0.00773	0.00583	0.00464	0.01048	0.02321	0.04556	0.52182	0.02815	0.05002	0.05540	0.00600	0.00162	0.00276	0.00695	0.00454	0.04292
35	0.00574	0.00410	0.00547	0.00657	0.00684	0.00383	0.00438	0.00657	0.00903	0.01204	0.02599	0.83122	0.03119	0.01477	0.00602	0.00191	0.00274	0.01340	0.00438	0.00383
36	0.01762	0.02216	0.01339	0.01210	0.01458	0.78861	0.00911	0.04456	0.01366	0.01215	0.00742	0.00860	0.00614	0.00489	0.00427	0.00122	0.00839	0.00308	0.00251	0.00555
37	0.01169	0.08043	0.09494	0.01758	0.02239	0.01262	0.59002	0.08178	0.01185	0.01602	0.00936	0.01194	0.00704	0.00417	0.00519	0.00152	0.00739	0.00502	0.00252	0.00653
38	0.01143	0.01096	0.01870	0.09854	0.73718	0.01114	0.01435	0.01426	0.01062	0.01511	0.00883	0.01175	0.00736	0.00425	0.00467	0.00142	0.00566	0.00420	0.00231	0.00727
39	0.00565	0.00445	0.00511	0.00563	0.00659	0.00391	0.00396	0.00667	0.00992	0.01240	0.03735	0.42121	0.43386	0.01329	0.00579	0.00175	0.00255	0.01160	0.00438	0.00391
40	0.01381	0.01586	0.01713	0.07949	0.01815	0.35609	0.21889	0.01658	0.05520	0.03133	0.00905	0.02333	0.00737	0.00530	0.00614	0.00149	0.11216	0.00427	0.00258	0.00579

[dist]
# distance from previous block
# <min> <max>
0	43

[block]
# block no. 1 follows, 54 sequences, length 14
# corresponding to MSA columns:
# 124-137
name=unknown_B
#
# <colnr> <probs for GDERKNQSTAVLIFYWHMCP>
#	G	D	E	R	K	N	Q	S	T	A	V	L	I	F	Y	W	H	M	C	P
0	0.11959	0.01008	0.01117	0.01004	0.04456	0.04753	0.04082	0.18244	0.19133	0.05621	0.01386	0.01842	0.01185	0.13951	0.00802	0.00204	0.02558	0.05691	0.00387	0.00616
1	0.00769	0.00497	0.00656	0.00716	0.00817	0.00464	0.00553	0.00910	0.01032	0.08293	0.04766	0.39874	0.12136	0.01296	0.00600	0.00191	0.00330	0.25210	0.00452	0.00439
2	0.00638	0.00481	0.00589	0.00562	0.00686	0.00432	0.00422	0.00833	0.01265	0.01726	0.60083	0.03793	0.24708	0.01025	0.00556	0.00151	0.00227	0.00891	0.00497	0.00432
3	0.01256	0.03995	0.12819	0.01117	0.01465	0.03226	0.05993	0.17482	0.36329	0.01956	0.01443	0.01443	0.02605	0.00594	0.00545	0.00155	0.06005	0.00473	0.00388	0.00711
4	0.47437	0.04518	0.04157	0.00812	0.01075	0.08153	0.00684	0.08435	0.00994	0.01853	0.00895	0.08096	0.00807	0.00650	0.02357	0.00165	0.07679	0.00394	0.00301	0.00539
5	0.00646	0.00462	0.00630	0.00739	0.00797	0.00445	0.00563	0.00781	0.00974	0.01284	0.02559	0.52960	0.02962	0.01409	0.00621	0.00201	0.00336	0.30793	0.00436	0.00403
6	0.01067	0.01171	0.02445	0.19463	0.06234	0.01158	0.58392	0.01441	0.01074	0.01445	0.00926	0.01264	0.00698	0.00415	0.00534	0.00158	0.00748	0.00520	0.00232	0.00617
7	0.01079	0.28484	0.44091	0.01114	0.01646	0.01316	0.01306	0.05762	0.01060	0.01445	0.00946	0.01306	0.00797	0.00515	0.00420	0.00139	0.00602	0.07087	0.00236	0.00650
8	0.00581	0.00468	0.00517	0.00527	0.00657	0.00405	0.00387	0.00714	0.01099	0.01381	0.18886	0.16194	0.54147	0.01193	0.00564	0.00162	0.00241	0.01020	0.00453	0.00405
9	0.01285	0.52654	0.18461	0.00981	0.01425	0.10644	0.01017	0.06319	0.01087	0.01310	0.00733	0.00840	0.00616	0.00432	0.00357	0.00116	0.00584	0.00289	0.00223	0.00630
10	0.01190	0.05629	0.01818	0.14636	0.59493	0.01124	0.01344	0.01462	0.01065	0.06414	0.00927	0.01185	0.00747	0.00437	0.00459	0.00141	0.00557	0.00414	0.00250	0.00709
11	0.00838	0.00729	0.07675	0.00690	0.00838	0.03423	0.00569	0.05337	0.01050	0.01539	0.06725	0.27940	0.02037	0.06262	0.00604	0.00172	0.00345	0.05009	0.27760	0.00458
12	0.01078	0.01029	0.01753	0.28482	0.55596	0.01097	0.01403	0.01369	0.01031	0.01432	0.00871	0.01196	0.00709	0.00437	0.00468	0.00146	0.00582	0.00420	0.00226	0.00675
13	0.01379	0.08566	0.08869	0.01261	0.06000	0.07271	0.14409	0.15781	0.08334	0.10122	0.01095	0.01176	0.00814	0.00476	0.00450	0.00132	0.00560	0.00411	0.00338	0.12554

[dist]
# distance from previous block
# <min> <max>
2	5

[block]
# block no. 2 follows, 54 sequences, length 7
# corresponding to MSA columns:
# 143-149
name=unknown_C
#
# <colnr> <probs for GDERKNQSTAVLIFYWHMCP>
#	G	D	E	R	K	N	Q	S	T	A	V	L	I	F	Y	W	H	M	C	P
0	0.01217	0.72458	0.13344	0.00881	0.01325	0.01759	0.00936	0.01423	0.00963	0.01162	0.00682	0.00789	0.00604	0.00410	0.00323	0.00108	0.00531	0.00265	0.00201	0.00618
1	0.00618	0.00480	0.00562	0.00541	0.00674	0.00424	0.00406	0.00794	0.01218	0.01614	0.46376	0.03978	0.38485	0.01067	0.00557	0.00153	0.00230	0.00917	0.00483	0.00424
2	0.01176	0.10027	0.06854	0.01314	0.04301	0.11844	0.15413	0.05491	0.05164	0.01376	0.00920	0.03016	0.00805	0.03208	0.04645	0.00197	0.22966	0.00445	0.00255	0.00584
3	0.00635	0.00481	0.00586	0.00559	0.00685	0.00431	0.00420	0.00828	0.01259	0.01711	0.58218	0.03818	0.26583	0.01031	0.00556	0.00151	0.00227	0.00894	0.00495	0.00431
4	0.00978	0.00838	0.00978	0.00698	0.01117	0.00629	0.00559	0.01187	0.00978	0.01536	0.00838	0.00978	0.00698	0.00349	0.00349	0.00070	0.00349	0.00279	0.00279	0.86312
5	0.00713	0.00518	0.00647	0.00692	0.00765	0.00513	0.00488	0.06268	0.04492	0.01421	0.10581	0.55534	0.02895	0.07636	0.00724	0.00204	0.00311	0.04728	0.00439	0.00430
6	0.00997	0.10999	0.64333	0.01355	0.01997	0.01188	0.09784	0.01486	0.01004	0.01454	0.00837	0.00999	0.00611	0.00438	0.00444	0.00145	0.00687	0.00360	0.00204	0.00681

[dist]
# distance from previous block
# <min> <max>
2	9

[block]
# block no. 3 follows, 54 sequences, length 24
# corresponding to MSA columns:
# 160-183
name=unknown_D
#
# <colnr> <probs for GDERKNQSTAVLIFYWHMCP>
#	G	D	E	R	K	N	Q	S	T	A	V	L	I	F	Y	W	H	M	C	P
0	0.01258	0.30274	0.29899	0.01132	0.01609	0.14839	0.04695	0.07109	0.01133	0.01416	0.00798	0.00924	0.00632	0.00447	0.00399	0.00127	0.00639	0.00324	0.01706	0.00640
1	0.00674	0.00505	0.00758	0.00758	0.00842	0.00589	0.00589	0.00842	0.00758	0.01095	0.01263	0.01852	0.01179	0.03536	0.81561	0.00758	0.01263	0.00505	0.00253	0.00421
2	0.00576	0.00478	0.00504	0.00498	0.00649	0.00406	0.00373	0.00714	0.01120	0.01381	0.17924	0.04361	0.67083	0.01154	0.00557	0.00157	0.00236	0.00970	0.00452	0.00406
3	0.01261	0.83713	0.02471	0.00807	0.01210	0.01866	0.00807	0.01412	0.00958	0.01109	0.00656	0.00756	0.00605	0.00403	0.00303	0.00101	0.00504	0.00252	0.00202	0.00605
4	0.01122	0.13131	0.15049	0.01700	0.02199	0.01278	0.53945	0.03118	0.01096	0.01482	0.00898	0.01152	0.00683	0.00410	0.00502	0.00149	0.00732	0.00478	0.00232	0.00645
5	0.79683	0.05617	0.00805	0.00636	0.00936	0.01094	0.00532	0.01411	0.00826	0.04118	0.00688	0.00787	0.00533	0.00440	0.00297	0.00143	0.00374	0.00261	0.00294	0.00524
6	0.00934	0.00878	0.01483	0.64932	0.17323	0.01045	0.01310	0.01237	0.00960	0.01262	0.00862	0.01261	0.00669	0.00568	0.03264	0.00175	0.00638	0.00422	0.00215	0.00561
7	0.01761	0.02247	0.01336	0.01215	0.01458	0.81537	0.00911	0.01883	0.01336	0.01154	0.00729	0.00850	0.00607	0.00486	0.00425	0.00121	0.00850	0.00304	0.00243	0.00547
8	0.00978	0.00838	0.00978	0.00698	0.01117	0.00629	0.00559	0.01187	0.00978	0.01536	0.00838	0.00978	0.00698	0.00349	0.00349	0.00070	0.00349	0.00279	0.00279	0.86312
9	0.01124	0.13032	0.08218	0.01681	0.02134	0.04562	0.55404	0.01472	0.01082	0.01424	0.00969	0.04880	0.00796	0.00455	0.00509	0.00150	0.00725	0.00524	0.00240	0.00621
10	0.00574	0.00410	0.00547	0.00657	0.00684	0.00383	0.00438	0.00657	0.00903	0.01204	0.02599	0.83122	0.03119	0.01477	0.00602	0.00191	0.00274	0.01340	0.00438	0.00383
11	0.00676	0.00497	0.00718	0.00718	0.00789	0.00568	0.00540	0.00817	0.00746	0.01065	0.01299	0.02053	0.01266	0.16505	0.68711	0.00709	0.01132	0.00534	0.00258	0.00399
12	0.01173	0.01013	0.01066	0.00960	0.01226	0.01173	0.00746	0.02505	0.79636	0.01972	0.01919	0.01759	0.01439	0.00640	0.00480	0.00160	0.00373	0.00533	0.00480	0.00746
13	0.01159	0.01142	0.02037	0.02766	0.69439	0.01130	0.12397	0.01456	0.01079	0.01536	0.00896	0.01182	0.00742	0.00417	0.00479	0.00143	0.00593	0.00439	0.00234	0.00731
14	0.01230	0.50552	0.17173	0.00972	0.01372	0.01575	0.01008	0.01452	0.00960	0.06935	0.00774	0.00902	0.00646	0.00485	0.00519	0.00128	0.12154	0.00309	0.00229	0.00624
15	0.00912	0.00557	0.00771	0.00659	0.00820	0.00546	0.11438	0.01157	0.01006	0.01723	0.01455	0.01689	0.01139	0.00528	0.00362	0.00117	0.00301	0.00456	0.73896	0.00467
16	0.00622	0.00460	0.00590	0.00670	0.00748	0.00429	0.00502	0.00752	0.01005	0.01307	0.07412	0.44250	0.18097	0.01350	0.00603	0.00189	0.00303	0.19868	0.00441	0.00402
17	0.01030	0.13939	0.63448	0.01329	0.05466	0.01219	0.01566	0.04147	0.01036	0.01492	0.00831	0.00974	0.00612	0.00444	0.00429	0.00142	0.00657	0.00341	0.00210	0.00690
18	0.01105	0.01057	0.01802	0.20600	0.63265	0.01104	0.01416	0.01393	0.01044	0.01466	0.00876	0.01187	0.00720	0.00432	0.00468	0.00144	0.00575	0.00420	0.00228	0.00697
19	0.01824	0.00837	0.01067	0.00852	0.01181	0.00791	0.00692	0.04876	0.16021	0.57693	0.07500	0.01756	0.01442	0.00621	0.00481	0.00149	0.00387	0.00511	0.00556	0.00766
20	0.00584	0.00418	0.00556	0.00650	0.00686	0.00389	0.00438	0.00681	0.00948	0.01276	0.10731	0.74784	0.03258	0.01423	0.00597	0.00187	0.00268	0.01289	0.00446	0.00389
21	0.13709	0.02982	0.01011	0.00817	0.01118	0.03099	0.00668	0.01963	0.14127	0.41003	0.03849	0.01919	0.04880	0.00654	0.00462	0.00152	0.00397	0.06018	0.00487	0.00685
22	0.01144	0.12772	0.01919	0.03985	0.60312	0.01184	0.02994	0.01405	0.01056	0.01463	0.00971	0.01412	0.00866	0.00482	0.00459	0.00141	0.00550	0.05946	0.00243	0.00697
23	0.01607	0.02001	0.01254	0.01150	0.01370	0.70074	0.00865	0.01735	0.01254	0.01146	0.00804	0.00992	0.00688	0.00918	0.11915	0.00212	0.00909	0.00332	0.00244	0.00529

[dist]
# distance from previous block
# <min> <max>
0	3

[block]
# block no. 4 follows, 54 sequences, length 38
# corresponding to MSA columns:
# 187-197,206-232
name=unknown_E
#
# <colnr> <probs for GDERKNQSTAVLIFYWHMCP>
#	G	D	E	R	K	N	Q	S	T	A	V	L	I	F	Y	W	H	M	C	P
0	0.00969	0.02276	0.70051	0.01434	0.02100	0.01109	0.12514	0.01496	0.01012	0.01496	0.00861	0.01034	0.00614	0.00441	0.00463	0.00151	0.00711	0.00378	0.00205	0.00688
1	0.01159	0.01563	0.26411	0.01576	0.02079	0.03309	0.40608	0.01558	0.01104	0.09873	0.02416	0.04181	0.00873	0.00483	0.00512	0.00155	0.00696	0.00510	0.00275	0.00657
2	0.00720	0.00497	0.00649	0.00613	0.00735	0.00457	0.00468	0.00937	0.01313	0.04655	0.70610	0.03587	0.06828	0.00977	0.00558	0.00152	0.00241	0.05032	0.00514	0.00455
3	0.01215	0.01239	0.01918	0.04580	0.64066	0.09171	0.07967	0.01490	0.01100	0.01491	0.00876	0.01146	0.00727	0.00426	0.00470	0.00140	0.00611	0.00420	0.00234	0.00712
4	0.70987	0.00895	0.00794	0.07589	0.01140	0.01020	0.00597	0.01462	0.00869	0.09912	0.00792	0.00892	0.00586	0.00455	0.00325	0.00147	0.00391	0.00291	0.00314	0.00541
5	0.01167	0.01120	0.01914	0.02894	0.80488	0.01120	0.01447	0.01447	0.01074	0.01540	0.00887	0.01167	0.00747	0.00420	0.00467	0.00140	0.00560	0.00420	0.00233	0.00747
6	0.00632	0.00526	0.00559	0.00547	0.00707	0.00475	0.00416	0.00874	0.07797	0.01433	0.16154	0.04166	0.59682	0.01114	0.00553	0.00159	0.00253	0.03063	0.00454	0.00436
7	0.01169	0.60048	0.25333	0.00963	0.01452	0.01641	0.01079	0.01436	0.00969	0.01221	0.00711	0.00826	0.00603	0.00416	0.00345	0.00115	0.00560	0.00280	0.00201	0.00632
8	0.03442	0.00990	0.01117	0.00912	0.01236	0.04708	0.00734	0.11187	0.25256	0.40863	0.03335	0.01584	0.01236	0.00599	0.00471	0.00149	0.00423	0.00482	0.00516	0.00760
9	0.00672	0.00493	0.00708	0.00737	0.00809	0.00544	0.00564	0.00821	0.00814	0.01135	0.01624	0.13435	0.01688	0.09956	0.53155	0.00584	0.00951	0.10600	0.00304	0.00406
10	0.01082	0.01028	0.01712	0.27132	0.52269	0.01101	0.01365	0.01433	0.05527	0.01462	0.00931	0.01228	0.00750	0.00448	0.00469	0.00146	0.00570	0.00426	0.00240	0.00678
11	0.01202	0.01247	0.01609	0.16796	0.43816	0.17226	0.01256	0.01451	0.01104	0.01391	0.00983	0.01473	0.00865	0.00518	0.00475	0.00146	0.00620	0.06936	0.00248	0.00640
12	0.00686	0.00457	0.00514	0.00514	0.00514	0.00457	0.00286	0.00686	0.00686	0.00914	0.01486	0.03086	0.01714	0.83430	0.02400	0.00457	0.00457	0.00686	0.00286	0.00286
13	0.01121	0.01094	0.01928	0.14359	0.61440	0.01117	0.09164	0.01418	0.01059	0.01489	0.00886	0.01191	0.00726	0.00425	0.00476	0.00144	0.00594	0.00434	0.00230	0.00703
14	0.05283	0.08074	0.01311	0.01000	0.04111	0.01166	0.00794	0.26138	0.18661	0.25187	0.02538	0.01394	0.01067	0.00568	0.00453	0.00144	0.00442	0.00447	0.00468	0.00754
15	0.01036	0.01120	0.07746	0.00932	0.01114	0.17971	0.02122	0.01255	0.05346	0.05621	0.01952	0.30121	0.09578	0.00964	0.00632	0.00167	0.09091	0.02366	0.00358	0.00508
16	0.00604	0.00431	0.00581	0.00690	0.00731	0.00408	0.00489	0.00708	0.00932	0.01237	0.02582	0.70711	0.03054	0.01449	0.00610	0.00196	0.00299	0.13459	0.00437	0.00391
17	0.00717	0.00687	0.08667	0.00715	0.00881	0.00521	0.01666	0.00932	0.02690	0.03388	0.18346	0.28767	0.16902	0.01100	0.00552	0.00168	0.00322	0.07399	0.05121	0.00458
18	0.00999	0.04794	0.07486	0.07934	0.03484	0.02476	0.07994	0.06919	0.14601	0.02981	0.20453	0.10550	0.02034	0.01863	0.00550	0.00160	0.01650	0.02105	0.00387	0.00581
19	0.05673	0.02181	0.65217	0.01430	0.04820	0.01105	0.10090	0.01488	0.01001	0.01531	0.00849	0.01019	0.00611	0.00441	0.00452	0.00150	0.00684	0.00369	0.00210	0.00682
20	0.00574	0.00410	0.00547	0.00657	0.00684	0.00383	0.00438	0.00657	0.00903	0.01204	0.02599	0.83122	0.03119	0.01477	0.00602	0.00191	0.00274	0.01340	0.00438	0.00383
21	0.10196	0.05427	0.08106	0.01194	0.09271	0.10865	0.00932	0.26499	0.10684	0.06355	0.01105	0.01190	0.00839	0.01973	0.03185	0.00166	0.00562	0.00400	0.00362	0.00690
22	0.03823	0.01220	0.03938	0.08714	0.47988	0.05608	0.10908	0.08060	0.01173	0.02734	0.00909	0.01156	0.00725	0.00441	0.00471	0.00143	0.00603	0.00425	0.00259	0.00701
23	0.00934	0.00887	0.09923	0.00808	0.01045	0.00752	0.00709	0.08756	0.14803	0.03992	0.42383	0.02772	0.04441	0.00825	0.00526	0.00154	0.00347	0.04908	0.00467	0.00567
24	0.00669	0.00450	0.00519	0.00535	0.00539	0.00446	0.00308	0.00681	0.00717	0.00957	0.01648	0.14793	0.01920	0.71441	0.02137	0.00418	0.00430	0.00781	0.00308	0.00300
25	0.00978	0.00838	0.00978	0.00698	0.01117	0.00629	0.00559	0.01187	0.00978	0.01536	0.00838	0.00978	0.00698	0.00349	0.00349	0.00070	0.00349	0.00279	0.00279	0.86312
26	0.01248	0.01732	0.20327	0.04306	0.09649	0.26867	0.08918	0.03154	0.04912	0.01458	0.08686	0.01292	0.01053	0.00530	0.00510	0.00143	0.03900	0.00427	0.00272	0.00614
27	0.04961	0.08989	0.62745	0.01227	0.01838	0.01165	0.01508	0.01583	0.08852	0.01538	0.00929	0.01041	0.00678	0.00463	0.00432	0.00146	0.00633	0.00355	0.00232	0.00686
28	0.00694	0.00516	0.00668	0.00737	0.00848	0.00497	0.00604	0.00898	0.02949	0.01407	0.09565	0.16567	0.18372	0.01262	0.00613	0.00194	0.00352	0.42385	0.00444	0.00428
29	0.02768	0.04465	0.15159	0.01133	0.05086	0.20460	0.00983	0.07137	0.05825	0.28456	0.01275	0.01320	0.00912	0.00540	0.00453	0.00141	0.00579	0.02229	0.00383	0.00697
30	0.01283	0.01103	0.05300	0.13037	0.41988	0.04131	0.04034	0.01558	0.01113	0.15378	0.01138	0.01479	0.00904	0.00510	0.00480	0.00148	0.00560	0.04860	0.00302	0.00694
31	0.00709	0.00558	0.00826	0.00806	0.00882	0.00675	0.00634	0.00871	0.00754	0.01099	0.01199	0.01770	0.01123	0.03265	0.73555	0.00703	0.09398	0.00496	0.00248	0.00430
32	0.01044	0.00961	0.01412	0.39567	0.21538	0.04735	0.01161	0.08994	0.01115	0.01461	0.01121	0.12651	0.01022	0.00610	0.00486	0.00155	0.00561	0.00543	0.00275	0.00588
33	0.01810	0.01003	0.05734	0.01125	0.05087	0.00863	0.10627	0.05778	0.05999	0.54411	0.01614	0.01496	0.01058	0.00548	0.00483	0.00148	0.00478	0.00476	0.00491	0.00770
34	0.00711	0.00543	0.00670	0.00678	0.02294	0.00543	0.00492	0.00828	0.00965	0.04522	0.05836	0.15044	0.36287	0.09655	0.10146	0.00266	0.07402	0.02308	0.00386	0.00423
35	0.00881	0.00816	0.01339	0.59967	0.08492	0.00991	0.01183	0.01152	0.00948	0.01249	0.03832	0.09507	0.01022	0.00609	0.00558	0.00162	0.05996	0.00526	0.00245	0.00523
36	0.46440	0.07274	0.09174	0.02499	0.10794	0.02690	0.07449	0.02288	0.00929	0.01811	0.00756	0.00914	0.00595	0.00433	0.00362	0.00140	0.00481	0.00319	0.01521	0.03132
37	0.03255	0.33253	0.17243	0.01046	0.01456	0.01344	0.08755	0.09213	0.03920	0.01503	0.01194	0.04407	0.03874	0.00581	0.00429	0.00139	0.00540	0.06949	0.00281	0.00618

[dist]
# distance from previous block
# <min> <max>
0	29

# created by:
# /home/cegg/simao/soft/augustus-3.2.1/scripts/msa2prfl.pl ./align_prep/EOG091G0Y09.fa
