[name]
unknown

[dist]
# distance from previous block
# <min> <max>
0	27

[block]
# block no. 0 follows, 39 sequences, length 9
# corresponding to MSA columns:
# 27-35
name=unknown_A
#
# <colnr> <probs for GDERKNQSTAVLIFYWHMCP>
#	G	D	E	R	K	N	Q	S	T	A	V	L	I	F	Y	W	H	M	C	P
0	0.01266	0.01108	0.01885	0.06571	0.32490	0.01109	0.11507	0.01611	0.01327	0.01923	0.01670	0.02645	0.01514	0.00773	0.00614	0.00192	0.00637	0.14409	0.15997	0.00751
1	0.01666	0.01183	0.01914	0.01402	0.01915	0.01012	0.21834	0.01988	0.01411	0.22701	0.01528	0.01750	0.01138	0.00581	0.00571	0.00153	0.00622	0.03082	0.00450	0.33096
2	0.01156	0.00909	0.01227	0.16010	0.01784	0.00974	0.03065	0.16183	0.01526	0.02012	0.02527	0.34661	0.06589	0.01289	0.00690	0.00218	0.00529	0.07517	0.00494	0.00641
3	0.01783	0.01482	0.01860	0.06539	0.32540	0.11993	0.01358	0.02336	0.15376	0.16378	0.01566	0.01662	0.01172	0.00635	0.00583	0.00180	0.00675	0.00546	0.00437	0.00899
4	0.01413	0.00887	0.01076	0.00839	0.01223	0.00727	0.00666	0.01674	0.01404	0.16487	0.15550	0.02126	0.01977	0.00678	0.00514	0.00132	0.00397	0.00563	0.12118	0.39548
5	0.00997	0.00590	0.00819	0.00795	0.00876	0.00546	0.00547	0.00882	0.00904	0.01247	0.01456	0.16387	0.01555	0.01787	0.01749	0.55357	0.00470	0.00713	0.00326	0.11996
6	0.01026	0.00560	0.00560	0.00560	0.00710	0.00541	0.00420	0.01277	0.01261	0.02089	0.02703	0.02869	0.15565	0.00843	0.00468	0.00150	0.00280	0.00684	0.66892	0.00541
7	0.01288	0.01142	0.01280	0.26497	0.02074	0.15668	0.01011	0.01327	0.01084	0.01270	0.01013	0.01582	0.00896	0.01287	0.01393	0.39245	0.00713	0.00492	0.00268	0.00473
8	0.00843	0.00628	0.00919	0.00910	0.01022	0.00704	0.00704	0.01068	0.01092	0.01568	0.15946	0.02732	0.02278	0.03806	0.62015	0.00801	0.01329	0.00719	0.00382	0.00534

[dist]
# distance from previous block
# <min> <max>
0	7

[block]
# block no. 1 follows, 39 sequences, length 41
# corresponding to MSA columns:
# 78-118
name=unknown_B
#
# <colnr> <probs for GDERKNQSTAVLIFYWHMCP>
#	G	D	E	R	K	N	Q	S	T	A	V	L	I	F	Y	W	H	M	C	P
0	0.01102	0.00551	0.00551	0.00551	0.00689	0.00551	0.00413	0.01378	0.01240	0.02205	0.01929	0.02205	0.01516	0.00689	0.00413	0.00138	0.00276	0.00551	0.82500	0.00551
1	0.02209	0.02819	0.01676	0.01524	0.01828	0.76843	0.01143	0.02361	0.01676	0.01447	0.00914	0.01066	0.00762	0.00609	0.00533	0.00152	0.01066	0.00381	0.00305	0.00686
2	0.01117	0.01051	0.01774	0.77795	0.04073	0.01314	0.01642	0.01511	0.01182	0.01511	0.01051	0.01577	0.00788	0.00591	0.00591	0.00197	0.00788	0.00526	0.00263	0.00657
3	0.01339	0.36413	0.39911	0.01337	0.02009	0.01750	0.01579	0.01785	0.01252	0.01690	0.05151	0.01297	0.01027	0.00574	0.00490	0.00161	0.00735	0.00420	0.00274	0.00806
4	0.00860	0.00573	0.00645	0.00645	0.00645	0.00573	0.00358	0.00860	0.00860	0.01147	0.01863	0.03870	0.02150	0.79217	0.03010	0.00573	0.00573	0.00860	0.00358	0.00358
5	0.01519	0.67527	0.14600	0.01118	0.01682	0.02188	0.01197	0.01787	0.01209	0.01467	0.00860	0.00996	0.00757	0.00515	0.00408	0.00136	0.00670	0.00335	0.00252	0.00777
6	0.01581	0.79572	0.03099	0.01012	0.01518	0.02340	0.01012	0.01771	0.01202	0.01391	0.00822	0.00949	0.00759	0.00506	0.00379	0.00126	0.00632	0.00316	0.00253	0.00759
7	0.01186	0.03059	0.76153	0.01686	0.02560	0.01373	0.02185	0.01873	0.01249	0.01873	0.01061	0.01249	0.00749	0.00562	0.00562	0.00187	0.00874	0.00437	0.00250	0.00874
8	0.01464	0.01405	0.02400	0.03630	0.75528	0.01405	0.01815	0.01815	0.01347	0.01932	0.01112	0.01464	0.00937	0.00527	0.00585	0.00176	0.00703	0.00527	0.00293	0.00937
9	0.00699	0.00599	0.00599	0.00599	0.00799	0.00499	0.00449	0.00849	0.01348	0.01598	0.05991	0.05691	0.75288	0.01498	0.00699	0.00200	0.00300	0.01248	0.00549	0.00499
10	0.00721	0.00515	0.00686	0.00823	0.00858	0.00480	0.00549	0.00823	0.01132	0.01510	0.03259	0.78831	0.03911	0.01853	0.00755	0.00240	0.00343	0.01681	0.00549	0.00480
11	0.00718	0.00600	0.00625	0.00619	0.00810	0.00507	0.00464	0.00886	0.01393	0.01704	0.15541	0.05516	0.65671	0.01458	0.00699	0.00198	0.00297	0.01223	0.00563	0.00507
12	0.01396	0.01595	0.03490	0.02493	0.03091	0.01496	0.73380	0.01894	0.01396	0.01894	0.01196	0.01595	0.00897	0.00499	0.00698	0.00199	0.00997	0.00698	0.00299	0.00798
13	0.01294	0.01294	0.01811	0.01553	0.01553	0.01811	0.01294	0.01423	0.00906	0.01423	0.00776	0.01294	0.00776	0.01035	0.01941	0.00259	0.78134	0.00518	0.00259	0.00647
14	0.01396	0.01595	0.03490	0.02493	0.03091	0.01496	0.73380	0.01894	0.01396	0.01894	0.01196	0.01595	0.00897	0.00499	0.00698	0.00199	0.00997	0.00698	0.00299	0.00798
15	0.01464	0.01405	0.02400	0.03630	0.75528	0.01405	0.01815	0.01815	0.01347	0.01932	0.01112	0.01464	0.00937	0.00527	0.00585	0.00176	0.00703	0.00527	0.00293	0.00937
16	0.02653	0.01006	0.01372	0.01052	0.01510	0.00869	0.00869	0.02882	0.01693	0.75937	0.02333	0.02013	0.01464	0.00732	0.00595	0.00183	0.00503	0.00595	0.00732	0.01006
17	0.01464	0.01405	0.02400	0.03630	0.75528	0.01405	0.01815	0.01815	0.01347	0.01932	0.01112	0.01464	0.00937	0.00527	0.00585	0.00176	0.00703	0.00527	0.00293	0.00937
18	0.01294	0.01294	0.01811	0.01553	0.01553	0.01811	0.01294	0.01423	0.00906	0.01423	0.00776	0.01294	0.00776	0.01035	0.01941	0.00259	0.78134	0.00518	0.00259	0.00647
19	0.00860	0.00573	0.00645	0.00645	0.00645	0.00573	0.00358	0.00860	0.00860	0.01147	0.01863	0.03870	0.02150	0.79217	0.03010	0.00573	0.00573	0.00860	0.00358	0.00358
20	0.01464	0.01405	0.02400	0.03630	0.75528	0.01405	0.01815	0.01815	0.01347	0.01932	0.01112	0.01464	0.00937	0.00527	0.00585	0.00176	0.00703	0.00527	0.00293	0.00937
21	0.01102	0.00551	0.00551	0.00551	0.00689	0.00551	0.00413	0.01378	0.01240	0.02205	0.01929	0.02205	0.01516	0.00689	0.00413	0.00138	0.00276	0.00551	0.82500	0.00551
22	0.01294	0.01294	0.01811	0.01553	0.01553	0.01811	0.01294	0.01423	0.00906	0.01423	0.00776	0.01294	0.00776	0.01035	0.01941	0.00259	0.78134	0.00518	0.00259	0.00647
23	0.00707	0.00599	0.00610	0.00607	0.00804	0.00503	0.00455	0.00864	0.01366	0.01641	0.09907	0.05619	0.71344	0.01481	0.00699	0.00199	0.00298	0.01238	0.00555	0.00503
24	0.01102	0.00551	0.00551	0.00551	0.00689	0.00551	0.00413	0.01378	0.01240	0.02205	0.01929	0.02205	0.01516	0.00689	0.00413	0.00138	0.00276	0.00551	0.82500	0.00551
25	0.01278	0.01271	0.01781	0.01532	0.01535	0.01774	0.01274	0.01410	0.00907	0.01421	0.00805	0.01330	0.00801	0.01154	0.04564	0.00283	0.75454	0.00522	0.00261	0.00643
26	0.01464	0.01405	0.02400	0.03630	0.75528	0.01405	0.01815	0.01815	0.01347	0.01932	0.01112	0.01464	0.00937	0.00527	0.00585	0.00176	0.00703	0.00527	0.00293	0.00937
27	0.01447	0.01389	0.02371	0.07107	0.72178	0.01401	0.01807	0.01801	0.01339	0.01912	0.01110	0.01469	0.00930	0.00530	0.00586	0.00177	0.00707	0.00527	0.00291	0.00924
28	0.00721	0.00515	0.00686	0.00823	0.00858	0.00480	0.00549	0.00823	0.01132	0.01510	0.03259	0.78831	0.03911	0.01853	0.00755	0.00240	0.00343	0.01681	0.00549	0.00480
29	0.00846	0.00630	0.00933	0.00933	0.01033	0.00730	0.00718	0.01045	0.00945	0.01360	0.01600	0.02411	0.01516	0.08666	0.72695	0.00929	0.01527	0.00646	0.00319	0.00518
30	0.01471	0.01270	0.01337	0.01203	0.01538	0.01471	0.00936	0.03142	0.74459	0.02474	0.02407	0.02206	0.01805	0.00802	0.00602	0.00201	0.00468	0.00669	0.00602	0.00936
31	0.80399	0.01139	0.00888	0.00788	0.01157	0.01310	0.00649	0.01781	0.01032	0.05371	0.00879	0.01000	0.00671	0.00556	0.00374	0.00183	0.00459	0.00330	0.00380	0.00654
32	0.01226	0.01051	0.01226	0.00876	0.01401	0.00788	0.00701	0.01489	0.01226	0.01927	0.01051	0.01226	0.00876	0.00438	0.00438	0.00088	0.00438	0.00350	0.00350	0.82832
33	0.83394	0.01144	0.00869	0.00778	0.01144	0.01327	0.00640	0.01738	0.01006	0.02653	0.00823	0.00961	0.00640	0.00549	0.00366	0.00183	0.00457	0.00320	0.00366	0.00640
34	0.00721	0.00515	0.00686	0.00823	0.00858	0.00480	0.00549	0.00823	0.01132	0.01510	0.03259	0.78831	0.03911	0.01853	0.00755	0.00240	0.00343	0.01681	0.00549	0.00480
35	0.02458	0.01320	0.01567	0.01201	0.01666	0.01335	0.00992	0.36993	0.02218	0.41084	0.01892	0.01727	0.01243	0.00721	0.00593	0.00180	0.00574	0.00565	0.00664	0.01006
36	0.00699	0.00599	0.00599	0.00599	0.00799	0.00499	0.00449	0.00849	0.01348	0.01598	0.05991	0.05691	0.75288	0.01498	0.00699	0.00200	0.00300	0.01248	0.00549	0.00499
37	0.01294	0.01294	0.01811	0.01553	0.01553	0.01811	0.01294	0.01423	0.00906	0.01423	0.00776	0.01294	0.00776	0.01035	0.01941	0.00259	0.78134	0.00518	0.00259	0.00647
38	0.01102	0.00551	0.00551	0.00551	0.00689	0.00551	0.00413	0.01378	0.01240	0.02205	0.01929	0.02205	0.01516	0.00689	0.00413	0.00138	0.00276	0.00551	0.82500	0.00551
39	0.00942	0.00673	0.00940	0.01077	0.01208	0.00671	0.00934	0.01206	0.01351	0.01758	0.03137	0.10054	0.03427	0.01644	0.00814	0.00271	0.00535	0.68272	0.00545	0.00542
40	0.01396	0.01595	0.03490	0.02493	0.03091	0.01496	0.73380	0.01894	0.01396	0.01894	0.01196	0.01595	0.00897	0.00499	0.00698	0.00199	0.00997	0.00698	0.00299	0.00798

[dist]
# distance from previous block
# <min> <max>
0	26

[block]
# block no. 2 follows, 39 sequences, length 20
# corresponding to MSA columns:
# 145-164
name=unknown_C
#
# <colnr> <probs for GDERKNQSTAVLIFYWHMCP>
#	G	D	E	R	K	N	Q	S	T	A	V	L	I	F	Y	W	H	M	C	P
0	0.00837	0.00604	0.00790	0.00744	0.00883	0.00558	0.00558	0.01116	0.01674	0.02371	0.75216	0.04417	0.05580	0.01209	0.00697	0.00186	0.00279	0.01069	0.00651	0.00558
1	0.01524	0.01381	0.01803	0.01506	0.01620	0.01817	0.01253	0.18830	0.01358	0.01979	0.00932	0.01324	0.00832	0.00957	0.01615	0.00239	0.59436	0.00521	0.00339	0.00733
2	0.01318	0.01204	0.01977	0.02910	0.57457	0.01204	0.01463	0.01584	0.01229	0.01743	0.01294	0.02044	0.01230	0.19516	0.01171	0.00272	0.00671	0.00607	0.00309	0.00797
3	0.01166	0.02454	0.57908	0.01412	0.02108	0.01175	0.01757	0.01753	0.01247	0.01953	0.01271	0.01479	0.00934	0.00593	0.00526	0.00175	0.00730	0.00465	0.20098	0.00796
4	0.01546	0.01100	0.01330	0.01233	0.05571	0.01177	0.03239	0.06217	0.34994	0.13584	0.02098	0.02473	0.01713	0.19684	0.01184	0.00285	0.00539	0.00689	0.00535	0.00807
5	0.00745	0.00601	0.00663	0.00648	0.00827	0.00519	0.00486	0.00938	0.01457	0.01857	0.29222	0.05264	0.51895	0.01401	0.00698	0.00195	0.00293	0.01188	0.00583	0.00519
6	0.01437	0.51572	0.06513	0.00950	0.01378	0.01803	0.00929	0.01762	0.05520	0.01679	0.01196	0.01343	0.01003	0.00571	0.00411	0.00137	0.00550	0.00400	0.20121	0.00726
7	0.13644	0.01369	0.01852	0.02216	0.33788	0.01419	0.01315	0.20621	0.01726	0.14386	0.01347	0.01468	0.00997	0.00611	0.00557	0.00178	0.00622	0.00510	0.00451	0.00923
8	0.00837	0.00604	0.00790	0.00744	0.00883	0.00558	0.00558	0.01116	0.01674	0.02371	0.75216	0.04417	0.05580	0.01209	0.00697	0.00186	0.00279	0.01069	0.00651	0.00558
9	0.01284	0.01137	0.01510	0.01541	0.19290	0.00937	0.00970	0.01568	0.01255	0.01928	0.01066	0.01284	0.00891	0.00459	0.00474	0.00109	0.00502	0.00393	0.00336	0.63069
10	0.02219	0.02538	0.01700	0.01484	0.01830	0.58741	0.01138	0.19542	0.01942	0.01997	0.01036	0.01152	0.00821	0.00634	0.00547	0.00158	0.00966	0.00417	0.00374	0.00763
11	0.21961	0.01322	0.01426	0.01120	0.01562	0.01399	0.00925	0.33356	0.02000	0.26834	0.01571	0.01501	0.01066	0.00678	0.00538	0.00181	0.00556	0.00501	0.00583	0.00918
12	0.00757	0.00575	0.00699	0.00737	0.00860	0.00517	0.00535	0.00934	0.01372	0.01805	0.25572	0.30340	0.27446	0.01538	0.00722	0.00212	0.00317	0.03971	0.00579	0.00512
13	0.01236	0.01083	0.01359	0.00971	0.01501	0.00830	0.04973	0.01513	0.01236	0.01925	0.01060	0.01248	0.00877	0.00442	0.00453	0.00094	0.00471	0.00371	0.00347	0.78009
14	0.52560	0.01670	0.01167	0.01049	0.01383	0.24657	0.00828	0.01973	0.03956	0.02234	0.00909	0.01051	0.00726	0.00593	0.00478	0.00177	0.03212	0.00358	0.00352	0.00666
15	0.01205	0.01203	0.02225	0.55221	0.08077	0.01363	0.18964	0.01622	0.01244	0.01628	0.01090	0.01574	0.00823	0.00565	0.00617	0.00196	0.00834	0.00567	0.00273	0.00707
16	0.01879	0.01520	0.01570	0.01285	0.01660	0.06088	0.01036	0.40896	0.21632	0.03003	0.04314	0.01813	0.02931	0.00781	0.00669	0.00187	0.04981	0.00593	0.02249	0.00912
17	0.21602	0.27073	0.01952	0.01159	0.01563	0.25858	0.00977	0.10273	0.01489	0.01985	0.00921	0.01044	0.00760	0.00573	0.00450	0.00154	0.00731	0.00363	0.00336	0.00735
18	0.00720	0.00579	0.00643	0.00670	0.00823	0.00502	0.00486	0.00874	0.01334	0.01668	0.13510	0.23191	0.49828	0.01549	0.00712	0.00208	0.00308	0.01332	0.00561	0.00502
19	0.01296	0.07097	0.49997	0.02081	0.20042	0.01429	0.01954	0.03758	0.01322	0.01922	0.03061	0.01372	0.00932	0.00571	0.00561	0.00181	0.00796	0.00471	0.00280	0.00877

[dist]
# distance from previous block
# <min> <max>
0	1

[block]
# block no. 3 follows, 39 sequences, length 23
# corresponding to MSA columns:
# 166-188
name=unknown_D
#
# <colnr> <probs for GDERKNQSTAVLIFYWHMCP>
#	G	D	E	R	K	N	Q	S	T	A	V	L	I	F	Y	W	H	M	C	P
0	0.01422	0.02748	0.59647	0.01613	0.02399	0.01476	0.01950	0.17780	0.01589	0.02284	0.01141	0.01287	0.00806	0.00595	0.00568	0.00185	0.00824	0.00458	0.00326	0.00903
1	0.00699	0.00599	0.00599	0.00599	0.00799	0.00499	0.00449	0.00849	0.01348	0.01598	0.05991	0.05691	0.75288	0.01498	0.00699	0.00200	0.00300	0.01248	0.00549	0.00499
2	0.00906	0.00723	0.01114	0.17984	0.01700	0.00856	0.00916	0.01145	0.00996	0.01390	0.01483	0.02253	0.01367	0.08203	0.55382	0.00760	0.01345	0.00624	0.00307	0.00546
3	0.83394	0.01144	0.00869	0.00778	0.01144	0.01327	0.00640	0.01738	0.01006	0.02653	0.00823	0.00961	0.00640	0.00549	0.00366	0.00183	0.00457	0.00320	0.00366	0.00640
4	0.01240	0.00897	0.01135	0.01149	0.01360	0.00937	0.00991	0.17276	0.01676	0.02204	0.02751	0.05506	0.02871	0.01429	0.00767	0.00251	0.00568	0.55788	0.00555	0.00647
5	0.01219	0.07341	0.55012	0.01464	0.02238	0.01303	0.01783	0.01781	0.01241	0.01855	0.01044	0.01225	0.00778	0.00531	0.00523	0.00161	0.00762	0.00410	0.00272	0.19054
6	0.65387	0.01257	0.01070	0.00907	0.01297	0.01439	0.00748	0.17676	0.01400	0.02892	0.00956	0.01063	0.00722	0.00585	0.00416	0.00182	0.00500	0.00367	0.00416	0.00722
7	0.00735	0.00593	0.00609	0.00609	0.00765	0.00516	0.00429	0.00851	0.01240	0.01498	0.05075	0.05287	0.59057	0.18745	0.01212	0.00283	0.00360	0.01162	0.00507	0.00468
8	0.01276	0.01081	0.01253	0.00899	0.01422	0.00839	0.00721	0.04991	0.01302	0.02015	0.01069	0.01236	0.00882	0.00451	0.00445	0.00092	0.00448	0.00359	0.00362	0.78856
9	0.01295	0.01729	0.30413	0.01215	0.01759	0.00989	0.01279	0.03774	0.01314	0.10488	0.01705	0.18554	0.01572	0.00843	0.00579	0.00174	0.00601	0.00713	0.00407	0.20596
10	0.01458	0.04687	0.23953	0.02122	0.24997	0.09354	0.01599	0.02173	0.17568	0.01965	0.01352	0.01498	0.01048	0.00604	0.00565	0.00178	0.00729	0.00504	0.00350	0.03295
11	0.01390	0.62029	0.02563	0.00970	0.01371	0.01927	0.00909	0.01561	0.01186	0.01418	0.01363	0.18232	0.01458	0.00805	0.00463	0.00152	0.00568	0.00619	0.00319	0.00697
12	0.00936	0.00661	0.00945	0.00975	0.01115	0.00620	0.04452	0.01129	0.01291	0.05848	0.06251	0.38168	0.11133	0.01590	0.00753	0.00238	0.00439	0.22358	0.00549	0.00551
13	0.01409	0.26103	0.09101	0.14908	0.24299	0.01693	0.11058	0.01766	0.01271	0.01681	0.01018	0.01319	0.00834	0.00530	0.00534	0.00168	0.00749	0.00475	0.00272	0.00810
14	0.01341	0.10531	0.45657	0.01566	0.02165	0.05255	0.01775	0.04494	0.01246	0.01773	0.00980	0.01225	0.00766	0.00669	0.00849	0.00195	0.17995	0.00443	0.00268	0.00807
15	0.01208	0.01177	0.01793	0.38356	0.02769	0.01571	0.01462	0.01466	0.01039	0.01466	0.00909	0.01430	0.00782	0.00821	0.01289	0.00229	0.40799	0.00521	0.00261	0.00652
16	0.01116	0.02008	0.40067	0.21402	0.02658	0.01204	0.01770	0.01635	0.01256	0.01756	0.01518	0.02537	0.01348	0.00807	0.00626	0.00209	0.00779	0.16240	0.00319	0.00744
17	0.01130	0.01032	0.01681	0.43080	0.17468	0.01183	0.01423	0.01480	0.01314	0.01782	0.17511	0.02174	0.01881	0.00732	0.00665	0.00193	0.03579	0.00646	0.00355	0.00690
18	0.01088	0.01062	0.01978	0.01678	0.05685	0.01029	0.30190	0.01444	0.04615	0.01761	0.04779	0.33603	0.03784	0.01132	0.00749	0.00216	0.03002	0.01111	0.00432	0.00662
19	0.01078	0.00931	0.01474	0.07660	0.30307	0.00932	0.01148	0.01348	0.01352	0.01880	0.18217	0.22575	0.02860	0.01086	0.00667	0.00201	0.00513	0.04629	0.00450	0.00692
20	0.03900	0.01912	0.21013	0.05371	0.01972	0.17843	0.08520	0.01807	0.03062	0.04430	0.17641	0.04933	0.02005	0.00780	0.00631	0.00184	0.02226	0.00651	0.00396	0.00723
21	0.35246	0.07366	0.01925	0.01428	0.01854	0.18220	0.19766	0.04385	0.01332	0.02133	0.00961	0.01165	0.00756	0.00552	0.00498	0.00176	0.00753	0.00439	0.00334	0.00713
22	0.18117	0.01240	0.01646	0.07943	0.27149	0.06312	0.04922	0.03784	0.01285	0.01973	0.01525	0.18517	0.01513	0.00840	0.00581	0.00193	0.00618	0.00740	0.00373	0.00731

[dist]
# distance from previous block
# <min> <max>
25	77

[block]
# block no. 4 follows, 39 sequences, length 9
# corresponding to MSA columns:
# 293-301
name=unknown_E
#
# <colnr> <probs for GDERKNQSTAVLIFYWHMCP>
#	G	D	E	R	K	N	Q	S	T	A	V	L	I	F	Y	W	H	M	C	P
0	0.19381	0.01449	0.01496	0.01265	0.01594	0.16280	0.08399	0.01709	0.01270	0.01902	0.01297	0.02072	0.01205	0.00768	0.00707	0.00183	0.09766	0.12044	0.00360	0.16853
1	0.06780	0.00863	0.01071	0.01039	0.01227	0.00917	0.00863	0.06908	0.01399	0.01983	0.09712	0.09360	0.08300	0.01294	0.00848	0.00228	0.09591	0.30733	0.00500	0.06384
2	0.01045	0.00861	0.01000	0.00997	0.01216	0.05358	0.00826	0.01296	0.01385	0.01838	0.12048	0.08013	0.06403	0.01294	0.00705	0.00214	0.00503	0.38484	0.00507	0.16005
3	0.01430	0.01172	0.01609	0.01172	0.01676	0.01004	0.10730	0.06280	0.01372	0.07820	0.01183	0.01354	0.00929	0.00513	0.00562	0.00124	0.03938	0.00436	0.00385	0.56313
4	0.41549	0.01372	0.01218	0.01025	0.01396	0.09115	0.00829	0.10348	0.04945	0.08240	0.01119	0.01217	0.00850	0.00621	0.00548	0.00175	0.05535	0.00406	0.00418	0.09075
5	0.06448	0.00809	0.01109	0.01082	0.01277	0.00826	0.03884	0.01428	0.01339	0.10504	0.05795	0.10632	0.08865	0.01355	0.00821	0.00240	0.06257	0.36185	0.00529	0.00615
6	0.04552	0.00846	0.01017	0.00955	0.01227	0.00795	0.00775	0.01535	0.09904	0.05259	0.06181	0.11180	0.08277	0.01154	0.00651	0.00199	0.00453	0.24226	0.00512	0.20301
7	0.01375	0.01237	0.01804	0.04619	0.01931	0.01123	0.16991	0.10122	0.06151	0.02132	0.01300	0.04441	0.01071	0.00569	0.00543	0.00141	0.00601	0.00529	0.00387	0.42933
8	0.24645	0.01157	0.01237	0.01007	0.01386	0.03172	0.03818	0.10937	0.05953	0.06280	0.09342	0.01904	0.01550	0.04216	0.00624	0.00182	0.00508	0.02464	0.00456	0.19164

[dist]
# distance from previous block
# <min> <max>
18	218

[block]
# block no. 5 follows, 39 sequences, length 16
# corresponding to MSA columns:
# 583-598
name=unknown_F
#
# <colnr> <probs for GDERKNQSTAVLIFYWHMCP>
#	G	D	E	R	K	N	Q	S	T	A	V	L	I	F	Y	W	H	M	C	P
0	0.01612	0.01244	0.01917	0.01490	0.01894	0.01240	0.19713	0.15849	0.01636	0.12743	0.01829	0.04289	0.03858	0.00835	0.00750	0.00195	0.06994	0.10555	0.00470	0.10888
1	0.06938	0.01393	0.01470	0.01210	0.01593	0.12668	0.05409	0.11313	0.04874	0.08181	0.01641	0.02216	0.03100	0.00767	0.00619	0.00170	0.03480	0.10449	0.00444	0.22064
2	0.12717	0.01013	0.01254	0.01076	0.01431	0.00977	0.04651	0.05090	0.07767	0.10818	0.01968	0.05755	0.01809	0.00917	0.00598	0.00188	0.00516	0.20073	0.00489	0.20894
3	0.06965	0.00979	0.01251	0.00965	0.01359	0.00849	0.05310	0.01474	0.01341	0.04743	0.19707	0.02150	0.03573	0.00697	0.00582	0.00138	0.03373	0.00584	0.00438	0.43523
4	0.04855	0.01518	0.01460	0.01204	0.01610	0.17498	0.03538	0.06619	0.16757	0.13461	0.01602	0.01746	0.01234	0.00666	0.00548	0.00160	0.00628	0.03274	0.00473	0.21151
5	0.01306	0.01228	0.02002	0.29095	0.39273	0.01279	0.01585	0.01659	0.01271	0.01784	0.01082	0.01467	0.00876	0.00536	0.00565	0.00170	0.00692	0.00499	0.00291	0.13341
6	0.01226	0.01051	0.01226	0.00876	0.01401	0.00788	0.00701	0.01489	0.01226	0.01927	0.01051	0.01226	0.00876	0.00438	0.00438	0.00088	0.00438	0.00350	0.00350	0.82832
7	0.13341	0.00611	0.00714	0.00816	0.00901	0.00610	0.00563	0.00963	0.01113	0.01684	0.02888	0.66944	0.03412	0.01654	0.00695	0.00231	0.00361	0.01473	0.00521	0.00505
8	0.00860	0.00573	0.00645	0.00645	0.00645	0.00573	0.00358	0.00860	0.00860	0.01147	0.01863	0.03870	0.02150	0.79217	0.03010	0.00573	0.00573	0.00860	0.00358	0.00358
9	0.13769	0.01065	0.01172	0.00861	0.01362	0.00871	0.00692	0.01527	0.01193	0.02038	0.01016	0.01186	0.00840	0.00455	0.00427	0.00102	0.00441	0.00346	0.00353	0.70285
10	0.14778	0.01349	0.01495	0.01163	0.01614	0.01416	0.00960	0.37677	0.02126	0.29021	0.01651	0.01559	0.01111	0.00693	0.00558	0.00180	0.00569	0.00522	0.00607	0.00950
11	0.14804	0.01008	0.01252	0.00994	0.01410	0.00939	0.00814	0.02590	0.04266	0.56750	0.07352	0.02032	0.01647	0.00741	0.00567	0.00184	0.00479	0.00590	0.00665	0.00916
12	0.18400	0.01145	0.01334	0.01072	0.01474	0.01159	0.02838	0.18796	0.01764	0.31386	0.05302	0.02195	0.05439	0.00792	0.00573	0.00188	0.00523	0.04174	0.00591	0.00856
13	0.01686	0.01237	0.01868	0.01407	0.01865	0.03916	0.20414	0.04784	0.06473	0.21221	0.10521	0.01984	0.01668	0.00665	0.00601	0.00168	0.00620	0.00624	0.00496	0.17779
14	0.04394	0.01129	0.01374	0.01163	0.01505	0.01167	0.03757	0.25520	0.05823	0.14858	0.07586	0.03300	0.07519	0.01013	0.00657	0.00205	0.00546	0.17093	0.00587	0.00806
15	0.18636	0.01164	0.01310	0.01097	0.01454	0.01250	0.03635	0.15334	0.18568	0.13353	0.12984	0.02272	0.01974	0.00807	0.00577	0.00191	0.00499	0.03516	0.00563	0.00819

[dist]
# distance from previous block
# <min> <max>
0	56

[block]
# block no. 6 follows, 39 sequences, length 12
# corresponding to MSA columns:
# 659-669,674
name=unknown_G
#
# <colnr> <probs for GDERKNQSTAVLIFYWHMCP>
#	G	D	E	R	K	N	Q	S	T	A	V	L	I	F	Y	W	H	M	C	P
0	0.01462	0.01127	0.01225	0.01074	0.01408	0.01210	0.00849	0.10027	0.40339	0.07958	0.02924	0.02918	0.15356	0.00937	0.00620	0.00194	0.00461	0.04154	0.00585	0.05172
1	0.18385	0.06413	0.13900	0.01038	0.01464	0.08256	0.00978	0.04249	0.03381	0.12070	0.02530	0.02483	0.20887	0.00846	0.00551	0.00182	0.00567	0.00649	0.00447	0.00724
2	0.01563	0.01183	0.01473	0.01109	0.01566	0.01089	0.05988	0.20921	0.01742	0.08392	0.08518	0.01905	0.05331	0.00668	0.00549	0.00143	0.00518	0.00559	0.00481	0.36303
3	0.01651	0.01146	0.01342	0.01040	0.01463	0.06934	0.04437	0.04347	0.01512	0.21863	0.10698	0.02124	0.06401	0.00705	0.00554	0.00146	0.00513	0.00587	0.00504	0.32032
4	0.01385	0.01295	0.02058	0.06119	0.52504	0.01235	0.01508	0.01714	0.01307	0.01912	0.01093	0.01405	0.00914	0.00506	0.00546	0.00153	0.00635	0.00479	0.00307	0.22924
5	0.01398	0.01046	0.01244	0.00897	0.01414	0.00798	0.00721	0.01657	0.01282	0.10823	0.01205	0.01321	0.00947	0.00473	0.00457	0.00099	0.00446	0.00380	0.00396	0.72997
6	0.01400	0.01199	0.01276	0.01168	0.01474	0.01378	0.00900	0.02924	0.67545	0.02383	0.02487	0.09431	0.02004	0.00901	0.00616	0.00204	0.00456	0.00764	0.00597	0.00893
7	0.01024	0.00761	0.00831	0.00795	0.00885	0.00814	0.00514	0.01473	0.20631	0.01503	0.02009	0.03423	0.02057	0.58152	0.02363	0.00473	0.00545	0.00809	0.00424	0.00514
8	0.01490	0.01526	0.01347	0.01050	0.01516	0.21219	0.00819	0.01723	0.01347	0.01798	0.01014	0.01183	0.00845	0.00484	0.00464	0.00105	0.00607	0.00359	0.00338	0.60765
9	0.02540	0.01328	0.01468	0.01156	0.01596	0.10620	0.00940	0.12858	0.01845	0.56251	0.02024	0.01809	0.01310	0.00713	0.00586	0.00178	0.00595	0.00559	0.00658	0.00966
10	0.01153	0.00812	0.01080	0.00987	0.01211	0.00862	0.00775	0.01579	0.11500	0.08630	0.01704	0.02139	0.01447	0.03064	0.49171	0.00662	0.01179	0.00599	0.00401	0.11046
11	0.06494	0.01472	0.01557	0.01251	0.01677	0.03651	0.01015	0.40138	0.20344	0.13555	0.01749	0.01665	0.01243	0.00725	0.00581	0.00184	0.00585	0.00560	0.00594	0.00960

[dist]
# distance from previous block
# <min> <max>
1	32

[block]
# block no. 7 follows, 39 sequences, length 23
# corresponding to MSA columns:
# 713-735
name=unknown_H
#
# <colnr> <probs for GDERKNQSTAVLIFYWHMCP>
#	G	D	E	R	K	N	Q	S	T	A	V	L	I	F	Y	W	H	M	C	P
0	0.05891	0.08974	0.01525	0.09660	0.01751	0.05078	0.00959	0.11241	0.14399	0.17078	0.03019	0.04141	0.07238	0.00769	0.00564	0.00177	0.00559	0.00614	0.00507	0.05856
1	0.10993	0.01175	0.01302	0.01137	0.03661	0.01225	0.00878	0.10944	0.27310	0.12342	0.04887	0.02091	0.03766	0.00750	0.00560	0.00177	0.00486	0.02564	0.00543	0.13210
2	0.18981	0.08374	0.05534	0.01366	0.07583	0.01448	0.05676	0.17474	0.07321	0.02465	0.01185	0.01309	0.00917	0.00573	0.00499	0.00159	0.00588	0.00447	0.00404	0.17698
3	0.07708	0.08550	0.08282	0.01196	0.06231	0.01159	0.00985	0.07358	0.06583	0.22459	0.08712	0.02306	0.10224	0.00789	0.00568	0.00176	0.00520	0.00637	0.00520	0.05038
4	0.05431	0.11016	0.01528	0.01034	0.01476	0.03189	0.00854	0.07671	0.15445	0.18704	0.01774	0.01726	0.04037	0.00653	0.00518	0.00153	0.00511	0.00510	0.00497	0.23274
5	0.03837	0.01530	0.04031	0.01644	0.11652	0.05142	0.06800	0.27646	0.10339	0.06233	0.01410	0.01494	0.01053	0.00623	0.00566	0.00167	0.00644	0.00518	0.00468	0.14203
6	0.01587	0.01328	0.01930	0.02512	0.42527	0.01369	0.01406	0.11919	0.13618	0.06901	0.01835	0.01953	0.07071	0.00688	0.00599	0.00182	0.00612	0.00613	0.00433	0.00916
7	0.01394	0.01056	0.01418	0.01341	0.10926	0.00979	0.04593	0.08105	0.06250	0.08781	0.17280	0.02287	0.04268	0.00734	0.00570	0.00155	0.00482	0.00639	0.04509	0.24232
8	0.01885	0.01402	0.01409	0.01311	0.07399	0.15672	0.00949	0.06769	0.11180	0.24379	0.05971	0.02248	0.09601	0.00788	0.00589	0.00174	0.00594	0.00633	0.00538	0.06510
9	0.10266	0.00919	0.01132	0.01041	0.01285	0.00950	0.05395	0.01721	0.20802	0.02052	0.09270	0.26759	0.02672	0.01151	0.00640	0.00205	0.00446	0.05533	0.00520	0.07241
10	0.01058	0.00823	0.01130	0.00988	0.01244	0.00765	0.08833	0.01429	0.09702	0.07713	0.07309	0.20460	0.29944	0.01260	0.00680	0.00202	0.00429	0.01113	0.00537	0.04381
11	0.01970	0.01698	0.01541	0.01383	0.05247	0.21905	0.01035	0.15286	0.21512	0.14135	0.01782	0.01735	0.03128	0.00711	0.00575	0.00174	0.00675	0.00548	0.00513	0.04445
12	0.01936	0.01268	0.01426	0.01191	0.01584	0.01372	0.00952	0.15886	0.41494	0.22813	0.02207	0.02010	0.01566	0.00766	0.00598	0.00192	0.00511	0.00624	0.00636	0.00968
13	0.10717	0.01258	0.01307	0.01132	0.01482	0.03669	0.00893	0.11993	0.38611	0.12579	0.04701	0.05719	0.01731	0.00813	0.00582	0.00193	0.00501	0.00657	0.00582	0.00879
14	0.40077	0.01304	0.01266	0.01037	0.01447	0.01445	0.00851	0.25407	0.07570	0.12326	0.01337	0.01344	0.00958	0.00645	0.00488	0.00183	0.00527	0.00452	0.00505	0.00830
15	0.05025	0.00947	0.01229	0.01007	0.01374	0.00875	0.00824	0.04852	0.04843	0.48522	0.15344	0.02766	0.02324	0.00885	0.00623	0.00191	0.00468	0.06348	0.00679	0.00873
16	0.05809	0.01332	0.01427	0.01205	0.01589	0.01489	0.00961	0.20609	0.45072	0.10778	0.02075	0.01928	0.01512	0.00759	0.00587	0.00192	0.00517	0.00610	0.00602	0.00947
17	0.01974	0.01512	0.01728	0.01340	0.01782	0.01642	0.05694	0.56504	0.07046	0.03296	0.01971	0.01951	0.09223	0.00789	0.00611	0.00183	0.00623	0.00630	0.00569	0.00932
18	0.01436	0.01398	0.02447	0.08315	0.65131	0.01406	0.07530	0.01802	0.01340	0.01902	0.01115	0.01481	0.00924	0.00529	0.00595	0.00179	0.00732	0.00541	0.00291	0.00908
19	0.00706	0.00570	0.00630	0.00678	0.00819	0.00493	0.00484	0.00840	0.01272	0.01567	0.05035	0.31300	0.50297	0.01622	0.00719	0.00214	0.00315	0.01400	0.00549	0.00493
20	0.00789	0.00622	0.00724	0.00755	0.00929	0.00558	0.00604	0.00991	0.01398	0.01755	0.14982	0.05782	0.45545	0.01495	0.00731	0.00218	0.00364	0.20676	0.00562	0.00520
21	0.01294	0.01294	0.01811	0.01553	0.01553	0.01811	0.01294	0.01423	0.00906	0.01423	0.00776	0.01294	0.00776	0.01035	0.01941	0.00259	0.78134	0.00518	0.00259	0.00647
22	0.01226	0.01051	0.01226	0.00876	0.01401	0.00788	0.00701	0.01489	0.01226	0.01927	0.01051	0.01226	0.00876	0.00438	0.00438	0.00088	0.00438	0.00350	0.00350	0.82832

[dist]
# distance from previous block
# <min> <max>
0	1

[block]
# block no. 8 follows, 39 sequences, length 30
# corresponding to MSA columns:
# 737-749,755,756,767-781
name=unknown_I
#
# <colnr> <probs for GDERKNQSTAVLIFYWHMCP>
#	G	D	E	R	K	N	Q	S	T	A	V	L	I	F	Y	W	H	M	C	P
0	0.01501	0.31059	0.06150	0.01264	0.01800	0.04224	0.12249	0.03912	0.01323	0.04408	0.01040	0.01208	0.00849	0.00504	0.00476	0.00133	0.00652	0.00411	0.00320	0.26516
1	0.01186	0.03059	0.76153	0.01686	0.02560	0.01373	0.02185	0.01873	0.01249	0.01873	0.01061	0.01249	0.00749	0.00562	0.00562	0.00187	0.00874	0.00437	0.00250	0.00874
2	0.01631	0.73495	0.02986	0.01052	0.01542	0.08239	0.01022	0.01818	0.01239	0.01396	0.00829	0.00958	0.00759	0.00514	0.00392	0.00129	0.00667	0.00321	0.00257	0.00753
3	0.00834	0.00748	0.00723	0.00752	0.00904	0.06541	0.00542	0.00976	0.01324	0.01603	0.08804	0.28589	0.42495	0.01524	0.00704	0.00208	0.00373	0.01307	0.00536	0.00511
4	0.02248	0.01656	0.01775	0.01361	0.01834	0.01834	0.01124	0.73556	0.02780	0.03727	0.01420	0.01420	0.01006	0.00710	0.00592	0.00177	0.00651	0.00532	0.00592	0.01006
5	0.00721	0.00515	0.00686	0.00823	0.00858	0.00480	0.00549	0.00823	0.01132	0.01510	0.03259	0.78831	0.03911	0.01853	0.00755	0.00240	0.00343	0.01681	0.00549	0.00480
6	0.01186	0.03059	0.76153	0.01686	0.02560	0.01373	0.02185	0.01873	0.01249	0.01873	0.01061	0.01249	0.00749	0.00562	0.00562	0.00187	0.00874	0.00437	0.00250	0.00874
7	0.01197	0.02981	0.72261	0.01729	0.02588	0.01380	0.05998	0.01874	0.01256	0.01874	0.01069	0.01267	0.00757	0.00558	0.00569	0.00188	0.00881	0.00451	0.00252	0.00870
8	0.00866	0.00730	0.01024	0.22691	0.03003	0.00768	0.00870	0.01090	0.01244	0.01586	0.07225	0.17694	0.26623	0.04025	0.04443	0.00257	0.00535	0.04326	0.00451	0.00550
9	0.01155	0.01084	0.01825	0.61799	0.15744	0.01289	0.01618	0.01528	0.01207	0.01581	0.01168	0.05293	0.00964	0.00642	0.00598	0.00196	0.00753	0.00582	0.00282	0.00695
10	0.08947	0.00992	0.01298	0.01019	0.01447	0.00886	0.00835	0.02686	0.01610	0.66336	0.02261	0.05851	0.01524	0.00775	0.00585	0.00186	0.00491	0.00628	0.00694	0.00951
11	0.01349	0.05104	0.02328	0.40591	0.11564	0.04797	0.19854	0.01739	0.01295	0.04103	0.01120	0.01530	0.00852	0.00562	0.00605	0.00189	0.00827	0.00555	0.00292	0.00742
12	0.00991	0.00876	0.01307	0.01492	0.13474	0.03504	0.08029	0.01195	0.01246	0.01643	0.02726	0.42386	0.06746	0.02669	0.00754	0.00229	0.00517	0.09147	0.00470	0.00601
13	0.01297	0.01120	0.01418	0.01029	0.01539	0.00916	0.06477	0.07499	0.01376	0.02057	0.01359	0.01511	0.04886	0.00522	0.00485	0.00110	0.00493	0.00441	0.00377	0.65087
14	0.01409	0.01378	0.02427	0.10571	0.54980	0.01377	0.11416	0.01779	0.01331	0.01886	0.01115	0.01480	0.00914	0.00525	0.00594	0.00176	0.00737	0.00541	0.00294	0.05071
15	0.00854	0.00655	0.00980	0.05064	0.01208	0.00760	0.00776	0.01072	0.00979	0.01389	0.01733	0.02419	0.04423	0.04110	0.69698	0.00880	0.01489	0.00653	0.00323	0.00534
16	0.01393	0.01516	0.06814	0.08676	0.08683	0.01383	0.47457	0.04217	0.01414	0.04570	0.02752	0.05777	0.01159	0.00614	0.00668	0.00197	0.00871	0.00706	0.00338	0.00794
17	0.01381	0.01289	0.05263	0.36147	0.12566	0.07148	0.01397	0.01720	0.01316	0.08459	0.03883	0.01887	0.01188	0.02240	0.00633	0.00189	0.00711	0.03715	0.00349	0.08517
18	0.01707	0.05145	0.01892	0.08312	0.13473	0.17230	0.06869	0.19547	0.01727	0.02195	0.01288	0.06014	0.01087	0.00670	0.00568	0.00168	0.00735	0.00557	0.03335	0.07478
19	0.01391	0.01144	0.05226	0.01407	0.09924	0.02790	0.06355	0.08939	0.03397	0.11710	0.03861	0.16710	0.13008	0.01038	0.00646	0.00194	0.00543	0.04776	0.00497	0.06442
20	0.07949	0.05279	0.03410	0.04603	0.04282	0.05232	0.02745	0.07631	0.10991	0.05153	0.07349	0.01653	0.01381	0.00619	0.00518	0.00148	0.00544	0.00498	0.00427	0.29588
21	0.01447	0.03004	0.05530	0.19208	0.04659	0.01172	0.04612	0.11550	0.04091	0.09057	0.07286	0.05920	0.01493	0.00703	0.00576	0.00169	0.00602	0.00606	0.00430	0.17884
22	0.08117	0.06504	0.06908	0.04061	0.12454	0.05350	0.03569	0.11426	0.04102	0.10084	0.03065	0.01701	0.01176	0.00641	0.00543	0.00165	0.00622	0.03672	0.00420	0.15418
23	0.22314	0.01289	0.05980	0.01093	0.01472	0.01276	0.02765	0.14579	0.18393	0.02522	0.04971	0.10853	0.01620	0.00812	0.00549	0.00186	0.00511	0.00654	0.00485	0.07676
24	0.05662	0.01332	0.02151	0.05291	0.05911	0.03500	0.27173	0.07528	0.01475	0.05084	0.09119	0.01762	0.01402	0.00621	0.00647	0.00172	0.03486	0.00601	0.00388	0.16696
25	0.03069	0.05572	0.08585	0.05259	0.01919	0.01262	0.10142	0.15360	0.04195	0.18097	0.04503	0.02037	0.04000	0.00717	0.00590	0.00177	0.00625	0.03763	0.00488	0.09638
26	0.06102	0.01137	0.01453	0.03392	0.01605	0.01180	0.05387	0.11969	0.11621	0.14190	0.03508	0.09419	0.01636	0.00862	0.00715	0.00189	0.07424	0.04563	0.00505	0.13146
27	0.01545	0.01223	0.04998	0.01174	0.01553	0.01153	0.04342	0.21094	0.10457	0.09198	0.06593	0.09689	0.05075	0.00939	0.00627	0.00188	0.00539	0.08087	0.00538	0.10989
28	0.14471	0.01369	0.05131	0.01363	0.05595	0.06960	0.07721	0.07207	0.08968	0.11739	0.07770	0.02115	0.01594	0.00752	0.00614	0.00185	0.02836	0.05861	0.00466	0.07283
29	0.01790	0.03751	0.03333	0.01229	0.01638	0.14128	0.04315	0.17101	0.04350	0.13358	0.01807	0.04595	0.04642	0.00779	0.00582	0.00170	0.00643	0.06181	0.00483	0.15126

[dist]
# distance from previous block
# <min> <max>
3	6

[block]
# block no. 9 follows, 39 sequences, length 6
# corresponding to MSA columns:
# 806-811
name=unknown_J
#
# <colnr> <probs for GDERKNQSTAVLIFYWHMCP>
#	G	D	E	R	K	N	Q	S	T	A	V	L	I	F	Y	W	H	M	C	P
0	0.12453	0.01400	0.11424	0.01316	0.05368	0.01205	0.04542	0.08627	0.06516	0.11004	0.06771	0.01708	0.01354	0.00898	0.05230	0.00221	0.05598	0.00533	0.00434	0.13398
1	0.01571	0.01177	0.01729	0.10572	0.07502	0.01138	0.10810	0.12896	0.01597	0.13299	0.04778	0.02147	0.04656	0.00709	0.00595	0.00171	0.00612	0.04872	0.00457	0.18713
2	0.08787	0.01095	0.01429	0.05756	0.01654	0.01092	0.06473	0.11590	0.04044	0.16696	0.09448	0.03876	0.06292	0.00806	0.00639	0.00179	0.03560	0.02912	0.00509	0.13165
3	0.15873	0.01412	0.09484	0.01365	0.06029	0.01280	0.06774	0.12073	0.13647	0.11533	0.09575	0.01861	0.01585	0.00699	0.00564	0.00183	0.00573	0.00579	0.00490	0.04420
4	0.16192	0.01352	0.05282	0.01210	0.01576	0.07693	0.08232	0.08709	0.01473	0.14538	0.09139	0.04305	0.01589	0.05374	0.00792	0.00206	0.05566	0.00604	0.00458	0.05708
5	0.01652	0.01181	0.05250	0.01231	0.01588	0.04814	0.08197	0.05229	0.08445	0.24160	0.04427	0.06618	0.06829	0.01181	0.05249	0.00249	0.00648	0.11724	0.00546	0.00784

[dist]
# distance from previous block
# <min> <max>
0	324

# created by:
# /home/cegg/simao/soft/augustus-3.2.1/scripts/msa2prfl.pl ./align_prep/EOG091G0N0A.fa
