[name]
unknown

[dist]
# distance from previous block
# <min> <max>
4	57

[block]
# block no. 0 follows, 48 sequences, length 17
# corresponding to MSA columns:
# 72,74-77,79-90
name=unknown_A
#
# <colnr> <probs for GDERKNQSTAVLIFYWHMCP>
#	G	D	E	R	K	N	Q	S	T	A	V	L	I	F	Y	W	H	M	C	P
0	0.01204	0.01149	0.01939	0.13357	0.62960	0.01194	0.01497	0.01504	0.01146	0.01625	0.03834	0.01373	0.00940	0.00503	0.00556	0.00158	0.03566	0.00474	0.00261	0.00759
1	0.01162	0.01109	0.01887	0.31059	0.51703	0.01191	0.01521	0.01480	0.01117	0.01545	0.00946	0.01305	0.00766	0.00477	0.00510	0.00159	0.00636	0.00457	0.00245	0.00725
2	0.00765	0.00565	0.00703	0.00706	0.00830	0.00536	0.00534	0.05248	0.01321	0.01783	0.35962	0.22249	0.15964	0.01237	0.00623	0.00182	0.00303	0.09491	0.00516	0.00481
3	0.01372	0.82276	0.02689	0.00878	0.01317	0.02030	0.00878	0.01536	0.01043	0.01207	0.00713	0.00823	0.00658	0.00439	0.00329	0.00110	0.00549	0.00274	0.00219	0.00658
4	0.01091	0.00889	0.01048	0.00759	0.01195	0.00676	0.00607	0.01319	0.01100	0.04571	0.05228	0.01242	0.01004	0.00426	0.00397	0.00084	0.00375	0.00346	0.00331	0.77313
5	0.15288	0.01049	0.01581	0.15311	0.21780	0.01087	0.08217	0.05151	0.01223	0.18780	0.01248	0.01538	0.00948	0.00558	0.00498	0.00164	0.00565	0.03928	0.00366	0.00718
6	0.00903	0.00807	0.01234	0.16623	0.09979	0.00816	0.08808	0.05433	0.01223	0.01591	0.09962	0.11977	0.26710	0.00937	0.00578	0.00172	0.00464	0.00836	0.00392	0.00556
7	0.01003	0.11081	0.22254	0.00892	0.01259	0.00869	0.00913	0.01274	0.01160	0.09623	0.07993	0.11803	0.26042	0.00923	0.00536	0.00164	0.00452	0.00766	0.00397	0.00597
8	0.01075	0.01055	0.01921	0.12839	0.31802	0.01054	0.20562	0.01378	0.01148	0.01575	0.05029	0.12371	0.04525	0.00675	0.00562	0.00169	0.00611	0.00677	0.00305	0.00665
9	0.01595	0.01023	0.05879	0.07220	0.05360	0.00894	0.13815	0.01866	0.01280	0.36815	0.01819	0.06637	0.02997	0.00728	0.00580	0.00174	0.02031	0.08094	0.00463	0.00729
10	0.01157	0.00936	0.01577	0.45415	0.12100	0.01034	0.07411	0.01466	0.01147	0.11072	0.06876	0.03365	0.03038	0.00596	0.00532	0.00168	0.00608	0.00547	0.00320	0.00634
11	0.01148	0.03743	0.44563	0.09163	0.20051	0.01239	0.05213	0.05912	0.01179	0.01692	0.00949	0.01170	0.00710	0.00487	0.00498	0.00160	0.00706	0.00417	0.00245	0.00755
12	0.01164	0.25295	0.42548	0.01328	0.01927	0.01403	0.10564	0.01590	0.01113	0.03259	0.04587	0.01190	0.00881	0.00497	0.00462	0.00148	0.00679	0.00405	0.00249	0.00711
13	0.01037	0.00982	0.01662	0.63129	0.20606	0.01158	0.01459	0.01371	0.01058	0.01394	0.00924	0.01346	0.00713	0.00500	0.00512	0.00167	0.00667	0.00456	0.00234	0.00625
14	0.00939	0.00825	0.01328	0.17040	0.29135	0.00858	0.01082	0.01167	0.01075	0.01461	0.01784	0.30735	0.01911	0.00969	0.00580	0.00184	0.00499	0.07486	0.00349	0.00593
15	0.01161	0.01108	0.01895	0.11814	0.57507	0.01125	0.05009	0.01458	0.01154	0.01616	0.03593	0.05261	0.03892	0.00565	0.00527	0.00159	0.00592	0.00548	0.00279	0.00736
16	0.01213	0.01161	0.01981	0.17715	0.64643	0.01204	0.01547	0.01525	0.01142	0.01608	0.00955	0.01288	0.00789	0.00468	0.00509	0.00156	0.00624	0.00457	0.00249	0.00767

[dist]
# distance from previous block
# <min> <max>
0	4

[block]
# block no. 1 follows, 48 sequences, length 6
# corresponding to MSA columns:
# 95-100
name=unknown_B
#
# <colnr> <probs for GDERKNQSTAVLIFYWHMCP>
#	G	D	E	R	K	N	Q	S	T	A	V	L	I	F	Y	W	H	M	C	P
0	0.07271	0.01354	0.12993	0.06842	0.26401	0.02973	0.17200	0.03565	0.01148	0.01662	0.01186	0.08773	0.01070	0.02855	0.00588	0.00176	0.00645	0.02326	0.00287	0.00684
1	0.00628	0.00494	0.00570	0.00626	0.00737	0.00436	0.00453	0.00748	0.01094	0.01365	0.04075	0.36240	0.43133	0.01432	0.00633	0.00192	0.00289	0.05949	0.00476	0.00429
2	0.01094	0.01027	0.01733	0.40533	0.37017	0.01138	0.01451	0.01412	0.01100	0.01490	0.01060	0.01629	0.00898	0.00550	0.00524	0.00167	0.00636	0.05612	0.00256	0.00672
3	0.01119	0.01083	0.01872	0.28085	0.42257	0.01143	0.07783	0.01434	0.01126	0.01534	0.01261	0.01577	0.06403	0.00534	0.00525	0.00162	0.00630	0.00515	0.00262	0.00696
4	0.00668	0.00506	0.00690	0.08056	0.01017	0.00496	0.00579	0.00795	0.01017	0.01332	0.02868	0.61955	0.10203	0.01465	0.00641	0.00204	0.00341	0.06277	0.00453	0.00436
5	0.01108	0.06685	0.45844	0.01503	0.06396	0.01193	0.10592	0.06984	0.01191	0.01691	0.01182	0.08673	0.01018	0.00619	0.00518	0.00166	0.00685	0.02958	0.00278	0.00715

[dist]
# distance from previous block
# <min> <max>
0	2

[block]
# block no. 2 follows, 48 sequences, length 20
# corresponding to MSA columns:
# 103-116,118-123
name=unknown_C
#
# <colnr> <probs for GDERKNQSTAVLIFYWHMCP>
#	G	D	E	R	K	N	Q	S	T	A	V	L	I	F	Y	W	H	M	C	P
0	0.01172	0.01108	0.01875	0.16873	0.59054	0.01147	0.01473	0.01472	0.01135	0.01590	0.01100	0.04857	0.00979	0.00552	0.00523	0.00161	0.00605	0.03317	0.00267	0.00740
1	0.05936	0.01169	0.01285	0.04889	0.10275	0.14434	0.02812	0.03630	0.06848	0.08854	0.10290	0.08191	0.04427	0.03210	0.00740	0.00179	0.11219	0.00609	0.00380	0.00623
2	0.09136	0.10144	0.06797	0.00944	0.01355	0.04319	0.00836	0.10281	0.02534	0.33209	0.03398	0.01450	0.02258	0.00574	0.00461	0.00143	0.00488	0.00440	0.00458	0.10776
3	0.01182	0.01186	0.01744	0.26595	0.22707	0.08155	0.09943	0.01481	0.01132	0.01520	0.00930	0.01238	0.00743	0.00461	0.00489	0.00142	0.00641	0.00429	0.00258	0.19023
4	0.01115	0.01764	0.31520	0.01726	0.08047	0.01198	0.27355	0.01633	0.06396	0.01646	0.01214	0.01422	0.04072	0.00528	0.00585	0.00165	0.04283	0.00506	0.00271	0.04554
5	0.00683	0.00571	0.03894	0.00766	0.00848	0.00480	0.00572	0.00811	0.01002	0.01347	0.02627	0.64010	0.03085	0.04804	0.00726	0.00217	0.00347	0.09668	0.00453	0.03089
6	0.01060	0.00991	0.01591	0.02327	0.53927	0.00968	0.01204	0.01306	0.01155	0.01578	0.02139	0.08043	0.20058	0.00748	0.00543	0.00162	0.00501	0.00684	0.00325	0.00691
7	0.01061	0.01039	0.06783	0.00811	0.01289	0.00721	0.00702	0.01316	0.01065	0.01669	0.00913	0.01065	0.00752	0.00388	0.00388	0.00082	0.00408	0.00309	0.00298	0.78939
8	0.00619	0.00516	0.00539	0.00542	0.00703	0.00437	0.00403	0.00757	0.01186	0.01445	0.11960	0.08804	0.67743	0.01292	0.00609	0.00174	0.00260	0.01088	0.00485	0.00437
9	0.01146	0.24612	0.46231	0.01191	0.01771	0.01355	0.01409	0.03444	0.01106	0.03210	0.03859	0.01278	0.00907	0.05725	0.00585	0.00169	0.00652	0.00399	0.00253	0.00697
10	0.01154	0.31729	0.51330	0.01249	0.01891	0.01498	0.01524	0.01593	0.01068	0.01472	0.00845	0.00988	0.00653	0.00470	0.00430	0.00143	0.00682	0.00341	0.00218	0.00722
11	0.00821	0.00586	0.00626	0.00646	0.00714	0.03776	0.00438	0.00913	0.00963	0.02768	0.03307	0.16528	0.10446	0.36717	0.01468	0.00319	0.00418	0.07564	0.10580	0.00401
12	0.00968	0.11557	0.42741	0.01150	0.01671	0.01088	0.03578	0.01392	0.02578	0.01524	0.04557	0.01976	0.15656	0.00904	0.06307	0.00207	0.00661	0.00543	0.00290	0.00652
13	0.04513	0.00819	0.04403	0.00823	0.02379	0.00763	0.00650	0.04322	0.17403	0.03415	0.31607	0.07899	0.15454	0.00953	0.00562	0.00167	0.00338	0.00814	0.00498	0.02217
14	0.01103	0.09942	0.01283	0.00857	0.01237	0.00877	0.03607	0.05790	0.01146	0.01662	0.03244	0.05078	0.01151	0.00615	0.00507	0.03971	0.00431	0.05879	0.00329	0.51292
15	0.01102	0.00820	0.02428	0.16548	0.05552	0.00800	0.00838	0.06630	0.02552	0.10294	0.04716	0.19571	0.04959	0.05543	0.00666	0.00186	0.00461	0.04748	0.00405	0.11181
16	0.01271	0.02584	0.08554	0.11640	0.30765	0.05308	0.09266	0.08579	0.04126	0.01745	0.02079	0.01337	0.00877	0.00568	0.01538	0.00167	0.04620	0.00469	0.03787	0.00723
17	0.00721	0.00543	0.00731	0.00749	0.00847	0.00520	0.03876	0.02324	0.01038	0.01390	0.02848	0.41524	0.16310	0.07064	0.08356	0.00274	0.00442	0.04496	0.05502	0.00444
18	0.00861	0.00691	0.00960	0.01027	0.07219	0.00673	0.04862	0.06411	0.02686	0.01598	0.06770	0.27285	0.17451	0.03906	0.00691	0.00203	0.00405	0.15334	0.00448	0.00518
19	0.01231	0.36202	0.19673	0.06493	0.11579	0.01539	0.07130	0.03588	0.01124	0.01473	0.00948	0.01285	0.00812	0.00512	0.00445	0.00144	0.00633	0.04248	0.00248	0.00694

[dist]
# distance from previous block
# <min> <max>
0	21

[block]
# block no. 3 follows, 48 sequences, length 6
# corresponding to MSA columns:
# 145-150
name=unknown_D
#
# <colnr> <probs for GDERKNQSTAVLIFYWHMCP>
#	G	D	E	R	K	N	Q	S	T	A	V	L	I	F	Y	W	H	M	C	P
0	0.05497	0.08447	0.18802	0.06045	0.30716	0.01312	0.05254	0.11722	0.01297	0.04700	0.00997	0.01193	0.00768	0.00493	0.00485	0.00154	0.00631	0.00426	0.00294	0.00767
1	0.01186	0.05532	0.06980	0.12091	0.15575	0.03483	0.15048	0.05277	0.08808	0.03984	0.03950	0.06947	0.05168	0.00667	0.00540	0.00166	0.00601	0.02979	0.00341	0.00679
2	0.01025	0.00974	0.01628	0.56369	0.02997	0.01149	0.10366	0.01516	0.11159	0.01454	0.01108	0.01478	0.00845	0.00712	0.04925	0.00208	0.00707	0.00496	0.00273	0.00610
3	0.01102	0.00977	0.07028	0.12040	0.13163	0.00896	0.05602	0.01521	0.09679	0.07862	0.10257	0.03816	0.07020	0.00802	0.02981	0.00182	0.00510	0.02411	0.11512	0.00639
4	0.01107	0.01003	0.01543	0.60718	0.03012	0.01251	0.01331	0.10398	0.01161	0.01532	0.00919	0.01319	0.00705	0.00576	0.00667	0.00176	0.11257	0.00456	0.00262	0.00605
5	0.04553	0.06115	0.05783	0.10981	0.15203	0.03343	0.05185	0.08027	0.05161	0.03351	0.03741	0.12904	0.01306	0.00686	0.00541	0.00158	0.02924	0.00591	0.00340	0.09109

[dist]
# distance from previous block
# <min> <max>
0	1

[block]
# block no. 4 follows, 48 sequences, length 84
# corresponding to MSA columns:
# 152-211,231-254
name=unknown_E
#
# <colnr> <probs for GDERKNQSTAVLIFYWHMCP>
#	G	D	E	R	K	N	Q	S	T	A	V	L	I	F	Y	W	H	M	C	P
0	0.01100	0.00978	0.04162	0.00819	0.01192	0.02475	0.00677	0.07112	0.06150	0.03240	0.09307	0.01893	0.07869	0.02801	0.00516	0.00125	0.00404	0.01780	0.00380	0.47020
1	0.01341	0.05667	0.17000	0.06621	0.09896	0.03111	0.08838	0.05784	0.05162	0.11986	0.02893	0.01331	0.00940	0.00508	0.00483	0.00143	0.00587	0.00440	0.00339	0.16932
2	0.00694	0.00504	0.00633	0.00680	0.00767	0.00464	0.00477	0.00817	0.01091	0.03115	0.14219	0.49096	0.17649	0.03115	0.00687	0.00197	0.01577	0.01230	0.00481	0.02507
3	0.02920	0.02961	0.01336	0.01048	0.01407	0.01331	0.00849	0.40820	0.22027	0.04353	0.02945	0.03734	0.01201	0.00646	0.00499	0.00152	0.00480	0.00510	0.02250	0.08533
4	0.01113	0.07153	0.18698	0.04081	0.01441	0.00908	0.03209	0.01409	0.03172	0.08302	0.01322	0.01765	0.03568	0.17615	0.00905	0.00206	0.00530	0.00478	0.00316	0.23808
5	0.01172	0.06123	0.59724	0.01464	0.05985	0.07344	0.01669	0.03073	0.01154	0.03976	0.01059	0.01196	0.02791	0.00516	0.00484	0.00157	0.00727	0.00399	0.00248	0.00741
6	0.01005	0.04324	0.44261	0.01323	0.04048	0.02150	0.07245	0.01518	0.06131	0.01643	0.07724	0.03863	0.09447	0.00675	0.00526	0.00166	0.00623	0.02337	0.00309	0.00681
7	0.01215	0.01117	0.09890	0.01153	0.04421	0.00971	0.08312	0.18210	0.06432	0.07103	0.10204	0.19323	0.05123	0.03340	0.00628	0.00182	0.00491	0.00780	0.00444	0.00659
8	0.01121	0.04263	0.60092	0.01445	0.04221	0.05416	0.03500	0.05547	0.01167	0.01658	0.01016	0.04276	0.00794	0.00623	0.02523	0.00178	0.00748	0.00433	0.00249	0.00732
9	0.02275	0.01403	0.19244	0.30843	0.06524	0.02425	0.06914	0.09823	0.01217	0.04359	0.01132	0.01477	0.02380	0.04892	0.02778	0.00200	0.00689	0.00478	0.00287	0.00660
10	0.00971	0.00963	0.03802	0.78427	0.03496	0.01141	0.01439	0.01320	0.01028	0.01320	0.00912	0.01360	0.00683	0.00512	0.00512	0.00171	0.00686	0.00454	0.00228	0.00575
11	0.01757	0.02293	0.01220	0.00989	0.03350	0.00803	0.04718	0.03671	0.02745	0.47695	0.09540	0.02291	0.07675	0.03930	0.00653	0.00177	0.02685	0.02517	0.00545	0.00744
12	0.00927	0.05008	0.02822	0.02683	0.03089	0.02642	0.05694	0.01124	0.03257	0.06727	0.07693	0.48069	0.02625	0.01204	0.00643	0.00189	0.03569	0.01074	0.00435	0.00526
13	0.00640	0.00471	0.00602	0.00702	0.00754	0.00441	0.00476	0.00769	0.02985	0.01340	0.03065	0.71293	0.11465	0.01551	0.00646	0.00204	0.00296	0.01395	0.00478	0.00429
14	0.00862	0.02535	0.13298	0.01112	0.07055	0.03553	0.04102	0.01082	0.01062	0.01410	0.02235	0.31954	0.07290	0.07996	0.00773	0.00217	0.00486	0.12071	0.00382	0.00524
15	0.01229	0.01182	0.02031	0.13477	0.67089	0.01210	0.03181	0.01541	0.01150	0.01627	0.00960	0.01285	0.00795	0.00464	0.00511	0.00155	0.00625	0.00460	0.00251	0.00778
16	0.01205	0.01690	0.30505	0.06976	0.22120	0.01156	0.10512	0.03258	0.05064	0.06535	0.05148	0.01417	0.01019	0.00527	0.00519	0.00162	0.00659	0.00481	0.00298	0.00750
17	0.00891	0.00446	0.00668	0.00668	0.00668	0.00446	0.00446	0.00668	0.00668	0.00891	0.00891	0.01560	0.00891	0.01783	0.02005	0.85071	0.00446	0.00446	0.00223	0.00223
18	0.04417	0.01272	0.01327	0.01062	0.01416	0.07289	0.00862	0.38169	0.09112	0.20354	0.01461	0.01420	0.01027	0.00623	0.00524	0.00155	0.02477	0.00471	0.05758	0.00804
19	0.01029	0.03198	0.01454	0.33238	0.17673	0.01031	0.02335	0.01347	0.04359	0.03489	0.06344	0.11860	0.03559	0.00725	0.00585	0.00171	0.04213	0.00636	0.02143	0.00610
20	0.00783	0.00595	0.00843	0.00819	0.00903	0.00689	0.00627	0.02457	0.00894	0.01279	0.07371	0.02245	0.01583	0.12639	0.58121	0.00683	0.06113	0.00594	0.00303	0.00457
21	0.01237	0.01163	0.01968	0.12045	0.58584	0.01191	0.05430	0.04487	0.01201	0.01695	0.01041	0.01429	0.00871	0.00499	0.00515	0.00157	0.00616	0.02552	0.02555	0.00762
22	0.01186	0.01132	0.01668	0.09415	0.07693	0.05445	0.16570	0.07441	0.11593	0.01636	0.01252	0.01722	0.01068	0.05000	0.10897	0.00276	0.11597	0.03450	0.00320	0.00640
23	0.01365	0.05214	0.11158	0.02029	0.22975	0.08276	0.23949	0.03643	0.03747	0.06783	0.01054	0.01276	0.00813	0.00506	0.00586	0.00161	0.04960	0.00481	0.00290	0.00736
24	0.01123	0.01723	0.26650	0.04064	0.02469	0.01226	0.47417	0.01590	0.01146	0.01605	0.01016	0.01323	0.00762	0.00631	0.04726	0.00204	0.00853	0.00528	0.00246	0.00697
25	0.01119	0.04939	0.01444	0.06718	0.07784	0.07839	0.03096	0.01275	0.00937	0.02653	0.01007	0.01588	0.00954	0.07393	0.14508	0.02618	0.30929	0.02389	0.00260	0.00552
26	0.03467	0.01027	0.11923	0.01472	0.18793	0.00812	0.06181	0.01177	0.01114	0.01583	0.10260	0.27303	0.03936	0.01061	0.02781	0.00198	0.00507	0.05440	0.00375	0.00589
27	0.01676	0.05456	0.07642	0.02533	0.12773	0.04654	0.06962	0.04970	0.06569	0.32617	0.01597	0.03772	0.01197	0.00635	0.00521	0.00162	0.00553	0.04485	0.00448	0.00776
28	0.01211	0.29914	0.38834	0.01183	0.01743	0.04229	0.01348	0.03710	0.07112	0.01569	0.03991	0.01165	0.00895	0.00514	0.00440	0.00144	0.00639	0.00381	0.00265	0.00715
29	0.02800	0.00757	0.02379	0.05172	0.03992	0.02313	0.02052	0.03486	0.08663	0.01634	0.12689	0.12985	0.12423	0.07237	0.04895	0.00239	0.00464	0.11549	0.03744	0.00526
30	0.04648	0.07670	0.05580	0.07628	0.25198	0.04851	0.24603	0.01664	0.01186	0.08385	0.01082	0.01393	0.00852	0.00498	0.00520	0.00159	0.00683	0.02389	0.00291	0.00720
31	0.02829	0.02019	0.02692	0.00973	0.02552	0.02788	0.06359	0.01473	0.09525	0.13536	0.06896	0.14872	0.12411	0.01021	0.00586	0.00184	0.00434	0.15394	0.02861	0.00594
32	0.00692	0.00520	0.00581	0.00600	0.00742	0.00455	0.00446	0.00830	0.01148	0.03627	0.08429	0.18319	0.49967	0.03279	0.00661	0.00189	0.00290	0.05944	0.02832	0.00446
33	0.03485	0.36296	0.06671	0.07042	0.10411	0.09638	0.06180	0.08415	0.02216	0.01549	0.00861	0.01036	0.00715	0.00492	0.00464	0.00138	0.03071	0.00368	0.00264	0.00687
34	0.02916	0.01097	0.04346	0.37832	0.08749	0.01162	0.06249	0.12778	0.04135	0.10625	0.01213	0.02559	0.00921	0.00576	0.00522	0.00168	0.00620	0.02500	0.00343	0.00688
35	0.00932	0.00581	0.00745	0.00759	0.00901	0.00543	0.00587	0.02709	0.01187	0.11715	0.09597	0.26613	0.17114	0.03709	0.02888	0.00222	0.00385	0.17812	0.00494	0.00506
36	0.00754	0.00600	0.02810	0.00743	0.00870	0.00534	0.00584	0.00981	0.04182	0.02792	0.20432	0.25670	0.16088	0.04512	0.00712	0.00206	0.00341	0.16228	0.00487	0.00474
37	0.01237	0.01247	0.17007	0.02987	0.07288	0.00981	0.06458	0.05808	0.06309	0.13576	0.03553	0.06488	0.01355	0.09558	0.07599	0.00262	0.04856	0.02397	0.00371	0.00664
38	0.01987	0.01043	0.01242	0.00969	0.01333	0.01045	0.00791	0.29572	0.03920	0.40631	0.01696	0.01639	0.01160	0.03821	0.00586	0.00168	0.00471	0.00504	0.06603	0.00821
39	0.01256	0.01356	0.02903	0.02082	0.02590	0.01276	0.71757	0.01708	0.03392	0.04701	0.01107	0.01413	0.00820	0.00448	0.00600	0.00172	0.00835	0.00601	0.00282	0.00703
40	0.01288	0.06032	0.12917	0.16507	0.08161	0.07918	0.25147	0.01741	0.07167	0.06498	0.01098	0.01325	0.00822	0.00499	0.00525	0.00162	0.00721	0.00485	0.00290	0.00698
41	0.01192	0.01471	0.20020	0.11315	0.29668	0.03019	0.09365	0.01538	0.01132	0.05616	0.01166	0.01503	0.02943	0.00599	0.00602	0.04719	0.00657	0.02496	0.00273	0.00706
42	0.02292	0.00890	0.01201	0.00921	0.01318	0.00779	0.00761	0.04670	0.01496	0.76914	0.02001	0.01731	0.01259	0.00635	0.00516	0.00159	0.00440	0.00514	0.00632	0.00873
43	0.00628	0.00451	0.00598	0.00713	0.00749	0.00421	0.00481	0.00722	0.00991	0.01316	0.02892	0.78052	0.05470	0.01595	0.00655	0.00208	0.00300	0.02864	0.00476	0.00418
44	0.03387	0.28876	0.18212	0.05456	0.10726	0.06303	0.06510	0.03707	0.01162	0.05983	0.01007	0.03135	0.00838	0.00526	0.00451	0.00145	0.00634	0.01969	0.00275	0.00697
45	0.01079	0.06625	0.63548	0.01600	0.06968	0.01247	0.08654	0.01619	0.01098	0.01608	0.00923	0.01109	0.00672	0.00478	0.00491	0.00160	0.00748	0.00399	0.00223	0.00750
46	0.00625	0.00447	0.00595	0.00714	0.00744	0.00417	0.00476	0.00714	0.00982	0.01310	0.02828	0.81633	0.03394	0.01608	0.00655	0.00208	0.00298	0.01459	0.00476	0.00417
47	0.01144	0.01075	0.01805	0.49133	0.23787	0.01207	0.06141	0.01445	0.01116	0.01504	0.01027	0.01469	0.00825	0.00673	0.03363	0.00205	0.02637	0.00495	0.00267	0.00682
48	0.01172	0.01279	0.12343	0.02815	0.11397	0.12373	0.05332	0.03523	0.01177	0.07771	0.01737	0.31011	0.01785	0.03128	0.00616	0.00183	0.00559	0.00819	0.00372	0.00608
49	0.01094	0.02294	0.65033	0.01337	0.02002	0.01084	0.01664	0.01618	0.01138	0.07596	0.05421	0.01497	0.03244	0.00573	0.00504	0.00164	0.00685	0.02034	0.00281	0.00737
50	0.01919	0.05703	0.01598	0.01168	0.01577	0.03634	0.00971	0.71161	0.02316	0.03076	0.01193	0.01203	0.00856	0.00604	0.00502	0.00151	0.00573	0.00449	0.00491	0.00854
51	0.01068	0.04249	0.61257	0.01480	0.07859	0.01142	0.01674	0.01580	0.01095	0.02850	0.01046	0.01199	0.02692	0.00498	0.00479	0.00153	0.00690	0.00396	0.00241	0.08352
52	0.05526	0.12974	0.59060	0.01373	0.03266	0.01296	0.03676	0.02819	0.01092	0.01627	0.00926	0.02489	0.00705	0.00501	0.00465	0.00156	0.00701	0.00388	0.00234	0.00729
53	0.00625	0.00447	0.00595	0.00714	0.00744	0.00417	0.00476	0.00714	0.00982	0.01310	0.02828	0.81633	0.03394	0.01608	0.00655	0.00208	0.00298	0.01459	0.00476	0.00417
54	0.00748	0.00570	0.00848	0.00839	0.00926	0.00674	0.00653	0.00925	0.00822	0.01189	0.01353	0.02008	0.01271	0.05215	0.75526	0.00796	0.04356	0.00550	0.00274	0.00459
55	0.01266	0.09350	0.07355	0.01801	0.05293	0.07436	0.47122	0.01629	0.01226	0.04092	0.05785	0.01504	0.02637	0.00507	0.00553	0.00161	0.00758	0.00558	0.00288	0.00678
56	0.01692	0.01443	0.23355	0.03328	0.08798	0.00971	0.07665	0.02036	0.01294	0.40043	0.01522	0.01568	0.01036	0.00575	0.00519	0.00162	0.00586	0.02165	0.00437	0.00804
57	0.02302	0.00873	0.01191	0.00913	0.01310	0.00754	0.00754	0.02501	0.01469	0.79122	0.02024	0.01746	0.01270	0.00635	0.00516	0.00159	0.00437	0.00516	0.00635	0.00873
58	0.00670	0.00541	0.00603	0.00620	0.00768	0.00486	0.00468	0.00872	0.04421	0.01496	0.12702	0.15565	0.49903	0.01300	0.00618	0.00182	0.00288	0.07554	0.00488	0.00456
59	0.01183	0.02843	0.08017	0.11894	0.10102	0.01228	0.46497	0.02675	0.01188	0.03077	0.01117	0.03118	0.00898	0.00514	0.00572	0.00171	0.00766	0.03181	0.00274	0.00686
60	0.00857	0.00798	0.04023	0.12490	0.01385	0.00704	0.02333	0.01102	0.02659	0.01540	0.10911	0.09984	0.19894	0.03059	0.00616	0.00161	0.02590	0.01775	0.01708	0.21412
61	0.01377	0.78656	0.04314	0.00901	0.01343	0.03866	0.00903	0.01551	0.01053	0.01217	0.00720	0.00831	0.00658	0.00442	0.00336	0.00111	0.00562	0.00278	0.00220	0.00659
62	0.00993	0.06991	0.15483	0.00934	0.01311	0.00876	0.02054	0.02573	0.07254	0.01615	0.04486	0.16289	0.03655	0.02285	0.00533	0.00149	0.00457	0.03631	0.00355	0.28076
63	0.09919	0.05330	0.09871	0.05801	0.06459	0.06611	0.06787	0.20583	0.06456	0.05389	0.01235	0.05083	0.01017	0.02925	0.00585	0.00171	0.02594	0.02106	0.00369	0.00707
64	0.00661	0.00489	0.00659	0.00736	0.00786	0.00463	0.02287	0.00782	0.02582	0.01314	0.02770	0.69005	0.06127	0.07749	0.00800	0.00228	0.00327	0.01350	0.00459	0.00424
65	0.00667	0.00488	0.00571	0.00610	0.00687	0.00448	0.00412	0.00769	0.01036	0.01358	0.11056	0.31675	0.24916	0.19152	0.01058	0.00254	0.00323	0.01108	0.03004	0.00407
66	0.03702	0.00988	0.01094	0.00798	0.01242	0.02896	0.00639	0.05890	0.01150	0.01774	0.00922	0.01063	0.00758	0.00401	0.00388	0.00085	0.00406	0.00313	0.00316	0.75174
67	0.00723	0.00516	0.00633	0.00643	0.00682	0.00529	0.00421	0.00789	0.00852	0.01145	0.04480	0.13392	0.08902	0.46131	0.15843	0.00473	0.02294	0.00833	0.00347	0.00373
68	0.02617	0.03505	0.19180	0.01520	0.13133	0.02306	0.07628	0.17696	0.06626	0.03441	0.06578	0.05039	0.03118	0.00661	0.00558	0.00165	0.02770	0.02361	0.00367	0.00730
69	0.01120	0.00840	0.01122	0.12466	0.08327	0.00898	0.00836	0.08986	0.05128	0.09314	0.12801	0.07795	0.16446	0.04228	0.00735	0.00186	0.07011	0.00731	0.00427	0.00605
70	0.01259	0.08977	0.14061	0.03654	0.17672	0.06793	0.16399	0.05958	0.07691	0.01711	0.05708	0.01457	0.02276	0.00555	0.00557	0.00159	0.03599	0.00497	0.00304	0.00714
71	0.79121	0.01027	0.02731	0.00707	0.01040	0.01131	0.00599	0.01563	0.00910	0.06314	0.00788	0.00888	0.00596	0.00485	0.00332	0.00159	0.00408	0.00293	0.00332	0.00577
72	0.01046	0.00892	0.01044	0.00754	0.01192	0.00674	0.00601	0.01275	0.01084	0.01692	0.04981	0.01209	0.00974	0.00415	0.00392	0.00080	0.00373	0.00337	0.00318	0.80666
73	0.02680	0.02572	0.00995	0.00872	0.01071	0.01856	0.00684	0.12470	0.18562	0.02059	0.26595	0.09911	0.02657	0.01059	0.04406	0.00202	0.03022	0.04192	0.03520	0.00615
74	0.01248	0.03284	0.22718	0.06344	0.03310	0.07053	0.05240	0.03386	0.01134	0.12865	0.03288	0.01549	0.01046	0.03615	0.17293	0.01503	0.03677	0.00479	0.00318	0.00651
75	0.01310	0.01145	0.01178	0.01055	0.01348	0.03240	0.00821	0.04727	0.73893	0.02154	0.02033	0.01871	0.01525	0.00690	0.00520	0.00172	0.00423	0.00571	0.00515	0.00808
76	0.01122	0.00910	0.01070	0.00767	0.01220	0.00687	0.00615	0.01348	0.01083	0.05288	0.00964	0.01096	0.00784	0.00392	0.00386	0.00080	0.00383	0.00314	0.00319	0.81172
77	0.01141	0.00918	0.01099	0.00834	0.03326	0.00703	0.00643	0.01369	0.01090	0.06144	0.00978	0.01109	0.00791	0.00397	0.00391	0.00083	0.00389	0.00320	0.00322	0.77953
78	0.00720	0.00619	0.00690	0.00698	0.02735	0.02436	0.02370	0.00905	0.03616	0.02444	0.07494	0.14551	0.56397	0.01240	0.00603	0.00176	0.00311	0.01057	0.00468	0.00471
79	0.01358	0.02856	0.14081	0.03029	0.27125	0.01071	0.01205	0.06451	0.05483	0.12158	0.02631	0.01337	0.00954	0.00505	0.00480	0.00140	0.00543	0.00434	0.00345	0.17813
80	0.16577	0.24662	0.01715	0.01118	0.03322	0.33935	0.03463	0.01763	0.01199	0.04410	0.00839	0.01003	0.00706	0.02763	0.00467	0.00144	0.00684	0.00336	0.00276	0.00617
81	0.00734	0.00546	0.00806	0.00806	0.00892	0.00631	0.00619	0.00905	0.00819	0.01178	0.01391	0.02108	0.01323	0.09237	0.74600	0.00802	0.01314	0.00563	0.00277	0.00448
82	0.01251	0.24910	0.22855	0.01321	0.01822	0.06877	0.16615	0.05268	0.02938	0.01587	0.04590	0.01327	0.03266	0.00524	0.00473	0.00145	0.00666	0.00445	0.00277	0.02843
83	0.03279	0.01020	0.01225	0.00943	0.01319	0.00974	0.02597	0.24072	0.01570	0.25377	0.01593	0.01706	0.04302	0.06002	0.00627	0.00162	0.00468	0.01586	0.00475	0.20701

[dist]
# distance from previous block
# <min> <max>
0	2

[block]
# block no. 5 follows, 48 sequences, length 12
# corresponding to MSA columns:
# 257-268
name=unknown_F
#
# <colnr> <probs for GDERKNQSTAVLIFYWHMCP>
#	G	D	E	R	K	N	Q	S	T	A	V	L	I	F	Y	W	H	M	C	P
0	0.01114	0.00894	0.01047	0.00765	0.01196	0.00693	0.00611	0.01375	0.03228	0.05183	0.03044	0.01213	0.00926	0.00423	0.00395	0.00086	0.00376	0.00342	0.02499	0.74590
1	0.01338	0.62085	0.17430	0.01018	0.01508	0.06546	0.01082	0.01584	0.01075	0.01291	0.00758	0.00880	0.00657	0.00454	0.00368	0.00121	0.00612	0.00298	0.00222	0.00674
2	0.85592	0.00992	0.00754	0.00675	0.00992	0.01151	0.00556	0.01508	0.00873	0.02302	0.00714	0.00834	0.00556	0.00476	0.00318	0.00159	0.00397	0.00278	0.00318	0.00556
3	0.01164	0.24274	0.25505	0.05636	0.21853	0.01357	0.01349	0.01512	0.01113	0.01544	0.05567	0.01276	0.00978	0.00506	0.00451	0.00144	0.00603	0.00411	0.04051	0.00706
4	0.00751	0.00542	0.00787	0.00787	0.00877	0.00623	0.00606	0.00932	0.00842	0.01241	0.01408	0.02059	0.01308	0.06590	0.70596	0.00756	0.01250	0.00552	0.07041	0.00454
5	0.01089	0.01094	0.01034	0.00923	0.01136	0.18488	0.05465	0.02725	0.08350	0.03014	0.15314	0.08074	0.27510	0.00961	0.00590	0.00165	0.02290	0.00800	0.00432	0.00547
6	0.01329	0.59504	0.08398	0.05403	0.01515	0.07570	0.00996	0.01530	0.01061	0.01253	0.00806	0.03246	0.00740	0.00509	0.00434	0.00127	0.04362	0.00339	0.00231	0.00645
7	0.00859	0.00888	0.07585	0.00899	0.01152	0.00752	0.07652	0.01338	0.16095	0.01742	0.22251	0.09201	0.25547	0.00994	0.00583	0.00172	0.00384	0.00871	0.00466	0.00570
8	0.01539	0.01290	0.01305	0.01106	0.01435	0.05744	0.00877	0.27758	0.48163	0.02464	0.01728	0.01629	0.01282	0.00660	0.00516	0.00165	0.00488	0.00526	0.00505	0.00820
9	0.01140	0.01064	0.01770	0.21053	0.49687	0.01107	0.01396	0.01436	0.01126	0.01574	0.03164	0.01626	0.01021	0.02883	0.00576	0.00168	0.00597	0.03977	0.00270	0.04363
10	0.01115	0.00984	0.01497	0.06699	0.37468	0.02535	0.02451	0.04062	0.03845	0.03345	0.25596	0.02226	0.04604	0.00692	0.00544	0.00158	0.00486	0.00631	0.00383	0.00679
11	0.00848	0.03313	0.04209	0.00770	0.00871	0.00620	0.00601	0.00864	0.00780	0.01087	0.01118	0.01771	0.01075	0.06484	0.33261	0.37407	0.00837	0.00489	0.00251	0.03344

[dist]
# distance from previous block
# <min> <max>
0	23

# created by:
# /home/cegg/simao/soft/augustus-3.2.1/scripts/msa2prfl.pl ./align_prep/EOG091G0RI9.fa
