[name]
unknown

[dist]
# distance from previous block
# <min> <max>
0	175

[block]
# block no. 0 follows, 51 sequences, length 25
# corresponding to MSA columns:
# 222-246
name=unknown_A
#
# <colnr> <probs for GDERKNQSTAVLIFYWHMCP>
#	G	D	E	R	K	N	Q	S	T	A	V	L	I	F	Y	W	H	M	C	P
0	0.01051	0.02169	0.01128	0.05885	0.03359	0.05603	0.05160	0.04310	0.06369	0.04271	0.03469	0.03300	0.04642	0.13701	0.08449	0.00255	0.04953	0.03751	0.01741	0.16432
1	0.06739	0.14437	0.01170	0.05001	0.01156	0.04381	0.00678	0.05859	0.07076	0.11803	0.01991	0.13732	0.12630	0.02407	0.07253	0.00212	0.00500	0.00649	0.01749	0.00578
2	0.06424	0.00652	0.00849	0.04755	0.01005	0.00749	0.00625	0.07344	0.00919	0.01349	0.01312	0.05093	0.01283	0.18090	0.43299	0.00556	0.04379	0.00564	0.00295	0.00459
3	0.04591	0.01325	0.07832	0.06148	0.12273	0.04529	0.43167	0.03264	0.01152	0.03740	0.01091	0.06567	0.00902	0.00514	0.00537	0.00162	0.00711	0.00563	0.00275	0.00658
4	0.00642	0.00500	0.00582	0.00562	0.00701	0.00441	0.00421	0.00823	0.01264	0.01668	0.44387	0.04169	0.39844	0.01118	0.00580	0.00160	0.00240	0.00959	0.00501	0.00441
5	0.10001	0.00812	0.01024	0.00818	0.01146	0.00745	0.00666	0.05286	0.01358	0.56146	0.08463	0.05055	0.04892	0.00691	0.00492	0.00155	0.00392	0.00562	0.00556	0.00740
6	0.00686	0.00531	0.00648	0.00683	0.03874	0.00487	0.00470	0.00867	0.03282	0.01550	0.31631	0.11399	0.31925	0.05170	0.00732	0.03942	0.00282	0.00937	0.00462	0.00441
7	0.00980	0.00878	0.01496	0.70944	0.03146	0.01057	0.05069	0.01302	0.01026	0.04411	0.04323	0.01428	0.00854	0.00514	0.00500	0.00163	0.00636	0.00466	0.00249	0.00560
8	0.10695	0.00962	0.01169	0.00905	0.01280	0.00931	0.00748	0.18291	0.01540	0.55811	0.01650	0.01479	0.01066	0.00589	0.00474	0.00151	0.00440	0.00460	0.00553	0.00805
9	0.15984	0.00745	0.00818	0.00722	0.00943	0.00786	0.00572	0.04277	0.09083	0.17280	0.05600	0.04989	0.06438	0.00819	0.03934	0.00177	0.03905	0.00539	0.21799	0.00590
10	0.02561	0.00480	0.00558	0.00588	0.00613	0.00473	0.00365	0.00736	0.00807	0.01091	0.01998	0.22260	0.05456	0.54555	0.01845	0.00379	0.00418	0.04129	0.00349	0.00339
11	0.00598	0.00430	0.00568	0.00678	0.00711	0.00400	0.00453	0.00685	0.00947	0.01257	0.02791	0.79595	0.06011	0.01529	0.00626	0.00198	0.00284	0.01384	0.00456	0.00400
12	0.86201	0.00950	0.00722	0.00646	0.00950	0.01102	0.00532	0.01445	0.00836	0.02205	0.00684	0.00798	0.00532	0.00456	0.00304	0.00152	0.00380	0.00266	0.00304	0.00532
13	0.02754	0.00695	0.00791	0.00739	0.00863	0.01796	0.00530	0.11642	0.07568	0.03642	0.07819	0.13840	0.03085	0.29504	0.09619	0.01824	0.00517	0.01902	0.00390	0.00480
14	0.01129	0.00634	0.00796	0.00710	0.00903	0.00597	0.00547	0.01435	0.08641	0.21706	0.34344	0.06890	0.08800	0.04380	0.00626	0.00172	0.00314	0.02536	0.04267	0.00574
15	0.00798	0.00651	0.04324	0.00689	0.00768	0.00589	0.03831	0.04604	0.00850	0.01143	0.01568	0.07737	0.01752	0.64657	0.02073	0.00410	0.00494	0.02378	0.00314	0.00369
16	0.44236	0.01001	0.00986	0.00809	0.01144	0.01084	0.00665	0.17551	0.03136	0.21027	0.03283	0.01190	0.00895	0.00540	0.00401	0.00152	0.00419	0.00381	0.00427	0.00672
17	0.04266	0.00594	0.00689	0.00663	0.00803	0.00595	0.01812	0.02929	0.08652	0.03978	0.09921	0.18444	0.15353	0.07914	0.04122	0.00213	0.00356	0.00813	0.17399	0.00484
18	0.71320	0.00981	0.00828	0.00711	0.01030	0.01111	0.00586	0.08733	0.01022	0.08718	0.00835	0.00906	0.00617	0.00481	0.00337	0.00152	0.00398	0.00302	0.00347	0.00586
19	0.00632	0.00469	0.00572	0.00624	0.00710	0.00431	0.00441	0.00760	0.01979	0.01366	0.11339	0.42729	0.25828	0.01417	0.02720	0.02477	0.00301	0.02062	0.02732	0.00414
20	0.00690	0.00505	0.00631	0.00665	0.00740	0.00500	0.00469	0.00853	0.05239	0.01286	0.07978	0.30161	0.14068	0.15088	0.11182	0.04468	0.00458	0.04208	0.00402	0.00409
21	0.00694	0.00489	0.00595	0.00617	0.00726	0.00438	0.00444	0.00830	0.01119	0.05041	0.20896	0.32496	0.27975	0.03495	0.00647	0.00184	0.00275	0.02124	0.00478	0.00437
22	0.06812	0.00973	0.01113	0.00983	0.05112	0.01016	0.00743	0.29171	0.05969	0.15469	0.06458	0.05544	0.13475	0.02953	0.00577	0.00165	0.01694	0.00613	0.00474	0.00686
23	0.00891	0.03623	0.00901	0.00765	0.00911	0.00687	0.05906	0.05629	0.06379	0.03353	0.07603	0.17497	0.09082	0.20672	0.05025	0.00268	0.00442	0.00790	0.09099	0.00478
24	0.06477	0.00861	0.00933	0.02160	0.01043	0.03991	0.00630	0.20608	0.05646	0.04385	0.04598	0.12001	0.01582	0.19970	0.12618	0.00324	0.00587	0.00646	0.00390	0.00548

[dist]
# distance from previous block
# <min> <max>
1	3

[block]
# block no. 1 follows, 51 sequences, length 69
# corresponding to MSA columns:
# 250-318
name=unknown_B
#
# <colnr> <probs for GDERKNQSTAVLIFYWHMCP>
#	G	D	E	R	K	N	Q	S	T	A	V	L	I	F	Y	W	H	M	C	P
0	0.01382	0.05264	0.15564	0.01056	0.01432	0.11041	0.00969	0.18244	0.15464	0.06291	0.01333	0.02872	0.01073	0.04501	0.00568	0.00162	0.00552	0.03433	0.02695	0.06105
1	0.08063	0.01374	0.05999	0.01125	0.03675	0.11599	0.03973	0.27660	0.13886	0.04581	0.03083	0.01394	0.03641	0.00577	0.00469	0.00144	0.00539	0.00451	0.00401	0.07363
2	0.00814	0.00458	0.00640	0.00646	0.00686	0.00455	0.00446	0.00742	0.00765	0.03078	0.01536	0.11518	0.07375	0.06420	0.10566	0.49780	0.00494	0.00620	0.02656	0.00305
3	0.01179	0.01164	0.01780	0.14243	0.27646	0.05749	0.13310	0.03919	0.11623	0.01574	0.01107	0.03701	0.00915	0.00613	0.02137	0.00173	0.07705	0.00498	0.00287	0.00676
4	0.00946	0.00800	0.01092	0.00948	0.01109	0.00876	0.06284	0.09972	0.01151	0.01596	0.09520	0.15333	0.12699	0.01138	0.05824	0.00214	0.17990	0.04273	0.02688	0.05546
5	0.00710	0.00472	0.00540	0.00550	0.00561	0.00468	0.00320	0.00735	0.00769	0.01047	0.03891	0.11107	0.01994	0.69030	0.02174	0.00425	0.00441	0.00778	0.03671	0.00319
6	0.79284	0.00923	0.00724	0.00645	0.00943	0.01059	0.00530	0.01463	0.00865	0.04838	0.00771	0.00877	0.00590	0.00467	0.00312	0.00150	0.00374	0.00283	0.04364	0.00539
7	0.02739	0.00499	0.00669	0.00656	0.00728	0.00490	0.00468	0.00869	0.02645	0.05019	0.13143	0.07138	0.07794	0.03389	0.04741	0.43822	0.00410	0.02678	0.01751	0.00350
8	0.00703	0.00524	0.00778	0.00778	0.00861	0.00608	0.00599	0.00870	0.00786	0.01132	0.01327	0.01992	0.01255	0.07444	0.77059	0.00775	0.01276	0.00535	0.00265	0.00432
9	0.04439	0.00552	0.00699	0.00747	0.00868	0.00531	0.00585	0.01006	0.02778	0.07116	0.06166	0.29452	0.13294	0.01287	0.00646	0.02589	0.00353	0.25973	0.00457	0.00462
10	0.05621	0.00668	0.00731	0.00682	0.00864	0.00693	0.00538	0.07407	0.10475	0.07230	0.07419	0.05646	0.03934	0.00753	0.00452	0.00147	0.00320	0.08397	0.37470	0.00552
11	0.02915	0.00785	0.00905	0.00767	0.00987	0.00787	0.00591	0.21195	0.01463	0.14536	0.19802	0.06012	0.12599	0.13447	0.00835	0.00205	0.00387	0.00711	0.00482	0.00587
12	0.00653	0.00469	0.00631	0.00741	0.00798	0.00447	0.00549	0.00780	0.01001	0.01318	0.02752	0.58072	0.05617	0.01478	0.00640	0.00206	0.00331	0.22647	0.00455	0.00415
13	0.01911	0.01214	0.01363	0.01055	0.01437	0.01295	0.00868	0.53197	0.07334	0.22999	0.01433	0.01353	0.00980	0.00600	0.00493	0.00150	0.00498	0.00464	0.00522	0.00832
14	0.00786	0.00554	0.00635	0.00631	0.00683	0.00564	0.00406	0.05093	0.05177	0.01228	0.03486	0.15682	0.04188	0.54230	0.01831	0.00374	0.00433	0.03280	0.00359	0.00382
15	0.00715	0.00476	0.00536	0.00536	0.00536	0.00476	0.00298	0.00715	0.00715	0.00953	0.01548	0.03216	0.01787	0.82729	0.02501	0.00476	0.00476	0.00715	0.00298	0.00298
16	0.01075	0.01075	0.01505	0.01290	0.01290	0.01505	0.01075	0.01183	0.00753	0.01183	0.00645	0.01075	0.00645	0.00860	0.01613	0.00215	0.81830	0.00430	0.00215	0.00538
17	0.00746	0.00520	0.00716	0.00713	0.00778	0.00578	0.00519	0.00881	0.03420	0.01117	0.01350	0.02171	0.01325	0.21396	0.49062	0.10088	0.00963	0.00558	0.02708	0.00394
18	0.01815	0.01350	0.01445	0.01120	0.01504	0.01499	0.00921	0.71788	0.08635	0.03011	0.01248	0.01234	0.00891	0.00596	0.00492	0.00149	0.00528	0.00452	0.00492	0.00831
19	0.00986	0.02542	0.80183	0.01401	0.02127	0.01141	0.01816	0.01556	0.01038	0.01556	0.00882	0.01038	0.00623	0.00467	0.00467	0.00156	0.00726	0.00363	0.00208	0.00726
20	0.00707	0.00508	0.00694	0.00694	0.00749	0.00562	0.00495	0.00816	0.00762	0.01070	0.01404	0.02414	0.01439	0.33430	0.51325	0.00672	0.01000	0.00597	0.00276	0.00386
21	0.00671	0.00459	0.00595	0.00663	0.00709	0.00435	0.00448	0.00764	0.00958	0.03098	0.09159	0.54993	0.04476	0.15154	0.02706	0.00254	0.00342	0.03279	0.00436	0.00401
22	0.04777	0.00799	0.00925	0.00807	0.01040	0.00823	0.00636	0.12281	0.16312	0.14398	0.26781	0.06325	0.05669	0.00830	0.00526	0.00159	0.00351	0.02969	0.02960	0.00632
23	0.00972	0.00825	0.00880	0.00821	0.01045	0.00894	0.00638	0.01840	0.46054	0.01796	0.07611	0.03040	0.25146	0.00903	0.00540	0.00169	0.00341	0.05366	0.00487	0.00630
24	0.02124	0.00907	0.01174	0.00902	0.01278	0.00835	0.00745	0.13580	0.01532	0.66708	0.01818	0.01603	0.01161	0.00605	0.00490	0.00150	0.00432	0.00486	0.02644	0.00827
25	0.00743	0.00505	0.00616	0.00618	0.00730	0.00465	0.00446	0.00867	0.02542	0.05567	0.16307	0.20849	0.28815	0.05562	0.04317	0.08896	0.00342	0.00952	0.00439	0.00424
26	0.01054	0.00906	0.00882	0.00806	0.01001	0.09423	0.00621	0.06592	0.18896	0.03215	0.06686	0.02519	0.20594	0.03065	0.10183	0.00238	0.02833	0.00644	0.09278	0.00562
27	0.01731	0.02178	0.01524	0.03696	0.01655	0.69512	0.07378	0.01887	0.01343	0.01235	0.00779	0.00941	0.00643	0.00508	0.00489	0.00133	0.03196	0.00345	0.00251	0.00576
28	0.01090	0.00954	0.04794	0.00778	0.01216	0.00700	0.00657	0.03000	0.01063	0.05696	0.00947	0.01079	0.00763	0.00467	0.02325	0.00100	0.00411	0.00314	0.00307	0.73340
29	0.01167	0.01266	0.09223	0.24304	0.22057	0.05372	0.09913	0.05065	0.01114	0.03691	0.00967	0.03478	0.00788	0.00542	0.00613	0.00162	0.08898	0.00468	0.00259	0.00654
30	0.01535	0.01271	0.01344	0.01195	0.05855	0.08820	0.02583	0.34913	0.23177	0.04441	0.01503	0.06453	0.01209	0.00671	0.00505	0.00157	0.00519	0.02650	0.00452	0.00750
31	0.00609	0.00436	0.00580	0.00677	0.00715	0.00406	0.00457	0.00711	0.00991	0.01334	0.11185	0.73707	0.03404	0.01480	0.00622	0.00195	0.00279	0.01341	0.00466	0.00406
32	0.01743	0.01418	0.01385	0.01115	0.01468	0.11030	0.00900	0.52148	0.17406	0.04349	0.01309	0.01285	0.00952	0.00596	0.00487	0.00149	0.00550	0.00451	0.00467	0.00792
33	0.00730	0.00551	0.00671	0.00707	0.00809	0.00535	0.00505	0.04759	0.06909	0.01499	0.10421	0.51552	0.12333	0.01309	0.00596	0.00184	0.00302	0.02908	0.00466	0.02254
34	0.01336	0.66627	0.08507	0.00951	0.01391	0.03979	0.03142	0.06742	0.01107	0.01334	0.00744	0.00853	0.00647	0.00438	0.00350	0.00114	0.00561	0.00293	0.00232	0.00651
35	0.01868	0.01376	0.01475	0.01131	0.01524	0.01524	0.00934	0.78025	0.02311	0.03097	0.01180	0.01180	0.00836	0.00590	0.00492	0.00147	0.00541	0.00442	0.00492	0.00836
36	0.00713	0.00484	0.00573	0.00573	0.00585	0.00496	0.00343	0.00738	0.00725	0.00980	0.01515	0.03031	0.01706	0.71343	0.13778	0.00522	0.00597	0.00688	0.00293	0.00318
37	0.00619	0.00460	0.00581	0.00654	0.00727	0.00421	0.00464	0.00739	0.01041	0.01364	0.11649	0.52080	0.19225	0.01406	0.00616	0.00190	0.00284	0.06601	0.00465	0.00413
38	0.00595	0.00441	0.00556	0.00649	0.00703	0.00402	0.00440	0.00688	0.00975	0.01268	0.03143	0.67531	0.17847	0.01483	0.00618	0.00193	0.00278	0.01328	0.00456	0.00402
39	0.01761	0.10112	0.01509	0.03406	0.01545	0.70963	0.00950	0.01896	0.01343	0.01200	0.00755	0.00888	0.00633	0.00498	0.00432	0.00126	0.00845	0.00315	0.00248	0.00575
40	0.01075	0.01075	0.01505	0.01290	0.01290	0.01505	0.01075	0.01183	0.00753	0.01183	0.00645	0.01075	0.00645	0.00860	0.01613	0.00215	0.81830	0.00430	0.00215	0.00538
41	0.01868	0.01376	0.01475	0.01131	0.01524	0.01524	0.00934	0.78025	0.02311	0.03097	0.01180	0.01180	0.00836	0.00590	0.00492	0.00147	0.00541	0.00442	0.00492	0.00836
42	0.00839	0.00698	0.00946	0.14112	0.08940	0.02094	0.00737	0.03510	0.01143	0.01529	0.19723	0.14553	0.13509	0.04563	0.00666	0.02111	0.00400	0.04287	0.00391	0.05248
43	0.01247	0.01900	0.46649	0.01372	0.01937	0.01096	0.12056	0.01679	0.01100	0.16261	0.01077	0.01199	0.00755	0.00516	0.00578	0.00159	0.07200	0.00422	0.00291	0.02507
44	0.00702	0.00527	0.00790	0.00790	0.00878	0.00614	0.00614	0.00878	0.00790	0.01141	0.01316	0.01931	0.01229	0.03686	0.80782	0.00790	0.01316	0.00527	0.00263	0.00439
45	0.27559	0.01118	0.03407	0.01066	0.05344	0.07272	0.04446	0.01706	0.18484	0.04895	0.03415	0.01357	0.02369	0.00632	0.00615	0.02952	0.10109	0.00431	0.02213	0.00612
46	0.00627	0.00485	0.00571	0.00603	0.00715	0.00434	0.00444	0.00765	0.01110	0.01424	0.17408	0.25155	0.37352	0.03626	0.00656	0.00187	0.00279	0.07273	0.00467	0.00419
47	0.02205	0.00836	0.01140	0.00874	0.01254	0.00722	0.00722	0.02395	0.01407	0.80004	0.01939	0.01673	0.01216	0.00608	0.00494	0.00152	0.00418	0.00494	0.00608	0.00836
48	0.02019	0.00796	0.01077	0.00839	0.01189	0.00689	0.00688	0.02210	0.01396	0.70571	0.08772	0.01949	0.04152	0.00664	0.00505	0.00153	0.00396	0.00547	0.00597	0.00790
49	0.03161	0.00547	0.00669	0.00639	0.00777	0.00512	0.00479	0.01059	0.02831	0.08935	0.38263	0.11633	0.13535	0.06251	0.00681	0.00182	0.00288	0.03852	0.05222	0.00482
50	0.01802	0.00973	0.01165	0.00928	0.01263	0.00971	0.00753	0.27577	0.05560	0.38386	0.04163	0.07813	0.04933	0.00716	0.00510	0.00156	0.00435	0.00585	0.00543	0.00770
51	0.01868	0.01376	0.01475	0.01131	0.01524	0.01524	0.00934	0.78025	0.02311	0.03097	0.01180	0.01180	0.00836	0.00590	0.00492	0.00147	0.00541	0.00442	0.00492	0.00836
52	0.00842	0.00433	0.00632	0.00630	0.00639	0.00431	0.00421	0.00670	0.00689	0.00936	0.04636	0.01674	0.01081	0.04831	0.01838	0.76039	0.00414	0.00461	0.02466	0.00235
53	0.00775	0.00581	0.00662	0.00635	0.00793	0.00549	0.00478	0.04637	0.06887	0.03709	0.24846	0.13616	0.35062	0.01111	0.00570	0.00165	0.00279	0.01805	0.02354	0.00485
54	0.00986	0.02542	0.80183	0.01401	0.02127	0.01141	0.01816	0.01556	0.01038	0.01556	0.00882	0.01038	0.00623	0.00467	0.00467	0.00156	0.00726	0.00363	0.00208	0.00726
55	0.00764	0.00498	0.00614	0.00606	0.00637	0.00513	0.00385	0.00803	0.00752	0.03571	0.01491	0.02835	0.01619	0.60417	0.19628	0.02908	0.00658	0.00658	0.00298	0.00344
56	0.06887	0.00705	0.00795	0.00730	0.00885	0.00739	0.00528	0.02963	0.20163	0.09605	0.12390	0.07361	0.03025	0.25382	0.01178	0.04651	0.00393	0.00672	0.00425	0.00524
57	0.00658	0.00501	0.00609	0.00633	0.00736	0.00466	0.00455	0.00868	0.05059	0.01553	0.28955	0.32971	0.22233	0.01244	0.00594	0.00175	0.00264	0.01096	0.00487	0.00444
58	0.00991	0.02507	0.77960	0.01420	0.02140	0.01144	0.04004	0.01557	0.01041	0.01557	0.00885	0.01046	0.00626	0.00465	0.00470	0.00156	0.00729	0.00369	0.00209	0.00724
59	0.01043	0.00818	0.01083	0.12886	0.12831	0.04854	0.00824	0.01333	0.08603	0.07891	0.13201	0.08295	0.04738	0.05451	0.05658	0.07159	0.00513	0.01899	0.00369	0.00550
60	0.00769	0.00579	0.00864	0.00829	0.00913	0.00631	0.04424	0.00889	0.01865	0.01217	0.04755	0.16597	0.04913	0.03246	0.29584	0.14320	0.06961	0.04492	0.01733	0.00417
61	0.00674	0.00487	0.00607	0.00636	0.00691	0.00487	0.00430	0.00786	0.02490	0.01199	0.06990	0.26551	0.10195	0.29415	0.15755	0.00394	0.00532	0.00923	0.00374	0.00385
62	0.00725	0.00475	0.00598	0.00617	0.00657	0.00470	0.00405	0.00766	0.00838	0.02671	0.05323	0.21164	0.06414	0.35585	0.10689	0.09425	0.00495	0.00838	0.01491	0.00355
63	0.01065	0.00928	0.01042	0.00754	0.01184	0.02922	0.00602	0.03377	0.01065	0.01631	0.00879	0.01020	0.00728	0.00374	0.00370	0.00076	0.00383	0.00296	0.00296	0.81006
64	0.25639	0.13049	0.25950	0.01041	0.01497	0.01242	0.04361	0.10778	0.01123	0.04003	0.00884	0.01029	0.00676	0.00636	0.03608	0.02616	0.00587	0.00352	0.00285	0.00645
65	0.00741	0.00532	0.00694	0.00773	0.00856	0.00522	0.00594	0.04495	0.01078	0.01419	0.03640	0.40239	0.05894	0.06377	0.00753	0.00222	0.00371	0.29917	0.00448	0.00436
66	0.01242	0.01176	0.01974	0.02942	0.76590	0.01182	0.01486	0.04518	0.01166	0.01664	0.00934	0.01215	0.00781	0.00444	0.00487	0.00146	0.00582	0.00438	0.00253	0.00781
67	0.01155	0.04722	0.14331	0.06114	0.06422	0.01197	0.23104	0.09839	0.08722	0.01709	0.01207	0.05970	0.01010	0.00600	0.00597	0.00164	0.06614	0.02651	0.03207	0.00665
68	0.00792	0.00582	0.00704	0.00678	0.00805	0.00571	0.00500	0.05260	0.01035	0.01439	0.06747	0.19105	0.13100	0.14165	0.11705	0.00295	0.02260	0.04204	0.07643	0.08412

[dist]
# distance from previous block
# <min> <max>
0	2

[block]
# block no. 2 follows, 51 sequences, length 125
# corresponding to MSA columns:
# 326-393,406-421,423-463
name=unknown_C
#
# <colnr> <probs for GDERKNQSTAVLIFYWHMCP>
#	G	D	E	R	K	N	Q	S	T	A	V	L	I	F	Y	W	H	M	C	P
0	0.07511	0.00997	0.01154	0.04221	0.07041	0.06453	0.02246	0.09166	0.12633	0.01617	0.01282	0.01696	0.02966	0.09397	0.09849	0.03986	0.09885	0.01970	0.00326	0.05604
1	0.00817	0.00502	0.00675	0.00671	0.00717	0.00518	0.00464	0.02315	0.04643	0.01086	0.03058	0.08213	0.05141	0.12263	0.12411	0.44765	0.00531	0.00598	0.00288	0.00324
2	0.00614	0.00465	0.00567	0.00617	0.00701	0.00425	0.00433	0.00731	0.01036	0.01347	0.12571	0.41627	0.27159	0.04569	0.04574	0.00223	0.00325	0.01155	0.00451	0.00410
3	0.01681	0.01224	0.01313	0.01042	0.01358	0.03898	0.00842	0.57668	0.03380	0.04741	0.01158	0.01255	0.00862	0.00750	0.00708	0.12050	0.02153	0.00440	0.02754	0.00723
4	0.04867	0.00668	0.00743	0.00712	0.00848	0.03997	0.00528	0.02170	0.05442	0.04575	0.11115	0.16115	0.08914	0.10054	0.14771	0.00302	0.02116	0.00745	0.07519	0.03798
5	0.00827	0.00557	0.00657	0.00646	0.00789	0.00516	0.00478	0.02878	0.04297	0.08541	0.14382	0.22246	0.29654	0.06035	0.00692	0.00190	0.00304	0.03872	0.01960	0.00476
6	0.86201	0.00950	0.00722	0.00646	0.00950	0.01102	0.00532	0.01445	0.00836	0.02205	0.00684	0.00798	0.00532	0.00456	0.00304	0.00152	0.00380	0.00266	0.00304	0.00532
7	0.02513	0.00500	0.00620	0.00667	0.00745	0.00475	0.00464	0.03422	0.01065	0.02981	0.14390	0.52674	0.09973	0.06233	0.00714	0.00203	0.00299	0.01172	0.00461	0.00431
8	0.00824	0.00557	0.00670	0.00677	0.00800	0.00537	0.00492	0.01088	0.09301	0.07454	0.12788	0.31954	0.16653	0.05876	0.02175	0.00204	0.00324	0.02578	0.04564	0.00483
9	0.00688	0.00497	0.00667	0.00766	0.00846	0.00477	0.00600	0.00845	0.01058	0.01387	0.06152	0.39199	0.08621	0.01414	0.00645	0.00207	0.00355	0.34692	0.00458	0.00427
10	0.00873	0.00494	0.00576	0.00547	0.00674	0.00472	0.00413	0.01102	0.01207	0.05253	0.36249	0.02644	0.02761	0.00766	0.00455	0.00134	0.00238	0.00651	0.44012	0.00477
11	0.00742	0.00516	0.00625	0.00629	0.00756	0.00468	0.00462	0.00920	0.02989	0.06422	0.24289	0.25163	0.28032	0.02743	0.00625	0.00179	0.00278	0.03218	0.00487	0.00458
12	0.18127	0.00690	0.00728	0.00665	0.00840	0.00720	0.00495	0.05515	0.05867	0.10151	0.09305	0.09940	0.01742	0.17839	0.00871	0.00219	0.00364	0.00617	0.14788	0.00515
13	0.86201	0.00950	0.00722	0.00646	0.00950	0.01102	0.00532	0.01445	0.00836	0.02205	0.00684	0.00798	0.00532	0.00456	0.00304	0.00152	0.00380	0.00266	0.00304	0.00532
14	0.01007	0.07657	0.75251	0.01365	0.02072	0.01192	0.01754	0.01551	0.01035	0.01531	0.00869	0.01022	0.00623	0.00464	0.00457	0.00152	0.00714	0.00357	0.00208	0.00720
15	0.06704	0.00609	0.00665	0.00638	0.00784	0.00610	0.00475	0.05741	0.05185	0.04586	0.10519	0.12444	0.16489	0.12328	0.00782	0.00203	0.00329	0.04133	0.16298	0.00480
16	0.00614	0.00443	0.00576	0.00667	0.00711	0.00412	0.00453	0.00712	0.00978	0.01300	0.07940	0.66775	0.08198	0.04942	0.00702	0.00207	0.00292	0.03222	0.00455	0.00402
17	0.00928	0.00873	0.01474	0.81548	0.03385	0.01092	0.01365	0.01256	0.00983	0.01256	0.00873	0.01310	0.00655	0.00491	0.00491	0.00164	0.00655	0.00437	0.00218	0.00546
18	0.01216	0.01168	0.01995	0.03016	0.79664	0.01168	0.01508	0.01508	0.01119	0.01605	0.00924	0.01216	0.00778	0.00438	0.00487	0.00146	0.00584	0.00438	0.00243	0.00778
19	0.05438	0.00747	0.00930	0.04274	0.01132	0.00747	0.00658	0.06826	0.10102	0.25201	0.14039	0.20124	0.02207	0.00896	0.00532	0.00167	0.00371	0.03250	0.01730	0.00628
20	0.02167	0.00898	0.01178	0.00903	0.01285	0.00813	0.00746	0.10965	0.01509	0.71290	0.01853	0.01617	0.01173	0.00606	0.00494	0.00152	0.00432	0.00488	0.00595	0.00836
21	0.00782	0.00563	0.00778	0.00886	0.01002	0.00559	0.00773	0.01004	0.01131	0.01464	0.02712	0.05506	0.06373	0.01352	0.00674	0.00223	0.00443	0.72873	0.00453	0.00451
22	0.00644	0.00461	0.00554	0.00599	0.00653	0.00431	0.00395	0.00729	0.00950	0.01258	0.09784	0.37598	0.15890	0.24660	0.01145	0.00267	0.00328	0.01074	0.02200	0.00380
23	0.01230	0.01094	0.01105	0.00997	0.01266	0.05056	0.00773	0.02507	0.71689	0.02011	0.05266	0.01866	0.01593	0.00673	0.00501	0.00164	0.00406	0.00558	0.00490	0.00754
24	0.04509	0.00839	0.01129	0.00868	0.01246	0.00733	0.00717	0.02369	0.01391	0.77870	0.01904	0.01649	0.01198	0.00604	0.00489	0.00152	0.00417	0.00488	0.00600	0.00828
25	0.35354	0.01080	0.01296	0.07927	0.21338	0.02841	0.02889	0.11322	0.02998	0.05364	0.00938	0.01126	0.00732	0.02317	0.00462	0.00158	0.00501	0.00382	0.00321	0.00653
26	0.03736	0.01264	0.01444	0.04984	0.09133	0.03124	0.00984	0.44309	0.15192	0.02472	0.01219	0.01278	0.00910	0.00600	0.00576	0.00156	0.06972	0.00453	0.00424	0.00770
27	0.01841	0.02200	0.01405	0.01246	0.01520	0.69076	0.00947	0.13175	0.01528	0.01482	0.00822	0.00930	0.00663	0.00519	0.00450	0.00130	0.00835	0.00335	0.00288	0.00609
28	0.00715	0.00476	0.00536	0.00536	0.00536	0.00476	0.00298	0.00715	0.00715	0.00953	0.01548	0.03216	0.01787	0.82729	0.02501	0.00476	0.00476	0.00715	0.00298	0.00298
29	0.01724	0.03794	0.01383	0.01198	0.01464	0.56316	0.00919	0.08226	0.12451	0.03639	0.00997	0.01071	0.00789	0.00549	0.00494	0.00137	0.03537	0.00368	0.00315	0.00629
30	0.01075	0.01075	0.01505	0.01290	0.01290	0.01505	0.01075	0.01183	0.00753	0.01183	0.00645	0.01075	0.00645	0.00860	0.01613	0.00215	0.81830	0.00430	0.00215	0.00538
31	0.00711	0.00601	0.00664	0.00667	0.00788	0.04362	0.00497	0.00882	0.02540	0.01433	0.19462	0.18383	0.30695	0.01520	0.11208	0.00253	0.02029	0.02429	0.00435	0.00443
32	0.00678	0.00502	0.00632	0.00599	0.00723	0.00456	0.00450	0.00893	0.01349	0.01870	0.67785	0.03836	0.16319	0.01042	0.00580	0.00156	0.00235	0.00912	0.00528	0.00456
33	0.01172	0.01243	0.02638	0.09496	0.02547	0.01188	0.65549	0.01564	0.01159	0.04923	0.02831	0.01393	0.00847	0.00443	0.00568	0.00165	0.00781	0.00570	0.00268	0.00655
34	0.01394	0.08000	0.01275	0.01009	0.01240	0.23975	0.00792	0.14650	0.13191	0.01664	0.01183	0.01451	0.00999	0.08339	0.07680	0.00229	0.05986	0.00441	0.05897	0.00606
35	0.00940	0.01745	0.44366	0.07207	0.06782	0.00988	0.05718	0.01400	0.02843	0.01616	0.16319	0.01712	0.03057	0.00665	0.02405	0.00171	0.00618	0.00510	0.00291	0.00650
36	0.01151	0.01111	0.01898	0.18075	0.57925	0.01174	0.04070	0.01444	0.01074	0.01513	0.00901	0.01230	0.00746	0.00471	0.00553	0.00154	0.05114	0.00442	0.00237	0.00716
37	0.01572	0.05592	0.14920	0.06632	0.07205	0.01188	0.04169	0.21535	0.01453	0.22446	0.01248	0.01351	0.00892	0.00571	0.00555	0.00155	0.05608	0.01761	0.00396	0.00751
38	0.01295	0.26803	0.21966	0.01201	0.01676	0.06852	0.10110	0.10308	0.01203	0.03034	0.00868	0.01013	0.00685	0.00475	0.00478	0.00135	0.04200	0.00363	0.00263	0.07072
39	0.17800	0.23835	0.05012	0.01017	0.03480	0.04879	0.00872	0.23875	0.09572	0.02050	0.00984	0.01048	0.00767	0.00519	0.00430	0.00140	0.02325	0.00362	0.00343	0.00690
40	0.01075	0.01075	0.01505	0.01290	0.01290	0.01505	0.01075	0.01183	0.00753	0.01183	0.00645	0.01075	0.00645	0.00860	0.01613	0.00215	0.81830	0.00430	0.00215	0.00538
41	0.00973	0.01218	0.17513	0.02898	0.09396	0.00936	0.13386	0.01497	0.14042	0.01733	0.20678	0.02221	0.06725	0.00689	0.00529	0.00159	0.00504	0.02137	0.02135	0.00631
42	0.00599	0.00428	0.00570	0.00684	0.00713	0.00399	0.00456	0.00684	0.00941	0.01254	0.02709	0.82409	0.03250	0.01540	0.00627	0.00200	0.00285	0.01397	0.00456	0.00399
43	0.00679	0.00502	0.00634	0.00601	0.00724	0.00457	0.00451	0.00896	0.01353	0.01880	0.68863	0.03821	0.15236	0.01039	0.00580	0.00156	0.00234	0.00910	0.00529	0.00457
44	0.01222	0.01056	0.01111	0.01000	0.01278	0.01222	0.00778	0.02611	0.78776	0.02056	0.02000	0.01833	0.01500	0.00667	0.00500	0.00167	0.00389	0.00556	0.00500	0.00778
45	0.04452	0.02347	0.01424	0.04107	0.02775	0.04569	0.02843	0.20103	0.07105	0.01771	0.01072	0.01303	0.03469	0.00795	0.02406	0.02218	0.35841	0.00456	0.00319	0.00625
46	0.82553	0.04477	0.00802	0.00655	0.00964	0.01139	0.00545	0.01446	0.00843	0.02160	0.00684	0.00798	0.00536	0.00455	0.00305	0.00150	0.00386	0.00266	0.00300	0.00536
47	0.00668	0.00498	0.00621	0.00597	0.00719	0.00451	0.00445	0.00871	0.01315	0.01806	0.60660	0.07712	0.19667	0.01079	0.00582	0.00159	0.00238	0.00943	0.00520	0.00451
48	0.00702	0.00527	0.00790	0.00790	0.00878	0.00614	0.00614	0.00878	0.00790	0.01141	0.01316	0.01931	0.01229	0.03686	0.80782	0.00790	0.01316	0.00527	0.00263	0.00439
49	0.11138	0.01101	0.01360	0.06173	0.06024	0.02794	0.03984	0.25932	0.01550	0.29821	0.01322	0.01318	0.00907	0.00568	0.00518	0.00153	0.03678	0.00443	0.00455	0.00757
50	0.00716	0.00459	0.00617	0.00649	0.00691	0.00456	0.00446	0.00721	0.00825	0.01106	0.03595	0.24009	0.08987	0.12333	0.13183	0.26978	0.00505	0.01939	0.01446	0.00338
51	0.00918	0.00564	0.00612	0.00585	0.00679	0.00578	0.00410	0.08611	0.01030	0.01564	0.01598	0.02577	0.01535	0.35434	0.01293	0.00278	0.00378	0.05134	0.35793	0.00427
52	0.00928	0.00873	0.01474	0.81548	0.03385	0.01092	0.01365	0.01256	0.00983	0.01256	0.00873	0.01310	0.00655	0.00491	0.00491	0.00164	0.00655	0.00437	0.00218	0.00546
53	0.01075	0.01075	0.01505	0.01290	0.01290	0.01505	0.01075	0.01183	0.00753	0.01183	0.00645	0.01075	0.00645	0.00860	0.01613	0.00215	0.81830	0.00430	0.00215	0.00538
54	0.01019	0.00873	0.01019	0.00728	0.01165	0.00655	0.00582	0.01237	0.01019	0.01601	0.00873	0.01019	0.00728	0.00364	0.00364	0.00073	0.00364	0.00291	0.00291	0.85734
55	0.01894	0.01334	0.01449	0.01111	0.01503	0.01462	0.00918	0.72135	0.02240	0.09087	0.01239	0.01218	0.00865	0.00591	0.00492	0.00148	0.00531	0.00446	0.00501	0.00836
56	0.00702	0.00527	0.00790	0.00790	0.00878	0.00614	0.00614	0.00878	0.00790	0.01141	0.01316	0.01931	0.01229	0.03686	0.80782	0.00790	0.01316	0.00527	0.00263	0.00439
57	0.00696	0.00501	0.00652	0.00615	0.00726	0.00464	0.00457	0.00918	0.01362	0.01927	0.76059	0.03651	0.04514	0.04516	0.00662	0.00168	0.00242	0.00881	0.00531	0.00457
58	0.86201	0.00950	0.00722	0.00646	0.00950	0.01102	0.00532	0.01445	0.00836	0.02205	0.00684	0.00798	0.00532	0.00456	0.00304	0.00152	0.00380	0.00266	0.00304	0.00532
59	0.00854	0.00427	0.00640	0.00640	0.00640	0.00427	0.00427	0.00640	0.00640	0.00854	0.00854	0.01494	0.00854	0.01707	0.01921	0.85702	0.00427	0.00427	0.00213	0.00213
60	0.00718	0.00481	0.00548	0.00554	0.00559	0.00481	0.00322	0.00729	0.00735	0.00978	0.01600	0.03329	0.01837	0.78774	0.02413	0.00464	0.00475	0.04391	0.00305	0.00305
61	0.00729	0.00508	0.00749	0.00752	0.00828	0.00577	0.00573	0.00855	0.00786	0.01140	0.01305	0.03843	0.01232	0.03228	0.64798	0.11627	0.01124	0.00532	0.04403	0.00410
62	0.00854	0.00427	0.00640	0.00640	0.00640	0.00427	0.00427	0.00640	0.00640	0.00854	0.00854	0.01494	0.00854	0.01707	0.01921	0.85702	0.00427	0.00427	0.00213	0.00213
63	0.01881	0.01355	0.01462	0.01121	0.01513	0.01493	0.00926	0.75076	0.02275	0.06096	0.01209	0.01199	0.00851	0.00591	0.00492	0.00148	0.00536	0.00444	0.00496	0.00836
64	0.00608	0.00497	0.00534	0.00535	0.00683	0.00427	0.00400	0.00747	0.01146	0.01420	0.16365	0.07541	0.61055	0.03153	0.00630	0.00174	0.00258	0.02940	0.00466	0.00420
65	0.83326	0.00946	0.00737	0.00654	0.00961	0.01089	0.00539	0.01477	0.00856	0.04868	0.00727	0.00828	0.00556	0.00461	0.00311	0.00152	0.00381	0.00274	0.00315	0.00543
66	0.01238	0.01063	0.01120	0.01003	0.01284	0.01229	0.00782	0.04391	0.76972	0.02080	0.01981	0.01818	0.01484	0.00665	0.00500	0.00166	0.00393	0.00553	0.00500	0.00779
67	0.01160	0.01326	0.02900	0.02071	0.02568	0.01243	0.77879	0.01574	0.01160	0.01574	0.00994	0.01326	0.00746	0.00414	0.00580	0.00166	0.00829	0.00580	0.00249	0.00663
68	0.00640	0.00485	0.00587	0.00601	0.00710	0.00436	0.00438	0.00798	0.01180	0.01566	0.34402	0.22478	0.27808	0.02908	0.00633	0.00177	0.00260	0.02975	0.00487	0.00429
69	0.00690	0.00540	0.00640	0.00681	0.00814	0.00506	0.00537	0.00918	0.05600	0.01443	0.08695	0.16388	0.36257	0.01273	0.00612	0.00188	0.00321	0.22988	0.00463	0.00448
70	0.00604	0.00436	0.00574	0.00683	0.00721	0.00406	0.00464	0.00697	0.00956	0.01265	0.02815	0.76002	0.06940	0.01519	0.00627	0.00199	0.00289	0.03945	0.00456	0.00402
71	0.05090	0.00579	0.00752	0.00678	0.00836	0.00561	0.06476	0.01170	0.01075	0.07406	0.09787	0.14232	0.03617	0.03076	0.00504	0.00151	0.00313	0.00668	0.42537	0.00491
72	0.01836	0.02342	0.01393	0.01266	0.01519	0.80756	0.00950	0.01962	0.01393	0.01203	0.00760	0.00886	0.00633	0.00506	0.00443	0.00127	0.00886	0.00317	0.00253	0.00570
73	0.01019	0.00873	0.01019	0.00728	0.01165	0.00655	0.00582	0.01237	0.01019	0.01601	0.00873	0.01019	0.00728	0.00364	0.00364	0.00073	0.00364	0.00291	0.00291	0.85734
74	0.00717	0.00499	0.00601	0.00598	0.00710	0.00450	0.00428	0.00857	0.01139	0.05304	0.28460	0.19791	0.26405	0.10833	0.00813	0.00205	0.00286	0.00997	0.00473	0.00434
75	0.00916	0.00458	0.00458	0.00458	0.00573	0.00458	0.00344	0.01145	0.01031	0.01832	0.01603	0.01832	0.01260	0.00573	0.00344	0.00115	0.00229	0.00458	0.85457	0.00458
76	0.06521	0.00637	0.00708	0.00681	0.00835	0.00641	0.00505	0.02926	0.12239	0.06915	0.09709	0.16015	0.17441	0.12461	0.00808	0.00211	0.00339	0.03909	0.05996	0.00503
77	0.00735	0.00515	0.00636	0.00617	0.00743	0.00468	0.00453	0.00926	0.02192	0.04623	0.42423	0.16916	0.17846	0.03986	0.00641	0.00173	0.00265	0.00953	0.02502	0.02388
78	0.27886	0.00786	0.00864	0.00736	0.01022	0.00773	0.00589	0.02724	0.01153	0.34997	0.03089	0.11115	0.10815	0.00751	0.00462	0.00159	0.00369	0.00599	0.00475	0.00635
79	0.00702	0.00527	0.00790	0.00790	0.00878	0.00614	0.00614	0.00878	0.00790	0.01141	0.01316	0.01931	0.01229	0.03686	0.80782	0.00790	0.01316	0.00527	0.00263	0.00439
80	0.01322	0.00901	0.01009	0.00888	0.01148	0.00971	0.00690	0.04991	0.44484	0.17063	0.03946	0.06587	0.05499	0.04724	0.00604	0.00178	0.00383	0.00624	0.03278	0.00711
81	0.02151	0.00483	0.00580	0.00620	0.00711	0.00445	0.00436	0.00775	0.01013	0.03181	0.08808	0.37841	0.26557	0.07692	0.03385	0.01941	0.00328	0.02203	0.00440	0.00412
82	0.01660	0.00754	0.00984	0.00807	0.01093	0.00689	0.00645	0.01955	0.08184	0.49325	0.18536	0.02334	0.03684	0.04719	0.00616	0.00171	0.00376	0.02196	0.00563	0.00709
83	0.01759	0.01303	0.01403	0.01091	0.01460	0.01439	0.00895	0.69276	0.05967	0.02972	0.06378	0.01376	0.01119	0.00621	0.00498	0.00149	0.00513	0.00477	0.00495	0.00808
84	0.00854	0.00427	0.00640	0.00640	0.00640	0.00427	0.00427	0.00640	0.00640	0.00854	0.00854	0.01494	0.00854	0.01707	0.01921	0.85702	0.00427	0.00427	0.00213	0.00213
85	0.01024	0.00965	0.01478	0.35266	0.21217	0.04435	0.04188	0.02896	0.02488	0.01397	0.01206	0.10024	0.01125	0.04632	0.00634	0.00180	0.02220	0.03761	0.00277	0.00587
86	0.00715	0.00476	0.00536	0.00536	0.00536	0.00476	0.00298	0.00715	0.00715	0.00953	0.01548	0.03216	0.01787	0.82729	0.02501	0.00476	0.00476	0.00715	0.00298	0.00298
87	0.00715	0.00476	0.00536	0.00536	0.00536	0.00476	0.00298	0.00715	0.00715	0.00953	0.01548	0.03216	0.01787	0.82729	0.02501	0.00476	0.00476	0.00715	0.00298	0.00298
88	0.01160	0.01226	0.01478	0.38437	0.10084	0.17732	0.01201	0.01395	0.01030	0.01260	0.00838	0.01204	0.00692	0.00727	0.05004	0.00197	0.15123	0.00415	0.00230	0.00567
89	0.04764	0.31699	0.45070	0.01158	0.01733	0.01418	0.02912	0.01501	0.01010	0.01425	0.00819	0.00994	0.00652	0.02390	0.00455	0.00145	0.00635	0.00335	0.00216	0.00672
90	0.00928	0.00873	0.01474	0.81548	0.03385	0.01092	0.01365	0.01256	0.00983	0.01256	0.00873	0.01310	0.00655	0.00491	0.00491	0.00164	0.00655	0.00437	0.00218	0.00546
91	0.00652	0.00536	0.00579	0.00561	0.00722	0.00480	0.00423	0.00887	0.06310	0.01538	0.23625	0.04270	0.55378	0.01146	0.00575	0.00163	0.00254	0.00968	0.00481	0.00451
92	0.00953	0.01274	0.24912	0.03718	0.01479	0.00902	0.06230	0.01298	0.04389	0.05223	0.04665	0.08472	0.01422	0.09149	0.11308	0.00285	0.07885	0.05553	0.00310	0.00572
93	0.01048	0.14919	0.26388	0.00953	0.01344	0.01000	0.01009	0.01390	0.03767	0.08306	0.09790	0.03689	0.12397	0.00732	0.00514	0.00154	0.02715	0.05113	0.04161	0.00611
94	0.00986	0.02542	0.80183	0.01401	0.02127	0.01141	0.01816	0.01556	0.01038	0.01556	0.00882	0.01038	0.00623	0.00467	0.00467	0.00156	0.00726	0.00363	0.00208	0.00726
95	0.00986	0.02542	0.80183	0.01401	0.02127	0.01141	0.01816	0.01556	0.01038	0.01556	0.00882	0.01038	0.00623	0.00467	0.00467	0.00156	0.00726	0.00363	0.00208	0.00726
96	0.00767	0.00626	0.02551	0.01792	0.00847	0.01775	0.00526	0.02634	0.01101	0.04764	0.10327	0.13405	0.37463	0.06898	0.06529	0.00237	0.02632	0.04242	0.00427	0.00455
97	0.01329	0.01063	0.01157	0.01000	0.01279	0.01205	0.00792	0.24549	0.43794	0.02223	0.01717	0.03737	0.01358	0.02570	0.08014	0.00227	0.00521	0.02261	0.00469	0.00737
98	0.00599	0.00428	0.00570	0.00684	0.00713	0.00399	0.00456	0.00684	0.00941	0.01254	0.02709	0.82409	0.03250	0.01540	0.00627	0.00200	0.00285	0.01397	0.00456	0.00399
99	0.00606	0.00459	0.00561	0.00624	0.00701	0.00419	0.00433	0.00710	0.00999	0.01289	0.06242	0.48771	0.26835	0.04179	0.04568	0.00225	0.00328	0.01201	0.00445	0.00405
100	0.01477	0.01667	0.03220	0.01435	0.07846	0.35222	0.05461	0.06255	0.01195	0.03128	0.00821	0.01063	0.00696	0.00696	0.03018	0.00178	0.25362	0.00394	0.00262	0.00604
101	0.00715	0.00476	0.00536	0.00536	0.00536	0.00476	0.00298	0.00715	0.00715	0.00953	0.01548	0.03216	0.01787	0.82729	0.02501	0.00476	0.00476	0.00715	0.00298	0.00298
102	0.00715	0.00476	0.00536	0.00536	0.00536	0.00476	0.00298	0.00715	0.00715	0.00953	0.01548	0.03216	0.01787	0.82729	0.02501	0.00476	0.00476	0.00715	0.00298	0.00298
103	0.79400	0.00954	0.00812	0.04145	0.01097	0.01100	0.02395	0.01452	0.00858	0.03210	0.00717	0.00845	0.00552	0.00459	0.00321	0.00153	0.00403	0.00284	0.00303	0.00540
104	0.01176	0.07576	0.38676	0.01559	0.07803	0.02932	0.17551	0.10332	0.01228	0.01716	0.02736	0.01168	0.00780	0.00476	0.00485	0.00150	0.00687	0.00426	0.00262	0.02282
105	0.01191	0.30655	0.29299	0.03107	0.03814	0.02622	0.12370	0.05227	0.01097	0.01465	0.00831	0.01008	0.00659	0.00467	0.00483	0.00141	0.04291	0.00369	0.00230	0.00675
106	0.00702	0.00527	0.00790	0.00790	0.00878	0.00614	0.00614	0.00878	0.00790	0.01141	0.01316	0.01931	0.01229	0.03686	0.80782	0.00790	0.01316	0.00527	0.00263	0.00439
107	0.00765	0.00534	0.00707	0.00740	0.02452	0.00527	0.00535	0.00923	0.01085	0.05291	0.21116	0.29502	0.12045	0.01461	0.09384	0.00244	0.03767	0.04127	0.04333	0.00461
108	0.01183	0.24315	0.29494	0.06435	0.09921	0.04291	0.07747	0.01557	0.02704	0.04266	0.00928	0.02164	0.00738	0.00521	0.01623	0.00151	0.00651	0.00389	0.00243	0.00679
109	0.00702	0.00527	0.00790	0.00790	0.00878	0.00614	0.00614	0.00878	0.00790	0.01141	0.01316	0.01931	0.01229	0.03686	0.80782	0.00790	0.01316	0.00527	0.00263	0.00439
110	0.01139	0.01202	0.02416	0.02241	0.26112	0.01152	0.47017	0.01498	0.01153	0.01590	0.03631	0.01634	0.01014	0.00500	0.00557	0.00163	0.00710	0.05323	0.00269	0.00679
111	0.01196	0.05438	0.11481	0.10455	0.39701	0.01232	0.15164	0.06492	0.01174	0.01633	0.00931	0.01200	0.00738	0.00452	0.00493	0.00151	0.00646	0.00446	0.00252	0.00724
112	0.01182	0.01263	0.06388	0.29117	0.34742	0.08423	0.04137	0.04897	0.01152	0.01519	0.02045	0.01245	0.00772	0.00478	0.00488	0.00152	0.00646	0.00434	0.00249	0.00672
113	0.00724	0.00532	0.00682	0.00639	0.00764	0.00505	0.00481	0.01019	0.05608	0.01975	0.75186	0.03571	0.04466	0.00986	0.00575	0.00155	0.00240	0.00871	0.00539	0.00481
114	0.29155	0.00967	0.01072	0.04061	0.06070	0.00956	0.02328	0.10059	0.01115	0.03106	0.00895	0.01055	0.00711	0.01590	0.00407	0.00125	0.00423	0.00334	0.02404	0.33165
115	0.01292	0.01078	0.01144	0.01002	0.01290	0.01233	0.00787	0.13296	0.64544	0.02201	0.05209	0.01819	0.01540	0.00670	0.00502	0.00163	0.00404	0.00554	0.00501	0.00773
116	0.81517	0.00939	0.00748	0.03290	0.01031	0.01090	0.00565	0.01429	0.00848	0.02158	0.00733	0.00921	0.00587	0.00477	0.00319	0.00154	0.00391	0.01967	0.00305	0.00531
117	0.00596	0.00438	0.00560	0.00658	0.00706	0.00401	0.00445	0.00687	0.00966	0.01265	0.03028	0.71462	0.13990	0.01498	0.00621	0.00195	0.00280	0.01346	0.00456	0.00401
118	0.01019	0.00873	0.01019	0.00728	0.01165	0.00655	0.00582	0.01237	0.01019	0.01601	0.00873	0.01019	0.00728	0.00364	0.00364	0.00073	0.00364	0.00291	0.00291	0.85734
119	0.03057	0.00490	0.00551	0.00552	0.00565	0.00497	0.00320	0.00740	0.00727	0.01002	0.01546	0.05121	0.01769	0.75469	0.05298	0.00472	0.00500	0.00713	0.00301	0.00312
120	0.00636	0.00509	0.00522	0.00513	0.00685	0.00426	0.00387	0.00765	0.01136	0.03908	0.06595	0.04605	0.75188	0.01218	0.00578	0.00165	0.00254	0.01016	0.00463	0.00430
121	0.02524	0.01280	0.05106	0.08470	0.19381	0.06537	0.15246	0.15038	0.01283	0.01753	0.02320	0.01258	0.00826	0.00682	0.04521	0.00187	0.09466	0.00458	0.00291	0.03373
122	0.86201	0.00950	0.00722	0.00646	0.00950	0.01102	0.00532	0.01445	0.00836	0.02205	0.00684	0.00798	0.00532	0.00456	0.00304	0.00152	0.00380	0.00266	0.00304	0.00532
123	0.00681	0.00504	0.00686	0.00690	0.00773	0.00532	0.00510	0.00830	0.00926	0.01283	0.14818	0.09871	0.09725	0.13148	0.42156	0.00529	0.00829	0.00739	0.00350	0.00419
124	0.01084	0.04966	0.01519	0.19302	0.31966	0.02829	0.01134	0.06254	0.04193	0.01563	0.04393	0.07628	0.07066	0.00739	0.03119	0.00175	0.00556	0.00568	0.00306	0.00641

[dist]
# distance from previous block
# <min> <max>
0	31

# created by:
# /home/cegg/simao/soft/augustus-3.2.1/scripts/msa2prfl.pl ./align_prep/EOG091G0HSB.fa
