[name]
unknown

[dist]
# distance from previous block
# <min> <max>
0	292

[block]
# block no. 0 follows, 52 sequences, length 16
# corresponding to MSA columns:
# 305-320
name=unknown_A
#
# <colnr> <probs for GDERKNQSTAVLIFYWHMCP>
#	G	D	E	R	K	N	Q	S	T	A	V	L	I	F	Y	W	H	M	C	P
0	0.01331	0.01103	0.01330	0.04300	0.02561	0.08566	0.09293	0.20632	0.07862	0.07082	0.03200	0.01601	0.04443	0.03405	0.07436	0.02042	0.04874	0.00497	0.04324	0.04119
1	0.05813	0.01227	0.07512	0.07343	0.01478	0.10425	0.02038	0.16660	0.09331	0.11939	0.03111	0.07965	0.02661	0.00770	0.03608	0.00176	0.03294	0.00520	0.00389	0.03737
2	0.10355	0.01130	0.01272	0.03420	0.03449	0.09057	0.07292	0.18086	0.06663	0.07085	0.03414	0.03643	0.04247	0.04244	0.00593	0.00157	0.03657	0.00481	0.00370	0.11384
3	0.03632	0.02361	0.01117	0.03754	0.07387	0.09610	0.02242	0.14555	0.06823	0.06316	0.06929	0.18209	0.07243	0.00919	0.02871	0.00176	0.00486	0.02520	0.00406	0.02445
4	0.04974	0.02422	0.01153	0.00967	0.01178	0.00832	0.12249	0.14234	0.04718	0.01687	0.03636	0.31518	0.05445	0.04168	0.04521	0.00212	0.00478	0.02883	0.00398	0.02326
5	0.03415	0.06560	0.03958	0.03005	0.10341	0.11498	0.10689	0.10231	0.04359	0.12063	0.03567	0.06911	0.01190	0.06238	0.00646	0.00173	0.02255	0.01907	0.00354	0.00641
6	0.00742	0.00540	0.00606	0.00604	0.00633	0.02638	0.00377	0.00814	0.03030	0.01018	0.01533	0.06166	0.01701	0.63240	0.13948	0.00486	0.00593	0.00690	0.00300	0.00339
7	0.00681	0.00509	0.00660	0.03729	0.00816	0.00475	0.00481	0.00900	0.01324	0.01839	0.67538	0.03657	0.13579	0.01000	0.00568	0.00154	0.00247	0.00877	0.00511	0.00455
8	0.01005	0.00861	0.01005	0.00718	0.01148	0.00646	0.00574	0.01220	0.01005	0.01579	0.00861	0.01005	0.00718	0.00359	0.00359	0.00072	0.00359	0.00287	0.00287	0.85932
9	0.01378	0.02874	0.05026	0.07395	0.22228	0.03688	0.01041	0.08137	0.04535	0.17140	0.04008	0.01363	0.00991	0.00597	0.00624	0.03690	0.07467	0.00441	0.00349	0.07027
10	0.01365	0.01050	0.01270	0.01052	0.01235	0.01265	0.00859	0.27027	0.06654	0.06745	0.01124	0.01359	0.00908	0.04442	0.00983	0.00184	0.31699	0.00456	0.09679	0.00643
11	0.03063	0.05187	0.10762	0.10138	0.10065	0.02816	0.05596	0.15688	0.03519	0.01745	0.01150	0.10744	0.01024	0.00616	0.00530	0.00147	0.04770	0.00513	0.00316	0.11611
12	0.03834	0.00959	0.01154	0.00862	0.01262	0.00852	0.04658	0.12869	0.06770	0.05599	0.01170	0.01247	0.03423	0.00459	0.00410	0.00103	0.00410	0.00376	0.00350	0.53233
13	0.01157	0.00707	0.00876	0.02293	0.01028	0.00633	0.00579	0.03718	0.05671	0.20383	0.19250	0.10631	0.09573	0.02619	0.00545	0.00148	0.00339	0.00680	0.00465	0.18706
14	0.01297	0.26042	0.04206	0.04836	0.11002	0.07178	0.02617	0.13746	0.10508	0.01675	0.03650	0.04016	0.02639	0.00562	0.00456	0.00137	0.02009	0.00441	0.00319	0.02661
15	0.01236	0.09402	0.22527	0.03726	0.05989	0.02838	0.07428	0.09898	0.01189	0.08566	0.01059	0.04440	0.00851	0.01966	0.00520	0.00143	0.02953	0.00429	0.00302	0.14539

[dist]
# distance from previous block
# <min> <max>
0	3

[block]
# block no. 1 follows, 52 sequences, length 28
# corresponding to MSA columns:
# 324-336,340-354
name=unknown_B
#
# <colnr> <probs for GDERKNQSTAVLIFYWHMCP>
#	G	D	E	R	K	N	Q	S	T	A	V	L	I	F	Y	W	H	M	C	P
0	0.02614	0.06797	0.20750	0.08047	0.07613	0.05360	0.04053	0.13635	0.05613	0.01715	0.03591	0.01530	0.05770	0.00759	0.05170	0.00187	0.03244	0.01461	0.01441	0.00649
1	0.01311	0.46504	0.09162	0.01146	0.06969	0.04900	0.07007	0.04631	0.02417	0.06364	0.01018	0.02624	0.03080	0.00490	0.00397	0.00126	0.00557	0.00377	0.00267	0.00653
2	0.00668	0.00507	0.00631	0.04030	0.00819	0.00480	0.00473	0.00869	0.03450	0.01571	0.34810	0.21647	0.21212	0.03973	0.00637	0.00176	0.00275	0.00981	0.02352	0.00438
3	0.01100	0.10898	0.35997	0.04672	0.13329	0.02260	0.06359	0.03756	0.03524	0.03748	0.01071	0.07606	0.00904	0.00555	0.00491	0.00152	0.02168	0.00468	0.00262	0.00679
4	0.01003	0.04606	0.11435	0.24198	0.12049	0.02553	0.12888	0.02878	0.01066	0.02526	0.01383	0.09968	0.05159	0.02010	0.00546	0.00167	0.00595	0.04099	0.00281	0.00591
5	0.00608	0.00436	0.00566	0.00657	0.00696	0.00408	0.00443	0.00698	0.00945	0.01255	0.06109	0.66678	0.07202	0.07774	0.00758	0.00215	0.00296	0.03423	0.00441	0.00391
6	0.01160	0.05435	0.11528	0.08218	0.09677	0.02562	0.31845	0.09876	0.02896	0.01647	0.01074	0.04715	0.00879	0.02156	0.02255	0.00174	0.00682	0.00518	0.02049	0.00654
7	0.03759	0.19323	0.12614	0.11609	0.08842	0.11818	0.02749	0.05627	0.03952	0.05098	0.00934	0.01170	0.00757	0.00528	0.00531	0.00145	0.07504	0.02130	0.00269	0.00641
8	0.00699	0.00469	0.00538	0.00543	0.00547	0.00471	0.00311	0.00709	0.00717	0.00959	0.01569	0.06601	0.01806	0.76750	0.05021	0.00468	0.00489	0.00728	0.00299	0.00303
9	0.00632	0.00484	0.00583	0.00604	0.00718	0.00435	0.00451	0.00791	0.01158	0.01518	0.29164	0.20689	0.32034	0.01219	0.00590	0.00172	0.00265	0.07593	0.00477	0.00425
10	0.04374	0.13109	0.04644	0.02754	0.03993	0.12019	0.00858	0.25081	0.06432	0.04264	0.05081	0.06315	0.01212	0.02060	0.00493	0.00149	0.00526	0.02742	0.03237	0.00656
11	0.02615	0.10340	0.05205	0.14825	0.13589	0.11035	0.06043	0.13201	0.03551	0.01648	0.04189	0.06640	0.01050	0.00639	0.02039	0.00160	0.01805	0.00487	0.00304	0.00636
12	0.03397	0.01205	0.01372	0.02696	0.10827	0.06942	0.00929	0.34560	0.04625	0.14415	0.01215	0.01278	0.00889	0.00643	0.02222	0.00163	0.07105	0.00437	0.04343	0.00736
13	0.04202	0.04353	0.04323	0.16579	0.18031	0.02728	0.05969	0.16493	0.05350	0.01813	0.00977	0.01174	0.00759	0.00480	0.00475	0.00139	0.01993	0.00408	0.00303	0.13451
14	0.01226	0.01236	0.01617	0.30785	0.30158	0.13878	0.01277	0.06364	0.01157	0.01473	0.00871	0.01169	0.00698	0.00487	0.00518	0.00149	0.03992	0.00409	0.00248	0.02287
15	0.00598	0.00454	0.00553	0.00616	0.00698	0.00409	0.00434	0.00712	0.01029	0.01328	0.10052	0.48335	0.28091	0.01373	0.00601	0.00183	0.00270	0.03402	0.00457	0.00406
16	0.00735	0.00465	0.00565	0.00598	0.00644	0.00446	0.00388	0.00812	0.00892	0.04545	0.05658	0.35284	0.04035	0.33250	0.01307	0.00291	0.00352	0.00959	0.08391	0.00381
17	0.00704	0.00503	0.00632	0.00595	0.00725	0.00455	0.00448	0.00913	0.01325	0.03864	0.64371	0.03754	0.17856	0.01023	0.00570	0.00154	0.00236	0.00892	0.00520	0.00458
18	0.00617	0.00459	0.00580	0.00657	0.00731	0.00422	0.00474	0.00737	0.01020	0.01327	0.08291	0.50359	0.20260	0.01396	0.00612	0.00190	0.00290	0.10716	0.00455	0.00408
19	0.01242	0.01044	0.01100	0.00977	0.01254	0.01201	0.00764	0.08162	0.70644	0.02096	0.01899	0.01760	0.01422	0.00649	0.00487	0.00161	0.00389	0.00536	0.03451	0.00760
20	0.86392	0.00937	0.00712	0.00637	0.00937	0.01087	0.00525	0.01425	0.00825	0.02174	0.00675	0.00787	0.00525	0.00450	0.00300	0.00150	0.00375	0.00262	0.00300	0.00525
21	0.02174	0.00825	0.01125	0.00862	0.01237	0.00712	0.00712	0.02362	0.01387	0.80282	0.01912	0.01649	0.01200	0.00600	0.00487	0.00150	0.00412	0.00487	0.00600	0.00825
22	0.86392	0.00937	0.00712	0.00637	0.00937	0.01087	0.00525	0.01425	0.00825	0.02174	0.00675	0.00787	0.00525	0.00450	0.00300	0.00150	0.00375	0.00262	0.00300	0.00525
23	0.00609	0.00483	0.00548	0.00557	0.00687	0.00422	0.00412	0.00755	0.01148	0.01465	0.23776	0.15713	0.47673	0.01211	0.00581	0.00167	0.00251	0.02651	0.00471	0.00420
24	0.01842	0.01357	0.01454	0.01115	0.01503	0.01503	0.00921	0.78330	0.02278	0.03054	0.01163	0.01163	0.00824	0.00582	0.00485	0.00145	0.00533	0.00436	0.00485	0.00824
25	0.01205	0.01041	0.01096	0.00986	0.01260	0.01205	0.00767	0.02575	0.79071	0.02027	0.01972	0.01808	0.01479	0.00657	0.00493	0.00164	0.00384	0.00548	0.00493	0.00767
26	0.01025	0.02432	0.76945	0.01358	0.02059	0.01107	0.01743	0.01571	0.01039	0.05022	0.00916	0.01051	0.00640	0.00467	0.00462	0.00153	0.00703	0.00364	0.00222	0.00721
27	0.01842	0.01357	0.01454	0.01115	0.01503	0.01503	0.00921	0.78330	0.02278	0.03054	0.01163	0.01163	0.00824	0.00582	0.00485	0.00145	0.00533	0.00436	0.00485	0.00824

[dist]
# distance from previous block
# <min> <max>
0	1

[block]
# block no. 2 follows, 52 sequences, length 8
# corresponding to MSA columns:
# 356-363
name=unknown_C
#
# <colnr> <probs for GDERKNQSTAVLIFYWHMCP>
#	G	D	E	R	K	N	Q	S	T	A	V	L	I	F	Y	W	H	M	C	P
0	0.86392	0.00937	0.00712	0.00637	0.00937	0.01087	0.00525	0.01425	0.00825	0.02174	0.00675	0.00787	0.00525	0.00450	0.00300	0.00150	0.00375	0.00262	0.00300	0.00525
1	0.00574	0.00486	0.00496	0.00505	0.00658	0.00408	0.00374	0.00694	0.01091	0.01304	0.04739	0.10586	0.73937	0.01249	0.00576	0.00166	0.00248	0.01050	0.00450	0.00408
2	0.01015	0.00884	0.01104	0.05390	0.07342	0.00709	0.00687	0.01242	0.01010	0.01560	0.00865	0.01036	0.00718	0.00371	0.00375	0.00082	0.00392	0.00306	0.00279	0.74632
3	0.01296	0.83261	0.02539	0.00829	0.01244	0.01917	0.00829	0.01451	0.00985	0.01140	0.00674	0.00777	0.00622	0.00415	0.00311	0.00104	0.00518	0.00259	0.00207	0.00622
4	0.00692	0.00519	0.00779	0.00779	0.00865	0.00606	0.00606	0.00865	0.00779	0.01125	0.01298	0.01904	0.01211	0.03634	0.81049	0.00779	0.01298	0.00519	0.00260	0.00433
5	0.00915	0.00861	0.01453	0.81804	0.03338	0.01077	0.01346	0.01238	0.00969	0.01238	0.00861	0.01292	0.00646	0.00484	0.00484	0.00161	0.00646	0.00431	0.00215	0.00538
6	0.01842	0.01357	0.01454	0.01115	0.01503	0.01503	0.00921	0.78330	0.02278	0.03054	0.01163	0.01163	0.00824	0.00582	0.00485	0.00145	0.00533	0.00436	0.00485	0.00824
7	0.01068	0.09352	0.62254	0.01433	0.06153	0.01185	0.05712	0.01558	0.01045	0.04582	0.00901	0.01051	0.00652	0.00458	0.00455	0.00149	0.00685	0.00370	0.00224	0.00712

[dist]
# distance from previous block
# <min> <max>
0	1

[block]
# block no. 3 follows, 52 sequences, length 6
# corresponding to MSA columns:
# 365-370
name=unknown_D
#
# <colnr> <probs for GDERKNQSTAVLIFYWHMCP>
#	G	D	E	R	K	N	Q	S	T	A	V	L	I	F	Y	W	H	M	C	P
0	0.00842	0.00673	0.00887	0.00960	0.10281	0.00676	0.00636	0.01284	0.15451	0.01916	0.56169	0.03002	0.03556	0.00863	0.00546	0.00154	0.00298	0.00764	0.00491	0.00551
1	0.86392	0.00937	0.00712	0.00637	0.00937	0.01087	0.00525	0.01425	0.00825	0.02174	0.00675	0.00787	0.00525	0.00450	0.00300	0.00150	0.00375	0.00262	0.00300	0.00525
2	0.00590	0.00422	0.00562	0.00675	0.00703	0.00394	0.00450	0.00675	0.00928	0.01237	0.02671	0.82653	0.03205	0.01518	0.00619	0.00197	0.00281	0.01378	0.00450	0.00394
3	0.00693	0.00512	0.00742	0.00739	0.00819	0.00579	0.00561	0.00853	0.00820	0.01173	0.07787	0.02177	0.01546	0.11686	0.66220	0.00695	0.01123	0.00568	0.00286	0.00420
4	0.01969	0.00892	0.01254	0.01049	0.06065	0.00812	0.04120	0.08329	0.01430	0.61950	0.05639	0.01667	0.01292	0.00599	0.00495	0.00150	0.00440	0.00503	0.00550	0.00795
5	0.00934	0.00854	0.01265	0.55415	0.02588	0.01024	0.01110	0.01449	0.17105	0.01409	0.01574	0.01801	0.10263	0.00609	0.00497	0.00162	0.00544	0.00526	0.00301	0.00570

[dist]
# distance from previous block
# <min> <max>
0	1

[block]
# block no. 4 follows, 52 sequences, length 32
# corresponding to MSA columns:
# 372-403
name=unknown_E
#
# <colnr> <probs for GDERKNQSTAVLIFYWHMCP>
#	G	D	E	R	K	N	Q	S	T	A	V	L	I	F	Y	W	H	M	C	P
0	0.01559	0.01169	0.01265	0.01023	0.01369	0.01283	0.00826	0.39182	0.32050	0.07194	0.01504	0.01433	0.01095	0.00598	0.00480	0.00148	0.00456	0.00473	0.00482	0.06411
1	0.01518	0.24672	0.05882	0.01330	0.09483	0.38619	0.03771	0.04190	0.03839	0.01333	0.00813	0.00944	0.00677	0.00471	0.00416	0.00126	0.00707	0.00333	0.00250	0.00626
2	0.01024	0.03227	0.01551	0.28410	0.03919	0.03501	0.11852	0.05049	0.00987	0.01328	0.00939	0.01413	0.00811	0.06381	0.10946	0.00266	0.17135	0.00470	0.00244	0.00546
3	0.01007	0.00955	0.01620	0.56261	0.28161	0.01101	0.01392	0.01319	0.01013	0.01350	0.00878	0.01262	0.00685	0.00467	0.00483	0.00156	0.00623	0.00431	0.00223	0.00613
4	0.01005	0.00861	0.01005	0.00718	0.01148	0.00646	0.00574	0.01220	0.01005	0.01579	0.00861	0.01005	0.00718	0.00359	0.00359	0.00072	0.00359	0.00287	0.00287	0.85932
5	0.00693	0.00541	0.00641	0.00645	0.00788	0.00507	0.00507	0.00952	0.06329	0.01589	0.28391	0.05556	0.33604	0.01140	0.00587	0.00173	0.00290	0.16132	0.00479	0.00455
6	0.01189	0.04997	0.06477	0.01679	0.02107	0.08980	0.50729	0.04826	0.03605	0.01551	0.01200	0.05673	0.03551	0.00522	0.00538	0.00158	0.00731	0.00573	0.00278	0.00635
7	0.00848	0.00756	0.01151	0.01028	0.01108	0.00951	0.05423	0.01012	0.00788	0.01165	0.01047	0.01572	0.00981	0.02464	0.48349	0.00543	0.29602	0.00489	0.00242	0.00480
8	0.05652	0.01125	0.01893	0.04871	0.08045	0.01123	0.32024	0.16526	0.02457	0.09159	0.02588	0.03594	0.01946	0.01915	0.00553	0.00162	0.00612	0.03174	0.00351	0.02231
9	0.01129	0.40019	0.36339	0.01119	0.01655	0.01483	0.04479	0.01510	0.03321	0.01377	0.02975	0.01015	0.00757	0.00457	0.00399	0.00131	0.00605	0.00341	0.00225	0.00664
10	0.00704	0.00471	0.00535	0.00535	0.00537	0.00473	0.00302	0.00709	0.00707	0.00945	0.01521	0.03138	0.01747	0.80880	0.04536	0.00478	0.00492	0.00700	0.00293	0.00297
11	0.00678	0.00486	0.00627	0.02556	0.00794	0.00459	0.00496	0.00855	0.01148	0.01586	0.32879	0.27448	0.10899	0.01169	0.00578	0.00172	0.00281	0.09813	0.06641	0.00434
12	0.03755	0.02395	0.04277	0.32407	0.27074	0.06713	0.03821	0.02880	0.04572	0.01467	0.00922	0.01221	0.00730	0.00489	0.00517	0.00153	0.03973	0.00423	0.01571	0.00637
13	0.01704	0.01478	0.01451	0.01315	0.09759	0.17234	0.00961	0.50712	0.01890	0.02417	0.01066	0.01173	0.00809	0.02105	0.03561	0.00171	0.00633	0.00419	0.00400	0.00742
14	0.02772	0.08940	0.23557	0.01136	0.05190	0.01045	0.02579	0.07900	0.01243	0.29024	0.01234	0.01239	0.00854	0.00509	0.00469	0.00140	0.02016	0.00400	0.00377	0.09379
15	0.03619	0.06188	0.06680	0.03834	0.15126	0.05714	0.00994	0.23641	0.01444	0.12605	0.03268	0.01312	0.00946	0.02042	0.04913	0.00181	0.01985	0.00429	0.00368	0.04711
16	0.03800	0.00795	0.00948	0.03928	0.05697	0.03439	0.00676	0.07028	0.09188	0.15522	0.23557	0.07433	0.12230	0.00845	0.00527	0.00158	0.00372	0.02788	0.00473	0.00596
17	0.00915	0.00861	0.01453	0.81804	0.03338	0.01077	0.01346	0.01238	0.00969	0.01238	0.00861	0.01292	0.00646	0.00484	0.00484	0.00161	0.00646	0.00431	0.00215	0.00538
18	0.01083	0.01120	0.02165	0.19564	0.25610	0.01128	0.34502	0.01424	0.01098	0.01496	0.02982	0.01428	0.03149	0.00470	0.00526	0.00157	0.00677	0.00520	0.00250	0.00650
19	0.00948	0.00869	0.01391	0.64456	0.07889	0.01038	0.01236	0.05240	0.01060	0.01362	0.01282	0.01614	0.08508	0.00560	0.00493	0.00160	0.00596	0.00490	0.00254	0.00555
20	0.00693	0.00517	0.00770	0.00770	0.00853	0.00601	0.00595	0.00860	0.00776	0.01118	0.01306	0.01949	0.01231	0.06480	0.78230	0.00768	0.01268	0.00526	0.00261	0.00428
21	0.00842	0.00421	0.00631	0.00631	0.00631	0.00421	0.00421	0.00631	0.00631	0.00842	0.00842	0.01473	0.00842	0.01684	0.01894	0.85901	0.00421	0.00421	0.00210	0.00210
22	0.02068	0.00818	0.01102	0.00859	0.01214	0.00720	0.00704	0.04815	0.01389	0.72938	0.01932	0.06497	0.01307	0.00654	0.00495	0.00153	0.00409	0.00539	0.00587	0.00799
23	0.00932	0.00879	0.01484	0.77071	0.07938	0.01081	0.01354	0.01253	0.00977	0.01259	0.00864	0.01286	0.00653	0.00481	0.00484	0.00160	0.00642	0.00431	0.00217	0.00552
24	0.01814	0.02186	0.01384	0.01231	0.01499	0.70671	0.00934	0.11881	0.01491	0.01429	0.00803	0.00912	0.00650	0.00510	0.00443	0.00128	0.00830	0.00328	0.00280	0.00596
25	0.00713	0.00516	0.00691	0.00687	0.00746	0.00572	0.00489	0.00857	0.03233	0.01081	0.01409	0.02397	0.01435	0.34583	0.47746	0.00638	0.00945	0.00593	0.00280	0.00389
26	0.00853	0.00559	0.00694	0.00654	0.00805	0.00520	0.00495	0.01117	0.06349	0.10266	0.43117	0.12722	0.16612	0.01034	0.00565	0.00161	0.00271	0.02192	0.00513	0.00502
27	0.72431	0.00919	0.00781	0.00675	0.00987	0.01025	0.00556	0.01580	0.00918	0.15123	0.00880	0.00930	0.00637	0.00475	0.00331	0.00150	0.00381	0.00300	0.00350	0.00575
28	0.00842	0.00421	0.00631	0.00631	0.00631	0.00421	0.00421	0.00631	0.00631	0.00842	0.00842	0.01473	0.00842	0.01684	0.01894	0.85901	0.00421	0.00421	0.00210	0.00210
29	0.06723	0.03446	0.01060	0.00741	0.01158	0.00760	0.00601	0.05202	0.01070	0.04298	0.00894	0.01013	0.00724	0.00386	0.00364	0.00084	0.00376	0.00299	0.00306	0.70496
30	0.00957	0.01008	0.06106	0.30318	0.14186	0.00991	0.15913	0.02746	0.01045	0.01401	0.01370	0.08428	0.06604	0.00811	0.05827	0.00202	0.00653	0.00582	0.00269	0.00583
31	0.00727	0.00512	0.00606	0.00592	0.00597	0.00544	0.00362	0.00744	0.00711	0.00965	0.01455	0.02960	0.01656	0.73053	0.06869	0.00470	0.05896	0.00676	0.00286	0.00317

[dist]
# distance from previous block
# <min> <max>
0	24

[block]
# block no. 5 follows, 52 sequences, length 16
# corresponding to MSA columns:
# 428-443
name=unknown_F
#
# <colnr> <probs for GDERKNQSTAVLIFYWHMCP>
#	G	D	E	R	K	N	Q	S	T	A	V	L	I	F	Y	W	H	M	C	P
0	0.04105	0.04275	0.01475	0.01133	0.03385	0.01489	0.00916	0.69421	0.04357	0.02896	0.01149	0.01159	0.00826	0.00571	0.00474	0.00145	0.00525	0.00428	0.00464	0.00806
1	0.01709	0.01284	0.01454	0.01202	0.05049	0.05385	0.04714	0.54008	0.03882	0.08963	0.01270	0.04685	0.00964	0.00675	0.02326	0.00163	0.00560	0.00485	0.00453	0.00771
2	0.00858	0.00694	0.00924	0.05428	0.05790	0.00791	0.00662	0.01078	0.06855	0.01390	0.17186	0.04492	0.04539	0.21071	0.02642	0.03334	0.16270	0.00642	0.04890	0.00465
3	0.01146	0.01256	0.09017	0.05614	0.15436	0.01108	0.39165	0.06038	0.01165	0.04220	0.01150	0.08094	0.00979	0.02659	0.00587	0.00168	0.00675	0.00582	0.00284	0.00658
4	0.01059	0.00860	0.01010	0.00724	0.01153	0.00649	0.00581	0.01273	0.01022	0.05190	0.00910	0.01034	0.00740	0.00370	0.00365	0.00075	0.00361	0.00296	0.00301	0.82027
5	0.01810	0.02310	0.01373	0.01248	0.01498	0.81024	0.00936	0.01935	0.01373	0.01186	0.00749	0.00874	0.00624	0.00499	0.00437	0.00125	0.00874	0.00312	0.00250	0.00562
6	0.04191	0.02335	0.03144	0.00832	0.02075	0.00794	0.01886	0.12339	0.05153	0.15960	0.11880	0.12883	0.14472	0.02962	0.00586	0.00163	0.02067	0.00714	0.00455	0.05109
7	0.03128	0.00997	0.01106	0.00933	0.01235	0.02948	0.00742	0.10935	0.38259	0.24350	0.08497	0.01804	0.01553	0.00653	0.00492	0.00156	0.00407	0.00535	0.00516	0.00754
8	0.01060	0.01060	0.01484	0.01272	0.01272	0.01484	0.01060	0.01166	0.00742	0.01166	0.00636	0.01060	0.00636	0.00848	0.01590	0.00212	0.82082	0.00424	0.00212	0.00530
9	0.00846	0.00843	0.07777	0.05936	0.09221	0.02412	0.00803	0.02278	0.00939	0.01291	0.05935	0.17427	0.03468	0.12968	0.11921	0.04656	0.07838	0.02650	0.00313	0.00478
10	0.01356	0.00827	0.00995	0.00915	0.05203	0.02433	0.00672	0.12738	0.08570	0.23253	0.11241	0.04368	0.11457	0.05878	0.00721	0.05388	0.00404	0.02486	0.00470	0.00626
11	0.00610	0.00436	0.00566	0.00649	0.00699	0.00404	0.00443	0.00718	0.00998	0.01347	0.12666	0.65505	0.08192	0.01408	0.00602	0.00187	0.00271	0.01267	0.02628	0.00404
12	0.01541	0.00978	0.01440	0.14748	0.14315	0.01000	0.06488	0.13330	0.04368	0.27871	0.01367	0.01441	0.00962	0.00599	0.02111	0.00162	0.00530	0.00468	0.05558	0.00723
13	0.02997	0.10347	0.07012	0.08987	0.22666	0.11430	0.02328	0.04448	0.05846	0.07796	0.01067	0.04079	0.00887	0.02487	0.00573	0.00155	0.05496	0.00442	0.00294	0.00662
14	0.00728	0.00444	0.00623	0.00678	0.00705	0.00436	0.00474	0.00704	0.00809	0.01077	0.01781	0.32321	0.02016	0.05889	0.04090	0.36283	0.00405	0.09883	0.00334	0.00319
15	0.00969	0.02374	0.74235	0.01412	0.05062	0.01100	0.01726	0.01508	0.01040	0.01553	0.04010	0.01133	0.00777	0.00480	0.00466	0.00153	0.00691	0.00382	0.00219	0.00708

[dist]
# distance from previous block
# <min> <max>
1	2

[block]
# block no. 6 follows, 52 sequences, length 37
# corresponding to MSA columns:
# 446-482
name=unknown_G
#
# <colnr> <probs for GDERKNQSTAVLIFYWHMCP>
#	G	D	E	R	K	N	Q	S	T	A	V	L	I	F	Y	W	H	M	C	P
0	0.02179	0.08194	0.09887	0.04393	0.03490	0.02931	0.04034	0.02896	0.01086	0.11045	0.09181	0.18332	0.08247	0.02435	0.00667	0.00170	0.09195	0.00705	0.00369	0.00564
1	0.67932	0.02702	0.06090	0.00878	0.05577	0.02561	0.02909	0.01433	0.00875	0.02014	0.00728	0.00873	0.00573	0.00536	0.02559	0.00166	0.00459	0.00295	0.00285	0.00555
2	0.01122	0.01062	0.01702	0.21806	0.50775	0.02757	0.01338	0.04365	0.01118	0.01526	0.01145	0.03517	0.04610	0.00519	0.00488	0.00150	0.00574	0.00482	0.00259	0.00683
3	0.00665	0.00476	0.00588	0.00611	0.00713	0.00428	0.00439	0.00809	0.01133	0.03863	0.28394	0.33780	0.23835	0.01241	0.00587	0.00172	0.00259	0.01093	0.00482	0.00431
4	0.03866	0.03454	0.05965	0.05115	0.03162	0.05279	0.07016	0.14670	0.02546	0.03709	0.00984	0.03698	0.00837	0.00826	0.05152	0.00204	0.28853	0.00459	0.03594	0.00610
5	0.07850	0.00587	0.00716	0.00668	0.00771	0.00618	0.00496	0.07039	0.00936	0.05004	0.03293	0.01651	0.01080	0.01142	0.01158	0.41427	0.02891	0.02887	0.19395	0.00390
6	0.00646	0.00505	0.00626	0.00653	0.00739	0.00491	0.00472	0.00800	0.02720	0.01421	0.19707	0.38881	0.23337	0.01272	0.00649	0.00179	0.04916	0.01105	0.00455	0.00427
7	0.00702	0.00526	0.00655	0.00617	0.00746	0.00494	0.00464	0.00983	0.05760	0.01874	0.66487	0.03639	0.13226	0.01000	0.00567	0.00154	0.00239	0.00875	0.00521	0.00469
8	0.01205	0.01041	0.01096	0.00986	0.01260	0.01205	0.00767	0.02575	0.79071	0.02027	0.01972	0.01808	0.01479	0.00657	0.00493	0.00164	0.00384	0.00548	0.00493	0.00767
9	0.01144	0.01307	0.02859	0.02042	0.02533	0.01225	0.78186	0.01552	0.01144	0.01552	0.00980	0.01307	0.00735	0.00408	0.00572	0.00163	0.00817	0.00572	0.00245	0.00654
10	0.01810	0.02310	0.01373	0.01248	0.01498	0.81024	0.00936	0.01935	0.01373	0.01186	0.00749	0.00874	0.00624	0.00499	0.00437	0.00125	0.00874	0.00312	0.00250	0.00562
11	0.00686	0.00495	0.00648	0.00610	0.00724	0.00457	0.00457	0.00914	0.01372	0.01943	0.79691	0.03620	0.04572	0.00991	0.00572	0.00152	0.00229	0.00876	0.00533	0.00457
12	0.01285	0.80661	0.05048	0.00847	0.01271	0.01892	0.00860	0.01454	0.00986	0.01153	0.00680	0.00785	0.00622	0.00416	0.00316	0.00105	0.00525	0.00262	0.00207	0.00625
13	0.15402	0.02845	0.01292	0.18993	0.08032	0.08693	0.00933	0.10925	0.01277	0.25260	0.01171	0.01243	0.00820	0.00521	0.00447	0.00148	0.00532	0.00406	0.00381	0.00678
14	0.00590	0.00422	0.00562	0.00675	0.00703	0.00394	0.00450	0.00675	0.00928	0.01237	0.02671	0.82653	0.03205	0.01518	0.00619	0.00197	0.00281	0.01378	0.00450	0.00394
15	0.01044	0.01032	0.01444	0.01251	0.01257	0.01432	0.01044	0.01157	0.00763	0.01182	0.00746	0.01311	0.00759	0.00876	0.01538	0.00213	0.77438	0.04762	0.00225	0.00525
16	0.04602	0.00968	0.01198	0.01013	0.01239	0.01094	0.06534	0.12300	0.29111	0.04279	0.07112	0.04603	0.03835	0.06539	0.00814	0.01746	0.11383	0.00579	0.00412	0.00638
17	0.01184	0.01136	0.01940	0.07115	0.75922	0.01147	0.01480	0.01474	0.01096	0.01565	0.00909	0.01204	0.00761	0.00435	0.00480	0.00145	0.00579	0.00432	0.00239	0.00756
18	0.02174	0.00825	0.01125	0.00862	0.01237	0.00712	0.00712	0.02362	0.01387	0.80282	0.01912	0.01649	0.01200	0.00600	0.00487	0.00150	0.00412	0.00487	0.00600	0.00825
19	0.77350	0.00997	0.02249	0.00749	0.03367	0.01114	0.00600	0.05905	0.00921	0.02196	0.00714	0.00826	0.00551	0.00457	0.00319	0.00150	0.00396	0.00279	0.00307	0.00553
20	0.04248	0.01298	0.01474	0.01141	0.01506	0.02674	0.05198	0.59038	0.05865	0.07173	0.01192	0.01211	0.00853	0.00584	0.00533	0.00150	0.04175	0.00445	0.00457	0.00786
21	0.05423	0.01271	0.13241	0.17060	0.25241	0.01131	0.12371	0.06360	0.01122	0.01617	0.02663	0.01334	0.02970	0.00507	0.00532	0.00155	0.04135	0.00458	0.01749	0.00659
22	0.02537	0.01374	0.03999	0.23205	0.10896	0.22103	0.09794	0.03705	0.01143	0.03051	0.00972	0.03857	0.00815	0.00555	0.00561	0.00154	0.06459	0.01911	0.02317	0.00594
23	0.00667	0.00486	0.00623	0.00640	0.00729	0.00456	0.00464	0.00858	0.02813	0.01622	0.42854	0.27806	0.08257	0.05003	0.00677	0.00185	0.00271	0.04667	0.00487	0.00433
24	0.00950	0.00797	0.00850	0.00777	0.00997	0.00852	0.00600	0.04497	0.39998	0.01822	0.14134	0.02963	0.27024	0.00886	0.00530	0.00162	0.00322	0.00744	0.00485	0.00609
25	0.00972	0.02507	0.80458	0.01381	0.02097	0.01125	0.01790	0.01535	0.01023	0.01535	0.00870	0.01023	0.00614	0.00460	0.00460	0.00153	0.00716	0.00358	0.00205	0.00716
26	0.00593	0.00424	0.00565	0.00673	0.00704	0.00396	0.00450	0.00682	0.00941	0.01258	0.04992	0.80271	0.03246	0.01502	0.00617	0.00195	0.00280	0.01363	0.00452	0.00396
27	0.01060	0.01060	0.01484	0.01272	0.01272	0.01484	0.01060	0.01166	0.00742	0.01166	0.00636	0.01060	0.00636	0.00848	0.01590	0.00212	0.82082	0.00424	0.00212	0.00530
28	0.86392	0.00937	0.00712	0.00637	0.00937	0.01087	0.00525	0.01425	0.00825	0.02174	0.00675	0.00787	0.00525	0.00450	0.00300	0.00150	0.00375	0.00262	0.00300	0.00525
29	0.01364	0.01055	0.01133	0.00937	0.01210	0.05880	0.05099	0.28451	0.18306	0.02238	0.01435	0.01498	0.01081	0.00578	0.00442	0.00139	0.00440	0.00465	0.27581	0.00668
30	0.19395	0.00888	0.00989	0.00858	0.01141	0.00932	0.00701	0.12629	0.13084	0.23505	0.03354	0.06393	0.01461	0.00741	0.00484	0.00165	0.00411	0.11730	0.00472	0.00666
31	0.00937	0.02030	0.01093	0.05545	0.01132	0.02905	0.00778	0.01059	0.00800	0.03902	0.01062	0.01737	0.01040	0.17407	0.24797	0.00418	0.32129	0.00503	0.00256	0.00469
32	0.00985	0.02918	0.11231	0.48563	0.09378	0.03349	0.03229	0.02930	0.01048	0.01379	0.05600	0.01428	0.02305	0.00555	0.00526	0.02683	0.00616	0.00455	0.00246	0.00575
33	0.00681	0.00495	0.00640	0.00604	0.00721	0.00455	0.00453	0.00904	0.01359	0.01914	0.76212	0.03668	0.08069	0.01002	0.00572	0.00153	0.00229	0.00883	0.00530	0.00455
34	0.00793	0.00639	0.00881	0.04518	0.14465	0.00615	0.00676	0.01006	0.02880	0.03025	0.21092	0.09626	0.24863	0.05590	0.00667	0.00182	0.00354	0.07209	0.00418	0.00499
35	0.00903	0.00452	0.00452	0.00452	0.00565	0.00452	0.00339	0.01129	0.01016	0.01807	0.01581	0.01807	0.01242	0.00565	0.00339	0.00113	0.00226	0.00452	0.85659	0.00452
36	0.00664	0.00482	0.00629	0.00715	0.00777	0.00464	0.00514	0.02292	0.02991	0.01367	0.07241	0.61236	0.04813	0.01414	0.00616	0.00195	0.00309	0.12402	0.00456	0.00423

[dist]
# distance from previous block
# <min> <max>
0	8

[block]
# block no. 7 follows, 52 sequences, length 25
# corresponding to MSA columns:
# 491-515
name=unknown_H
#
# <colnr> <probs for GDERKNQSTAVLIFYWHMCP>
#	G	D	E	R	K	N	Q	S	T	A	V	L	I	F	Y	W	H	M	C	P
0	0.17661	0.11276	0.01447	0.06566	0.05300	0.15966	0.03866	0.14866	0.10339	0.06761	0.01036	0.01113	0.00787	0.00511	0.00424	0.00142	0.00560	0.00380	0.00341	0.00659
1	0.00903	0.00452	0.00452	0.00452	0.00565	0.00452	0.00339	0.01129	0.01016	0.01807	0.01581	0.01807	0.01242	0.00565	0.00339	0.00113	0.00226	0.00452	0.85659	0.00452
2	0.28857	0.10650	0.08727	0.03545	0.09336	0.13873	0.05220	0.01496	0.01000	0.01612	0.00756	0.00939	0.00617	0.00480	0.00483	0.00143	0.07149	0.00332	0.00253	0.04531
3	0.03532	0.05851	0.10578	0.05589	0.09367	0.12944	0.07288	0.04932	0.05194	0.06898	0.02524	0.01366	0.00932	0.02762	0.13745	0.00259	0.04887	0.00441	0.00294	0.00619
4	0.00938	0.00941	0.05790	0.10820	0.16023	0.02963	0.07035	0.05097	0.03114	0.01534	0.09404	0.18689	0.11063	0.00849	0.00557	0.00165	0.01897	0.02199	0.00355	0.00566
5	0.00820	0.00665	0.00743	0.00715	0.00887	0.00685	0.00549	0.04708	0.20057	0.01562	0.06411	0.09198	0.32710	0.03894	0.09115	0.00243	0.00425	0.05654	0.00440	0.00517
6	0.01238	0.18462	0.05953	0.02755	0.02645	0.02726	0.00779	0.15838	0.02901	0.06292	0.02728	0.12309	0.01214	0.01969	0.00467	0.00136	0.00451	0.00514	0.05952	0.14671
7	0.00915	0.00861	0.01453	0.81804	0.03338	0.01077	0.01346	0.01238	0.00969	0.01238	0.00861	0.01292	0.00646	0.00484	0.00484	0.00161	0.00646	0.00431	0.00215	0.00538
8	0.04637	0.07637	0.07627	0.03408	0.02895	0.06694	0.00903	0.07734	0.05902	0.04856	0.03836	0.01491	0.01029	0.11300	0.02615	0.00217	0.24701	0.00458	0.01486	0.00575
9	0.01131	0.19776	0.33199	0.01310	0.07819	0.01240	0.06731	0.01522	0.03518	0.06266	0.08356	0.01312	0.01073	0.00526	0.00500	0.00145	0.04207	0.00423	0.00275	0.00670
10	0.00647	0.00452	0.00564	0.00623	0.00654	0.00434	0.00408	0.00716	0.00886	0.01181	0.06586	0.43037	0.05031	0.31158	0.01291	0.00294	0.00354	0.04924	0.00397	0.00364
11	0.01144	0.01307	0.02859	0.02042	0.02533	0.01225	0.78186	0.01552	0.01144	0.01552	0.00980	0.01307	0.00735	0.00408	0.00572	0.00163	0.00817	0.00572	0.00245	0.00654
12	0.03419	0.10995	0.23746	0.05145	0.18333	0.08288	0.03287	0.05899	0.07128	0.01572	0.01016	0.01179	0.02389	0.00511	0.00513	0.00148	0.05086	0.00401	0.00264	0.00682
13	0.00865	0.03013	0.03247	0.20985	0.06996	0.00826	0.06266	0.01125	0.02912	0.03216	0.10153	0.06048	0.22200	0.00909	0.02909	0.00182	0.03771	0.03503	0.00348	0.00526
14	0.00639	0.00461	0.00562	0.00622	0.00673	0.00434	0.00423	0.00719	0.00912	0.01184	0.02712	0.38981	0.15794	0.24940	0.01149	0.00272	0.00345	0.08401	0.00404	0.00373
15	0.01198	0.12570	0.15945	0.04164	0.05754	0.06085	0.07408	0.08942	0.08125	0.06405	0.01513	0.09572	0.06504	0.03038	0.00538	0.00160	0.00548	0.00556	0.00334	0.00641
16	0.03786	0.02775	0.14005	0.04399	0.13103	0.06093	0.06771	0.13948	0.01345	0.22290	0.02322	0.01285	0.00890	0.00535	0.00527	0.00151	0.04235	0.00437	0.00371	0.00730
17	0.00759	0.00572	0.00684	0.00729	0.00809	0.04473	0.02018	0.00856	0.00983	0.04454	0.02581	0.50999	0.10215	0.06474	0.00766	0.03377	0.00355	0.08055	0.00423	0.00418
18	0.01810	0.02310	0.01373	0.01248	0.01498	0.81024	0.00936	0.01935	0.01373	0.01186	0.00749	0.00874	0.00624	0.00499	0.00437	0.00125	0.00874	0.00312	0.00250	0.00562
19	0.01064	0.00978	0.02995	0.02146	0.06276	0.03256	0.02221	0.02927	0.03217	0.01609	0.00919	0.01070	0.00751	0.00391	0.00383	0.00088	0.00412	0.00321	0.02453	0.66521
20	0.09757	0.19252	0.05119	0.02635	0.01326	0.12263	0.00856	0.12976	0.09884	0.05471	0.05357	0.01272	0.01015	0.02722	0.00580	0.00152	0.07987	0.00405	0.00334	0.00636
21	0.00811	0.00482	0.00656	0.00667	0.00718	0.00475	0.00477	0.00788	0.00846	0.04022	0.06254	0.12544	0.07886	0.10827	0.01413	0.38251	0.02159	0.10061	0.00330	0.00331
22	0.02706	0.04669	0.07987	0.11736	0.17522	0.04164	0.04061	0.13166	0.09881	0.06098	0.01371	0.01497	0.06631	0.00584	0.00551	0.00154	0.05733	0.00476	0.00333	0.00682
23	0.05266	0.09709	0.13066	0.00990	0.03488	0.00968	0.03716	0.06828	0.04183	0.28411	0.07718	0.01791	0.05952	0.05085	0.00579	0.00165	0.00472	0.00509	0.00421	0.00681
24	0.01105	0.01473	0.26601	0.01202	0.05777	0.03955	0.05945	0.04957	0.18331	0.05312	0.04760	0.01839	0.09191	0.04815	0.00593	0.00170	0.00537	0.00530	0.00349	0.02558

[dist]
# distance from previous block
# <min> <max>
1	6

[block]
# block no. 8 follows, 52 sequences, length 13
# corresponding to MSA columns:
# 522-534
name=unknown_I
#
# <colnr> <probs for GDERKNQSTAVLIFYWHMCP>
#	G	D	E	R	K	N	Q	S	T	A	V	L	I	F	Y	W	H	M	C	P
0	0.05886	0.06562	0.09100	0.03595	0.03672	0.08091	0.11306	0.01423	0.06339	0.06075	0.03008	0.08854	0.05352	0.05335	0.03023	0.00193	0.06696	0.01740	0.01608	0.02141
1	0.25486	0.02964	0.08337	0.00931	0.02538	0.03651	0.05032	0.04699	0.01117	0.11527	0.05651	0.02246	0.05106	0.02409	0.00511	0.00169	0.00465	0.14684	0.01900	0.00577
2	0.00786	0.00579	0.00789	0.00736	0.00888	0.00540	0.05531	0.00993	0.03638	0.06169	0.19377	0.15217	0.24738	0.06068	0.04113	0.00215	0.00376	0.08333	0.00447	0.00467
3	0.07207	0.00914	0.01245	0.32317	0.02051	0.03559	0.00961	0.04462	0.01218	0.39159	0.01358	0.01411	0.00908	0.00541	0.00472	0.00153	0.00520	0.00443	0.00415	0.00685
4	0.01005	0.00861	0.01005	0.00718	0.01148	0.00646	0.00574	0.01220	0.01005	0.01579	0.00861	0.01005	0.00718	0.00359	0.00359	0.00072	0.00359	0.00287	0.00287	0.85932
5	0.01296	0.83261	0.02539	0.00829	0.01244	0.01917	0.00829	0.01451	0.00985	0.01140	0.00674	0.00777	0.00622	0.00415	0.00311	0.00104	0.00518	0.00259	0.00207	0.00622
6	0.72220	0.00918	0.00782	0.00675	0.00988	0.01024	0.00556	0.01582	0.00919	0.15318	0.00883	0.00932	0.00638	0.00475	0.00331	0.00150	0.00381	0.00300	0.00350	0.00575
7	0.01296	0.83261	0.02539	0.00829	0.01244	0.01917	0.00829	0.01451	0.00985	0.01140	0.00674	0.00777	0.00622	0.00415	0.00311	0.00104	0.00518	0.00259	0.00207	0.00622
8	0.00702	0.00518	0.00658	0.00619	0.00743	0.00486	0.00465	0.00972	0.04589	0.01913	0.72511	0.03600	0.08413	0.00989	0.00568	0.00154	0.00236	0.00870	0.00527	0.00468
9	0.00881	0.12154	0.23970	0.00909	0.01216	0.00890	0.04930	0.01102	0.00893	0.01221	0.01351	0.07511	0.03560	0.33384	0.01256	0.00274	0.00543	0.00581	0.00269	0.03106
10	0.00595	0.00451	0.00550	0.00621	0.00698	0.00406	0.00435	0.00701	0.01007	0.01294	0.06418	0.52460	0.27456	0.01400	0.00604	0.00185	0.00273	0.03592	0.00453	0.00403
11	0.01484	0.07295	0.08074	0.04455	0.01495	0.01253	0.00920	0.30749	0.16230	0.09502	0.01265	0.01275	0.00926	0.00551	0.00482	0.00141	0.02356	0.00424	0.00412	0.10712
12	0.01160	0.17217	0.29948	0.01385	0.03396	0.01272	0.20412	0.07739	0.01155	0.03178	0.01003	0.03838	0.00815	0.00502	0.00470	0.00146	0.00649	0.02182	0.00263	0.03269

[dist]
# distance from previous block
# <min> <max>
0	18

[block]
# block no. 9 follows, 52 sequences, length 12
# corresponding to MSA columns:
# 553-564
name=unknown_J
#
# <colnr> <probs for GDERKNQSTAVLIFYWHMCP>
#	G	D	E	R	K	N	Q	S	T	A	V	L	I	F	Y	W	H	M	C	P
0	0.03519	0.13217	0.52533	0.03464	0.01880	0.05111	0.01466	0.08654	0.01152	0.03451	0.00883	0.01011	0.00647	0.00471	0.00438	0.00145	0.00662	0.00352	0.00245	0.00698
1	0.01059	0.10216	0.15882	0.01429	0.04600	0.01087	0.30233	0.01426	0.03498	0.04617	0.06051	0.06810	0.04457	0.00776	0.05505	0.00194	0.00664	0.00577	0.00296	0.00623
2	0.00812	0.00608	0.03222	0.00642	0.00815	0.00519	0.00514	0.03068	0.01297	0.07823	0.47074	0.03531	0.23409	0.01083	0.03270	0.00176	0.00307	0.00844	0.00496	0.00491
3	0.01181	0.08772	0.18494	0.12161	0.12340	0.05284	0.06582	0.10944	0.02716	0.03751	0.01230	0.07004	0.02579	0.00607	0.00487	0.00154	0.00596	0.04164	0.00300	0.00654
4	0.09451	0.12877	0.01713	0.05134	0.12696	0.21147	0.09325	0.09266	0.04742	0.01593	0.00885	0.01065	0.00718	0.00555	0.01964	0.00154	0.05419	0.00384	0.00277	0.00636
5	0.00705	0.00470	0.00529	0.00529	0.00529	0.00470	0.00294	0.00705	0.00705	0.00940	0.01527	0.03171	0.01762	0.82969	0.02467	0.00470	0.00470	0.00705	0.00294	0.00294
6	0.01131	0.01142	0.01690	0.19663	0.22489	0.11571	0.15539	0.01402	0.01119	0.03132	0.06541	0.07547	0.01187	0.00668	0.02921	0.00173	0.00648	0.00548	0.00281	0.00609
7	0.00745	0.00540	0.00673	0.00653	0.00791	0.00500	0.00497	0.00991	0.04847	0.04061	0.42985	0.13014	0.15872	0.01072	0.00572	0.00163	0.00274	0.07713	0.00494	0.03542
8	0.01054	0.00823	0.00978	0.00720	0.01115	0.00631	0.00573	0.01264	0.01050	0.07056	0.05630	0.03874	0.01059	0.00451	0.00389	0.00086	0.00352	0.00371	0.00329	0.72195
9	0.01418	0.11467	0.05573	0.01098	0.05164	0.06033	0.05482	0.15391	0.06845	0.12827	0.01179	0.02456	0.00920	0.03485	0.00538	0.00143	0.02311	0.00423	0.01830	0.15417
10	0.00903	0.00452	0.00452	0.00452	0.00565	0.00452	0.00339	0.01129	0.01016	0.01807	0.01581	0.01807	0.01242	0.00565	0.00339	0.00113	0.00226	0.00452	0.85659	0.00452
11	0.06165	0.05744	0.17486	0.05582	0.04320	0.04199	0.09770	0.08607	0.07117	0.03697	0.02304	0.03517	0.00924	0.00549	0.00526	0.00146	0.05359	0.02018	0.00304	0.11666

[dist]
# distance from previous block
# <min> <max>
3	8

[block]
# block no. 10 follows, 52 sequences, length 62
# corresponding to MSA columns:
# 576-637
name=unknown_K
#
# <colnr> <probs for GDERKNQSTAVLIFYWHMCP>
#	G	D	E	R	K	N	Q	S	T	A	V	L	I	F	Y	W	H	M	C	P
0	0.00798	0.05461	0.00810	0.01949	0.00880	0.03759	0.00512	0.00980	0.03006	0.02429	0.15674	0.09545	0.34684	0.03326	0.00605	0.00157	0.02516	0.00805	0.00409	0.11695
1	0.00597	0.00427	0.00573	0.00682	0.00713	0.00403	0.00460	0.00686	0.00927	0.01238	0.02630	0.78923	0.03140	0.01576	0.02930	0.00214	0.00313	0.02728	0.00444	0.00396
2	0.01187	0.01139	0.01956	0.02895	0.75914	0.01137	0.03314	0.01476	0.01105	0.01579	0.00959	0.01319	0.00822	0.00456	0.00487	0.00147	0.00578	0.02530	0.00246	0.00756
3	0.01005	0.00861	0.01005	0.00718	0.01148	0.00646	0.00574	0.01220	0.01005	0.01579	0.00861	0.01005	0.00718	0.00359	0.00359	0.00072	0.00359	0.00287	0.00287	0.85932
4	0.01311	0.40665	0.18056	0.01118	0.01552	0.17100	0.06079	0.01605	0.04041	0.01290	0.00797	0.00926	0.00661	0.00460	0.00421	0.00127	0.02605	0.00325	0.00228	0.00635
5	0.00634	0.00493	0.00577	0.00563	0.00698	0.00436	0.00424	0.00811	0.01234	0.01627	0.42188	0.06036	0.38656	0.01118	0.00575	0.00160	0.00242	0.02600	0.00492	0.00434
6	0.00782	0.00613	0.00722	0.00674	0.00830	0.00613	0.00511	0.01243	0.18219	0.01867	0.51617	0.03382	0.15142	0.00954	0.00555	0.00157	0.00265	0.00827	0.00512	0.00517
7	0.00704	0.00471	0.00535	0.00535	0.00537	0.00473	0.00301	0.00709	0.00707	0.00944	0.01521	0.03140	0.01748	0.81039	0.04379	0.00477	0.00490	0.00700	0.00293	0.00297
8	0.00704	0.00472	0.00540	0.00540	0.00544	0.00476	0.00308	0.00712	0.00708	0.00948	0.01516	0.03112	0.01736	0.79242	0.06158	0.00484	0.00509	0.00696	0.00292	0.00300
9	0.86392	0.00937	0.00712	0.00637	0.00937	0.01087	0.00525	0.01425	0.00825	0.02174	0.00675	0.00787	0.00525	0.00450	0.00300	0.00150	0.00375	0.00262	0.00300	0.00525
10	0.11426	0.66443	0.09066	0.00854	0.01281	0.01750	0.00876	0.01455	0.00969	0.01298	0.00691	0.00800	0.00610	0.00423	0.00323	0.00113	0.00518	0.00268	0.00218	0.00618
11	0.01639	0.01860	0.01293	0.01151	0.01415	0.52053	0.00878	0.10484	0.17684	0.01601	0.04491	0.01221	0.00997	0.00563	0.00460	0.00137	0.00706	0.00400	0.00339	0.00629
12	0.00677	0.00495	0.00636	0.00601	0.00719	0.00454	0.00450	0.00898	0.01351	0.01895	0.73939	0.03700	0.10354	0.01009	0.00572	0.00153	0.00230	0.00888	0.00527	0.00454
13	0.01243	0.04379	0.02164	0.00880	0.02316	0.12448	0.00701	0.10776	0.01222	0.02697	0.00973	0.01086	0.02129	0.00433	0.00392	0.00095	0.00465	0.00329	0.01705	0.53567
14	0.01062	0.00973	0.01534	0.23005	0.30012	0.01019	0.03908	0.03483	0.04739	0.01522	0.01119	0.03528	0.00980	0.00559	0.00514	0.00150	0.02561	0.06568	0.00280	0.12485
15	0.03335	0.17945	0.15285	0.03795	0.05819	0.03789	0.08797	0.07865	0.07646	0.05908	0.04048	0.03461	0.00987	0.00525	0.00459	0.00138	0.01571	0.00434	0.00310	0.07882
16	0.00960	0.00868	0.01294	0.32110	0.18782	0.00966	0.01056	0.01416	0.14491	0.01514	0.08788	0.02012	0.10371	0.02667	0.00552	0.00165	0.00497	0.00567	0.00327	0.00598
17	0.00760	0.00610	0.00780	0.00837	0.07956	0.02984	0.00560	0.00984	0.01330	0.01846	0.65256	0.03383	0.08976	0.00940	0.00559	0.00152	0.00281	0.00828	0.00493	0.00486
18	0.01175	0.23392	0.31598	0.01309	0.06316	0.09071	0.06331	0.02641	0.02905	0.01399	0.00892	0.01157	0.00740	0.02527	0.00540	0.00150	0.04751	0.02221	0.00234	0.00652
19	0.01048	0.02848	0.04608	0.04618	0.09267	0.01957	0.03378	0.05944	0.01009	0.10160	0.01548	0.08450	0.03600	0.36207	0.03055	0.00304	0.00514	0.00642	0.00338	0.00504
20	0.00809	0.00523	0.00671	0.00617	0.00759	0.00475	0.00469	0.01024	0.01341	0.08675	0.64407	0.03510	0.11226	0.00970	0.00560	0.00152	0.00246	0.00848	0.02234	0.00485
21	0.01059	0.00985	0.04298	0.17584	0.08464	0.04314	0.02407	0.03577	0.02883	0.05359	0.04255	0.01643	0.01075	0.07814	0.10961	0.00273	0.20112	0.02097	0.00282	0.00556
22	0.05697	0.08233	0.08112	0.14084	0.12592	0.11656	0.14647	0.09506	0.01213	0.03548	0.02097	0.01176	0.00768	0.00553	0.02240	0.00161	0.02376	0.00422	0.00274	0.00646
23	0.01094	0.01218	0.08963	0.26158	0.10884	0.11488	0.07423	0.02517	0.01092	0.03292	0.01275	0.06185	0.02937	0.02048	0.00579	0.00169	0.03121	0.08696	0.00282	0.00580
24	0.00631	0.00470	0.00588	0.00614	0.00709	0.00427	0.00443	0.00786	0.01153	0.01549	0.34875	0.31386	0.20258	0.01234	0.00591	0.00172	0.00256	0.02950	0.00484	0.00424
25	0.01317	0.07079	0.22540	0.03859	0.14884	0.01072	0.04752	0.07484	0.04177	0.17171	0.02524	0.01454	0.04125	0.00696	0.04577	0.00180	0.00598	0.00458	0.00341	0.00711
26	0.01212	0.04565	0.46940	0.05135	0.03792	0.11076	0.04412	0.08599	0.01189	0.04255	0.00937	0.02250	0.00703	0.00502	0.00489	0.00150	0.02459	0.00391	0.00256	0.00689
27	0.05998	0.01018	0.01134	0.00899	0.01222	0.01067	0.00734	0.39533	0.01722	0.22490	0.01441	0.03397	0.01037	0.00600	0.00454	0.00142	0.00434	0.00467	0.15479	0.00733
28	0.01285	0.79303	0.04668	0.00890	0.02935	0.01880	0.00870	0.01454	0.00988	0.01160	0.00684	0.00793	0.00625	0.00416	0.00319	0.00106	0.00525	0.00265	0.00208	0.00628
29	0.14851	0.01049	0.01212	0.00972	0.02743	0.01083	0.02140	0.30621	0.02748	0.33152	0.01399	0.01328	0.00945	0.00563	0.00455	0.00148	0.00456	0.00434	0.02940	0.00763
30	0.00640	0.00466	0.00608	0.00668	0.00743	0.00434	0.00487	0.00787	0.01094	0.01470	0.24581	0.43209	0.10598	0.01319	0.00608	0.00185	0.00284	0.10925	0.00473	0.00420
31	0.00599	0.00424	0.00562	0.00666	0.00697	0.00396	0.00444	0.00675	0.00921	0.01223	0.02666	0.76852	0.05315	0.02873	0.00683	0.02560	0.00287	0.01330	0.00441	0.00387
32	0.00671	0.00495	0.00628	0.00594	0.00715	0.00451	0.00446	0.00886	0.01337	0.01862	0.70079	0.03754	0.14235	0.01021	0.00572	0.00154	0.00231	0.00895	0.00523	0.00451
33	0.00866	0.00520	0.00675	0.00682	0.00803	0.00475	0.00500	0.01025	0.02224	0.13379	0.20156	0.40586	0.10925	0.01212	0.00584	0.00177	0.00293	0.03944	0.00492	0.00482
34	0.86392	0.00937	0.00712	0.00637	0.00937	0.01087	0.00525	0.01425	0.00825	0.02174	0.00675	0.00787	0.00525	0.00450	0.00300	0.00150	0.00375	0.00262	0.00300	0.00525
