[name]
unknown

[dist]
# distance from previous block
# <min> <max>
0	28

[block]
# block no. 0 follows, 56 sequences, length 22
# corresponding to MSA columns:
# 28-49
name=unknown_A
#
# <colnr> <probs for GDERKNQSTAVLIFYWHMCP>
#	G	D	E	R	K	N	Q	S	T	A	V	L	I	F	Y	W	H	M	C	P
0	0.09397	0.00817	0.00995	0.00940	0.04930	0.01685	0.03422	0.16645	0.07431	0.11188	0.02729	0.24428	0.01703	0.00856	0.00498	0.00160	0.00399	0.08958	0.00418	0.02401
1	0.01438	0.01123	0.01194	0.00978	0.01291	0.01259	0.00788	0.43628	0.34794	0.02411	0.01584	0.01508	0.04665	0.00609	0.00466	0.00146	0.00433	0.00483	0.00461	0.00740
2	0.08931	0.01624	0.14658	0.01150	0.05056	0.28362	0.03648	0.10752	0.03032	0.08499	0.00936	0.01971	0.00716	0.00477	0.00419	0.00128	0.00610	0.00355	0.00298	0.08378
3	0.00686	0.00537	0.00796	0.00779	0.00853	0.00647	0.00611	0.00845	0.00735	0.01069	0.01175	0.01734	0.01100	0.03213	0.75012	0.00691	0.08374	0.00484	0.00242	0.00418
4	0.01896	0.00860	0.01061	0.00832	0.01160	0.04644	0.00679	0.07905	0.01376	0.64604	0.08600	0.01656	0.01362	0.00595	0.00466	0.00141	0.00405	0.00482	0.00539	0.00739
5	0.00870	0.00916	0.06584	0.32293	0.12902	0.03696	0.04978	0.01149	0.03003	0.01291	0.03461	0.14557	0.07295	0.02237	0.00528	0.00161	0.00515	0.02757	0.00283	0.00524
6	0.00971	0.00981	0.01485	0.64870	0.06638	0.08114	0.06593	0.01261	0.00965	0.01203	0.00813	0.01182	0.00621	0.00459	0.00479	0.00150	0.02066	0.00407	0.00210	0.00530
7	0.00704	0.00515	0.00686	0.00771	0.00883	0.00502	0.00661	0.00894	0.01046	0.01339	0.02792	0.04994	0.16186	0.03238	0.00659	0.00207	0.00390	0.62699	0.00420	0.00413
8	0.03474	0.01310	0.03233	0.01033	0.02777	0.22917	0.02964	0.16545	0.03595	0.31931	0.02854	0.02226	0.00985	0.00552	0.00451	0.00137	0.00546	0.01367	0.00420	0.00683
9	0.00817	0.00751	0.01227	0.55005	0.04974	0.00895	0.03016	0.01066	0.00910	0.01183	0.01290	0.10999	0.06196	0.01959	0.04402	0.00190	0.03823	0.00559	0.00249	0.00488
10	0.00574	0.00415	0.00548	0.00641	0.00681	0.00382	0.00430	0.00658	0.00882	0.01184	0.02468	0.80582	0.02951	0.01399	0.00577	0.00182	0.00269	0.01268	0.00421	0.03490
11	0.04820	0.01155	0.01395	0.17026	0.03928	0.01286	0.03438	0.53900	0.01770	0.05203	0.01042	0.01134	0.00745	0.00520	0.00455	0.00142	0.00526	0.00412	0.00393	0.00711
12	0.03419	0.01245	0.01181	0.06046	0.03358	0.25794	0.00800	0.04900	0.01301	0.45287	0.01339	0.01272	0.00901	0.00525	0.00443	0.00135	0.00546	0.00400	0.00426	0.00681
13	0.00920	0.00884	0.01527	0.64960	0.13388	0.01048	0.06283	0.01222	0.00940	0.01234	0.00824	0.01208	0.00632	0.00456	0.00490	0.00152	0.02661	0.00417	0.00209	0.00546
14	0.00543	0.00462	0.00468	0.00474	0.00622	0.00387	0.00353	0.00658	0.01038	0.01237	0.04547	0.08290	0.77010	0.01176	0.00545	0.00157	0.00234	0.00985	0.00426	0.00387
15	0.00668	0.00445	0.00501	0.00501	0.00501	0.00445	0.00278	0.00668	0.00668	0.00890	0.01447	0.03004	0.01669	0.83866	0.02337	0.00445	0.00445	0.00668	0.00278	0.00278
16	0.84093	0.00891	0.00688	0.00615	0.00899	0.01034	0.00505	0.01388	0.03566	0.02055	0.00682	0.00780	0.00529	0.00433	0.00291	0.00143	0.00355	0.00258	0.00291	0.00505
17	0.00967	0.12787	0.58032	0.08398	0.04460	0.01176	0.01500	0.01402	0.00950	0.01366	0.00790	0.00968	0.00591	0.00448	0.00469	0.00142	0.04373	0.00338	0.00196	0.00646
18	0.00702	0.00494	0.00640	0.00605	0.00730	0.00444	0.00449	0.00890	0.01192	0.04250	0.56814	0.18524	0.03688	0.00974	0.00531	0.00146	0.00242	0.00865	0.00474	0.07347
19	0.01222	0.00706	0.00878	0.00738	0.00986	0.00662	0.00580	0.03292	0.13264	0.26521	0.23260	0.06975	0.03431	0.00800	0.03073	0.00157	0.00351	0.00605	0.00473	0.12026
20	0.00901	0.00785	0.01239	0.60583	0.02557	0.00934	0.02484	0.02731	0.04777	0.03778	0.01211	0.01620	0.05996	0.07801	0.00630	0.00178	0.00554	0.00477	0.00255	0.00508
21	0.01075	0.03611	0.01198	0.02328	0.12026	0.02754	0.02556	0.02366	0.11195	0.04080	0.00987	0.01097	0.00789	0.00403	0.00384	0.00097	0.00405	0.00338	0.00297	0.52011

[dist]
# distance from previous block
# <min> <max>
0	1

[block]
# block no. 1 follows, 56 sequences, length 19
# corresponding to MSA columns:
# 51-69
name=unknown_B
#
# <colnr> <probs for GDERKNQSTAVLIFYWHMCP>
#	G	D	E	R	K	N	Q	S	T	A	V	L	I	F	Y	W	H	M	C	P
0	0.01082	0.00900	0.00986	0.03600	0.01168	0.01020	0.00691	0.07894	0.56059	0.01907	0.13481	0.01968	0.01777	0.04694	0.00568	0.00167	0.00364	0.00561	0.00454	0.00658
1	0.01479	0.22095	0.01618	0.02836	0.05242	0.24321	0.03474	0.15784	0.08837	0.06520	0.00961	0.01025	0.00749	0.00478	0.00406	0.00123	0.00582	0.00352	0.00309	0.02810
2	0.08180	0.03442	0.06976	0.01136	0.08976	0.03888	0.05547	0.23994	0.03183	0.11485	0.02680	0.01300	0.00907	0.06783	0.00574	0.00155	0.00492	0.00415	0.00357	0.09529
3	0.10621	0.01083	0.04283	0.09902	0.41760	0.01058	0.07419	0.07070	0.01076	0.01628	0.00851	0.01083	0.00682	0.00418	0.00431	0.00134	0.00530	0.00386	0.00252	0.09332
4	0.01592	0.01262	0.01409	0.01109	0.01450	0.06310	0.06795	0.60849	0.01913	0.02523	0.01199	0.01506	0.00950	0.00606	0.00480	0.00145	0.00537	0.08223	0.00425	0.00717
5	0.00805	0.00647	0.01000	0.04473	0.01177	0.00656	0.10111	0.05819	0.01068	0.01415	0.03722	0.15770	0.04565	0.01317	0.08748	0.00243	0.00525	0.37097	0.00377	0.00463
6	0.01089	0.01056	0.01837	0.15680	0.63553	0.01084	0.06218	0.01375	0.01027	0.01445	0.00860	0.01157	0.00707	0.00416	0.00461	0.00140	0.00570	0.00417	0.00224	0.00685
7	0.00645	0.00528	0.03092	0.00586	0.00718	0.00447	0.00462	0.00859	0.01258	0.01755	0.68855	0.03476	0.13699	0.00951	0.00538	0.00146	0.00233	0.00832	0.00486	0.00435
8	0.00681	0.00508	0.00638	0.00599	0.00721	0.00484	0.00451	0.00974	0.07242	0.01816	0.70890	0.03351	0.08042	0.00926	0.00536	0.00146	0.00228	0.00814	0.00498	0.00453
9	0.01119	0.13737	0.05242	0.22266	0.28530	0.02757	0.06677	0.04209	0.06917	0.02893	0.00918	0.01141	0.00726	0.00444	0.00437	0.00138	0.00563	0.00397	0.00248	0.00641
10	0.00722	0.00548	0.00773	0.13411	0.01151	0.00585	0.00650	0.00870	0.00929	0.04228	0.02273	0.37533	0.10983	0.01260	0.04809	0.00209	0.05559	0.12704	0.00373	0.00429
11	0.00657	0.00443	0.00515	0.00534	0.00542	0.00439	0.00317	0.00676	0.00712	0.00948	0.01629	0.13529	0.01888	0.69620	0.02036	0.00401	0.00421	0.04092	0.00304	0.00297
12	0.03206	0.01134	0.03336	0.04436	0.16333	0.01153	0.02881	0.39088	0.01631	0.20369	0.01189	0.01212	0.00833	0.00516	0.00457	0.00140	0.00499	0.00422	0.00416	0.00749
13	0.01084	0.03843	0.49772	0.04111	0.01837	0.01038	0.09057	0.07445	0.01124	0.08483	0.06972	0.01246	0.00941	0.00489	0.00456	0.00144	0.00608	0.00413	0.00274	0.00663
14	0.01008	0.01171	0.09929	0.06443	0.24318	0.02874	0.27800	0.01318	0.01027	0.01417	0.01114	0.10288	0.01015	0.00550	0.00497	0.00149	0.00602	0.03473	0.00256	0.04750
15	0.00952	0.00816	0.00952	0.00680	0.01088	0.00612	0.00544	0.01156	0.00952	0.01496	0.00816	0.00952	0.00680	0.00340	0.00340	0.00068	0.00340	0.00272	0.00272	0.86672
16	0.00723	0.04199	0.00751	0.00760	0.03810	0.05147	0.00541	0.00886	0.03009	0.01321	0.13795	0.38133	0.12619	0.01202	0.02500	0.00182	0.00349	0.09238	0.00406	0.00430
17	0.13806	0.15375	0.03400	0.00953	0.01201	0.09938	0.04442	0.01477	0.00968	0.16960	0.00974	0.03314	0.00792	0.00746	0.05272	0.01475	0.17649	0.00387	0.00298	0.00571
18	0.04034	0.00931	0.01527	0.04683	0.44562	0.00931	0.08063	0.01306	0.05106	0.01502	0.05263	0.12955	0.01265	0.00593	0.00474	0.00144	0.00482	0.00565	0.01736	0.03878

[dist]
# distance from previous block
# <min> <max>
1	4

[block]
# block no. 2 follows, 56 sequences, length 49
# corresponding to MSA columns:
# 74-122
name=unknown_C
#
# <colnr> <probs for GDERKNQSTAVLIFYWHMCP>
#	G	D	E	R	K	N	Q	S	T	A	V	L	I	F	Y	W	H	M	C	P
0	0.00677	0.00523	0.00625	0.00617	0.00743	0.00506	0.00468	0.00961	0.09857	0.01530	0.32905	0.10241	0.24756	0.02226	0.03993	0.01635	0.00305	0.06544	0.00448	0.00440
1	0.04362	0.00621	0.00715	0.00689	0.01788	0.04576	0.00516	0.00954	0.02127	0.02323	0.27676	0.03587	0.11376	0.05383	0.20303	0.01202	0.01993	0.02910	0.01983	0.04915
2	0.01252	0.38922	0.16744	0.01122	0.07446	0.11058	0.02068	0.05113	0.01057	0.04016	0.00780	0.00904	0.00640	0.00442	0.00411	0.00120	0.03673	0.00310	0.01697	0.02227
3	0.00722	0.00467	0.00697	0.00692	0.00739	0.00523	0.00513	0.00737	0.00680	0.00957	0.01038	0.01618	0.00992	0.02626	0.47409	0.35692	0.02893	0.00452	0.00226	0.00326
4	0.00683	0.00519	0.00754	0.00749	0.00840	0.00605	0.00582	0.00909	0.05123	0.01113	0.01265	0.01799	0.01162	0.03288	0.77543	0.00706	0.01182	0.00493	0.00258	0.00427
5	0.00961	0.00846	0.01064	0.00767	0.01164	0.00669	0.04909	0.01172	0.00951	0.01481	0.00815	0.00970	0.00678	0.00358	0.00391	0.00077	0.03171	0.00291	0.00267	0.78997
6	0.00994	0.00990	0.03022	0.31698	0.06845	0.06832	0.05216	0.01251	0.00978	0.01345	0.00817	0.01072	0.00650	0.00403	0.00410	0.00114	0.00521	0.00349	0.00237	0.36254
7	0.00863	0.00812	0.01111	0.00996	0.01026	0.01063	0.00809	0.00971	0.00793	0.01154	0.03726	0.11206	0.09717	0.02729	0.04127	0.00217	0.54119	0.03826	0.00272	0.00462
8	0.04125	0.06916	0.01265	0.07030	0.11957	0.16526	0.05121	0.01256	0.01097	0.01429	0.19981	0.01740	0.04458	0.02062	0.02665	0.00152	0.03222	0.00492	0.00305	0.08200
9	0.00941	0.01412	0.29819	0.09149	0.05870	0.00978	0.10604	0.03510	0.14100	0.01515	0.03351	0.01695	0.11380	0.00660	0.02868	0.00167	0.00567	0.00504	0.00292	0.00617
10	0.00834	0.00627	0.00756	0.00717	0.00855	0.00680	0.00539	0.03737	0.19274	0.04073	0.04267	0.06221	0.11883	0.13686	0.29316	0.00401	0.00658	0.00631	0.00360	0.00485
11	0.09642	0.02758	0.05611	0.00970	0.01164	0.23448	0.00794	0.07764	0.03367	0.02717	0.03200	0.01325	0.00911	0.09445	0.09849	0.00243	0.15590	0.00406	0.00275	0.00520
12	0.07144	0.00993	0.05320	0.02456	0.09496	0.03296	0.02268	0.18483	0.06680	0.16576	0.03571	0.11908	0.02284	0.00792	0.03286	0.03402	0.00472	0.00548	0.00395	0.00631
13	0.00571	0.00408	0.00547	0.00653	0.00685	0.00383	0.00447	0.00660	0.00891	0.01186	0.02524	0.78306	0.03010	0.01427	0.00589	0.00188	0.00277	0.06445	0.00426	0.00376
14	0.00764	0.00549	0.00720	0.00788	0.00897	0.00555	0.00646	0.01048	0.08823	0.03046	0.04288	0.19165	0.04483	0.04015	0.00658	0.00205	0.00378	0.48098	0.00428	0.00445
15	0.04241	0.00795	0.01252	0.15481	0.19404	0.00847	0.06645	0.02807	0.02612	0.02882	0.06896	0.14191	0.02615	0.02129	0.00637	0.03585	0.04759	0.07382	0.00310	0.00530
16	0.01056	0.02627	0.03331	0.22212	0.22765	0.11948	0.03129	0.02763	0.03367	0.01339	0.05298	0.04513	0.02184	0.03480	0.03496	0.00177	0.05017	0.00472	0.00259	0.00567
17	0.00559	0.00401	0.00531	0.00635	0.00665	0.00373	0.00424	0.00640	0.00883	0.01174	0.02586	0.81479	0.05087	0.01431	0.00585	0.00186	0.00265	0.01296	0.00426	0.00373
18	0.00867	0.00816	0.01377	0.82762	0.03162	0.01020	0.01275	0.01173	0.00918	0.01173	0.00816	0.01224	0.00612	0.00459	0.00459	0.00153	0.00612	0.00408	0.00204	0.00510
19	0.01063	0.07978	0.09547	0.05814	0.02708	0.14444	0.00824	0.04085	0.00944	0.03557	0.01031	0.03537	0.00989	0.17969	0.08538	0.02694	0.11821	0.01712	0.00256	0.00489
20	0.00669	0.00510	0.00715	0.00742	0.00805	0.00567	0.00570	0.00803	0.00823	0.01136	0.01804	0.22404	0.04295	0.07684	0.35648	0.00444	0.07079	0.12580	0.00321	0.00400
21	0.87108	0.00888	0.00675	0.00604	0.00888	0.01030	0.00497	0.01350	0.00781	0.02060	0.00639	0.00746	0.00497	0.00426	0.00284	0.00142	0.00355	0.00249	0.00284	0.00497
22	0.00563	0.00404	0.00529	0.00627	0.00658	0.00376	0.00418	0.00641	0.00878	0.01165	0.02579	0.77318	0.06236	0.04436	0.00648	0.00195	0.00271	0.01268	0.00421	0.00370
23	0.00661	0.00471	0.00631	0.00631	0.00676	0.00516	0.00441	0.00751	0.00706	0.00987	0.01327	0.02344	0.01383	0.39662	0.46149	0.00606	0.00876	0.00571	0.00260	0.00351
24	0.00888	0.00833	0.01360	0.74838	0.02972	0.01043	0.01233	0.01240	0.05284	0.01211	0.00865	0.01242	0.00655	0.00482	0.00503	0.00155	0.04041	0.00414	0.00218	0.00522
25	0.01227	0.84142	0.02406	0.00786	0.01178	0.01817	0.00786	0.01375	0.00933	0.01080	0.00638	0.00736	0.00589	0.00393	0.00295	0.00098	0.00491	0.00245	0.00196	0.00589
26	0.00937	0.05329	0.76712	0.01325	0.03831	0.01094	0.01656	0.01450	0.00970	0.01441	0.00818	0.00965	0.00585	0.00434	0.00431	0.00143	0.00668	0.00337	0.00195	0.00676
27	0.01004	0.01004	0.01406	0.01205	0.01205	0.01406	0.01004	0.01105	0.00703	0.01105	0.00603	0.01004	0.00603	0.00804	0.01507	0.00201	0.83025	0.00402	0.00201	0.00502
28	0.01093	0.01114	0.13847	0.01400	0.07791	0.00866	0.28055	0.01387	0.01058	0.14191	0.01465	0.17795	0.01343	0.00691	0.00521	0.00160	0.00557	0.05735	0.00331	0.00601
29	0.01253	0.79881	0.02348	0.00806	0.01191	0.05986	0.00791	0.01399	0.00952	0.01082	0.00642	0.00741	0.00589	0.00397	0.00301	0.00099	0.00508	0.00248	0.00198	0.00586
30	0.00661	0.00440	0.00505	0.00514	0.00516	0.00438	0.00293	0.00664	0.00683	0.00911	0.01522	0.09523	0.01763	0.75499	0.02183	0.02167	0.00430	0.00714	0.00289	0.00284
31	0.01120	0.01030	0.01635	0.04374	0.50156	0.04357	0.07654	0.01412	0.03775	0.05647	0.07368	0.01602	0.05492	0.00524	0.00476	0.00141	0.00519	0.01769	0.00289	0.00660
32	0.00988	0.21704	0.61194	0.01171	0.01770	0.01232	0.01456	0.01424	0.00967	0.01373	0.02324	0.00962	0.00656	0.00436	0.00405	0.00134	0.00625	0.00327	0.00200	0.00653
33	0.00935	0.02259	0.74486	0.01383	0.06067	0.01080	0.01657	0.01439	0.00964	0.01444	0.00818	0.00979	0.00590	0.00448	0.00475	0.00147	0.03614	0.00345	0.00196	0.00675
34	0.00809	0.00680	0.00933	0.00932	0.01075	0.05086	0.07723	0.01038	0.02520	0.01339	0.02167	0.08296	0.04656	0.01318	0.07289	0.00240	0.00528	0.52543	0.00382	0.00447
35	0.01081	0.04274	0.12894	0.26407	0.22733	0.01006	0.04786	0.01417	0.03825	0.09555	0.03003	0.05065	0.00926	0.00511	0.00461	0.00146	0.00550	0.00460	0.00274	0.00626
36	0.00893	0.00974	0.07956	0.60970	0.05599	0.01036	0.05576	0.01205	0.00937	0.01244	0.03730	0.01268	0.00754	0.00489	0.00527	0.00154	0.05511	0.00425	0.00216	0.00534
37	0.00706	0.00585	0.00896	0.06387	0.10243	0.00597	0.04042	0.00853	0.00938	0.01276	0.07700	0.51776	0.02460	0.01133	0.00607	0.00176	0.04649	0.04157	0.00374	0.00447
38	0.00915	0.00865	0.01464	0.68432	0.17114	0.01033	0.01299	0.01215	0.00941	0.01232	0.00825	0.01208	0.00633	0.00450	0.00458	0.00150	0.00600	0.00408	0.00208	0.00549
39	0.01086	0.01040	0.11079	0.10143	0.33844	0.00883	0.01104	0.01377	0.02966	0.11654	0.06655	0.04650	0.07263	0.02275	0.00512	0.00152	0.00485	0.01885	0.00315	0.00633
40	0.00752	0.00519	0.03554	0.00682	0.00774	0.00436	0.00502	0.00866	0.00951	0.10592	0.05652	0.67604	0.02779	0.01279	0.00564	0.00178	0.00294	0.01151	0.00438	0.00434
41	0.00885	0.00836	0.01405	0.76416	0.07412	0.01033	0.01276	0.01184	0.00920	0.01189	0.00814	0.01214	0.00618	0.00464	0.00484	0.00153	0.02562	0.00408	0.00205	0.00522
42	0.87108	0.00888	0.00675	0.00604	0.00888	0.01030	0.00497	0.01350	0.00781	0.02060	0.00639	0.00746	0.00497	0.00426	0.00284	0.00142	0.00355	0.00249	0.00284	0.00497
43	0.01136	0.01091	0.01863	0.02818	0.81002	0.01091	0.01409	0.01409	0.01045	0.01500	0.00864	0.01136	0.00727	0.00409	0.00455	0.00136	0.00545	0.00409	0.00227	0.00727
44	0.34164	0.00843	0.04756	0.06140	0.03999	0.00822	0.00651	0.02751	0.02637	0.08417	0.19145	0.01662	0.04214	0.00634	0.01793	0.00149	0.00379	0.00458	0.00357	0.06031
45	0.01060	0.00940	0.01422	0.07949	0.41695	0.00917	0.01043	0.01399	0.07850	0.03460	0.04217	0.01333	0.02635	0.00459	0.00433	0.00124	0.00458	0.00418	0.01945	0.20244
46	0.00920	0.00801	0.03648	0.02264	0.02562	0.00614	0.00592	0.01092	0.01867	0.01392	0.02730	0.01109	0.00797	0.00602	0.01959	0.12846	0.00382	0.00318	0.00264	0.63243
47	0.01079	0.01022	0.04442	0.06701	0.51918	0.01994	0.01181	0.04507	0.01076	0.02994	0.04661	0.02565	0.04019	0.00562	0.00524	0.04036	0.00506	0.02497	0.00269	0.03447
48	0.01091	0.01045	0.01675	0.12769	0.59349	0.02748	0.01273	0.01356	0.01023	0.01449	0.00848	0.01118	0.00704	0.00408	0.00440	0.00130	0.00534	0.00389	0.00230	0.11421

[dist]
# distance from previous block
# <min> <max>
3	70

# created by:
# /home/cegg/simao/soft/augustus-3.2.1/scripts/msa2prfl.pl ./align_prep/EOG091G0Y05.fa
