[name]
unknown

[dist]
# distance from previous block
# <min> <max>
20	289

[block]
# block no. 0 follows, 37 sequences, length 15
# corresponding to MSA columns:
# 483-497
name=unknown_A
#
# <colnr> <probs for GDERKNQSTAVLIFYWHMCP>
#	G	D	E	R	K	N	Q	S	T	A	V	L	I	F	Y	W	H	M	C	P
0	0.19013	0.15995	0.08331	0.01307	0.05520	0.07772	0.03275	0.11253	0.03696	0.04993	0.01648	0.07181	0.06104	0.00766	0.00537	0.00182	0.00638	0.00589	0.00414	0.00785
1	0.07754	0.03900	0.03970	0.10307	0.05448	0.00991	0.03103	0.03959	0.01228	0.04543	0.01695	0.10720	0.03238	0.05241	0.01065	0.15304	0.00580	0.05421	0.00389	0.11145
2	0.01559	0.25345	0.11636	0.01413	0.05047	0.06192	0.06098	0.10252	0.05255	0.03776	0.01652	0.07984	0.03542	0.00796	0.00569	0.00180	0.00683	0.04348	0.02869	0.00804
3	0.05271	0.00839	0.04164	0.00857	0.01060	0.00764	0.00689	0.01238	0.06242	0.01944	0.20752	0.14220	0.29411	0.01496	0.04152	0.00246	0.04402	0.01111	0.00547	0.00593
4	0.01182	0.01003	0.01171	0.00882	0.01354	0.00765	0.00693	0.01430	0.01268	0.01930	0.01655	0.08987	0.06200	0.00669	0.00503	0.00114	0.00434	0.00559	0.00396	0.68805
5	0.01601	0.01211	0.01631	0.12369	0.16661	0.01291	0.01215	0.17471	0.10341	0.09362	0.02107	0.12671	0.04947	0.00929	0.00650	0.00203	0.00603	0.03381	0.00507	0.00850
6	0.00876	0.00648	0.00945	0.00945	0.01041	0.00744	0.00717	0.01068	0.00972	0.01393	0.01675	0.02599	0.01615	0.13565	0.67203	0.00936	0.01513	0.00684	0.00333	0.00525
7	0.07599	0.04285	0.17496	0.07151	0.16905	0.04916	0.08695	0.05457	0.14809	0.02150	0.01360	0.01549	0.01043	0.00629	0.00613	0.00191	0.02097	0.00538	0.00371	0.02145
8	0.01519	0.01380	0.02381	0.18547	0.20578	0.01432	0.21127	0.07661	0.07541	0.05922	0.04711	0.01808	0.01254	0.00634	0.00647	0.00197	0.00775	0.00636	0.00390	0.00859
9	0.01442	0.01291	0.08775	0.01786	0.20605	0.01129	0.01200	0.09195	0.08046	0.08782	0.13940	0.12530	0.03694	0.00940	0.00645	0.00196	0.00552	0.00825	0.03602	0.00825
10	0.01090	0.00873	0.01034	0.03772	0.04931	0.03700	0.00718	0.06331	0.01218	0.01606	0.04446	0.05678	0.09134	0.35996	0.11010	0.00474	0.04226	0.02813	0.00410	0.00540
11	0.03791	0.01546	0.09790	0.01568	0.10928	0.04750	0.03305	0.18195	0.11522	0.06636	0.09036	0.02300	0.07934	0.02241	0.00665	0.00195	0.00619	0.00672	0.00503	0.03804
12	0.04419	0.15677	0.04219	0.02854	0.07251	0.06669	0.08232	0.07932	0.02609	0.02004	0.11416	0.07757	0.09417	0.01060	0.04085	0.00222	0.02275	0.00745	0.00426	0.00732
13	0.01424	0.01131	0.01241	0.01066	0.01371	0.08219	0.03976	0.05521	0.11164	0.09786	0.19950	0.05937	0.10900	0.00998	0.00644	0.00186	0.00504	0.03424	0.03352	0.09206
14	0.00968	0.03540	0.03696	0.00927	0.01090	0.04649	0.00709	0.01270	0.07723	0.01730	0.08639	0.38378	0.14037	0.05577	0.00847	0.00243	0.00447	0.04413	0.00535	0.00581

[dist]
# distance from previous block
# <min> <max>
8	20

[block]
# block no. 1 follows, 37 sequences, length 13
# corresponding to MSA columns:
# 526-538
name=unknown_B
#
# <colnr> <probs for GDERKNQSTAVLIFYWHMCP>
#	G	D	E	R	K	N	Q	S	T	A	V	L	I	F	Y	W	H	M	C	P
0	0.10796	0.09426	0.07538	0.18503	0.09926	0.03569	0.02974	0.06151	0.01410	0.08687	0.01376	0.01578	0.03603	0.00621	0.00544	0.00173	0.00669	0.00501	0.00375	0.11580
1	0.01676	0.03626	0.01720	0.04913	0.20566	0.10406	0.01179	0.09386	0.09112	0.09164	0.06650	0.02049	0.03731	0.05124	0.00737	0.00199	0.00649	0.00608	0.00454	0.08052
2	0.01537	0.01322	0.01857	0.27431	0.21960	0.04649	0.01450	0.08928	0.07626	0.06546	0.01431	0.04743	0.01148	0.00678	0.00605	0.00188	0.00702	0.00592	0.00394	0.06213
3	0.04577	0.01314	0.01657	0.09132	0.05710	0.04495	0.06602	0.11046	0.07218	0.07300	0.03937	0.01610	0.01196	0.00607	0.00555	0.00154	0.00609	0.00513	0.00436	0.31331
4	0.01557	0.04783	0.02147	0.10245	0.36772	0.01371	0.05498	0.01982	0.06001	0.09915	0.03577	0.01938	0.01307	0.00679	0.00666	0.00190	0.03497	0.03714	0.00392	0.03772
5	0.01643	0.01396	0.01534	0.04731	0.04303	0.13855	0.05529	0.10841	0.01590	0.09853	0.01732	0.08743	0.01582	0.05930	0.03363	0.00234	0.00714	0.06992	0.00455	0.14980
6	0.01755	0.01410	0.01421	0.04634	0.01642	0.11823	0.01000	0.16658	0.15631	0.09626	0.01925	0.08200	0.01615	0.00902	0.00713	0.00198	0.06196	0.04268	0.09566	0.00816
7	0.01141	0.00571	0.00571	0.00571	0.00713	0.00571	0.00428	0.01426	0.01284	0.02282	0.01997	0.02282	0.01569	0.00713	0.00428	0.00143	0.00285	0.00571	0.81886	0.00571
8	0.00918	0.00584	0.00688	0.00688	0.00688	0.00584	0.00397	0.00875	0.00875	0.01167	0.01790	0.03663	0.02040	0.66283	0.03000	0.13635	0.00584	0.00833	0.00354	0.00354
9	0.02287	0.02917	0.01735	0.01577	0.01892	0.76030	0.01183	0.02444	0.01735	0.01498	0.00946	0.01104	0.00788	0.00631	0.00552	0.00158	0.01104	0.00394	0.00315	0.00710
10	0.01141	0.00571	0.00571	0.00571	0.00713	0.00571	0.00428	0.01426	0.01284	0.02282	0.01997	0.02282	0.01569	0.00713	0.00428	0.00143	0.00285	0.00571	0.81886	0.00571
11	0.40697	0.12565	0.05558	0.01000	0.01378	0.08903	0.00874	0.04946	0.01273	0.02280	0.01261	0.08045	0.01152	0.00738	0.00473	0.00184	0.00579	0.02754	0.04647	0.00693
12	0.38032	0.07907	0.05010	0.01249	0.07195	0.01483	0.00987	0.16191	0.01540	0.05253	0.03697	0.03444	0.01192	0.00710	0.00506	0.00189	0.00567	0.03620	0.00441	0.00788

[dist]
# distance from previous block
# <min> <max>
0	1

[block]
# block no. 2 follows, 37 sequences, length 24
# corresponding to MSA columns:
# 540-563
name=unknown_C
#
# <colnr> <probs for GDERKNQSTAVLIFYWHMCP>
#	G	D	E	R	K	N	Q	S	T	A	V	L	I	F	Y	W	H	M	C	P
0	0.12021	0.23558	0.16955	0.01280	0.01799	0.17210	0.01248	0.07163	0.01487	0.07303	0.01125	0.01238	0.00871	0.00603	0.00496	0.00165	0.00754	0.00414	0.03503	0.00807
1	0.01339	0.01339	0.01875	0.01607	0.01607	0.01875	0.01339	0.01473	0.00937	0.01473	0.00804	0.01339	0.00804	0.01071	0.02009	0.00268	0.77367	0.00536	0.00268	0.00670
2	0.04777	0.01680	0.02014	0.01590	0.02003	0.15707	0.18777	0.20288	0.05469	0.08140	0.01584	0.07258	0.01324	0.05627	0.00790	0.00217	0.00788	0.00676	0.00465	0.00825
3	0.00785	0.00582	0.00742	0.00854	0.00944	0.00539	0.00623	0.00933	0.01261	0.01630	0.03932	0.50298	0.18456	0.01801	0.00781	0.00246	0.00384	0.14129	0.00567	0.00513
4	0.01416	0.01266	0.01966	0.39431	0.22111	0.01454	0.01617	0.11618	0.01496	0.02010	0.01252	0.01830	0.01024	0.00690	0.00694	0.00203	0.04699	0.04082	0.00343	0.00800
5	0.01583	0.49337	0.23925	0.01302	0.01915	0.09516	0.01412	0.01925	0.01307	0.01590	0.00932	0.01084	0.00783	0.00551	0.00463	0.00152	0.00772	0.00370	0.00266	0.00812
6	0.01141	0.00571	0.00571	0.00571	0.00713	0.00571	0.00428	0.01426	0.01284	0.02282	0.01997	0.02282	0.01569	0.00713	0.00428	0.00143	0.00285	0.00571	0.81886	0.00571
7	0.01327	0.03131	0.01501	0.01286	0.09018	0.01028	0.02689	0.01813	0.11197	0.02075	0.04116	0.01563	0.01230	0.00549	0.00508	0.00124	0.00499	0.00463	0.00400	0.55481
8	0.01331	0.01541	0.14666	0.04811	0.24726	0.01232	0.13112	0.01771	0.03698	0.04618	0.01712	0.08820	0.01591	0.04752	0.00791	0.00228	0.00738	0.08675	0.00379	0.00811
9	0.01269	0.01088	0.01269	0.00907	0.01451	0.00816	0.00725	0.01541	0.01269	0.01995	0.01088	0.01269	0.00907	0.00453	0.00453	0.00091	0.00453	0.00363	0.00363	0.82229
10	0.01213	0.01148	0.01865	0.43479	0.21531	0.01330	0.01575	0.01558	0.01263	0.01678	0.01665	0.02065	0.09261	0.00740	0.00738	0.00204	0.07011	0.00629	0.00313	0.00734
11	0.02067	0.28552	0.02232	0.01398	0.01784	0.51182	0.01137	0.02238	0.01569	0.01479	0.00914	0.01063	0.00787	0.00595	0.00498	0.00149	0.00952	0.00372	0.00297	0.00735
12	0.01365	0.01387	0.06249	0.07549	0.01893	0.11732	0.11484	0.01639	0.01312	0.06349	0.03062	0.07113	0.03224	0.08861	0.10446	0.00344	0.06325	0.07165	0.00390	0.02112
13	0.02165	0.01371	0.04410	0.01547	0.10110	0.06795	0.04763	0.07371	0.07238	0.38214	0.04143	0.05855	0.01589	0.00783	0.00626	0.00191	0.00622	0.00664	0.00597	0.00945
14	0.01505	0.01597	0.09145	0.26772	0.17043	0.09774	0.08750	0.01890	0.01413	0.07753	0.05801	0.01734	0.01218	0.00650	0.00648	0.00193	0.02386	0.00578	0.00350	0.00799
15	0.00732	0.00620	0.00633	0.00630	0.00832	0.00521	0.00472	0.00896	0.01416	0.01704	0.10478	0.05808	0.70112	0.01532	0.00723	0.00206	0.00309	0.01280	0.00575	0.00521
16	0.04268	0.04880	0.07074	0.05597	0.04321	0.29541	0.01252	0.19454	0.06733	0.05092	0.01372	0.01657	0.01095	0.00716	0.00586	0.00181	0.00831	0.04084	0.00431	0.00836
17	0.01552	0.01767	0.20846	0.13709	0.21278	0.01336	0.08146	0.05478	0.01471	0.12208	0.01588	0.01791	0.04752	0.00653	0.00619	0.00193	0.00761	0.00586	0.00380	0.00886
18	0.01994	0.01947	0.01968	0.06216	0.22722	0.31824	0.04902	0.02259	0.01587	0.13963	0.01354	0.01648	0.01068	0.00659	0.00600	0.00179	0.00861	0.03018	0.00392	0.00838
19	0.01237	0.01170	0.01982	0.60546	0.20055	0.01381	0.01740	0.01635	0.01262	0.01662	0.01102	0.01606	0.00851	0.00597	0.00611	0.00199	0.00796	0.00544	0.00279	0.00745
20	0.01453	0.01454	0.04484	0.08625	0.38733	0.03223	0.13083	0.05408	0.03621	0.02025	0.01474	0.04876	0.01308	0.00718	0.00651	0.00199	0.00760	0.06681	0.00358	0.00866
21	0.05660	0.05727	0.25290	0.01946	0.17973	0.05402	0.05985	0.01897	0.01381	0.08374	0.03676	0.02049	0.03979	0.03707	0.00698	0.00207	0.00747	0.04098	0.00368	0.00835
22	0.00966	0.00718	0.00922	0.03282	0.03444	0.00781	0.00629	0.01043	0.00972	0.01323	0.01866	0.03737	0.02071	0.54684	0.08077	0.00542	0.07452	0.06666	0.00369	0.00456
23	0.01439	0.01189	0.01547	0.02732	0.05577	0.07792	0.10057	0.08314	0.04668	0.07848	0.02340	0.10974	0.04928	0.07800	0.02769	0.00272	0.00687	0.17865	0.00491	0.00710

[dist]
# distance from previous block
# <min> <max>
8	65

[block]
# block no. 3 follows, 37 sequences, length 13
# corresponding to MSA columns:
# 637-649
name=unknown_D
#
# <colnr> <probs for GDERKNQSTAVLIFYWHMCP>
#	G	D	E	R	K	N	Q	S	T	A	V	L	I	F	Y	W	H	M	C	P
0	0.03617	0.22531	0.42522	0.01607	0.06332	0.04878	0.01749	0.04039	0.01345	0.01875	0.01035	0.01213	0.00799	0.00566	0.00524	0.00171	0.00804	0.00419	0.00282	0.03692
1	0.01517	0.02184	0.27629	0.02034	0.04589	0.05180	0.29261	0.08344	0.01515	0.04007	0.01202	0.01467	0.00890	0.00593	0.00696	0.00195	0.04195	0.00571	0.00331	0.03598
2	0.01293	0.01341	0.05771	0.45274	0.27064	0.01404	0.05713	0.01707	0.01295	0.01747	0.01118	0.01578	0.00870	0.00583	0.00615	0.00196	0.00803	0.00550	0.00284	0.00794
3	0.00956	0.00734	0.00807	0.00807	0.00853	0.04818	0.00524	0.01024	0.00976	0.01283	0.01885	0.07666	0.02078	0.51576	0.20838	0.00646	0.00866	0.00853	0.00368	0.00440
4	0.29374	0.10574	0.01626	0.01119	0.01572	0.04954	0.03296	0.17434	0.01656	0.16093	0.01307	0.01342	0.00947	0.00628	0.00499	0.00174	0.00594	0.00449	0.00480	0.05880
5	0.01388	0.01481	0.06361	0.07778	0.28287	0.01646	0.04743	0.01674	0.01165	0.01718	0.00985	0.01434	0.00868	0.00797	0.01265	0.00225	0.36560	0.00543	0.00282	0.00799
6	0.00853	0.00602	0.00723	0.00745	0.00796	0.00600	0.00485	0.00926	0.01020	0.01348	0.02648	0.13227	0.11422	0.46328	0.12614	0.00546	0.00673	0.03587	0.00421	0.00436
7	0.01291	0.01152	0.01750	0.12989	0.33094	0.01197	0.01343	0.04819	0.07570	0.02123	0.16421	0.02645	0.09361	0.00829	0.00644	0.00192	0.00588	0.00745	0.00440	0.00807
8	0.01402	0.01084	0.01283	0.00923	0.01461	0.00824	0.00741	0.01671	0.01313	0.08556	0.01207	0.01342	0.00961	0.00481	0.00468	0.00100	0.00459	0.00385	0.00398	0.74942
9	0.82811	0.01184	0.00900	0.00805	0.01184	0.01373	0.00663	0.01799	0.01042	0.02746	0.00852	0.00994	0.00663	0.00568	0.00379	0.00189	0.00474	0.00331	0.00379	0.00663
10	0.01200	0.01087	0.01778	0.10909	0.14310	0.02982	0.14510	0.01544	0.01535	0.04105	0.30374	0.03080	0.08160	0.00907	0.00682	0.00195	0.00597	0.00852	0.00479	0.00715
11	0.00771	0.00607	0.00688	0.00719	0.00868	0.00536	0.00526	0.00932	0.01363	0.01718	0.13618	0.20444	0.43164	0.05975	0.00879	0.00240	0.00348	0.05519	0.00570	0.00515
12	0.02280	0.01691	0.01811	0.01399	0.01881	0.01877	0.01152	0.68614	0.06968	0.03783	0.01529	0.01517	0.01089	0.00740	0.00613	0.00185	0.00663	0.00559	0.00613	0.01037

[dist]
# distance from previous block
# <min> <max>
0	2

[block]
# block no. 4 follows, 37 sequences, length 36
# corresponding to MSA columns:
# 668-678,686-710
name=unknown_E
#
# <colnr> <probs for GDERKNQSTAVLIFYWHMCP>
#	G	D	E	R	K	N	Q	S	T	A	V	L	I	F	Y	W	H	M	C	P
0	0.03567	0.16287	0.21653	0.01656	0.07139	0.05802	0.08684	0.09706	0.05572	0.03777	0.01197	0.01362	0.00924	0.00602	0.00591	0.00174	0.02879	0.00480	0.00353	0.07596
1	0.03618	0.05991	0.40011	0.02072	0.16606	0.07755	0.05225	0.02024	0.03954	0.03704	0.01160	0.01371	0.00877	0.00597	0.00611	0.00188	0.02561	0.00484	0.00303	0.00886
2	0.00790	0.00577	0.00748	0.00875	0.00928	0.00555	0.00591	0.00988	0.05254	0.01619	0.03324	0.73813	0.03926	0.01856	0.00772	0.00246	0.00362	0.01681	0.00571	0.00524
3	0.01230	0.01178	0.02093	0.44566	0.08809	0.01322	0.15170	0.03870	0.01313	0.01738	0.01328	0.06983	0.01127	0.00939	0.05504	0.00255	0.00867	0.00669	0.00317	0.00720
4	0.03781	0.19773	0.17109	0.10610	0.05070	0.06276	0.03411	0.09695	0.03161	0.05830	0.01143	0.01350	0.00889	0.00654	0.00694	0.00185	0.08718	0.00473	0.00346	0.00831
5	0.02746	0.01042	0.01421	0.01089	0.01563	0.00900	0.00900	0.02983	0.01752	0.75093	0.02415	0.02083	0.01515	0.00758	0.00616	0.00189	0.00521	0.00616	0.00758	0.01042
6	0.00780	0.00557	0.00750	0.00892	0.00942	0.00527	0.00628	0.00912	0.01206	0.01601	0.03355	0.67882	0.03973	0.01885	0.00791	0.00253	0.00385	0.11605	0.00568	0.00507
7	0.77408	0.01300	0.00956	0.00857	0.01231	0.06383	0.00698	0.01843	0.01088	0.02663	0.00859	0.01002	0.00671	0.00572	0.00390	0.00187	0.00516	0.00336	0.00375	0.00666
8	0.00784	0.00591	0.00738	0.00791	0.00906	0.00545	0.00572	0.00958	0.01356	0.01788	0.19690	0.34948	0.23236	0.01812	0.05001	0.00268	0.00410	0.04502	0.00578	0.00526
9	0.06240	0.05045	0.06283	0.16034	0.10020	0.01502	0.03264	0.14921	0.17610	0.03879	0.01565	0.01819	0.01215	0.00940	0.05311	0.00244	0.00731	0.02078	0.00441	0.00859
10	0.03593	0.18980	0.14340	0.16341	0.09656	0.01643	0.04007	0.11736	0.03135	0.02053	0.01246	0.03951	0.01038	0.00657	0.00560	0.00180	0.00724	0.01986	0.00349	0.03827
11	0.10333	0.12614	0.03569	0.05752	0.10626	0.34227	0.01238	0.07640	0.01571	0.01877	0.01013	0.01223	0.00835	0.00708	0.02310	0.00187	0.02745	0.00428	0.00332	0.00770
12	0.01521	0.09561	0.23208	0.01964	0.04856	0.07575	0.27231	0.05427	0.08858	0.02019	0.01275	0.01494	0.00964	0.00588	0.00618	0.00190	0.00883	0.00565	0.00337	0.00864
13	0.00836	0.00570	0.00737	0.00830	0.00906	0.00523	0.00568	0.00964	0.01253	0.04575	0.08935	0.61043	0.10719	0.03433	0.00815	0.00245	0.00358	0.01586	0.00580	0.00524
14	0.01269	0.01088	0.01269	0.00907	0.01451	0.00816	0.00725	0.01541	0.01269	0.01995	0.01088	0.01269	0.00907	0.00453	0.00453	0.00091	0.00453	0.00363	0.00363	0.82229
15	0.01071	0.00893	0.01159	0.12283	0.01634	0.00832	0.00823	0.01293	0.01211	0.01734	0.03886	0.17827	0.04173	0.09004	0.00911	0.00212	0.03577	0.02961	0.00410	0.34107
16	0.01047	0.00891	0.01183	0.01083	0.01114	0.01108	0.00819	0.01146	0.00960	0.01372	0.01726	0.04736	0.05682	0.30180	0.14534	0.00502	0.30290	0.00760	0.00340	0.00526
17	0.00781	0.00619	0.00681	0.00667	0.00835	0.00542	0.00487	0.00958	0.01438	0.01831	0.25012	0.05323	0.47525	0.09458	0.00972	0.00243	0.00333	0.01198	0.00578	0.00519
18	0.00874	0.00656	0.00984	0.00984	0.01093	0.00765	0.00765	0.01093	0.00984	0.01421	0.01640	0.02405	0.01530	0.04591	0.76062	0.00984	0.01640	0.00656	0.00328	0.00547
19	0.01239	0.01201	0.02128	0.51699	0.16396	0.01366	0.10554	0.01641	0.01280	0.01691	0.01210	0.04676	0.00987	0.00640	0.00632	0.00202	0.00809	0.00615	0.00294	0.00742
20	0.00986	0.00705	0.00986	0.01127	0.01268	0.00705	0.00986	0.01268	0.01409	0.01832	0.03241	0.06905	0.03523	0.01691	0.00845	0.00282	0.00564	0.70549	0.00564	0.00564
21	0.01156	0.01088	0.01836	0.77016	0.04216	0.01360	0.01700	0.01564	0.01224	0.01564	0.01088	0.01632	0.00816	0.00612	0.00612	0.00204	0.00816	0.00544	0.00272	0.00680
22	0.01148	0.01169	0.08653	0.01368	0.04697	0.00981	0.12672	0.05851	0.05700	0.02053	0.13232	0.13873	0.11411	0.01160	0.00775	0.04096	0.00568	0.05891	0.04019	0.00683
23	0.00810	0.00595	0.00797	0.00892	0.00933	0.00605	0.00619	0.00924	0.01125	0.01518	0.02944	0.57245	0.03462	0.09977	0.07784	0.00352	0.04154	0.04255	0.00512	0.00499
24	0.78502	0.01198	0.00984	0.00961	0.05079	0.01378	0.00727	0.01804	0.01060	0.02707	0.00868	0.01022	0.00679	0.00567	0.00391	0.00189	0.00487	0.00343	0.00375	0.00679
25	0.00874	0.00656	0.00984	0.00984	0.01093	0.00765	0.00765	0.01093	0.00984	0.01421	0.01640	0.02405	0.01530	0.04591	0.76062	0.00984	0.01640	0.00656	0.00328	0.00547
26	0.01269	0.01088	0.01269	0.00907	0.01451	0.00816	0.00725	0.01541	0.01269	0.01995	0.01088	0.01269	0.00907	0.00453	0.00453	0.00091	0.00453	0.00363	0.00363	0.82229
27	0.01269	0.01088	0.01269	0.00907	0.01451	0.00816	0.00725	0.01541	0.01269	0.01995	0.01088	0.01269	0.00907	0.00453	0.00453	0.00091	0.00453	0.00363	0.00363	0.82229
28	0.74052	0.01168	0.00957	0.00836	0.01225	0.01321	0.00689	0.01929	0.01119	0.10661	0.01023	0.01114	0.00756	0.00589	0.00405	0.00189	0.00479	0.00363	0.00420	0.00704
29	0.01061	0.00580	0.00863	0.00851	0.00859	0.00614	0.00588	0.00853	0.00819	0.01111	0.01097	0.01879	0.01088	0.02272	0.08224	0.71858	0.04263	0.00542	0.00271	0.00307
30	0.00766	0.00554	0.00737	0.00860	0.00915	0.00524	0.00594	0.00894	0.01198	0.01596	0.05351	0.65647	0.06888	0.02015	0.04771	0.00286	0.00429	0.04909	0.00558	0.00506
31	0.01291	0.02263	0.41156	0.02135	0.22210	0.01317	0.01856	0.03989	0.01386	0.02011	0.04135	0.04079	0.04620	0.00683	0.00602	0.00188	0.00761	0.00581	0.00326	0.04412
32	0.01392	0.18135	0.49586	0.04352	0.02391	0.03974	0.01877	0.04967	0.01348	0.01875	0.01047	0.01246	0.00792	0.00600	0.00605	0.00183	0.04053	0.00437	0.00277	0.00862
33	0.02572	0.01052	0.01392	0.01081	0.01534	0.00937	0.00888	0.05885	0.03664	0.65509	0.04037	0.02274	0.04649	0.00802	0.00622	0.00190	0.00513	0.00653	0.00738	0.01008
34	0.01350	0.01883	0.24020	0.19320	0.37689	0.01424	0.01953	0.01827	0.01326	0.01885	0.01122	0.01475	0.00878	0.00571	0.00600	0.00190	0.00800	0.00517	0.00283	0.00886
35	0.00920	0.03254	0.01132	0.01132	0.06982	0.00742	0.05251	0.01137	0.01398	0.01842	0.18997	0.22099	0.23043	0.03790	0.00799	0.00226	0.00432	0.05698	0.00537	0.00588

[dist]
# distance from previous block
# <min> <max>
0	3

[block]
# block no. 5 follows, 37 sequences, length 15
# corresponding to MSA columns:
# 714-728
name=unknown_F
#
# <colnr> <probs for GDERKNQSTAVLIFYWHMCP>
#	G	D	E	R	K	N	Q	S	T	A	V	L	I	F	Y	W	H	M	C	P
0	0.02279	0.01616	0.01762	0.01346	0.01839	0.01740	0.01110	0.61935	0.02671	0.09172	0.01513	0.01502	0.01067	0.00715	0.00601	0.00177	0.00645	0.00542	0.00605	0.07163
1	0.69413	0.01382	0.01046	0.00921	0.01302	0.08208	0.00748	0.07199	0.01243	0.02717	0.00907	0.01040	0.00703	0.00586	0.00412	0.00186	0.00546	0.00354	0.00391	0.00696
2	0.00752	0.00565	0.00700	0.00804	0.00891	0.00513	0.00562	0.00881	0.01244	0.01601	0.04126	0.55066	0.22911	0.01808	0.00769	0.00239	0.00354	0.05141	0.00568	0.00506
3	0.01863	0.04675	0.07318	0.01336	0.01752	0.10685	0.04977	0.17238	0.11166	0.15411	0.05682	0.07852	0.01774	0.00875	0.00633	0.00195	0.00662	0.04499	0.00542	0.00867
4	0.00801	0.00574	0.00754	0.00877	0.00939	0.00544	0.00626	0.00934	0.01206	0.01589	0.03386	0.55388	0.07482	0.07719	0.00969	0.00279	0.00410	0.14470	0.00552	0.00501
5	0.00870	0.00621	0.00794	0.00794	0.00856	0.00658	0.00541	0.00973	0.00970	0.01322	0.02162	0.03500	0.07893	0.41624	0.33044	0.00723	0.01002	0.00827	0.00369	0.00455
6	0.04087	0.45965	0.02494	0.01183	0.01623	0.21314	0.01047	0.07359	0.01513	0.01721	0.03806	0.01323	0.03062	0.00625	0.00472	0.00148	0.00744	0.00418	0.00330	0.00767
7	0.19011	0.03223	0.12130	0.01279	0.05408	0.01354	0.01101	0.19700	0.01684	0.11518	0.01933	0.02054	0.09625	0.04723	0.00727	0.00211	0.02416	0.00596	0.00480	0.00827
8	0.10217	0.17336	0.09361	0.01727	0.15256	0.07298	0.02972	0.08194	0.08502	0.07440	0.01415	0.01526	0.02936	0.00652	0.00577	0.00178	0.02653	0.00502	0.00396	0.00862
9	0.50844	0.11135	0.01386	0.06754	0.01551	0.03693	0.00854	0.07671	0.01308	0.05523	0.03738	0.01263	0.00952	0.00615	0.00445	0.00182	0.00553	0.00408	0.00400	0.00725
10	0.05673	0.09785	0.02030	0.07568	0.22033	0.12928	0.03002	0.11556	0.02778	0.10112	0.02708	0.01715	0.02435	0.00673	0.00580	0.00180	0.00726	0.02239	0.00416	0.00863
11	0.04238	0.05706	0.12566	0.05126	0.03605	0.05651	0.01181	0.11952	0.07558	0.21419	0.09858	0.03081	0.01713	0.00761	0.00598	0.00185	0.00626	0.00612	0.00530	0.03036
12	0.01381	0.31698	0.14476	0.01182	0.01659	0.01631	0.03778	0.05408	0.08515	0.02000	0.16930	0.02190	0.05232	0.00774	0.00555	0.00171	0.00602	0.00618	0.00417	0.00782
13	0.15976	0.07320	0.07827	0.04279	0.01787	0.05293	0.06204	0.15482	0.04970	0.05995	0.04927	0.06770	0.01459	0.00968	0.04435	0.00229	0.00696	0.02009	0.00450	0.02925
14	0.06634	0.09028	0.14728	0.01509	0.03510	0.14195	0.08046	0.09052	0.02795	0.05321	0.01370	0.07359	0.01183	0.01043	0.06366	0.00250	0.05855	0.00594	0.00377	0.00787

[dist]
# distance from previous block
# <min> <max>
2	18

[block]
# block no. 6 follows, 37 sequences, length 19
# corresponding to MSA columns:
# 747-765
name=unknown_G
#
# <colnr> <probs for GDERKNQSTAVLIFYWHMCP>
#	G	D	E	R	K	N	Q	S	T	A	V	L	I	F	Y	W	H	M	C	P
0	0.01421	0.01594	0.10398	0.16333	0.28562	0.04652	0.08299	0.03218	0.07786	0.01982	0.03283	0.01673	0.01135	0.00623	0.00633	0.00189	0.02084	0.00570	0.02880	0.02687
1	0.03293	0.18614	0.06485	0.04142	0.01500	0.01342	0.00944	0.09154	0.05845	0.02092	0.16484	0.04270	0.09735	0.04589	0.00746	0.00199	0.02646	0.02111	0.00462	0.05347
2	0.05087	0.06699	0.02118	0.02072	0.21035	0.10211	0.09756	0.10711	0.15303	0.06398	0.01533	0.03754	0.01216	0.00679	0.00600	0.00186	0.00717	0.00592	0.00437	0.00897
3	0.00921	0.06810	0.01076	0.00907	0.01043	0.00834	0.00701	0.01112	0.01095	0.01510	0.08532	0.05983	0.06503	0.11796	0.47554	0.00724	0.01191	0.00780	0.00383	0.00545
4	0.01661	0.60683	0.07771	0.01357	0.07440	0.09134	0.01206	0.01900	0.01305	0.01523	0.00900	0.01056	0.00800	0.00539	0.00437	0.00142	0.00719	0.00359	0.00270	0.00801
5	0.00957	0.00920	0.06051	0.01094	0.06905	0.00755	0.00802	0.01290	0.05503	0.01957	0.22514	0.16546	0.19271	0.03446	0.03242	0.00235	0.00457	0.01070	0.00530	0.06455
6	0.05393	0.09091	0.10653	0.07551	0.12255	0.03472	0.01387	0.32709	0.04963	0.04756	0.01322	0.01442	0.00983	0.00656	0.00576	0.00182	0.00707	0.00511	0.00455	0.00936
7	0.04124	0.01357	0.02264	0.06605	0.63367	0.01372	0.01727	0.01781	0.01357	0.01971	0.01314	0.07545	0.01196	0.00657	0.00613	0.00188	0.00693	0.00633	0.00325	0.00910
8	0.00749	0.00588	0.00662	0.00710	0.00839	0.00518	0.00498	0.00880	0.01289	0.01613	0.07253	0.30904	0.41760	0.07739	0.00932	0.00251	0.00347	0.01410	0.00556	0.00501
9	0.00808	0.00647	0.00760	0.00742	0.00908	0.00599	0.00563	0.01013	0.01475	0.01924	0.29900	0.08014	0.40304	0.01560	0.03625	0.00237	0.03047	0.02743	0.00586	0.00545
10	0.01701	0.33744	0.22204	0.01541	0.07692	0.10669	0.01457	0.07258	0.01474	0.05499	0.01077	0.01214	0.00853	0.00581	0.00507	0.00162	0.00776	0.00417	0.00321	0.00855
11	0.00879	0.00637	0.00891	0.00891	0.00968	0.00714	0.00649	0.01033	0.00956	0.01352	0.01725	0.02877	0.01735	0.26391	0.54542	0.00869	0.01331	0.00725	0.00341	0.00495
12	0.01238	0.01061	0.01232	0.00890	0.01415	0.00799	0.00711	0.01504	0.01276	0.01975	0.01378	0.01532	0.05081	0.00516	0.00469	0.00097	0.00445	0.00415	0.00374	0.77589
13	0.82811	0.01184	0.00900	0.00805	0.01184	0.01373	0.00663	0.01799	0.01042	0.02746	0.00852	0.00994	0.00663	0.00568	0.00379	0.00189	0.00474	0.00331	0.00379	0.00663
14	0.00889	0.00597	0.00683	0.00683	0.00689	0.00602	0.00391	0.00900	0.00895	0.01199	0.01914	0.03926	0.02191	0.74782	0.06774	0.00613	0.00646	0.00878	0.00369	0.00380
15	0.02236	0.02812	0.01712	0.01555	0.01873	0.71114	0.01169	0.02498	0.06474	0.01568	0.01048	0.01182	0.00860	0.00644	0.00557	0.00161	0.01063	0.00414	0.00336	0.00727
16	0.00981	0.00830	0.04427	0.00875	0.01095	0.00717	0.02652	0.03253	0.04739	0.02302	0.43593	0.04188	0.14488	0.01170	0.00682	0.00193	0.00370	0.03603	0.09222	0.00619
17	0.03121	0.06850	0.03076	0.01064	0.01509	0.04262	0.02542	0.11270	0.01493	0.03688	0.01572	0.03387	0.05268	0.00978	0.05915	0.02446	0.00629	0.02184	0.00409	0.38337
18	0.01486	0.00994	0.01155	0.00960	0.01311	0.02478	0.00741	0.05334	0.07180	0.15606	0.06524	0.15077	0.04753	0.04104	0.00698	0.00184	0.00463	0.00787	0.02731	0.27433

[dist]
# distance from previous block
# <min> <max>
0	1

[block]
# block no. 7 follows, 37 sequences, length 6
# corresponding to MSA columns:
# 767-772
name=unknown_H
#
# <colnr> <probs for GDERKNQSTAVLIFYWHMCP>
#	G	D	E	R	K	N	Q	S	T	A	V	L	I	F	Y	W	H	M	C	P
0	0.01538	0.01682	0.14414	0.05813	0.08114	0.04344	0.05934	0.09648	0.06764	0.05697	0.01294	0.01471	0.00990	0.00605	0.00628	0.00164	0.04244	0.00493	0.00390	0.25773
1	0.32622	0.04656	0.08196	0.06046	0.05282	0.11475	0.07903	0.04122	0.01301	0.02193	0.00986	0.01213	0.00780	0.00594	0.00570	0.00182	0.04426	0.00430	0.00339	0.06684
2	0.05625	0.00761	0.00874	0.00853	0.01029	0.00791	0.00648	0.01414	0.11731	0.01918	0.14122	0.03951	0.18295	0.11158	0.14253	0.00390	0.00629	0.06512	0.04451	0.00594
3	0.01049	0.00920	0.02860	0.07352	0.10200	0.00884	0.02506	0.03562	0.01369	0.01853	0.14982	0.08942	0.17154	0.09167	0.03139	0.02021	0.03524	0.03009	0.00463	0.05043
4	0.01573	0.67003	0.14500	0.01157	0.01740	0.02265	0.01238	0.01849	0.01251	0.01518	0.00890	0.01031	0.00784	0.00533	0.00422	0.00141	0.00694	0.00347	0.00261	0.00804
5	0.01501	0.27001	0.35077	0.01566	0.07353	0.06536	0.01619	0.01944	0.01330	0.04566	0.01115	0.01284	0.00867	0.00578	0.00514	0.00167	0.00775	0.00428	0.04935	0.00845

[dist]
# distance from previous block
# <min> <max>
1	4

[block]
# block no. 8 follows, 37 sequences, length 25
# corresponding to MSA columns:
# 777-786,789-803
name=unknown_I
#
# <colnr> <probs for GDERKNQSTAVLIFYWHMCP>
#	G	D	E	R	K	N	Q	S	T	A	V	L	I	F	Y	W	H	M	C	P
0	0.33435	0.06925	0.01475	0.01235	0.04456	0.19220	0.03422	0.07186	0.01353	0.02132	0.00979	0.01230	0.00812	0.00823	0.00761	0.12429	0.00691	0.00415	0.00351	0.00670
1	0.07222	0.01038	0.01088	0.00972	0.01199	0.04624	0.00745	0.19056	0.01755	0.02477	0.22278	0.08873	0.02927	0.12280	0.01002	0.00253	0.00504	0.05290	0.05748	0.00668
2	0.01332	0.01053	0.01238	0.01032	0.04629	0.00894	0.00772	0.09253	0.01521	0.05469	0.05789	0.02445	0.16235	0.00765	0.00553	0.00138	0.00455	0.00629	0.00462	0.45333
3	0.04308	0.01303	0.07370	0.01064	0.01606	0.00993	0.02960	0.06068	0.04113	0.06939	0.01435	0.01545	0.03658	0.00561	0.00505	0.00127	0.00521	0.00454	0.00412	0.54058
4	0.00968	0.00819	0.03787	0.03261	0.01381	0.00757	0.04387	0.01239	0.01329	0.01756	0.05495	0.12228	0.06811	0.05478	0.07409	0.00338	0.00658	0.40821	0.00507	0.00573
5	0.01626	0.04526	0.02729	0.05645	0.02609	0.04650	0.39753	0.12303	0.06972	0.05477	0.01519	0.04655	0.01214	0.00677	0.00675	0.00201	0.00856	0.02660	0.00410	0.00844
6	0.03782	0.12915	0.15295	0.06065	0.07374	0.03502	0.01249	0.08263	0.04133	0.06678	0.01573	0.06382	0.03797	0.03093	0.01941	0.03104	0.01824	0.00591	0.00391	0.08049
7	0.01390	0.01367	0.04743	0.13004	0.04655	0.07973	0.09654	0.07434	0.01421	0.03275	0.04928	0.04681	0.04966	0.03910	0.03763	0.00250	0.13409	0.02693	0.05775	0.00708
8	0.01407	0.10733	0.02317	0.01658	0.01924	0.04415	0.20462	0.04137	0.01226	0.01690	0.01188	0.04764	0.01114	0.07193	0.01356	0.00250	0.30184	0.00636	0.02638	0.00706
9	0.05129	0.01463	0.01790	0.03017	0.01869	0.04872	0.10887	0.38956	0.02122	0.02860	0.01731	0.13788	0.01564	0.03064	0.00747	0.01613	0.00680	0.02485	0.00520	0.00844
10	0.01406	0.01341	0.02250	0.11994	0.60184	0.01363	0.01737	0.01757	0.01374	0.01920	0.01575	0.01902	0.07225	0.00639	0.00617	0.00187	0.00702	0.00609	0.00322	0.00897
11	0.01416	0.20566	0.27215	0.01809	0.08776	0.04267	0.14348	0.03862	0.01373	0.01837	0.01348	0.06347	0.02877	0.00669	0.00580	0.00182	0.00802	0.00584	0.00312	0.00829
12	0.01628	0.04050	0.10071	0.04050	0.01684	0.11843	0.02727	0.02144	0.12525	0.16262	0.14942	0.04496	0.03607	0.04351	0.00743	0.00210	0.00626	0.02731	0.00524	0.00789
13	0.00931	0.00650	0.00851	0.00937	0.01019	0.00650	0.00728	0.01096	0.01194	0.01569	0.02739	0.11159	0.03047	0.29417	0.03516	0.00409	0.00585	0.38524	0.00489	0.00489
14	0.01275	0.00983	0.06941	0.01187	0.08990	0.00767	0.00871	0.01514	0.01445	0.16783	0.08504	0.16124	0.29692	0.01245	0.00687	0.00205	0.00451	0.01069	0.00561	0.00704
15	0.04850	0.04894	0.01883	0.15944	0.07477	0.05359	0.07350	0.16503	0.07326	0.14580	0.01546	0.03562	0.01165	0.00755	0.00677	0.03523	0.00696	0.00588	0.00469	0.00855
16	0.01352	0.01269	0.01540	0.03631	0.06657	0.11474	0.06541	0.07052	0.03360	0.01799	0.04913	0.02462	0.03389	0.05446	0.20796	0.03760	0.07961	0.05546	0.00384	0.00668
17	0.00816	0.00594	0.00805	0.00900	0.00957	0.00594	0.00642	0.00939	0.01178	0.01583	0.05863	0.54326	0.06091	0.02068	0.07378	0.03980	0.03438	0.06815	0.00526	0.00507
18	0.12305	0.01707	0.06959	0.01897	0.16833	0.09579	0.06538	0.19286	0.06048	0.07908	0.01424	0.01681	0.01103	0.00680	0.00590	0.00189	0.00721	0.03208	0.00449	0.00894
19	0.20191	0.03663	0.07544	0.01433	0.06840	0.05675	0.04015	0.12161	0.04022	0.04076	0.04055	0.01653	0.01178	0.00718	0.00702	0.00188	0.09102	0.03097	0.00410	0.09278
20	0.05021	0.03683	0.01783	0.08358	0.18125	0.21073	0.01267	0.06651	0.11476	0.03840	0.01415	0.04979	0.01180	0.00714	0.00632	0.00183	0.03598	0.00563	0.02305	0.03155
21	0.01479	0.01260	0.06405	0.01381	0.07673	0.06659	0.05545	0.08622	0.01499	0.11480	0.08657	0.07952	0.03138	0.16843	0.05794	0.00326	0.00705	0.03396	0.00473	0.00714
22	0.01525	0.01278	0.08993	0.01285	0.04020	0.03735	0.07619	0.01909	0.04183	0.18132	0.19912	0.02814	0.05361	0.00867	0.00639	0.00183	0.00561	0.04238	0.00535	0.12212
23	0.04827	0.12147	0.05769	0.01980	0.18692	0.02900	0.13500	0.05175	0.08594	0.04783	0.04443	0.04946	0.01512	0.03746	0.00708	0.00206	0.00696	0.04149	0.00403	0.00827
24	0.15639	0.12155	0.07556	0.01456	0.07531	0.03285	0.09511	0.03984	0.03894	0.11893	0.01388	0.04431	0.01126	0.03194	0.00621	0.00186	0.00644	0.00538	0.00409	0.10559

[dist]
# distance from previous block
# <min> <max>
3	44

[block]
# block no. 9 follows, 37 sequences, length 7
# corresponding to MSA columns:
# 868-874
name=unknown_J
#
# <colnr> <probs for GDERKNQSTAVLIFYWHMCP>
#	G	D	E	R	K	N	Q	S	T	A	V	L	I	F	Y	W	H	M	C	P
0	0.01353	0.04287	0.07207	0.06416	0.01547	0.06383	0.00935	0.06484	0.04149	0.09923	0.08136	0.18726	0.11830	0.04623	0.00770	0.00219	0.00551	0.02726	0.00510	0.03226
1	0.06977	0.11764	0.15256	0.08718	0.03952	0.05830	0.05703	0.13100	0.03421	0.09399	0.01575	0.05157	0.03164	0.00739	0.00584	0.00188	0.00715	0.02499	0.00421	0.00836
2	0.01475	0.04935	0.09898	0.01182	0.01602	0.07371	0.04803	0.08008	0.06753	0.08215	0.13621	0.05800	0.07554	0.00852	0.00605	0.00175	0.00580	0.00713	0.02791	0.13066
3	0.06596	0.04538	0.01312	0.01018	0.01367	0.01089	0.00821	0.12706	0.06897	0.27735	0.11889	0.04656	0.04207	0.03228	0.04077	0.00234	0.00540	0.00708	0.05540	0.00839
4	0.01515	0.53694	0.22445	0.01332	0.01964	0.02099	0.05992	0.01869	0.01270	0.01607	0.00942	0.01108	0.00792	0.00539	0.00464	0.00153	0.00746	0.00386	0.00264	0.00820
5	0.01014	0.00743	0.01014	0.01105	0.01286	0.00716	0.00961	0.01295	0.01395	0.01848	0.03028	0.06347	0.03264	0.01568	0.00807	0.00263	0.00553	0.63602	0.00544	0.08647
6	0.01378	0.31064	0.48738	0.01488	0.02252	0.01790	0.01814	0.01900	0.01274	0.01755	0.01007	0.01178	0.00779	0.00560	0.00512	0.00171	0.00812	0.00406	0.00260	0.00861

[dist]
# distance from previous block
# <min> <max>
12	149

[block]
# block no. 10 follows, 37 sequences, length 9
# corresponding to MSA columns:
# 1083-1091
name=unknown_K
#
# <colnr> <probs for GDERKNQSTAVLIFYWHMCP>
#	G	D	E	R	K	N	Q	S	T	A	V	L	I	F	Y	W	H	M	C	P
0	0.01040	0.01026	0.11536	0.01011	0.01257	0.00745	0.00877	0.01366	0.05891	0.07687	0.03297	0.41266	0.12987	0.01496	0.00725	0.00230	0.00463	0.05920	0.00542	0.00637
1	0.05668	0.05850	0.03687	0.01080	0.01289	0.00937	0.06984	0.01228	0.01163	0.01676	0.02268	0.30114	0.06250	0.01364	0.00972	0.09873	0.06744	0.02651	0.04195	0.06006
2	0.07101	0.15137	0.10232	0.01469	0.10027	0.01320	0.04053	0.03739	0.01435	0.18735	0.03748	0.07973	0.01493	0.00763	0.00570	0.00179	0.00609	0.03030	0.00455	0.07933
3	0.01690	0.01643	0.20020	0.05665	0.02105	0.01196	0.10304	0.10007	0.01650	0.20819	0.12139	0.02117	0.01783	0.00961	0.04906	0.00238	0.00744	0.00651	0.00497	0.00865
4	0.00901	0.00701	0.00854	0.00863	0.01029	0.00644	0.00617	0.01197	0.07569	0.01814	0.10539	0.45462	0.10491	0.01502	0.00707	0.00212	0.00370	0.01336	0.00553	0.12638
5	0.09697	0.19620	0.13983	0.01738	0.13286	0.06823	0.04543	0.01996	0.01322	0.10568	0.01143	0.01329	0.00897	0.00641	0.00701	0.00183	0.09887	0.00464	0.00345	0.00835
6	0.05397	0.05922	0.12868	0.01829	0.11537	0.15319	0.10610	0.13132	0.03424	0.02223	0.04150	0.01488	0.01102	0.00620	0.00579	0.00173	0.00791	0.00517	0.00378	0.07940
7	0.06226	0.15933	0.10732	0.01370	0.05789	0.08218	0.01175	0.14433	0.08456	0.12959	0.01832	0.01829	0.07026	0.00727	0.00560	0.00178	0.00659	0.00555	0.00467	0.00874
8	0.08757	0.13914	0.08807	0.01310	0.03670	0.08177	0.01134	0.17285	0.01684	0.05302	0.10013	0.03699	0.01558	0.00777	0.00704	0.00183	0.08479	0.00566	0.00436	0.03545

[dist]
# distance from previous block
# <min> <max>
16	196

[block]
# block no. 11 follows, 37 sequences, length 10
# corresponding to MSA columns:
# 1337-1346
name=unknown_L
#
# <colnr> <probs for GDERKNQSTAVLIFYWHMCP>
#	G	D	E	R	K	N	Q	S	T	A	V	L	I	F	Y	W	H	M	C	P
0	0.01526	0.07691	0.04136	0.02503	0.03604	0.04850	0.00952	0.17071	0.05536	0.06846	0.07418	0.17860	0.02080	0.01163	0.04481	0.00226	0.00611	0.00812	0.01955	0.08678
1	0.05457	0.01073	0.04516	0.01130	0.02924	0.00989	0.03606	0.06820	0.07815	0.08340	0.13417	0.15644	0.07974	0.01071	0.00706	0.00197	0.03785	0.03111	0.00531	0.10894
2	0.05939	0.09006	0.04706	0.05245	0.05043	0.01425	0.06931	0.09325	0.08086	0.04517	0.07762	0.04147	0.04802	0.00942	0.03196	0.00219	0.11030	0.00646	0.01879	0.05152
3	0.01404	0.07702	0.10148	0.01095	0.01426	0.04133	0.00978	0.05538	0.01441	0.12469	0.07442	0.13793	0.03394	0.07208	0.05818	0.00283	0.00649	0.10124	0.00492	0.04462
4	0.31552	0.13389	0.08272	0.01051	0.01502	0.01490	0.00959	0.09619	0.07886	0.06516	0.07583	0.01571	0.01344	0.00669	0.00493	0.00178	0.00549	0.00483	0.00443	0.04453
5	0.05238	0.07118	0.11229	0.01192	0.01634	0.01353	0.01081	0.07337	0.27798	0.11121	0.05945	0.02199	0.01717	0.00785	0.00586	0.00189	0.00552	0.03739	0.03933	0.05255
6	0.05332	0.07910	0.05350	0.04633	0.01749	0.05347	0.01011	0.17246	0.06648	0.08217	0.01563	0.01625	0.04272	0.00648	0.00535	0.00154	0.00595	0.00498	0.00456	0.26212
7	0.01308	0.04235	0.04565	0.01236	0.08496	0.01038	0.00904	0.10415	0.07876	0.05283	0.13210	0.10539	0.14998	0.01022	0.00631	0.00186	0.00474	0.00868	0.04698	0.08018
8	0.09160	0.01302	0.10496	0.01086	0.01438	0.04219	0.00947	0.08765	0.05356	0.08611	0.05905	0.22635	0.04645	0.02569	0.00679	0.00207	0.00536	0.02651	0.00507	0.08288
9	0.05037	0.08583	0.11893	0.01731	0.11290	0.04842	0.09059	0.12405	0.08977	0.02247	0.02563	0.04389	0.02663	0.00738	0.00623	0.00186	0.02107	0.03807	0.00411	0.06452

[dist]
# distance from previous block
# <min> <max>
0	1

[block]
# block no. 12 follows, 37 sequences, length 18
# corresponding to MSA columns:
# 1348-1365
name=unknown_M
#
# <colnr> <probs for GDERKNQSTAVLIFYWHMCP>
#	G	D	E	R	K	N	Q	S	T	A	V	L	I	F	Y	W	H	M	C	P
0	0.03140	0.01242	0.06130	0.01131	0.01427	0.03558	0.03437	0.11706	0.12235	0.09842	0.06033	0.02548	0.01796	0.22158	0.04126	0.00331	0.03743	0.00694	0.02333	0.02392
1	0.04155	0.01602	0.06980	0.01713	0.13332	0.04017	0.01264	0.31244	0.08451	0.02739	0.01419	0.01594	0.01101	0.01101	0.08644	0.00269	0.03897	0.00544	0.00464	0.05470
2	0.01396	0.01300	0.03906	0.04574	0.13345	0.03004	0.01064	0.06101	0.15172	0.02175	0.03785	0.01880	0.05376	0.00656	0.00555	0.00152	0.00549	0.00551	0.00430	0.34026
3	0.01203	0.01044	0.04500	0.01060	0.01261	0.03422	0.00856	0.13208	0.01467	0.02006	0.12812	0.05541	0.04075	0.12613	0.25582	0.00510	0.05341	0.02416	0.00447	0.00637
4	0.03462	0.08980	0.07905	0.04337	0.04476	0.06323	0.01212	0.28877	0.15656	0.02698	0.01596	0.03601	0.01267	0.00762	0.00620	0.00189	0.02382	0.02511	0.02245	0.00902
5	0.09142	0.01312	0.01508	0.08418	0.11113	0.06351	0.01072	0.08199	0.16506	0.11633	0.05008	0.01898	0.01451	0.03270	0.00657	0.00194	0.00595	0.00576	0.02503	0.08594
6	0.00792	0.00578	0.00745	0.00798	0.00893	0.00531	0.00562	0.00976	0.01418	0.01929	0.32136	0.41821	0.11319	0.01616	0.00752	0.00222	0.00324	0.01444	0.00611	0.00531
7	0.01214	0.01029	0.01210	0.00901	0.01391	0.00782	0.00709	0.01468	0.01259	0.01949	0.01330	0.09409	0.01240	0.00608	0.00488	0.00107	0.00443	0.00509	0.00384	0.73569
8	0.01681	0.23876	0.02273	0.01357	0.01764	0.03498	0.08616	0.14533	0.04875	0.05327	0.03312	0.01474	0.01106	0.00697	0.00774	0.00176	0.13330	0.00507	0.02486	0.08339
9	0.12906	0.04280	0.01589	0.18863	0.09840	0.01283	0.01175	0.11447	0.01532	0.09913	0.01708	0.02299	0.04234	0.00781	0.00590	0.00192	0.00621	0.08838	0.00442	0.07465
10	0.05020	0.09824	0.19742	0.01375	0.01919	0.01583	0.04186	0.30236	0.01996	0.04558	0.11953	0.01833	0.01634	0.00736	0.00593	0.00183	0.00674	0.00585	0.00481	0.00890
11	0.01831	0.01705	0.02141	0.07438	0.42376	0.15750	0.01575	0.09558	0.01636	0.08299	0.01249	0.01487	0.00979	0.00604	0.00597	0.00179	0.00782	0.00523	0.00375	0.00915
12	0.00890	0.00593	0.00668	0.00668	0.00668	0.00593	0.00371	0.00890	0.00890	0.01187	0.01929	0.04006	0.02225	0.78487	0.03116	0.00593	0.00593	0.00890	0.00371	0.00371
13	0.02267	0.01499	0.09581	0.01664	0.12073	0.01281	0.04130	0.18181	0.01891	0.38276	0.01840	0.01766	0.01231	0.00694	0.00614	0.00188	0.00645	0.00578	0.00591	0.01008
14	0.01698	0.09621	0.07056	0.02011	0.22412	0.01396	0.07466	0.06633	0.08667	0.15156	0.10070	0.01987	0.01686	0.00703	0.00609	0.00185	0.00643	0.00624	0.00472	0.00905
15	0.47668	0.15040	0.01522	0.09032	0.01673	0.11052	0.00914	0.01898	0.02964	0.02228	0.00929	0.01105	0.00746	0.00579	0.00434	0.00177	0.00622	0.00370	0.00345	0.00700
16	0.03823	0.00674	0.00724	0.00700	0.00901	0.00612	0.00529	0.01103	0.04768	0.01974	0.26140	0.05154	0.47950	0.01392	0.00706	0.00202	0.00318	0.01174	0.00595	0.00561
17	0.01501	0.01207	0.04582	0.01093	0.01421	0.01218	0.00916	0.21589	0.19204	0.02680	0.06263	0.02925	0.07965	0.00944	0.00618	0.00195	0.00501	0.08093	0.16278	0.00808

[dist]
# distance from previous block
# <min> <max>
3	9

[block]
# block no. 13 follows, 37 sequences, length 26
# corresponding to MSA columns:
# 1375-1400
name=unknown_N
#
# <colnr> <probs for GDERKNQSTAVLIFYWHMCP>
#	G	D	E	R	K	N	Q	S	T	A	V	L	I	F	Y	W	H	M	C	P
0	0.00915	0.00660	0.00837	0.00820	0.00851	0.00727	0.00547	0.00986	0.00920	0.01272	0.01772	0.03374	0.01934	0.52352	0.23792	0.00683	0.05964	0.00800	0.00352	0.00441
1	0.06842	0.10971	0.46206	0.01573	0.04965	0.01497	0.01758	0.02003	0.09248	0.01974	0.01248	0.01432	0.00949	0.00875	0.05726	0.00242	0.00845	0.00474	0.00314	0.00860
2	0.02108	0.05719	0.07120	0.06739	0.02094	0.62696	0.01291	0.02324	0.01649	0.01532	0.00963	0.01149	0.00789	0.00622	0.00552	0.00162	0.01053	0.00406	0.00306	0.00725
3	0.00851	0.00924	0.10791	0.00972	0.01163	0.00656	0.00833	0.01088	0.01311	0.01780	0.13816	0.44678	0.08599	0.01591	0.00748	0.00233	0.00437	0.08414	0.00542	0.00572
4	0.01728	0.01173	0.01507	0.01134	0.01636	0.01030	0.05700	0.05332	0.11204	0.20220	0.01632	0.01642	0.01194	0.00596	0.00542	0.00143	0.00523	0.00502	0.00503	0.42059
5	0.05160	0.28010	0.20624	0.01568	0.06950	0.14323	0.06098	0.01927	0.01387	0.01774	0.05974	0.01405	0.01140	0.00609	0.00525	0.00166	0.00790	0.00464	0.00309	0.00798
6	0.02380	0.01544	0.01721	0.01329	0.01808	0.01656	0.01095	0.53599	0.06158	0.19712	0.01732	0.01647	0.01188	0.00745	0.00614	0.00186	0.00630	0.00573	0.00645	0.01038
7	0.01543	0.01321	0.01430	0.01266	0.01591	0.01541	0.00994	0.07780	0.61366	0.02571	0.04718	0.02240	0.01870	0.00855	0.00720	0.00210	0.05760	0.00686	0.00600	0.00940
8	0.82811	0.01184	0.00900	0.00805	0.01184	0.01373	0.00663	0.01799	0.01042	0.02746	0.00852	0.00994	0.00663	0.00568	0.00379	0.00189	0.00474	0.00331	0.00379	0.00663
9	0.01446	0.01250	0.01658	0.07143	0.26391	0.06813	0.01243	0.01979	0.12745	0.06977	0.19547	0.02666	0.02430	0.00845	0.00646	0.00194	0.00594	0.04127	0.00486	0.00819
10	0.00878	0.00640	0.00903	0.00903	0.00984	0.00721	0.00664	0.01041	0.00960	0.01361	0.01713	0.02814	0.01708	0.23464	0.57431	0.00884	0.01372	0.00716	0.00339	0.00502
11	0.01336	0.15401	0.21381	0.01643	0.10735	0.06492	0.05092	0.04778	0.01372	0.01812	0.01693	0.22163	0.01712	0.00937	0.00612	0.00194	0.00700	0.00806	0.00371	0.00769
12	0.01463	0.01464	0.02531	0.15806	0.45821	0.03468	0.14658	0.01892	0.03314	0.01920	0.01187	0.01569	0.00955	0.00561	0.00627	0.00190	0.00801	0.00577	0.00308	0.00887
