[name]
unknown

[dist]
# distance from previous block
# <min> <max>
6	87

[block]
# block no. 0 follows, 47 sequences, length 13
# corresponding to MSA columns:
# 99-111
name=unknown_A
#
# <colnr> <probs for GDERKNQSTAVLIFYWHMCP>
#	G	D	E	R	K	N	Q	S	T	A	V	L	I	F	Y	W	H	M	C	P
0	0.23212	0.03688	0.01430	0.01296	0.10398	0.05678	0.07470	0.14254	0.11455	0.04893	0.01251	0.02456	0.02115	0.03694	0.00549	0.00170	0.00536	0.00464	0.00379	0.04611
1	0.16146	0.03229	0.01186	0.01095	0.07414	0.05410	0.00792	0.14659	0.09449	0.10035	0.03028	0.10255	0.03480	0.03406	0.00595	0.00174	0.02804	0.00583	0.03013	0.03246
2	0.10686	0.05113	0.02804	0.04162	0.04485	0.04410	0.04036	0.18525	0.05512	0.10784	0.08627	0.10474	0.01563	0.00746	0.00555	0.00165	0.03394	0.00607	0.02662	0.00690
3	0.00995	0.00918	0.04986	0.08235	0.11939	0.04822	0.00836	0.02696	0.06618	0.03697	0.04764	0.23818	0.09932	0.08117	0.00749	0.00205	0.00463	0.00850	0.04791	0.00568
4	0.04876	0.04730	0.05518	0.04359	0.09349	0.00901	0.04873	0.06016	0.01213	0.07452	0.08572	0.09623	0.05511	0.07895	0.00705	0.00184	0.00481	0.02613	0.00383	0.14747
5	0.01809	0.03534	0.08086	0.01137	0.01580	0.03690	0.00996	0.47403	0.03866	0.11623	0.01276	0.01277	0.00906	0.00585	0.00498	0.00148	0.00560	0.00445	0.00471	0.10108
6	0.00861	0.00641	0.00758	0.00721	0.00891	0.00615	0.00539	0.01248	0.13289	0.04901	0.32038	0.16950	0.18781	0.01112	0.00597	0.00173	0.00299	0.00968	0.00524	0.04095
7	0.00859	0.00478	0.00669	0.00688	0.00716	0.00477	0.00478	0.00767	0.00796	0.01085	0.01444	0.07338	0.03543	0.08487	0.04848	0.54180	0.00470	0.07154	0.05224	0.00299
8	0.05144	0.01184	0.01402	0.01561	0.21226	0.06379	0.00991	0.19550	0.13465	0.04992	0.06930	0.08261	0.05187	0.00731	0.00532	0.00164	0.00512	0.00617	0.00432	0.00741
9	0.01062	0.00982	0.01642	0.42963	0.30247	0.01100	0.01381	0.01370	0.01091	0.01484	0.01142	0.08441	0.01005	0.00601	0.00527	0.00168	0.00618	0.00554	0.02973	0.00651
10	0.09414	0.00877	0.01101	0.00874	0.01233	0.00807	0.00714	0.05090	0.03444	0.56790	0.06884	0.02039	0.06964	0.00706	0.00518	0.00163	0.00419	0.00569	0.00592	0.00799
11	0.00697	0.00503	0.00602	0.00648	0.00710	0.00474	0.00440	0.00786	0.00997	0.01297	0.07093	0.28000	0.18191	0.29091	0.01341	0.00305	0.00377	0.07619	0.00430	0.00398
12	0.01486	0.01251	0.01546	0.08689	0.13949	0.03849	0.04241	0.20426	0.31938	0.04777	0.01528	0.01559	0.01142	0.00612	0.00526	0.00166	0.00547	0.00519	0.00442	0.00807

[dist]
# distance from previous block
# <min> <max>
0	1

[block]
# block no. 1 follows, 47 sequences, length 42
# corresponding to MSA columns:
# 113-117,119,120,130-164
name=unknown_B
#
# <colnr> <probs for GDERKNQSTAVLIFYWHMCP>
#	G	D	E	R	K	N	Q	S	T	A	V	L	I	F	Y	W	H	M	C	P
0	0.06583	0.11442	0.03437	0.01485	0.11715	0.40283	0.02567	0.05257	0.04032	0.01538	0.00898	0.01059	0.00742	0.00541	0.00522	0.00144	0.04925	0.00373	0.01798	0.00661
1	0.02055	0.01305	0.01464	0.01126	0.01536	0.01391	0.00929	0.56089	0.03959	0.22497	0.01475	0.01400	0.01005	0.00632	0.00522	0.00158	0.00536	0.00486	0.00553	0.00884
2	0.01172	0.07187	0.39052	0.01352	0.05686	0.01104	0.06683	0.02944	0.03181	0.08791	0.14585	0.01759	0.02996	0.00622	0.00521	0.00161	0.00612	0.00528	0.00344	0.00720
3	0.00905	0.00452	0.00678	0.00678	0.00678	0.00452	0.00452	0.00678	0.00678	0.00905	0.00905	0.01583	0.00905	0.01809	0.02035	0.84848	0.00452	0.00452	0.00226	0.00226
4	0.01125	0.05684	0.18566	0.01023	0.01521	0.00940	0.04392	0.01480	0.03547	0.04157	0.03600	0.02555	0.00965	0.00489	0.00468	0.00117	0.02243	0.00397	0.00310	0.46419
5	0.01334	0.68723	0.15507	0.00990	0.01490	0.01918	0.01064	0.01574	0.01065	0.01296	0.00759	0.00880	0.00667	0.00454	0.00361	0.00120	0.00593	0.00296	0.00222	0.00685
6	0.01289	0.01230	0.02058	0.03068	0.73817	0.01241	0.01552	0.01668	0.05772	0.01730	0.01048	0.01328	0.00871	0.00479	0.00516	0.00156	0.00606	0.00471	0.00274	0.00825
7	0.01284	0.57203	0.26584	0.01077	0.01624	0.01794	0.01214	0.01587	0.01071	0.01358	0.00790	0.00918	0.00666	0.00461	0.00384	0.00128	0.00623	0.00312	0.00222	0.00700
8	0.01076	0.13903	0.63391	0.01350	0.02034	0.01288	0.01690	0.01596	0.01116	0.01615	0.05546	0.01229	0.00917	0.00522	0.00479	0.00157	0.00708	0.00403	0.00242	0.00738
9	0.00752	0.00503	0.00570	0.00575	0.00577	0.00501	0.00323	0.00756	0.00768	0.01024	0.01697	0.06953	0.01964	0.78057	0.02560	0.00492	0.00496	0.00790	0.00323	0.00320
10	0.00634	0.00453	0.00604	0.00725	0.00755	0.00423	0.00483	0.00725	0.00997	0.01329	0.02870	0.81358	0.03444	0.01632	0.00665	0.00211	0.00302	0.01480	0.00483	0.00423
11	0.01392	0.82012	0.02729	0.00891	0.01337	0.02061	0.00891	0.01559	0.01058	0.01225	0.00724	0.00835	0.00668	0.00446	0.00334	0.00111	0.00557	0.00278	0.00223	0.00668
12	0.00747	0.00528	0.00695	0.00657	0.00772	0.00489	0.00489	0.00964	0.01426	0.02017	0.73532	0.03751	0.04673	0.01109	0.00700	0.05253	0.00258	0.00912	0.00552	0.00475
13	0.00630	0.00528	0.00547	0.00542	0.00712	0.00446	0.00407	0.00775	0.01220	0.01486	0.13695	0.04882	0.69770	0.01290	0.00615	0.00174	0.00262	0.01081	0.00494	0.00446
14	0.00744	0.00558	0.00837	0.00837	0.00930	0.00651	0.00651	0.00930	0.00837	0.01209	0.01395	0.02046	0.01302	0.03906	0.79635	0.00837	0.01395	0.00558	0.00279	0.00465
15	0.00905	0.00452	0.00678	0.00678	0.00678	0.00452	0.00452	0.00678	0.00678	0.00905	0.00905	0.01583	0.00905	0.01809	0.02035	0.84848	0.00452	0.00452	0.00226	0.00226
16	0.04113	0.00834	0.00987	0.00876	0.01098	0.00848	0.00690	0.19050	0.01425	0.16460	0.02103	0.08576	0.06375	0.17289	0.02995	0.00265	0.00495	0.14429	0.00478	0.00615
17	0.00997	0.00940	0.01587	0.76936	0.06989	0.01161	0.01453	0.01343	0.01048	0.01347	0.00928	0.01384	0.00700	0.00518	0.00520	0.00173	0.00691	0.00463	0.00233	0.00590
18	0.01229	0.01405	0.03073	0.02195	0.02722	0.01317	0.76558	0.01668	0.01229	0.01668	0.01054	0.01405	0.00790	0.00439	0.00615	0.00176	0.00878	0.00615	0.00263	0.00702
19	0.00968	0.00588	0.00701	0.00649	0.00835	0.00513	0.00490	0.01131	0.01277	0.15773	0.21653	0.10311	0.37341	0.04562	0.00688	0.00187	0.00306	0.00973	0.00527	0.00527
20	0.00651	0.00499	0.00576	0.00615	0.00713	0.00447	0.00427	0.00765	0.01098	0.01401	0.11397	0.31512	0.35407	0.11012	0.00876	0.00226	0.00304	0.01176	0.00473	0.00424
21	0.50786	0.01001	0.00977	0.00806	0.01163	0.01066	0.00665	0.07688	0.01212	0.28324	0.01216	0.01191	0.00835	0.00549	0.00406	0.00161	0.00430	0.00378	0.00447	0.00698
22	0.00653	0.00511	0.00580	0.00598	0.00721	0.00451	0.00429	0.00791	0.01179	0.01505	0.19356	0.20793	0.42980	0.06163	0.00748	0.00201	0.00283	0.01127	0.00492	0.00439
23	0.00735	0.00550	0.00619	0.00618	0.00752	0.00496	0.00444	0.03265	0.01191	0.03257	0.14358	0.18823	0.41311	0.10197	0.00845	0.00216	0.00309	0.01078	0.00482	0.00454
24	0.00765	0.00611	0.00719	0.00738	0.00850	0.04070	0.02431	0.00904	0.01159	0.03435	0.15605	0.43284	0.20757	0.01361	0.00631	0.00190	0.00331	0.01206	0.00487	0.00465
25	0.85377	0.01007	0.00765	0.00685	0.01007	0.01168	0.00564	0.01531	0.00886	0.02336	0.00725	0.00846	0.00564	0.00483	0.00322	0.00161	0.00403	0.00282	0.00322	0.00564
26	0.00738	0.00531	0.00616	0.00614	0.00758	0.00466	0.00453	0.00899	0.01240	0.05104	0.23806	0.18188	0.40070	0.01259	0.00613	0.00177	0.00274	0.01084	0.02639	0.00472
27	0.03386	0.00573	0.00637	0.00615	0.00788	0.00514	0.00463	0.01014	0.02734	0.07531	0.18389	0.11616	0.43389	0.01176	0.00590	0.00173	0.00284	0.00997	0.04636	0.00496
28	0.00900	0.00462	0.00689	0.00696	0.00704	0.00462	0.00477	0.00704	0.00712	0.00946	0.01023	0.01858	0.01039	0.01785	0.01951	0.79423	0.00454	0.05229	0.00242	0.00242
29	0.85377	0.01007	0.00765	0.00685	0.01007	0.01168	0.00564	0.01531	0.00886	0.02336	0.00725	0.00846	0.00564	0.00483	0.00322	0.00161	0.00403	0.00282	0.00322	0.00564
30	0.00665	0.00514	0.00608	0.00638	0.00752	0.00463	0.00458	0.00836	0.02702	0.01560	0.21986	0.31398	0.32828	0.01355	0.00631	0.00185	0.00276	0.01184	0.00506	0.00454
31	0.00819	0.00548	0.00651	0.00636	0.00785	0.00483	0.00467	0.00972	0.01233	0.08861	0.22765	0.18600	0.34964	0.04959	0.00710	0.00193	0.00294	0.01060	0.00514	0.00486
32	0.01144	0.00937	0.01096	0.00787	0.01247	0.00719	0.00631	0.03218	0.01127	0.04308	0.00971	0.01107	0.00791	0.00400	0.00394	0.00082	0.00392	0.00320	0.00325	0.80002
33	0.00658	0.00467	0.00617	0.00727	0.00761	0.00441	0.00493	0.00751	0.00990	0.01317	0.02759	0.69810	0.03284	0.08397	0.00836	0.00238	0.00331	0.06236	0.00469	0.00418
34	0.01264	0.01234	0.02152	0.07446	0.59462	0.01247	0.11426	0.01662	0.05770	0.01704	0.01055	0.01349	0.00859	0.00479	0.00530	0.00160	0.00645	0.00491	0.00273	0.00794
35	0.85377	0.01007	0.00765	0.00685	0.01007	0.01168	0.00564	0.01531	0.00886	0.02336	0.00725	0.00846	0.00564	0.00483	0.00322	0.00161	0.00403	0.00282	0.00322	0.00564
36	0.00730	0.00507	0.00562	0.00565	0.00596	0.00492	0.00334	0.00755	0.00837	0.01086	0.02294	0.05685	0.14999	0.65886	0.02251	0.00441	0.00458	0.00834	0.00349	0.00340
37	0.00651	0.00500	0.00587	0.00625	0.00729	0.00446	0.00441	0.00781	0.01145	0.01476	0.16882	0.32943	0.33945	0.05500	0.00737	0.00204	0.00287	0.01195	0.00491	0.00436
38	0.64728	0.00977	0.00876	0.00745	0.01087	0.01068	0.00614	0.01781	0.01037	0.21352	0.01056	0.01076	0.00744	0.00523	0.00372	0.00161	0.00413	0.00342	0.00402	0.00644
39	0.00627	0.00481	0.00576	0.00652	0.00736	0.00429	0.00451	0.00733	0.01068	0.01358	0.03766	0.52940	0.31285	0.01515	0.00646	0.00198	0.00288	0.01338	0.00483	0.00429
40	0.05397	0.00717	0.00934	0.00814	0.01066	0.00645	0.00630	0.01742	0.01288	0.42498	0.07471	0.25444	0.05342	0.02741	0.00612	0.00184	0.00380	0.00851	0.00564	0.00678
41	0.07764	0.00531	0.00640	0.00742	0.02453	0.00507	0.00500	0.00821	0.01033	0.01451	0.04676	0.58723	0.15381	0.01446	0.00624	0.00199	0.00310	0.01284	0.00467	0.00448

[dist]
# distance from previous block
# <min> <max>
0	25

[block]
# block no. 2 follows, 47 sequences, length 13
# corresponding to MSA columns:
# 190-196,200-205
name=unknown_C
#
# <colnr> <probs for GDERKNQSTAVLIFYWHMCP>
#	G	D	E	R	K	N	Q	S	T	A	V	L	I	F	Y	W	H	M	C	P
0	0.00747	0.00501	0.00571	0.00581	0.00583	0.00498	0.00329	0.00755	0.00777	0.01036	0.01740	0.09716	0.02019	0.75219	0.02490	0.00481	0.00488	0.00816	0.00329	0.00324
1	0.03702	0.00604	0.00729	0.00660	0.00826	0.00570	0.00491	0.01362	0.01211	0.19119	0.20844	0.07191	0.02405	0.13933	0.00849	0.00209	0.00339	0.00703	0.23703	0.00548
2	0.07377	0.00586	0.00707	0.00712	0.00850	0.00551	0.00521	0.01089	0.01131	0.12256	0.11391	0.35327	0.13944	0.06933	0.00748	0.00212	0.00340	0.04329	0.00492	0.00503
3	0.00781	0.00540	0.00650	0.00636	0.00778	0.00479	0.00469	0.00950	0.01271	0.06735	0.31939	0.17197	0.31027	0.03346	0.00671	0.00185	0.00282	0.01057	0.00523	0.00482
4	0.01950	0.02333	0.01488	0.01321	0.01611	0.68254	0.01004	0.12944	0.01617	0.01567	0.00870	0.00984	0.00702	0.00550	0.00477	0.00137	0.00886	0.00355	0.00305	0.00645
5	0.03979	0.00781	0.00983	0.00820	0.01103	0.00741	0.00656	0.05361	0.04733	0.39827	0.09181	0.04454	0.04206	0.00991	0.06912	0.00212	0.00465	0.00601	0.13278	0.00714
6	0.59916	0.07511	0.00987	0.00736	0.01067	0.01131	0.00616	0.01648	0.01034	0.13921	0.06389	0.01201	0.00990	0.00546	0.00375	0.00157	0.00410	0.00365	0.00381	0.00617
7	0.00842	0.00619	0.00719	0.00683	0.00841	0.00587	0.00510	0.08322	0.01330	0.03815	0.22998	0.15534	0.31382	0.04880	0.04356	0.00221	0.00363	0.00998	0.00498	0.00502
8	0.00732	0.00562	0.00678	0.00689	0.00816	0.00532	0.00510	0.01010	0.07453	0.01711	0.31374	0.23673	0.22190	0.01259	0.00626	0.00184	0.00289	0.04706	0.00520	0.00488
9	0.00744	0.00558	0.00837	0.00837	0.00930	0.00651	0.00651	0.00930	0.00837	0.01209	0.01395	0.02046	0.01302	0.03906	0.79635	0.00837	0.01395	0.00558	0.00279	0.00465
10	0.00715	0.00538	0.00647	0.00688	0.00780	0.00514	0.00484	0.00929	0.06480	0.01487	0.14307	0.36670	0.18482	0.11032	0.00878	0.00231	0.00325	0.03879	0.00480	0.00454
11	0.00744	0.00558	0.00837	0.00837	0.00930	0.00651	0.00651	0.00930	0.00837	0.01209	0.01395	0.02046	0.01302	0.03906	0.79635	0.00837	0.01395	0.00558	0.00279	0.00465
12	0.01086	0.00689	0.00795	0.00718	0.00852	0.00705	0.00506	0.09060	0.06527	0.09009	0.09072	0.02811	0.03729	0.39165	0.05761	0.00358	0.00495	0.00685	0.07471	0.00508

[dist]
# distance from previous block
# <min> <max>
0	1

[block]
# block no. 3 follows, 47 sequences, length 41
# corresponding to MSA columns:
# 207-247
name=unknown_D
#
# <colnr> <probs for GDERKNQSTAVLIFYWHMCP>
#	G	D	E	R	K	N	Q	S	T	A	V	L	I	F	Y	W	H	M	C	P
0	0.01795	0.01581	0.01482	0.01314	0.06321	0.20539	0.00989	0.37827	0.09255	0.05834	0.01245	0.01311	0.00936	0.00792	0.05007	0.00193	0.01915	0.00455	0.00431	0.00778
1	0.00749	0.00516	0.00615	0.00615	0.00640	0.00529	0.00380	0.00788	0.00791	0.01064	0.01756	0.03229	0.05140	0.63929	0.16650	0.00551	0.00657	0.00736	0.00316	0.00348
2	0.01182	0.01319	0.02829	0.02055	0.02529	0.01250	0.68105	0.01589	0.01207	0.01638	0.01204	0.05456	0.01008	0.00548	0.00645	0.00181	0.02551	0.03744	0.00282	0.00677
3	0.05214	0.01562	0.03717	0.07027	0.14833	0.16752	0.26213	0.13650	0.01432	0.01864	0.01008	0.01245	0.00777	0.00503	0.00529	0.00159	0.00754	0.00480	0.01566	0.00716
4	0.00685	0.00530	0.00624	0.00601	0.00746	0.00469	0.00450	0.00882	0.01351	0.01797	0.47011	0.04370	0.36259	0.01173	0.00615	0.00169	0.00253	0.01009	0.00535	0.00469
5	0.01405	0.80216	0.02701	0.00901	0.01343	0.03811	0.00894	0.01571	0.01068	0.01226	0.00726	0.00838	0.00668	0.00448	0.00337	0.00112	0.00566	0.00280	0.00224	0.00667
6	0.01069	0.08324	0.73586	0.01442	0.02189	0.01270	0.01851	0.01643	0.01097	0.01619	0.00920	0.01081	0.00660	0.00491	0.00483	0.00161	0.00755	0.00377	0.00220	0.00762
7	0.01156	0.16072	0.61684	0.01368	0.02062	0.01377	0.01696	0.05884	0.01169	0.01670	0.00917	0.01063	0.00674	0.00494	0.00469	0.00155	0.00722	0.00372	0.00237	0.00759
8	0.01191	0.10969	0.64313	0.01374	0.02078	0.01262	0.01716	0.01715	0.01128	0.08134	0.01007	0.01128	0.00714	0.00502	0.00480	0.00159	0.00719	0.00385	0.00256	0.00769
9	0.00763	0.00573	0.00823	0.00813	0.00886	0.00665	0.00614	0.00914	0.00822	0.01177	0.01407	0.02240	0.01377	0.17044	0.63270	0.00755	0.04543	0.00588	0.00283	0.00444
10	0.85377	0.01007	0.00765	0.00685	0.01007	0.01168	0.00564	0.01531	0.00886	0.02336	0.00725	0.00846	0.00564	0.00483	0.00322	0.00161	0.00403	0.00282	0.00322	0.00564
11	0.80602	0.01103	0.05195	0.00730	0.01078	0.01171	0.00641	0.01538	0.00898	0.02298	0.00737	0.00860	0.00569	0.00484	0.00332	0.00161	0.00424	0.00288	0.00316	0.00576
12	0.06235	0.00935	0.01057	0.00911	0.01210	0.00968	0.00732	0.10651	0.24105	0.21707	0.04901	0.02631	0.14477	0.00838	0.00547	0.00174	0.00413	0.06241	0.00536	0.00731
13	0.01044	0.00624	0.00926	0.00831	0.00910	0.00636	0.05255	0.09206	0.00910	0.01217	0.00952	0.01535	0.00895	0.01592	0.01778	0.70142	0.00492	0.00464	0.00261	0.00329
14	0.01045	0.02694	0.79000	0.01484	0.02254	0.01209	0.01924	0.01649	0.01099	0.01649	0.00935	0.01099	0.00660	0.00495	0.00495	0.00165	0.00770	0.00385	0.00220	0.00770
15	0.00639	0.00477	0.00584	0.00664	0.00732	0.00434	0.00451	0.00739	0.01044	0.01349	0.05161	0.55417	0.22728	0.06071	0.00763	0.00218	0.00302	0.01328	0.00476	0.00423
16	0.01120	0.00885	0.00967	0.00898	0.01134	0.00960	0.00688	0.02040	0.45793	0.06258	0.05616	0.12908	0.15592	0.00956	0.00568	0.00181	0.00368	0.01857	0.00523	0.00690
17	0.01289	0.01237	0.02114	0.03196	0.78450	0.01237	0.01598	0.01598	0.01186	0.01701	0.00980	0.01289	0.00825	0.00464	0.00516	0.00155	0.00619	0.00464	0.00258	0.00825
18	0.01045	0.02694	0.79000	0.01484	0.02254	0.01209	0.01924	0.01649	0.01099	0.01649	0.00935	0.01099	0.00660	0.00495	0.00495	0.00165	0.00770	0.00385	0.00220	0.00770
19	0.85377	0.01007	0.00765	0.00685	0.01007	0.01168	0.00564	0.01531	0.00886	0.02336	0.00725	0.00846	0.00564	0.00483	0.00322	0.00161	0.00403	0.00282	0.00322	0.00564
20	0.00736	0.00496	0.00574	0.00595	0.00601	0.00491	0.00345	0.00752	0.00799	0.01065	0.01854	0.16945	0.02163	0.67794	0.02306	0.00454	0.00470	0.00883	0.00345	0.00334
21	0.00832	0.00592	0.00819	0.00928	0.01041	0.00591	0.00799	0.01057	0.01177	0.01535	0.04230	0.05680	0.02967	0.06432	0.00837	0.00255	0.00476	0.68808	0.00471	0.00470
22	0.01368	0.01219	0.01214	0.01084	0.01382	0.06190	0.00843	0.06156	0.69288	0.02173	0.01997	0.01848	0.01500	0.00692	0.00526	0.00173	0.00452	0.00567	0.00513	0.00813
23	0.01962	0.01446	0.01515	0.01179	0.01582	0.04787	0.00967	0.64801	0.06598	0.07843	0.01331	0.01309	0.00942	0.00627	0.00519	0.00157	0.00571	0.00474	0.00519	0.00870
24	0.00757	0.00505	0.00568	0.00568	0.00568	0.00505	0.00316	0.00757	0.00757	0.01010	0.01641	0.03408	0.01893	0.81698	0.02651	0.00505	0.00505	0.00757	0.00316	0.00316
25	0.02323	0.00908	0.01222	0.00937	0.01340	0.00798	0.00774	0.05356	0.01527	0.75941	0.02024	0.01753	0.01274	0.00644	0.00524	0.00161	0.00448	0.00522	0.00640	0.00886
26	0.39351	0.00871	0.00837	0.00773	0.01015	0.00957	0.00606	0.09963	0.04528	0.04403	0.06297	0.19888	0.01695	0.00844	0.00469	0.00173	0.00386	0.02543	0.03821	0.00579
27	0.00816	0.00602	0.00612	0.00606	0.00619	0.04381	0.00349	0.00822	0.00793	0.01023	0.01600	0.03287	0.01833	0.77721	0.02544	0.00487	0.00526	0.00737	0.00313	0.00330
28	0.00657	0.00469	0.00629	0.00742	0.00784	0.00441	0.00515	0.00767	0.01035	0.01383	0.06170	0.71432	0.03470	0.01590	0.00667	0.00212	0.00315	0.07805	0.00487	0.00431
29	0.00756	0.00553	0.00718	0.00666	0.00806	0.00503	0.00504	0.01001	0.01450	0.02059	0.72997	0.03789	0.04675	0.01038	0.00605	0.00161	0.00257	0.02277	0.00559	0.04627
30	0.01209	0.00945	0.01068	0.07084	0.01361	0.01061	0.00774	0.05115	0.44963	0.04948	0.08313	0.02274	0.03301	0.04710	0.00632	0.00187	0.00416	0.02778	0.08152	0.00709
31	0.00891	0.03421	0.00760	0.00692	0.00722	0.00544	0.00479	0.00737	0.00747	0.00983	0.01309	0.05168	0.06342	0.05608	0.01841	0.65889	0.02781	0.00548	0.00259	0.00279
32	0.00808	0.03556	0.00733	0.00631	0.00840	0.00608	0.00486	0.04653	0.04154	0.03760	0.05456	0.09553	0.57044	0.01190	0.00589	0.00170	0.00308	0.00994	0.00477	0.03991
33	0.04286	0.00630	0.00685	0.00657	0.00840	0.00595	0.00514	0.04616	0.01248	0.03846	0.09368	0.06022	0.53431	0.01215	0.00645	0.00181	0.03209	0.07042	0.00480	0.00491
34	0.00836	0.00602	0.00787	0.00788	0.03918	0.00552	0.03242	0.00987	0.01159	0.06304	0.18196	0.10932	0.27235	0.17885	0.01037	0.00246	0.00370	0.03989	0.00459	0.00477
35	0.00805	0.00560	0.00808	0.00802	0.00893	0.00628	0.00606	0.00964	0.00860	0.04279	0.01513	0.05488	0.01465	0.13486	0.63514	0.00742	0.01200	0.00620	0.00307	0.00461
36	0.01608	0.01249	0.01335	0.01097	0.01436	0.01400	0.00877	0.41037	0.32595	0.02700	0.04391	0.01714	0.01356	0.04028	0.00616	0.00179	0.00494	0.00546	0.00518	0.00823
37	0.39766	0.00934	0.00933	0.00787	0.01103	0.00985	0.00635	0.07651	0.03435	0.24189	0.01515	0.03806	0.04209	0.03854	0.00518	0.00175	0.00417	0.00470	0.03951	0.00667
38	0.09743	0.00586	0.00698	0.00800	0.03902	0.00569	0.00546	0.00918	0.02542	0.01501	0.02980	0.48083	0.17445	0.01353	0.00608	0.00195	0.00330	0.04868	0.00455	0.01878
39	0.01068	0.01005	0.01400	0.04073	0.01321	0.01362	0.01017	0.01208	0.00867	0.01346	0.04094	0.04556	0.01045	0.01029	0.04616	0.00239	0.61832	0.00523	0.06849	0.00550
40	0.04621	0.00828	0.00996	0.00888	0.01035	0.03955	0.03943	0.09529	0.03352	0.05897	0.02895	0.10717	0.01635	0.27644	0.15066	0.00399	0.05016	0.00693	0.00371	0.00519

[dist]
# distance from previous block
# <min> <max>
0	34

# created by:
# /home/cegg/simao/soft/augustus-3.2.1/scripts/msa2prfl.pl ./align_prep/EOG091G10IX.fa
