[name]
unknown

[dist]
# distance from previous block
# <min> <max>
0	569

[block]
# block no. 0 follows, 49 sequences, length 26
# corresponding to MSA columns:
# 582-607
name=unknown_A
#
# <colnr> <probs for GDERKNQSTAVLIFYWHMCP>
#	G	D	E	R	K	N	Q	S	T	A	V	L	I	F	Y	W	H	M	C	P
0	0.01127	0.00842	0.01046	0.00810	0.01174	0.00689	0.02558	0.04490	0.01173	0.09014	0.07416	0.09089	0.01454	0.00618	0.00455	0.00114	0.00385	0.03743	0.00381	0.53420
1	0.05934	0.00571	0.00689	0.00713	0.03320	0.00541	0.00508	0.00963	0.03029	0.01774	0.41324	0.13525	0.21487	0.01106	0.00583	0.00169	0.00279	0.02507	0.00497	0.00479
2	0.01212	0.02142	0.56199	0.03457	0.02081	0.01127	0.07423	0.01779	0.05863	0.12228	0.01135	0.01237	0.00790	0.00509	0.00496	0.00161	0.00689	0.00423	0.00292	0.00756
3	0.07631	0.06672	0.03018	0.05458	0.02627	0.07957	0.00847	0.13587	0.17596	0.12009	0.01453	0.05710	0.01148	0.00716	0.02230	0.00171	0.03610	0.00503	0.06364	0.00695
4	0.01722	0.01050	0.01227	0.03580	0.01382	0.01090	0.00808	0.33553	0.07794	0.25440	0.07265	0.04914	0.06411	0.00726	0.00525	0.00159	0.00459	0.00589	0.00533	0.00774
5	0.00660	0.00564	0.00644	0.00730	0.06219	0.00492	0.00500	0.00807	0.01149	0.01395	0.04591	0.06654	0.65905	0.01239	0.00599	0.00175	0.00297	0.06472	0.00454	0.00456
6	0.01080	0.01237	0.10417	0.43047	0.12130	0.06685	0.01340	0.03043	0.02949	0.01440	0.02777	0.01432	0.02841	0.00636	0.02525	0.00181	0.04903	0.00464	0.00257	0.00618
7	0.04230	0.07641	0.09832	0.03269	0.08274	0.13744	0.05898	0.05247	0.10184	0.21587	0.03134	0.02498	0.01066	0.00572	0.00486	0.00152	0.00591	0.00466	0.00395	0.00733
8	0.03702	0.01088	0.01758	0.02521	0.59927	0.01085	0.01306	0.01589	0.02854	0.08760	0.01132	0.01462	0.00941	0.06223	0.00637	0.00174	0.00555	0.00474	0.03059	0.00754
9	0.00665	0.00490	0.00628	0.00720	0.00774	0.00473	0.00491	0.00855	0.06415	0.01382	0.06063	0.71465	0.04689	0.01492	0.00633	0.00200	0.00298	0.01347	0.00476	0.00441
10	0.01306	0.03439	0.15401	0.06177	0.06361	0.07555	0.04220	0.13238	0.21152	0.03944	0.07469	0.01723	0.03221	0.00634	0.00511	0.00160	0.00564	0.01812	0.00391	0.00721
11	0.03350	0.04396	0.18860	0.13102	0.07413	0.05039	0.11903	0.07519	0.06605	0.15087	0.01197	0.01321	0.00857	0.00523	0.00500	0.00158	0.00641	0.00456	0.00342	0.00730
12	0.06000	0.01264	0.09223	0.04892	0.06879	0.08634	0.05310	0.06991	0.04224	0.28334	0.01720	0.01769	0.07596	0.00643	0.00535	0.00160	0.02553	0.02122	0.00428	0.00723
13	0.00653	0.00465	0.00590	0.00676	0.00715	0.00440	0.00455	0.00736	0.00948	0.01249	0.02702	0.55244	0.08316	0.17835	0.01035	0.00262	0.00343	0.06504	0.00436	0.00395
14	0.01486	0.02557	0.07616	0.01716	0.16566	0.14110	0.17899	0.11310	0.01376	0.11463	0.01252	0.08064	0.01034	0.00596	0.00525	0.00157	0.00664	0.00545	0.00348	0.00715
15	0.01092	0.00905	0.01056	0.00764	0.01206	0.00699	0.00611	0.01363	0.04099	0.03910	0.00976	0.01101	0.00795	0.00394	0.00384	0.00081	0.00377	0.00316	0.00317	0.79552
16	0.01123	0.02331	0.08270	0.01137	0.06711	0.00956	0.04691	0.12250	0.15788	0.04709	0.11841	0.16876	0.06156	0.00892	0.00557	0.00172	0.00449	0.03995	0.00446	0.00651
17	0.01029	0.01136	0.08178	0.01230	0.01311	0.01345	0.01073	0.01190	0.00831	0.01269	0.03351	0.01399	0.02362	0.03041	0.09391	0.00278	0.60313	0.00480	0.00243	0.00549
18	0.00637	0.00452	0.00593	0.00697	0.00736	0.00424	0.00473	0.00734	0.00983	0.01315	0.04516	0.70300	0.05116	0.05023	0.00724	0.00216	0.00306	0.04536	0.01807	0.00411
19	0.01162	0.17384	0.42900	0.01383	0.04031	0.01334	0.10004	0.07843	0.01208	0.01685	0.05694	0.01236	0.00933	0.00509	0.00474	0.00150	0.00669	0.00421	0.00265	0.00716
20	0.00674	0.00510	0.00621	0.00605	0.00733	0.00457	0.00449	0.00869	0.01315	0.01779	0.51581	0.09987	0.26278	0.01147	0.00600	0.00166	0.00248	0.00998	0.00525	0.00457
21	0.00797	0.00844	0.06432	0.08234	0.01346	0.01862	0.10754	0.01012	0.01109	0.01435	0.10114	0.14080	0.30744	0.04904	0.00722	0.00190	0.03647	0.00887	0.00389	0.00499
22	0.01827	0.11712	0.01574	0.01252	0.01532	0.71120	0.00964	0.01961	0.01386	0.01232	0.00773	0.00900	0.00651	0.00511	0.00441	0.00128	0.00869	0.00319	0.00255	0.00594
23	0.01045	0.09943	0.72553	0.01388	0.02107	0.01250	0.01776	0.01593	0.01064	0.01564	0.00889	0.01044	0.00641	0.00476	0.00466	0.00155	0.00728	0.00364	0.00214	0.00738
24	0.01922	0.01416	0.01518	0.01163	0.01568	0.01568	0.00961	0.77388	0.02378	0.03187	0.01214	0.01214	0.00860	0.00607	0.00506	0.00152	0.00556	0.00455	0.00506	0.00860
25	0.05343	0.00830	0.01101	0.01079	0.06550	0.02743	0.00796	0.04362	0.00962	0.06185	0.01169	0.01625	0.01041	0.04300	0.39788	0.00492	0.15404	0.00484	0.00297	0.05449

[dist]
# distance from previous block
# <min> <max>
0	2

[block]
# block no. 1 follows, 49 sequences, length 25
# corresponding to MSA columns:
# 610-634
name=unknown_B
#
# <colnr> <probs for GDERKNQSTAVLIFYWHMCP>
#	G	D	E	R	K	N	Q	S	T	A	V	L	I	F	Y	W	H	M	C	P
0	0.04487	0.00754	0.01131	0.07756	0.08692	0.00758	0.04370	0.01352	0.01176	0.12493	0.02121	0.05353	0.02111	0.01048	0.00616	0.00203	0.00502	0.44073	0.00433	0.00573
1	0.13014	0.01088	0.01436	0.01234	0.01278	0.01491	0.01028	0.01255	0.00787	0.01365	0.00669	0.01066	0.00647	0.00827	0.01470	0.00212	0.69927	0.00419	0.00234	0.00552
2	0.06493	0.01774	0.01340	0.01169	0.01421	0.45274	0.00911	0.04267	0.01331	0.16084	0.01025	0.01121	0.00784	0.00594	0.00626	0.00150	0.12066	0.00381	0.02554	0.00637
3	0.05756	0.00611	0.00779	0.00690	0.00874	0.00567	0.00534	0.01284	0.01403	0.17423	0.59198	0.03204	0.03837	0.00921	0.00563	0.00158	0.00285	0.00798	0.00557	0.00557
4	0.12964	0.00910	0.01006	0.00737	0.01167	0.00739	0.00592	0.01303	0.01022	0.01735	0.00871	0.01017	0.00721	0.00388	0.00366	0.00086	0.00377	0.00296	0.00301	0.73401
5	0.01385	0.01081	0.02947	0.03459	0.40020	0.00981	0.01142	0.02938	0.01195	0.15844	0.01130	0.01281	0.00865	0.00466	0.00468	0.00132	0.00512	0.00419	0.00335	0.23399
6	0.62102	0.01140	0.02640	0.13694	0.01465	0.08851	0.00756	0.01510	0.00945	0.01996	0.00747	0.00920	0.00580	0.00481	0.00362	0.00156	0.00495	0.00309	0.00291	0.00558
7	0.01810	0.01478	0.12421	0.01153	0.01597	0.01365	0.01045	0.50611	0.06454	0.14886	0.01343	0.01312	0.00930	0.00597	0.00503	0.00155	0.00554	0.00459	0.00484	0.00841
8	0.12935	0.02385	0.68521	0.01332	0.02018	0.01169	0.01683	0.01585	0.01038	0.01695	0.00879	0.01033	0.00627	0.00479	0.00457	0.00160	0.00697	0.00360	0.00227	0.00719
9	0.13325	0.01119	0.01158	0.00995	0.01313	0.01268	0.00791	0.16268	0.48870	0.06830	0.01709	0.01603	0.01261	0.00638	0.00484	0.00165	0.00429	0.00505	0.00491	0.00779
10	0.01106	0.01106	0.01549	0.01328	0.01328	0.01549	0.01106	0.01217	0.00774	0.01217	0.00664	0.01106	0.00664	0.00885	0.01659	0.00221	0.81303	0.00443	0.00221	0.00553
11	0.00734	0.00497	0.00588	0.00588	0.00601	0.00510	0.00352	0.00759	0.00746	0.01008	0.01560	0.03123	0.01758	0.71201	0.13491	0.00536	0.00612	0.00708	0.00301	0.00327
12	0.03851	0.01061	0.01659	0.18683	0.41575	0.03045	0.01278	0.01608	0.01141	0.14502	0.01098	0.01345	0.00843	0.00569	0.00582	0.05105	0.00580	0.00451	0.00308	0.00714
13	0.00704	0.00515	0.00661	0.00629	0.00750	0.00472	0.00470	0.00931	0.01398	0.01959	0.71329	0.05937	0.10219	0.01067	0.00598	0.00161	0.00241	0.00940	0.00548	0.00472
14	0.00827	0.00620	0.00893	0.00890	0.05429	0.00586	0.05790	0.01027	0.02706	0.04712	0.31127	0.18551	0.09321	0.14148	0.00914	0.00223	0.00365	0.00928	0.00456	0.00487
15	0.00722	0.00522	0.00644	0.00612	0.00750	0.00469	0.00460	0.00927	0.01348	0.03775	0.55978	0.05877	0.23846	0.01101	0.00596	0.00163	0.00249	0.00956	0.00534	0.00472
16	0.00787	0.00564	0.00715	0.00665	0.00805	0.00536	0.00503	0.01103	0.06690	0.03928	0.69157	0.03633	0.06957	0.01008	0.00589	0.00160	0.00255	0.00886	0.00553	0.00507
17	0.01783	0.01330	0.01421	0.01109	0.01489	0.01467	0.00910	0.66638	0.07860	0.02983	0.01544	0.01514	0.06266	0.00659	0.00513	0.00155	0.00524	0.00506	0.00504	0.00826
18	0.05962	0.32419	0.20490	0.01044	0.02883	0.02420	0.01052	0.08791	0.01172	0.03168	0.00997	0.06532	0.00872	0.00541	0.00415	0.00133	0.00552	0.00405	0.00285	0.09868
19	0.01169	0.01042	0.03105	0.27448	0.32021	0.01078	0.05895	0.04027	0.01155	0.06416	0.01227	0.07336	0.01070	0.00610	0.00528	0.00166	0.00601	0.04128	0.00300	0.00678
20	0.00734	0.00494	0.00569	0.00569	0.00576	0.00500	0.00329	0.00747	0.00741	0.00994	0.01577	0.03218	0.01799	0.76844	0.07905	0.00512	0.00550	0.00722	0.00304	0.00316
21	0.02797	0.15023	0.21562	0.17960	0.06201	0.07226	0.01258	0.02602	0.07696	0.07761	0.01095	0.02399	0.00853	0.00544	0.00487	0.00154	0.02023	0.01382	0.00293	0.00683
22	0.42027	0.15476	0.03495	0.01135	0.10623	0.13433	0.00844	0.04949	0.01085	0.01871	0.00774	0.00910	0.00628	0.00475	0.00373	0.00143	0.00539	0.00313	0.00286	0.00621
23	0.00802	0.00854	0.09887	0.01141	0.08812	0.00669	0.05511	0.01037	0.02067	0.01474	0.07306	0.41516	0.03945	0.01196	0.00611	0.00192	0.00431	0.11615	0.00411	0.00522
24	0.01423	0.01118	0.01249	0.00998	0.02848	0.01112	0.00786	0.27214	0.18069	0.04303	0.01284	0.01306	0.00971	0.00528	0.00455	0.00125	0.00447	0.00419	0.00423	0.34923

[dist]
# distance from previous block
# <min> <max>
0	5

[block]
# block no. 2 follows, 49 sequences, length 7
# corresponding to MSA columns:
# 640-646
name=unknown_C
#
# <colnr> <probs for GDERKNQSTAVLIFYWHMCP>
#	G	D	E	R	K	N	Q	S	T	A	V	L	I	F	Y	W	H	M	C	P
0	0.00704	0.00546	0.00751	0.11266	0.01129	0.00533	0.00599	0.00858	0.01055	0.01427	0.13734	0.51354	0.05824	0.01267	0.00599	0.00183	0.00340	0.01138	0.00438	0.06253
1	0.00636	0.00497	0.00577	0.00592	0.00716	0.00438	0.00431	0.00787	0.01190	0.01540	0.25838	0.22383	0.40012	0.01280	0.00608	0.00175	0.00260	0.01109	0.00495	0.00438
2	0.01382	0.01429	0.02213	0.02208	0.28588	0.14677	0.30922	0.01694	0.01234	0.06135	0.01074	0.01427	0.00866	0.00498	0.00538	0.00158	0.00737	0.03228	0.00284	0.00709
3	0.00996	0.00961	0.01687	0.68708	0.08276	0.01143	0.08417	0.01339	0.01037	0.01345	0.00914	0.01343	0.00691	0.00495	0.00514	0.00168	0.00686	0.00463	0.00229	0.00588
4	0.01128	0.01120	0.01623	0.01590	0.12821	0.01497	0.01172	0.01266	0.00830	0.01281	0.00706	0.01128	0.00684	0.00821	0.01488	0.00211	0.69373	0.00444	0.00226	0.00590
5	0.01150	0.00965	0.01573	0.49207	0.02753	0.01104	0.10543	0.01643	0.12481	0.08691	0.01214	0.01483	0.00890	0.00537	0.00513	0.00166	0.00617	0.00492	0.03343	0.00636
6	0.00809	0.00583	0.00781	0.00848	0.00930	0.00605	0.00657	0.01017	0.04902	0.04166	0.02531	0.43830	0.02840	0.01392	0.00726	0.00212	0.06267	0.25971	0.00458	0.00475

[dist]
# distance from previous block
# <min> <max>
0	1

[block]
# block no. 3 follows, 49 sequences, length 10
# corresponding to MSA columns:
# 648-657
name=unknown_D
#
# <colnr> <probs for GDERKNQSTAVLIFYWHMCP>
#	G	D	E	R	K	N	Q	S	T	A	V	L	I	F	Y	W	H	M	C	P
0	0.00684	0.00507	0.00638	0.00624	0.00741	0.00461	0.00461	0.00886	0.01329	0.01829	0.57351	0.13323	0.17015	0.01141	0.00602	0.00167	0.00248	0.01003	0.00532	0.00461
1	0.01576	0.01878	0.01426	0.01452	0.10740	0.52172	0.01012	0.01734	0.01261	0.01286	0.00916	0.01241	0.00811	0.00952	0.09867	0.00223	0.07922	0.02676	0.00263	0.00590
2	0.04546	0.20067	0.29980	0.01208	0.04331	0.04033	0.03138	0.09129	0.01220	0.06448	0.00950	0.01061	0.00720	0.00477	0.00433	0.00136	0.00607	0.00361	0.00286	0.10867
3	0.01333	0.00933	0.00944	0.00840	0.01076	0.10228	0.00647	0.06974	0.08677	0.20682	0.10389	0.15221	0.18060	0.00948	0.00552	0.00165	0.00417	0.00794	0.00498	0.00621
4	0.00627	0.00462	0.00588	0.00665	0.00729	0.00422	0.00457	0.00742	0.01061	0.01405	0.13742	0.59137	0.15184	0.01461	0.00631	0.00194	0.00280	0.01308	0.00482	0.00422
5	0.01359	0.01333	0.06437	0.17235	0.25945	0.05700	0.15766	0.11974	0.01329	0.06463	0.01042	0.01285	0.00788	0.00494	0.00517	0.00158	0.00672	0.00471	0.00303	0.00729
6	0.01250	0.15238	0.29619	0.01195	0.01640	0.05727	0.03579	0.06955	0.02677	0.07023	0.01033	0.01230	0.00812	0.00994	0.11702	0.00246	0.07710	0.00409	0.00282	0.00679
7	0.01164	0.04437	0.54898	0.01466	0.06339	0.10618	0.03764	0.01625	0.01125	0.03954	0.01028	0.05450	0.00820	0.00545	0.00488	0.00157	0.00722	0.00438	0.00249	0.00712
8	0.00641	0.00456	0.00606	0.00717	0.00752	0.00431	0.00492	0.00738	0.00973	0.01294	0.02709	0.70332	0.03219	0.06138	0.00760	0.00224	0.00321	0.08327	0.00460	0.00410
9	0.03520	0.07082	0.20545	0.03764	0.11948	0.02685	0.12720	0.09816	0.02652	0.15969	0.01219	0.03768	0.00915	0.00544	0.00500	0.00156	0.00624	0.00479	0.00348	0.00748

[dist]
# distance from previous block
# <min> <max>
0	5

[block]
# block no. 4 follows, 49 sequences, length 8
# corresponding to MSA columns:
# 663-670
name=unknown_E
#
# <colnr> <probs for GDERKNQSTAVLIFYWHMCP>
#	G	D	E	R	K	N	Q	S	T	A	V	L	I	F	Y	W	H	M	C	P
0	0.20537	0.00934	0.01080	0.18622	0.05128	0.02695	0.00800	0.07870	0.02773	0.01772	0.01041	0.01447	0.00888	0.11229	0.00699	0.00185	0.00490	0.00421	0.05192	0.16197
1	0.00698	0.00518	0.00661	0.00663	0.00779	0.00468	0.00486	0.00880	0.01233	0.01703	0.41718	0.27448	0.10722	0.01197	0.00602	0.00172	0.00273	0.03811	0.00504	0.05462
2	0.01345	0.01056	0.01472	0.01240	0.01320	0.01384	0.01032	0.01473	0.00912	0.17259	0.00937	0.01232	0.00784	0.00832	0.01423	0.00208	0.64715	0.00456	0.00304	0.00616
3	0.02191	0.01178	0.01227	0.00982	0.01347	0.17041	0.00791	0.02373	0.01444	0.63387	0.01746	0.01555	0.01129	0.00604	0.00498	0.00151	0.00529	0.00471	0.00551	0.00804
4	0.00616	0.00440	0.00587	0.00704	0.00733	0.00411	0.00469	0.00704	0.00968	0.01291	0.02787	0.81899	0.03344	0.01584	0.00645	0.00205	0.00293	0.01438	0.00469	0.00411
5	0.01783	0.01245	0.01626	0.01558	0.17461	0.01299	0.05359	0.39424	0.05166	0.17863	0.01341	0.01360	0.00950	0.00572	0.00511	0.00154	0.00551	0.00478	0.00463	0.00835
6	0.00959	0.00578	0.00679	0.00637	0.00831	0.00499	0.00489	0.01108	0.01214	0.17425	0.09831	0.12989	0.46052	0.01166	0.00588	0.00173	0.00302	0.03453	0.00508	0.00519
7	0.00899	0.03958	0.08099	0.01090	0.01339	0.00850	0.18727	0.01144	0.01118	0.01537	0.22837	0.02732	0.07988	0.17494	0.01050	0.00234	0.05509	0.02511	0.00363	0.00521

[dist]
# distance from previous block
# <min> <max>
0	7

[block]
# block no. 5 follows, 49 sequences, length 11
# corresponding to MSA columns:
# 678-688
name=unknown_F
#
# <colnr> <probs for GDERKNQSTAVLIFYWHMCP>
#	G	D	E	R	K	N	Q	S	T	A	V	L	I	F	Y	W	H	M	C	P
0	0.01835	0.00811	0.01047	0.00853	0.01179	0.00736	0.00686	0.02147	0.09616	0.55881	0.02431	0.08320	0.10579	0.00784	0.00530	0.00164	0.00396	0.00653	0.00583	0.00768
1	0.01189	0.01293	0.10943	0.10571	0.43432	0.01204	0.01419	0.07166	0.01160	0.01649	0.00966	0.01281	0.00797	0.00768	0.06776	0.00211	0.07737	0.00448	0.00262	0.00725
2	0.01335	0.10769	0.01353	0.01033	0.01338	0.06468	0.00825	0.05304	0.61277	0.01990	0.01784	0.01672	0.01355	0.00643	0.00488	0.00161	0.00456	0.00516	0.00463	0.00771
3	0.01176	0.01012	0.07173	0.07843	0.01465	0.00766	0.00785	0.03124	0.01133	0.10801	0.03617	0.03840	0.01009	0.00489	0.00429	0.00108	0.00433	0.00403	0.00343	0.54051
4	0.02844	0.06088	0.17559	0.01531	0.12731	0.10499	0.09695	0.09037	0.08309	0.12284	0.03698	0.01355	0.00997	0.00540	0.00495	0.00153	0.00631	0.00458	0.00353	0.00742
5	0.01157	0.01639	0.20510	0.02046	0.08299	0.01249	0.54226	0.01610	0.01161	0.01618	0.00991	0.01287	0.00741	0.00441	0.00563	0.00167	0.00809	0.00535	0.00246	0.00706
6	0.00959	0.00483	0.00705	0.00695	0.00739	0.00475	0.00482	0.00838	0.00774	0.07814	0.01231	0.11039	0.01226	0.01769	0.06758	0.62362	0.00481	0.00569	0.00288	0.00313
7	0.09883	0.13725	0.19123	0.04181	0.12514	0.02723	0.11879	0.05098	0.01116	0.04509	0.00916	0.01144	0.00726	0.01681	0.00609	0.00162	0.08646	0.00412	0.00267	0.00685
8	0.07713	0.09126	0.16447	0.02370	0.01586	0.08686	0.05361	0.13042	0.08033	0.03639	0.01106	0.01201	0.01870	0.00510	0.00446	0.00136	0.00573	0.00396	0.01617	0.16141
9	0.01478	0.05443	0.12595	0.08486	0.03693	0.12531	0.21762	0.22732	0.01520	0.03398	0.01017	0.01195	0.00755	0.00509	0.00511	0.00154	0.00721	0.00456	0.00322	0.00721
10	0.13899	0.06259	0.12751	0.13401	0.01704	0.03879	0.02245	0.07029	0.08425	0.03520	0.01078	0.01276	0.00844	0.00873	0.09370	0.00220	0.00639	0.00406	0.01757	0.10424

[dist]
# distance from previous block
# <min> <max>
0	7

[block]
# block no. 6 follows, 49 sequences, length 10
# corresponding to MSA columns:
# 696-705
name=unknown_G
#
# <colnr> <probs for GDERKNQSTAVLIFYWHMCP>
#	G	D	E	R	K	N	Q	S	T	A	V	L	I	F	Y	W	H	M	C	P
0	0.03506	0.06437	0.23596	0.01230	0.04060	0.01116	0.08638	0.09400	0.09656	0.08285	0.11090	0.02830	0.01401	0.00599	0.00498	0.00153	0.00552	0.00511	0.00371	0.06070
1	0.01438	0.00995	0.02689	0.03005	0.11774	0.02284	0.02425	0.03316	0.03821	0.23357	0.01383	0.03683	0.02307	0.00529	0.00459	0.00125	0.00454	0.00448	0.00398	0.35110
2	0.01526	0.01421	0.11377	0.02995	0.01591	0.01383	0.01059	0.38631	0.09294	0.04139	0.01156	0.01246	0.00864	0.00622	0.00676	0.00160	0.13369	0.00443	0.00404	0.07644
3	0.01132	0.00833	0.00979	0.00731	0.01128	0.00644	0.00583	0.01338	0.01116	0.11500	0.01709	0.01740	0.13215	0.00550	0.00427	0.00100	0.00363	0.00448	0.00368	0.61096
4	0.01199	0.00994	0.01143	0.13676	0.04461	0.09854	0.00836	0.01421	0.01150	0.10016	0.03040	0.08378	0.01354	0.00685	0.00492	0.00140	0.00500	0.10051	0.00357	0.30251
5	0.00954	0.00812	0.13034	0.00625	0.00843	0.00583	0.00594	0.01245	0.01062	0.01840	0.01532	0.01755	0.01192	0.00572	0.00374	0.00125	0.00317	0.00456	0.71570	0.00515
6	0.00948	0.01174	0.13644	0.16577	0.03765	0.08667	0.07210	0.01211	0.01076	0.01387	0.01727	0.31312	0.01827	0.00959	0.00570	0.00181	0.00566	0.06314	0.00338	0.00547
7	0.66588	0.00920	0.00823	0.10878	0.01254	0.01069	0.00633	0.01387	0.00867	0.02017	0.00817	0.01135	0.00691	0.08563	0.00561	0.00191	0.00437	0.00342	0.00301	0.00526
8	0.45378	0.07728	0.01382	0.01395	0.18785	0.01328	0.00926	0.01515	0.00980	0.01940	0.00837	0.01078	0.00711	0.00582	0.00607	0.00176	0.13324	0.00368	0.00304	0.00656
9	0.08187	0.00999	0.01142	0.01144	0.08842	0.02742	0.00783	0.15600	0.14852	0.03967	0.01493	0.02134	0.01341	0.16717	0.01144	0.11075	0.01820	0.04978	0.00407	0.00633

[dist]
# distance from previous block
# <min> <max>
0	33

# created by:
# /home/cegg/simao/soft/augustus-3.2.1/scripts/msa2prfl.pl ./align_prep/EOG091G14DH.fa
