[name]
unknown

[dist]
# distance from previous block
# <min> <max>
0	28

[block]
# block no. 0 follows, 37 sequences, length 8
# corresponding to MSA columns:
# 28-35
name=unknown_A
#
# <colnr> <probs for GDERKNQSTAVLIFYWHMCP>
#	G	D	E	R	K	N	Q	S	T	A	V	L	I	F	Y	W	H	M	C	P
0	0.00774	0.00560	0.00723	0.00821	0.00874	0.00536	0.00553	0.00882	0.01139	0.01510	0.03281	0.55198	0.09863	0.11687	0.08237	0.00358	0.00503	0.01491	0.00521	0.00488
1	0.09529	0.07127	0.01685	0.01403	0.04963	0.30449	0.07334	0.06983	0.01566	0.02032	0.01256	0.01462	0.01003	0.00630	0.00517	0.00163	0.00762	0.00473	0.19941	0.00723
2	0.00784	0.00596	0.00722	0.00747	0.00878	0.00534	0.00539	0.00975	0.01456	0.01930	0.31171	0.27210	0.27140	0.01548	0.00740	0.00214	0.00316	0.01357	0.00608	0.00534
3	0.01450	0.03417	0.01540	0.06574	0.08202	0.10077	0.03739	0.12579	0.04384	0.02073	0.02030	0.14295	0.07848	0.03579	0.00698	0.00192	0.00620	0.00771	0.00441	0.15491
4	0.01509	0.01263	0.08449	0.09492	0.03797	0.04071	0.04338	0.04355	0.07866	0.16274	0.07679	0.02414	0.04583	0.06607	0.14197	0.00361	0.00821	0.00682	0.00474	0.00768
5	0.14378	0.05063	0.11083	0.10142	0.02062	0.11902	0.04371	0.07797	0.06441	0.02085	0.01242	0.05079	0.01041	0.00717	0.00689	0.00189	0.08023	0.00531	0.00368	0.06795
6	0.12665	0.06647	0.05643	0.01254	0.07410	0.01269	0.02922	0.12587	0.08273	0.04298	0.01587	0.03757	0.01305	0.06135	0.00700	0.00202	0.00544	0.00569	0.17987	0.04250
7	0.04201	0.29778	0.09376	0.01518	0.09731	0.11030	0.04014	0.05313	0.01404	0.01800	0.01227	0.08506	0.01141	0.00683	0.00520	0.00161	0.00707	0.00536	0.00334	0.08019

[dist]
# distance from previous block
# <min> <max>
2	15

[block]
# block no. 1 follows, 37 sequences, length 23
# corresponding to MSA columns:
# 74-96
name=unknown_B
#
# <colnr> <probs for GDERKNQSTAVLIFYWHMCP>
#	G	D	E	R	K	N	Q	S	T	A	V	L	I	F	Y	W	H	M	C	P
0	0.01002	0.00874	0.01079	0.01148	0.07184	0.03057	0.03993	0.01400	0.10960	0.01854	0.07976	0.23134	0.28775	0.01348	0.00701	0.00211	0.00434	0.01180	0.03054	0.00634
1	0.00863	0.00591	0.00720	0.00765	0.00875	0.00540	0.00535	0.01016	0.01314	0.04288	0.14844	0.37805	0.19564	0.07584	0.00915	0.00249	0.00355	0.01369	0.05282	0.00527
2	0.01466	0.01937	0.22947	0.01804	0.12887	0.07819	0.03976	0.13079	0.01602	0.02175	0.06913	0.09312	0.03776	0.00851	0.00736	0.00199	0.06604	0.00694	0.00400	0.00823
3	0.01488	0.01477	0.12224	0.10848	0.12595	0.03303	0.01334	0.06106	0.16606	0.09001	0.01919	0.07851	0.01653	0.04224	0.00748	0.00223	0.00654	0.06448	0.00465	0.00835
4	0.01687	0.00783	0.01032	0.00931	0.01188	0.00692	0.00704	0.01854	0.01454	0.35986	0.03152	0.31891	0.09995	0.04655	0.00799	0.00232	0.00438	0.01131	0.00648	0.00749
5	0.01554	0.03696	0.01440	0.01372	0.10554	0.01021	0.03322	0.05593	0.04986	0.19239	0.15031	0.05404	0.07362	0.04612	0.07401	0.00279	0.02671	0.00786	0.02898	0.00779
6	0.01456	0.10741	0.15622	0.07270	0.21529	0.04270	0.02588	0.05617	0.03525	0.01875	0.01185	0.04713	0.01028	0.00733	0.00848	0.00199	0.15093	0.00555	0.00320	0.00832
7	0.00947	0.00614	0.00804	0.00875	0.00966	0.00585	0.00616	0.01114	0.03322	0.06701	0.06243	0.52130	0.06016	0.06302	0.03127	0.02759	0.00434	0.05341	0.00560	0.00544
8	0.78240	0.01282	0.00947	0.00849	0.01224	0.05611	0.00692	0.01836	0.01081	0.02676	0.00858	0.01001	0.00670	0.00572	0.00389	0.00188	0.00509	0.00335	0.00375	0.00666
9	0.00876	0.00649	0.00949	0.00949	0.01046	0.00746	0.00722	0.01071	0.00974	0.01395	0.01671	0.02580	0.01606	0.12683	0.68074	0.00941	0.01525	0.00682	0.00333	0.00527
10	0.04229	0.05437	0.14216	0.13123	0.14968	0.08378	0.01532	0.26242	0.01876	0.02516	0.01201	0.01402	0.00905	0.00634	0.00583	0.00183	0.00775	0.00502	0.00399	0.00899
11	0.01583	0.01377	0.01362	0.05225	0.01663	0.10079	0.00968	0.02766	0.46968	0.06824	0.08433	0.02370	0.03524	0.00839	0.00618	0.00197	0.00550	0.00689	0.03092	0.00872
12	0.00827	0.00623	0.00755	0.00723	0.00878	0.00561	0.00536	0.01064	0.01596	0.02166	0.51506	0.04920	0.25123	0.05032	0.00837	0.00216	0.00309	0.01149	0.00629	0.00550
13	0.02616	0.01013	0.01379	0.01067	0.01518	0.00877	0.00877	0.02857	0.01751	0.70061	0.07398	0.02256	0.01810	0.00792	0.00623	0.00190	0.00505	0.00650	0.00752	0.01010
14	0.00744	0.00613	0.00654	0.00661	0.00844	0.00523	0.00489	0.00912	0.01419	0.01751	0.14894	0.12294	0.58995	0.01544	0.00729	0.00209	0.00311	0.01308	0.00582	0.00523
15	0.02111	0.09181	0.10371	0.01553	0.01954	0.61352	0.01296	0.02336	0.01643	0.01544	0.00956	0.01116	0.00787	0.00616	0.00542	0.00160	0.01044	0.00395	0.00304	0.00738
16	0.01369	0.01322	0.02153	0.01705	0.02038	0.01462	0.24756	0.04511	0.19610	0.02039	0.05416	0.01999	0.01483	0.01289	0.10915	0.00320	0.15726	0.00684	0.00413	0.00789
17	0.01220	0.01219	0.05014	0.01028	0.01286	0.10860	0.00834	0.05583	0.11260	0.02142	0.27334	0.04948	0.14428	0.01451	0.08395	0.00274	0.00621	0.00887	0.00540	0.00676
18	0.00883	0.00626	0.00779	0.00753	0.00880	0.00587	0.00541	0.01084	0.01450	0.03483	0.40930	0.07662	0.15221	0.15763	0.06391	0.00326	0.00450	0.01082	0.00575	0.00534
19	0.01619	0.37778	0.19207	0.01304	0.01868	0.09309	0.01333	0.06869	0.05251	0.01819	0.01059	0.01195	0.00866	0.00591	0.00532	0.00158	0.03068	0.00406	0.00316	0.05453
20	0.07647	0.05268	0.20368	0.01215	0.01573	0.01259	0.01173	0.07337	0.01256	0.03860	0.01503	0.07560	0.01462	0.19246	0.02525	0.00311	0.11778	0.02142	0.00370	0.02149
21	0.04083	0.06706	0.12704	0.01768	0.13274	0.03488	0.07895	0.16887	0.04287	0.08977	0.04167	0.03178	0.04742	0.00712	0.00600	0.00183	0.00686	0.00605	0.00448	0.04611
22	0.05804	0.03910	0.17178	0.03400	0.08948	0.01303	0.10125	0.12978	0.01660	0.06839	0.13211	0.02241	0.06537	0.00771	0.00622	0.00189	0.00665	0.00670	0.00451	0.02497

[dist]
# distance from previous block
# <min> <max>
15	36

[block]
# block no. 2 follows, 37 sequences, length 25
# corresponding to MSA columns:
# 139-163
name=unknown_C
#
# <colnr> <probs for GDERKNQSTAVLIFYWHMCP>
#	G	D	E	R	K	N	Q	S	T	A	V	L	I	F	Y	W	H	M	C	P
0	0.01206	0.06755	0.06344	0.08368	0.03775	0.03726	0.02729	0.07928	0.01494	0.02005	0.17797	0.09565	0.07653	0.09018	0.02525	0.00244	0.00584	0.00830	0.00459	0.06994
1	0.01450	0.06408	0.08959	0.02204	0.23648	0.03552	0.15281	0.06190	0.01525	0.04492	0.10902	0.07581	0.01803	0.00755	0.00637	0.00189	0.00709	0.00714	0.00402	0.02600
2	0.19074	0.01759	0.22825	0.01580	0.09672	0.01297	0.06416	0.06271	0.05371	0.04707	0.07571	0.04159	0.05288	0.00745	0.00580	0.00195	0.00652	0.00617	0.00411	0.00810
3	0.04638	0.03857	0.01456	0.05317	0.17559	0.07984	0.01010	0.01578	0.06769	0.01726	0.06923	0.08808	0.01908	0.19775	0.01351	0.03226	0.04316	0.00751	0.00392	0.00659
4	0.05600	0.04086	0.04319	0.04554	0.19160	0.11441	0.03024	0.18242	0.01714	0.02358	0.01322	0.03170	0.01075	0.00813	0.03674	0.00205	0.00737	0.00533	0.08675	0.05297
5	0.16733	0.06557	0.11570	0.17816	0.16103	0.05832	0.05895	0.07721	0.01416	0.02122	0.01152	0.01426	0.01936	0.00601	0.00554	0.00187	0.00747	0.00493	0.00333	0.00806
6	0.06083	0.04923	0.04293	0.07681	0.23263	0.19199	0.01331	0.04362	0.01462	0.01920	0.01142	0.01515	0.00967	0.00603	0.00551	0.00163	0.00753	0.02996	0.00336	0.16458
7	0.00784	0.00580	0.00716	0.00780	0.00873	0.00532	0.00545	0.00931	0.01303	0.01717	0.16506	0.39874	0.19468	0.08760	0.00975	0.00262	0.00363	0.03954	0.00569	0.00507
8	0.01449	0.04521	0.06249	0.23689	0.23150	0.08853	0.10731	0.01883	0.04332	0.01812	0.01186	0.01548	0.00939	0.00606	0.00650	0.00190	0.03434	0.00546	0.03425	0.00807
9	0.00848	0.00732	0.01028	0.00910	0.01130	0.00650	0.08807	0.01076	0.01470	0.01897	0.23831	0.12249	0.40302	0.01387	0.00729	0.00207	0.00392	0.01221	0.00567	0.00567
10	0.00786	0.00559	0.00738	0.00834	0.00880	0.00540	0.00561	0.00903	0.01162	0.01571	0.08564	0.55913	0.03719	0.11985	0.07929	0.00356	0.00498	0.01482	0.00529	0.00492
11	0.01890	0.02035	0.04800	0.05779	0.02185	0.26029	0.12094	0.17173	0.13923	0.02263	0.01367	0.01510	0.01046	0.00687	0.00677	0.00188	0.04541	0.00545	0.00422	0.00845
12	0.01156	0.01088	0.01836	0.77016	0.04216	0.01360	0.01700	0.01564	0.01224	0.01564	0.01088	0.01632	0.00816	0.00612	0.00612	0.00204	0.00816	0.00544	0.00272	0.00680
13	0.00762	0.00568	0.00696	0.00774	0.00862	0.00517	0.00531	0.00893	0.01270	0.01657	0.11542	0.47442	0.21863	0.06535	0.00906	0.00254	0.00352	0.01507	0.00567	0.00503
14	0.01523	0.01315	0.01384	0.01246	0.01592	0.01523	0.00969	0.03253	0.73563	0.02561	0.02491	0.02284	0.01869	0.00830	0.00623	0.00208	0.00484	0.00692	0.00623	0.00969
15	0.01058	0.00664	0.00788	0.00751	0.00927	0.00591	0.00545	0.01221	0.01406	0.11750	0.18581	0.13613	0.30444	0.13603	0.01094	0.00268	0.00385	0.01153	0.00584	0.00575
16	0.02387	0.01128	0.10105	0.01114	0.05290	0.00891	0.00913	0.07698	0.04320	0.02155	0.20814	0.08162	0.21413	0.03659	0.00757	0.00212	0.00471	0.04306	0.00531	0.03675
17	0.00996	0.00632	0.00815	0.00808	0.00921	0.00619	0.00577	0.01168	0.01270	0.06992	0.19413	0.18496	0.06030	0.17548	0.15012	0.00427	0.00629	0.01043	0.06057	0.00544
18	0.01924	0.05928	0.07286	0.01316	0.01764	0.06297	0.01141	0.40819	0.11046	0.03058	0.05804	0.01865	0.01457	0.00770	0.00598	0.00184	0.00648	0.02323	0.04850	0.00923
19	0.01645	0.50347	0.15119	0.01250	0.01798	0.11888	0.01266	0.02035	0.06590	0.01614	0.01025	0.01146	0.00863	0.00570	0.00463	0.00151	0.00744	0.00384	0.00295	0.00809
20	0.04724	0.01239	0.04010	0.01147	0.01581	0.03774	0.06521	0.08571	0.04310	0.11490	0.10199	0.05989	0.01804	0.03246	0.00657	0.00172	0.00550	0.00635	0.00486	0.28893
21	0.09162	0.07403	0.01501	0.01146	0.01509	0.12226	0.00920	0.20104	0.05301	0.13893	0.05772	0.09662	0.07039	0.00902	0.00598	0.00187	0.00605	0.00711	0.00540	0.00818
22	0.01284	0.05348	0.01931	0.01787	0.13137	0.04945	0.10926	0.01545	0.01340	0.01854	0.17773	0.06461	0.04580	0.00965	0.01056	0.00213	0.22981	0.00764	0.00399	0.00711
23	0.06702	0.00924	0.01067	0.00957	0.01229	0.00940	0.00740	0.04538	0.15845	0.21560	0.02363	0.13390	0.02026	0.06603	0.00783	0.00226	0.00457	0.03670	0.15207	0.00772
24	0.01421	0.01499	0.01864	0.11788	0.02036	0.12442	0.04738	0.01616	0.01125	0.01513	0.00992	0.03685	0.00933	0.01079	0.04344	0.00267	0.47129	0.00566	0.00289	0.00674

[dist]
# distance from previous block
# <min> <max>
3	7

[block]
# block no. 3 follows, 37 sequences, length 34
# corresponding to MSA columns:
# 202-210,259-272,274-284
name=unknown_D
#
# <colnr> <probs for GDERKNQSTAVLIFYWHMCP>
#	G	D	E	R	K	N	Q	S	T	A	V	L	I	F	Y	W	H	M	C	P
0	0.01738	0.03124	0.09538	0.07194	0.04417	0.23478	0.01239	0.09128	0.07179	0.07005	0.10109	0.01951	0.03881	0.00790	0.00710	0.00188	0.06515	0.00593	0.00435	0.00789
1	0.01027	0.00698	0.00870	0.00865	0.01023	0.00673	0.00630	0.01312	0.06992	0.07935	0.10829	0.30262	0.14200	0.06666	0.10211	0.00336	0.00543	0.01195	0.00551	0.03183
2	0.03999	0.01490	0.07283	0.19081	0.46556	0.01447	0.05205	0.01804	0.01327	0.01907	0.01118	0.01509	0.00906	0.00578	0.00649	0.00192	0.03236	0.00540	0.00295	0.00877
3	0.04136	0.01317	0.06776	0.02411	0.37711	0.02992	0.01404	0.03972	0.01377	0.04447	0.01807	0.19987	0.01806	0.01081	0.03447	0.00232	0.00670	0.03215	0.00402	0.00811
4	0.00877	0.00644	0.00923	0.00923	0.01011	0.00732	0.00689	0.01054	0.00966	0.01376	0.01696	0.02714	0.01665	0.18878	0.61958	0.00908	0.01437	0.00701	0.00336	0.00513
5	0.01672	0.55226	0.02783	0.01209	0.01620	0.09566	0.01116	0.04253	0.01295	0.01534	0.00873	0.01073	0.00798	0.00637	0.00697	0.00159	0.14063	0.00378	0.00280	0.00767
6	0.00736	0.00583	0.00663	0.00723	0.00855	0.00510	0.00512	0.00874	0.01308	0.01633	0.06563	0.36724	0.42756	0.01700	0.00748	0.00224	0.00329	0.01479	0.00571	0.00510
7	0.00856	0.00658	0.00794	0.00800	0.00942	0.00634	0.00587	0.01147	0.06285	0.01878	0.24055	0.17531	0.23380	0.07023	0.08438	0.00316	0.00483	0.03072	0.00564	0.00556
8	0.02724	0.01078	0.01443	0.01106	0.01581	0.00953	0.00914	0.06702	0.01812	0.71289	0.02364	0.02051	0.01490	0.00756	0.00615	0.00189	0.00529	0.00612	0.00750	0.01042
9	0.07466	0.00672	0.00828	0.00794	0.00949	0.00642	0.00589	0.01225	0.01572	0.05074	0.53366	0.14770	0.04851	0.03563	0.00770	0.00212	0.00331	0.01111	0.00629	0.00584
10	0.01129	0.00986	0.01517	0.01273	0.01480	0.03357	0.15968	0.01356	0.01298	0.03920	0.13138	0.15418	0.06921	0.14185	0.02563	0.00294	0.08780	0.02669	0.03141	0.00606
11	0.01232	0.01056	0.01225	0.00887	0.01408	0.00796	0.00708	0.01496	0.01278	0.01971	0.01436	0.01584	0.05906	0.00528	0.00472	0.00099	0.00444	0.00426	0.00377	0.76673
12	0.04080	0.01542	0.09435	0.08007	0.38170	0.01442	0.01593	0.02260	0.20552	0.04492	0.01529	0.01707	0.01186	0.00637	0.00602	0.00192	0.00672	0.00570	0.00398	0.00934
13	0.05588	0.01551	0.01486	0.01390	0.04877	0.11279	0.01036	0.07734	0.52672	0.02494	0.02082	0.01978	0.01573	0.00773	0.00600	0.00197	0.00589	0.00620	0.00556	0.00925
14	0.01394	0.18092	0.32360	0.01734	0.05775	0.01582	0.14471	0.03266	0.03757	0.03469	0.04741	0.04176	0.01224	0.00649	0.00586	0.00185	0.00793	0.00569	0.00331	0.00847
15	0.01764	0.04027	0.02313	0.04955	0.34949	0.01401	0.12104	0.07350	0.04324	0.15711	0.03966	0.01757	0.01258	0.00631	0.00623	0.00187	0.00707	0.00603	0.00434	0.00938
16	0.01762	0.00805	0.01086	0.00980	0.01242	0.00721	0.00758	0.01950	0.01489	0.37748	0.05973	0.27844	0.02748	0.04983	0.00815	0.00236	0.00463	0.06975	0.00656	0.00768
17	0.00927	0.00692	0.00728	0.00750	0.00772	0.04183	0.00451	0.00957	0.00990	0.01281	0.02185	0.19421	0.02539	0.58685	0.02503	0.00500	0.00568	0.01045	0.00410	0.00414
18	0.01439	0.05200	0.05725	0.01951	0.06080	0.01575	0.27070	0.01883	0.07031	0.05313	0.01375	0.06561	0.01187	0.00815	0.01069	0.00221	0.23675	0.00685	0.00356	0.00789
19	0.01402	0.01033	0.01360	0.01165	0.01347	0.01174	0.03185	0.11684	0.01432	0.09696	0.08236	0.06271	0.07249	0.13078	0.09428	0.00359	0.19971	0.00782	0.00465	0.00682
20	0.02074	0.00918	0.01166	0.00943	0.01317	0.00813	0.00762	0.04964	0.01679	0.47176	0.06609	0.03020	0.17506	0.00949	0.00629	0.00189	0.00451	0.00780	0.07187	0.00868
21	0.01125	0.00605	0.00638	0.00629	0.00775	0.00603	0.00471	0.03307	0.01367	0.02304	0.09364	0.06539	0.02112	0.00832	0.00481	0.00154	0.00300	0.00687	0.67127	0.00580
22	0.01843	0.01473	0.01722	0.01510	0.05301	0.05484	0.06247	0.25779	0.24169	0.07685	0.02000	0.02406	0.01599	0.00849	0.00648	0.00203	0.00643	0.08948	0.00567	0.00925
23	0.01725	0.01770	0.07759	0.01556	0.01982	0.11780	0.11641	0.14235	0.26680	0.04337	0.04165	0.01828	0.01415	0.00748	0.00712	0.00198	0.05476	0.00615	0.00487	0.00889
24	0.00844	0.00615	0.00762	0.00839	0.00917	0.00596	0.00593	0.01018	0.03676	0.01559	0.03301	0.36175	0.12306	0.19725	0.03167	0.00345	0.00473	0.12073	0.00518	0.00498
25	0.03814	0.32913	0.09420	0.04607	0.01827	0.15211	0.01181	0.05420	0.06339	0.03954	0.01301	0.01416	0.03696	0.00646	0.00548	0.00162	0.03171	0.00450	0.00346	0.03578
26	0.10839	0.00797	0.00918	0.00825	0.01068	0.00774	0.00640	0.01613	0.06474	0.13124	0.37648	0.03742	0.14234	0.01095	0.00649	0.00193	0.00361	0.00923	0.03408	0.00674
27	0.01637	0.78856	0.03208	0.01047	0.01571	0.02422	0.01047	0.01833	0.01244	0.01440	0.00851	0.00982	0.00786	0.00524	0.00393	0.00131	0.00655	0.00327	0.00262	0.00786
28	0.00741	0.00591	0.00666	0.00723	0.00864	0.00516	0.00521	0.00882	0.01314	0.01627	0.05065	0.32314	0.46242	0.01689	0.00749	0.00225	0.00335	0.03856	0.00568	0.00511
29	0.00756	0.00615	0.00669	0.00670	0.00850	0.00528	0.00497	0.00936	0.01450	0.01818	0.20530	0.11216	0.54301	0.01515	0.00728	0.00207	0.00309	0.01287	0.00591	0.00528
30	0.01599	0.01141	0.01206	0.01038	0.01341	0.01259	0.00816	0.23477	0.23632	0.02799	0.02022	0.04055	0.01580	0.02529	0.00612	0.00188	0.00472	0.00639	0.28768	0.00827
31	0.00789	0.00595	0.00703	0.00738	0.00841	0.00558	0.00510	0.00912	0.01203	0.01549	0.07845	0.24039	0.28839	0.18554	0.09182	0.00382	0.00522	0.01246	0.00506	0.00487
32	0.01770	0.22623	0.09692	0.07340	0.05239	0.21728	0.01307	0.05742	0.08373	0.04278	0.01172	0.01329	0.00938	0.00647	0.00619	0.00173	0.05418	0.00453	0.00348	0.00810
33	0.03978	0.00940	0.01125	0.00949	0.01254	0.00877	0.00733	0.12262	0.01620	0.09617	0.19396	0.14924	0.02691	0.01080	0.00743	0.05752	0.00444	0.00836	0.00544	0.20238

[dist]
# distance from previous block
# <min> <max>
3	4

[block]
# block no. 4 follows, 37 sequences, length 28
# corresponding to MSA columns:
# 289-316
name=unknown_E
#
# <colnr> <probs for GDERKNQSTAVLIFYWHMCP>
#	G	D	E	R	K	N	Q	S	T	A	V	L	I	F	Y	W	H	M	C	P
0	0.15100	0.04506	0.04438	0.07505	0.06884	0.01250	0.01023	0.09754	0.01402	0.02237	0.01150	0.03811	0.00967	0.00608	0.00565	0.00152	0.03936	0.00462	0.00377	0.33874
1	0.00901	0.00637	0.00761	0.00768	0.00835	0.00635	0.00509	0.03267	0.01132	0.01509	0.07807	0.14324	0.09712	0.42146	0.09551	0.00494	0.00617	0.03481	0.00450	0.00464
2	0.01201	0.01054	0.01597	0.11081	0.21485	0.01163	0.01216	0.04280	0.01233	0.01738	0.01577	0.13351	0.01566	0.05786	0.14898	0.00371	0.10437	0.00754	0.00359	0.04852
3	0.00883	0.00634	0.00773	0.04092	0.00973	0.00610	0.00546	0.00995	0.01151	0.01543	0.08957	0.17284	0.13117	0.32531	0.01718	0.02267	0.00476	0.04552	0.03142	0.03756
4	0.01789	0.01760	0.02025	0.08694	0.30871	0.17215	0.01479	0.14822	0.09343	0.02238	0.01293	0.01507	0.01023	0.00646	0.00632	0.00184	0.02659	0.00530	0.00392	0.00896
5	0.01188	0.01125	0.01919	0.58541	0.09301	0.01352	0.05421	0.01575	0.01230	0.01615	0.01171	0.01783	0.00937	0.00849	0.04518	0.00247	0.03939	0.02303	0.00286	0.00700
6	0.01611	0.01399	0.01990	0.05350	0.33832	0.04742	0.04323	0.04897	0.08056	0.07933	0.01365	0.01566	0.01068	0.00581	0.00577	0.00165	0.00659	0.00524	0.00394	0.18965
7	0.01310	0.01007	0.01429	0.01176	0.01504	0.00944	0.09058	0.04347	0.04279	0.08176	0.05795	0.12474	0.02052	0.06352	0.03918	0.00245	0.04141	0.07838	0.00469	0.23486
8	0.00838	0.00639	0.00852	0.00838	0.00980	0.00653	0.00642	0.01062	0.01297	0.01777	0.23983	0.03836	0.19416	0.02918	0.36787	0.00575	0.00940	0.00933	0.00484	0.00549
9	0.06429	0.04273	0.01910	0.07624	0.08581	0.27616	0.10108	0.07234	0.01511	0.01827	0.01217	0.03809	0.01080	0.07441	0.03515	0.00246	0.03941	0.00563	0.00345	0.00728
10	0.09056	0.01176	0.02140	0.01640	0.02044	0.01119	0.33343	0.01704	0.01472	0.07949	0.17741	0.07866	0.04937	0.00889	0.00691	0.00207	0.00681	0.04146	0.00471	0.00727
11	0.05376	0.01003	0.01330	0.01045	0.01482	0.00879	0.00855	0.02741	0.01683	0.65575	0.02595	0.05581	0.05306	0.00842	0.00620	0.00193	0.00501	0.00689	0.00726	0.00978
12	0.00925	0.00689	0.00786	0.00763	0.00964	0.00629	0.00583	0.01232	0.06494	0.05328	0.23253	0.08848	0.40724	0.01412	0.00721	0.00208	0.00342	0.04901	0.00608	0.00590
13	0.01619	0.29276	0.21393	0.10241	0.06339	0.09468	0.02922	0.04810	0.01410	0.05671	0.01086	0.01272	0.00849	0.00582	0.00523	0.00168	0.00790	0.00436	0.00312	0.00832
14	0.01230	0.01163	0.01969	0.61959	0.18696	0.01379	0.01737	0.01629	0.01259	0.01654	0.01101	0.01608	0.00848	0.00598	0.00611	0.00199	0.00798	0.00544	0.00278	0.00740
15	0.69758	0.05529	0.01114	0.00901	0.01281	0.09503	0.00740	0.01871	0.01127	0.02541	0.00862	0.01006	0.00683	0.00573	0.00398	0.00183	0.00551	0.00338	0.00366	0.00675
16	0.00837	0.00656	0.00777	0.00807	0.00968	0.00614	0.00618	0.01107	0.05067	0.01828	0.15648	0.17489	0.34292	0.01682	0.04059	0.00257	0.00420	0.11745	0.00577	0.00555
17	0.03770	0.01021	0.01194	0.01071	0.01188	0.04130	0.00818	0.08316	0.01223	0.04035	0.01563	0.02591	0.01536	0.26000	0.11073	0.00433	0.19536	0.02932	0.06974	0.00598
18	0.00890	0.00593	0.00668	0.00668	0.00668	0.00593	0.00371	0.00890	0.00890	0.01187	0.01929	0.04006	0.02225	0.78487	0.03116	0.00593	0.00593	0.00890	0.00371	0.00371
19	0.01228	0.03166	0.75316	0.01745	0.02649	0.01422	0.02262	0.01939	0.01292	0.01939	0.01099	0.01292	0.00775	0.00582	0.00582	0.00194	0.00905	0.00452	0.00258	0.00905
20	0.00770	0.00623	0.00686	0.00701	0.00871	0.00548	0.00514	0.00976	0.03232	0.01782	0.16011	0.18813	0.49206	0.01554	0.00731	0.00212	0.00319	0.01330	0.00586	0.00534
21	0.01289	0.01177	0.05119	0.03866	0.12901	0.01065	0.13756	0.04524	0.04313	0.03545	0.07674	0.06155	0.05527	0.00843	0.00627	0.00188	0.00598	0.05959	0.13303	0.07571
22	0.00874	0.00656	0.00984	0.00984	0.01093	0.00765	0.00765	0.01093	0.00984	0.01421	0.01640	0.02405	0.01530	0.04591	0.76062	0.00984	0.01640	0.00656	0.00328	0.00547
23	0.10687	0.01281	0.01446	0.01170	0.01591	0.01343	0.00956	0.24654	0.13799	0.27088	0.05641	0.02093	0.01616	0.00798	0.00604	0.00194	0.00548	0.02902	0.00639	0.00950
24	0.01376	0.10026	0.03774	0.01024	0.01555	0.01046	0.04120	0.01652	0.01284	0.05528	0.01168	0.01404	0.00973	0.03586	0.00577	0.00129	0.00525	0.00411	0.00366	0.59477
25	0.03829	0.00863	0.01132	0.00991	0.01291	0.00791	0.00790	0.04118	0.01598	0.37867	0.11026	0.17569	0.02683	0.01131	0.00671	0.00209	0.00460	0.08219	0.03958	0.00803
26	0.00734	0.00602	0.00647	0.00675	0.00843	0.00515	0.00492	0.00884	0.01362	0.01668	0.08432	0.21104	0.56689	0.01616	0.00736	0.00215	0.00319	0.01379	0.00573	0.00515
27	0.01278	0.03530	0.05126	0.36106	0.23555	0.03652	0.01574	0.01653	0.01347	0.01810	0.07705	0.02047	0.01430	0.00694	0.00615	0.00194	0.00726	0.03486	0.02712	0.00759

[dist]
# distance from previous block
# <min> <max>
0	1

[block]
# block no. 5 follows, 37 sequences, length 75
# corresponding to MSA columns:
# 318-338,363-373,389-400,407-437
name=unknown_F
#
# <colnr> <probs for GDERKNQSTAVLIFYWHMCP>
#	G	D	E	R	K	N	Q	S	T	A	V	L	I	F	Y	W	H	M	C	P
0	0.01924	0.04592	0.01812	0.12643	0.02166	0.07273	0.03702	0.36047	0.07192	0.05922	0.04167	0.01651	0.01228	0.00703	0.00597	0.00180	0.00689	0.00558	0.01438	0.05517
1	0.01695	0.01629	0.08057	0.01377	0.04096	0.10235	0.01117	0.10330	0.36617	0.07837	0.02168	0.07085	0.03329	0.00849	0.00621	0.00198	0.00614	0.00694	0.00547	0.00904
2	0.01403	0.03263	0.04260	0.01207	0.01488	0.03058	0.03724	0.12146	0.14257	0.04146	0.02343	0.07041	0.03906	0.06094	0.00898	0.00245	0.04173	0.19638	0.05969	0.00739
3	0.01177	0.01086	0.01815	0.69090	0.08235	0.01329	0.01651	0.01576	0.01237	0.01623	0.01134	0.01655	0.00860	0.00613	0.00603	0.00200	0.00786	0.00545	0.04092	0.00692
4	0.01277	0.01192	0.01996	0.36260	0.34305	0.01308	0.01644	0.01652	0.01358	0.01858	0.09821	0.01931	0.01472	0.00659	0.00622	0.00193	0.00715	0.00612	0.00333	0.00793
5	0.01425	0.09219	0.01560	0.01340	0.06764	0.10391	0.04271	0.04239	0.01325	0.08315	0.01750	0.13333	0.01677	0.02042	0.21578	0.05901	0.00938	0.02853	0.00406	0.00674
6	0.01333	0.00998	0.01099	0.01003	0.01295	0.01049	0.00784	0.02264	0.35842	0.09569	0.09501	0.03731	0.23318	0.01110	0.00671	0.00208	0.00425	0.04386	0.00622	0.00792
7	0.00726	0.00612	0.00629	0.00642	0.00833	0.00515	0.00475	0.00876	0.01374	0.01645	0.05931	0.12784	0.67702	0.01585	0.00729	0.00211	0.00314	0.01335	0.00568	0.00515
8	0.03351	0.01553	0.01918	0.01667	0.07467	0.06831	0.07363	0.24074	0.09015	0.13385	0.01493	0.01603	0.01109	0.00768	0.00881	0.00203	0.15344	0.00571	0.00494	0.00909
9	0.01689	0.01932	0.01503	0.06480	0.06632	0.39690	0.01094	0.02759	0.04164	0.01657	0.04486	0.06001	0.07395	0.01229	0.08215	0.00262	0.00935	0.02809	0.00383	0.00686
10	0.07798	0.01226	0.01454	0.01135	0.01581	0.01215	0.00933	0.24752	0.02043	0.41148	0.05295	0.02102	0.04903	0.00796	0.00608	0.00189	0.00546	0.00629	0.00674	0.00972
11	0.01182	0.01069	0.01670	0.06466	0.01737	0.01253	0.11240	0.01399	0.01179	0.04450	0.04842	0.15372	0.08971	0.02667	0.05149	0.00282	0.29145	0.00884	0.00395	0.00647
12	0.02952	0.04438	0.01600	0.08549	0.03786	0.17120	0.06459	0.10816	0.04199	0.05149	0.01887	0.22589	0.01860	0.03062	0.00704	0.00209	0.00691	0.00862	0.02345	0.00721
13	0.00813	0.00580	0.00779	0.00853	0.00918	0.00590	0.00598	0.00950	0.01100	0.01513	0.02770	0.42484	0.05735	0.10371	0.23389	0.00496	0.00757	0.01271	0.03531	0.00503
14	0.01140	0.00972	0.01353	0.01214	0.01353	0.01133	0.04643	0.04641	0.01342	0.01888	0.13686	0.03635	0.10053	0.03437	0.04035	0.00275	0.25216	0.14833	0.04528	0.00625
15	0.01543	0.04195	0.09078	0.07649	0.02086	0.01352	0.12453	0.10473	0.18353	0.09090	0.10085	0.02423	0.04122	0.00813	0.00647	0.00200	0.00647	0.03432	0.00509	0.00851
16	0.01149	0.00911	0.01004	0.04873	0.03055	0.05812	0.00716	0.04440	0.04693	0.04709	0.17732	0.03616	0.16944	0.14964	0.08231	0.00336	0.00602	0.00883	0.04725	0.00606
17	0.39802	0.01061	0.00983	0.04780	0.01303	0.01192	0.00719	0.10608	0.04156	0.02653	0.01494	0.01652	0.03318	0.00673	0.00454	0.00178	0.00459	0.00481	0.23343	0.00693
18	0.01433	0.03681	0.02247	0.07229	0.59888	0.01371	0.01673	0.01778	0.01373	0.01960	0.01457	0.01784	0.04807	0.00612	0.00594	0.00180	0.00679	0.00579	0.05776	0.00898
19	0.38122	0.01461	0.01463	0.01297	0.06452	0.01635	0.00988	0.36342	0.01961	0.03238	0.01173	0.01261	0.00868	0.00648	0.00508	0.00186	0.00588	0.00453	0.00488	0.00868
20	0.01438	0.01365	0.02317	0.13780	0.61090	0.01402	0.01808	0.01803	0.01371	0.01931	0.01251	0.01811	0.01081	0.00614	0.00619	0.00190	0.00731	0.04177	0.00312	0.00908
21	0.13666	0.02597	0.01623	0.01464	0.01785	0.61485	0.01113	0.04224	0.01646	0.01738	0.00943	0.01105	0.00778	0.00636	0.00568	0.00166	0.03028	0.00393	0.00331	0.00711
22	0.00791	0.00613	0.00720	0.00713	0.00873	0.00542	0.00527	0.01001	0.01523	0.02006	0.36695	0.13247	0.35638	0.01456	0.00729	0.00205	0.00305	0.01258	0.00616	0.00542
23	0.00736	0.00621	0.00638	0.00633	0.00835	0.00522	0.00475	0.00903	0.01425	0.01725	0.12247	0.05774	0.68331	0.01524	0.00723	0.00205	0.00308	0.01275	0.00578	0.00522
24	0.00784	0.00608	0.00699	0.00722	0.00864	0.00542	0.00525	0.00950	0.01377	0.01763	0.18554	0.18399	0.38203	0.08431	0.00953	0.00250	0.00353	0.04938	0.00571	0.00515
25	0.04662	0.01649	0.01761	0.01369	0.01843	0.01827	0.01126	0.62997	0.08781	0.05405	0.01560	0.01539	0.01111	0.00739	0.00606	0.00186	0.00648	0.00558	0.00610	0.01024
26	0.02327	0.01715	0.01837	0.01408	0.01898	0.01898	0.01163	0.72628	0.02878	0.03858	0.01470	0.01470	0.01041	0.00735	0.00612	0.00184	0.00674	0.00551	0.00612	0.01041
27	0.64523	0.01276	0.05884	0.00905	0.01320	0.01288	0.00796	0.01932	0.01154	0.11994	0.01149	0.03557	0.00886	0.00636	0.00435	0.00192	0.00504	0.00420	0.00426	0.00723
28	0.02569	0.01014	0.01360	0.01059	0.01502	0.00892	0.00869	0.02855	0.03912	0.66994	0.05094	0.02191	0.01688	0.00776	0.00612	0.00188	0.00501	0.00634	0.04287	0.01002
29	0.01572	0.07568	0.27292	0.03727	0.09812	0.08036	0.04622	0.04685	0.05204	0.10603	0.01753	0.05071	0.05916	0.00737	0.00600	0.00189	0.00750	0.00608	0.00396	0.00858
30	0.04839	0.14959	0.02077	0.16611	0.11442	0.17682	0.01333	0.07765	0.03618	0.03582	0.01088	0.01351	0.00883	0.00664	0.00713	0.00184	0.09615	0.00472	0.00337	0.00786
31	0.01558	0.01164	0.03366	0.03271	0.05446	0.00965	0.05642	0.04591	0.01421	0.15489	0.01600	0.01783	0.03845	0.03545	0.02926	0.00180	0.00584	0.00520	0.00441	0.41662
32	0.01107	0.00879	0.01021	0.01099	0.03878	0.04687	0.00781	0.08435	0.03581	0.01834	0.02663	0.35382	0.02959	0.11700	0.04012	0.00314	0.00564	0.13995	0.00515	0.00593
33	0.01278	0.12135	0.33136	0.01586	0.02161	0.03209	0.11857	0.01787	0.04013	0.01836	0.04199	0.10540	0.01493	0.00817	0.00696	0.00200	0.05133	0.02790	0.00343	0.00792
34	0.00777	0.00585	0.00722	0.00787	0.00898	0.00530	0.00566	0.00942	0.01356	0.01774	0.17639	0.39470	0.24252	0.01674	0.00757	0.00228	0.00342	0.05590	0.00588	0.00522
35	0.01156	0.01088	0.01836	0.77016	0.04216	0.01360	0.01700	0.01564	0.01224	0.01564	0.01088	0.01632	0.00816	0.00612	0.00612	0.00204	0.00816	0.00544	0.00272	0.00680
36	0.46765	0.04444	0.01417	0.01152	0.01536	0.17902	0.05634	0.05987	0.03938	0.02418	0.03177	0.01241	0.00929	0.00616	0.00473	0.00182	0.00663	0.00420	0.00387	0.00718
37	0.01228	0.01041	0.01223	0.00893	0.01396	0.00792	0.00710	0.01502	0.01317	0.02042	0.08590	0.01608	0.01405	0.00535	0.00481	0.00101	0.00436	0.00439	0.00395	0.73868
38	0.00936	0.00953	0.08657	0.01097	0.01277	0.00894	0.00948	0.01194	0.01021	0.01484	0.01609	0.05761	0.01522	0.03820	0.59851	0.00821	0.06560	0.00678	0.00328	0.00589
39	0.01609	0.73788	0.08035	0.01094	0.01643	0.02355	0.01129	0.01840	0.01247	0.01474	0.00868	0.01003	0.00785	0.00528	0.00405	0.00135	0.00671	0.00336	0.00262	0.00794
40	0.00820	0.00619	0.00757	0.00732	0.00889	0.00556	0.00546	0.01062	0.01610	0.02185	0.51663	0.08724	0.24857	0.01369	0.00725	0.00199	0.00298	0.01191	0.00639	0.00556
41	0.05057	0.00934	0.01122	0.00922	0.01285	0.00848	0.00743	0.07691	0.01684	0.37405	0.06027	0.03460	0.28137	0.01053	0.00649	0.00195	0.00447	0.00862	0.00659	0.00820
42	0.02130	0.02628	0.01679	0.06573	0.01988	0.64588	0.01178	0.02383	0.05038	0.01583	0.01069	0.01241	0.00871	0.00642	0.00554	0.00163	0.01024	0.00425	0.03528	0.00714
43	0.00745	0.00537	0.00706	0.00842	0.00885	0.00498	0.00564	0.00853	0.01182	0.01567	0.03497	0.74941	0.07116	0.01902	0.00779	0.00247	0.00353	0.01721	0.00568	0.00498
44	0.51787	0.01176	0.01092	0.00917	0.01312	0.01285	0.00753	0.10300	0.01416	0.17429	0.01316	0.01356	0.00940	0.00636	0.00457	0.00186	0.00494	0.00430	0.05940	0.00777
45	0.01049	0.00801	0.03759	0.06249	0.01241	0.00754	0.00728	0.04916	0.04371	0.03987	0.02482	0.36177	0.02668	0.13673	0.02962	0.01709	0.00500	0.01143	0.10254	0.00577
46	0.00762	0.00569	0.00711	0.00800	0.00891	0.00518	0.00561	0.00906	0.01292	0.01688	0.11509	0.50741	0.20711	0.01753	0.00764	0.00234	0.00345	0.04153	0.00579	0.00513
47	0.00877	0.00608	0.00711	0.00744	0.00769	0.00607	0.00452	0.00983	0.04137	0.01352	0.02357	0.24611	0.02719	0.53727	0.02355	0.00480	0.00522	0.01119	0.00437	0.00432
48	0.80941	0.01196	0.00921	0.00819	0.01200	0.01385	0.00675	0.03445	0.01084	0.02772	0.00867	0.01005	0.00672	0.00572	0.00384	0.00189	0.00478	0.00337	0.00384	0.00672
49	0.00756	0.00545	0.00719	0.00855	0.00903	0.00508	0.00583	0.00873	0.01193	0.01579	0.03490	0.71639	0.07063	0.01891	0.00782	0.00248	0.00363	0.04940	0.00568	0.00501
50	0.01929	0.04613	0.01925	0.05777	0.16546	0.11504	0.01295	0.30805	0.13327	0.02730	0.01448	0.01545	0.01100	0.00679	0.00594	0.00181	0.00715	0.00539	0.00478	0.02270
51	0.01276	0.02595	0.53792	0.01641	0.02405	0.01345	0.06960	0.06544	0.01419	0.02048	0.01551	0.01837	0.05840	0.00685	0.00606	0.00193	0.00823	0.03029	0.00323	0.05089
52	0.14172	0.11953	0.17282	0.03897	0.02004	0.14008	0.07117	0.10071	0.01563	0.05358	0.06084	0.01493	0.01177	0.00647	0.00548	0.00179	0.00762	0.00496	0.00382	0.00805
53	0.01441	0.15194	0.09822	0.02160	0.12508	0.02912	0.30887	0.01916	0.05104	0.01864	0.02472	0.04839	0.01149	0.00645	0.00690	0.00192	0.04414	0.00637	0.00327	0.00826
54	0.19223	0.01181	0.01348	0.01086	0.01496	0.01219	0.00890	0.12643	0.07399	0.37352	0.01868	0.01760	0.01268	0.00732	0.00617	0.00191	0.03838	0.00547	0.04421	0.00918
55	0.01420	0.01368	0.02183	0.13314	0.54395	0.04005	0.01694	0.01768	0.01396	0.01919	0.04082	0.01980	0.04367	0.00661	0.00621	0.00188	0.00714	0.02717	0.00332	0.00875
56	0.02166	0.08897	0.01790	0.01283	0.01695	0.09335	0.06689	0.09693	0.01695	0.34460	0.01825	0.01942	0.01318	0.00872	0.03140	0.00212	0.03999	0.03188	0.04915	0.00888
57	0.02124	0.01054	0.01303	0.01054	0.01435	0.01020	0.00851	0.11521	0.10021	0.40189	0.13365	0.02429	0.02157	0.00835	0.00616	0.00187	0.00480	0.00688	0.07752	0.00921
58	0.00808	0.00614	0.00743	0.00731	0.00883	0.00549	0.00540	0.01034	0.01565	0.02102	0.44877	0.12809	0.27680	0.01418	0.00729	0.00203	0.00303	0.01234	0.00629	0.00549
59	0.01753	0.05422	0.01615	0.08990	0.01859	0.03381	0.01053	0.36115	0.11720	0.02776	0.01810	0.12065	0.01594	0.06087	0.00791	0.00222	0.00624	0.00737	0.00531	0.00855
60	0.06114	0.01601	0.04100	0.09879	0.09814	0.13511	0.03891	0.02472	0.30378	0.04068	0.01721	0.04024	0.01360	0.00749	0.00654	0.00198	0.03559	0.00608	0.00452	0.00848
61	0.01946	0.02293	0.05674	0.01588	0.01953	0.44540	0.11001	0.04274	0.01634	0.05488	0.04087	0.03579	0.01199	0.02798	0.00697	0.00187	0.02872	0.00545	0.02906	0.00737
62	0.10706	0.00871	0.00889	0.00782	0.01043	0.00902	0.00616	0.11105	0.04137	0.07656	0.01978	0.02122	0.04190	0.00731	0.00479	0.00160	0.00388	0.00570	0.47507	0.03167
63	0.01309	0.01179	0.01953	0.45541	0.08539	0.01429	0.06299	0.01634	0.01204	0.05027	0.01108	0.01597	0.00874	0.00753	0.00958	0.03200	0.15831	0.00557	0.00298	0.00711
64	0.01743	0.01370	0.03903	0.04906	0.21190	0.01356	0.11419	0.12812	0.02474	0.15693	0.04325	0.02030	0.05079	0.02799	0.00797	0.00207	0.05895	0.00651	0.00463	0.00887
65	0.01033	0.00664	0.00862	0.00846	0.00995	0.00621	0.00620	0.01316	0.04592	0.09103	0.40243	0.28411	0.05496	0.01409	0.00727	0.00211	0.00341	0.01253	0.00644	0.00611
66	0.00840	0.00602	0.00728	0.00778	0.00877	0.00558	0.00539	0.00962	0.01244	0.03774	0.07950	0.37958	0.23746	0.12923	0.01117	0.00283	0.01542	0.02525	0.00546	0.00509
67	0.01002	0.00849	0.05844	0.00961	0.01135	0.00714	0.00761	0.06965	0.01389	0.04592	0.06260	0.48471	0.09396	0.01720	0.03644	0.00261	0.00476	0.04406	0.00553	0.00600
68	0.01506	0.01464	0.02025	0.07084	0.23427	0.07249	0.01493	0.01731	0.01183	0.04526	0.00999	0.01422	0.00880	0.00841	0.01339	0.00227	0.40994	0.00532	0.00301	0.00777
69	0.26261	0.01118	0.01275	0.01017	0.01451	0.01101	0.00837	0.07742	0.01625	0.45655	0.04656	0.01812	0.01393	0.00719	0.00550	0.00189	0.00509	0.00546	0.00632	0.00912
70	0.01337	0.02296	0.43167	0.05213	0.06094	0.03920	0.06093	0.01861	0.01341	0.07006	0.05729	0.01782	0.01267	0.04265	0.05766	0.00263	0.00878	0.00560	0.00336	0.00828
71	0.14601	0.01203	0.01418	0.07928	0.01775	0.01306	0.04281	0.09039	0.25267	0.15309	0.02167	0.02121	0.06245	0.00776	0.00585	0.00196	0.00543	0.00632	0.03747	0.00862
72	0.01156	0.01088	0.01836	0.77016	0.04216	0.01360	0.01700	0.01564	0.01224	0.01564	0.01088	0.01632	0.00816	0.00612	0.00612	0.00204	0.00816	0.00544	0.00272	0.00680
73	0.03273	0.01196	0.01917	0.35434	0.28985	0.01330	0.01590	0.01803	0.05923	0.03562	0.01371	0.01925	0.01120	0.00664	0.00610	0.00197	0.00715	0.04184	0.03400	0.00801
74	0.01457	0.04759	0.01455	0.04194	0.08971	0.01291	0.00979	0.10835	0.21794	0.05048	0.02181	0.09159	0.05459	0.06178	0.00858	0.00224	0.04986	0.00753	0.08621	0.00797

[dist]
# distance from previous block
# <min> <max>
0	1

[block]
# block no. 6 follows, 37 sequences, length 11
# corresponding to MSA columns:
# 439-449
name=unknown_G
#
# <colnr> <probs for GDERKNQSTAVLIFYWHMCP>
#	G	D	E	R	K	N	Q	S	T	A	V	L	I	F	Y	W	H	M	C	P
0	0.44158	0.01258	0.05042	0.01318	0.11265	0.01231	0.00961	0.02066	0.01309	0.19890	0.05176	0.01530	0.01185	0.00647	0.00495	0.00189	0.00531	0.00476	0.00469	0.00803
1	0.01504	0.01249	0.01915	0.02632	0.45097	0.01266	0.01411	0.05908	0.07255	0.06059	0.01612	0.07041	0.01422	0.06811	0.00806	0.00219	0.00629	0.00671	0.05621	0.00873
2	0.33893	0.01200	0.03379	0.00999	0.01385	0.01236	0.00836	0.05760	0.10059	0.15398	0.01489	0.01549	0.01100	0.00803	0.03173	0.00211	0.03686	0.00479	0.06005	0.07361
3	0.01074	0.00703	0.00871	0.00819	0.01009	0.00663	0.00618	0.01365	0.05203	0.10388	0.29551	0.09758	0.21393	0.04704	0.08807	0.00301	0.00491	0.01066	0.00598	0.00619
4	0.00889	0.00655	0.00797	0.00816	0.00945	0.00620	0.00607	0.03563	0.01422	0.01882	0.22157	0.17742	0.19309	0.13309	0.01115	0.00281	0.00409	0.12382	0.00566	0.00533
5	0.03641	0.01150	0.06687	0.02368	0.01400	0.01126	0.00946	0.15692	0.03766	0.02155	0.08994	0.07019	0.07052	0.12461	0.09313	0.00353	0.08318	0.06410	0.00471	0.00679
6	0.05386	0.00908	0.01094	0.05235	0.07199	0.00927	0.00809	0.01744	0.16367	0.06703	0.15755	0.05925	0.23089	0.01084	0.00648	0.00198	0.00425	0.00919	0.04875	0.00709
7	0.01322	0.01456	0.12229	0.03485	0.05914	0.04054	0.10058	0.10026	0.07033	0.02178	0.13562	0.02878	0.03581	0.05163	0.06875	0.00287	0.00753	0.07936	0.00456	0.00754
8	0.06481	0.06285	0.14301	0.08090	0.19762	0.04974	0.07377	0.05398	0.03474	0.01993	0.01249	0.01662	0.01038	0.07123	0.00779	0.00213	0.00735	0.00536	0.03554	0.04976
9	0.01464	0.04472	0.07696	0.03220	0.19235	0.08448	0.05137	0.06395	0.08069	0.04313	0.05880	0.08827	0.05525	0.00887	0.00637	0.00196	0.00661	0.05277	0.02859	0.00803
10	0.12928	0.09335	0.14256	0.01196	0.04578	0.03644	0.01077	0.01906	0.07913	0.07282	0.04518	0.01892	0.07103	0.00692	0.00527	0.00165	0.00572	0.00537	0.02899	0.16983

[dist]
# distance from previous block
# <min> <max>
0	74

# created by:
# /home/cegg/simao/soft/augustus-3.2.1/scripts/msa2prfl.pl ./align_prep/EOG091G0LMY.fa
