[name]
unknown

[dist]
# distance from previous block
# <min> <max>
0	48

[block]
# block no. 0 follows, 50 sequences, length 75
# corresponding to MSA columns:
# 48-122
name=unknown_A
#
# <colnr> <probs for GDERKNQSTAVLIFYWHMCP>
#	G	D	E	R	K	N	Q	S	T	A	V	L	I	F	Y	W	H	M	C	P
0	0.20777	0.00905	0.01037	0.06886	0.02450	0.02491	0.00730	0.08269	0.04986	0.29371	0.05776	0.08398	0.01400	0.02401	0.00518	0.00167	0.00435	0.01870	0.00463	0.00671
1	0.04553	0.00814	0.00990	0.04343	0.01176	0.00818	0.02503	0.16638	0.04600	0.15708	0.15046	0.12155	0.16784	0.00903	0.00543	0.00164	0.00387	0.00765	0.00491	0.00620
2	0.08788	0.01214	0.01619	0.20594	0.32979	0.09905	0.02981	0.07296	0.01206	0.03537	0.01045	0.01288	0.02919	0.00503	0.00477	0.00151	0.00610	0.00434	0.00282	0.02172
3	0.00762	0.00485	0.00608	0.00650	0.00697	0.00461	0.00426	0.00829	0.00914	0.06208	0.03726	0.42858	0.03828	0.31988	0.01344	0.00304	0.00373	0.02728	0.00414	0.00397
4	0.38558	0.01118	0.01096	0.00994	0.06204	0.04803	0.00748	0.18929	0.04681	0.10952	0.03038	0.01158	0.00866	0.00531	0.00410	0.00149	0.00460	0.00380	0.00394	0.04533
5	0.06608	0.01099	0.01316	0.09026	0.12679	0.08572	0.03502	0.07796	0.03380	0.08306	0.01178	0.07898	0.01003	0.00561	0.00459	0.00133	0.00511	0.00473	0.00341	0.25159
6	0.07999	0.01322	0.02648	0.05559	0.12157	0.18269	0.06904	0.05246	0.01213	0.14169	0.01193	0.01403	0.03234	0.04729	0.00684	0.00169	0.08011	0.00449	0.00333	0.04310
7	0.00655	0.00459	0.00596	0.00673	0.00734	0.00422	0.00462	0.00766	0.01038	0.03171	0.12289	0.63662	0.10328	0.01446	0.00623	0.00193	0.00282	0.01300	0.00477	0.00425
8	0.01132	0.01081	0.01840	0.30204	0.53021	0.01158	0.01479	0.01441	0.01087	0.01505	0.00920	0.01267	0.00746	0.00463	0.00495	0.00154	0.00617	0.00444	0.00238	0.00708
9	0.01000	0.02578	0.79900	0.01421	0.02157	0.01158	0.01842	0.01579	0.01052	0.01579	0.00895	0.01052	0.00631	0.00474	0.00474	0.00158	0.00737	0.00368	0.00210	0.00737
10	0.00611	0.00460	0.00566	0.00635	0.00711	0.00415	0.00440	0.00722	0.01046	0.01359	0.10276	0.53492	0.24600	0.01429	0.00619	0.00189	0.00274	0.01269	0.00470	0.00415
11	0.00941	0.00886	0.01495	0.81285	0.03433	0.01107	0.01384	0.01274	0.00997	0.01274	0.00886	0.01329	0.00664	0.00498	0.00498	0.00166	0.00664	0.00443	0.00221	0.00554
12	0.00607	0.00487	0.00542	0.00567	0.00694	0.00422	0.00410	0.00736	0.01121	0.01402	0.12898	0.24321	0.51422	0.01311	0.00601	0.00176	0.00260	0.01128	0.00473	0.00422
13	0.01022	0.00996	0.01372	0.01201	0.01219	0.01353	0.00985	0.01166	0.02964	0.01238	0.01102	0.09775	0.04356	0.00956	0.01454	0.00213	0.67262	0.00569	0.00262	0.00532
14	0.00615	0.00437	0.00576	0.00685	0.00712	0.00410	0.00453	0.00696	0.00940	0.01253	0.02673	0.77154	0.03203	0.06694	0.00757	0.00220	0.00301	0.01373	0.00453	0.00398
15	0.00947	0.04029	0.00558	0.00481	0.00611	0.00530	0.00370	0.01176	0.01044	0.01829	0.01586	0.01812	0.01250	0.00574	0.00347	0.00116	0.00245	0.00456	0.81567	0.00472
16	0.01170	0.01325	0.02859	0.02042	0.02543	0.01235	0.74230	0.01582	0.01170	0.01598	0.01003	0.01331	0.00756	0.00418	0.00579	0.00164	0.00820	0.00576	0.00254	0.04347
17	0.01186	0.01076	0.01526	0.19626	0.21883	0.01204	0.04092	0.05454	0.31763	0.01785	0.01432	0.01559	0.02297	0.00577	0.00530	0.00163	0.02259	0.00506	0.00359	0.00723
18	0.14558	0.01391	0.01366	0.01077	0.01451	0.07440	0.00882	0.58580	0.02025	0.04815	0.01108	0.01129	0.00796	0.00572	0.00466	0.00149	0.00547	0.00414	0.00455	0.00781
19	0.03719	0.08645	0.19423	0.03235	0.12122	0.01054	0.03756	0.03212	0.03710	0.17184	0.01168	0.02602	0.00876	0.00500	0.00452	0.00137	0.00536	0.00415	0.00337	0.16918
20	0.11373	0.03367	0.11685	0.01078	0.01505	0.01141	0.05495	0.21326	0.07401	0.28527	0.01400	0.01352	0.00956	0.00564	0.00476	0.00154	0.00518	0.00448	0.00458	0.00778
21	0.01895	0.01396	0.01496	0.01147	0.01546	0.01546	0.00947	0.77711	0.02344	0.03141	0.01197	0.01197	0.00848	0.00598	0.00499	0.00150	0.00548	0.00449	0.00499	0.00848
22	0.01242	0.06235	0.06035	0.09232	0.28367	0.01211	0.30409	0.01583	0.01145	0.06974	0.01040	0.02403	0.00815	0.00468	0.00521	0.00156	0.00681	0.00502	0.00271	0.00711
23	0.86003	0.00964	0.00733	0.00655	0.00964	0.01118	0.00540	0.01465	0.00848	0.02236	0.00694	0.00810	0.00540	0.00463	0.00308	0.00154	0.00386	0.00270	0.00308	0.00540
24	0.01015	0.00610	0.00786	0.00701	0.00878	0.00572	0.00540	0.01327	0.06986	0.15738	0.59906	0.03230	0.03860	0.00923	0.00567	0.00157	0.00280	0.00806	0.00558	0.00560
25	0.00950	0.00895	0.01511	0.78894	0.05754	0.01110	0.01389	0.01281	0.01001	0.01284	0.00888	0.01326	0.00668	0.00497	0.00498	0.00166	0.00662	0.00443	0.00222	0.00561
26	0.01283	0.48108	0.27481	0.01080	0.01592	0.08400	0.01184	0.03315	0.01090	0.01353	0.00776	0.00899	0.00642	0.00453	0.00385	0.00126	0.00630	0.00308	0.00223	0.00671
27	0.00724	0.00488	0.00565	0.00565	0.00573	0.00495	0.00329	0.00739	0.00731	0.00983	0.01551	0.03152	0.01764	0.75852	0.09103	0.00510	0.00555	0.00709	0.00299	0.00314
28	0.00633	0.00507	0.00565	0.00551	0.00700	0.00439	0.00413	0.00799	0.01239	0.01590	0.32689	0.04396	0.51380	0.01172	0.00589	0.00164	0.00246	0.00996	0.00495	0.00439
29	0.01085	0.02231	0.57852	0.01482	0.05044	0.05428	0.08723	0.03497	0.02674	0.01605	0.02769	0.01222	0.00801	0.02788	0.00546	0.00166	0.00719	0.00418	0.00242	0.00710
30	0.01310	0.01339	0.02097	0.07383	0.30468	0.09077	0.24893	0.07458	0.07766	0.01708	0.01051	0.01291	0.00823	0.00478	0.00520	0.00155	0.00684	0.00487	0.00289	0.00721
31	0.03180	0.01020	0.01311	0.06777	0.02733	0.07972	0.06054	0.01185	0.00878	0.01234	0.01016	0.04089	0.01022	0.18171	0.04215	0.00274	0.35555	0.00528	0.02286	0.00500
32	0.00712	0.00534	0.00801	0.00801	0.00890	0.00623	0.00623	0.00890	0.00801	0.01157	0.01335	0.01958	0.01246	0.03738	0.80507	0.00801	0.01335	0.00534	0.00267	0.00445
33	0.00816	0.00563	0.00726	0.00656	0.00817	0.00501	0.00496	0.01040	0.01350	0.06055	0.63041	0.07247	0.04035	0.00957	0.00563	0.00150	0.00262	0.00843	0.00522	0.09359
34	0.07373	0.06031	0.09720	0.01052	0.01451	0.07973	0.04420	0.15331	0.14585	0.07862	0.01243	0.03504	0.00963	0.00551	0.00454	0.00139	0.00524	0.00436	0.00379	0.16010
35	0.00605	0.00453	0.00562	0.00646	0.00711	0.00410	0.00442	0.00704	0.01008	0.01305	0.04852	0.61637	0.21899	0.01477	0.00624	0.00193	0.00279	0.01317	0.00464	0.00410
36	0.01234	0.01184	0.02023	0.03059	0.79373	0.01184	0.01530	0.01530	0.01135	0.01628	0.00938	0.01234	0.00790	0.00444	0.00493	0.00148	0.00592	0.00444	0.00247	0.00790
37	0.01213	0.01156	0.02030	0.09244	0.54232	0.01163	0.13162	0.02982	0.02343	0.03200	0.02377	0.01382	0.02254	0.00479	0.00512	0.00154	0.00617	0.00488	0.00271	0.00742
38	0.01880	0.06979	0.06465	0.01087	0.01479	0.14010	0.04268	0.14988	0.05375	0.36219	0.01446	0.01372	0.00986	0.00569	0.00482	0.00148	0.00567	0.00445	0.00463	0.00772
39	0.01844	0.02346	0.01415	0.01285	0.01536	0.78645	0.00966	0.01972	0.01397	0.01219	0.00768	0.00903	0.00642	0.00522	0.00477	0.00130	0.02776	0.00324	0.00256	0.00577
40	0.01051	0.00880	0.01029	0.00746	0.01176	0.00672	0.00595	0.01294	0.02635	0.03040	0.00966	0.02684	0.00815	0.00404	0.00380	0.00080	0.00369	0.00327	0.00309	0.80550
41	0.02521	0.13076	0.13652	0.03184	0.29948	0.06765	0.08521	0.04238	0.08405	0.01612	0.00991	0.01182	0.00793	0.00487	0.00498	0.00148	0.02563	0.00421	0.00271	0.00723
42	0.00696	0.00467	0.00552	0.00587	0.00600	0.00459	0.00353	0.00730	0.00806	0.01090	0.01932	0.27349	0.02249	0.55025	0.01883	0.00385	0.00416	0.00928	0.03157	0.00339
43	0.01034	0.00886	0.01034	0.00738	0.01181	0.00664	0.00591	0.01255	0.01034	0.01624	0.00886	0.01034	0.00738	0.00369	0.00369	0.00074	0.00369	0.00295	0.00295	0.85530
44	0.00609	0.00504	0.00523	0.00519	0.00673	0.00429	0.00383	0.00738	0.01139	0.01389	0.12216	0.04600	0.67221	0.06004	0.00703	0.00186	0.00264	0.01018	0.00462	0.00419
45	0.00618	0.00441	0.00590	0.00706	0.00739	0.00414	0.00480	0.00712	0.00964	0.01284	0.02742	0.78166	0.03274	0.01552	0.00639	0.00204	0.00298	0.05307	0.00463	0.00408
46	0.00600	0.00505	0.00519	0.00516	0.00680	0.00425	0.00387	0.00735	0.01161	0.01405	0.11670	0.04701	0.72514	0.01241	0.00589	0.00167	0.00251	0.01039	0.00471	0.00425
47	0.00941	0.00886	0.01495	0.81285	0.03433	0.01107	0.01384	0.01274	0.00997	0.01274	0.00886	0.01329	0.00664	0.00498	0.00498	0.00166	0.00664	0.00443	0.00221	0.00554
48	0.01000	0.02578	0.79900	0.01421	0.02157	0.01158	0.01842	0.01579	0.01052	0.01579	0.00895	0.01052	0.00631	0.00474	0.00474	0.00158	0.00737	0.00368	0.00210	0.00737
49	0.00929	0.00465	0.00465	0.00465	0.00581	0.00465	0.00348	0.01161	0.01045	0.01858	0.01626	0.01858	0.01278	0.00581	0.00348	0.00116	0.00232	0.00465	0.85250	0.00465
50	0.01807	0.01477	0.08023	0.01223	0.03969	0.01486	0.01035	0.67550	0.02181	0.04495	0.01179	0.01196	0.00836	0.00584	0.00496	0.00150	0.00563	0.00443	0.00469	0.00837
51	0.63912	0.05050	0.05543	0.00813	0.01156	0.07841	0.02550	0.02891	0.00967	0.04422	0.00767	0.00878	0.00590	0.00472	0.00346	0.00150	0.00471	0.00298	0.00305	0.00577
52	0.00712	0.00535	0.00663	0.00626	0.00759	0.00499	0.00471	0.00986	0.04998	0.01900	0.63793	0.03805	0.16304	0.01041	0.00584	0.00159	0.00245	0.00909	0.00533	0.00478
53	0.01137	0.01611	0.20172	0.01965	0.05152	0.01240	0.56267	0.01582	0.01138	0.01585	0.00973	0.01270	0.00727	0.00443	0.00582	0.00166	0.02530	0.00531	0.00242	0.00688
54	0.01077	0.00885	0.01038	0.00744	0.01185	0.00667	0.00596	0.01298	0.01048	0.04457	0.00925	0.01058	0.00756	0.00378	0.00374	0.00077	0.00371	0.00303	0.00307	0.82458
55	0.01059	0.00995	0.01675	0.38769	0.38223	0.01094	0.01385	0.01367	0.01088	0.01484	0.05554	0.01518	0.01007	0.00523	0.00505	0.00159	0.00601	0.02082	0.00257	0.00655
56	0.00644	0.00467	0.00612	0.00694	0.00757	0.00435	0.00495	0.00774	0.01064	0.01423	0.15596	0.55176	0.08920	0.01430	0.00631	0.00195	0.00296	0.09491	0.00477	0.00423
57	0.00807	0.00467	0.00680	0.00680	0.00705	0.00492	0.00472	0.00725	0.00700	0.00958	0.01075	0.01832	0.01077	0.11233	0.23972	0.52411	0.00691	0.00493	0.00240	0.00290
58	0.05645	0.00831	0.01100	0.00859	0.01219	0.00739	0.00705	0.02277	0.02939	0.68868	0.07889	0.01819	0.01479	0.00643	0.00500	0.00155	0.00407	0.00524	0.00596	0.00805
59	0.00941	0.00886	0.01495	0.81285	0.03433	0.01107	0.01384	0.01274	0.00997	0.01274	0.00886	0.01329	0.00664	0.00498	0.00498	0.00166	0.00664	0.00443	0.00221	0.00554
60	0.00720	0.00540	0.00788	0.00782	0.00864	0.00622	0.00600	0.00886	0.00826	0.01187	0.05410	0.02133	0.01459	0.09524	0.68897	0.00732	0.02743	0.00566	0.00283	0.00437
61	0.09022	0.19383	0.32791	0.01086	0.01611	0.03139	0.01193	0.03342	0.01155	0.21170	0.01105	0.01137	0.00781	0.00502	0.00432	0.00145	0.00583	0.00371	0.00329	0.00724
62	0.02222	0.00681	0.00759	0.04161	0.00908	0.06653	0.01813	0.00948	0.00907	0.03161	0.01852	0.15346	0.05413	0.37323	0.10637	0.00386	0.00581	0.05504	0.00341	0.00406
63	0.82095	0.01038	0.04373	0.00691	0.01019	0.01120	0.00600	0.01470	0.00858	0.02206	0.00703	0.00821	0.00544	0.00463	0.00316	0.00154	0.00402	0.00274	0.00304	0.00549
64	0.01121	0.01143	0.05572	0.12083	0.48298	0.01093	0.08086	0.02849	0.01145	0.01606	0.05650	0.06839	0.01163	0.00562	0.00517	0.00157	0.00588	0.00545	0.00279	0.00704
65	0.01039	0.02569	0.76291	0.01414	0.02129	0.04805	0.01801	0.01597	0.01069	0.01562	0.00889	0.01045	0.00632	0.00475	0.00472	0.00156	0.00744	0.00366	0.00213	0.00729
66	0.01352	0.01211	0.01602	0.09289	0.28211	0.06726	0.04056	0.14577	0.13515	0.03896	0.04544	0.01424	0.01067	0.00548	0.00514	0.00151	0.01850	0.00475	0.00353	0.04638
67	0.01590	0.01264	0.01331	0.02601	0.01419	0.08212	0.02992	0.46575	0.03657	0.02513	0.04827	0.01533	0.01129	0.00641	0.00540	0.00151	0.04225	0.02962	0.11117	0.00720
68	0.04670	0.00569	0.00733	0.00692	0.00831	0.00546	0.02339	0.02305	0.01254	0.03237	0.44652	0.10700	0.12933	0.02673	0.06321	0.00217	0.00365	0.04004	0.00484	0.00475
69	0.01523	0.01129	0.01324	0.01000	0.01403	0.01115	0.04303	0.35923	0.05230	0.08052	0.01188	0.01235	0.00879	0.00514	0.00453	0.00124	0.00472	0.00411	0.03225	0.30496
70	0.00633	0.00460	0.00605	0.00692	0.00745	0.00421	0.00469	0.00736	0.00988	0.01336	0.07668	0.73284	0.03271	0.01471	0.00621	0.00194	0.00289	0.01332	0.00461	0.04324
71	0.05487	0.11927	0.02957	0.01143	0.02939	0.15667	0.05449	0.12992	0.20346	0.12880	0.01314	0.01312	0.00976	0.00565	0.00483	0.00148	0.01857	0.00436	0.00399	0.00725
72	0.05616	0.09254	0.01501	0.01214	0.01498	0.62643	0.02161	0.04261	0.04920	0.01367	0.00835	0.00947	0.00686	0.00512	0.00438	0.00131	0.00809	0.00333	0.00274	0.00601
73	0.00900	0.00623	0.00909	0.00970	0.05425	0.00618	0.03798	0.01053	0.01036	0.08558	0.03750	0.33635	0.02464	0.09335	0.03297	0.00246	0.03951	0.18518	0.00424	0.00490
74	0.03746	0.05604	0.01509	0.01419	0.14592	0.19746	0.00982	0.26612	0.07982	0.05456	0.04693	0.01292	0.01019	0.00562	0.00474	0.00143	0.00596	0.00433	0.00384	0.02759

[dist]
# distance from previous block
# <min> <max>
0	2

[block]
# block no. 1 follows, 50 sequences, length 11
# corresponding to MSA columns:
# 125-135
name=unknown_B
#
# <colnr> <probs for GDERKNQSTAVLIFYWHMCP>
#	G	D	E	R	K	N	Q	S	T	A	V	L	I	F	Y	W	H	M	C	P
0	0.01868	0.01092	0.06460	0.00972	0.01353	0.00979	0.00842	0.25270	0.01681	0.41862	0.10762	0.01739	0.01485	0.00649	0.00509	0.00153	0.00461	0.00524	0.00545	0.00796
1	0.01338	0.27170	0.28463	0.01253	0.04587	0.03675	0.06264	0.10267	0.01234	0.07115	0.00947	0.01056	0.00719	0.00476	0.00434	0.00137	0.00623	0.00368	0.00281	0.03592
2	0.04094	0.24211	0.24481	0.03827	0.03848	0.01435	0.22929	0.01520	0.01051	0.01461	0.00849	0.01072	0.00672	0.00472	0.00537	0.00150	0.06088	0.00408	0.00228	0.00668
3	0.00676	0.00508	0.00625	0.00596	0.00726	0.00458	0.00447	0.00883	0.01341	0.01832	0.60141	0.03998	0.23777	0.01081	0.00588	0.00160	0.00240	0.00940	0.00527	0.00458
4	0.04534	0.00716	0.00963	0.00874	0.01055	0.00711	0.04902	0.06001	0.04917	0.18253	0.04425	0.36895	0.02234	0.05069	0.00704	0.00197	0.03140	0.03373	0.00468	0.00569
5	0.05100	0.05309	0.08156	0.07121	0.43998	0.01225	0.10406	0.04981	0.03271	0.04252	0.00991	0.01228	0.00784	0.00466	0.00487	0.00151	0.00612	0.00444	0.00275	0.00743
6	0.01499	0.01172	0.02735	0.03488	0.07768	0.11340	0.07573	0.03658	0.15288	0.21817	0.06688	0.04404	0.01361	0.00654	0.00588	0.00160	0.06208	0.00540	0.02356	0.00701
7	0.06356	0.00517	0.00616	0.00649	0.00749	0.00492	0.00472	0.00846	0.01102	0.01543	0.23520	0.30503	0.16510	0.06789	0.00727	0.00202	0.00302	0.07210	0.00464	0.00432
8	0.03920	0.04519	0.42383	0.01689	0.13647	0.01179	0.14782	0.03811	0.01140	0.03777	0.03839	0.01235	0.00847	0.00486	0.00492	0.00156	0.00682	0.00437	0.00258	0.00720
9	0.03397	0.01375	0.07684	0.07805	0.10740	0.11717	0.11711	0.10783	0.10862	0.13169	0.01308	0.03785	0.01007	0.00577	0.00506	0.00157	0.00615	0.01716	0.00371	0.00715
10	0.00893	0.00529	0.00692	0.00700	0.00823	0.00480	0.00513	0.01040	0.01158	0.13813	0.20184	0.40912	0.10662	0.01253	0.00602	0.00182	0.00302	0.04263	0.00506	0.00493

[dist]
# distance from previous block
# <min> <max>
0	407

# created by:
# /home/cegg/simao/soft/augustus-3.2.1/scripts/msa2prfl.pl ./align_prep/EOG091G10SA.fa
