[name]
unknown

[dist]
# distance from previous block
# <min> <max>
0	40

[block]
# block no. 0 follows, 43 sequences, length 7
# corresponding to MSA columns:
# 44-50
name=unknown_A
#
# <colnr> <probs for GDERKNQSTAVLIFYWHMCP>
#	G	D	E	R	K	N	Q	S	T	A	V	L	I	F	Y	W	H	M	C	P
0	0.01142	0.01044	0.01466	0.39392	0.02573	0.06925	0.04961	0.04405	0.01215	0.01540	0.01404	0.02446	0.01294	0.03117	0.00763	0.05821	0.00679	0.15023	0.00322	0.04466
1	0.12508	0.12205	0.01773	0.08923	0.01846	0.12059	0.05973	0.26121	0.01698	0.08050	0.01125	0.01232	0.00838	0.00577	0.00496	0.00159	0.00656	0.00436	0.00402	0.02923
2	0.00950	0.00712	0.01037	0.21371	0.05356	0.00740	0.00843	0.01168	0.01224	0.06683	0.15956	0.24626	0.11625	0.04336	0.00719	0.00207	0.00450	0.00987	0.00454	0.00558
3	0.00792	0.00590	0.00772	0.00899	0.06594	0.00554	0.00577	0.00898	0.01124	0.01473	0.10775	0.25665	0.21226	0.12181	0.01103	0.08145	0.00386	0.05328	0.00455	0.00463
4	0.06391	0.00935	0.01384	0.32897	0.05927	0.01040	0.03013	0.06759	0.01281	0.10625	0.05732	0.10493	0.03396	0.01029	0.06500	0.00238	0.00652	0.00666	0.00389	0.00656
5	0.15298	0.03408	0.03905	0.01073	0.03883	0.02648	0.05556	0.08318	0.04192	0.17559	0.06978	0.02503	0.13294	0.02531	0.00638	0.02187	0.00498	0.04357	0.00476	0.00697
6	0.00834	0.00563	0.00678	0.00698	0.00836	0.00497	0.00504	0.00979	0.01251	0.07949	0.13871	0.34320	0.32103	0.01437	0.00667	0.00199	0.00310	0.01254	0.00541	0.00508

[dist]
# distance from previous block
# <min> <max>
4	15

[block]
# block no. 1 follows, 43 sequences, length 18
# corresponding to MSA columns:
# 67-76,79-84,87,88
name=unknown_B
#
# <colnr> <probs for GDERKNQSTAVLIFYWHMCP>
#	G	D	E	R	K	N	Q	S	T	A	V	L	I	F	Y	W	H	M	C	P
0	0.23749	0.01224	0.06631	0.11063	0.25407	0.01216	0.01207	0.01571	0.01112	0.04121	0.01185	0.04427	0.03271	0.00628	0.00604	0.00176	0.07312	0.00493	0.00315	0.04289
1	0.01392	0.10338	0.16198	0.01657	0.13157	0.18679	0.08128	0.01775	0.05571	0.01642	0.06549	0.01662	0.03817	0.03705	0.00664	0.00178	0.03339	0.00519	0.00315	0.00714
2	0.00875	0.00768	0.03240	0.00958	0.01041	0.00807	0.02224	0.01011	0.00993	0.01416	0.02066	0.39200	0.02338	0.09566	0.06267	0.00292	0.17849	0.01040	0.04303	0.03746
3	0.00877	0.00656	0.00878	0.00951	0.06881	0.00618	0.00667	0.01151	0.03031	0.03648	0.46893	0.04299	0.14707	0.01160	0.00657	0.00187	0.00339	0.11287	0.00556	0.00557
4	0.84448	0.01071	0.00814	0.00728	0.01071	0.01242	0.00600	0.01628	0.00943	0.02485	0.00771	0.00900	0.00600	0.00514	0.00343	0.00171	0.00428	0.00300	0.00343	0.00600
5	0.01321	0.01943	0.34550	0.01516	0.08338	0.01334	0.01460	0.10861	0.24980	0.02165	0.04885	0.01624	0.01263	0.00638	0.00549	0.00177	0.00635	0.00522	0.00397	0.00843
6	0.01481	0.80869	0.02902	0.00948	0.01421	0.02191	0.00948	0.01658	0.01125	0.01303	0.00770	0.00888	0.00711	0.00474	0.00355	0.00118	0.00592	0.00296	0.00237	0.00711
7	0.01079	0.01025	0.03977	0.03004	0.03573	0.01129	0.09676	0.05849	0.01075	0.01549	0.01238	0.04270	0.01134	0.02197	0.33568	0.00491	0.20469	0.00579	0.00302	0.03818
8	0.00851	0.00636	0.00821	0.00842	0.00890	0.00689	0.00602	0.03356	0.01014	0.01379	0.02183	0.30600	0.02486	0.26472	0.09076	0.00390	0.08658	0.08188	0.00410	0.00457
9	0.80934	0.01049	0.00805	0.00723	0.01051	0.01213	0.00589	0.01593	0.00937	0.02426	0.00812	0.01014	0.00659	0.03876	0.00447	0.00187	0.00433	0.00321	0.00342	0.00589
10	0.01964	0.02420	0.01521	0.01381	0.01671	0.66643	0.01041	0.02322	0.12872	0.01501	0.01068	0.01161	0.00862	0.00598	0.00509	0.00150	0.00914	0.00398	0.00328	0.00678
11	0.01388	0.01409	0.04037	0.07116	0.64113	0.05750	0.01632	0.01764	0.04153	0.01781	0.01074	0.01377	0.00887	0.00512	0.00546	0.00165	0.00677	0.00489	0.00283	0.00849
12	0.00791	0.00593	0.00890	0.00890	0.00989	0.00692	0.00692	0.00989	0.00890	0.01286	0.01483	0.02176	0.01385	0.04154	0.78341	0.00890	0.01483	0.00593	0.00297	0.00494
13	0.00794	0.00582	0.00832	0.00832	0.00911	0.00661	0.00620	0.00952	0.00873	0.01243	0.01536	0.02469	0.01512	0.19594	0.63075	0.00819	0.01292	0.00636	0.00305	0.00462
14	0.01082	0.02277	0.55190	0.04190	0.02094	0.03679	0.01681	0.01587	0.01132	0.01641	0.01152	0.01567	0.00926	0.02590	0.10153	0.02376	0.00866	0.03182	0.01911	0.00724
15	0.00919	0.03341	0.03664	0.01008	0.08486	0.00764	0.02556	0.06790	0.01381	0.01768	0.13366	0.04028	0.44419	0.04219	0.00706	0.00193	0.00396	0.00948	0.00475	0.00574
16	0.01170	0.01263	0.12121	0.01019	0.01544	0.00849	0.05375	0.01486	0.01190	0.03706	0.04285	0.01319	0.01008	0.00468	0.00456	0.00108	0.00495	0.00394	0.00333	0.61411
17	0.05500	0.01468	0.15961	0.07356	0.04654	0.03263	0.10270	0.05941	0.01387	0.24164	0.01525	0.01585	0.03599	0.00592	0.00537	0.00164	0.00628	0.00508	0.00420	0.10478

[dist]
# distance from previous block
# <min> <max>
1	11

[block]
# block no. 2 follows, 43 sequences, length 10
# corresponding to MSA columns:
# 101-110
name=unknown_C
#
# <colnr> <probs for GDERKNQSTAVLIFYWHMCP>
#	G	D	E	R	K	N	Q	S	T	A	V	L	I	F	Y	W	H	M	C	P
0	0.06374	0.03733	0.01654	0.17466	0.19530	0.04940	0.04635	0.05722	0.10510	0.01886	0.08647	0.01913	0.05869	0.00686	0.00606	0.00176	0.03986	0.00581	0.00368	0.00718
1	0.02700	0.00945	0.01370	0.21008	0.10427	0.03141	0.05797	0.01425	0.05313	0.05220	0.12587	0.08942	0.15077	0.00894	0.00630	0.00184	0.02513	0.00783	0.00411	0.00631
2	0.01222	0.01170	0.01779	0.40412	0.23539	0.05131	0.03500	0.03830	0.03185	0.01682	0.05959	0.01597	0.01103	0.00577	0.00555	0.00173	0.00683	0.00522	0.00300	0.03081
3	0.05933	0.01411	0.14007	0.01291	0.08708	0.03226	0.01070	0.08566	0.03703	0.19998	0.01399	0.03910	0.01052	0.00589	0.00504	0.00148	0.00550	0.00476	0.00426	0.23034
4	0.05276	0.01259	0.01726	0.21489	0.24201	0.04629	0.02755	0.14929	0.04836	0.01991	0.01209	0.01547	0.02113	0.04426	0.00697	0.00190	0.03557	0.00511	0.00341	0.02320
5	0.01066	0.01005	0.01698	0.74419	0.08440	0.01236	0.01548	0.01433	0.01117	0.01440	0.00988	0.01470	0.00747	0.00550	0.00553	0.00183	0.00733	0.00492	0.00248	0.00632
6	0.00973	0.00687	0.00963	0.04647	0.01140	0.00718	0.03313	0.06823	0.02940	0.01508	0.04441	0.13398	0.05933	0.06354	0.13307	0.22884	0.00641	0.08475	0.00382	0.00471
7	0.00868	0.00577	0.00714	0.00679	0.00783	0.00548	0.00474	0.01021	0.01233	0.05622	0.35317	0.03837	0.10722	0.28690	0.06259	0.00345	0.00446	0.00902	0.00490	0.00473
8	0.00996	0.03808	0.36732	0.01347	0.06588	0.00995	0.03967	0.01424	0.01284	0.01835	0.22384	0.08903	0.05773	0.00832	0.00584	0.00178	0.00585	0.00719	0.00379	0.00687
9	0.01444	0.00970	0.01166	0.00907	0.01312	0.00851	0.00725	0.05617	0.09068	0.17429	0.04739	0.03736	0.01333	0.00825	0.05538	0.00176	0.00497	0.00495	0.00453	0.42718

[dist]
# distance from previous block
# <min> <max>
7	20

[block]
# block no. 3 follows, 43 sequences, length 6
# corresponding to MSA columns:
# 131-133,137-139
name=unknown_D
#
# <colnr> <probs for GDERKNQSTAVLIFYWHMCP>
#	G	D	E	R	K	N	Q	S	T	A	V	L	I	F	Y	W	H	M	C	P
0	0.01394	0.15096	0.38531	0.01438	0.05086	0.06004	0.01522	0.10304	0.01362	0.04196	0.01092	0.01358	0.00860	0.00589	0.00550	0.00165	0.03369	0.03195	0.00304	0.03585
1	0.00717	0.00574	0.00678	0.00753	0.03743	0.00512	0.00515	0.00862	0.01218	0.01539	0.11196	0.22210	0.43139	0.06021	0.00792	0.00217	0.00327	0.04006	0.00503	0.00479
2	0.01259	0.01059	0.01205	0.00899	0.01363	0.00904	0.00718	0.07791	0.11119	0.02013	0.01180	0.01284	0.00945	0.00476	0.00442	0.00103	0.00431	0.00382	0.00378	0.66048
3	0.01691	0.00917	0.01127	0.00930	0.01257	0.00867	0.00742	0.10390	0.08254	0.32399	0.11006	0.07191	0.07258	0.03335	0.00649	0.00183	0.00435	0.03035	0.00582	0.07751
4	0.01111	0.02865	0.77667	0.01579	0.02397	0.01286	0.02046	0.01754	0.01169	0.01754	0.00994	0.01169	0.00702	0.00526	0.00526	0.00175	0.00818	0.00409	0.00234	0.00818
5	0.00962	0.00481	0.00722	0.00722	0.00722	0.00481	0.00481	0.00722	0.00722	0.00962	0.00962	0.01684	0.00962	0.01924	0.02165	0.83886	0.00481	0.00481	0.00241	0.00241

[dist]
# distance from previous block
# <min> <max>
0	16

[block]
# block no. 4 follows, 43 sequences, length 42
# corresponding to MSA columns:
# 156-172,177-201
name=unknown_E
#
# <colnr> <probs for GDERKNQSTAVLIFYWHMCP>
#	G	D	E	R	K	N	Q	S	T	A	V	L	I	F	Y	W	H	M	C	P
0	0.01202	0.17308	0.57302	0.01518	0.05311	0.01460	0.01777	0.01784	0.04325	0.01696	0.01007	0.01163	0.00752	0.00525	0.00497	0.00165	0.00753	0.00401	0.00250	0.00803
1	0.02436	0.01021	0.01334	0.01023	0.01453	0.00930	0.00845	0.12051	0.01717	0.67928	0.02075	0.01813	0.01316	0.00683	0.00557	0.00171	0.00489	0.00549	0.00669	0.00942
2	0.00962	0.00481	0.00722	0.00722	0.00722	0.00481	0.00481	0.00722	0.00722	0.00962	0.00962	0.01684	0.00962	0.01924	0.02165	0.83886	0.00481	0.00481	0.00241	0.00241
3	0.00674	0.00512	0.00621	0.00700	0.00787	0.00459	0.00484	0.00793	0.01151	0.01481	0.07595	0.52182	0.27369	0.01597	0.00687	0.00210	0.00305	0.01415	0.00519	0.00459
4	0.01068	0.01027	0.01796	0.72734	0.03737	0.01245	0.07728	0.01445	0.01124	0.01445	0.00996	0.01478	0.00747	0.00546	0.00562	0.00185	0.00755	0.00506	0.00249	0.00626
5	0.53897	0.01026	0.01095	0.08985	0.07251	0.01174	0.02924	0.01509	0.00990	0.02114	0.00991	0.04504	0.00863	0.02846	0.05797	0.00235	0.02430	0.00435	0.00327	0.00607
6	0.01125	0.01054	0.01722	0.60756	0.15365	0.01256	0.01511	0.01584	0.07182	0.01551	0.01096	0.01507	0.00837	0.00560	0.00554	0.00182	0.00701	0.00503	0.00276	0.00678
7	0.01046	0.00984	0.01661	0.79205	0.03814	0.01230	0.01538	0.01415	0.01107	0.01415	0.00984	0.01477	0.00738	0.00554	0.00554	0.00185	0.00738	0.00492	0.00246	0.00615
8	0.01310	0.04480	0.07800	0.10893	0.39715	0.05238	0.09151	0.03507	0.01279	0.01725	0.01368	0.01639	0.06600	0.00586	0.00583	0.00170	0.02345	0.00540	0.00293	0.00777
9	0.01326	0.21380	0.24990	0.01359	0.04338	0.08464	0.06579	0.04846	0.07342	0.01746	0.06912	0.03958	0.03186	0.00641	0.00514	0.00161	0.00672	0.00518	0.00328	0.00740
10	0.01340	0.00962	0.01154	0.00841	0.01309	0.00741	0.00675	0.01582	0.01232	0.13474	0.04141	0.01379	0.01078	0.00481	0.00442	0.00099	0.00414	0.00390	0.00394	0.67873
11	0.01148	0.00984	0.01148	0.00820	0.01312	0.00738	0.00656	0.01395	0.01148	0.01805	0.00984	0.01148	0.00820	0.00410	0.00410	0.00082	0.00410	0.00328	0.00328	0.83922
12	0.01536	0.01361	0.03320	0.01235	0.03429	0.04454	0.00968	0.16597	0.55396	0.02475	0.01961	0.01844	0.01464	0.00716	0.00558	0.00181	0.00508	0.00582	0.00535	0.00878
13	0.01052	0.03460	0.28451	0.06396	0.01827	0.00998	0.06379	0.01490	0.04158	0.04417	0.05625	0.05987	0.13206	0.00961	0.02614	0.00205	0.00630	0.09210	0.00376	0.02559
14	0.01213	0.02718	0.69250	0.01570	0.02345	0.03473	0.04382	0.01814	0.01206	0.05477	0.01053	0.01210	0.00740	0.00533	0.00531	0.00175	0.00810	0.00423	0.00259	0.00817
15	0.01111	0.02865	0.77667	0.01579	0.02397	0.01286	0.02046	0.01754	0.01169	0.01754	0.00994	0.01169	0.00702	0.00526	0.00526	0.00175	0.00818	0.00409	0.00234	0.00818
16	0.00718	0.00566	0.00683	0.03975	0.00924	0.00516	0.00531	0.00894	0.01293	0.01671	0.23528	0.20988	0.36537	0.01371	0.00665	0.00194	0.00311	0.03622	0.00528	0.00486
17	0.00981	0.05149	0.03190	0.02885	0.01328	0.00798	0.11651	0.02912	0.01224	0.05131	0.07889	0.35234	0.07174	0.04287	0.00740	0.00216	0.00481	0.07707	0.00460	0.00563
18	0.04540	0.01331	0.08787	0.26666	0.29035	0.01257	0.08351	0.03463	0.01257	0.08379	0.01123	0.01423	0.00848	0.00535	0.00551	0.00175	0.00697	0.00499	0.00308	0.00774
19	0.01961	0.02465	0.01579	0.09609	0.01933	0.70204	0.01119	0.02128	0.01521	0.01362	0.00870	0.01049	0.00716	0.00569	0.00505	0.00147	0.00971	0.00371	0.00281	0.00639
20	0.00891	0.01377	0.26928	0.01165	0.02970	0.00844	0.03863	0.01215	0.01084	0.01522	0.02039	0.23632	0.06824	0.04394	0.16926	0.00353	0.00770	0.02245	0.00354	0.00602
21	0.04897	0.03350	0.11973	0.06043	0.17890	0.10106	0.08428	0.05818	0.01409	0.17767	0.04447	0.01509	0.01097	0.00594	0.00570	0.00169	0.02246	0.00505	0.00386	0.00797
22	0.00976	0.00818	0.00982	0.05232	0.01226	0.05353	0.03000	0.04599	0.02934	0.03517	0.04288	0.18388	0.21332	0.01748	0.14096	0.00319	0.02207	0.07992	0.00444	0.00547
23	0.01125	0.00930	0.01451	0.20307	0.09739	0.00988	0.07371	0.01557	0.08951	0.05434	0.02206	0.03473	0.07417	0.00966	0.00643	0.00207	0.00590	0.25581	0.00417	0.00649
24	0.01138	0.03812	0.28188	0.05116	0.13560	0.03076	0.06561	0.01526	0.01224	0.04406	0.04646	0.14041	0.03754	0.00828	0.00588	0.00186	0.00649	0.05646	0.00347	0.00711
25	0.01079	0.02974	0.16355	0.04625	0.04912	0.01004	0.11470	0.01525	0.07305	0.04025	0.05138	0.07014	0.11711	0.00959	0.00649	0.00199	0.01862	0.16126	0.00407	0.00664
26	0.01226	0.01032	0.01545	0.05033	0.37200	0.01028	0.01166	0.01630	0.09282	0.07060	0.04770	0.02711	0.19844	0.00815	0.00588	0.00177	0.00515	0.03222	0.00410	0.00748
27	0.01257	0.01259	0.04567	0.08107	0.57009	0.01212	0.04965	0.01585	0.01252	0.01764	0.04046	0.04967	0.04325	0.00611	0.00568	0.00171	0.00637	0.00590	0.00303	0.00803
28	0.01153	0.03885	0.10572	0.14452	0.12587	0.01052	0.09824	0.01528	0.04116	0.06717	0.03336	0.05202	0.14805	0.00835	0.00600	0.00186	0.00601	0.07485	0.00381	0.00684
29	0.01609	0.01808	0.01764	0.19310	0.23689	0.34941	0.01340	0.04076	0.01398	0.01565	0.01005	0.03113	0.00843	0.00576	0.00532	0.00161	0.00815	0.00459	0.00287	0.00708
30	0.04287	0.00974	0.01242	0.00971	0.01372	0.02490	0.00795	0.05286	0.01595	0.64957	0.05514	0.02054	0.04406	0.00726	0.00558	0.00171	0.00470	0.00587	0.00654	0.00891
31	0.01605	0.03943	0.08900	0.07261	0.20486	0.01101	0.10701	0.01927	0.01347	0.25658	0.03861	0.05217	0.01339	0.00670	0.00575	0.00177	0.00620	0.03376	0.00428	0.00808
32	0.01245	0.12542	0.44221	0.07579	0.08573	0.01308	0.01630	0.01707	0.01189	0.07179	0.01206	0.07043	0.00988	0.00619	0.00523	0.00171	0.00707	0.00505	0.00292	0.00775
33	0.03019	0.00552	0.00677	0.00712	0.00820	0.00509	0.00504	0.00935	0.01231	0.04279	0.21906	0.39095	0.17747	0.04460	0.00749	0.00214	0.00315	0.01255	0.00533	0.00488
34	0.01380	0.11522	0.41266	0.01416	0.04255	0.01306	0.04005	0.05923	0.03052	0.11665	0.01261	0.03461	0.00957	0.00799	0.05157	0.00212	0.00751	0.00478	0.00333	0.00800
35	0.03126	0.05184	0.35803	0.05360	0.08217	0.01154	0.06161	0.01780	0.01247	0.14642	0.01542	0.06074	0.04056	0.00674	0.00553	0.00178	0.00674	0.02442	0.00354	0.00778
36	0.01336	0.04411	0.14269	0.14717	0.37124	0.05038	0.01572	0.01770	0.05560	0.04017	0.01142	0.01469	0.00917	0.00563	0.00568	0.00172	0.02342	0.01921	0.00296	0.00798
37	0.01254	0.23306	0.14407	0.06482	0.01702	0.06199	0.04310	0.03184	0.01150	0.03784	0.01198	0.03369	0.01071	0.03375	0.16709	0.00322	0.04121	0.03103	0.00294	0.00660
38	0.08951	0.01120	0.01702	0.06717	0.27692	0.01132	0.07515	0.04235	0.06585	0.12078	0.03264	0.05813	0.01359	0.00689	0.00561	0.00177	0.00578	0.05393	0.00402	0.04037
39	0.04799	0.05192	0.14379	0.02952	0.12234	0.01128	0.02454	0.10349	0.01356	0.08377	0.05801	0.14161	0.03513	0.03953	0.00716	0.00193	0.04670	0.00695	0.00402	0.02677
40	0.06684	0.01455	0.20225	0.07310	0.03913	0.04799	0.02544	0.06795	0.01289	0.07133	0.04550	0.19915	0.01674	0.02294	0.00602	0.00184	0.00579	0.00727	0.00391	0.06936
41	0.03382	0.07087	0.04229	0.06268	0.18004	0.04993	0.20757	0.10859	0.05338	0.03655	0.03984	0.01580	0.03013	0.00598	0.00613	0.00173	0.03791	0.00553	0.00349	0.00773

[dist]
# distance from previous block
# <min> <max>
0	15

[block]
# block no. 5 follows, 43 sequences, length 11
# corresponding to MSA columns:
# 220-230
name=unknown_F
#
# <colnr> <probs for GDERKNQSTAVLIFYWHMCP>
#	G	D	E	R	K	N	Q	S	T	A	V	L	I	F	Y	W	H	M	C	P
0	0.01407	0.04198	0.09303	0.01537	0.07903	0.07700	0.17700	0.09092	0.02681	0.07534	0.04419	0.07084	0.06721	0.00697	0.00568	0.00165	0.00649	0.00633	0.00387	0.09621
1	0.04198	0.01141	0.04347	0.01327	0.08768	0.02752	0.08828	0.08819	0.04163	0.08145	0.08632	0.04782	0.09842	0.00766	0.00605	0.00164	0.03411	0.02646	0.00428	0.16237
2	0.07631	0.01317	0.06644	0.04888	0.28775	0.01308	0.01280	0.07999	0.12413	0.07133	0.01320	0.03614	0.01059	0.00644	0.00663	0.00177	0.08545	0.00521	0.00375	0.03693
3	0.38601	0.03861	0.04181	0.05257	0.04886	0.01253	0.04742	0.05286	0.11975	0.06798	0.01240	0.04150	0.00981	0.00604	0.00458	0.00171	0.00510	0.00461	0.00392	0.04194
4	0.03920	0.01133	0.04793	0.07227	0.06397	0.01222	0.01047	0.07425	0.05789	0.01767	0.03380	0.02112	0.08831	0.02347	0.02631	0.00212	0.24572	0.04556	0.00356	0.10284
5	0.13305	0.01135	0.06628	0.01091	0.04725	0.01018	0.00892	0.10126	0.03409	0.30161	0.04824	0.05556	0.06850	0.00757	0.00578	0.00173	0.03142	0.00600	0.00515	0.04515
6	0.08363	0.05091	0.07492	0.01267	0.04772	0.06521	0.01053	0.32033	0.07837	0.10172	0.01312	0.01342	0.00958	0.00616	0.00540	0.00161	0.02336	0.00460	0.00459	0.07214
7	0.01292	0.00703	0.00861	0.00764	0.00904	0.00691	0.00528	0.05870	0.01113	0.19776	0.01802	0.02929	0.01734	0.49282	0.09010	0.00458	0.00612	0.00707	0.00430	0.00535
8	0.01262	0.01013	0.01210	0.00943	0.03431	0.00835	0.00727	0.01609	0.07091	0.06793	0.01158	0.01277	0.00924	0.00472	0.00472	0.00103	0.02487	0.00375	0.00366	0.67451
9	0.01302	0.05517	0.01662	0.05901	0.18584	0.01149	0.07530	0.13330	0.03418	0.04673	0.14954	0.02230	0.07347	0.00997	0.06609	0.00224	0.00622	0.00647	0.00418	0.02885
10	0.00801	0.00602	0.00845	0.00850	0.00914	0.00685	0.00627	0.00940	0.00898	0.01268	0.01734	0.14602	0.01822	0.18221	0.47153	0.00680	0.05779	0.00781	0.00335	0.00464

[dist]
# distance from previous block
# <min> <max>
1	12

[block]
# block no. 6 follows, 43 sequences, length 10
# corresponding to MSA columns:
# 244-253
name=unknown_G
#
# <colnr> <probs for GDERKNQSTAVLIFYWHMCP>
#	G	D	E	R	K	N	Q	S	T	A	V	L	I	F	Y	W	H	M	C	P
0	0.19631	0.14060	0.38430	0.01233	0.01831	0.05280	0.01397	0.01824	0.01173	0.08980	0.01017	0.01127	0.00744	0.00533	0.00462	0.00164	0.00675	0.00379	0.00303	0.00757
1	0.04972	0.00897	0.01074	0.01176	0.09050	0.08116	0.00799	0.02914	0.01039	0.01446	0.01453	0.06544	0.01404	0.09259	0.46614	0.00625	0.01136	0.00619	0.00317	0.00549
2	0.01326	0.05522	0.39549	0.04652	0.11524	0.01359	0.04731	0.07189	0.12265	0.04723	0.01247	0.01377	0.00918	0.00567	0.00537	0.00173	0.00707	0.00472	0.00329	0.00832
3	0.01123	0.04235	0.11440	0.01142	0.05674	0.04164	0.04442	0.10090	0.03119	0.01701	0.04608	0.09757	0.09329	0.23543	0.03001	0.00296	0.00594	0.00758	0.00385	0.00599
4	0.01102	0.05758	0.04940	0.01267	0.01581	0.06427	0.19473	0.01410	0.03909	0.01577	0.03969	0.07294	0.09117	0.09590	0.06768	0.00272	0.00696	0.08153	0.00366	0.06332
5	0.15224	0.06514	0.01292	0.00983	0.05785	0.00964	0.00744	0.01595	0.01161	0.09151	0.01053	0.01173	0.00832	0.00463	0.00417	0.00113	0.00446	0.00353	0.00355	0.51382
6	0.46764	0.01183	0.01487	0.04279	0.01647	0.01275	0.16168	0.06755	0.01176	0.05542	0.00963	0.01144	0.00730	0.00533	0.00495	0.00172	0.03307	0.00414	0.00351	0.05614
7	0.01641	0.08260	0.08851	0.04501	0.11571	0.09510	0.04631	0.15113	0.03234	0.13316	0.01600	0.01899	0.04939	0.00700	0.00587	0.00172	0.02753	0.05525	0.00414	0.00785
8	0.08638	0.04831	0.05113	0.01237	0.10835	0.00992	0.00883	0.09895	0.02719	0.01695	0.01270	0.01945	0.01170	0.04651	0.14051	0.22965	0.00707	0.05506	0.00329	0.00567
9	0.01273	0.01249	0.10660	0.06975	0.18285	0.01075	0.02987	0.08490	0.07326	0.06236	0.03672	0.08563	0.03296	0.05466	0.02526	0.00213	0.00597	0.04147	0.00395	0.06570

[dist]
# distance from previous block
# <min> <max>
0	12

# created by:
# /home/cegg/simao/soft/augustus-3.2.1/scripts/msa2prfl.pl ./align_prep/EOG091G0W86.fa
