[name]
unknown

[dist]
# distance from previous block
# <min> <max>
15	233

[block]
# block no. 0 follows, 47 sequences, length 54
# corresponding to MSA columns:
# 347-373,386-403,418-426
name=unknown_A
#
# <colnr> <probs for GDERKNQSTAVLIFYWHMCP>
#	G	D	E	R	K	N	Q	S	T	A	V	L	I	F	Y	W	H	M	C	P
0	0.08984	0.01150	0.03038	0.05936	0.03832	0.09133	0.04474	0.11522	0.04034	0.06155	0.05469	0.06904	0.02869	0.02859	0.00565	0.00163	0.00528	0.06261	0.00391	0.15733
1	0.02634	0.00802	0.00884	0.01911	0.01027	0.06824	0.02212	0.03916	0.05437	0.01600	0.12602	0.31146	0.10344	0.03402	0.03102	0.00207	0.02435	0.02142	0.00441	0.06932
2	0.04738	0.03331	0.03059	0.00948	0.01179	0.00830	0.08789	0.06756	0.08946	0.04078	0.04744	0.27724	0.10643	0.04636	0.00666	0.00193	0.00430	0.02029	0.02676	0.03607
3	0.01163	0.01086	0.01629	0.01408	0.06380	0.03747	0.19026	0.04123	0.12580	0.03321	0.02904	0.10389	0.06185	0.00788	0.00731	0.00177	0.12214	0.02951	0.02778	0.06422
4	0.01144	0.01275	0.08754	0.01437	0.01870	0.02862	0.30815	0.04637	0.05088	0.01783	0.10148	0.05362	0.01420	0.00592	0.00562	0.00152	0.01895	0.00589	0.00340	0.19273
5	0.01188	0.01107	0.01605	0.01178	0.01617	0.02551	0.19407	0.07469	0.02851	0.01791	0.01234	0.01403	0.04975	0.00493	0.00506	0.00121	0.02726	0.00450	0.00326	0.47003
6	0.01324	0.00896	0.01095	0.01031	0.06561	0.00929	0.00750	0.17484	0.09367	0.11986	0.25162	0.04858	0.05316	0.00824	0.00582	0.00163	0.02862	0.00689	0.07443	0.00681
7	0.01027	0.00996	0.01558	0.76847	0.03497	0.04727	0.01426	0.01365	0.01061	0.01328	0.00920	0.01368	0.00693	0.00521	0.00518	0.00172	0.00705	0.00457	0.00233	0.00580
8	0.01591	0.01408	0.01349	0.01224	0.04952	0.14461	0.00919	0.19628	0.39274	0.05355	0.01659	0.03222	0.01264	0.00665	0.00520	0.00164	0.00546	0.00529	0.00475	0.00796
9	0.00715	0.00520	0.00678	0.00733	0.02881	0.00482	0.00506	0.00896	0.01250	0.01737	0.39040	0.32577	0.09711	0.01257	0.00619	0.00180	0.00278	0.01120	0.04348	0.00471
10	0.01127	0.00965	0.01021	0.00931	0.01190	0.01076	0.00720	0.02259	0.57644	0.02029	0.08502	0.02657	0.15969	0.00847	0.00552	0.00176	0.00372	0.00710	0.00525	0.00728
11	0.01086	0.00978	0.01611	0.08539	0.43792	0.01032	0.01242	0.02756	0.01076	0.01529	0.01126	0.01562	0.00983	0.01679	0.28273	0.00396	0.00896	0.00497	0.00268	0.00680
12	0.00785	0.00508	0.00631	0.00632	0.00674	0.00522	0.00417	0.00845	0.00859	0.01220	0.06319	0.05285	0.03057	0.41209	0.17094	0.08913	0.00619	0.00698	0.09344	0.00370
13	0.11383	0.01383	0.01444	0.01130	0.01527	0.01541	0.00929	0.62774	0.07769	0.03094	0.01254	0.01255	0.00901	0.00615	0.00499	0.00158	0.00542	0.00456	0.00499	0.00845
14	0.01821	0.00611	0.00865	0.04780	0.03249	0.00603	0.04353	0.01940	0.03893	0.02379	0.04104	0.47537	0.07924	0.06809	0.00821	0.03360	0.00391	0.03649	0.00437	0.00474
15	0.05012	0.01196	0.01611	0.33039	0.24154	0.08518	0.01292	0.07611	0.05142	0.01715	0.04954	0.01439	0.01000	0.00550	0.00511	0.00162	0.00636	0.00475	0.00302	0.00683
16	0.05537	0.01281	0.01870	0.09715	0.52925	0.05806	0.01409	0.10159	0.01311	0.01844	0.00992	0.01267	0.00808	0.00566	0.02179	0.00170	0.00645	0.00450	0.00290	0.00776
17	0.79908	0.01022	0.00878	0.00757	0.01090	0.01167	0.03961	0.01558	0.00914	0.03883	0.00767	0.00890	0.00589	0.00485	0.00339	0.00162	0.00425	0.00302	0.00326	0.00577
18	0.04418	0.01225	0.02032	0.05453	0.71145	0.01243	0.01538	0.03642	0.01205	0.01757	0.00976	0.01275	0.00813	0.00471	0.00509	0.00156	0.00612	0.00457	0.00267	0.00809
19	0.01015	0.00936	0.01522	0.68252	0.06797	0.01134	0.01366	0.01410	0.04843	0.01419	0.01011	0.01420	0.00767	0.00526	0.00512	0.00169	0.00654	0.00466	0.02875	0.02905
20	0.01244	0.01207	0.02093	0.05618	0.66830	0.01204	0.07029	0.01556	0.01184	0.01673	0.01179	0.01470	0.04341	0.00503	0.00528	0.00158	0.00624	0.00504	0.00268	0.00790
21	0.01569	0.01237	0.01319	0.01107	0.01449	0.01400	0.00883	0.29722	0.48380	0.04357	0.01801	0.01686	0.01326	0.00675	0.00526	0.00169	0.00472	0.00544	0.00529	0.00848
22	0.00865	0.00665	0.00764	0.00705	0.00849	0.04147	0.00533	0.04800	0.01504	0.02103	0.67154	0.03531	0.04348	0.00997	0.00591	0.00160	0.00293	0.00869	0.04605	0.00516
23	0.01243	0.01193	0.02024	0.13462	0.66076	0.01238	0.01564	0.01552	0.01155	0.01638	0.00963	0.01298	0.00803	0.00485	0.00553	0.00159	0.03093	0.00464	0.00253	0.00784
24	0.02051	0.04686	0.01363	0.01014	0.01401	0.01006	0.02862	0.13987	0.07639	0.51492	0.01881	0.01855	0.01293	0.00671	0.00527	0.00164	0.00480	0.04203	0.00578	0.00846
25	0.00855	0.00558	0.00734	0.00675	0.00819	0.00512	0.00512	0.01097	0.01475	0.07750	0.72558	0.03734	0.04646	0.01034	0.00608	0.00164	0.00260	0.00911	0.00579	0.00521
26	0.00789	0.00631	0.00798	0.03315	0.04913	0.00616	0.00598	0.01111	0.09973	0.01677	0.23659	0.28047	0.17732	0.01189	0.00608	0.00181	0.00322	0.01048	0.00490	0.02304
27	0.01314	0.12076	0.02945	0.11346	0.38221	0.01276	0.05040	0.04359	0.01194	0.07103	0.01097	0.01443	0.00906	0.00729	0.05339	0.00198	0.01914	0.02467	0.00294	0.00740
28	0.00983	0.00926	0.01562	0.80447	0.03587	0.01157	0.01446	0.01331	0.01041	0.01331	0.00926	0.01388	0.00694	0.00521	0.00521	0.00174	0.00694	0.00463	0.00231	0.00579
29	0.00757	0.00505	0.00568	0.00568	0.00568	0.00505	0.00316	0.00757	0.00757	0.01010	0.01641	0.03408	0.01893	0.81698	0.02651	0.00505	0.00505	0.00757	0.00316	0.00316
30	0.00790	0.00618	0.00920	0.06449	0.08753	0.00662	0.00727	0.00956	0.00941	0.01297	0.01829	0.24361	0.01961	0.10824	0.32084	0.00483	0.00823	0.04693	0.00345	0.00482
31	0.00976	0.00915	0.01541	0.78720	0.03525	0.01141	0.01425	0.01317	0.01040	0.01331	0.00968	0.03120	0.00754	0.00545	0.00524	0.00174	0.00686	0.00485	0.00237	0.00575
32	0.00634	0.00453	0.00604	0.00725	0.00755	0.00423	0.00483	0.00725	0.00997	0.01329	0.02870	0.81358	0.03444	0.01632	0.00665	0.00211	0.00302	0.01480	0.00483	0.00423
33	0.05600	0.23675	0.01833	0.02855	0.01444	0.16577	0.01009	0.04879	0.01096	0.02998	0.00779	0.01026	0.00693	0.00664	0.00922	0.00169	0.32520	0.00377	0.00261	0.00624
34	0.01114	0.00718	0.00774	0.00726	0.00825	0.06463	0.00524	0.08916	0.01045	0.01485	0.01166	0.01605	0.01011	0.01238	0.01270	0.44834	0.00440	0.00455	0.24992	0.00399
35	0.85377	0.01007	0.00765	0.00685	0.01007	0.01168	0.00564	0.01531	0.00886	0.02336	0.00725	0.00846	0.00564	0.00483	0.00322	0.00161	0.00403	0.00282	0.00322	0.00564
36	0.09118	0.00579	0.00675	0.00695	0.00836	0.00548	0.00510	0.01012	0.01105	0.08974	0.06488	0.37885	0.22675	0.01381	0.03031	0.00210	0.00351	0.02954	0.00481	0.00492
37	0.00905	0.00452	0.00678	0.00678	0.00678	0.00452	0.00452	0.00678	0.00678	0.00905	0.00905	0.01583	0.00905	0.01809	0.02035	0.84848	0.00452	0.00452	0.00226	0.00226
38	0.00638	0.00518	0.00565	0.00575	0.00722	0.00446	0.00423	0.00782	0.01207	0.01505	0.16627	0.15173	0.56363	0.01321	0.00622	0.00179	0.00266	0.01126	0.00498	0.00446
39	0.00997	0.00944	0.01565	0.73591	0.03394	0.01195	0.01420	0.01324	0.01020	0.01324	0.00905	0.01367	0.00693	0.00555	0.00624	0.00178	0.07634	0.00462	0.00231	0.00578
40	0.03246	0.01019	0.01336	0.34727	0.03435	0.01180	0.01075	0.01981	0.35287	0.01773	0.01456	0.01595	0.01101	0.00590	0.00508	0.00166	0.00532	0.00501	0.00375	0.08118
41	0.01081	0.01020	0.01704	0.09227	0.34660	0.01043	0.09353	0.01353	0.01126	0.01552	0.01645	0.03588	0.09280	0.02589	0.03817	0.00206	0.05272	0.07390	0.00306	0.03788
42	0.01917	0.00886	0.01116	0.00893	0.01231	0.00832	0.00724	0.12010	0.04261	0.49494	0.05551	0.05888	0.04377	0.00734	0.00525	0.00161	0.00420	0.00603	0.07585	0.00793
43	0.85377	0.01007	0.00765	0.00685	0.01007	0.01168	0.00564	0.01531	0.00886	0.02336	0.00725	0.00846	0.00564	0.00483	0.00322	0.00161	0.00403	0.00282	0.00322	0.00564
44	0.00914	0.00780	0.01243	0.45483	0.02420	0.00947	0.01091	0.02736	0.00996	0.01353	0.01142	0.01656	0.00954	0.01792	0.30081	0.00419	0.00933	0.00499	0.04022	0.00538
45	0.02580	0.04229	0.01900	0.02070	0.31497	0.05220	0.09048	0.01588	0.03151	0.06272	0.01005	0.01347	0.00855	0.03723	0.00929	0.00189	0.22928	0.00480	0.00284	0.00705
46	0.01279	0.01247	0.02035	0.11198	0.68032	0.03883	0.01562	0.01587	0.01181	0.01648	0.00968	0.01287	0.00806	0.00472	0.00515	0.00156	0.00637	0.00460	0.00255	0.00792
47	0.01223	0.01169	0.01916	0.16991	0.50448	0.01289	0.01482	0.03123	0.01123	0.01594	0.00927	0.01282	0.00779	0.00551	0.00712	0.00170	0.13764	0.00463	0.00254	0.00739
48	0.00677	0.00518	0.00699	0.06564	0.00980	0.00514	0.00569	0.00797	0.01027	0.01354	0.04331	0.62771	0.10847	0.01485	0.00677	0.00205	0.02468	0.02617	0.00460	0.00442
49	0.00895	0.00482	0.00709	0.00702	0.00706	0.00501	0.00476	0.00714	0.00695	0.00937	0.00965	0.01696	0.00974	0.06368	0.06096	0.73151	0.02973	0.00475	0.00234	0.00254
50	0.01265	0.01187	0.01957	0.17100	0.58734	0.01242	0.01517	0.04985	0.03801	0.01721	0.01021	0.01327	0.00830	0.00490	0.00517	0.00159	0.00623	0.00468	0.00274	0.00783
51	0.01265	0.01207	0.02057	0.03091	0.74988	0.01211	0.01556	0.01568	0.01170	0.01679	0.00998	0.01323	0.00846	0.00618	0.04048	0.00185	0.00653	0.00468	0.00259	0.00809
52	0.02889	0.01248	0.01435	0.01331	0.09785	0.01361	0.00972	0.45072	0.13763	0.02664	0.01535	0.07220	0.01272	0.00727	0.00536	0.00166	0.00523	0.04473	0.00482	0.02547
53	0.06549	0.01062	0.02795	0.00937	0.01333	0.05678	0.03559	0.04320	0.04072	0.24432	0.01431	0.06818	0.01121	0.00587	0.00467	0.00131	0.00466	0.00481	0.00430	0.33333

[dist]
# distance from previous block
# <min> <max>
0	5

[block]
# block no. 1 follows, 47 sequences, length 50
# corresponding to MSA columns:
# 433-444,446-463,465-484
name=unknown_B
#
# <colnr> <probs for GDERKNQSTAVLIFYWHMCP>
#	G	D	E	R	K	N	Q	S	T	A	V	L	I	F	Y	W	H	M	C	P
0	0.04465	0.02409	0.12144	0.04925	0.11850	0.06851	0.03743	0.03738	0.03010	0.35385	0.03981	0.01546	0.01135	0.00635	0.01711	0.00170	0.00585	0.00486	0.00445	0.00787
1	0.01100	0.01130	0.01723	0.47513	0.02870	0.08961	0.15379	0.02573	0.01148	0.01423	0.01301	0.06108	0.05290	0.00617	0.00547	0.00172	0.00704	0.00573	0.00274	0.00592
2	0.01118	0.01032	0.01742	0.24716	0.38782	0.01082	0.05245	0.01423	0.01178	0.03030	0.08674	0.02882	0.05636	0.00604	0.00540	0.00164	0.00590	0.00568	0.00304	0.00690
3	0.01057	0.00960	0.01597	0.25236	0.31517	0.01049	0.02977	0.01319	0.01059	0.01452	0.01223	0.01778	0.03213	0.01092	0.10910	0.05084	0.03208	0.04368	0.00268	0.00632
4	0.01012	0.01118	0.09041	0.67241	0.08905	0.01168	0.01503	0.01381	0.01057	0.01388	0.00930	0.01353	0.00700	0.00514	0.00518	0.00171	0.00696	0.00455	0.00232	0.00615
5	0.00876	0.00663	0.00760	0.00808	0.00898	0.04660	0.00569	0.07428	0.01157	0.03897	0.02545	0.64931	0.02935	0.01539	0.03476	0.00224	0.00402	0.01271	0.00473	0.00488
6	0.01029	0.01033	0.03949	0.66343	0.11003	0.01175	0.05379	0.01384	0.01067	0.01395	0.00938	0.01371	0.00711	0.00510	0.00524	0.00172	0.00698	0.00469	0.00235	0.00615
7	0.01143	0.01628	0.22871	0.14171	0.13736	0.01232	0.32441	0.01578	0.01147	0.01599	0.00988	0.01308	0.00748	0.00501	0.00586	0.02090	0.00773	0.00504	0.00245	0.00708
8	0.01095	0.01078	0.01533	0.01312	0.01333	0.01464	0.03562	0.01212	0.00822	0.01257	0.00898	0.03711	0.02170	0.05956	0.01682	0.00242	0.69354	0.00521	0.00246	0.00552
9	0.00733	0.00532	0.00690	0.00651	0.00775	0.00490	0.00488	0.00975	0.01464	0.02065	0.75658	0.03929	0.07445	0.01073	0.00614	0.00164	0.00246	0.00947	0.00570	0.00490
10	0.00741	0.00506	0.00575	0.00587	0.00605	0.00498	0.00348	0.00764	0.00818	0.01076	0.02022	0.08577	0.07683	0.68249	0.02316	0.00454	0.00473	0.03029	0.00344	0.00336
11	0.01101	0.00685	0.00718	0.00660	0.00838	0.00725	0.00509	0.08699	0.13602	0.02120	0.07841	0.02031	0.01619	0.00661	0.00426	0.00137	0.00302	0.00537	0.56209	0.00579
12	0.01784	0.02190	0.01481	0.13041	0.01895	0.64068	0.01066	0.03509	0.03701	0.01351	0.00871	0.01042	0.00706	0.00541	0.00480	0.00142	0.00880	0.00365	0.00276	0.00612
13	0.03372	0.01137	0.01683	0.07916	0.29999	0.02821	0.05450	0.11161	0.01397	0.23364	0.01339	0.01527	0.00997	0.04761	0.00630	0.00177	0.00581	0.00498	0.00401	0.00787
14	0.01294	0.01249	0.08271	0.08764	0.01704	0.01251	0.04411	0.08997	0.47625	0.03713	0.05724	0.01826	0.01488	0.00668	0.00533	0.00172	0.00499	0.00566	0.00465	0.00780
15	0.01205	0.01346	0.02804	0.06155	0.02593	0.01344	0.62963	0.01597	0.01164	0.01597	0.00999	0.01370	0.00771	0.00504	0.00750	0.00182	0.11132	0.00586	0.00257	0.00679
16	0.01848	0.01422	0.01418	0.01119	0.01486	0.08173	0.00911	0.60641	0.02191	0.02938	0.01269	0.01312	0.00925	0.00615	0.00496	0.00150	0.00562	0.00460	0.11254	0.00810
17	0.01136	0.01262	0.13375	0.09034	0.29662	0.01094	0.01271	0.01646	0.15780	0.01624	0.01252	0.01607	0.01036	0.02696	0.04600	0.09272	0.00624	0.02031	0.00306	0.00694
18	0.00706	0.00513	0.00696	0.00815	0.02280	0.00488	0.00589	0.00853	0.01102	0.01467	0.10120	0.51588	0.05854	0.01498	0.00669	0.00212	0.00345	0.19268	0.00487	0.00451
19	0.00634	0.00453	0.00604	0.00725	0.00755	0.00423	0.00483	0.00725	0.00997	0.01329	0.02870	0.81358	0.03444	0.01632	0.00665	0.00211	0.00302	0.01480	0.00483	0.00423
20	0.01404	0.80330	0.02702	0.00901	0.01342	0.03700	0.00894	0.01570	0.01067	0.01226	0.00726	0.00838	0.00668	0.00447	0.00337	0.00112	0.00565	0.00280	0.00224	0.00667
21	0.01297	0.01201	0.02041	0.09392	0.69983	0.01216	0.01560	0.01606	0.01184	0.04066	0.01009	0.01312	0.00829	0.00474	0.00516	0.00156	0.00619	0.00466	0.00268	0.00807
22	0.00828	0.00591	0.00826	0.00946	0.01060	0.00589	0.00819	0.01059	0.01187	0.01545	0.02764	0.10177	0.03023	0.01450	0.00716	0.00238	0.00469	0.70757	0.00480	0.00476
23	0.00994	0.00760	0.00898	0.00837	0.01030	0.00798	0.00652	0.01678	0.28712	0.04345	0.41401	0.03320	0.03430	0.00960	0.00591	0.00176	0.00334	0.07912	0.00551	0.00621
24	0.11174	0.01168	0.01200	0.01042	0.01361	0.01339	0.00824	0.16104	0.54937	0.02398	0.01799	0.01689	0.01342	0.00666	0.00504	0.00171	0.00440	0.00531	0.00504	0.00805
25	0.04017	0.02493	0.09018	0.05342	0.16321	0.02469	0.01144	0.34227	0.01708	0.04872	0.01104	0.01221	0.00825	0.00536	0.00489	0.00146	0.00576	0.00429	0.00389	0.12674
26	0.00804	0.00594	0.00812	0.00916	0.08179	0.00627	0.00558	0.00900	0.00827	0.01147	0.01490	0.02718	0.01580	0.46137	0.29915	0.00590	0.00833	0.00658	0.00297	0.00418
27	0.00890	0.00457	0.00668	0.00668	0.00668	0.00457	0.00439	0.00686	0.00686	0.00915	0.00975	0.01758	0.01000	0.09484	0.02094	0.76746	0.00457	0.00482	0.00235	0.00235
28	0.01216	0.01159	0.01953	0.21730	0.58141	0.01220	0.01539	0.01568	0.03415	0.01626	0.01000	0.01332	0.00816	0.00485	0.00517	0.00160	0.00631	0.00467	0.00259	0.00766
29	0.01119	0.01062	0.01771	0.45637	0.30178	0.01199	0.03305	0.01530	0.06176	0.01528	0.01027	0.01390	0.00803	0.00511	0.00522	0.00167	0.00653	0.00475	0.00261	0.00686
30	0.01041	0.00953	0.01430	0.39878	0.02471	0.00956	0.05352	0.01341	0.01069	0.01516	0.00933	0.01250	0.00735	0.00455	0.00465	0.00130	0.00565	0.00402	0.00268	0.38791
31	0.01400	0.01486	0.01680	0.16808	0.29328	0.21959	0.01279	0.01834	0.12558	0.01571	0.01080	0.01306	0.00867	0.00549	0.00558	0.00159	0.04127	0.00448	0.00295	0.00709
32	0.00866	0.00601	0.00830	0.00809	0.00856	0.02414	0.00596	0.00870	0.00780	0.01080	0.01147	0.01852	0.01119	0.07615	0.36153	0.34223	0.07047	0.00515	0.00256	0.00372
33	0.00743	0.00540	0.00794	0.00805	0.00883	0.00611	0.00609	0.00888	0.00840	0.01194	0.01519	0.09699	0.01511	0.06997	0.64215	0.05568	0.01197	0.00649	0.00297	0.00441
34	0.00815	0.00580	0.00715	0.00657	0.00828	0.00509	0.00494	0.01019	0.01331	0.05531	0.45458	0.09525	0.18838	0.02573	0.00630	0.00168	0.00281	0.00929	0.00522	0.08599
35	0.03209	0.59022	0.05940	0.01014	0.01433	0.19232	0.00958	0.01679	0.01149	0.01278	0.00752	0.00871	0.00666	0.00469	0.00371	0.00120	0.00649	0.00296	0.00235	0.00657
36	0.01460	0.72652	0.02591	0.00930	0.01369	0.03599	0.00903	0.08790	0.01200	0.01424	0.00776	0.00877	0.00689	0.00465	0.00355	0.00116	0.00566	0.00298	0.00252	0.00688
37	0.01046	0.00891	0.01041	0.00761	0.01194	0.00674	0.00604	0.01271	0.01091	0.01690	0.03332	0.03743	0.02720	0.00465	0.00406	0.00086	0.00376	0.00381	0.00326	0.77901
38	0.00771	0.00585	0.00870	0.00922	0.04571	0.00664	0.00662	0.00944	0.00845	0.01212	0.01400	0.02148	0.01339	0.11642	0.68064	0.00771	0.01268	0.00574	0.00282	0.00467
39	0.01367	0.01795	0.27659	0.01642	0.08583	0.07838	0.18395	0.05371	0.06063	0.10028	0.01247	0.03165	0.00958	0.01594	0.00563	0.00170	0.00710	0.01775	0.00328	0.00748
40	0.05909	0.00991	0.01347	0.02523	0.20272	0.00864	0.03077	0.01371	0.01108	0.01710	0.01199	0.01480	0.04522	0.00494	0.00445	0.00115	0.00460	0.02910	0.00308	0.48894
41	0.00770	0.00585	0.00853	0.00848	0.00950	0.00682	0.00659	0.01017	0.04474	0.01255	0.01429	0.02041	0.01316	0.03754	0.75882	0.00806	0.01348	0.00559	0.00291	0.00482
42	0.01183	0.08915	0.01708	0.01316	0.01407	0.01599	0.03529	0.01454	0.08848	0.01361	0.00849	0.01203	0.00780	0.00830	0.01418	0.00210	0.62061	0.00458	0.00260	0.00610
43	0.01366	0.22136	0.15866	0.03523	0.11480	0.11148	0.03382	0.07850	0.09752	0.01701	0.04253	0.01391	0.01043	0.00563	0.00474	0.00149	0.00634	0.02255	0.00313	0.00720
44	0.00970	0.00986	0.05858	0.64492	0.03109	0.01075	0.01326	0.01293	0.01019	0.01335	0.00995	0.01551	0.00811	0.08311	0.00717	0.00200	0.00666	0.00479	0.00242	0.04563
45	0.01171	0.05066	0.29528	0.01386	0.09023	0.04309	0.01284	0.06006	0.15515	0.01803	0.07709	0.01707	0.04910	0.00734	0.02532	0.00183	0.05548	0.00517	0.00344	0.00723
46	0.05808	0.02116	0.31759	0.01244	0.01716	0.26590	0.01255	0.05233	0.01257	0.01609	0.01026	0.05682	0.00874	0.02935	0.00541	0.00158	0.00725	0.00433	0.00282	0.08758
47	0.00807	0.03084	0.06379	0.00741	0.00877	0.00631	0.00565	0.00952	0.02564	0.01254	0.01784	0.22084	0.01977	0.35912	0.09740	0.00383	0.00555	0.00828	0.00348	0.08536
48	0.01110	0.00982	0.04460	0.12354	0.10451	0.00947	0.09783	0.07633	0.01194	0.03748	0.04589	0.04567	0.01353	0.06362	0.07693	0.03056	0.01727	0.05629	0.04331	0.08033
49	0.00969	0.00703	0.00907	0.04590	0.01082	0.00754	0.00665	0.03406	0.07104	0.07558	0.17882	0.09947	0.14773	0.04389	0.11752	0.02131	0.08223	0.02179	0.00442	0.00540

[dist]
# distance from previous block
# <min> <max>
0	58

# created by:
# /home/cegg/simao/soft/augustus-3.2.1/scripts/msa2prfl.pl ./align_prep/EOG091G0UZ0.fa
