[name]
unknown

[dist]
# distance from previous block
# <min> <max>
0	21

[block]
# block no. 0 follows, 48 sequences, length 17
# corresponding to MSA columns:
# 22-24,27-40
name=unknown_A
#
# <colnr> <probs for GDERKNQSTAVLIFYWHMCP>
#	G	D	E	R	K	N	Q	S	T	A	V	L	I	F	Y	W	H	M	C	P
0	0.00729	0.00534	0.00657	0.00713	0.00773	0.00532	0.00480	0.00960	0.09260	0.01403	0.09271	0.50268	0.03017	0.17695	0.01031	0.00259	0.00345	0.01173	0.00456	0.00444
1	0.00773	0.00613	0.00839	0.05379	0.04396	0.00613	0.02759	0.02666	0.06592	0.01464	0.05814	0.51037	0.09322	0.04364	0.00694	0.00205	0.00365	0.01168	0.00448	0.00489
2	0.01281	0.30051	0.37057	0.01284	0.06037	0.01461	0.01364	0.05958	0.01171	0.06235	0.00986	0.03207	0.00786	0.00515	0.00441	0.00144	0.00634	0.00389	0.00269	0.00731
3	0.07083	0.11370	0.09512	0.05011	0.05458	0.01005	0.08571	0.05923	0.01148	0.01615	0.04927	0.28278	0.03657	0.00929	0.00542	0.00174	0.00497	0.03354	0.00365	0.00583
4	0.00973	0.00623	0.00574	0.00569	0.00695	0.06192	0.00423	0.01191	0.01131	0.01820	0.07972	0.07184	0.04514	0.00719	0.00414	0.00131	0.00293	0.00588	0.63511	0.00482
5	0.02645	0.06807	0.42626	0.06885	0.08083	0.01211	0.10058	0.01618	0.06612	0.01613	0.02755	0.01273	0.00849	0.00560	0.00561	0.03758	0.00684	0.00437	0.00257	0.00708
6	0.01166	0.03453	0.26666	0.08457	0.20009	0.01126	0.10491	0.01604	0.04387	0.06867	0.01388	0.01572	0.06420	0.00672	0.03343	0.00185	0.00674	0.00503	0.00294	0.00721
7	0.00892	0.00747	0.04899	0.00892	0.01015	0.00754	0.00728	0.01062	0.00966	0.06606	0.05727	0.17806	0.06215	0.05445	0.28058	0.00425	0.13585	0.03313	0.00362	0.00504
8	0.00745	0.00503	0.00588	0.00588	0.00597	0.00513	0.00346	0.00764	0.00754	0.01016	0.01591	0.03216	0.01804	0.73718	0.10777	0.00532	0.00590	0.00725	0.00307	0.00326
9	0.48538	0.05537	0.08814	0.01024	0.04056	0.05206	0.05458	0.05447	0.01076	0.03466	0.00962	0.01305	0.00800	0.00553	0.00408	0.00161	0.00518	0.05733	0.00321	0.00617
10	0.01339	0.01152	0.04411	0.01017	0.01312	0.03959	0.00825	0.14500	0.43387	0.04792	0.06692	0.07588	0.01699	0.00750	0.00525	0.00168	0.00441	0.00622	0.04072	0.00751
11	0.03024	0.11699	0.01717	0.21131	0.11350	0.04189	0.03950	0.11081	0.07577	0.10476	0.01134	0.01308	0.00859	0.00561	0.00570	0.00158	0.06382	0.00445	0.00341	0.02051
12	0.01405	0.46971	0.01958	0.00894	0.01237	0.15353	0.00799	0.05926	0.01204	0.01459	0.01073	0.01189	0.03444	0.00521	0.00378	0.00120	0.00554	0.00357	0.14536	0.00622
13	0.00633	0.00467	0.00580	0.00662	0.00721	0.00428	0.00447	0.00728	0.01016	0.01323	0.05231	0.58525	0.18505	0.07229	0.00783	0.00221	0.00303	0.01318	0.00467	0.00414
14	0.00733	0.00550	0.00825	0.00825	0.00916	0.00641	0.00641	0.00916	0.00825	0.01191	0.01374	0.02016	0.01283	0.03848	0.79934	0.00825	0.01374	0.00550	0.00275	0.00458
15	0.03097	0.12695	0.27551	0.05825	0.15559	0.01310	0.13267	0.04326	0.04065	0.03801	0.01020	0.01214	0.00777	0.00487	0.00485	0.00154	0.00665	0.00433	0.02535	0.00731
16	0.00886	0.00557	0.00705	0.00663	0.00817	0.00500	0.00498	0.01083	0.01343	0.11372	0.45792	0.13114	0.18480	0.01113	0.00600	0.00169	0.00276	0.00971	0.00546	0.00514

[dist]
# distance from previous block
# <min> <max>
0	1

[block]
# block no. 1 follows, 48 sequences, length 6
# corresponding to MSA columns:
# 42-47
name=unknown_B
#
# <colnr> <probs for GDERKNQSTAVLIFYWHMCP>
#	G	D	E	R	K	N	Q	S	T	A	V	L	I	F	Y	W	H	M	C	P
0	0.00656	0.00472	0.00601	0.00691	0.00738	0.00443	0.00472	0.00748	0.00983	0.01290	0.02883	0.57133	0.10574	0.12890	0.00930	0.00248	0.00336	0.07052	0.00453	0.00408
1	0.31801	0.06624	0.18038	0.04330	0.09073	0.04814	0.05307	0.07370	0.01137	0.03731	0.00881	0.01043	0.00673	0.00501	0.00459	0.00157	0.02725	0.00368	0.00295	0.00672
2	0.00672	0.00508	0.00621	0.00623	0.00741	0.00456	0.00455	0.00853	0.01280	0.01720	0.42810	0.19144	0.25787	0.01229	0.00615	0.00174	0.00258	0.01075	0.00522	0.00456
3	0.01362	0.09651	0.13674	0.12716	0.05082	0.03095	0.13074	0.11917	0.08774	0.07824	0.01172	0.01317	0.00870	0.00523	0.00495	0.00153	0.00625	0.00457	0.02118	0.05102
4	0.01216	0.01273	0.06260	0.21159	0.42417	0.05386	0.04499	0.04415	0.01209	0.01642	0.04865	0.01397	0.00969	0.00511	0.00515	0.00158	0.00643	0.00476	0.00272	0.00721
5	0.11649	0.14827	0.14469	0.01489	0.14434	0.13688	0.03544	0.07888	0.08189	0.01759	0.00978	0.01115	0.00775	0.00518	0.00480	0.00149	0.02655	0.00389	0.00296	0.00708

[dist]
# distance from previous block
# <min> <max>
0	1

[block]
# block no. 2 follows, 48 sequences, length 24
# corresponding to MSA columns:
# 49-72
name=unknown_C
#
# <colnr> <probs for GDERKNQSTAVLIFYWHMCP>
#	G	D	E	R	K	N	Q	S	T	A	V	L	I	F	Y	W	H	M	C	P
0	0.02206	0.00953	0.01226	0.00943	0.01334	0.00881	0.00778	0.14480	0.01609	0.64622	0.01886	0.01668	0.01207	0.00631	0.00511	0.00157	0.00451	0.00506	0.03087	0.00862
1	0.04148	0.04787	0.01448	0.01175	0.03737	0.06905	0.02300	0.35209	0.26969	0.02478	0.01464	0.03181	0.01118	0.00634	0.00501	0.00157	0.00530	0.00500	0.00464	0.02295
2	0.05202	0.24477	0.23260	0.01197	0.05379	0.04683	0.03615	0.02782	0.04668	0.07605	0.03981	0.01206	0.00926	0.00506	0.00437	0.00138	0.00586	0.00389	0.00300	0.08660
3	0.07243	0.04678	0.03309	0.05538	0.19984	0.06254	0.07695	0.12590	0.03857	0.18167	0.01224	0.01316	0.00893	0.00528	0.00490	0.00151	0.00582	0.00450	0.00384	0.04666
4	0.01208	0.15728	0.51275	0.01404	0.02052	0.01311	0.10540	0.01681	0.01122	0.07627	0.00986	0.01127	0.00715	0.00484	0.00477	0.00155	0.00711	0.00399	0.00255	0.00743
5	0.00655	0.00518	0.00590	0.00588	0.00731	0.00453	0.00440	0.00823	0.01254	0.01616	0.30259	0.10208	0.45729	0.01239	0.00612	0.00173	0.00262	0.02893	0.00507	0.00451
6	0.01158	0.01099	0.01869	0.28400	0.48661	0.01181	0.03099	0.01472	0.01112	0.01553	0.00963	0.01320	0.00781	0.00488	0.00532	0.00160	0.02328	0.00460	0.02646	0.00716
7	0.01158	0.01125	0.01813	0.38209	0.41850	0.04094	0.01485	0.01473	0.01114	0.01495	0.00935	0.01302	0.00749	0.00485	0.00509	0.00160	0.00655	0.00452	0.00243	0.00695
8	0.34255	0.00942	0.01037	0.00832	0.01199	0.00940	0.00687	0.05120	0.01278	0.46584	0.01490	0.01375	0.00980	0.00573	0.00440	0.00159	0.00427	0.00422	0.00508	0.00751
9	0.00733	0.00550	0.00825	0.00825	0.00916	0.00641	0.00641	0.00916	0.00825	0.01191	0.01374	0.02016	0.01283	0.03848	0.79934	0.00825	0.01374	0.00550	0.00275	0.00458
10	0.00945	0.00865	0.01285	0.17453	0.01635	0.01135	0.01004	0.01131	0.00850	0.01234	0.00985	0.01508	0.00904	0.01924	0.30758	0.00438	0.34690	0.00488	0.00244	0.00524
11	0.01184	0.01138	0.01956	0.24777	0.55772	0.01199	0.03510	0.01503	0.01130	0.01573	0.00952	0.01300	0.00776	0.00472	0.00512	0.00158	0.00637	0.00461	0.00247	0.00742
12	0.00844	0.00642	0.01005	0.00987	0.04593	0.00600	0.09209	0.01041	0.01194	0.05432	0.24218	0.35498	0.05908	0.01192	0.00623	0.00186	0.00376	0.05466	0.00475	0.00512
13	0.01964	0.01416	0.01526	0.01170	0.01580	0.01559	0.00967	0.74187	0.02376	0.06154	0.01262	0.01252	0.00888	0.00617	0.00513	0.00154	0.00560	0.00464	0.00518	0.00873
14	0.00634	0.00457	0.00602	0.00716	0.00756	0.00426	0.00488	0.00732	0.01001	0.01324	0.02939	0.74369	0.07059	0.01584	0.00655	0.00208	0.00304	0.04851	0.00476	0.00420
15	0.01107	0.01128	0.05409	0.14488	0.24216	0.01088	0.17502	0.04652	0.04939	0.01636	0.01445	0.12724	0.02556	0.00698	0.00561	0.00173	0.00616	0.04073	0.00318	0.00672
16	0.00770	0.00560	0.00708	0.00678	0.00805	0.00544	0.00511	0.01071	0.06208	0.01921	0.56868	0.05087	0.06818	0.03400	0.05350	0.00212	0.00336	0.03264	0.04394	0.00495
17	0.01123	0.01123	0.01572	0.01347	0.01347	0.01572	0.01123	0.01235	0.00786	0.01235	0.00674	0.01123	0.00674	0.00898	0.01684	0.00225	0.81028	0.00449	0.00225	0.00561
18	0.01064	0.00912	0.01064	0.00760	0.01216	0.00684	0.00608	0.01292	0.01064	0.01672	0.00912	0.01064	0.00760	0.00380	0.00380	0.00076	0.00380	0.00304	0.00304	0.85104
19	0.01372	0.82276	0.02689	0.00878	0.01317	0.02030	0.00878	0.01536	0.01043	0.01207	0.00713	0.00823	0.00658	0.00439	0.00329	0.00110	0.00549	0.00274	0.00219	0.00658
20	0.00998	0.00941	0.01591	0.73372	0.10673	0.01148	0.01439	0.01336	0.01040	0.01346	0.00917	0.01359	0.00696	0.00508	0.00513	0.00169	0.00677	0.00456	0.00230	0.00593
21	0.01163	0.00648	0.00845	0.00734	0.00934	0.00597	0.00571	0.04581	0.01497	0.20902	0.56557	0.03213	0.03802	0.00930	0.00580	0.00160	0.00303	0.00808	0.00580	0.00596
22	0.06596	0.19357	0.11776	0.01105	0.04055	0.03815	0.04322	0.12061	0.03458	0.05214	0.00987	0.01093	0.00771	0.00476	0.00424	0.00126	0.00543	0.00364	0.00320	0.23139
23	0.07942	0.11296	0.31313	0.01232	0.03261	0.01173	0.07626	0.05104	0.01189	0.09968	0.04359	0.02751	0.00975	0.00531	0.00467	0.00148	0.00599	0.00434	0.00316	0.09317

[dist]
# distance from previous block
# <min> <max>
0	2

[block]
# block no. 3 follows, 48 sequences, length 36
# corresponding to MSA columns:
# 81-116
name=unknown_D
#
# <colnr> <probs for GDERKNQSTAVLIFYWHMCP>
#	G	D	E	R	K	N	Q	S	T	A	V	L	I	F	Y	W	H	M	C	P
0	0.01239	0.08423	0.02080	0.08736	0.62387	0.01268	0.03297	0.01532	0.01147	0.01599	0.01044	0.01330	0.02698	0.00480	0.00497	0.00151	0.00607	0.00460	0.00255	0.00768
1	0.01259	0.09885	0.38731	0.01405	0.07716	0.01163	0.05813	0.03870	0.02418	0.11542	0.01214	0.06879	0.00970	0.00577	0.00492	0.00156	0.00630	0.00484	0.00312	0.04482
2	0.01196	0.13105	0.37210	0.03734	0.03483	0.06483	0.06270	0.04982	0.01185	0.04930	0.01342	0.04823	0.06272	0.00661	0.02011	0.00169	0.00677	0.00488	0.00286	0.00692
3	0.02150	0.00967	0.01186	0.00927	0.01295	0.04375	0.00755	0.08976	0.01512	0.63358	0.01872	0.01727	0.01230	0.03512	0.00582	0.00168	0.00465	0.00510	0.03608	0.00827
4	0.01276	0.01107	0.01202	0.01139	0.04823	0.01274	0.00847	0.02675	0.74385	0.02125	0.02038	0.01885	0.01532	0.00685	0.00521	0.00173	0.00415	0.00575	0.00510	0.00812
5	0.01066	0.01672	0.35039	0.19238	0.09650	0.01085	0.05858	0.01533	0.03443	0.04076	0.06049	0.01521	0.02644	0.00556	0.00508	0.00162	0.00646	0.00481	0.04087	0.00686
6	0.01228	0.01213	0.03345	0.10948	0.65145	0.01225	0.03374	0.01538	0.01140	0.01621	0.00950	0.01274	0.00791	0.00479	0.00553	0.00158	0.03533	0.00459	0.00250	0.00775
7	0.00746	0.00497	0.00560	0.00560	0.00560	0.00497	0.00311	0.00746	0.00746	0.00995	0.01617	0.03358	0.01865	0.81967	0.02612	0.00497	0.00497	0.00746	0.00311	0.00311
8	0.01234	0.01320	0.02662	0.02544	0.32091	0.01267	0.47787	0.01617	0.01195	0.01656	0.01010	0.01340	0.00792	0.00442	0.00568	0.00165	0.00766	0.00548	0.00257	0.00739
9	0.00899	0.00641	0.00754	0.00702	0.00881	0.00619	0.00533	0.01300	0.14000	0.07678	0.36676	0.07550	0.23672	0.01054	0.00588	0.00169	0.00291	0.00907	0.00535	0.00551
10	0.00629	0.00449	0.00599	0.00712	0.00745	0.00419	0.00477	0.00724	0.00999	0.01337	0.05536	0.78849	0.03445	0.01588	0.00653	0.00207	0.00296	0.01440	0.00479	0.00419
11	0.51038	0.01129	0.01033	0.00852	0.01198	0.01273	0.00702	0.28236	0.01439	0.04440	0.00963	0.01034	0.00712	0.00534	0.00393	0.00156	0.00452	0.00356	0.03391	0.00673
12	0.01240	0.01203	0.01983	0.14484	0.56391	0.03269	0.05603	0.03168	0.01167	0.01619	0.00969	0.01319	0.00807	0.02089	0.00581	0.00164	0.02469	0.00467	0.00257	0.00750
13	0.00858	0.00587	0.00691	0.00651	0.00822	0.00533	0.00492	0.02666	0.04023	0.08830	0.30008	0.11508	0.34113	0.01145	0.00597	0.00171	0.00285	0.00982	0.00524	0.00513
14	0.00865	0.00744	0.01078	0.01002	0.01062	0.00957	0.00805	0.01024	0.00811	0.01206	0.01137	0.01713	0.01076	0.02848	0.53392	0.00621	0.28393	0.00516	0.00258	0.00493
15	0.04315	0.04164	0.06301	0.01101	0.01507	0.04515	0.04323	0.28878	0.06273	0.27750	0.02951	0.01465	0.01086	0.00605	0.00501	0.00155	0.00535	0.00480	0.02286	0.00810
16	0.00675	0.00531	0.00612	0.00601	0.00744	0.00474	0.00447	0.00883	0.03143	0.01687	0.36353	0.10023	0.39580	0.01200	0.00607	0.00171	0.00259	0.01032	0.00515	0.00463
17	0.00625	0.00447	0.00595	0.00714	0.00744	0.00417	0.00476	0.00714	0.00982	0.01310	0.02828	0.81633	0.03394	0.01608	0.00655	0.00208	0.00298	0.01459	0.00476	0.00417
18	0.01812	0.01374	0.01606	0.01235	0.01630	0.01510	0.06981	0.61237	0.07566	0.04330	0.01286	0.01311	0.00925	0.00614	0.00547	0.00158	0.02522	0.00483	0.02034	0.00839
19	0.01422	0.69414	0.04037	0.00935	0.01353	0.11316	0.00901	0.01593	0.01093	0.01236	0.00747	0.00863	0.00672	0.00454	0.00349	0.00114	0.00592	0.00287	0.01974	0.00649
20	0.01367	0.05785	0.11129	0.06006	0.33607	0.04278	0.03141	0.10812	0.04333	0.05437	0.01060	0.01242	0.00825	0.00495	0.00487	0.00146	0.00604	0.00431	0.00311	0.08505
21	0.01260	0.17704	0.48156	0.01376	0.04020	0.11037	0.03081	0.03246	0.01162	0.03191	0.00899	0.01043	0.00678	0.00487	0.00458	0.00148	0.00726	0.00365	0.00240	0.00724
22	0.01265	0.01200	0.02150	0.10364	0.39500	0.01205	0.21853	0.06560	0.01247	0.03835	0.01118	0.05289	0.00934	0.00528	0.00543	0.00163	0.00663	0.00549	0.00291	0.00742
23	0.00976	0.00920	0.01552	0.78812	0.05398	0.01142	0.01429	0.01318	0.01030	0.01320	0.00913	0.01366	0.00687	0.00512	0.00513	0.00171	0.00682	0.00456	0.00229	0.00576
24	0.03363	0.06408	0.01498	0.01415	0.18049	0.02691	0.00954	0.05938	0.03288	0.48611	0.01623	0.01528	0.01093	0.00579	0.00497	0.00154	0.00497	0.00478	0.00503	0.00833
25	0.00799	0.00572	0.00671	0.00676	0.00796	0.02790	0.00491	0.00964	0.01235	0.05986	0.31203	0.29797	0.17546	0.01232	0.00607	0.00177	0.00295	0.01082	0.02603	0.00477
26	0.00733	0.00550	0.00825	0.00825	0.00916	0.00641	0.00641	0.00916	0.00825	0.01191	0.01374	0.02016	0.01283	0.03848	0.79934	0.00825	0.01374	0.00550	0.00275	0.00458
27	0.01372	0.82276	0.02689	0.00878	0.01317	0.02030	0.00878	0.01536	0.01043	0.01207	0.00713	0.00823	0.00658	0.00439	0.00329	0.00110	0.00549	0.00274	0.00219	0.00658
28	0.01073	0.10162	0.67275	0.01450	0.02163	0.01278	0.06453	0.01618	0.01087	0.01586	0.00908	0.01077	0.00659	0.00479	0.00480	0.00158	0.00745	0.00383	0.00220	0.00745
29	0.01351	0.01313	0.01890	0.03202	0.03381	0.06666	0.27370	0.10319	0.32714	0.01979	0.01477	0.01566	0.01114	0.00652	0.02473	0.00184	0.00652	0.00553	0.00395	0.00748
30	0.79556	0.01009	0.00849	0.00852	0.06560	0.01156	0.00629	0.01513	0.00894	0.02257	0.00732	0.00865	0.00574	0.00475	0.00331	0.00158	0.00412	0.00291	0.00313	0.00574
31	0.01069	0.15696	0.18672	0.00985	0.01369	0.01113	0.03876	0.07271	0.10051	0.01749	0.11430	0.03794	0.16019	0.00758	0.00505	0.00155	0.00483	0.00623	0.03741	0.00641
32	0.00698	0.00534	0.00628	0.00612	0.00746	0.00490	0.00453	0.00912	0.03331	0.01693	0.37687	0.07562	0.31717	0.04811	0.03757	0.00208	0.00311	0.00967	0.02421	0.00462
33	0.06209	0.64572	0.05656	0.00861	0.01279	0.01763	0.00854	0.01459	0.01041	0.01315	0.01074	0.03316	0.05743	0.00529	0.00363	0.00121	0.00519	0.00364	0.00251	0.02710
34	0.01205	0.38739	0.42804	0.01194	0.01797	0.03367	0.01414	0.01595	0.01073	0.01427	0.00824	0.00962	0.00654	0.00466	0.00415	0.00138	0.00667	0.00331	0.00219	0.00709
35	0.01189	0.34474	0.46679	0.01225	0.01843	0.03554	0.01466	0.01600	0.01077	0.01448	0.00835	0.00975	0.00654	0.00469	0.00424	0.00141	0.00679	0.00336	0.00219	0.00714

[dist]
# distance from previous block
# <min> <max>
1	7

[block]
# block no. 4 follows, 48 sequences, length 13
# corresponding to MSA columns:
# 124-136
name=unknown_E
#
# <colnr> <probs for GDERKNQSTAVLIFYWHMCP>
#	G	D	E	R	K	N	Q	S	T	A	V	L	I	F	Y	W	H	M	C	P
0	0.13412	0.26970	0.05869	0.00929	0.01250	0.09702	0.02177	0.06734	0.01198	0.03536	0.07661	0.10680	0.01458	0.03002	0.00512	0.00159	0.00524	0.03283	0.00340	0.00604
1	0.01223	0.01187	0.07942	0.28365	0.12071	0.03214	0.01183	0.15202	0.07268	0.01831	0.03180	0.01524	0.01004	0.04191	0.00637	0.01652	0.01671	0.00484	0.05506	0.00666
2	0.01538	0.40309	0.02015	0.01121	0.04884	0.22555	0.00920	0.08433	0.07239	0.01525	0.00941	0.01039	0.00784	0.00506	0.00405	0.00127	0.00628	0.00347	0.04012	0.00671
3	0.00878	0.00454	0.00682	0.00682	0.00689	0.00462	0.00462	0.00689	0.00682	0.00916	0.00932	0.01598	0.00924	0.01955	0.08528	0.78019	0.00523	0.00454	0.00227	0.00243
4	0.02853	0.06749	0.11338	0.00976	0.01231	0.00863	0.02989	0.05706	0.05925	0.04565	0.02112	0.24666	0.03816	0.01229	0.04614	0.00223	0.00517	0.18641	0.00414	0.00574
5	0.01441	0.18736	0.26132	0.01336	0.09062	0.03488	0.02962	0.04507	0.03248	0.17637	0.04268	0.01412	0.01041	0.00555	0.00475	0.00150	0.00598	0.01855	0.00347	0.00749
6	0.00867	0.00589	0.00847	0.03404	0.00998	0.00650	0.00648	0.01032	0.00924	0.07278	0.03664	0.11403	0.01704	0.09500	0.47593	0.00591	0.03433	0.04051	0.00342	0.00481
7	0.00880	0.00450	0.00660	0.00660	0.00660	0.00450	0.00435	0.00674	0.00674	0.00899	0.00948	0.01699	0.00967	0.08004	0.02052	0.78509	0.00450	0.00469	0.00230	0.00230
8	0.05634	0.01062	0.01783	0.45214	0.21258	0.01201	0.09225	0.04064	0.01115	0.01552	0.00933	0.01308	0.00724	0.00501	0.00536	0.00167	0.02360	0.00462	0.00252	0.00651
9	0.01137	0.00984	0.01473	0.03798	0.09682	0.04178	0.14794	0.07515	0.03926	0.06269	0.04153	0.27305	0.04378	0.00939	0.00670	0.00182	0.06767	0.00843	0.00394	0.00614
10	0.00704	0.00538	0.00685	0.00732	0.00797	0.00543	0.00530	0.00821	0.01032	0.01379	0.08639	0.42428	0.15595	0.07658	0.00880	0.00223	0.07073	0.07217	0.02092	0.00434
11	0.00746	0.00500	0.00573	0.00573	0.00577	0.00504	0.00327	0.00754	0.00750	0.01005	0.01605	0.03292	0.01837	0.78145	0.06395	0.00513	0.00540	0.00737	0.00309	0.00318
12	0.01236	0.01132	0.01836	0.06709	0.54276	0.01090	0.03178	0.01526	0.01147	0.03694	0.00981	0.01247	0.00806	0.00448	0.00483	0.00138	0.00566	0.00430	0.00273	0.18804

[dist]
# distance from previous block
# <min> <max>
0	1

[block]
# block no. 5 follows, 48 sequences, length 75
# corresponding to MSA columns:
# 138-149,187-249
name=unknown_F
#
# <colnr> <probs for GDERKNQSTAVLIFYWHMCP>
#	G	D	E	R	K	N	Q	S	T	A	V	L	I	F	Y	W	H	M	C	P
0	0.00632	0.00513	0.00560	0.00564	0.00713	0.00442	0.00417	0.00780	0.01207	0.01512	0.19573	0.12295	0.56440	0.01280	0.00611	0.00174	0.00260	0.01089	0.00494	0.00442
1	0.01409	0.04719	0.03477	0.01354	0.11672	0.01362	0.00977	0.17430	0.47199	0.02248	0.01678	0.01623	0.01264	0.00632	0.00509	0.00164	0.00480	0.00522	0.00464	0.00816
2	0.00802	0.00832	0.09924	0.00879	0.03209	0.00653	0.00717	0.01165	0.09627	0.01726	0.29829	0.28798	0.06133	0.01127	0.00598	0.00180	0.00354	0.02433	0.00477	0.00537
3	0.02864	0.11428	0.33272	0.01923	0.24733	0.02458	0.09095	0.03100	0.01155	0.03913	0.00954	0.01153	0.00733	0.00475	0.00484	0.00154	0.00682	0.00415	0.00253	0.00755
4	0.01328	0.69175	0.02621	0.01005	0.01437	0.01871	0.09336	0.01527	0.01071	0.01294	0.02403	0.00980	0.00778	0.00456	0.00367	0.00118	0.00569	0.00331	0.02681	0.00653
5	0.00626	0.00521	0.00547	0.00540	0.00705	0.00441	0.00405	0.00774	0.01216	0.01496	0.17179	0.04757	0.66509	0.01259	0.00606	0.00171	0.00257	0.01058	0.00491	0.00441
6	0.10604	0.12828	0.11242	0.03240	0.19661	0.08796	0.08516	0.01479	0.01134	0.01599	0.05206	0.08553	0.03792	0.00628	0.00486	0.00155	0.00594	0.00539	0.00296	0.00652
7	0.01601	0.17620	0.15215	0.03748	0.11184	0.17676	0.02939	0.02993	0.02742	0.17889	0.01122	0.01196	0.00830	0.00519	0.00464	0.00144	0.00656	0.00400	0.00332	0.00731
8	0.10208	0.00568	0.00660	0.00652	0.00714	0.00613	0.00437	0.00882	0.00784	0.01199	0.01444	0.02676	0.01545	0.49562	0.25432	0.00557	0.00748	0.00635	0.00301	0.00382
9	0.10484	0.02201	0.56561	0.02970	0.05122	0.03218	0.04301	0.01573	0.01076	0.01676	0.01008	0.03546	0.00799	0.00544	0.00485	0.00165	0.00697	0.02616	0.00247	0.00709
10	0.01387	0.01372	0.09641	0.02245	0.40697	0.06501	0.08802	0.01744	0.04421	0.11880	0.01242	0.05581	0.01011	0.00557	0.00522	0.00159	0.00623	0.00521	0.00325	0.00768
11	0.01445	0.02978	0.10993	0.06141	0.33328	0.06103	0.03784	0.10187	0.05855	0.10466	0.02981	0.01374	0.00970	0.00533	0.00507	0.00156	0.00613	0.00467	0.00343	0.00779
12	0.10201	0.00598	0.00809	0.00800	0.00915	0.00694	0.00622	0.00977	0.00828	0.01310	0.01308	0.01922	0.01218	0.05690	0.68856	0.00741	0.01240	0.00525	0.00281	0.00465
13	0.01040	0.01160	0.10260	0.08654	0.38930	0.00994	0.03979	0.01349	0.01182	0.01635	0.10767	0.02179	0.14341	0.00676	0.00538	0.00160	0.00540	0.00614	0.00322	0.00680
14	0.74486	0.05322	0.02347	0.00740	0.01069	0.06077	0.00624	0.01545	0.00922	0.02168	0.00723	0.00843	0.00569	0.00478	0.00330	0.00155	0.00444	0.00283	0.00307	0.00567
15	0.11266	0.01380	0.01443	0.01121	0.01518	0.01535	0.00925	0.66882	0.04012	0.03104	0.01194	0.01203	0.00854	0.00602	0.00492	0.00155	0.00542	0.00444	0.00492	0.00836
16	0.10764	0.16976	0.33805	0.01255	0.05328	0.02672	0.03447	0.03166	0.01147	0.12941	0.01028	0.01120	0.00750	0.00496	0.00444	0.00148	0.00616	0.00377	0.00301	0.03217
17	0.10449	0.02009	0.50336	0.01283	0.03975	0.02737	0.01444	0.01567	0.06282	0.01686	0.01275	0.11417	0.02089	0.00654	0.00494	0.00168	0.00628	0.00529	0.00287	0.00690
18	0.01014	0.02408	0.70535	0.01374	0.02048	0.01108	0.01734	0.01518	0.01037	0.01543	0.00918	0.01136	0.00677	0.00632	0.00657	0.09635	0.00723	0.00387	0.00217	0.00699
19	0.00996	0.09859	0.01343	0.18874	0.15249	0.00939	0.00941	0.01237	0.02800	0.05027	0.07356	0.25186	0.06343	0.00909	0.00545	0.00171	0.00469	0.00805	0.00368	0.00583
20	0.01496	0.09838	0.18846	0.05949	0.10763	0.13545	0.02499	0.04873	0.05769	0.15069	0.02687	0.01383	0.00968	0.00565	0.00512	0.00154	0.02254	0.01756	0.00344	0.00730
21	0.01316	0.69370	0.15108	0.00973	0.01463	0.01894	0.01043	0.01551	0.01049	0.01275	0.00747	0.00865	0.00657	0.00447	0.00355	0.00118	0.00583	0.00291	0.00219	0.00675
22	0.00637	0.00475	0.00594	0.00669	0.00743	0.00432	0.00466	0.00755	0.01080	0.01415	0.11734	0.54278	0.20186	0.01473	0.00640	0.00196	0.00287	0.03025	0.00486	0.00429
23	0.01131	0.01068	0.01768	0.14265	0.53727	0.01106	0.01382	0.01414	0.01134	0.01571	0.01440	0.03134	0.08068	0.00614	0.00562	0.00163	0.02878	0.03579	0.00282	0.00714
24	0.03713	0.02618	0.16735	0.13776	0.22038	0.02716	0.08096	0.10089	0.02747	0.10882	0.01116	0.01298	0.00821	0.00514	0.00507	0.00159	0.00642	0.00455	0.00323	0.00755
25	0.01655	0.00754	0.01002	0.03171	0.01182	0.00684	0.00677	0.03410	0.01330	0.46982	0.04801	0.08912	0.14383	0.01107	0.07293	0.00222	0.00480	0.00700	0.00548	0.00707
26	0.00719	0.00546	0.00791	0.00791	0.00891	0.00618	0.00613	0.00896	0.00863	0.01213	0.01801	0.02342	0.09904	0.03564	0.71084	0.00752	0.01250	0.00609	0.00297	0.00455
27	0.00757	0.00851	0.13129	0.00858	0.02138	0.00597	0.00741	0.00971	0.01102	0.01511	0.17460	0.30131	0.06579	0.10229	0.00839	0.00225	0.00407	0.10558	0.00431	0.00486
28	0.02906	0.17497	0.24051	0.07449	0.07181	0.06807	0.06076	0.08780	0.03752	0.06231	0.01037	0.02519	0.00807	0.00532	0.00495	0.00152	0.02293	0.00421	0.00296	0.00718
29	0.16715	0.00918	0.00968	0.00856	0.01009	0.03704	0.00648	0.15051	0.01130	0.01739	0.01259	0.05656	0.01252	0.26919	0.06538	0.00320	0.12006	0.00566	0.02223	0.00523
30	0.01183	0.01732	0.29364	0.02513	0.48541	0.01213	0.04880	0.01595	0.01140	0.01657	0.00953	0.01209	0.00754	0.00467	0.00505	0.00157	0.00673	0.00436	0.00241	0.00788
31	0.76196	0.10061	0.00970	0.00697	0.01029	0.01249	0.00592	0.01511	0.00892	0.02180	0.00714	0.00832	0.00567	0.00472	0.00319	0.00153	0.00414	0.00277	0.00307	0.00567
32	0.01500	0.47222	0.02049	0.00953	0.01319	0.16219	0.00851	0.11556	0.01303	0.01566	0.00909	0.01024	0.00764	0.00498	0.00382	0.00121	0.00584	0.00333	0.10192	0.00654
33	0.00785	0.00576	0.00782	0.00901	0.02447	0.00562	0.00737	0.00987	0.01145	0.01480	0.02946	0.13995	0.11547	0.03778	0.00743	0.00232	0.00432	0.54996	0.00464	0.00463
34	0.04000	0.52324	0.10356	0.00948	0.01366	0.11296	0.00935	0.01519	0.01106	0.01312	0.01245	0.01323	0.09345	0.00552	0.00393	0.00127	0.00580	0.00383	0.00256	0.00633
35	0.05782	0.02714	0.05630	0.05101	0.14787	0.09767	0.05654	0.03739	0.03267	0.05407	0.06376	0.05980	0.01371	0.04321	0.12857	0.02008	0.02075	0.02218	0.00331	0.00614
36	0.00622	0.00513	0.00548	0.00572	0.00721	0.00440	0.00427	0.00752	0.01143	0.01384	0.04716	0.16075	0.63435	0.01351	0.00619	0.00182	0.00277	0.05315	0.00476	0.00433
37	0.00987	0.00724	0.00889	0.00896	0.01052	0.00746	0.00718	0.15703	0.04180	0.01831	0.05416	0.27886	0.05626	0.01276	0.00640	0.00204	0.00417	0.29778	0.00487	0.00544
38	0.03253	0.11666	0.36511	0.01407	0.01961	0.08772	0.14658	0.02953	0.02951	0.05687	0.01056	0.01291	0.00808	0.00519	0.00489	0.00156	0.00713	0.02558	0.01880	0.00710
39	0.10940	0.01383	0.05665	0.01115	0.01440	0.10945	0.03795	0.25741	0.11136	0.04815	0.01276	0.01461	0.00991	0.00635	0.00573	0.00161	0.06757	0.03137	0.07321	0.00712
40	0.00847	0.00567	0.00749	0.00708	0.00842	0.00538	0.00546	0.01071	0.01381	0.07277	0.59022	0.07596	0.06358	0.01080	0.00641	0.00172	0.02616	0.06935	0.00546	0.00508
41	0.00778	0.00616	0.00827	0.00804	0.00973	0.00540	0.03461	0.00938	0.01052	0.01445	0.02442	0.43809	0.07011	0.01234	0.00596	0.00179	0.00363	0.12648	0.00428	0.19858
42	0.05811	0.00520	0.00547	0.00538	0.00637	0.00527	0.00378	0.01062	0.01012	0.01689	0.10166	0.02453	0.01811	0.22481	0.02857	0.00244	0.00344	0.00590	0.45892	0.00438
43	0.03810	0.00827	0.00973	0.00843	0.01101	0.00836	0.00679	0.14554	0.07856	0.20623	0.07802	0.04418	0.10303	0.01016	0.05168	0.00204	0.00453	0.07664	0.10207	0.00663
44	0.04951	0.08446	0.05556	0.06436	0.04097	0.10905	0.07921	0.09180	0.22184	0.01775	0.01311	0.01579	0.01076	0.09653	0.00753	0.00196	0.02457	0.00494	0.00356	0.00675
45	0.00919	0.02374	0.02955	0.00801	0.00957	0.00694	0.03645	0.02527	0.04078	0.03704	0.12306	0.06911	0.06933	0.08197	0.14985	0.09778	0.03826	0.00664	0.10503	0.03243
46	0.02641	0.13563	0.42393	0.01569	0.14050	0.01331	0.01510	0.04869	0.08538	0.03321	0.01043	0.01171	0.00786	0.00504	0.00470	0.00154	0.00650	0.00400	0.00275	0.00762
47	0.01328	0.51820	0.18672	0.01043	0.01508	0.05637	0.01092	0.04280	0.01107	0.02280	0.00823	0.01003	0.00712	0.03141	0.00504	0.00141	0.03668	0.00331	0.00240	0.00672
48	0.01004	0.02305	0.66643	0.01314	0.01968	0.01076	0.01655	0.01539	0.01090	0.01661	0.03086	0.03096	0.00897	0.00540	0.00480	0.00159	0.00676	0.00429	0.09670	0.00712
49	0.01162	0.12086	0.01374	0.00860	0.01301	0.03123	0.03163	0.02883	0.04982	0.01650	0.00951	0.01084	0.00787	0.00414	0.00392	0.00092	0.00439	0.00328	0.00305	0.62624
50	0.00969	0.00912	0.01539	0.80734	0.03534	0.01140	0.01425	0.01311	0.01026	0.01311	0.00912	0.01368	0.00684	0.00513	0.00513	0.00171	0.00684	0.00456	0.00228	0.00570
51	0.00729	0.00581	0.00748	0.00891	0.09405	0.00551	0.00546	0.00847	0.01010	0.01308	0.04251	0.19297	0.29507	0.19581	0.08170	0.00309	0.00459	0.00963	0.00398	0.00448
52	0.01179	0.01140	0.04662	0.33482	0.03487	0.09830	0.06984	0.01517	0.04610	0.06360	0.01352	0.01617	0.05282	0.00689	0.02763	0.00182	0.05123	0.00500	0.08638	0.00604
53	0.04804	0.05054	0.28785	0.01645	0.19204	0.04705	0.02810	0.07172	0.02891	0.05987	0.01014	0.01223	0.00785	0.00651	0.00667	0.09630	0.01566	0.00417	0.00285	0.00703
54	0.00680	0.00609	0.00813	0.00733	0.00927	0.00530	0.08943	0.00841	0.01153	0.01409	0.04420	0.13383	0.59972	0.01240	0.00614	0.00178	0.00335	0.02307	0.00452	0.00461
55	0.00706	0.00571	0.00747	0.00905	0.09433	0.00522	0.00568	0.00857	0.01143	0.01492	0.14925	0.32912	0.30759	0.01282	0.00613	0.00182	0.00310	0.01130	0.00465	0.00477
56	0.03244	0.04032	0.04538	0.10050	0.22007	0.10164	0.26555	0.01649	0.03357	0.03347	0.01040	0.01387	0.00838	0.01568	0.00585	0.00166	0.02610	0.01897	0.00274	0.00693
57	0.07905	0.09845	0.16881	0.04159	0.15788	0.05850	0.07659	0.03292	0.01184	0.03267	0.09606	0.01455	0.01206	0.00548	0.00489	0.00149	0.01590	0.00461	0.03935	0.04729
58	0.05117	0.00666	0.00868	0.00823	0.01012	0.00630	0.00646	0.03106	0.01183	0.26798	0.02212	0.23865	0.02153	0.04226	0.00760	0.05796	0.00407	0.16778	0.02377	0.00579
59	0.00623	0.00511	0.00551	0.00568	0.00714	0.00438	0.00419	0.00758	0.01164	0.01431	0.10599	0.16447	0.59827	0.01329	0.00616	0.00179	0.00269	0.02640	0.00483	0.00436
60	0.01366	0.32239	0.20540	0.03447	0.20359	0.01464	0.01287	0.01675	0.01132	0.10575	0.00982	0.01114	0.00766	0.00480	0.00436	0.00140	0.00603	0.00376	0.00276	0.00743
61	0.03443	0.11539	0.07143	0.01397	0.11752	0.05507	0.02494	0.34157	0.01737	0.14110	0.01194	0.01233	0.00864	0.00556	0.00483	0.00149	0.00584	0.00433	0.00419	0.00806
62	0.39603	0.04279	0.12850	0.01325	0.17086	0.01129	0.02441	0.01484	0.02725	0.01914	0.01334	0.01452	0.09355	0.00569	0.00425	0.00158	0.00494	0.00432	0.00307	0.00637
63	0.01096	0.08993	0.58998	0.01326	0.03518	0.01201	0.01591	0.04969	0.01141	0.01696	0.01002	0.01165	0.00738	0.00501	0.00461	0.00153	0.00671	0.00387	0.09669	0.00725
64	0.00669	0.00500	0.00622	0.00639	0.00743	0.00452	0.00461	0.00839	0.01246	0.01681	0.39162	0.27876	0.20678	0.01275	0.00621	0.00178	0.00263	0.01125	0.00518	0.00452
65	0.01081	0.01148	0.10531	0.01004	0.06118	0.00803	0.00831	0.01410	0.04315	0.01687	0.00966	0.01115	0.00784	0.00411	0.00407	0.00095	0.00441	0.00334	0.00300	0.66219
66	0.04440	0.08789	0.21546	0.02029	0.04583	0.01104	0.01060	0.13656	0.01331	0.13974	0.05356	0.01711	0.01211	0.09664	0.00720	0.00190	0.00553	0.02439	0.00376	0.05267
67	0.00746	0.00542	0.00743	0.00739	0.00795	0.00608	0.00531	0.00861	0.00795	0.01120	0.01449	0.02487	0.01483	0.32257	0.50187	0.00693	0.02652	0.00619	0.00287	0.00407
68	0.01334	0.06603	0.07307	0.03548	0.34772	0.03633	0.02686	0.10714	0.01296	0.03630	0.00986	0.01183	0.00790	0.00468	0.00468	0.00134	0.00573	0.00407	0.00300	0.19167
69	0.05827	0.00970	0.01201	0.02731	0.07210	0.04641	0.02415	0.08407	0.04145	0.34367	0.03586	0.03775	0.08620	0.00777	0.00539	0.00169	0.00477	0.08911	0.00505	0.00726
70	0.00777	0.00511	0.00598	0.00594	0.00606	0.00519	0.00351	0.00800	0.02945	0.01023	0.01541	0.03072	0.01729	0.68148	0.05008	0.09934	0.00518	0.00701	0.00306	0.00320
71	0.01159	0.00990	0.03124	0.00986	0.02555	0.02853	0.02827	0.07633	0.35341	0.03701	0.09804	0.05493	0.03002	0.14550	0.03480	0.00246	0.00480	0.00663	0.00456	0.00657
72	0.01345	0.03357	0.05957	0.04153	0.31819	0.16859	0.03824	0.04373	0.01235	0.03768	0.01409	0.01595	0.09441	0.00619	0.00616	0.00158	0.07987	0.00499	0.00295	0.00691
73	0.01205	0.04631	0.63927	0.01391	0.02081	0.01261	0.01705	0.12523	0.01284	0.03881	0.00989	0.01115	0.00699	0.00509	0.00488	0.00160	0.00716	0.00392	0.00271	0.00775
74	0.03132	0.03606	0.03919	0.01140	0.05147	0.05647	0.00899	0.28695	0.16949	0.03427	0.01265	0.01296	0.00956	0.00550	0.00470	0.00137	0.00511	0.00429	0.00418	0.21409

[dist]
# distance from previous block
# <min> <max>
2	4

[block]
# block no. 6 follows, 48 sequences, length 19
# corresponding to MSA columns:
# 254-272
name=unknown_G
#
# <colnr> <probs for GDERKNQSTAVLIFYWHMCP>
#	G	D	E	R	K	N	Q	S	T	A	V	L	I	F	Y	W	H	M	C	P
0	0.01130	0.01116	0.06986	0.23294	0.30191	0.01073	0.04141	0.02991	0.03470	0.04276	0.02836	0.02042	0.04581	0.00646	0.00541	0.00170	0.00599	0.08925	0.00311	0.00681
1	0.01554	0.06839	0.03741	0.06425	0.23586	0.16152	0.06543	0.04223	0.03104	0.16149	0.01258	0.04475	0.01007	0.00580	0.00506	0.00154	0.00639	0.01988	0.00351	0.00728
2	0.01465	0.01157	0.06919	0.24492	0.15769	0.04299	0.05316	0.03287	0.02504	0.23515	0.02549	0.03258	0.02000	0.00579	0.00520	0.00163	0.00598	0.00510	0.00375	0.00723
3	0.00977	0.00916	0.01542	0.72495	0.08616	0.01119	0.01401	0.01308	0.01034	0.01336	0.00985	0.04264	0.00791	0.00549	0.00518	0.00171	0.00665	0.00492	0.00239	0.00581
4	0.01131	0.01184	0.05443	0.14310	0.34381	0.03224	0.05744	0.01400	0.01064	0.01485	0.01140	0.07982	0.02548	0.00664	0.00750	0.00175	0.15885	0.00553	0.00266	0.00672
5	0.01133	0.04282	0.07928	0.31025	0.27912	0.01128	0.04511	0.01453	0.01121	0.05358	0.01372	0.01635	0.07818	0.00564	0.00515	0.00161	0.00617	0.00509	0.00280	0.00677
6	0.01235	0.01222	0.01898	0.23370	0.53814	0.06525	0.01496	0.01538	0.01150	0.01552	0.00940	0.01272	0.00769	0.00477	0.00506	0.00156	0.00650	0.00448	0.00248	0.00734
7	0.02728	0.00993	0.11786	0.02011	0.01269	0.00774	0.00851	0.03032	0.01157	0.32350	0.01646	0.05446	0.01334	0.05616	0.12517	0.08350	0.02233	0.04831	0.00431	0.00646
8	0.01389	0.08879	0.23664	0.06986	0.11454	0.03980	0.08913	0.01735	0.01185	0.17974	0.01254	0.04485	0.00974	0.00582	0.00537	0.00161	0.02710	0.02076	0.00333	0.00731
9	0.01254	0.03527	0.12380	0.17005	0.37045	0.01157	0.06642	0.01593	0.01151	0.08809	0.01111	0.04084	0.00892	0.00526	0.00514	0.00160	0.00633	0.00492	0.00287	0.00739
10	0.01050	0.02506	0.70441	0.01544	0.02274	0.01204	0.10615	0.01627	0.01098	0.01627	0.00934	0.01118	0.00665	0.00481	0.00501	0.00164	0.00771	0.00405	0.00222	0.00751
11	0.01946	0.01047	0.01370	0.11111	0.07271	0.06343	0.02963	0.06270	0.01417	0.50211	0.01643	0.01610	0.01102	0.02632	0.00566	0.00167	0.00534	0.00497	0.00506	0.00793
12	0.01224	0.01513	0.20974	0.07387	0.43203	0.01154	0.05889	0.01599	0.01160	0.06121	0.02598	0.02909	0.00920	0.00512	0.00514	0.00159	0.00642	0.00479	0.00276	0.00766
13	0.01085	0.02411	0.68839	0.01461	0.04759	0.01138	0.01767	0.01633	0.01116	0.05304	0.02852	0.01321	0.00850	0.00533	0.00499	0.00164	0.00718	0.02547	0.00253	0.00751
14	0.02004	0.00801	0.01075	0.00848	0.01182	0.00702	0.00684	0.02193	0.01398	0.63958	0.08281	0.02045	0.01611	0.06746	0.00674	0.00183	0.00418	0.00566	0.03850	0.00784
15	0.01264	0.04387	0.55700	0.01496	0.08252	0.02921	0.01632	0.03920	0.03023	0.11041	0.01086	0.01192	0.00767	0.00511	0.00489	0.00159	0.00691	0.00405	0.00287	0.00775
16	0.01216	0.09487	0.21341	0.04399	0.20944	0.01213	0.11119	0.04888	0.03858	0.05230	0.03176	0.04058	0.02109	0.00592	0.00517	0.00161	0.00629	0.04031	0.00307	0.00724
17	0.01027	0.00825	0.02456	0.00882	0.01057	0.04199	0.00707	0.10897	0.04762	0.05155	0.04307	0.25427	0.14430	0.01196	0.00655	0.00194	0.03512	0.17294	0.00467	0.00550
18	0.04637	0.04278	0.04281	0.10694	0.25225	0.05081	0.09525	0.01659	0.01202	0.15337	0.01366	0.04224	0.01150	0.00633	0.00529	0.00166	0.00602	0.08356	0.00349	0.00706

[dist]
# distance from previous block
# <min> <max>
1	48

[block]
# block no. 7 follows, 48 sequences, length 8
# corresponding to MSA columns:
# 321-328
name=unknown_H
#
# <colnr> <probs for GDERKNQSTAVLIFYWHMCP>
#	G	D	E	R	K	N	Q	S	T	A	V	L	I	F	Y	W	H	M	C	P
0	0.11838	0.29289	0.19266	0.01243	0.05479	0.08196	0.06716	0.06807	0.01193	0.01665	0.03403	0.01082	0.00813	0.00495	0.00426	0.00141	0.00626	0.00371	0.00271	0.00682
1	0.06161	0.20629	0.04004	0.01292	0.05472	0.06370	0.10064	0.26546	0.07681	0.05341	0.01110	0.01186	0.00843	0.00535	0.00467	0.00147	0.00599	0.00426	0.00372	0.00755
2	0.00637	0.00456	0.00606	0.00706	0.00747	0.00425	0.00477	0.00745	0.01039	0.01399	0.11898	0.72307	0.03567	0.01541	0.00649	0.00203	0.00291	0.01395	0.00487	0.00425
3	0.01300	0.04863	0.21904	0.01620	0.16342	0.01150	0.09692	0.10078	0.04714	0.09008	0.08050	0.01710	0.01295	0.03044	0.00586	0.00171	0.00604	0.02777	0.00355	0.00737
4	0.01516	0.01275	0.10770	0.01258	0.04268	0.08016	0.11278	0.07127	0.02996	0.24391	0.03885	0.07197	0.03658	0.00756	0.00556	0.00171	0.00577	0.09155	0.00441	0.00708
5	0.01125	0.01039	0.13769	0.01093	0.01400	0.00755	0.10705	0.01393	0.01172	0.16319	0.02268	0.23110	0.07034	0.01032	0.00602	0.00190	0.00504	0.15449	0.00436	0.00607
6	0.00610	0.00504	0.00536	0.00561	0.00704	0.00430	0.00408	0.00732	0.01130	0.01370	0.04698	0.21119	0.62700	0.01364	0.00617	0.00181	0.00268	0.01162	0.00476	0.00430
7	0.03844	0.01118	0.04555	0.06508	0.25741	0.01067	0.14480	0.09064	0.01276	0.08770	0.01451	0.15131	0.01328	0.00711	0.00550	0.00170	0.00581	0.02593	0.00358	0.00703

[dist]
# distance from previous block
# <min> <max>
0	3

[block]
# block no. 8 follows, 48 sequences, length 25
# corresponding to MSA columns:
# 332-356
name=unknown_I
#
# <colnr> <probs for GDERKNQSTAVLIFYWHMCP>
#	G	D	E	R	K	N	Q	S	T	A	V	L	I	F	Y	W	H	M	C	P
0	0.04356	0.02760	0.22774	0.09390	0.22793	0.06469	0.09282	0.01673	0.08366	0.01659	0.03030	0.03140	0.00962	0.00537	0.00507	0.00161	0.00660	0.00480	0.00283	0.00719
1	0.04196	0.16537	0.05845	0.07988	0.08951	0.05266	0.07754	0.20923	0.03191	0.12808	0.01143	0.01236	0.00842	0.00532	0.00477	0.00149	0.00603	0.00432	0.00372	0.00755
2	0.01032	0.01004	0.01565	0.69908	0.07262	0.04606	0.01401	0.01354	0.01042	0.01324	0.00900	0.01333	0.00689	0.00527	0.00560	0.00171	0.04058	0.00450	0.00231	0.00583
3	0.09527	0.04910	0.24818	0.04924	0.11062	0.01128	0.07481	0.03582	0.03587	0.13524	0.01267	0.06338	0.01017	0.00607	0.00527	0.00165	0.02550	0.01929	0.00337	0.00718
4	0.05538	0.03385	0.09556	0.04666	0.22040	0.06950	0.13773	0.10715	0.01354	0.12168	0.01273	0.01414	0.03749	0.00538	0.00511	0.00157	0.00639	0.00484	0.00344	0.00747
5	0.11598	0.07914	0.24421	0.01411	0.04019	0.10745	0.15868	0.06155	0.01247	0.10411	0.01030	0.01161	0.00752	0.00500	0.00480	0.00155	0.00688	0.00419	0.00308	0.00715
6	0.04195	0.00647	0.00778	0.00757	0.00873	0.00655	0.00561	0.06749	0.02281	0.08435	0.01911	0.08011	0.01991	0.34916	0.01500	0.03881	0.00467	0.19103	0.01824	0.00466
7	0.06697	0.32333	0.08018	0.01092	0.01484	0.28741	0.00979	0.07918	0.01313	0.05868	0.00873	0.00965	0.00704	0.00502	0.00413	0.00131	0.00681	0.00331	0.00288	0.00668
8	0.05267	0.13386	0.01716	0.01275	0.05678	0.19742	0.02659	0.39885	0.01835	0.02324	0.01015	0.01090	0.00774	0.00552	0.00468	0.00143	0.00648	0.00400	0.00385	0.00757
9	0.00714	0.00488	0.00592	0.00639	0.00658	0.00479	0.00404	0.00761	0.00856	0.01138	0.02091	0.28671	0.02440	0.49913	0.01836	0.00384	0.00431	0.06770	0.00377	0.00357
10	0.00700	0.00522	0.00627	0.00679	0.00759	0.00501	0.00480	0.00857	0.04215	0.01318	0.03037	0.32522	0.20492	0.18684	0.03506	0.00283	0.00389	0.09571	0.00436	0.00422
11	0.01724	0.35830	0.07629	0.01009	0.01450	0.03511	0.00946	0.18908	0.01473	0.21123	0.01175	0.01168	0.00859	0.00534	0.00432	0.00136	0.00549	0.00386	0.00391	0.00766
12	0.03336	0.15846	0.04217	0.08113	0.05678	0.16427	0.17394	0.14238	0.01401	0.05234	0.00978	0.01155	0.00756	0.00513	0.00514	0.00150	0.02616	0.00430	0.00309	0.00697
13	0.00646	0.00466	0.00616	0.00727	0.00775	0.00436	0.00509	0.00753	0.01015	0.01339	0.02961	0.68812	0.07940	0.01568	0.00658	0.00209	0.00314	0.09356	0.00476	0.00424
14	0.01256	0.02084	0.55634	0.01279	0.01903	0.01035	0.01536	0.01730	0.01171	0.17309	0.01445	0.01646	0.04711	0.00604	0.00510	0.00166	0.00654	0.04248	0.00327	0.00751
15	0.01858	0.07744	0.10793	0.01343	0.12764	0.02245	0.02835	0.02164	0.03911	0.46651	0.01592	0.01508	0.01069	0.00571	0.00498	0.00155	0.00526	0.00473	0.00478	0.00823
16	0.01252	0.01201	0.02051	0.07674	0.74379	0.01215	0.01566	0.01559	0.01160	0.01655	0.00962	0.01276	0.00805	0.00460	0.00508	0.00153	0.00614	0.00457	0.00252	0.00799
17	0.00733	0.00550	0.00825	0.00825	0.00916	0.00641	0.00641	0.00916	0.00825	0.01191	0.01374	0.02016	0.01283	0.03848	0.79934	0.00825	0.01374	0.00550	0.00275	0.00458
18	0.30303	0.00951	0.00924	0.00779	0.01077	0.03612	0.00629	0.11455	0.03335	0.19896	0.01351	0.01386	0.00973	0.00568	0.00409	0.00148	0.00408	0.00414	0.20724	0.00659
19	0.10911	0.06197	0.04020	0.01981	0.32666	0.18182	0.05699	0.04966	0.04605	0.04622	0.00989	0.01167	0.00788	0.00497	0.00473	0.00149	0.00652	0.00414	0.00298	0.00724
20	0.05668	0.01319	0.08770	0.01654	0.25438	0.09141	0.01088	0.05388	0.02273	0.03620	0.01160	0.07359	0.01032	0.00578	0.00477	0.00140	0.00552	0.02473	0.00316	0.21555
21	0.09894	0.13425	0.01641	0.01438	0.17856	0.03713	0.02290	0.15279	0.07296	0.14612	0.04116	0.01361	0.01052	0.00554	0.00465	0.00147	0.00520	0.00443	0.00398	0.03499
22	0.09004	0.11939	0.06610	0.04065	0.34743	0.04697	0.02612	0.03833	0.02696	0.12346	0.01074	0.01224	0.00827	0.00495	0.00466	0.00148	0.00580	0.00418	0.00318	0.01905
23	0.07237	0.09402	0.05197	0.09449	0.35762	0.03489	0.01260	0.09856	0.03337	0.08656	0.01063	0.01242	0.00823	0.00505	0.00477	0.00151	0.00586	0.00428	0.00320	0.00760
24	0.21719	0.07741	0.07043	0.05053	0.23152	0.03678	0.01087	0.08321	0.06351	0.09630	0.01078	0.01197	0.00818	0.00515	0.00447	0.00154	0.00542	0.00404	0.00342	0.00729

[dist]
# distance from previous block
# <min> <max>
0	421

# created by:
# /home/cegg/simao/soft/augustus-3.2.1/scripts/msa2prfl.pl ./align_prep/EOG091G0MMY.fa
