[name]
unknown

[dist]
# distance from previous block
# <min> <max>
0	38

[block]
# block no. 0 follows, 53 sequences, length 41
# corresponding to MSA columns:
# 40-80
name=unknown_A
#
# <colnr> <probs for GDERKNQSTAVLIFYWHMCP>
#	G	D	E	R	K	N	Q	S	T	A	V	L	I	F	Y	W	H	M	C	P
0	0.00771	0.00567	0.00823	0.00885	0.01008	0.00560	0.03299	0.00998	0.01130	0.01490	0.11427	0.05046	0.02887	0.01250	0.00646	0.00210	0.00427	0.65682	0.00444	0.00448
1	0.01072	0.01615	0.25202	0.04470	0.02401	0.01175	0.53852	0.01516	0.01088	0.01516	0.00932	0.01208	0.00688	0.00420	0.00530	0.00158	0.00772	0.00499	0.00229	0.00659
2	0.01696	0.02108	0.01441	0.01484	0.13176	0.69376	0.01004	0.01843	0.01315	0.01228	0.00763	0.00910	0.00637	0.00483	0.00437	0.00126	0.00818	0.00325	0.00245	0.00584
3	0.01251	0.72543	0.11514	0.00889	0.01329	0.03358	0.00929	0.01450	0.00983	0.01170	0.00688	0.00797	0.00613	0.00416	0.00326	0.00108	0.00541	0.00268	0.00205	0.00623
4	0.03494	0.00891	0.01127	0.00875	0.01235	0.02651	0.00719	0.09522	0.01433	0.68369	0.01784	0.03235	0.01165	0.00604	0.00479	0.00148	0.00425	0.00486	0.00565	0.00794
5	0.70472	0.01093	0.00850	0.02645	0.03872	0.10349	0.00623	0.02660	0.00911	0.02004	0.00694	0.00818	0.00545	0.00451	0.00325	0.00145	0.00442	0.00277	0.00289	0.00535
6	0.01072	0.04127	0.66378	0.01315	0.01939	0.12039	0.01600	0.01551	0.01063	0.01468	0.02678	0.01043	0.00698	0.00471	0.00450	0.00146	0.00712	0.00357	0.00215	0.00678
7	0.00831	0.00663	0.00648	0.00634	0.00695	0.08257	0.00417	0.02057	0.02565	0.01195	0.08984	0.08782	0.01914	0.47639	0.05946	0.00359	0.00490	0.00688	0.06863	0.00375
8	0.00676	0.00489	0.00639	0.00601	0.00714	0.00451	0.00451	0.00902	0.01353	0.01917	0.79969	0.03570	0.04510	0.00977	0.00564	0.00150	0.00225	0.00864	0.00526	0.00451
9	0.01278	0.83490	0.02505	0.00818	0.01227	0.01891	0.00818	0.01431	0.00971	0.01125	0.00664	0.00767	0.00613	0.00409	0.00307	0.00102	0.00511	0.00256	0.00204	0.00613
10	0.00640	0.00466	0.00613	0.00712	0.00769	0.00448	0.00516	0.00795	0.03715	0.01291	0.02660	0.62492	0.05469	0.01424	0.00614	0.00197	0.00311	0.16014	0.00444	0.00412
11	0.00683	0.00512	0.00768	0.00768	0.00853	0.00597	0.00597	0.00853	0.00768	0.01110	0.01280	0.01878	0.01195	0.03585	0.81308	0.00768	0.01280	0.00512	0.00256	0.00427
12	0.00684	0.00488	0.00562	0.02994	0.00731	0.00448	0.00418	0.00860	0.01149	0.01592	0.29953	0.03516	0.34167	0.00989	0.00546	0.02108	0.00248	0.00817	0.17302	0.00428
13	0.00944	0.00799	0.00941	0.00703	0.01082	0.00608	0.00552	0.01141	0.00982	0.01518	0.01056	0.10454	0.00991	0.00486	0.00384	0.00085	0.00345	0.00407	0.00302	0.76218
14	0.00929	0.00900	0.01594	0.72805	0.03200	0.01079	0.10243	0.01257	0.00976	0.01257	0.00863	0.01276	0.00647	0.00469	0.00488	0.00160	0.00657	0.00441	0.00216	0.00544
15	0.01183	0.01136	0.01940	0.02934	0.80221	0.01136	0.01467	0.01467	0.01088	0.01562	0.00899	0.01183	0.00757	0.00426	0.00473	0.00142	0.00568	0.00426	0.00237	0.00757
16	0.00891	0.00445	0.00445	0.00445	0.00557	0.00445	0.00334	0.01114	0.01002	0.01782	0.01559	0.01782	0.01225	0.00557	0.00334	0.00111	0.00223	0.00445	0.85856	0.00445
17	0.01817	0.01339	0.01434	0.01100	0.01482	0.01482	0.00908	0.78627	0.02247	0.03012	0.01148	0.01148	0.00813	0.00574	0.00478	0.00143	0.00526	0.00430	0.00478	0.00813
18	0.01847	0.00867	0.01099	0.00878	0.01212	0.00833	0.00714	0.08056	0.14917	0.55268	0.04797	0.01700	0.01330	0.00720	0.03326	0.00172	0.00435	0.00503	0.00550	0.00776
19	0.01751	0.01306	0.01397	0.01086	0.01457	0.01451	0.00892	0.70627	0.10355	0.02906	0.01231	0.01214	0.00881	0.00582	0.00479	0.00145	0.00510	0.00442	0.00479	0.00807
20	0.04154	0.02205	0.01388	0.01242	0.01498	0.76206	0.03639	0.01881	0.01331	0.01210	0.00745	0.00875	0.00617	0.00488	0.00432	0.00125	0.00846	0.00315	0.00248	0.00556
21	0.00975	0.00887	0.01381	0.63246	0.02812	0.03568	0.04767	0.04198	0.01031	0.01367	0.00945	0.01316	0.00715	0.00488	0.00464	0.00152	0.00600	0.00430	0.10121	0.00538
22	0.00566	0.00482	0.00487	0.00491	0.00647	0.00403	0.00366	0.00685	0.01083	0.01289	0.04763	0.07389	0.77289	0.01221	0.00567	0.00163	0.00243	0.01021	0.00444	0.00403
23	0.00565	0.00484	0.00484	0.00484	0.00646	0.00403	0.00363	0.00686	0.01089	0.01291	0.04842	0.04600	0.80027	0.01210	0.00565	0.00161	0.00242	0.01009	0.00444	0.00403
24	0.19551	0.10554	0.01388	0.01021	0.01200	0.01366	0.00864	0.08751	0.00976	0.08320	0.00797	0.01015	0.00668	0.00657	0.00953	0.00172	0.40504	0.00372	0.00286	0.00585
25	0.02011	0.00818	0.01096	0.00834	0.01210	0.00695	0.00687	0.02199	0.01324	0.71424	0.01766	0.01553	0.01128	0.00564	0.00466	0.00139	0.00401	0.00458	0.00556	0.10671
26	0.01211	0.01189	0.01913	0.02855	0.76564	0.04857	0.01442	0.01487	0.01101	0.01543	0.00892	0.01168	0.00751	0.00429	0.00471	0.00141	0.00581	0.00420	0.00237	0.00748
27	0.01278	0.83490	0.02505	0.00818	0.01227	0.01891	0.00818	0.01431	0.00971	0.01125	0.00664	0.00767	0.00613	0.00409	0.00307	0.00102	0.00511	0.00256	0.00204	0.00613
28	0.01038	0.01049	0.01588	0.01320	0.01380	0.01394	0.09973	0.01180	0.00779	0.01192	0.00697	0.01112	0.00665	0.00914	0.05155	0.00230	0.69145	0.00439	0.00215	0.00532
29	0.01970	0.00807	0.01085	0.00865	0.01206	0.00721	0.00720	0.05718	0.01378	0.67809	0.01926	0.02040	0.01347	0.00675	0.00501	0.00156	0.00416	0.09320	0.00569	0.00770
30	0.01825	0.01325	0.01426	0.01093	0.01475	0.01462	0.00903	0.76666	0.02225	0.05005	0.01167	0.01160	0.00822	0.00574	0.00478	0.00144	0.00523	0.00432	0.00481	0.00813
31	0.00660	0.00548	0.00585	0.00565	0.00729	0.00504	0.00427	0.00945	0.10188	0.01503	0.20179	0.04060	0.55195	0.01097	0.00556	0.00159	0.00254	0.00925	0.00466	0.00454
32	0.01119	0.01261	0.02664	0.01927	0.02354	0.01238	0.69537	0.01487	0.01082	0.01487	0.00928	0.01261	0.00714	0.00453	0.00680	0.00167	0.10225	0.00547	0.00238	0.00631
33	0.00612	0.00470	0.00568	0.00634	0.00732	0.00426	0.00475	0.00738	0.01022	0.01290	0.03513	0.35775	0.34378	0.01346	0.00602	0.00186	0.00295	0.16090	0.00443	0.00405
34	0.01705	0.05131	0.01370	0.01113	0.01408	0.42142	0.02134	0.20152	0.04947	0.09013	0.05507	0.01198	0.00975	0.00550	0.00454	0.00133	0.00667	0.00397	0.00358	0.00647
35	0.00609	0.00471	0.00549	0.00560	0.00671	0.00418	0.00404	0.00750	0.01120	0.01458	0.27948	0.20213	0.37045	0.04802	0.00656	0.00178	0.00254	0.01021	0.00463	0.00410
36	0.05187	0.00800	0.01048	0.00820	0.01160	0.00715	0.00672	0.04817	0.01369	0.66032	0.08412	0.01824	0.03646	0.00635	0.00483	0.00148	0.00390	0.00517	0.00567	0.00760
37	0.01064	0.32208	0.48599	0.01130	0.01702	0.01370	0.01362	0.01458	0.01009	0.01387	0.04083	0.01027	0.00771	0.00459	0.00404	0.00133	0.00614	0.00339	0.00216	0.00662
38	0.00666	0.00485	0.00626	0.00597	0.00709	0.00446	0.00446	0.00880	0.01319	0.01851	0.72394	0.06935	0.08829	0.01012	0.00566	0.00153	0.00229	0.00893	0.00518	0.00446
39	0.01308	0.78654	0.02436	0.00842	0.01242	0.06619	0.00824	0.01460	0.00994	0.01127	0.00669	0.00772	0.00614	0.00414	0.00314	0.00103	0.00532	0.00259	0.00207	0.00610
40	0.01076	0.06157	0.18490	0.05028	0.23374	0.03536	0.01133	0.01380	0.01031	0.01497	0.00851	0.01043	0.00688	0.00408	0.00414	0.00115	0.00527	0.00343	0.00244	0.32665

[dist]
# distance from previous block
# <min> <max>
0	1

[block]
# block no. 1 follows, 53 sequences, length 38
# corresponding to MSA columns:
# 82-119
name=unknown_B
#
# <colnr> <probs for GDERKNQSTAVLIFYWHMCP>
#	G	D	E	R	K	N	Q	S	T	A	V	L	I	F	Y	W	H	M	C	P
0	0.07132	0.01120	0.06225	0.00977	0.01279	0.01182	0.00809	0.04026	0.67157	0.02000	0.01769	0.01649	0.01324	0.00620	0.00471	0.00160	0.00402	0.00506	0.00454	0.00738
1	0.69479	0.00879	0.00741	0.00648	0.00944	0.00977	0.00531	0.01477	0.00906	0.12403	0.01117	0.01155	0.06141	0.00517	0.00339	0.00149	0.00366	0.00340	0.00345	0.00549
2	0.00985	0.00842	0.01393	0.71753	0.04985	0.01017	0.01256	0.01287	0.00992	0.06755	0.01054	0.01405	0.03276	0.00508	0.00481	0.00158	0.00606	0.00448	0.00247	0.00552
3	0.00842	0.00551	0.00748	0.00729	0.00826	0.00537	0.03265	0.00975	0.00984	0.07356	0.12945	0.03690	0.02356	0.34857	0.03210	0.00315	0.00449	0.24558	0.00391	0.00415
4	0.01353	0.01475	0.01115	0.01025	0.01259	0.35172	0.00776	0.01997	0.34648	0.01537	0.01686	0.07844	0.06701	0.00687	0.00478	0.00148	0.00567	0.00537	0.00378	0.00617
5	0.55288	0.13900	0.12527	0.00780	0.01152	0.01198	0.00755	0.02501	0.02915	0.01892	0.01707	0.00877	0.00625	0.00452	0.00332	0.00140	0.00440	0.00289	0.00278	0.01949
6	0.04000	0.07058	0.02040	0.01472	0.01863	0.10463	0.36651	0.09967	0.16521	0.03424	0.01140	0.01276	0.00861	0.00485	0.00496	0.00150	0.00656	0.00483	0.00322	0.00671
7	0.01161	0.00903	0.00989	0.00847	0.01022	0.06007	0.02981	0.18322	0.09434	0.05342	0.03335	0.02115	0.01361	0.33940	0.05943	0.00311	0.03372	0.00560	0.00363	0.01692
8	0.01174	0.01121	0.01881	0.05483	0.73751	0.01136	0.01427	0.01512	0.04946	0.01572	0.00949	0.01216	0.00788	0.00439	0.00474	0.00144	0.00561	0.00431	0.00248	0.00750
9	0.01102	0.00928	0.01058	0.06577	0.01331	0.01882	0.01818	0.03938	0.49443	0.03229	0.03419	0.03965	0.04823	0.00733	0.00505	0.00162	0.00406	0.08840	0.00445	0.05396
10	0.00677	0.00502	0.00737	0.00745	0.00821	0.00574	0.00567	0.00830	0.00774	0.01105	0.01389	0.07599	0.01367	0.08600	0.70577	0.00708	0.01157	0.00583	0.00271	0.00415
11	0.03165	0.00787	0.01054	0.00824	0.01164	0.00694	0.00675	0.02173	0.03365	0.69204	0.10027	0.01822	0.01528	0.00631	0.00487	0.00149	0.00387	0.00519	0.00578	0.00770
12	0.00576	0.00473	0.00496	0.00512	0.00644	0.00405	0.00369	0.00684	0.01040	0.01258	0.04322	0.15288	0.64365	0.06565	0.00692	0.00185	0.00261	0.01037	0.00434	0.00394
13	0.00899	0.00457	0.00486	0.00480	0.00582	0.00460	0.00355	0.02408	0.00974	0.01678	0.01456	0.01728	0.01166	0.00702	0.00538	0.11427	0.00253	0.00441	0.73088	0.00421
14	0.86579	0.00924	0.00702	0.00629	0.00924	0.01072	0.00518	0.01405	0.00813	0.02144	0.00666	0.00776	0.00518	0.00444	0.00296	0.00148	0.00370	0.00259	0.00296	0.00518
15	0.01732	0.03199	0.07016	0.01100	0.08115	0.02308	0.00862	0.17812	0.03224	0.39706	0.01484	0.01525	0.01049	0.07075	0.00625	0.00170	0.00481	0.00464	0.00464	0.01590
16	0.00591	0.00476	0.00505	0.00511	0.00637	0.00413	0.00366	0.00700	0.01041	0.01278	0.09099	0.10517	0.58764	0.12008	0.00814	0.00203	0.00273	0.00986	0.00429	0.00390
17	0.01066	0.00845	0.01391	0.71368	0.03019	0.01015	0.01245	0.01367	0.01010	0.11661	0.00986	0.01321	0.00709	0.00493	0.00478	0.00158	0.00607	0.00432	0.00262	0.00568
18	0.14778	0.00899	0.01321	0.58016	0.06529	0.01082	0.01154	0.06269	0.01017	0.01497	0.00856	0.01221	0.00659	0.02266	0.00491	0.00162	0.00580	0.00404	0.00246	0.00553
19	0.00885	0.00586	0.00874	0.00900	0.01031	0.00575	0.04554	0.01055	0.01056	0.06485	0.02188	0.04427	0.02296	0.01273	0.00803	0.11513	0.00453	0.58192	0.00410	0.00444
20	0.67716	0.00829	0.00689	0.00623	0.00878	0.00936	0.00503	0.01295	0.00932	0.02094	0.18079	0.01390	0.01394	0.00561	0.00355	0.00148	0.00338	0.00392	0.00346	0.00503
21	0.01143	0.02347	0.63304	0.01322	0.01939	0.11693	0.01580	0.08351	0.01163	0.01600	0.00868	0.01002	0.00625	0.00470	0.00453	0.00147	0.00711	0.00354	0.00232	0.00696
22	0.01660	0.01202	0.01512	0.01150	0.01521	0.01273	0.11055	0.53595	0.01929	0.10899	0.08137	0.01430	0.01166	0.00589	0.00497	0.00147	0.00524	0.00491	0.00463	0.00759
23	0.01258	0.65347	0.02182	0.00851	0.01218	0.01679	0.00820	0.08165	0.01100	0.01331	0.00953	0.01409	0.00912	0.00543	0.00368	0.00121	0.00503	0.10371	0.00260	0.00608
24	0.01205	0.65329	0.02146	0.00825	0.01182	0.01667	0.00777	0.01510	0.11282	0.01248	0.01006	0.08126	0.00949	0.00536	0.00357	0.00118	0.00473	0.00390	0.00263	0.00612
25	0.08764	0.00771	0.00819	0.00677	0.00930	0.00777	0.00541	0.18211	0.01291	0.09488	0.01328	0.01436	0.01001	0.00527	0.00379	0.00120	0.00337	0.00408	0.40355	0.11842
26	0.00591	0.00454	0.00528	0.00572	0.00659	0.00406	0.00397	0.00693	0.01000	0.01273	0.08854	0.37186	0.35690	0.08529	0.00748	0.00201	0.00275	0.01118	0.00436	0.00390
27	0.02426	0.01109	0.00972	0.00879	0.01086	0.21058	0.00671	0.11576	0.05976	0.09354	0.15676	0.16140	0.07071	0.00844	0.00509	0.00152	0.00468	0.01956	0.01513	0.00565
28	0.01029	0.11850	0.01625	0.53695	0.02638	0.06404	0.05000	0.01294	0.00968	0.01209	0.00815	0.01193	0.00655	0.01888	0.00585	0.00159	0.07828	0.00406	0.00216	0.00544
29	0.00664	0.00532	0.00747	0.11419	0.01082	0.00572	0.00609	0.00782	0.00913	0.01218	0.02332	0.61085	0.06399	0.01291	0.00675	0.00189	0.07542	0.01136	0.00393	0.00420
30	0.03744	0.00765	0.00947	0.00756	0.01058	0.00695	0.00602	0.03226	0.06537	0.43978	0.01633	0.01677	0.01171	0.07824	0.00612	0.00162	0.00380	0.00466	0.11833	0.11934
31	0.08630	0.01071	0.03493	0.07404	0.59188	0.01065	0.01306	0.01393	0.01050	0.01572	0.01032	0.03837	0.00925	0.00521	0.00474	0.00150	0.00541	0.05401	0.00259	0.00689
32	0.03305	0.07605	0.04076	0.08845	0.31641	0.10128	0.01087	0.01542	0.11014	0.03210	0.01234	0.11945	0.01123	0.00611	0.00471	0.00148	0.00536	0.00531	0.00300	0.00648
33	0.01395	0.55833	0.02102	0.00931	0.01289	0.04088	0.00829	0.08408	0.11463	0.01503	0.01052	0.01260	0.00928	0.06297	0.00548	0.00161	0.00539	0.00380	0.00312	0.00682
34	0.53937	0.01154	0.11322	0.00828	0.02812	0.04363	0.00731	0.05854	0.01725	0.01914	0.00769	0.00936	0.00608	0.00586	0.00505	0.09208	0.00451	0.00309	0.01454	0.00535
35	0.00666	0.00553	0.00596	0.00614	0.00751	0.01893	0.00459	0.00901	0.07960	0.01385	0.08542	0.21095	0.45153	0.01203	0.00572	0.00171	0.00285	0.06312	0.00449	0.00439
36	0.00781	0.00571	0.00676	0.00677	0.00799	0.00556	0.00501	0.11006	0.01212	0.01625	0.15929	0.35940	0.17846	0.01179	0.00566	0.00171	0.00300	0.04726	0.04476	0.00463
37	0.01506	0.02057	0.01423	0.01107	0.03763	0.01042	0.10986	0.23817	0.08408	0.18711	0.01331	0.01369	0.01989	0.01959	0.00498	0.00139	0.00485	0.00448	0.00417	0.18547

[dist]
# distance from previous block
# <min> <max>
0	32

# created by:
# /home/cegg/simao/soft/augustus-3.2.1/scripts/msa2prfl.pl ./align_prep/EOG091G113O.fa
