[name]
unknown

[dist]
# distance from previous block
# <min> <max>
0	226

[block]
# block no. 0 follows, 45 sequences, length 30
# corresponding to MSA columns:
# 234-263
name=unknown_A
#
# <colnr> <probs for GDERKNQSTAVLIFYWHMCP>
#	G	D	E	R	K	N	Q	S	T	A	V	L	I	F	Y	W	H	M	C	P
0	0.00995	0.00841	0.03641	0.00945	0.01142	0.03822	0.00802	0.04575	0.06487	0.03353	0.07261	0.12270	0.10176	0.01245	0.00659	0.00209	0.00463	0.36628	0.00485	0.04003
1	0.00820	0.00637	0.03305	0.00674	0.00856	0.00515	0.00529	0.00996	0.01275	0.07628	0.20200	0.17659	0.40384	0.01275	0.00631	0.00183	0.00307	0.01094	0.00522	0.00510
2	0.09098	0.03219	0.07039	0.00947	0.01403	0.00935	0.03590	0.06601	0.02880	0.10246	0.05427	0.01370	0.01089	0.00511	0.00449	0.00121	0.00464	0.00411	0.00381	0.43819
3	0.01487	0.04036	0.01379	0.01025	0.01415	0.01008	0.06184	0.12118	0.09994	0.16408	0.01517	0.06089	0.01217	0.03041	0.03339	0.00176	0.00517	0.00530	0.00443	0.28076
4	0.01406	0.04271	0.08796	0.04188	0.01567	0.07202	0.06551	0.12682	0.02739	0.11669	0.06873	0.02101	0.06086	0.04646	0.05591	0.00220	0.00633	0.03721	0.00413	0.08645
5	0.01428	0.34846	0.07961	0.01136	0.01528	0.09909	0.06385	0.03472	0.12501	0.04404	0.01153	0.01385	0.00975	0.07299	0.00683	0.00177	0.03310	0.00436	0.00316	0.00696
6	0.01684	0.01326	0.01410	0.01163	0.01529	0.01498	0.00934	0.39013	0.40088	0.02808	0.01742	0.01650	0.01280	0.00687	0.00542	0.00172	0.00507	0.00546	0.00542	0.00881
7	0.00654	0.00467	0.00623	0.00747	0.00779	0.00436	0.00498	0.00747	0.01028	0.01370	0.02959	0.80785	0.03550	0.01682	0.00685	0.00218	0.00311	0.01526	0.00498	0.00436
8	0.00727	0.00523	0.00688	0.00698	0.00795	0.00485	0.00504	0.00930	0.01366	0.01909	0.54254	0.27955	0.04593	0.01280	0.00649	0.00184	0.00271	0.01144	0.00562	0.00485
9	0.01210	0.01155	0.01965	0.32095	0.49912	0.01244	0.01588	0.01544	0.01166	0.01610	0.00989	0.01367	0.00800	0.00500	0.00533	0.00167	0.00667	0.00478	0.00255	0.00755
10	0.00778	0.00592	0.00885	0.00878	0.00971	0.00699	0.00685	0.00968	0.00862	0.01247	0.01417	0.02082	0.01324	0.03938	0.76814	0.00845	0.03673	0.00572	0.00286	0.00482
11	0.01555	0.45303	0.11423	0.01106	0.01553	0.18061	0.01063	0.08728	0.01322	0.01550	0.00873	0.00993	0.00732	0.00508	0.00413	0.00131	0.00674	0.00338	0.02971	0.00702
12	0.01908	0.02328	0.01478	0.01337	0.01621	0.65812	0.01009	0.03996	0.12539	0.01499	0.01038	0.01127	0.00835	0.00581	0.00494	0.00145	0.00880	0.00387	0.00322	0.00662
13	0.01154	0.00953	0.01117	0.00800	0.01275	0.00718	0.00641	0.01392	0.01127	0.04169	0.00991	0.01136	0.00812	0.00406	0.00402	0.00082	0.00399	0.00325	0.00329	0.81772
14	0.00879	0.00676	0.03029	0.03693	0.01023	0.00618	0.00631	0.01200	0.05393	0.05403	0.55308	0.06150	0.05540	0.01216	0.04941	0.00212	0.00377	0.02617	0.00544	0.00549
15	0.00692	0.00524	0.00767	0.00828	0.00891	0.00490	0.04651	0.00811	0.01060	0.01420	0.05770	0.73410	0.03459	0.01591	0.00680	0.00214	0.00342	0.01455	0.00489	0.00455
16	0.00805	0.00555	0.00710	0.00675	0.00805	0.00509	0.00500	0.01024	0.01429	0.04815	0.60308	0.08977	0.10768	0.04855	0.00731	0.00189	0.00279	0.00996	0.00568	0.00504
17	0.01418	0.01129	0.01264	0.06773	0.01527	0.01261	0.00878	0.25910	0.32120	0.02504	0.14527	0.02179	0.04596	0.00771	0.00560	0.00173	0.00465	0.00637	0.00527	0.00780
18	0.01243	0.01334	0.07395	0.23534	0.38858	0.05502	0.01486	0.01657	0.06034	0.01662	0.02704	0.01416	0.00932	0.00527	0.00527	0.00163	0.00658	0.00478	0.00283	0.03608
19	0.01418	0.01549	0.01640	0.13340	0.01899	0.23688	0.04871	0.03589	0.03734	0.01440	0.00875	0.01196	0.00750	0.00703	0.01015	0.00185	0.32882	0.00441	0.00272	0.04513
20	0.04040	0.10681	0.04364	0.00968	0.01348	0.01188	0.00819	0.08393	0.26307	0.06376	0.09598	0.01735	0.01546	0.00633	0.00488	0.00145	0.00448	0.00508	0.00447	0.19965
21	0.03505	0.31093	0.42091	0.01297	0.01921	0.01545	0.05580	0.01641	0.01132	0.01577	0.03466	0.01142	0.00836	0.00508	0.00456	0.00150	0.00691	0.00386	0.00245	0.00736
22	0.01373	0.01340	0.06142	0.09165	0.50963	0.03871	0.01476	0.04462	0.03257	0.05322	0.01085	0.01338	0.00865	0.00503	0.00521	0.00156	0.00631	0.00464	0.00301	0.06764
23	0.01398	0.01245	0.04610	0.07915	0.42419	0.04732	0.01325	0.04207	0.03090	0.10174	0.05942	0.01698	0.04427	0.00591	0.00536	0.00160	0.00590	0.00530	0.00354	0.04058
24	0.08665	0.04213	0.04524	0.02995	0.09684	0.01270	0.03887	0.22872	0.14333	0.03788	0.03295	0.04229	0.06892	0.00686	0.00520	0.00163	0.00519	0.00564	0.00436	0.06466
25	0.07587	0.08379	0.03242	0.01224	0.10951	0.01128	0.00889	0.09174	0.10770	0.09446	0.03271	0.03656	0.01133	0.00570	0.00468	0.00137	0.00477	0.00461	0.00399	0.26638
26	0.08832	0.02679	0.07487	0.09918	0.19444	0.01016	0.03593	0.01539	0.02133	0.07452	0.05430	0.03007	0.02775	0.03558	0.00576	0.00162	0.00538	0.00498	0.00339	0.19027
27	0.10579	0.04113	0.04088	0.02786	0.08559	0.01131	0.02530	0.10783	0.11514	0.19221	0.03187	0.06840	0.04277	0.00716	0.00565	0.00169	0.03449	0.00579	0.00461	0.04453
28	0.05326	0.08050	0.01599	0.20655	0.10085	0.01211	0.03851	0.08380	0.09896	0.14652	0.01539	0.03712	0.03210	0.00652	0.00525	0.00169	0.00564	0.03010	0.00403	0.02511
29	0.08204	0.03393	0.06235	0.03813	0.02515	0.00986	0.05196	0.10900	0.03261	0.12156	0.06949	0.08472	0.03438	0.02898	0.00570	0.00161	0.00489	0.00588	0.00424	0.19352

[dist]
# distance from previous block
# <min> <max>
10	43

[block]
# block no. 1 follows, 45 sequences, length 17
# corresponding to MSA columns:
# 310-326
name=unknown_B
#
# <colnr> <probs for GDERKNQSTAVLIFYWHMCP>
#	G	D	E	R	K	N	Q	S	T	A	V	L	I	F	Y	W	H	M	C	P
0	0.01198	0.01523	0.17285	0.22056	0.17275	0.01276	0.22014	0.01641	0.02913	0.03171	0.01046	0.01369	0.00795	0.00519	0.00602	0.00176	0.03636	0.00508	0.00266	0.00731
1	0.01292	0.02056	0.41504	0.01610	0.02256	0.01232	0.21522	0.05698	0.03079	0.07836	0.01133	0.01300	0.00809	0.00512	0.00541	0.00167	0.00753	0.00476	0.00303	0.05920
2	0.01511	0.01169	0.01224	0.01069	0.01386	0.04929	0.00836	0.07447	0.51786	0.12164	0.02050	0.06003	0.01576	0.00745	0.00544	0.00175	0.00459	0.00616	0.00538	0.03776
3	0.01149	0.12367	0.35933	0.01477	0.02055	0.01287	0.19188	0.04268	0.01252	0.01738	0.08641	0.01680	0.05401	0.00598	0.00538	0.00166	0.00703	0.00538	0.00299	0.00721
4	0.01162	0.08732	0.64921	0.01510	0.02239	0.05415	0.05383	0.01717	0.01157	0.01647	0.00946	0.01119	0.00688	0.00506	0.00502	0.00165	0.00791	0.00397	0.00232	0.00773
5	0.00788	0.00570	0.00623	0.00600	0.00787	0.00485	0.00453	0.00943	0.01280	0.07419	0.14655	0.07423	0.59499	0.01283	0.00629	0.00180	0.00285	0.01080	0.00523	0.00495
6	0.00653	0.00473	0.00617	0.00732	0.00774	0.00437	0.00491	0.00749	0.01043	0.01376	0.03149	0.74989	0.09223	0.01657	0.00681	0.00215	0.00308	0.01496	0.00498	0.00437
7	0.01968	0.07761	0.01606	0.01352	0.01641	0.73912	0.01029	0.02108	0.01493	0.01310	0.00824	0.00961	0.00691	0.00547	0.00475	0.00137	0.00942	0.00342	0.00273	0.00627
8	0.04967	0.04933	0.01383	0.06798	0.01559	0.01170	0.00878	0.25848	0.04022	0.33100	0.01620	0.01591	0.01116	0.01976	0.00547	0.00166	0.00508	0.00499	0.06492	0.00826
9	0.00635	0.00540	0.00547	0.00553	0.00727	0.00452	0.00412	0.00769	0.01215	0.01447	0.05328	0.08528	0.74277	0.01374	0.00637	0.00183	0.00274	0.01150	0.00498	0.00452
10	0.00657	0.00472	0.00624	0.00739	0.00778	0.00439	0.00496	0.00758	0.01052	0.01402	0.05809	0.75666	0.05818	0.01650	0.00682	0.00215	0.00308	0.01494	0.00502	0.00439
11	0.01113	0.00954	0.01113	0.00795	0.01272	0.00716	0.00636	0.01352	0.01113	0.01749	0.00954	0.01113	0.00795	0.00398	0.00398	0.00080	0.00398	0.00318	0.00318	0.84417
12	0.01113	0.00954	0.01113	0.00795	0.01272	0.00716	0.00636	0.01352	0.01113	0.01749	0.00954	0.01113	0.00795	0.00398	0.00398	0.00080	0.00398	0.00318	0.00318	0.84417
13	0.01038	0.00968	0.01581	0.40448	0.26103	0.01071	0.01332	0.01337	0.01136	0.01500	0.01693	0.07123	0.11051	0.00702	0.00558	0.00176	0.00606	0.00633	0.00298	0.00646
14	0.01113	0.02408	0.61290	0.01645	0.08181	0.01221	0.06216	0.01714	0.03762	0.01739	0.01056	0.01241	0.00770	0.00517	0.00513	0.00168	0.00747	0.00430	0.04486	0.00781
15	0.00920	0.00470	0.00690	0.00690	0.00690	0.00470	0.00455	0.00706	0.00706	0.00941	0.00992	0.01780	0.01013	0.08112	0.02148	0.77773	0.00470	0.00491	0.00240	0.00240
16	0.01214	0.01798	0.35800	0.01454	0.09303	0.02368	0.02585	0.02950	0.12047	0.07684	0.08006	0.02036	0.05066	0.00694	0.00550	0.00175	0.00614	0.04523	0.00374	0.00758

[dist]
# distance from previous block
# <min> <max>
0	1

[block]
# block no. 2 follows, 45 sequences, length 9
# corresponding to MSA columns:
# 342-350
name=unknown_C
#
# <colnr> <probs for GDERKNQSTAVLIFYWHMCP>
#	G	D	E	R	K	N	Q	S	T	A	V	L	I	F	Y	W	H	M	C	P
0	0.01110	0.10153	0.71272	0.01473	0.02235	0.01329	0.01883	0.01691	0.01129	0.01659	0.00943	0.01108	0.00681	0.00505	0.00494	0.00165	0.00773	0.00386	0.00227	0.00784
1	0.12737	0.28289	0.11536	0.01115	0.01538	0.23370	0.01033	0.03700	0.03976	0.06821	0.00956	0.01044	0.00757	0.00525	0.00428	0.00142	0.00678	0.00351	0.00305	0.00696
2	0.51644	0.04994	0.01236	0.01001	0.01339	0.19589	0.05855	0.01788	0.05023	0.02044	0.00864	0.00992	0.00683	0.00518	0.00400	0.00159	0.00586	0.00343	0.00321	0.00619
3	0.01290	0.01449	0.04920	0.02054	0.07567	0.03825	0.49887	0.01846	0.11460	0.01744	0.01186	0.01468	0.00912	0.00537	0.00699	0.00182	0.07342	0.00590	0.00304	0.00737
4	0.00674	0.00504	0.00664	0.04481	0.00912	0.00478	0.00534	0.00794	0.01080	0.01420	0.06972	0.63262	0.13132	0.01556	0.00669	0.00209	0.00323	0.01397	0.00491	0.00449
5	0.00932	0.00466	0.00699	0.00699	0.00699	0.00466	0.00466	0.00699	0.00699	0.00932	0.00932	0.01632	0.00932	0.01865	0.02098	0.84382	0.00466	0.00466	0.00233	0.00233
6	0.00957	0.00822	0.01191	0.18678	0.05244	0.00876	0.04912	0.01424	0.12763	0.01792	0.22584	0.03281	0.11564	0.00936	0.00608	0.00185	0.00470	0.10665	0.00449	0.00598
7	0.01232	0.01375	0.02965	0.02151	0.02657	0.01293	0.69254	0.01666	0.01264	0.01710	0.01240	0.01853	0.01014	0.00543	0.00643	0.00187	0.00869	0.07091	0.00291	0.00704
8	0.01358	0.01411	0.08584	0.04433	0.07699	0.04431	0.32965	0.03476	0.07675	0.08454	0.01320	0.04978	0.01044	0.00598	0.00643	0.00176	0.05205	0.00592	0.02534	0.02423

[dist]
# distance from previous block
# <min> <max>
0	33

[block]
# block no. 3 follows, 45 sequences, length 102
# corresponding to MSA columns:
# 384-402,416-420,446-523
name=unknown_D
#
# <colnr> <probs for GDERKNQSTAVLIFYWHMCP>
#	G	D	E	R	K	N	Q	S	T	A	V	L	I	F	Y	W	H	M	C	P
0	0.00832	0.00566	0.00731	0.00680	0.00824	0.00517	0.00513	0.01074	0.01499	0.05842	0.68615	0.03985	0.10092	0.01095	0.00629	0.00170	0.00265	0.00961	0.00588	0.00523
1	0.02048	0.01491	0.01603	0.01229	0.01658	0.01646	0.01015	0.74414	0.02503	0.04996	0.01307	0.01300	0.00922	0.00645	0.00537	0.00161	0.00588	0.00485	0.00540	0.00913
2	0.01934	0.01451	0.01551	0.01213	0.01624	0.01615	0.00994	0.64939	0.13755	0.03211	0.01424	0.01397	0.01023	0.00657	0.00538	0.00164	0.00566	0.00502	0.00538	0.00903
3	0.01297	0.01129	0.03799	0.01112	0.01431	0.01186	0.05764	0.03712	0.53035	0.05937	0.10990	0.02256	0.04426	0.00762	0.00563	0.00179	0.00448	0.00656	0.00527	0.00791
4	0.01113	0.00954	0.01113	0.00795	0.01272	0.00716	0.00636	0.01352	0.01113	0.01749	0.00954	0.01113	0.00795	0.00398	0.00398	0.00080	0.00398	0.00318	0.00318	0.84417
5	0.02208	0.00931	0.01201	0.00934	0.01318	0.00852	0.00767	0.10481	0.01598	0.61320	0.01985	0.01788	0.01289	0.00658	0.00521	0.00161	0.00448	0.00529	0.10146	0.00866
6	0.01335	0.01153	0.01214	0.01092	0.01396	0.01335	0.00850	0.02852	0.76817	0.02245	0.02185	0.02003	0.01639	0.00728	0.00546	0.00182	0.00425	0.00607	0.00546	0.00850
7	0.01014	0.00954	0.01610	0.79845	0.03697	0.01193	0.01491	0.01371	0.01073	0.01371	0.00954	0.01431	0.00716	0.00537	0.00537	0.00179	0.00716	0.00477	0.00239	0.00596
8	0.00990	0.00764	0.03634	0.03747	0.01313	0.00682	0.09793	0.01206	0.01182	0.09548	0.04495	0.35925	0.04857	0.01278	0.00663	0.00210	0.00468	0.18220	0.00472	0.00554
9	0.01423	0.78874	0.05294	0.00939	0.01409	0.02095	0.00953	0.01610	0.01092	0.01277	0.00753	0.00870	0.00689	0.00461	0.00350	0.00117	0.00581	0.00291	0.00230	0.00692
10	0.00760	0.00549	0.00718	0.00675	0.00802	0.00506	0.00506	0.01013	0.01519	0.02153	0.77503	0.04010	0.05065	0.01097	0.00633	0.00169	0.00253	0.00971	0.00591	0.00506
11	0.00705	0.00561	0.00670	0.00705	0.03285	0.00498	0.00495	0.00885	0.01309	0.01708	0.31357	0.13217	0.40130	0.01271	0.00636	0.00180	0.00282	0.01097	0.00525	0.00484
12	0.01753	0.02016	0.01656	0.01587	0.09133	0.48226	0.03687	0.01919	0.01333	0.05051	0.00891	0.01106	0.00745	0.00631	0.00772	0.00164	0.17984	0.00405	0.00285	0.00655
13	0.00654	0.00467	0.00623	0.00747	0.00779	0.00436	0.00498	0.00747	0.01028	0.01370	0.02959	0.80785	0.03550	0.01682	0.00685	0.00218	0.00311	0.01526	0.00498	0.00436
14	0.09504	0.01459	0.05866	0.02080	0.02612	0.01338	0.65540	0.01705	0.01227	0.01787	0.01048	0.01379	0.00786	0.00459	0.00599	0.00179	0.00852	0.00590	0.00276	0.00713
15	0.01101	0.06221	0.72462	0.01488	0.02251	0.01289	0.01899	0.01734	0.03617	0.01698	0.00994	0.01150	0.00712	0.00515	0.00504	0.00168	0.00771	0.00399	0.00237	0.00791
16	0.01152	0.01401	0.12887	0.01730	0.02159	0.01175	0.39100	0.04621	0.01252	0.01716	0.01501	0.07688	0.01394	0.00770	0.00704	0.00196	0.05600	0.13952	0.00330	0.00672
17	0.00654	0.00467	0.00623	0.00747	0.00779	0.00436	0.00498	0.00747	0.01028	0.01370	0.02959	0.80785	0.03550	0.01682	0.00685	0.00218	0.00311	0.01526	0.00498	0.00436
18	0.03212	0.74534	0.07752	0.00954	0.01433	0.02046	0.00981	0.01613	0.01090	0.01316	0.00761	0.00879	0.00686	0.00463	0.00355	0.00120	0.00585	0.00294	0.00232	0.00693
19	0.01102	0.00956	0.01263	0.08589	0.12453	0.03521	0.03149	0.05140	0.17041	0.01770	0.02216	0.16617	0.05507	0.01022	0.00615	0.00197	0.00511	0.17246	0.00438	0.00648
20	0.01183	0.01080	0.01841	0.42131	0.31928	0.01194	0.04060	0.01520	0.01159	0.04056	0.01092	0.01586	0.00883	0.00552	0.00546	0.00174	0.00675	0.03360	0.00274	0.00705
21	0.00654	0.00467	0.00623	0.00747	0.00779	0.00436	0.00498	0.00747	0.01028	0.01370	0.02959	0.80785	0.03550	0.01682	0.00685	0.00218	0.00311	0.01526	0.00498	0.00436
22	0.01230	0.01414	0.04713	0.02208	0.06274	0.01298	0.66251	0.01660	0.01248	0.01701	0.01187	0.05985	0.00970	0.00526	0.00629	0.00182	0.00856	0.00672	0.00283	0.00715
23	0.01256	0.01511	0.06996	0.02209	0.02755	0.01357	0.70690	0.01711	0.01252	0.01711	0.01073	0.01427	0.00806	0.00464	0.00648	0.00181	0.02342	0.00618	0.00269	0.00725
24	0.01057	0.00997	0.01649	0.68511	0.03433	0.01214	0.05083	0.01530	0.08317	0.01472	0.01078	0.01487	0.00809	0.00551	0.00542	0.00179	0.00697	0.00497	0.00270	0.00627
25	0.01267	0.01448	0.03167	0.02262	0.02805	0.01357	0.75837	0.01719	0.01267	0.01719	0.01086	0.01448	0.00814	0.00452	0.00633	0.00181	0.00905	0.00633	0.00271	0.00724
26	0.02408	0.00914	0.01246	0.00955	0.01370	0.00789	0.00789	0.02616	0.01536	0.78158	0.02118	0.01827	0.01329	0.00664	0.00540	0.00166	0.00457	0.00540	0.00664	0.00914
27	0.01014	0.00954	0.01610	0.79845	0.03697	0.01193	0.01491	0.01371	0.01073	0.01371	0.00954	0.01431	0.00716	0.00537	0.00537	0.00179	0.00716	0.00477	0.00239	0.00596
28	0.01070	0.02626	0.71969	0.01521	0.02274	0.01218	0.04799	0.01670	0.01156	0.01721	0.04371	0.01273	0.00880	0.00534	0.00520	0.00170	0.00774	0.00431	0.00245	0.00778
29	0.01301	0.01132	0.01245	0.01211	0.06403	0.01289	0.00881	0.02673	0.68205	0.02175	0.02263	0.02110	0.05228	0.00742	0.00549	0.00181	0.00432	0.00624	0.00525	0.00831
30	0.84927	0.01038	0.00789	0.00706	0.01038	0.01204	0.00581	0.01578	0.00914	0.02408	0.00747	0.00872	0.00581	0.00498	0.00332	0.00166	0.00415	0.00291	0.00332	0.00581
31	0.00635	0.00541	0.00547	0.00551	0.00727	0.00453	0.00411	0.00770	0.01217	0.01447	0.05353	0.07767	0.75023	0.01371	0.00636	0.00183	0.00273	0.01146	0.00498	0.00453
32	0.01001	0.00500	0.00500	0.00500	0.00625	0.00500	0.00375	0.01251	0.01126	0.02001	0.01751	0.02001	0.01376	0.00625	0.00375	0.00125	0.00250	0.00500	0.84115	0.00500
33	0.01198	0.00951	0.01122	0.00806	0.01279	0.00720	0.00646	0.01435	0.01141	0.06775	0.01031	0.01160	0.00830	0.00415	0.00407	0.00085	0.00401	0.00333	0.00341	0.78924
34	0.00733	0.00548	0.00680	0.00647	0.00785	0.00495	0.00485	0.00961	0.01456	0.02002	0.62017	0.04258	0.20646	0.01154	0.00633	0.00172	0.00257	0.01006	0.00571	0.00495
35	0.01014	0.00954	0.01610	0.79845	0.03697	0.01193	0.01491	0.01371	0.01073	0.01371	0.00954	0.01431	0.00716	0.00537	0.00537	0.00179	0.00716	0.00477	0.00239	0.00596
36	0.01134	0.00991	0.01603	0.64545	0.08260	0.01191	0.01412	0.06317	0.01176	0.03451	0.01008	0.01433	0.00761	0.00595	0.00597	0.03461	0.00686	0.00479	0.00271	0.00628
37	0.01094	0.02517	0.65472	0.04141	0.02342	0.01279	0.07141	0.01664	0.01120	0.01664	0.00955	0.01168	0.00692	0.00535	0.00602	0.00175	0.06018	0.00421	0.00231	0.00768
38	0.00654	0.00467	0.00623	0.00747	0.00779	0.00436	0.00498	0.00747	0.01028	0.01370	0.02959	0.80785	0.03550	0.01682	0.00685	0.00218	0.00311	0.01526	0.00498	0.00436
39	0.00768	0.00570	0.00835	0.00835	0.00922	0.00656	0.00637	0.00941	0.00855	0.01226	0.01463	0.02247	0.01402	0.11625	0.71491	0.00829	0.01347	0.00595	0.00291	0.00464
40	0.01761	0.01401	0.04061	0.01238	0.01641	0.03452	0.05893	0.38254	0.23368	0.09186	0.01658	0.01610	0.02617	0.00664	0.00546	0.00169	0.00563	0.00539	0.00515	0.00862
41	0.01267	0.01448	0.03167	0.02262	0.02805	0.01357	0.75837	0.01719	0.01267	0.01719	0.01086	0.01448	0.00814	0.00452	0.00633	0.00181	0.00905	0.00633	0.00271	0.00724
42	0.01039	0.00560	0.00565	0.00551	0.00693	0.00574	0.00417	0.02568	0.06127	0.02040	0.01772	0.01990	0.01386	0.00632	0.00389	0.00129	0.00267	0.00507	0.77263	0.00530
43	0.00781	0.00520	0.00585	0.00585	0.00585	0.00520	0.00325	0.00781	0.00781	0.01041	0.01691	0.03513	0.01952	0.81135	0.02732	0.00520	0.00520	0.00781	0.00325	0.00325
44	0.06927	0.76169	0.02680	0.00905	0.01355	0.02063	0.00896	0.01605	0.01079	0.01338	0.00746	0.00862	0.00682	0.00462	0.00344	0.00118	0.00564	0.00287	0.00236	0.00682
45	0.01138	0.02762	0.73300	0.01520	0.02280	0.06359	0.01921	0.01729	0.01159	0.01675	0.00955	0.01122	0.00681	0.00513	0.00508	0.00168	0.00805	0.00393	0.00230	0.00782
46	0.00659	0.00496	0.00620	0.00701	0.00777	0.00458	0.00486	0.00773	0.01079	0.01401	0.05223	0.54296	0.22565	0.01739	0.05822	0.00250	0.00374	0.01349	0.00487	0.00445
47	0.00636	0.00539	0.00549	0.00557	0.00729	0.00452	0.00414	0.00769	0.01211	0.01445	0.05275	0.10140	0.72700	0.01381	0.00638	0.00184	0.00274	0.01159	0.00498	0.00452
48	0.01034	0.00975	0.01647	0.74810	0.08570	0.01198	0.01501	0.01390	0.01083	0.01397	0.00958	0.01424	0.00724	0.00533	0.00536	0.00178	0.00710	0.00477	0.00240	0.00613
49	0.01255	0.01528	0.07703	0.02218	0.02776	0.01351	0.71382	0.01718	0.01259	0.01718	0.01079	0.01429	0.00806	0.00456	0.00626	0.00180	0.00898	0.00619	0.00269	0.00728
50	0.00771	0.00569	0.00723	0.00681	0.00817	0.00531	0.00512	0.01060	0.04090	0.02109	0.70160	0.04017	0.09730	0.01102	0.00630	0.00170	0.00260	0.00969	0.00583	0.00515
51	0.01382	0.01176	0.01240	0.01102	0.01414	0.01357	0.00861	0.07677	0.71916	0.02321	0.02126	0.01956	0.01591	0.00723	0.00546	0.00181	0.00436	0.00599	0.00546	0.00854
52	0.00664	0.00545	0.00585	0.00575	0.00743	0.00466	0.00431	0.00828	0.01294	0.01618	0.22628	0.04890	0.60274	0.01297	0.00634	0.00178	0.00267	0.01094	0.00521	0.00466
53	0.01994	0.02475	0.02734	0.01373	0.01670	0.71394	0.01051	0.08218	0.01598	0.01490	0.00870	0.00997	0.00709	0.00560	0.00489	0.00141	0.00934	0.00358	0.00297	0.00649
54	0.01001	0.00500	0.00500	0.00500	0.00625	0.00500	0.00375	0.01251	0.01126	0.02001	0.01751	0.02001	0.01376	0.00625	0.00375	0.00125	0.00250	0.00500	0.84115	0.00500
55	0.10557	0.01024	0.01210	0.00950	0.01346	0.00989	0.00776	0.13024	0.08147	0.41909	0.01722	0.01593	0.01161	0.00619	0.00498	0.00156	0.00456	0.00486	0.03298	0.10080
56	0.01077	0.02777	0.78354	0.01530	0.02323	0.01247	0.01983	0.01700	0.01133	0.01700	0.00963	0.01133	0.00680	0.00510	0.00510	0.00170	0.00793	0.00397	0.00227	0.00793
57	0.01014	0.00954	0.01610	0.79845	0.03697	0.01193	0.01491	0.01371	0.01073	0.01371	0.00954	0.01431	0.00716	0.00537	0.00537	0.00179	0.00716	0.00477	0.00239	0.00596
58	0.84927	0.01038	0.00789	0.00706	0.01038	0.01204	0.00581	0.01578	0.00914	0.02408	0.00747	0.00872	0.00581	0.00498	0.00332	0.00166	0.00415	0.00291	0.00332	0.00581
59	0.00681	0.00488	0.00641	0.00755	0.00794	0.00464	0.00511	0.00802	0.02410	0.01380	0.02879	0.72723	0.03421	0.05467	0.00783	0.00233	0.00331	0.04308	0.00491	0.00441
60	0.00654	0.00467	0.00623	0.00747	0.00779	0.00436	0.00498	0.00747	0.01028	0.01370	0.02959	0.80785	0.03550	0.01682	0.00685	0.00218	0.00311	0.01526	0.00498	0.00436
61	0.00654	0.00467	0.00623	0.00747	0.00779	0.00436	0.00498	0.00747	0.01028	0.01370	0.02959	0.80785	0.03550	0.01682	0.00685	0.00218	0.00311	0.01526	0.00498	0.00436
62	0.00742	0.00491	0.00656	0.00755	0.00808	0.00455	0.00512	0.00846	0.01068	0.05078	0.05367	0.74477	0.03494	0.01614	0.00676	0.00214	0.00316	0.01460	0.00509	0.00461
63	0.01020	0.00967	0.01651	0.77825	0.03674	0.01197	0.03426	0.01381	0.01078	0.01381	0.00958	0.01432	0.00718	0.00534	0.00539	0.00179	0.00720	0.00481	0.00239	0.00600
64	0.00738	0.00550	0.00687	0.00659	0.00797	0.00499	0.00498	0.00967	0.01451	0.01994	0.60573	0.04309	0.19567	0.01163	0.00637	0.00174	0.00265	0.03408	0.00569	0.00495
65	0.01014	0.00954	0.01610	0.79845	0.03697	0.01193	0.01491	0.01371	0.01073	0.01371	0.00954	0.01431	0.00716	0.00537	0.00537	0.00179	0.00716	0.00477	0.00239	0.00596
66	0.01460	0.77951	0.02755	0.00939	0.01390	0.05540	0.00924	0.01631	0.01110	0.01265	0.00750	0.00866	0.00689	0.00463	0.00351	0.00116	0.00592	0.00290	0.00232	0.00686
67	0.01084	0.02725	0.75421	0.01559	0.02342	0.01251	0.04865	0.01701	0.01139	0.01701	0.00968	0.01146	0.00685	0.00508	0.00515	0.00170	0.00798	0.00406	0.00228	0.00791
68	0.00725	0.00548	0.00615	0.00642	0.00795	0.00477	0.00482	0.00865	0.01195	0.04290	0.04557	0.21114	0.52391	0.01413	0.00651	0.00194	0.00307	0.07764	0.00504	0.00470
69	0.01257	0.01160	0.01720	0.45110	0.09946	0.08210	0.08156	0.01593	0.02688	0.07245	0.01154	0.04942	0.00926	0.00601	0.00583	0.00176	0.03047	0.00533	0.00297	0.00656
70	0.00839	0.00603	0.00833	0.00952	0.01070	0.00597	0.00818	0.01069	0.01218	0.01581	0.02948	0.12176	0.05887	0.01495	0.00733	0.00242	0.00471	0.65485	0.00495	0.00488
71	0.01394	0.01182	0.01262	0.03094	0.01480	0.01363	0.00882	0.09801	0.67809	0.02332	0.02068	0.01920	0.01546	0.00715	0.00545	0.00180	0.00448	0.00592	0.00538	0.00849
72	0.00804	0.02718	0.00750	0.00736	0.00881	0.05708	0.00564	0.00953	0.01202	0.01469	0.07747	0.18878	0.36060	0.04898	0.00739	0.00210	0.00383	0.14356	0.00473	0.00472
73	0.01941	0.01351	0.17817	0.01098	0.01570	0.00970	0.01052	0.07636	0.06462	0.47640	0.01855	0.05437	0.01286	0.00683	0.00541	0.00170	0.00530	0.00557	0.00545	0.00861
74	0.02282	0.00918	0.01228	0.00950	0.01347	0.00812	0.00781	0.06029	0.01583	0.69559	0.07051	0.01945	0.01555	0.00692	0.00546	0.00166	0.00450	0.00566	0.00653	0.00887
75	0.00771	0.00574	0.00856	0.00856	0.00952	0.00668	0.00665	0.00964	0.00868	0.01261	0.01444	0.02107	0.01343	0.03960	0.77488	0.00848	0.01415	0.00574	0.01908	0.00480
76	0.01277	0.01658	0.12173	0.02135	0.02696	0.04795	0.63594	0.01736	0.01262	0.01699	0.01060	0.01389	0.00793	0.00464	0.00612	0.00178	0.00894	0.00592	0.00266	0.00728
77	0.01494	0.01112	0.01213	0.01063	0.01383	0.01243	0.00835	0.04562	0.62202	0.13394	0.02228	0.02033	0.03331	0.00731	0.00547	0.00179	0.00430	0.00606	0.00562	0.00851
78	0.00654	0.00467	0.00623	0.00747	0.00779	0.00436	0.00498	0.00747	0.01028	0.01370	0.02959	0.80785	0.03550	0.01682	0.00685	0.00218	0.00311	0.01526	0.00498	0.00436
79	0.00794	0.00615	0.00914	0.00899	0.00988	0.00735	0.00704	0.00981	0.00860	0.01249	0.01389	0.02047	0.01300	0.03822	0.73913	0.00821	0.06630	0.00568	0.00284	0.00486
80	0.01169	0.02090	0.51439	0.01335	0.01947	0.01084	0.06589	0.01704	0.03022	0.06815	0.01228	0.01387	0.00888	0.00544	0.00496	0.00162	0.00666	0.00447	0.16245	0.00742
81	0.02041	0.01504	0.01611	0.01235	0.01665	0.01665	0.01020	0.75997	0.02524	0.03383	0.01289	0.01289	0.00913	0.00644	0.00537	0.00161	0.00591	0.00483	0.00537	0.00913
82	0.07508	0.01473	0.01557	0.01200	0.01623	0.01634	0.00991	0.71088	0.02418	0.03319	0.01253	0.01261	0.00891	0.00635	0.00523	0.00161	0.00579	0.00471	0.00523	0.00891
83	0.00766	0.00585	0.00710	0.00692	0.00839	0.00548	0.00526	0.01059	0.06055	0.01908	0.46213	0.07993	0.22898	0.01194	0.00638	0.00180	0.00287	0.05844	0.00554	0.00510
84	0.02324	0.00952	0.01257	0.00975	0.01383	0.00858	0.00802	0.05405	0.06539	0.70325	0.02091	0.01818	0.01333	0.00668	0.00540	0.00167	0.00460	0.00542	0.00652	0.00909
85	0.00780	0.00524	0.00604	0.00604	0.00610	0.00530	0.00348	0.00792	0.00786	0.01054	0.01675	0.03420	0.01911	0.76063	0.07749	0.00543	0.00581	0.00767	0.00323	0.00335
86	0.81653	0.01035	0.00821	0.03793	0.01142	0.01204	0.00617	0.01570	0.00920	0.02368	0.00755	0.00894	0.00587	0.00500	0.00340	0.00167	0.00427	0.00298	0.00329	0.00582
87	0.00799	0.00589	0.00776	0.00858	0.00989	0.00566	0.00722	0.01018	0.01253	0.01620	0.10877	0.08994	0.18106	0.01428	0.00707	0.00225	0.00418	0.49066	0.00505	0.00485
88	0.01034	0.00975	0.01648	0.74796	0.08584	0.01198	0.01501	0.01390	0.01083	0.01397	0.00958	0.01424	0.00724	0.00533	0.00536	0.00178	0.00710	0.00477	0.00240	0.00613
89	0.01329	0.01275	0.02179	0.03295	0.77787	0.01275	0.01647	0.01647	0.01222	0.01754	0.01010	0.01329	0.00850	0.00478	0.00531	0.00159	0.00638	0.00478	0.00266	0.00850
90	0.02408	0.00914	0.01246	0.00955	0.01370	0.00789	0.00789	0.02616	0.01536	0.78158	0.02118	0.01827	0.01329	0.00664	0.00540	0.00166	0.00457	0.00540	0.00664	0.00914
91	0.00654	0.00467	0.00623	0.00747	0.00779	0.00436	0.00498	0.00747	0.01028	0.01370	0.02959	0.80785	0.03550	0.01682	0.00685	0.00218	0.00311	0.01526	0.00498	0.00436
92	0.01210	0.01349	0.02905	0.02110	0.02602	0.01266	0.67776	0.01630	0.01250	0.01692	0.01282	0.06857	0.01089	0.00576	0.00641	0.00186	0.00849	0.03738	0.00296	0.00696
93	0.08149	0.01019	0.01271	0.00984	0.01394	0.00965	0.00812	0.14118	0.02908	0.59758	0.01892	0.01678	0.01216	0.00651	0.00525	0.00166	0.00474	0.00514	0.00619	0.00889
94	0.01122	0.08682	0.63348	0.01522	0.02228	0.01344	0.06511	0.01670	0.01120	0.01644	0.00939	0.01134	0.00691	0.00527	0.00577	0.00170	0.05363	0.00407	0.00230	0.00769
95	0.01179	0.01573	0.14941	0.01996	0.02539	0.01255	0.57071	0.01628	0.01233	0.01688	0.01358	0.05103	0.04595	0.00560	0.00616	0.00181	0.00830	0.00659	0.00285	0.00709
96	0.74557	0.01253	0.10382	0.00808	0.01197	0.01209	0.00755	0.01593	0.00941	0.02321	0.00774	0.00904	0.00594	0.00500	0.00354	0.00167	0.00462	0.00304	0.00319	0.00608
97	0.01299	0.01239	0.02081	0.06801	0.69187	0.01235	0.01573	0.01615	0.01208	0.01735	0.01003	0.01319	0.00840	0.00476	0.00523	0.00155	0.00626	0.00468	0.00268	0.06350
98	0.07226	0.01558	0.20907	0.01159	0.01634	0.01207	0.01132	0.27542	0.01695	0.19523	0.04408	0.05003	0.01215	0.00752	0.02450	0.00185	0.00596	0.00529	0.00467	0.00813
99	0.06874	0.53188	0.06058	0.01203	0.07713	0.03078	0.02912	0.01578	0.01096	0.01434	0.00907	0.01248	0.00837	0.00554	0.00481	0.00141	0.05167	0.04592	0.00257	0.00683
100	0.00795	0.00588	0.00831	0.01017	0.06000	0.00574	0.00731	0.00968	0.01126	0.01491	0.02746	0.40674	0.03128	0.03584	0.00753	0.00235	0.00419	0.33380	0.00477	0.00486
101	0.01053	0.02115	0.49543	0.06049	0.02263	0.01152	0.14287	0.01569	0.01180	0.01684	0.04760	0.01788	0.06214	0.00622	0.00555	0.00176	0.00737	0.03251	0.00280	0.00723

[dist]
# distance from previous block
# <min> <max>
2	12

[block]
# block no. 4 follows, 45 sequences, length 63
# corresponding to MSA columns:
# 536-590,603-610
name=unknown_E
#
# <colnr> <probs for GDERKNQSTAVLIFYWHMCP>
#	G	D	E	R	K	N	Q	S	T	A	V	L	I	F	Y	W	H	M	C	P
0	0.01491	0.08772	0.21627	0.01488	0.09582	0.01250	0.08276	0.13298	0.03772	0.14631	0.04126	0.06741	0.01233	0.00649	0.00535	0.00166	0.00618	0.00557	0.00397	0.00789
1	0.01251	0.22777	0.22100	0.04637	0.09836	0.02336	0.12294	0.01783	0.11352	0.01638	0.01217	0.03056	0.02327	0.00557	0.00498	0.00159	0.00665	0.00480	0.00293	0.00745
2	0.00661	0.00472	0.00629	0.00743	0.00780	0.00441	0.00499	0.00764	0.01059	0.01420	0.07729	0.75871	0.03647	0.01644	0.00682	0.00215	0.00308	0.01490	0.00504	0.00441
3	0.02077	0.03069	0.49642	0.06438	0.18509	0.01244	0.02812	0.03809	0.01187	0.01745	0.01028	0.02531	0.00788	0.00529	0.00515	0.00167	0.00725	0.00443	0.01959	0.00781
4	0.04386	0.09442	0.10074	0.03167	0.03998	0.07386	0.03266	0.11937	0.05148	0.03368	0.08256	0.11545	0.03010	0.00824	0.00687	0.00177	0.10196	0.02078	0.00384	0.00671
5	0.01173	0.21649	0.41771	0.01394	0.04899	0.03412	0.05982	0.01609	0.01183	0.01625	0.08252	0.01423	0.02283	0.00563	0.00491	0.00156	0.00686	0.00452	0.00272	0.00729
6	0.01344	0.01521	0.09284	0.10726	0.55002	0.09500	0.01599	0.01677	0.01230	0.01663	0.00981	0.01282	0.00804	0.00495	0.00525	0.00160	0.00695	0.00456	0.00260	0.00795
7	0.01292	0.01255	0.10104	0.26002	0.14990	0.01150	0.10271	0.05615	0.03833	0.09874	0.05662	0.03192	0.01218	0.00618	0.00559	0.00175	0.00650	0.02466	0.00349	0.00723
8	0.01478	0.27263	0.23312	0.01210	0.03109	0.12533	0.01211	0.03296	0.04301	0.09822	0.02744	0.03409	0.01030	0.00596	0.00472	0.00151	0.00659	0.02349	0.00323	0.00731
9	0.00681	0.00487	0.00642	0.00757	0.00796	0.00459	0.00508	0.02186	0.01056	0.01409	0.02927	0.79265	0.03500	0.01662	0.00682	0.00217	0.00317	0.01506	0.00499	0.00445
10	0.01061	0.02595	0.71206	0.06734	0.02375	0.01222	0.01912	0.01653	0.01127	0.01669	0.01015	0.03232	0.00757	0.00542	0.00516	0.00172	0.00776	0.00431	0.00235	0.00771
11	0.01257	0.04324	0.03452	0.31590	0.20683	0.04929	0.06422	0.03497	0.01195	0.04506	0.01080	0.01411	0.00842	0.00548	0.00570	0.00166	0.04129	0.00477	0.08236	0.00686
12	0.01261	0.02942	0.08379	0.01930	0.07354	0.01276	0.45382	0.05279	0.07636	0.02871	0.01465	0.04727	0.04135	0.00599	0.00603	0.00179	0.00754	0.02166	0.00330	0.00733
13	0.00785	0.00603	0.00808	0.00912	0.08094	0.00565	0.00597	0.00996	0.01322	0.01829	0.40089	0.15723	0.16939	0.01268	0.03592	0.00202	0.00347	0.01005	0.03805	0.00518
14	0.01743	0.01675	0.04317	0.01157	0.01466	0.32547	0.00923	0.09190	0.11128	0.14840	0.03228	0.08192	0.04316	0.00755	0.00538	0.00163	0.00663	0.02011	0.00438	0.00709
15	0.01171	0.23429	0.58526	0.01369	0.02075	0.01477	0.01704	0.01676	0.01122	0.01585	0.00906	0.01062	0.00682	0.00497	0.00467	0.00156	0.00736	0.00368	0.00227	0.00766
16	0.00847	0.00780	0.03009	0.01170	0.01358	0.00707	0.18674	0.01065	0.01124	0.01503	0.02444	0.46950	0.02749	0.01326	0.00679	0.00213	0.00496	0.13945	0.00437	0.00523
17	0.01245	0.01184	0.02011	0.19365	0.59352	0.01234	0.01586	0.01570	0.01191	0.01668	0.01065	0.01523	0.00904	0.00527	0.00540	0.00167	0.00649	0.03169	0.00268	0.00784
18	0.01563	0.00952	0.01350	0.01099	0.01415	0.03131	0.11483	0.03439	0.09584	0.30491	0.12068	0.10705	0.05697	0.00867	0.00592	0.00179	0.00486	0.03632	0.00540	0.00729
19	0.01262	0.01374	0.09334	0.13551	0.60533	0.01261	0.01658	0.01615	0.01194	0.01697	0.00998	0.01324	0.00816	0.00489	0.00530	0.00163	0.00663	0.00470	0.00258	0.00810
20	0.01301	0.00752	0.00914	0.00801	0.01011	0.02323	0.03602	0.05905	0.04248	0.16746	0.03965	0.09634	0.04391	0.06257	0.05174	0.00221	0.00452	0.00669	0.31025	0.00610
21	0.01242	0.30970	0.48263	0.01305	0.01958	0.04612	0.01565	0.01684	0.01133	0.01528	0.00880	0.01029	0.00684	0.00493	0.00450	0.00149	0.00722	0.00355	0.00230	0.00749
22	0.01513	0.01366	0.10383	0.09151	0.02388	0.01149	0.37896	0.01901	0.01305	0.22166	0.01406	0.01695	0.01018	0.00564	0.00590	0.00178	0.00739	0.03454	0.00378	0.00761
23	0.01376	0.01027	0.00999	0.00886	0.01138	0.11682	0.00686	0.08289	0.07295	0.16821	0.12255	0.09144	0.23096	0.00992	0.00585	0.00173	0.00450	0.01944	0.00519	0.00645
24	0.01232	0.08882	0.65001	0.01427	0.02157	0.01273	0.01785	0.01780	0.01168	0.08925	0.01056	0.01177	0.00742	0.00521	0.00500	0.00165	0.00744	0.00401	0.00268	0.00796
25	0.01188	0.01143	0.01888	0.40665	0.40132	0.02715	0.01559	0.01522	0.01155	0.01559	0.00979	0.01372	0.00781	0.00508	0.00533	0.00169	0.00682	0.00475	0.00253	0.00722
26	0.01041	0.00996	0.01726	0.72315	0.06307	0.01206	0.06074	0.01403	0.01091	0.01407	0.00964	0.01428	0.00726	0.00529	0.00542	0.00178	0.00724	0.00487	0.00242	0.00613
27	0.01738	0.01818	0.27213	0.01233	0.01735	0.11608	0.01240	0.10372	0.04325	0.26762	0.01434	0.01463	0.01001	0.02052	0.03423	0.00195	0.00690	0.00467	0.00427	0.00806
28	0.04975	0.01163	0.04486	0.01196	0.03003	0.04845	0.10704	0.06024	0.08937	0.36935	0.06947	0.01953	0.04981	0.00682	0.00551	0.00169	0.00538	0.00586	0.00525	0.00801
29	0.01077	0.02777	0.78354	0.01530	0.02323	0.01247	0.01983	0.01700	0.01133	0.01700	0.00963	0.01133	0.00680	0.00510	0.00510	0.00170	0.00793	0.00397	0.00227	0.00793
30	0.01040	0.08589	0.01656	0.20287	0.09945	0.03323	0.12073	0.01325	0.03017	0.01483	0.01747	0.25452	0.03147	0.00912	0.00585	0.00184	0.00584	0.03701	0.00347	0.00603
31	0.00995	0.00938	0.01565	0.67662	0.06272	0.01129	0.03005	0.01333	0.01098	0.01401	0.01385	0.01782	0.08020	0.00611	0.00548	0.00178	0.00675	0.00543	0.00265	0.00595
32	0.01424	0.07622	0.19134	0.01568	0.04236	0.01192	0.25859	0.04454	0.01315	0.16383	0.04373	0.06027	0.01242	0.00628	0.00565	0.00172	0.00683	0.01996	0.00372	0.00754
33	0.01518	0.00882	0.01069	0.00889	0.01168	0.00866	0.00706	0.20189	0.01725	0.23211	0.28390	0.07949	0.07288	0.00920	0.00587	0.00170	0.00399	0.00778	0.00586	0.00712
34	0.01090	0.14329	0.59672	0.01364	0.02035	0.01301	0.01683	0.01596	0.01117	0.01603	0.01120	0.08656	0.00954	0.00614	0.00502	0.00166	0.00715	0.00487	0.00253	0.00744
35	0.01101	0.02634	0.71121	0.01698	0.09489	0.01249	0.01951	0.01695	0.01142	0.01705	0.00968	0.01152	0.00696	0.00507	0.00512	0.00169	0.00779	0.00404	0.00230	0.00799
36	0.01290	0.01385	0.07368	0.06381	0.59456	0.01281	0.11619	0.01649	0.01216	0.01729	0.01014	0.01336	0.00828	0.00479	0.00544	0.00164	0.00687	0.00494	0.00263	0.00818
37	0.01278	0.01255	0.02235	0.13432	0.57777	0.01275	0.11585	0.01620	0.01208	0.01698	0.01012	0.01358	0.00827	0.00483	0.00546	0.00165	0.00684	0.00499	0.00263	0.00799
38	0.01123	0.01097	0.01538	0.01333	0.01344	0.01517	0.01103	0.01245	0.00825	0.01282	0.00804	0.01324	0.00799	0.03015	0.09971	0.00308	0.70073	0.00488	0.00242	0.00570
39	0.01889	0.01161	0.01471	0.06414	0.01694	0.06201	0.07583	0.08157	0.17375	0.37204	0.01833	0.01824	0.01282	0.00664	0.00551	0.00172	0.00553	0.02606	0.00536	0.00831
40	0.01156	0.05328	0.60309	0.06779	0.02389	0.01268	0.08877	0.01712	0.01156	0.04667	0.01012	0.01200	0.00721	0.00511	0.00519	0.00169	0.00778	0.00426	0.00249	0.00774
41	0.01084	0.02724	0.75401	0.01559	0.02342	0.01251	0.04884	0.01701	0.01139	0.01701	0.00968	0.01146	0.00685	0.00508	0.00515	0.00170	0.00798	0.00406	0.00228	0.00791
42	0.00681	0.00542	0.00611	0.00610	0.00763	0.00473	0.00456	0.00853	0.01303	0.01667	0.27579	0.09843	0.48213	0.01303	0.00640	0.00182	0.00275	0.03011	0.00527	0.00470
43	0.02945	0.02663	0.09587	0.01725	0.02205	0.04160	0.41318	0.01901	0.08468	0.12295	0.01416	0.06377	0.01109	0.00594	0.00588	0.00177	0.00739	0.00628	0.00362	0.00744
44	0.00998	0.00635	0.00732	0.00690	0.00762	0.00639	0.00441	0.08045	0.01024	0.06583	0.01817	0.11376	0.01980	0.59558	0.02157	0.00430	0.00501	0.00815	0.00387	0.00433
45	0.00654	0.00467	0.00623	0.00747	0.00779	0.00436	0.00498	0.00747	0.01028	0.01370	0.02959	0.80785	0.03550	0.01682	0.00685	0.00218	0.00311	0.01526	0.00498	0.00436
46	0.01307	0.01287	0.02306	0.03070	0.63753	0.01272	0.13621	0.01646	0.01230	0.01744	0.01068	0.01466	0.00900	0.00499	0.00553	0.00165	0.00677	0.02341	0.00272	0.00821
47	0.01234	0.01224	0.02042	0.30831	0.40966	0.04198	0.08612	0.01573	0.01184	0.01595	0.00990	0.01363	0.00792	0.00500	0.00541	0.00168	0.00704	0.00488	0.00257	0.00738
48	0.01430	0.01180	0.01252	0.01102	0.01421	0.01352	0.00864	0.09791	0.67802	0.04331	0.02098	0.01930	0.01562	0.00719	0.00545	0.00180	0.00441	0.00593	0.00548	0.00857
49	0.01981	0.02508	0.01510	0.01372	0.01650	0.76188	0.01030	0.02169	0.04229	0.01347	0.00878	0.01005	0.00726	0.00559	0.00486	0.00140	0.00948	0.00355	0.00286	0.00630
50	0.01357	0.01386	0.07511	0.04918	0.09537	0.01250	0.41645	0.05352	0.06496	0.08478	0.01434	0.03079	0.03764	0.00564	0.00594	0.00177	0.00744	0.00615	0.00345	0.00755
51	0.01267	0.01448	0.03167	0.02262	0.02805	0.01357	0.75837	0.01719	0.01267	0.01719	0.01086	0.01448	0.00814	0.00452	0.00633	0.00181	0.00905	0.00633	0.00271	0.00724
52	0.00654	0.00467	0.00623	0.00747	0.00779	0.00436	0.00498	0.00747	0.01028	0.01370	0.02959	0.80785	0.03550	0.01682	0.00685	0.00218	0.00311	0.01526	0.00498	0.00436
53	0.01327	0.01280	0.02208	0.03265	0.75600	0.01278	0.03811	0.01650	0.01224	0.01753	0.01012	0.01332	0.00849	0.00478	0.00534	0.00160	0.00645	0.00483	0.00266	0.00847
54	0.01703	0.01122	0.08488	0.01022	0.01397	0.00968	0.00899	0.08346	0.17212	0.33796	0.07225	0.02401	0.06018	0.00790	0.00565	0.00176	0.00472	0.06036	0.00561	0.00804
55	0.01191	0.01289	0.02637	0.01943	0.02379	0.01248	0.57863	0.01650	0.06248	0.01679	0.01345	0.09086	0.01168	0.03691	0.00757	0.00200	0.03914	0.00716	0.00312	0.00684
56	0.00676	0.00489	0.00658	0.03760	0.00877	0.00471	0.00525	0.00773	0.01013	0.01348	0.02797	0.72597	0.03335	0.06938	0.00816	0.00237	0.00341	0.01436	0.00477	0.00435
57	0.01137	0.05479	0.67503	0.01450	0.02184	0.01276	0.01820	0.06617	0.01228	0.01787	0.01148	0.01288	0.03635	0.00550	0.00510	0.00168	0.00752	0.00427	0.00258	0.00784
58	0.65560	0.01139	0.03917	0.00803	0.01139	0.03223	0.00684	0.07314	0.01064	0.02341	0.00868	0.01025	0.00682	0.00750	0.05608	0.00211	0.00523	0.00335	0.02208	0.00608
59	0.00711	0.00621	0.00787	0.03710	0.00990	0.00550	0.05497	0.00895	0.01268	0.01577	0.16433	0.04591	0.57985	0.01226	0.00630	0.00179	0.00328	0.01049	0.00488	0.00485
60	0.00750	0.00668	0.00875	0.00785	0.00993	0.00602	0.08363	0.01003	0.05835	0.01544	0.07104	0.12775	0.54209	0.01251	0.00634	0.00185	0.00351	0.01085	0.00481	0.00506
61	0.02083	0.01017	0.01305	0.04080	0.03483	0.00993	0.00868	0.08149	0.16712	0.52309	0.01995	0.01793	0.01324	0.00666	0.00541	0.00169	0.00475	0.00545	0.00604	0.00887
62	0.09237	0.04116	0.01357	0.01111	0.08441	0.00949	0.03512	0.05704	0.01213	0.06337	0.01023	0.01164	0.00814	0.00448	0.00426	0.00110	0.00461	0.00363	0.00342	0.52871

[dist]
# distance from previous block
# <min> <max>
0	294

# created by:
# /home/cegg/simao/soft/augustus-3.2.1/scripts/msa2prfl.pl ./align_prep/EOG091G0WAL.fa
