[name]
unknown

[dist]
# distance from previous block
# <min> <max>
0	90

[block]
# block no. 0 follows, 49 sequences, length 6
# corresponding to MSA columns:
# 91-95,98
name=unknown_A
#
# <colnr> <probs for GDERKNQSTAVLIFYWHMCP>
#	G	D	E	R	K	N	Q	S	T	A	V	L	I	F	Y	W	H	M	C	P
0	0.00906	0.00629	0.00813	0.00886	0.07173	0.00608	0.00609	0.01128	0.04442	0.04807	0.14847	0.03421	0.08587	0.17434	0.01001	0.02331	0.00393	0.16276	0.09520	0.04188
1	0.00877	0.00593	0.00701	0.00696	0.00773	0.00609	0.00488	0.06343	0.05692	0.01362	0.01874	0.10744	0.04149	0.35579	0.01596	0.10756	0.00438	0.10658	0.05662	0.00410
2	0.01103	0.00548	0.00600	0.00563	0.00713	0.00545	0.00428	0.01374	0.05573	0.10381	0.01661	0.01844	0.01278	0.00675	0.00486	0.05692	0.00280	0.00479	0.65257	0.00517
3	0.00943	0.00471	0.00471	0.00471	0.00589	0.00471	0.00353	0.01178	0.01060	0.01885	0.01650	0.01885	0.01296	0.00589	0.00353	0.00118	0.00236	0.00471	0.85036	0.00471
4	0.00729	0.00515	0.00617	0.00655	0.00704	0.00503	0.00433	0.03957	0.00956	0.01259	0.02414	0.35345	0.08940	0.35144	0.01443	0.00320	0.00392	0.04880	0.00403	0.00390
5	0.13854	0.04789	0.01420	0.43754	0.09759	0.01162	0.01137	0.08474	0.01135	0.01694	0.00956	0.01266	0.00734	0.00508	0.00455	0.00156	0.00572	0.00417	0.07151	0.00607

[dist]
# distance from previous block
# <min> <max>
7	14

[block]
# block no. 1 follows, 49 sequences, length 72
# corresponding to MSA columns:
# 120-191
name=unknown_B
#
# <colnr> <probs for GDERKNQSTAVLIFYWHMCP>
#	G	D	E	R	K	N	Q	S	T	A	V	L	I	F	Y	W	H	M	C	P
0	0.00954	0.00841	0.04843	0.00825	0.02898	0.03461	0.00656	0.01282	0.08133	0.06317	0.29422	0.04330	0.17935	0.00896	0.00573	0.00154	0.02460	0.02190	0.00460	0.11370
1	0.03171	0.00978	0.01179	0.10312	0.01504	0.03519	0.03142	0.06627	0.08995	0.02750	0.01390	0.07074	0.05101	0.00610	0.00523	0.00131	0.04809	0.00496	0.00346	0.37344
2	0.00874	0.00751	0.01118	0.15911	0.07481	0.00810	0.04688	0.04654	0.03096	0.01467	0.03647	0.34755	0.09571	0.01076	0.00662	0.00186	0.06074	0.02266	0.00384	0.00528
3	0.01124	0.01110	0.03812	0.15346	0.38251	0.03114	0.03786	0.01523	0.08351	0.01622	0.05870	0.04282	0.03902	0.00581	0.00511	0.00155	0.00559	0.00535	0.00306	0.05260
4	0.02739	0.10318	0.47220	0.11236	0.09706	0.01233	0.01564	0.01560	0.03068	0.01555	0.00915	0.01109	0.00688	0.00476	0.00462	0.00151	0.00669	0.00380	0.00233	0.04720
5	0.00916	0.04112	0.20913	0.02793	0.01376	0.00803	0.03923	0.03192	0.01147	0.03587	0.08042	0.18867	0.07732	0.00989	0.00571	0.00179	0.00489	0.15808	0.00385	0.04176
6	0.01384	0.01460	0.01286	0.01018	0.01403	0.27937	0.04066	0.05145	0.01249	0.01579	0.00879	0.01023	0.00722	0.00438	0.00418	0.00102	0.00588	0.00329	0.00294	0.48680
7	0.01390	0.06660	0.03919	0.00974	0.01362	0.01051	0.04088	0.16094	0.12013	0.11796	0.02607	0.05173	0.01134	0.00656	0.02440	0.00148	0.00482	0.00476	0.00411	0.27126
8	0.00661	0.00515	0.00600	0.00579	0.00722	0.00454	0.00434	0.00848	0.01302	0.01722	0.44709	0.04281	0.39061	0.01148	0.00597	0.00164	0.00247	0.00985	0.00516	0.00454
9	0.01194	0.01073	0.01746	0.01458	0.06853	0.03909	0.26348	0.06564	0.04861	0.06770	0.14723	0.04399	0.04238	0.00800	0.03457	0.00190	0.07669	0.00639	0.02471	0.00639
10	0.00615	0.00443	0.00584	0.00696	0.00731	0.00411	0.00466	0.00705	0.00976	0.01294	0.02888	0.78561	0.06617	0.01571	0.00643	0.00204	0.00292	0.01421	0.00469	0.00411
11	0.01352	0.82533	0.02650	0.00865	0.01298	0.02001	0.00865	0.01514	0.01027	0.01190	0.00703	0.00811	0.00649	0.00433	0.00324	0.00108	0.00541	0.00270	0.00216	0.00649
12	0.01382	0.01109	0.01230	0.01050	0.01355	0.02638	0.03754	0.13716	0.51633	0.06610	0.04467	0.01878	0.03479	0.00682	0.00516	0.00165	0.00439	0.00569	0.02554	0.00776
13	0.08762	0.01385	0.03748	0.01253	0.01601	0.12757	0.13690	0.22050	0.04616	0.13156	0.01225	0.03428	0.00940	0.02579	0.00634	0.00168	0.06413	0.00487	0.00395	0.00711
14	0.01038	0.01011	0.01401	0.12540	0.04924	0.05738	0.04906	0.01201	0.00889	0.01237	0.00980	0.03408	0.00951	0.10657	0.11304	0.00308	0.36214	0.00515	0.00249	0.00529
15	0.00946	0.00623	0.00828	0.00883	0.01039	0.00610	0.00756	0.01218	0.04756	0.08849	0.02877	0.05053	0.11765	0.01278	0.00660	0.00215	0.00434	0.56214	0.00483	0.00514
16	0.85801	0.00978	0.00743	0.00665	0.00978	0.01134	0.00548	0.01486	0.00861	0.02269	0.00704	0.00821	0.00548	0.00469	0.00313	0.00156	0.00391	0.00274	0.00313	0.00548
17	0.01229	0.01237	0.01606	0.01306	0.01567	0.10523	0.16694	0.03849	0.20254	0.01642	0.04565	0.01508	0.01135	0.00870	0.06474	0.00215	0.18017	0.00511	0.00337	0.06460
18	0.05095	0.38955	0.40888	0.01143	0.01727	0.01549	0.01350	0.01556	0.01040	0.01445	0.00805	0.00939	0.00640	0.00458	0.00402	0.00136	0.00637	0.00322	0.00219	0.00693
19	0.00722	0.00515	0.00663	0.00626	0.00746	0.00476	0.00469	0.00958	0.01408	0.02004	0.73521	0.03724	0.06575	0.01021	0.00586	0.00158	0.00239	0.00899	0.04215	0.00476
20	0.00704	0.00516	0.00659	0.00624	0.00748	0.00472	0.00468	0.00931	0.01403	0.01961	0.71320	0.03888	0.12301	0.01059	0.00597	0.00160	0.00240	0.00930	0.00548	0.00472
21	0.00619	0.00498	0.00552	0.00571	0.00704	0.00431	0.00416	0.00754	0.01154	0.01446	0.15300	0.20956	0.52210	0.01309	0.00608	0.00176	0.00261	0.01123	0.00482	0.00431
22	0.00695	0.00503	0.00656	0.00645	0.00750	0.00464	0.00473	0.00905	0.01344	0.01883	0.63723	0.17335	0.06454	0.01136	0.00605	0.00167	0.00249	0.01009	0.00539	0.00464
23	0.01304	0.01201	0.01953	0.02828	0.68367	0.01216	0.01465	0.09240	0.01276	0.01803	0.01041	0.01409	0.00884	0.00501	0.00508	0.00153	0.00591	0.03180	0.00284	0.00795
24	0.06921	0.07012	0.01477	0.03996	0.01559	0.46071	0.00950	0.16436	0.03652	0.03302	0.00916	0.01024	0.00723	0.00547	0.00493	0.00141	0.03447	0.00363	0.00320	0.00650
25	0.67766	0.00988	0.00944	0.02864	0.01167	0.01121	0.05846	0.04975	0.00964	0.02190	0.00813	0.00971	0.00634	0.00588	0.02985	0.00178	0.00463	0.00326	0.03651	0.00566
26	0.03096	0.00884	0.01386	0.28274	0.09101	0.00980	0.08396	0.06168	0.04682	0.01558	0.01513	0.23172	0.01488	0.00815	0.00581	0.00176	0.03254	0.00734	0.03162	0.00581
27	0.00955	0.00899	0.01517	0.81013	0.03483	0.01123	0.01404	0.01292	0.01011	0.01292	0.00899	0.01348	0.00674	0.00506	0.00506	0.00169	0.00674	0.00449	0.00225	0.00562
28	0.00731	0.00532	0.00597	0.00583	0.00747	0.00459	0.00440	0.00885	0.01213	0.06359	0.19085	0.09598	0.52818	0.01215	0.00597	0.00171	0.00271	0.02739	0.00496	0.00464
29	0.00975	0.00534	0.00540	0.00528	0.00663	0.00551	0.00399	0.01332	0.08895	0.01909	0.01691	0.01885	0.01321	0.00599	0.00370	0.00123	0.00252	0.00482	0.76447	0.00505
30	0.85801	0.00978	0.00743	0.00665	0.00978	0.01134	0.00548	0.01486	0.00861	0.02269	0.00704	0.00821	0.00548	0.00469	0.00313	0.00156	0.00391	0.00274	0.00313	0.00548
31	0.05878	0.01132	0.01335	0.06712	0.01573	0.01266	0.05752	0.18775	0.41274	0.06431	0.01642	0.01603	0.01209	0.00623	0.00503	0.00164	0.00480	0.00518	0.02361	0.00772
32	0.85801	0.00978	0.00743	0.00665	0.00978	0.01134	0.00548	0.01486	0.00861	0.02269	0.00704	0.00821	0.00548	0.00469	0.00313	0.00156	0.00391	0.00274	0.00313	0.00548
33	0.55024	0.00936	0.00873	0.00737	0.01062	0.01012	0.00605	0.05235	0.01095	0.22215	0.01120	0.01139	0.00791	0.00524	0.00375	0.00154	0.00399	0.00355	0.05711	0.00638
34	0.03068	0.00761	0.00950	0.00776	0.01064	0.00710	0.00625	0.05512	0.04166	0.43728	0.10314	0.01956	0.01631	0.00660	0.00476	0.00147	0.00364	0.00540	0.21835	0.00713
35	0.00636	0.00466	0.00601	0.00703	0.00750	0.00440	0.00475	0.00772	0.03557	0.01323	0.02903	0.74585	0.07835	0.01536	0.00638	0.00202	0.00295	0.01386	0.00471	0.00425
36	0.24595	0.00899	0.01017	0.00834	0.01168	0.00898	0.00678	0.05277	0.07302	0.42503	0.02843	0.05300	0.01223	0.00638	0.00460	0.00159	0.00409	0.00497	0.02565	0.00735
37	0.01832	0.02069	0.01421	0.01246	0.01539	0.55840	0.00956	0.17746	0.09426	0.01732	0.01001	0.01074	0.00785	0.00556	0.00472	0.00139	0.00786	0.00378	0.00337	0.00665
38	0.03759	0.00887	0.01220	0.00950	0.01321	0.00806	0.04349	0.02339	0.07948	0.63284	0.06195	0.01814	0.01435	0.00641	0.00514	0.00159	0.00436	0.00536	0.00589	0.00819
39	0.01154	0.00895	0.01059	0.00762	0.01206	0.00680	0.00612	0.01376	0.01083	0.08342	0.00993	0.01106	0.00792	0.00396	0.00386	0.00082	0.00379	0.00318	0.00328	0.78051
40	0.00611	0.00459	0.00567	0.00653	0.00720	0.00415	0.00447	0.00710	0.01018	0.01311	0.03413	0.61266	0.23574	0.01503	0.00633	0.00196	0.00283	0.01338	0.00469	0.00415
41	0.00891	0.00688	0.00982	0.00875	0.00995	0.00742	0.04185	0.01098	0.01241	0.05730	0.46344	0.09561	0.03391	0.01014	0.00813	0.00179	0.16565	0.03724	0.00468	0.00516
42	0.01194	0.01364	0.02984	0.02131	0.02643	0.01279	0.77238	0.01620	0.01194	0.01620	0.01023	0.01364	0.00767	0.00426	0.00597	0.00171	0.00853	0.00597	0.00256	0.00682
43	0.01813	0.15572	0.01679	0.01163	0.01520	0.30273	0.00951	0.37042	0.01804	0.02137	0.00970	0.01036	0.00748	0.00546	0.00457	0.00137	0.00683	0.00377	0.00367	0.00724
44	0.01252	0.01201	0.02053	0.03104	0.79074	0.01201	0.01552	0.01552	0.01151	0.01652	0.00951	0.01252	0.00801	0.00451	0.00501	0.00150	0.00601	0.00451	0.00250	0.00801
45	0.02021	0.01259	0.01420	0.01089	0.01489	0.01334	0.00899	0.56122	0.02113	0.24826	0.01436	0.01358	0.00971	0.00612	0.00507	0.00153	0.00521	0.00470	0.00540	0.00860
46	0.00722	0.00542	0.00813	0.00813	0.00903	0.00632	0.00632	0.00903	0.00813	0.01174	0.01354	0.01987	0.01264	0.03792	0.80225	0.00813	0.01354	0.00542	0.00271	0.00451
47	0.00735	0.00490	0.00552	0.00552	0.00552	0.00490	0.00306	0.00735	0.00735	0.00980	0.01593	0.03309	0.01838	0.82229	0.02574	0.00490	0.00490	0.00735	0.00306	0.00306
48	0.01014	0.02616	0.79609	0.01441	0.02189	0.01174	0.01868	0.01601	0.01068	0.01601	0.00907	0.01068	0.00641	0.00480	0.00480	0.00160	0.00747	0.00374	0.00214	0.00747
49	0.00825	0.00538	0.00674	0.00632	0.00753	0.00497	0.00460	0.01001	0.01259	0.07478	0.48550	0.03681	0.11425	0.17337	0.00989	0.00228	0.00310	0.02397	0.00501	0.00466
50	0.01240	0.01190	0.02032	0.06122	0.76146	0.01198	0.01546	0.01542	0.01146	0.01638	0.00949	0.01255	0.00796	0.00453	0.00501	0.00151	0.00604	0.00451	0.00249	0.00792
51	0.00618	0.00494	0.00553	0.00579	0.00706	0.00429	0.00419	0.00750	0.01140	0.01432	0.14027	0.25195	0.49222	0.01329	0.00610	0.00178	0.00264	0.01146	0.00481	0.00429
52	0.01185	0.01347	0.02931	0.04994	0.02673	0.01273	0.74486	0.01608	0.01187	0.01608	0.01019	0.01363	0.00764	0.00429	0.00593	0.00170	0.00846	0.00591	0.00255	0.00678
53	0.01446	0.01336	0.02291	0.01678	0.02117	0.01359	0.43456	0.29303	0.01607	0.02191	0.01108	0.01323	0.00821	0.00515	0.00589	0.00163	0.03410	0.00534	0.04020	0.00734
54	0.23185	0.06205	0.03170	0.01009	0.03846	0.01288	0.00809	0.18892	0.25955	0.05882	0.01355	0.01346	0.01010	0.00578	0.00442	0.00156	0.00453	0.00435	0.03254	0.00730
55	0.85801	0.00978	0.00743	0.00665	0.00978	0.01134	0.00548	0.01486	0.00861	0.02269	0.00704	0.00821	0.00548	0.00469	0.00313	0.00156	0.00391	0.00274	0.00313	0.00548
56	0.00843	0.00665	0.00777	0.00707	0.00868	0.00667	0.00547	0.10240	0.01373	0.01826	0.32146	0.06884	0.32399	0.01088	0.00666	0.00169	0.06235	0.00904	0.00489	0.00508
57	0.00878	0.00439	0.00659	0.00659	0.00659	0.00439	0.00439	0.00659	0.00659	0.00878	0.00878	0.01537	0.00878	0.01757	0.01976	0.85288	0.00439	0.00439	0.00220	0.00220
58	0.59733	0.01058	0.00949	0.00793	0.01133	0.01186	0.00654	0.17505	0.01238	0.10289	0.00942	0.00995	0.00685	0.00514	0.00373	0.00155	0.00430	0.00336	0.00385	0.00645
59	0.00662	0.00510	0.00589	0.00577	0.00714	0.00451	0.00428	0.00839	0.01263	0.01669	0.38264	0.07851	0.38974	0.02273	0.00621	0.00170	0.00253	0.00997	0.02448	0.00448
60	0.85801	0.00978	0.00743	0.00665	0.00978	0.01134	0.00548	0.01486	0.00861	0.02269	0.00704	0.00821	0.00548	0.00469	0.00313	0.00156	0.00391	0.00274	0.00313	0.00548
61	0.00637	0.00462	0.00602	0.00676	0.00735	0.00427	0.00465	0.00762	0.01084	0.01461	0.19954	0.59128	0.08854	0.01440	0.00631	0.00193	0.00279	0.01295	0.00489	0.00427
62	0.08232	0.00851	0.01109	0.00862	0.01235	0.00759	0.00711	0.02333	0.01387	0.70189	0.01885	0.01664	0.01203	0.00613	0.00487	0.00155	0.00418	0.00490	0.04598	0.00820
63	0.01337	0.01171	0.01197	0.02842	0.01396	0.04938	0.00836	0.08981	0.66433	0.02147	0.01901	0.01772	0.01425	0.00668	0.00511	0.00168	0.00443	0.00548	0.00496	0.00790
64	0.01052	0.01124	0.06264	0.40245	0.06887	0.01136	0.19748	0.02886	0.03664	0.01487	0.01062	0.05141	0.00864	0.00542	0.00548	0.00166	0.02104	0.00525	0.00263	0.04293
65	0.01395	0.03298	0.04056	0.03951	0.29894	0.15304	0.17587	0.09532	0.04662	0.01721	0.01051	0.03313	0.00861	0.00515	0.00514	0.00153	0.00693	0.00485	0.00295	0.00723
66	0.01562	0.00850	0.01026	0.00865	0.01155	0.00849	0.00689	0.04451	0.24023	0.33716	0.13931	0.02225	0.04054	0.00732	0.00518	0.00160	0.00378	0.01619	0.06457	0.00739
67	0.01581	0.45043	0.02137	0.01091	0.01458	0.32471	0.03463	0.05003	0.01250	0.01309	0.00767	0.00886	0.00663	0.00474	0.00393	0.00121	0.00697	0.00311	0.00247	0.00635
68	0.00627	0.00448	0.00596	0.00697	0.00736	0.00418	0.00470	0.00731	0.01018	0.01370	0.10999	0.73460	0.03499	0.01525	0.00640	0.00200	0.00287	0.01381	0.00479	0.00418
69	0.01767	0.12954	0.01670	0.01253	0.01570	0.52346	0.04486	0.12409	0.04195	0.01550	0.00887	0.00995	0.00717	0.00523	0.00454	0.00134	0.00792	0.00357	0.00297	0.00645
70	0.01216	0.01126	0.03602	0.09189	0.18007	0.01124	0.19611	0.07663	0.14269	0.04798	0.04711	0.05973	0.03411	0.00621	0.00539	0.00164	0.00580	0.00598	0.02097	0.00703
71	0.01252	0.00845	0.01055	0.01038	0.08980	0.00845	0.00728	0.12911	0.10781	0.14650	0.26560	0.02735	0.13810	0.00839	0.00549	0.00160	0.00376	0.00714	0.00511	0.00661

[dist]
# distance from previous block
# <min> <max>
0	9

[block]
# block no. 2 follows, 49 sequences, length 27
# corresponding to MSA columns:
# 201-227
name=unknown_C
#
# <colnr> <probs for GDERKNQSTAVLIFYWHMCP>
#	G	D	E	R	K	N	Q	S	T	A	V	L	I	F	Y	W	H	M	C	P
0	0.01046	0.00886	0.01111	0.04539	0.02842	0.00779	0.02544	0.05489	0.04369	0.01730	0.08499	0.06166	0.01332	0.00634	0.02313	0.00127	0.02297	0.00471	0.00347	0.52481
1	0.43065	0.00756	0.00767	0.00749	0.00950	0.00818	0.03186	0.01160	0.00948	0.01814	0.01760	0.28568	0.04461	0.00960	0.00482	0.00181	0.00377	0.08120	0.00384	0.00494
2	0.85801	0.00978	0.00743	0.00665	0.00978	0.01134	0.00548	0.01486	0.00861	0.02269	0.00704	0.00821	0.00548	0.00469	0.00313	0.00156	0.00391	0.00274	0.00313	0.00548
3	0.03943	0.01192	0.08988	0.16225	0.06691	0.08472	0.03141	0.03451	0.08050	0.06446	0.03241	0.09476	0.01388	0.00760	0.00610	0.00174	0.06388	0.08323	0.02422	0.00619
4	0.01358	0.76465	0.02524	0.00868	0.01283	0.04983	0.00851	0.01522	0.01044	0.01217	0.00740	0.00854	0.00672	0.00442	0.00331	0.00109	0.00544	0.00280	0.03273	0.00640
5	0.01361	0.01149	0.06671	0.07261	0.15905	0.02277	0.05116	0.10975	0.14585	0.12926	0.10882	0.01858	0.02532	0.00640	0.00523	0.00159	0.00515	0.02040	0.00421	0.02203
6	0.01121	0.08736	0.43566	0.01275	0.01751	0.09689	0.02798	0.01488	0.01027	0.01405	0.00922	0.01293	0.00783	0.09750	0.00869	0.00199	0.12040	0.00415	0.00231	0.00644
7	0.01898	0.01404	0.01504	0.01159	0.01559	0.01557	0.00955	0.74655	0.05150	0.03148	0.01245	0.01239	0.00885	0.00610	0.00506	0.00152	0.00551	0.00460	0.00506	0.00858
8	0.00827	0.00439	0.00645	0.00668	0.00673	0.00434	0.00445	0.00668	0.00719	0.00958	0.01248	0.17120	0.01357	0.01723	0.01718	0.68790	0.00411	0.00633	0.00268	0.00257
9	0.00974	0.00566	0.00704	0.00640	0.00796	0.00531	0.00490	0.02911	0.01368	0.10865	0.50248	0.03042	0.03469	0.00874	0.00528	0.00149	0.00267	0.00754	0.20297	0.00528
10	0.00655	0.00466	0.00622	0.00728	0.00773	0.00442	0.00514	0.00766	0.01005	0.01339	0.05670	0.64066	0.03269	0.05121	0.00737	0.00220	0.00326	0.12400	0.00465	0.00417
11	0.01148	0.02964	0.01190	0.31589	0.01974	0.15351	0.02906	0.01452	0.04023	0.01525	0.01180	0.01463	0.00920	0.00540	0.00442	0.00143	0.00557	0.00439	0.29646	0.00549
12	0.01714	0.01528	0.04430	0.01256	0.01602	0.14717	0.07293	0.41733	0.01807	0.05877	0.01100	0.01237	0.00831	0.02472	0.00689	0.01940	0.08183	0.00449	0.00401	0.00740
13	0.01341	0.69167	0.08964	0.00938	0.01384	0.05032	0.00951	0.01592	0.04345	0.01266	0.00781	0.00883	0.00687	0.00451	0.00351	0.00116	0.00567	0.00294	0.00231	0.00661
14	0.58358	0.01246	0.00956	0.00848	0.01131	0.14851	0.00680	0.06435	0.01055	0.02059	0.00807	0.03193	0.00672	0.00544	0.00440	0.00157	0.05342	0.00338	0.00315	0.00571
15	0.01327	0.00931	0.02879	0.00953	0.03827	0.02885	0.00732	0.09371	0.20364	0.17695	0.12045	0.09136	0.09835	0.00895	0.02232	0.00178	0.00421	0.00698	0.02917	0.00682
16	0.00730	0.00575	0.00668	0.00672	0.00812	0.00550	0.00505	0.01041	0.10280	0.01623	0.23775	0.16802	0.29933	0.02892	0.00645	0.00185	0.00296	0.07040	0.00494	0.00482
17	0.00848	0.00709	0.01119	0.36454	0.03801	0.00833	0.00976	0.01103	0.00985	0.01340	0.06063	0.05287	0.01421	0.03290	0.24786	0.00374	0.00803	0.05958	0.03343	0.00507
18	0.01144	0.01173	0.01506	0.01302	0.01325	0.07096	0.01075	0.01259	0.00823	0.01216	0.00704	0.01133	0.00691	0.00994	0.05223	0.00242	0.71876	0.00439	0.00226	0.00551
19	0.06786	0.12401	0.01557	0.01242	0.04151	0.54872	0.00943	0.05053	0.01377	0.05981	0.00862	0.00965	0.00694	0.00514	0.00437	0.00132	0.00780	0.00336	0.00289	0.00627
20	0.19312	0.07599	0.03447	0.01615	0.20346	0.29736	0.04942	0.04572	0.01229	0.01654	0.00832	0.01006	0.00679	0.00484	0.00437	0.00143	0.00679	0.00361	0.00274	0.00654
21	0.01153	0.05183	0.38145	0.04139	0.02150	0.04860	0.21674	0.03831	0.06945	0.01647	0.02820	0.01268	0.00847	0.00509	0.00540	0.00162	0.02692	0.00461	0.00266	0.00709
22	0.01052	0.03899	0.47456	0.01252	0.01804	0.01094	0.04355	0.05866	0.07992	0.01763	0.09654	0.04500	0.01338	0.00618	0.00505	0.00160	0.00614	0.02013	0.00313	0.03752
23	0.00830	0.00765	0.03600	0.04100	0.21733	0.00702	0.00826	0.01043	0.02712	0.01453	0.05994	0.30814	0.17319	0.03130	0.02468	0.00199	0.00425	0.00953	0.00391	0.00544
24	0.13748	0.01244	0.01194	0.04399	0.01302	0.19130	0.00860	0.05062	0.01040	0.01482	0.00926	0.01298	0.00826	0.03907	0.15752	0.00301	0.23456	0.00421	0.03107	0.00545
25	0.01180	0.04842	0.01788	0.27873	0.38259	0.03276	0.01362	0.03607	0.02542	0.01536	0.00931	0.01248	0.00756	0.00494	0.00539	0.00154	0.04203	0.00434	0.00254	0.04723
26	0.03887	0.00577	0.02855	0.00688	0.00812	0.00491	0.00510	0.00844	0.01078	0.01497	0.15806	0.46710	0.14000	0.01291	0.00594	0.00180	0.00301	0.01144	0.00459	0.06276

[dist]
# distance from previous block
# <min> <max>
1	69

[block]
# block no. 3 follows, 49 sequences, length 33
# corresponding to MSA columns:
# 299-307,315-321,328-344
name=unknown_D
#
# <colnr> <probs for GDERKNQSTAVLIFYWHMCP>
#	G	D	E	R	K	N	Q	S	T	A	V	L	I	F	Y	W	H	M	C	P
0	0.03220	0.06460	0.10045	0.01249	0.03646	0.14325	0.08318	0.24550	0.03115	0.07244	0.05818	0.04697	0.01147	0.00606	0.00496	0.00149	0.00614	0.00493	0.00384	0.03424
1	0.03974	0.04070	0.00926	0.00865	0.04018	0.00683	0.03094	0.01123	0.06610	0.03667	0.06336	0.33216	0.06805	0.06063	0.03783	0.00215	0.00409	0.03182	0.02583	0.08379
2	0.01015	0.00781	0.00925	0.00716	0.01067	0.00612	0.00562	0.01220	0.01127	0.06859	0.10604	0.06512	0.10403	0.00642	0.00451	0.00109	0.00344	0.00539	0.00381	0.55131
3	0.03832	0.06285	0.05543	0.01771	0.02235	0.07207	0.53808	0.01635	0.01192	0.04835	0.01147	0.01398	0.02960	0.00475	0.00545	0.00161	0.00766	0.00544	0.02999	0.00665
4	0.01034	0.07224	0.75171	0.01408	0.02137	0.01222	0.01810	0.01596	0.01065	0.01578	0.00896	0.01053	0.00641	0.00478	0.00471	0.00157	0.00735	0.00368	0.00214	0.00742
5	0.80964	0.01003	0.00788	0.00694	0.01012	0.01159	0.00571	0.05863	0.00948	0.02322	0.00734	0.00844	0.00566	0.00477	0.00324	0.00156	0.00401	0.00284	0.00324	0.00566
6	0.01352	0.82533	0.02650	0.00865	0.01298	0.02001	0.00865	0.01514	0.01027	0.01190	0.00703	0.00811	0.00649	0.00433	0.00324	0.00108	0.00541	0.00270	0.00216	0.00649
7	0.00682	0.00537	0.00618	0.00600	0.00747	0.00487	0.00449	0.00918	0.04766	0.01698	0.38393	0.07453	0.38511	0.01154	0.00595	0.00167	0.00256	0.00991	0.00511	0.00466
8	0.00649	0.00502	0.00591	0.00595	0.00721	0.00444	0.00436	0.00814	0.01234	0.01621	0.34523	0.17578	0.36009	0.01233	0.00605	0.00172	0.00255	0.01069	0.00505	0.00444
9	0.85801	0.00978	0.00743	0.00665	0.00978	0.01134	0.00548	0.01486	0.00861	0.02269	0.00704	0.00821	0.00548	0.00469	0.00313	0.00156	0.00391	0.00274	0.00313	0.00548
10	0.00660	0.00509	0.00597	0.00586	0.00717	0.00452	0.00432	0.00834	0.01261	0.01666	0.40176	0.09690	0.35696	0.03666	0.00661	0.00177	0.00257	0.01010	0.00506	0.00446
11	0.01640	0.01182	0.01292	0.01061	0.01400	0.01309	0.00851	0.34695	0.34753	0.10900	0.01650	0.01568	0.01196	0.00681	0.00558	0.02955	0.00472	0.00510	0.00513	0.00813
12	0.00725	0.00531	0.00759	0.00759	0.00830	0.00603	0.00565	0.00868	0.00797	0.01134	0.01404	0.02259	0.01383	0.19980	0.64199	0.00746	0.01176	0.00582	0.00278	0.00422
13	0.01377	0.78769	0.02593	0.00886	0.01310	0.05675	0.00870	0.01538	0.01047	0.01192	0.00707	0.00816	0.00649	0.00437	0.00331	0.00109	0.00558	0.00273	0.00218	0.00646
14	0.01106	0.01106	0.01549	0.01328	0.01328	0.01549	0.01106	0.01217	0.00774	0.01217	0.00664	0.01106	0.00664	0.00885	0.01659	0.00221	0.81303	0.00443	0.00221	0.00553
15	0.00664	0.00515	0.00607	0.00596	0.00735	0.00457	0.00450	0.00849	0.01282	0.01690	0.40607	0.06902	0.37355	0.01176	0.00603	0.00169	0.00258	0.04121	0.00512	0.00452
16	0.01075	0.12094	0.61936	0.01448	0.02131	0.01285	0.10023	0.01593	0.01077	0.01554	0.00896	0.01069	0.00655	0.00469	0.00474	0.00155	0.00734	0.00386	0.00218	0.00728
17	0.00643	0.00458	0.00612	0.00725	0.00763	0.00433	0.00503	0.00744	0.00983	0.01306	0.02736	0.70707	0.03247	0.04154	0.00713	0.00218	0.00319	0.09858	0.00464	0.00414
18	0.01793	0.02228	0.01526	0.01573	0.13214	0.68325	0.01063	0.01949	0.01391	0.01300	0.00807	0.00963	0.00674	0.00510	0.00463	0.00133	0.00865	0.00344	0.00259	0.00619
19	0.00713	0.00490	0.00573	0.00581	0.00608	0.00480	0.00353	0.00759	0.00859	0.01151	0.10239	0.11650	0.06396	0.58914	0.03825	0.00415	0.00450	0.00842	0.00358	0.00345
20	0.00788	0.00571	0.00780	0.00763	0.00848	0.00642	0.00567	0.04593	0.00875	0.01239	0.01408	0.02256	0.01379	0.21868	0.56871	0.00693	0.01095	0.00581	0.01745	0.00438
21	0.00693	0.00527	0.00697	0.03901	0.04110	0.00505	0.00538	0.02024	0.01064	0.01412	0.11549	0.49833	0.13572	0.06221	0.00735	0.00208	0.00326	0.01189	0.00451	0.00444
22	0.01889	0.02410	0.01433	0.01303	0.01563	0.80199	0.00977	0.02019	0.01433	0.01238	0.00782	0.00912	0.00651	0.00521	0.00456	0.00130	0.00912	0.00326	0.00261	0.00586
23	0.85801	0.00978	0.00743	0.00665	0.00978	0.01134	0.00548	0.01486	0.00861	0.02269	0.00704	0.00821	0.00548	0.00469	0.00313	0.00156	0.00391	0.00274	0.00313	0.00548
24	0.01290	0.01374	0.09190	0.04744	0.51009	0.04205	0.10210	0.02862	0.04007	0.04693	0.01033	0.01278	0.00819	0.00473	0.00509	0.00154	0.00642	0.00462	0.00276	0.00771
25	0.01541	0.02895	0.08322	0.01317	0.07408	0.27741	0.03978	0.16269	0.03945	0.03329	0.03478	0.01187	0.00895	0.00522	0.00468	0.00133	0.00659	0.00400	0.00333	0.15178
26	0.00751	0.00565	0.00715	0.00793	0.00891	0.00563	0.00604	0.01044	0.10023	0.01476	0.04605	0.41954	0.09080	0.01387	0.00641	0.00206	0.00353	0.23398	0.00476	0.00475
27	0.05081	0.10470	0.26491	0.01325	0.01747	0.17529	0.07996	0.03272	0.01116	0.01484	0.00824	0.01033	0.00664	0.00549	0.00667	0.00157	0.15016	0.00379	0.00243	0.03957
28	0.01049	0.00672	0.00837	0.00883	0.07835	0.02443	0.02319	0.03182	0.01163	0.08654	0.09893	0.07852	0.07377	0.05995	0.02562	0.00184	0.00379	0.02747	0.33438	0.00535
29	0.04269	0.00965	0.01138	0.00834	0.01269	0.00808	0.02781	0.07830	0.04176	0.03725	0.00994	0.01112	0.00795	0.00417	0.00398	0.00093	0.00406	0.00336	0.00333	0.67320
30	0.01036	0.00598	0.00752	0.00681	0.00844	0.00551	0.00509	0.01244	0.03404	0.17477	0.36215	0.04920	0.12035	0.14495	0.00909	0.00218	0.00333	0.02736	0.00514	0.00528
31	0.01372	0.01095	0.01279	0.09096	0.01580	0.01226	0.02579	0.29035	0.28261	0.02286	0.01774	0.07071	0.02851	0.00766	0.00539	0.00172	0.00490	0.07325	0.00469	0.00733
32	0.66888	0.01215	0.00920	0.00811	0.01118	0.14292	0.02938	0.01558	0.00974	0.02052	0.00850	0.00965	0.02750	0.00499	0.00353	0.00153	0.00488	0.00314	0.00307	0.00555

[dist]
# distance from previous block
# <min> <max>
3	15

[block]
# block no. 4 follows, 49 sequences, length 18
# corresponding to MSA columns:
# 387-404
name=unknown_E
#
# <colnr> <probs for GDERKNQSTAVLIFYWHMCP>
#	G	D	E	R	K	N	Q	S	T	A	V	L	I	F	Y	W	H	M	C	P
0	0.01348	0.01150	0.03774	0.02841	0.01454	0.03162	0.04929	0.04042	0.57083	0.09365	0.01965	0.01844	0.03407	0.00666	0.00518	0.00168	0.00457	0.00562	0.00488	0.00779
1	0.00783	0.00545	0.00690	0.00663	0.00793	0.00508	0.00493	0.01037	0.04569	0.05353	0.54108	0.15025	0.11299	0.01104	0.00596	0.00167	0.00264	0.00972	0.00537	0.00494
2	0.00744	0.00558	0.00792	0.00782	0.00848	0.00647	0.00585	0.00882	0.00794	0.01134	0.01372	0.02229	0.01359	0.20614	0.59565	0.00714	0.05100	0.00579	0.00276	0.00425
3	0.01049	0.00899	0.01049	0.00749	0.01198	0.00674	0.00599	0.01273	0.01049	0.01648	0.00899	0.01049	0.00749	0.00374	0.00374	0.00075	0.00374	0.00300	0.00300	0.85320
4	0.00965	0.00564	0.00724	0.00662	0.00823	0.00512	0.00504	0.01180	0.01362	0.14222	0.51784	0.07853	0.08934	0.00986	0.00568	0.00159	0.00273	0.00859	0.06537	0.00530
5	0.00665	0.00482	0.00604	0.00637	0.00709	0.00447	0.00439	0.00798	0.01117	0.01510	0.29195	0.34687	0.12378	0.12899	0.00899	0.00226	0.00298	0.01113	0.00476	0.00421
6	0.00725	0.00533	0.00768	0.00768	0.00843	0.00608	0.00576	0.00874	0.00799	0.01141	0.01395	0.02214	0.01363	0.17269	0.66884	0.00757	0.01206	0.00575	0.00277	0.00427
7	0.00716	0.00517	0.00676	0.00636	0.00755	0.00477	0.00477	0.00954	0.01431	0.02028	0.78808	0.03777	0.04771	0.01034	0.00596	0.00159	0.00239	0.00914	0.00557	0.00477
8	0.09720	0.71648	0.05149	0.00865	0.01297	0.01886	0.00869	0.01514	0.01012	0.01311	0.00710	0.00821	0.00639	0.00438	0.00329	0.00115	0.00533	0.00274	0.00226	0.00642
9	0.01346	0.60517	0.16074	0.01010	0.01481	0.09615	0.01053	0.01580	0.01075	0.01267	0.00747	0.00866	0.00648	0.00450	0.00365	0.00119	0.00614	0.00294	0.00220	0.00660
10	0.65336	0.01085	0.00932	0.00787	0.01122	0.01240	0.00649	0.20005	0.01231	0.02493	0.00829	0.00917	0.00624	0.00503	0.00360	0.00155	0.00431	0.00318	0.00360	0.00624
11	0.02198	0.00840	0.01136	0.00877	0.01253	0.00729	0.00722	0.02396	0.01427	0.75277	0.01976	0.01730	0.01254	0.00624	0.00500	0.00154	0.00420	0.00507	0.05142	0.00840
12	0.00608	0.00513	0.00527	0.00524	0.00690	0.00431	0.00393	0.00747	0.01178	0.01426	0.11849	0.04767	0.72105	0.01258	0.00598	0.00170	0.00255	0.01053	0.00478	0.00431
13	0.00633	0.00457	0.00602	0.00699	0.00747	0.00425	0.00482	0.00743	0.01027	0.01370	0.09648	0.67642	0.07178	0.01512	0.00641	0.00201	0.00295	0.04801	0.00477	0.00420
14	0.01352	0.82533	0.02650	0.00865	0.01298	0.02001	0.00865	0.01514	0.01027	0.01190	0.00703	0.00811	0.00649	0.00433	0.00324	0.00108	0.00541	0.00270	0.00216	0.00649
15	0.00743	0.00511	0.00589	0.00601	0.00715	0.00481	0.00442	0.00944	0.03120	0.01618	0.20220	0.14935	0.22022	0.07012	0.00699	0.00189	0.00287	0.05488	0.18936	0.00449
16	0.00907	0.00923	0.01659	0.01274	0.01581	0.00875	0.33514	0.01207	0.03157	0.01550	0.10064	0.02994	0.32380	0.00855	0.00647	0.00172	0.04502	0.00807	0.00375	0.00557
17	0.00724	0.00508	0.00607	0.00623	0.00666	0.00495	0.00395	0.00827	0.03279	0.01248	0.11630	0.24749	0.02584	0.45510	0.01682	0.00351	0.00399	0.00934	0.00389	0.02400

[dist]
# distance from previous block
# <min> <max>
0	1

[block]
# block no. 5 follows, 49 sequences, length 20
# corresponding to MSA columns:
# 443-462
name=unknown_F
#
# <colnr> <probs for GDERKNQSTAVLIFYWHMCP>
#	G	D	E	R	K	N	Q	S	T	A	V	L	I	F	Y	W	H	M	C	P
0	0.01482	0.18780	0.19059	0.06240	0.05650	0.31635	0.03385	0.05432	0.01271	0.01443	0.00842	0.01004	0.00676	0.00494	0.00448	0.00139	0.00751	0.00354	0.00252	0.00663
1	0.00741	0.00494	0.00555	0.00555	0.00556	0.00493	0.00309	0.00739	0.00739	0.00986	0.01598	0.03314	0.01842	0.82166	0.02574	0.00491	0.00492	0.00737	0.00308	0.00309
2	0.01042	0.00848	0.00988	0.02723	0.01104	0.07257	0.00722	0.04016	0.07981	0.05676	0.04511	0.05139	0.02903	0.04184	0.36855	0.00470	0.08676	0.00575	0.03789	0.00542
3	0.01008	0.00931	0.01300	0.01147	0.01184	0.01246	0.00936	0.03109	0.00829	0.01252	0.00919	0.01458	0.00894	0.05002	0.24201	0.00401	0.52925	0.00485	0.00248	0.00525
4	0.05754	0.01163	0.04375	0.01055	0.01432	0.03095	0.07293	0.11996	0.23178	0.04837	0.02871	0.01485	0.02679	0.00569	0.00503	0.00141	0.02558	0.00466	0.00401	0.24149
5	0.01143	0.00854	0.01016	0.00770	0.01167	0.00673	0.00615	0.01382	0.02945	0.09993	0.01377	0.05161	0.04275	0.00543	0.00428	0.00103	0.00378	0.03183	0.00362	0.63635
6	0.01054	0.00902	0.01052	0.00753	0.01202	0.00677	0.00601	0.01277	0.01052	0.01652	0.00904	0.01056	0.00754	0.00378	0.00377	0.00076	0.00376	0.00301	0.00301	0.85254
7	0.02946	0.12950	0.07438	0.01124	0.01535	0.06053	0.11664	0.09834	0.05362	0.07669	0.01360	0.01655	0.04128	0.00583	0.00477	0.00140	0.00556	0.05800	0.00352	0.18375
8	0.85737	0.00981	0.00747	0.00669	0.00982	0.01137	0.00550	0.01490	0.00864	0.02273	0.00709	0.00829	0.00553	0.00473	0.00315	0.00157	0.00393	0.00276	0.00315	0.00550
9	0.00737	0.00508	0.00624	0.00624	0.00648	0.00531	0.00394	0.00783	0.00759	0.01036	0.01535	0.02967	0.01692	0.61559	0.22976	0.00576	0.00719	0.00686	0.00299	0.00347
10	0.01123	0.25688	0.54734	0.01301	0.01949	0.01420	0.04096	0.01580	0.01063	0.01488	0.00857	0.01010	0.00652	0.00468	0.00441	0.00146	0.00693	0.00353	0.00218	0.00719
11	0.03680	0.01334	0.07352	0.10707	0.52492	0.04407	0.05634	0.05321	0.01201	0.01692	0.00951	0.01234	0.00769	0.00472	0.00500	0.00154	0.00638	0.00445	0.00262	0.00756
12	0.00603	0.00516	0.00516	0.00516	0.00687	0.00430	0.00387	0.00730	0.01156	0.01371	0.05124	0.04871	0.78811	0.01283	0.00600	0.00172	0.00258	0.01068	0.00471	0.00430
13	0.00740	0.00529	0.00726	0.00843	0.00925	0.00516	0.00677	0.00913	0.01088	0.01428	0.02725	0.36492	0.03089	0.01475	0.00679	0.00223	0.00398	0.45620	0.00469	0.00446
14	0.00673	0.00488	0.00573	0.00602	0.00664	0.00454	0.00396	0.00756	0.00989	0.01297	0.12654	0.26729	0.19762	0.30150	0.01317	0.00294	0.00350	0.01039	0.00424	0.00389
15	0.01019	0.02618	0.79549	0.01444	0.02192	0.01177	0.01870	0.01605	0.01071	0.01606	0.00913	0.01075	0.00646	0.00484	0.00483	0.00161	0.00749	0.00375	0.00215	0.00750
16	0.01189	0.01330	0.02841	0.06532	0.08003	0.01267	0.67756	0.01600	0.01184	0.01609	0.01016	0.01362	0.00769	0.00436	0.00587	0.00170	0.00827	0.00580	0.00255	0.00686
17	0.01683	0.01445	0.01932	0.01454	0.01877	0.05789	0.23412	0.47780	0.05132	0.02577	0.01174	0.01277	0.00854	0.00556	0.00532	0.00158	0.00658	0.00496	0.00421	0.00792
18	0.00616	0.00465	0.00569	0.00651	0.00723	0.00419	0.00447	0.00715	0.01026	0.01318	0.03478	0.59164	0.25580	0.01497	0.00633	0.00196	0.00284	0.01329	0.00471	0.00418
19	0.00651	0.00455	0.00576	0.00659	0.00680	0.00434	0.00421	0.00713	0.00900	0.01199	0.02436	0.58763	0.02901	0.25325	0.01213	0.00289	0.00351	0.01231	0.00421	0.00380

[dist]
# distance from previous block
# <min> <max>
0	50

# created by:
# /home/cegg/simao/soft/augustus-3.2.1/scripts/msa2prfl.pl ./align_prep/EOG091G0KM6.fa
