[name]
unknown

[dist]
# distance from previous block
# <min> <max>
6	649

[block]
# block no. 0 follows, 48 sequences, length 52
# corresponding to MSA columns:
# 947-998
name=unknown_A
#
# <colnr> <probs for GDERKNQSTAVLIFYWHMCP>
#	G	D	E	R	K	N	Q	S	T	A	V	L	I	F	Y	W	H	M	C	P
0	0.01249	0.53734	0.30155	0.01087	0.01641	0.01730	0.01243	0.01568	0.01057	0.01357	0.00788	0.00916	0.00655	0.00456	0.00386	0.00129	0.00624	0.00312	0.00218	0.00694
1	0.01257	0.55566	0.28392	0.01074	0.01620	0.01749	0.01219	0.01566	0.01056	0.01347	0.00783	0.00910	0.00656	0.00455	0.00382	0.00127	0.00619	0.00310	0.00219	0.00692
2	0.04069	0.00765	0.00825	0.00807	0.00996	0.00814	0.00606	0.01605	0.33394	0.01724	0.03051	0.23411	0.22027	0.01097	0.00575	0.00184	0.00341	0.02626	0.00490	0.00594
3	0.00969	0.00912	0.01539	0.80734	0.03534	0.01140	0.01425	0.01311	0.01026	0.01311	0.00912	0.01368	0.00684	0.00513	0.00513	0.00171	0.00684	0.00456	0.00228	0.00570
4	0.01230	0.00908	0.01245	0.04415	0.18334	0.00944	0.03427	0.15915	0.03624	0.04658	0.01564	0.11335	0.01379	0.00832	0.03461	0.00180	0.00489	0.02705	0.22700	0.00654
5	0.00746	0.00497	0.00560	0.00560	0.00560	0.00497	0.00311	0.00746	0.00746	0.00995	0.01617	0.03358	0.01865	0.81967	0.02612	0.00497	0.00497	0.00746	0.00311	0.00311
6	0.00629	0.00517	0.00553	0.00552	0.00709	0.00441	0.00411	0.00776	0.01209	0.01500	0.17999	0.08823	0.61558	0.01272	0.00609	0.00173	0.00259	0.01076	0.00492	0.00441
7	0.00633	0.00450	0.00593	0.00705	0.00733	0.00422	0.00466	0.00716	0.00968	0.01290	0.02753	0.76783	0.03299	0.06586	0.00776	0.00226	0.00310	0.01415	0.00466	0.00410
8	0.01933	0.01292	0.01429	0.01114	0.01508	0.01398	0.00914	0.54147	0.11506	0.17122	0.01484	0.01411	0.01031	0.00629	0.00515	0.00157	0.00521	0.00486	0.00537	0.00865
9	0.01758	0.01260	0.01374	0.01123	0.01476	0.09407	0.04895	0.17194	0.29696	0.23623	0.01711	0.01602	0.01211	0.00632	0.00517	0.00161	0.00524	0.00514	0.00511	0.00812
10	0.00625	0.00447	0.00595	0.00714	0.00744	0.00417	0.00476	0.00714	0.00982	0.01310	0.02828	0.81633	0.03394	0.01608	0.00655	0.00208	0.00298	0.01459	0.00476	0.00417
11	0.02052	0.01254	0.01373	0.01074	0.01463	0.06089	0.00878	0.38287	0.06226	0.33517	0.01571	0.01458	0.01058	0.00623	0.00512	0.00156	0.00527	0.00482	0.00547	0.00852
12	0.04576	0.00975	0.02861	0.01017	0.01375	0.00908	0.07400	0.09587	0.06956	0.42656	0.01942	0.01915	0.05988	0.04415	0.04840	0.00212	0.00531	0.00559	0.00520	0.00766
13	0.01416	0.01241	0.01632	0.03939	0.01654	0.07966	0.14840	0.24176	0.01485	0.04884	0.02684	0.07564	0.01149	0.00936	0.06159	0.00219	0.13856	0.01804	0.01726	0.00672
14	0.08906	0.01235	0.04488	0.11279	0.16107	0.05454	0.14838	0.01445	0.01032	0.01521	0.00939	0.01391	0.00812	0.00730	0.03417	0.00202	0.22058	0.03252	0.00258	0.00634
15	0.01048	0.00867	0.01229	0.24207	0.10216	0.00969	0.01008	0.01588	0.20310	0.03072	0.08327	0.02467	0.03214	0.00850	0.00668	0.06659	0.00505	0.11804	0.00383	0.00611
16	0.01632	0.01580	0.01367	0.06077	0.01594	0.26312	0.00931	0.26099	0.15676	0.02112	0.04503	0.01385	0.01092	0.00668	0.02102	0.00162	0.00651	0.00455	0.00404	0.05199
17	0.04627	0.05229	0.01284	0.23779	0.08528	0.03943	0.00955	0.03874	0.07194	0.01740	0.25922	0.02136	0.02118	0.00820	0.03311	0.00185	0.02784	0.00599	0.00377	0.00593
18	0.00709	0.00541	0.00654	0.00630	0.00767	0.00496	0.00470	0.00958	0.04228	0.01838	0.51569	0.08182	0.24798	0.01134	0.00605	0.00168	0.00256	0.00985	0.00534	0.00479
19	0.01580	0.01393	0.01246	0.03674	0.01405	0.23239	0.00824	0.13402	0.07305	0.12252	0.01372	0.01565	0.03674	0.07991	0.00726	0.00174	0.04167	0.00465	0.00387	0.13160
20	0.00956	0.00478	0.00478	0.00478	0.00598	0.00478	0.00359	0.01196	0.01076	0.01913	0.01674	0.01913	0.01315	0.00598	0.00359	0.00120	0.00239	0.00478	0.84816	0.00478
21	0.01286	0.00699	0.00864	0.00741	0.00973	0.00652	0.00582	0.06180	0.04099	0.24566	0.32904	0.02978	0.12635	0.00884	0.00550	0.00159	0.00327	0.00749	0.07545	0.00626
22	0.00649	0.00463	0.00610	0.00695	0.00740	0.00432	0.00471	0.00762	0.01058	0.01433	0.16581	0.64109	0.03593	0.04925	0.00729	0.00212	0.00296	0.01332	0.00485	0.00425
23	0.00956	0.00478	0.00478	0.00478	0.00598	0.00478	0.00359	0.01196	0.01076	0.01913	0.01674	0.01913	0.01315	0.00598	0.00359	0.00120	0.00239	0.00478	0.84816	0.00478
24	0.04123	0.02714	0.10750	0.06986	0.09000	0.07411	0.08246	0.04328	0.05844	0.01577	0.05071	0.01378	0.01000	0.00798	0.04242	0.00207	0.24921	0.00477	0.00286	0.00644
25	0.02898	0.07699	0.15466	0.26941	0.02267	0.08096	0.03861	0.06169	0.07098	0.10105	0.02661	0.01348	0.00900	0.00550	0.00509	0.00160	0.01820	0.00445	0.00322	0.00684
26	0.01496	0.01121	0.01569	0.01346	0.07878	0.05204	0.14973	0.07454	0.12367	0.19634	0.06610	0.01817	0.02907	0.00617	0.00527	0.00154	0.00539	0.02641	0.00438	0.10707
27	0.00704	0.00503	0.00686	0.00804	0.00869	0.00485	0.00613	0.00850	0.01060	0.01398	0.02785	0.52045	0.03222	0.01533	0.00676	0.00219	0.00366	0.30269	0.00475	0.00438
28	0.00991	0.00893	0.01109	0.00913	0.01191	0.04868	0.06347	0.01184	0.01064	0.01522	0.01658	0.18738	0.06274	0.00796	0.00595	0.00140	0.07381	0.02755	0.04076	0.37506
29	0.00705	0.00524	0.00657	0.00623	0.00754	0.00475	0.00468	0.00928	0.01403	0.01940	0.65651	0.04026	0.17760	0.01093	0.00605	0.00163	0.00245	0.00955	0.00549	0.00475
30	0.00744	0.00506	0.00603	0.00603	0.00618	0.00521	0.00365	0.00774	0.00759	0.01027	0.01577	0.03139	0.01770	0.69220	0.15229	0.00551	0.00641	0.00714	0.00305	0.00335
31	0.01283	0.61637	0.22549	0.01029	0.01551	0.01813	0.01142	0.01559	0.01053	0.01315	0.00767	0.00891	0.00656	0.00452	0.00370	0.00123	0.00603	0.00302	0.00219	0.00684
32	0.01069	0.01073	0.01993	0.50653	0.12733	0.01191	0.21008	0.01430	0.01092	0.01443	0.00951	0.01360	0.00725	0.00485	0.00536	0.00169	0.00722	0.00495	0.00239	0.00632
33	0.00736	0.00536	0.00756	0.00756	0.00824	0.00604	0.00556	0.00872	0.00804	0.01140	0.01437	0.02364	0.01434	0.24097	0.59891	0.00740	0.01147	0.00601	0.00284	0.00420
34	0.01064	0.00912	0.01064	0.00760	0.01216	0.00684	0.00608	0.01292	0.01064	0.01672	0.00912	0.01064	0.00760	0.00380	0.00380	0.00076	0.00380	0.00304	0.00304	0.85104
35	0.00625	0.00447	0.00595	0.00714	0.00744	0.00417	0.00476	0.00714	0.00982	0.01310	0.02828	0.81633	0.03394	0.01608	0.00655	0.00208	0.00298	0.01459	0.00476	0.00417
36	0.00680	0.00517	0.00626	0.00610	0.00741	0.00463	0.00453	0.00875	0.01327	0.01787	0.49414	0.09926	0.28370	0.01170	0.00609	0.00169	0.00252	0.01017	0.00530	0.00463
37	0.01396	0.78751	0.02634	0.00898	0.01329	0.05469	0.00883	0.01559	0.01061	0.01209	0.00717	0.00828	0.00659	0.00443	0.00335	0.00111	0.00565	0.00277	0.00221	0.00656
38	0.85592	0.00992	0.00754	0.00675	0.00992	0.01151	0.00556	0.01508	0.00873	0.02302	0.00714	0.00834	0.00556	0.00476	0.00318	0.00159	0.00397	0.00278	0.00318	0.00556
39	0.01304	0.01116	0.01176	0.01050	0.01345	0.01289	0.00819	0.05731	0.74791	0.02190	0.02054	0.01887	0.01538	0.00693	0.00522	0.00173	0.00412	0.00575	0.00522	0.00815
40	0.00695	0.00476	0.00575	0.00625	0.00638	0.00463	0.00381	0.00733	0.00846	0.01128	0.02128	0.36426	0.02511	0.48018	0.01785	0.00375	0.00413	0.01047	0.00381	0.00356
41	0.00745	0.00501	0.00576	0.00576	0.00582	0.00506	0.00331	0.00757	0.00751	0.01007	0.01602	0.03275	0.01829	0.77128	0.07402	0.00518	0.00552	0.00734	0.00309	0.00320
42	0.00624	0.00450	0.00592	0.00706	0.00742	0.00417	0.00473	0.00715	0.00990	0.01313	0.02929	0.78369	0.06592	0.01594	0.00653	0.00207	0.00296	0.01443	0.00476	0.00417
43	0.01851	0.01360	0.01463	0.01148	0.01538	0.01507	0.00940	0.61789	0.15019	0.05911	0.01405	0.01366	0.01004	0.00630	0.00515	0.00158	0.00533	0.00484	0.00519	0.00862
44	0.01064	0.00912	0.01064	0.00760	0.01216	0.00684	0.00608	0.01292	0.01064	0.01672	0.00912	0.01064	0.00760	0.00380	0.00380	0.00076	0.00380	0.00304	0.00304	0.85104
45	0.01263	0.01113	0.01725	0.27489	0.11953	0.01207	0.13527	0.20961	0.01429	0.01898	0.01370	0.01687	0.06458	0.04910	0.00646	0.00182	0.00633	0.00543	0.00333	0.00675
46	0.01157	0.03886	0.02292	0.34275	0.07293	0.01235	0.36638	0.01528	0.01136	0.04060	0.01004	0.01364	0.00754	0.00474	0.00550	0.00168	0.00752	0.00522	0.00257	0.00654
47	0.01010	0.00969	0.01433	0.01241	0.01294	0.01274	0.05668	0.01154	0.00836	0.01258	0.01012	0.07877	0.01024	0.01518	0.17198	0.00340	0.53539	0.00561	0.00257	0.00537
48	0.06867	0.22534	0.04080	0.01036	0.01426	0.05357	0.00906	0.30761	0.08242	0.08513	0.01178	0.01216	0.00890	0.00704	0.03958	0.00174	0.00585	0.00411	0.00403	0.00756
49	0.01355	0.09393	0.24312	0.01480	0.15533	0.02840	0.01244	0.11064	0.02656	0.10132	0.05324	0.01451	0.02597	0.00567	0.00500	0.00150	0.01763	0.00457	0.03938	0.03243
50	0.22634	0.04758	0.05283	0.00896	0.01228	0.01085	0.03300	0.18001	0.01374	0.09721	0.02140	0.02117	0.20937	0.00749	0.00525	0.00162	0.03452	0.00573	0.00418	0.00645
51	0.01329	0.03035	0.19732	0.00968	0.01329	0.10031	0.00941	0.14370	0.01382	0.06299	0.03862	0.01517	0.01107	0.00580	0.00444	0.00141	0.00515	0.00448	0.31318	0.00652

[dist]
# distance from previous block
# <min> <max>
0	20

[block]
# block no. 1 follows, 48 sequences, length 6
# corresponding to MSA columns:
# 1019-1024
name=unknown_B
#
# <colnr> <probs for GDERKNQSTAVLIFYWHMCP>
#	G	D	E	R	K	N	Q	S	T	A	V	L	I	F	Y	W	H	M	C	P
0	0.00842	0.00637	0.00840	0.00918	0.08935	0.00584	0.00609	0.01028	0.01178	0.05617	0.19850	0.12241	0.26570	0.01384	0.09832	0.00240	0.00445	0.00875	0.00445	0.06930
1	0.09929	0.11075	0.25414	0.04827	0.01762	0.06213	0.08954	0.01594	0.06730	0.01636	0.01288	0.01412	0.06645	0.00544	0.00463	0.00148	0.00609	0.00440	0.00287	0.10030
2	0.00738	0.00542	0.00684	0.00673	0.00787	0.00514	0.00500	0.00988	0.04495	0.01826	0.51792	0.12019	0.09635	0.06853	0.00755	0.00196	0.00289	0.05717	0.00524	0.00474
3	0.01146	0.01240	0.10362	0.07537	0.25778	0.01052	0.09045	0.05440	0.04246	0.01674	0.01209	0.01549	0.03501	0.07269	0.00671	0.00173	0.00583	0.00485	0.00295	0.16745
4	0.10530	0.00908	0.01042	0.01008	0.06932	0.06405	0.04671	0.09823	0.01298	0.01905	0.20418	0.02331	0.06284	0.07389	0.06880	0.00232	0.00514	0.00620	0.10250	0.00561
5	0.13937	0.18584	0.24364	0.01318	0.08464	0.01465	0.01231	0.12407	0.01208	0.01830	0.00866	0.01034	0.00687	0.00539	0.00574	0.00156	0.09982	0.00369	0.00279	0.00705

[dist]
# distance from previous block
# <min> <max>
0	2

[block]
# block no. 2 follows, 48 sequences, length 18
# corresponding to MSA columns:
# 1027-1044
name=unknown_C
#
# <colnr> <probs for GDERKNQSTAVLIFYWHMCP>
#	G	D	E	R	K	N	Q	S	T	A	V	L	I	F	Y	W	H	M	C	P
0	0.52407	0.10534	0.03174	0.00904	0.01256	0.11457	0.03712	0.08264	0.01122	0.02082	0.00788	0.00907	0.00620	0.00490	0.00370	0.00150	0.00525	0.00316	0.00312	0.00611
1	0.01094	0.10250	0.01783	0.57348	0.11223	0.01273	0.04119	0.04347	0.01104	0.01426	0.00912	0.01291	0.00706	0.00500	0.00495	0.00161	0.00663	0.00441	0.00242	0.00622
2	0.01083	0.00857	0.01054	0.00992	0.05149	0.00850	0.02328	0.06306	0.21325	0.04132	0.08270	0.18045	0.04840	0.00896	0.00586	0.03122	0.00394	0.02083	0.00444	0.17245
3	0.00964	0.00908	0.01695	0.03739	0.01685	0.00887	0.31469	0.01253	0.01165	0.01598	0.12252	0.10652	0.02105	0.05082	0.00762	0.00204	0.03524	0.15777	0.03723	0.00555
4	0.00826	0.00660	0.00897	0.00846	0.00883	0.00799	0.00629	0.00926	0.00787	0.01129	0.01305	0.02307	0.01359	0.31912	0.33755	0.00568	0.19109	0.00599	0.00277	0.00427
5	0.00648	0.00463	0.00622	0.00741	0.00781	0.00437	0.00516	0.00754	0.01005	0.01336	0.02815	0.72994	0.03343	0.01586	0.00661	0.00212	0.00318	0.09871	0.00476	0.00423
6	0.01543	0.01435	0.01288	0.01113	0.01396	0.20926	0.00875	0.26041	0.19008	0.02080	0.01346	0.01468	0.01060	0.01264	0.16503	0.00288	0.00782	0.00474	0.00405	0.00706
7	0.02125	0.00879	0.01143	0.00888	0.01256	0.00796	0.00730	0.08754	0.01507	0.64193	0.01918	0.01720	0.01241	0.00629	0.00499	0.00154	0.00426	0.00507	0.09804	0.00830
8	0.00715	0.00520	0.00652	0.00624	0.00749	0.00475	0.00466	0.00937	0.01385	0.01937	0.63179	0.06398	0.14722	0.01084	0.00598	0.00163	0.00246	0.00949	0.03724	0.00475
9	0.00956	0.00478	0.00478	0.00478	0.00598	0.00478	0.00359	0.01196	0.01076	0.01913	0.01674	0.01913	0.01315	0.00598	0.00359	0.00120	0.00239	0.00478	0.84816	0.00478
10	0.00761	0.00545	0.00742	0.00804	0.00910	0.00527	0.00653	0.00976	0.01246	0.01684	0.29338	0.16751	0.03684	0.01317	0.00664	0.00206	0.00365	0.37854	0.00505	0.00468
11	0.12417	0.21719	0.04786	0.09274	0.01628	0.03358	0.03913	0.08901	0.04346	0.18010	0.01135	0.01212	0.00839	0.00554	0.00520	0.00152	0.05764	0.00404	0.00363	0.00705
12	0.00956	0.00478	0.00478	0.00478	0.00598	0.00478	0.00359	0.01196	0.01076	0.01913	0.01674	0.01913	0.01315	0.00598	0.00359	0.00120	0.00239	0.00478	0.84816	0.00478
13	0.00648	0.00463	0.00622	0.00741	0.00781	0.00437	0.00516	0.00754	0.01005	0.01336	0.02815	0.72994	0.03343	0.01586	0.00661	0.00212	0.00318	0.09871	0.00476	0.00423
14	0.01091	0.15305	0.51048	0.01241	0.01834	0.01248	0.01483	0.05424	0.01191	0.01686	0.09801	0.01526	0.01221	0.00583	0.00484	0.00156	0.00645	0.03044	0.00281	0.00707
15	0.72014	0.04403	0.00929	0.10176	0.01307	0.01187	0.00672	0.01486	0.00898	0.02139	0.00738	0.00896	0.00575	0.00479	0.00341	0.00158	0.00437	0.00299	0.00303	0.00562
16	0.01019	0.04162	0.01024	0.00850	0.01023	0.02038	0.04547	0.05110	0.09066	0.05257	0.27025	0.11524	0.05264	0.01047	0.00790	0.11159	0.03417	0.00761	0.04383	0.00534
17	0.08119	0.05260	0.05299	0.01326	0.01639	0.15576	0.14330	0.13332	0.02928	0.01750	0.00914	0.01144	0.00742	0.00638	0.00787	0.03736	0.16871	0.00428	0.00300	0.04879

[dist]
# distance from previous block
# <min> <max>
0	5

[block]
# block no. 3 follows, 48 sequences, length 47
# corresponding to MSA columns:
# 1050-1096
name=unknown_D
#
# <colnr> <probs for GDERKNQSTAVLIFYWHMCP>
#	G	D	E	R	K	N	Q	S	T	A	V	L	I	F	Y	W	H	M	C	P
0	0.01270	0.03888	0.01338	0.07856	0.17636	0.06920	0.00932	0.06910	0.08823	0.08227	0.06988	0.06915	0.07585	0.00694	0.00507	0.00151	0.00491	0.00590	0.03111	0.09167
1	0.00707	0.00515	0.00592	0.00608	0.00739	0.00451	0.00439	0.00838	0.01151	0.04911	0.13130	0.25800	0.42759	0.04130	0.00685	0.00192	0.00284	0.01131	0.00488	0.00450
2	0.01013	0.00897	0.01327	0.30812	0.10014	0.04066	0.05824	0.02626	0.01196	0.04440	0.13151	0.05342	0.14130	0.00759	0.00548	0.00166	0.00529	0.00673	0.01907	0.00578
3	0.00956	0.00478	0.00478	0.00478	0.00598	0.00478	0.00359	0.01196	0.01076	0.01913	0.01674	0.01913	0.01315	0.00598	0.00359	0.00120	0.00239	0.00478	0.84816	0.00478
4	0.00886	0.00775	0.01171	0.41298	0.07203	0.00875	0.01015	0.01190	0.03771	0.01455	0.06051	0.09236	0.16124	0.00795	0.00538	0.00170	0.00503	0.00694	0.05702	0.00544
5	0.06596	0.00987	0.01212	0.01336	0.17368	0.03536	0.00843	0.18681	0.02427	0.04467	0.01434	0.04492	0.03342	0.17575	0.11957	0.00318	0.00645	0.00568	0.01589	0.00626
6	0.00956	0.00478	0.00478	0.00478	0.00598	0.00478	0.00359	0.01196	0.01076	0.01913	0.01674	0.01913	0.01315	0.00598	0.00359	0.00120	0.00239	0.00478	0.84816	0.00478
7	0.10312	0.01314	0.01624	0.07885	0.26424	0.11699	0.05572	0.09581	0.09035	0.08280	0.02646	0.01342	0.00952	0.00538	0.00493	0.00156	0.00604	0.00457	0.00352	0.00736
8	0.01440	0.01404	0.09031	0.09690	0.12648	0.02844	0.14644	0.22531	0.14054	0.04620	0.01256	0.01386	0.00930	0.00551	0.00527	0.00163	0.00631	0.00497	0.00376	0.00776
9	0.01039	0.00975	0.01584	0.29846	0.14126	0.00995	0.10453	0.01370	0.03570	0.01518	0.01224	0.08649	0.02399	0.00584	0.00509	0.00151	0.00575	0.00547	0.00289	0.19599
10	0.00891	0.00446	0.00668	0.00668	0.00668	0.00446	0.00446	0.00668	0.00668	0.00891	0.00891	0.01560	0.00891	0.01783	0.02005	0.85071	0.00446	0.00446	0.00223	0.00223
11	0.01413	0.66328	0.02534	0.01010	0.01431	0.09821	0.05719	0.01635	0.03695	0.01272	0.00789	0.00906	0.00697	0.00456	0.00367	0.00118	0.00602	0.00311	0.00237	0.00659
12	0.85592	0.00992	0.00754	0.00675	0.00992	0.01151	0.00556	0.01508	0.00873	0.02302	0.00714	0.00834	0.00556	0.00476	0.00318	0.00159	0.00397	0.00278	0.00318	0.00556
13	0.08323	0.01384	0.01480	0.04112	0.01618	0.01541	0.00960	0.68439	0.02243	0.03091	0.01180	0.01206	0.00841	0.00601	0.00498	0.00155	0.00556	0.00448	0.00488	0.00837
14	0.01590	0.05984	0.01383	0.01067	0.01323	0.09089	0.00858	0.32071	0.04049	0.07435	0.01100	0.01291	0.00868	0.00881	0.00957	0.17982	0.10594	0.00440	0.00383	0.00655
15	0.00829	0.00718	0.00983	0.00960	0.00977	0.00881	0.00727	0.00923	0.00894	0.01266	0.01917	0.46182	0.02244	0.04762	0.01149	0.00227	0.32497	0.01026	0.00369	0.00470
16	0.00891	0.00866	0.01582	0.01234	0.01522	0.00798	0.30945	0.01177	0.01264	0.01690	0.25016	0.05906	0.20517	0.00895	0.00611	0.00173	0.00505	0.03441	0.00416	0.00552
17	0.00629	0.00465	0.00589	0.00687	0.00746	0.00426	0.00473	0.00731	0.01024	0.01332	0.03262	0.64827	0.17263	0.01544	0.00648	0.00203	0.00297	0.03958	0.00476	0.00422
18	0.85592	0.00992	0.00754	0.00675	0.00992	0.01151	0.00556	0.01508	0.00873	0.02302	0.00714	0.00834	0.00556	0.00476	0.00318	0.00159	0.00397	0.00278	0.00318	0.00556
19	0.01319	0.01124	0.01184	0.01053	0.01351	0.01296	0.00823	0.07450	0.73046	0.02216	0.02034	0.01871	0.01522	0.00691	0.00522	0.00173	0.00416	0.00573	0.00522	0.00816
20	0.00780	0.00557	0.00772	0.00888	0.00986	0.00550	0.00742	0.00983	0.01142	0.01495	0.04140	0.22709	0.03086	0.01453	0.00695	0.00229	0.00429	0.57428	0.00475	0.00460
21	0.00733	0.00550	0.00825	0.00825	0.00916	0.00641	0.00641	0.00916	0.00825	0.01191	0.01374	0.02016	0.01283	0.03848	0.79934	0.00825	0.01374	0.00550	0.00275	0.00458
22	0.01704	0.01260	0.01383	0.01159	0.03476	0.01397	0.00912	0.41048	0.30985	0.08670	0.01612	0.01532	0.01166	0.00644	0.00517	0.00162	0.00496	0.00511	0.00519	0.00848
23	0.00734	0.00547	0.00811	0.00811	0.00898	0.00634	0.00625	0.00908	0.00821	0.01181	0.01387	0.02084	0.01313	0.07837	0.75986	0.00808	0.01330	0.00560	0.00277	0.00451
24	0.01372	0.82276	0.02689	0.00878	0.01317	0.02030	0.00878	0.01536	0.01043	0.01207	0.00713	0.00823	0.00658	0.00439	0.00329	0.00110	0.00549	0.00274	0.00219	0.00658
25	0.00617	0.00515	0.00539	0.00544	0.00703	0.00436	0.00404	0.00754	0.01179	0.01435	0.10938	0.10271	0.67303	0.01301	0.00610	0.00175	0.00261	0.01097	0.00484	0.00436
26	0.00709	0.00485	0.00568	0.00599	0.00613	0.00474	0.00357	0.00737	0.00824	0.01093	0.02071	0.24000	0.05168	0.57785	0.02021	0.00409	0.00436	0.00946	0.00361	0.00343
27	0.02226	0.00903	0.01203	0.00933	0.01321	0.00808	0.00772	0.07721	0.01525	0.71062	0.01992	0.01850	0.01300	0.00661	0.00522	0.00161	0.00447	0.03110	0.00621	0.00859
28	0.05840	0.00918	0.01197	0.00922	0.01316	0.00830	0.00761	0.07729	0.01510	0.70471	0.01912	0.01671	0.01211	0.00627	0.00507	0.00158	0.00444	0.00502	0.00613	0.00860
29	0.01268	0.01058	0.01326	0.03223	0.01486	0.03634	0.08282	0.18393	0.21804	0.02059	0.01912	0.02948	0.01734	0.00968	0.02774	0.00207	0.00558	0.25231	0.00455	0.00679
30	0.01033	0.00879	0.01031	0.00757	0.01183	0.00665	0.00599	0.01251	0.01058	0.01646	0.01047	0.06760	0.00946	0.00467	0.00399	0.00085	0.00374	0.00386	0.00316	0.79117
31	0.00956	0.00478	0.00478	0.00478	0.00598	0.00478	0.00359	0.01196	0.01076	0.01913	0.01674	0.01913	0.01315	0.00598	0.00359	0.00120	0.00239	0.00478	0.84816	0.00478
32	0.00956	0.00478	0.00478	0.00478	0.00598	0.00478	0.00359	0.01196	0.01076	0.01913	0.01674	0.01913	0.01315	0.00598	0.00359	0.00120	0.00239	0.00478	0.84816	0.00478
33	0.01323	0.01273	0.07432	0.01442	0.01894	0.01130	0.29672	0.06410	0.16616	0.09038	0.01361	0.01541	0.01026	0.00533	0.00530	0.00155	0.00614	0.02272	0.00372	0.15365
34	0.03816	0.05345	0.34220	0.01281	0.04438	0.01138	0.03750	0.09103	0.01294	0.22937	0.01261	0.01363	0.00895	0.03590	0.00608	0.00173	0.03207	0.00443	0.00369	0.00767
35	0.00968	0.00881	0.01464	0.75060	0.03326	0.01093	0.01350	0.01303	0.01030	0.01354	0.00966	0.01407	0.00729	0.00519	0.00502	0.00167	0.00653	0.00458	0.06208	0.00564
36	0.00687	0.00474	0.00619	0.00697	0.00756	0.00438	0.00477	0.00800	0.01064	0.03550	0.13145	0.63130	0.07443	0.03282	0.00685	0.00205	0.00296	0.01325	0.00489	0.00437
37	0.03666	0.01291	0.01510	0.16787	0.25994	0.17597	0.01155	0.04033	0.03907	0.06078	0.01272	0.12042	0.01151	0.00662	0.00515	0.00161	0.00624	0.00568	0.00323	0.00666
38	0.00946	0.00480	0.00488	0.00486	0.00605	0.00479	0.00364	0.01185	0.01093	0.01919	0.05111	0.01999	0.01473	0.00618	0.00370	0.00121	0.00239	0.00498	0.81046	0.00479
39	0.01612	0.01824	0.01750	0.02066	0.32583	0.39342	0.03681	0.05227	0.04226	0.01559	0.00938	0.01129	0.00769	0.00507	0.00490	0.00144	0.00761	0.00405	0.00281	0.00706
40	0.01534	0.01577	0.01632	0.06344	0.07156	0.27777	0.07701	0.08366	0.03088	0.06276	0.00971	0.01202	0.00785	0.00736	0.03558	0.00190	0.19717	0.00436	0.00303	0.00651
41	0.01022	0.00623	0.00566	0.00544	0.00688	0.05535	0.00410	0.01254	0.01100	0.01860	0.01584	0.01812	0.01249	0.00584	0.00366	0.00118	0.00289	0.00461	0.75661	0.04272
42	0.28942	0.01116	0.01289	0.06528	0.01469	0.06158	0.09920	0.13345	0.01180	0.01924	0.01006	0.01419	0.00868	0.10987	0.05864	0.00249	0.06375	0.00450	0.00322	0.00589
43	0.04866	0.01300	0.04785	0.09956	0.53365	0.06195	0.03395	0.01560	0.01145	0.01629	0.00930	0.01222	0.00767	0.00475	0.00521	0.00152	0.02521	0.00435	0.00255	0.04526
44	0.01043	0.00878	0.00967	0.00795	0.01117	0.05651	0.00614	0.01235	0.01105	0.04284	0.04372	0.18898	0.01593	0.00735	0.00472	0.00121	0.00398	0.03826	0.00368	0.51528
45	0.00778	0.00630	0.00716	0.00730	0.00836	0.05520	0.00541	0.00965	0.01285	0.01724	0.42641	0.25785	0.06786	0.01216	0.00620	0.00180	0.00323	0.07745	0.00509	0.00469
46	0.00731	0.00634	0.00669	0.03253	0.00883	0.05514	0.00521	0.00872	0.01153	0.01431	0.11951	0.29917	0.34593	0.01305	0.00615	0.00184	0.00336	0.04525	0.00464	0.00450

[dist]
# distance from previous block
# <min> <max>
0	8

[block]
# block no. 4 follows, 48 sequences, length 6
# corresponding to MSA columns:
# 1105-1110
name=unknown_E
#
# <colnr> <probs for GDERKNQSTAVLIFYWHMCP>
#	G	D	E	R	K	N	Q	S	T	A	V	L	I	F	Y	W	H	M	C	P
0	0.08417	0.30049	0.01919	0.01235	0.07344	0.07910	0.08393	0.03267	0.01078	0.01449	0.01079	0.11530	0.01059	0.00780	0.03447	0.00178	0.09457	0.00514	0.00281	0.00616
1	0.01147	0.00961	0.01161	0.00907	0.01240	0.07208	0.07864	0.01357	0.01171	0.08185	0.11487	0.04110	0.05409	0.07594	0.00660	0.00153	0.00460	0.00543	0.00373	0.38011
2	0.08541	0.08332	0.13360	0.15713	0.02065	0.05263	0.11672	0.10641	0.04138	0.03483	0.00968	0.01195	0.00746	0.00562	0.00640	0.00167	0.11114	0.00434	0.00294	0.00674
3	0.01049	0.01142	0.04702	0.11798	0.08573	0.07048	0.26311	0.01353	0.01208	0.01580	0.13178	0.09659	0.08643	0.00737	0.00574	0.00169	0.00618	0.00717	0.00340	0.00601
4	0.19826	0.07344	0.01312	0.25159	0.01908	0.07614	0.00925	0.07898	0.01209	0.05690	0.07590	0.01362	0.01062	0.00549	0.00447	0.00148	0.00541	0.00422	0.00331	0.08662
5	0.00980	0.00762	0.04724	0.00859	0.01040	0.00699	0.00693	0.01421	0.16328	0.09048	0.14509	0.28973	0.02789	0.01248	0.03550	0.00214	0.00409	0.10685	0.00494	0.00575

[dist]
# distance from previous block
# <min> <max>
0	3

[block]
# block no. 5 follows, 48 sequences, length 7
# corresponding to MSA columns:
# 1114-1120
name=unknown_F
#
# <colnr> <probs for GDERKNQSTAVLIFYWHMCP>
#	G	D	E	R	K	N	Q	S	T	A	V	L	I	F	Y	W	H	M	C	P
0	0.00989	0.00570	0.00728	0.00684	0.00770	0.00575	0.00466	0.01068	0.00881	0.13421	0.01619	0.02756	0.01621	0.48925	0.22234	0.00528	0.00714	0.00659	0.00353	0.00438
1	0.01636	0.01229	0.01332	0.01086	0.01417	0.01357	0.00871	0.53489	0.13830	0.02761	0.01617	0.14073	0.01379	0.00785	0.00537	0.00166	0.00498	0.00638	0.00509	0.00791
2	0.01369	0.45202	0.20408	0.01157	0.01672	0.01712	0.06792	0.13223	0.01276	0.01650	0.00866	0.00989	0.00698	0.00477	0.00415	0.00134	0.00624	0.00352	0.00267	0.00717
3	0.00699	0.00517	0.00753	0.00790	0.00862	0.00571	0.00590	0.00853	0.00874	0.01228	0.01829	0.26917	0.01943	0.03147	0.55138	0.00632	0.01038	0.00834	0.00338	0.00445
4	0.01897	0.01411	0.01510	0.01170	0.01571	0.01566	0.00962	0.71147	0.08409	0.03147	0.01300	0.01286	0.00928	0.00622	0.00514	0.00156	0.00552	0.00471	0.00514	0.00868
5	0.01567	0.01355	0.01616	0.10030	0.01791	0.14476	0.08591	0.13370	0.03668	0.13961	0.01099	0.01282	0.00835	0.00656	0.00843	0.00175	0.23183	0.00462	0.00354	0.00686
6	0.02985	0.03992	0.01084	0.02794	0.01180	0.02905	0.02232	0.16922	0.01432	0.01996	0.18261	0.14477	0.03778	0.00854	0.00526	0.00152	0.00412	0.04480	0.03165	0.16371

[dist]
# distance from previous block
# <min> <max>
0	11

[block]
# block no. 6 follows, 48 sequences, length 9
# corresponding to MSA columns:
# 1137-1145
name=unknown_G
#
# <colnr> <probs for GDERKNQSTAVLIFYWHMCP>
#	G	D	E	R	K	N	Q	S	T	A	V	L	I	F	Y	W	H	M	C	P
0	0.00791	0.00657	0.00995	0.00894	0.01049	0.00634	0.10861	0.01070	0.06549	0.01613	0.24616	0.27149	0.09488	0.06084	0.04925	0.00234	0.00432	0.01005	0.00455	0.00499
1	0.04008	0.01088	0.05645	0.15192	0.03565	0.01037	0.15065	0.07489	0.08542	0.14287	0.01573	0.01841	0.04290	0.00620	0.00522	0.00164	0.00564	0.04296	0.06717	0.03497
2	0.00898	0.00473	0.00499	0.00520	0.00623	0.00467	0.00379	0.01111	0.01060	0.01807	0.01876	0.15893	0.01680	0.00775	0.00411	0.00135	0.00249	0.00650	0.70026	0.00467
3	0.01157	0.00909	0.01073	0.00771	0.01223	0.00689	0.00619	0.01383	0.01094	0.07476	0.00995	0.01115	0.00798	0.00399	0.00390	0.00082	0.00384	0.00320	0.00329	0.78792
4	0.01303	0.00989	0.01417	0.01190	0.01331	0.01217	0.04770	0.06207	0.01038	0.15031	0.01114	0.01443	0.00926	0.01442	0.18088	0.00334	0.40721	0.00491	0.00327	0.00620
5	0.00898	0.00473	0.00499	0.00520	0.00623	0.00467	0.00379	0.01111	0.01060	0.01807	0.01876	0.15893	0.01680	0.00775	0.00411	0.00135	0.00249	0.00650	0.70026	0.00467
6	0.30381	0.01077	0.01264	0.11907	0.07461	0.03146	0.03880	0.08208	0.01146	0.06687	0.00934	0.01110	0.00718	0.00507	0.00487	0.00148	0.04779	0.00375	0.00326	0.15458
7	0.01505	0.01140	0.01259	0.14995	0.01684	0.11723	0.00913	0.10169	0.11791	0.18681	0.12623	0.01812	0.01569	0.00765	0.02704	0.00180	0.04810	0.00540	0.00443	0.00690
8	0.01007	0.00923	0.01338	0.25204	0.01960	0.04206	0.09978	0.05647	0.05070	0.01609	0.12338	0.12871	0.06502	0.03506	0.00656	0.00182	0.02640	0.00720	0.00365	0.03278

[dist]
# distance from previous block
# <min> <max>
0	15

[block]
# block no. 7 follows, 48 sequences, length 10
# corresponding to MSA columns:
# 1161-1170
name=unknown_H
#
# <colnr> <probs for GDERKNQSTAVLIFYWHMCP>
#	G	D	E	R	K	N	Q	S	T	A	V	L	I	F	Y	W	H	M	C	P
0	0.01619	0.60627	0.02290	0.00887	0.01315	0.01691	0.00845	0.01793	0.01156	0.21929	0.01062	0.01069	0.00821	0.00491	0.00379	0.00123	0.00519	0.00339	0.00330	0.00716
1	0.00967	0.00725	0.00905	0.00872	0.01011	0.02335	0.00663	0.03340	0.15132	0.05733	0.01799	0.17477	0.01729	0.05723	0.36164	0.00485	0.03277	0.00729	0.00386	0.00549
2	0.01111	0.01082	0.01473	0.01233	0.01322	0.01399	0.01022	0.01246	0.00840	0.01320	0.00720	0.01111	0.00690	0.00797	0.01430	0.00196	0.65320	0.00421	0.00240	0.17028
3	0.00757	0.00501	0.00578	0.00571	0.00603	0.00493	0.00348	0.00821	0.00907	0.01267	0.16595	0.03347	0.02406	0.60415	0.02060	0.00405	0.00429	0.00763	0.06375	0.00357
4	0.00672	0.00516	0.00616	0.00605	0.00737	0.00459	0.00448	0.00859	0.01304	0.01739	0.44284	0.11320	0.32196	0.01193	0.00610	0.00170	0.00254	0.01034	0.00524	0.00459
5	0.01235	0.01227	0.02224	0.09064	0.58026	0.01228	0.16235	0.01567	0.01165	0.01641	0.00975	0.01300	0.00796	0.00457	0.00527	0.00158	0.00665	0.00486	0.00253	0.00770
6	0.01213	0.00983	0.01227	0.16401	0.01723	0.00901	0.00823	0.11824	0.01258	0.04651	0.00997	0.01171	0.00779	0.00448	0.00429	0.00108	0.00467	0.00363	0.00330	0.53902
7	0.00779	0.00555	0.00694	0.00753	0.00820	0.00549	0.00526	0.07689	0.01094	0.01458	0.02502	0.57204	0.02912	0.12947	0.00925	0.00247	0.00364	0.07080	0.00456	0.00448
8	0.03673	0.02993	0.08419	0.01069	0.01482	0.04006	0.00933	0.26345	0.16528	0.19224	0.01476	0.01420	0.01045	0.00592	0.00491	0.00151	0.00515	0.00462	0.00476	0.08704
9	0.03815	0.01181	0.07284	0.01032	0.01294	0.08174	0.02850	0.20970	0.05337	0.03968	0.03211	0.19039	0.02903	0.03230	0.10925	0.00264	0.02782	0.00705	0.00407	0.00630

[dist]
# distance from previous block
# <min> <max>
4	652

# created by:
# /home/cegg/simao/soft/augustus-3.2.1/scripts/msa2prfl.pl ./align_prep/EOG091G054P.fa
