[name]
unknown

[dist]
# distance from previous block
# <min> <max>
2	183

[block]
# block no. 0 follows, 47 sequences, length 15
# corresponding to MSA columns:
# 197-211
name=unknown_A
#
# <colnr> <probs for GDERKNQSTAVLIFYWHMCP>
#	G	D	E	R	K	N	Q	S	T	A	V	L	I	F	Y	W	H	M	C	P
0	0.02655	0.03935	0.04599	0.06982	0.18183	0.04284	0.03099	0.07439	0.01338	0.09968	0.15854	0.01786	0.01631	0.00690	0.02447	0.00162	0.00535	0.00527	0.00385	0.13500
1	0.01288	0.01388	0.01571	0.04384	0.01498	0.16496	0.01126	0.01414	0.00937	0.01260	0.00716	0.01111	0.00682	0.00825	0.01427	0.00208	0.62425	0.00433	0.00236	0.00577
2	0.01157	0.01190	0.01878	0.01525	0.01626	0.01542	0.15561	0.01333	0.00880	0.01333	0.00754	0.01190	0.00704	0.00821	0.01500	0.00218	0.65472	0.00486	0.00235	0.00595
3	0.01156	0.01684	0.34745	0.01507	0.11635	0.01022	0.07684	0.04195	0.01243	0.08703	0.09534	0.06739	0.06486	0.00689	0.00542	0.00167	0.00606	0.00603	0.00348	0.00713
4	0.01394	0.01316	0.02391	0.10868	0.15067	0.01323	0.38650	0.16000	0.01443	0.04675	0.01100	0.01367	0.00821	0.00495	0.00567	0.00168	0.00741	0.00542	0.00322	0.00750
5	0.08149	0.01156	0.04346	0.26045	0.07936	0.03941	0.18170	0.03670	0.05631	0.04534	0.01246	0.05841	0.01052	0.02707	0.00593	0.00182	0.00655	0.03183	0.00315	0.00647
6	0.04141	0.09616	0.22977	0.01411	0.10555	0.06379	0.04093	0.06616	0.03320	0.07032	0.01128	0.01349	0.00891	0.01162	0.15615	0.00283	0.00802	0.00438	0.00304	0.01888
7	0.00759	0.00535	0.00690	0.00710	0.00812	0.00507	0.00509	0.00945	0.03043	0.04064	0.24666	0.36168	0.09501	0.04286	0.08147	0.00258	0.00402	0.01102	0.00487	0.02409
8	0.00965	0.00499	0.00549	0.00562	0.00677	0.00486	0.00412	0.01172	0.01091	0.05763	0.01981	0.19811	0.01807	0.00839	0.00440	0.00144	0.00266	0.00711	0.61332	0.00492
9	0.01089	0.06409	0.06179	0.04021	0.03183	0.00961	0.03297	0.02698	0.12220	0.07336	0.17273	0.06679	0.03704	0.05145	0.06884	0.00242	0.06084	0.04434	0.00420	0.01743
10	0.01416	0.01259	0.01247	0.01165	0.03838	0.11709	0.00901	0.16664	0.33972	0.02136	0.03560	0.02448	0.01648	0.00808	0.00558	0.00178	0.00530	0.14754	0.00476	0.00733
11	0.00938	0.00855	0.01423	0.65223	0.03079	0.01060	0.01294	0.01254	0.01002	0.01307	0.01015	0.01514	0.00810	0.01168	0.15649	0.00300	0.00828	0.00481	0.00240	0.00557
12	0.01384	0.00797	0.01007	0.00795	0.01137	0.00655	0.00630	0.01596	0.01281	0.26741	0.16230	0.08726	0.01961	0.00706	0.00498	0.00132	0.00370	0.00600	0.00483	0.34269
13	0.01165	0.01064	0.05521	0.04191	0.36988	0.00974	0.03113	0.03809	0.02813	0.06499	0.03527	0.19334	0.04015	0.00787	0.00552	0.00168	0.00519	0.00723	0.00361	0.03879
14	0.00723	0.00538	0.00792	0.00816	0.00897	0.00607	0.00619	0.00891	0.00868	0.01232	0.01677	0.17212	0.01712	0.03471	0.64533	0.00717	0.01186	0.00734	0.00318	0.00457

[dist]
# distance from previous block
# <min> <max>
0	1

[block]
# block no. 1 follows, 47 sequences, length 10
# corresponding to MSA columns:
# 213-222
name=unknown_B
#
# <colnr> <probs for GDERKNQSTAVLIFYWHMCP>
#	G	D	E	R	K	N	Q	S	T	A	V	L	I	F	Y	W	H	M	C	P
0	0.01004	0.00926	0.01460	0.63623	0.03090	0.01059	0.01271	0.01326	0.01049	0.01408	0.00926	0.01323	0.00710	0.00492	0.00492	0.00153	0.00629	0.00430	0.00248	0.18380
1	0.18969	0.06418	0.28844	0.07011	0.03940	0.05974	0.18516	0.01626	0.01102	0.01731	0.00898	0.01116	0.00677	0.00480	0.00477	0.00162	0.00706	0.00414	0.00256	0.00683
2	0.54128	0.00911	0.00830	0.00721	0.01017	0.00990	0.00583	0.04320	0.01127	0.08634	0.17217	0.01590	0.01563	0.00621	0.00411	0.00158	0.00379	0.00449	0.00409	0.03941
3	0.03379	0.00997	0.01588	0.50113	0.11884	0.01240	0.01347	0.01333	0.00993	0.01374	0.00875	0.01314	0.00710	0.00631	0.00808	0.02552	0.17574	0.00456	0.00236	0.00596
4	0.01310	0.01208	0.03772	0.20418	0.21164	0.03924	0.06267	0.17292	0.01364	0.01827	0.01150	0.01442	0.03520	0.00681	0.00721	0.07187	0.05269	0.00489	0.00310	0.00684
5	0.00998	0.08340	0.29010	0.05457	0.01606	0.00946	0.01121	0.01323	0.01071	0.03712	0.01495	0.23875	0.01491	0.00798	0.00511	0.00157	0.00533	0.00680	0.00324	0.16550
6	0.01171	0.01056	0.01463	0.21261	0.19171	0.01121	0.01109	0.01840	0.25203	0.01759	0.01314	0.01476	0.01022	0.00538	0.00494	0.00150	0.00523	0.00470	0.00348	0.18512
7	0.19820	0.00993	0.01165	0.00914	0.01302	0.00971	0.00755	0.12864	0.01499	0.51932	0.01660	0.01503	0.01079	0.00608	0.00481	0.00160	0.00453	0.00465	0.00559	0.00818
8	0.00769	0.00573	0.00720	0.00676	0.00814	0.00544	0.00509	0.01093	0.06749	0.02055	0.68673	0.03819	0.08916	0.01054	0.00608	0.00165	0.00258	0.00926	0.00565	0.00512
9	0.01249	0.01245	0.02267	0.09933	0.55726	0.01247	0.17413	0.01589	0.01182	0.01661	0.00990	0.01322	0.00806	0.00464	0.00537	0.00161	0.00680	0.00496	0.00257	0.00777

[dist]
# distance from previous block
# <min> <max>
0	3

[block]
# block no. 2 follows, 47 sequences, length 19
# corresponding to MSA columns:
# 230-248
name=unknown_C
#
# <colnr> <probs for GDERKNQSTAVLIFYWHMCP>
#	G	D	E	R	K	N	Q	S	T	A	V	L	I	F	Y	W	H	M	C	P
0	0.00767	0.00564	0.00722	0.00677	0.00809	0.00534	0.00509	0.01078	0.05552	0.02093	0.74096	0.03786	0.04735	0.01045	0.00610	0.00164	0.00255	0.00923	0.00571	0.00509
1	0.00745	0.00554	0.00818	0.00818	0.00905	0.00641	0.00628	0.00918	0.00831	0.01195	0.01412	0.02139	0.01342	0.09245	0.74351	0.00814	0.01334	0.00572	0.00281	0.00455
2	0.01350	0.01146	0.01209	0.01071	0.01375	0.01321	0.00838	0.08718	0.71468	0.02267	0.02050	0.01887	0.01533	0.00700	0.00529	0.00175	0.00425	0.00579	0.00529	0.00829
3	0.00690	0.00530	0.00631	0.00606	0.00749	0.00471	0.00455	0.00892	0.01364	0.01826	0.50151	0.04321	0.33101	0.01162	0.00615	0.00168	0.00253	0.01002	0.00539	0.00471
4	0.07012	0.01990	0.01315	0.01188	0.01458	0.56270	0.00907	0.02011	0.04364	0.08537	0.03667	0.01382	0.01015	0.00607	0.00480	0.00145	0.00778	0.03497	0.02753	0.00623
5	0.01302	0.18816	0.01817	0.01323	0.06964	0.11074	0.11475	0.11368	0.01296	0.01628	0.01406	0.21311	0.01426	0.00809	0.00596	0.00165	0.05562	0.00685	0.00342	0.00637
6	0.01045	0.02694	0.79000	0.01484	0.02254	0.01209	0.01924	0.01649	0.01099	0.01649	0.00935	0.01099	0.00660	0.00495	0.00495	0.00165	0.00770	0.00385	0.00220	0.00770
7	0.01980	0.01459	0.01563	0.01198	0.01615	0.01615	0.00990	0.76713	0.02448	0.03282	0.01250	0.01250	0.00886	0.00625	0.00521	0.00156	0.00573	0.00469	0.00521	0.00886
8	0.01146	0.01026	0.01592	0.20628	0.15313	0.04042	0.12467	0.01518	0.06425	0.05623	0.07205	0.06201	0.06121	0.00666	0.00541	0.00164	0.00573	0.00618	0.03869	0.04264
9	0.00921	0.00806	0.01146	0.01047	0.01097	0.01050	0.00842	0.01069	0.00822	0.01237	0.01104	0.01708	0.01060	0.05829	0.40746	0.00542	0.35736	0.00520	0.02212	0.00505
10	0.00634	0.00456	0.00601	0.00717	0.00753	0.00424	0.00480	0.00726	0.01005	0.01333	0.02973	0.78083	0.06654	0.01618	0.00663	0.00210	0.00300	0.01464	0.00483	0.00424
11	0.00659	0.00480	0.00614	0.00699	0.00759	0.00445	0.00484	0.00771	0.01060	0.01400	0.09643	0.56930	0.12661	0.05828	0.00764	0.00220	0.00313	0.05360	0.00482	0.00428
12	0.00694	0.00529	0.00618	0.00596	0.00741	0.00470	0.00447	0.00892	0.01341	0.01798	0.44990	0.04291	0.35464	0.01155	0.00606	0.00167	0.00253	0.00992	0.03488	0.00470
13	0.01193	0.01016	0.01802	0.06287	0.01814	0.01024	0.30757	0.07261	0.01200	0.06943	0.02825	0.03510	0.01209	0.12954	0.06714	0.00268	0.04046	0.00611	0.07954	0.00611
14	0.63595	0.01184	0.00961	0.11327	0.01425	0.11142	0.00737	0.01574	0.00982	0.02068	0.00762	0.00930	0.00595	0.00495	0.00367	0.00159	0.00510	0.00313	0.00303	0.00571
15	0.00743	0.00544	0.00700	0.00668	0.00791	0.00509	0.00498	0.01011	0.03611	0.02025	0.69352	0.08666	0.06721	0.01096	0.00615	0.00167	0.00254	0.00969	0.00564	0.00495
16	0.01161	0.00990	0.01205	0.00867	0.01329	0.00797	0.03877	0.07561	0.01199	0.01827	0.00958	0.01108	0.00782	0.00408	0.00407	0.00088	0.00422	0.00335	0.00324	0.74358
17	0.01969	0.03855	0.01626	0.01353	0.09312	0.01155	0.08182	0.22631	0.03629	0.38414	0.01587	0.01519	0.01071	0.00596	0.00525	0.00159	0.00541	0.00505	0.00518	0.00853
18	0.00700	0.00545	0.00641	0.00662	0.00785	0.00506	0.00479	0.00940	0.06437	0.01612	0.23306	0.29611	0.29237	0.01313	0.00625	0.00184	0.00282	0.01148	0.00510	0.00474

[dist]
# distance from previous block
# <min> <max>
0	1

[block]
# block no. 3 follows, 47 sequences, length 26
# corresponding to MSA columns:
# 250-261,265-278
name=unknown_D
#
# <colnr> <probs for GDERKNQSTAVLIFYWHMCP>
#	G	D	E	R	K	N	Q	S	T	A	V	L	I	F	Y	W	H	M	C	P
0	0.41983	0.04588	0.01332	0.04517	0.07564	0.22427	0.05672	0.01710	0.01119	0.03683	0.00828	0.00986	0.00655	0.00497	0.00410	0.00153	0.00615	0.00345	0.00299	0.00617
1	0.00964	0.00643	0.00769	0.00774	0.00901	0.03025	0.00560	0.04415	0.02826	0.10578	0.16208	0.47145	0.06541	0.01304	0.00622	0.00190	0.00341	0.01157	0.00514	0.00524
2	0.05640	0.04736	0.05335	0.13529	0.08751	0.04617	0.10484	0.04100	0.04279	0.03921	0.02358	0.02083	0.01228	0.03992	0.04222	0.00222	0.08409	0.11143	0.00323	0.00628
3	0.01440	0.11219	0.15921	0.04755	0.15495	0.08317	0.12234	0.04784	0.07723	0.10486	0.01163	0.01297	0.00872	0.00519	0.00502	0.00155	0.00666	0.00454	0.00326	0.01673
4	0.04840	0.11415	0.61067	0.01405	0.02090	0.04367	0.04610	0.01651	0.01105	0.01618	0.00901	0.01064	0.00662	0.00488	0.00473	0.00158	0.00741	0.00375	0.00228	0.00740
5	0.00674	0.00500	0.00633	0.00720	0.00784	0.00475	0.00494	0.00852	0.05095	0.01430	0.07857	0.65256	0.10251	0.01518	0.00650	0.00203	0.00301	0.01364	0.00492	0.00450
6	0.00988	0.01017	0.06811	0.15019	0.22875	0.02545	0.04430	0.01252	0.01161	0.01564	0.09632	0.05615	0.16152	0.00821	0.00615	0.03718	0.00522	0.01689	0.02969	0.00605
7	0.04617	0.01568	0.17855	0.08290	0.11112	0.09349	0.07666	0.05770	0.10024	0.07383	0.03258	0.01414	0.01000	0.00573	0.00559	0.00163	0.04206	0.00472	0.03998	0.00721
8	0.01174	0.00916	0.01253	0.05161	0.14070	0.00873	0.03556	0.04592	0.01328	0.01847	0.08771	0.39807	0.02793	0.03845	0.00785	0.00248	0.00514	0.03735	0.04045	0.00687
9	0.01216	0.00763	0.00841	0.00823	0.00933	0.00718	0.00559	0.03925	0.01215	0.05022	0.04691	0.12592	0.02215	0.31258	0.01417	0.00338	0.00484	0.04092	0.26301	0.00596
10	0.01810	0.01371	0.06735	0.07222	0.10778	0.03638	0.09208	0.10981	0.04728	0.21883	0.01951	0.05154	0.05447	0.00833	0.00649	0.00214	0.00649	0.00656	0.05205	0.00887
11	0.06364	0.01137	0.02933	0.21692	0.15020	0.01118	0.03508	0.03790	0.04664	0.01892	0.03399	0.16991	0.03505	0.00953	0.00654	0.00220	0.00614	0.02612	0.00436	0.08499
12	0.00759	0.00535	0.00721	0.00721	0.00780	0.00589	0.00513	0.00877	0.00818	0.01166	0.01500	0.02553	0.01525	0.32967	0.47288	0.00681	0.01011	0.00630	0.03958	0.00410
13	0.81630	0.00985	0.00757	0.00680	0.00988	0.01139	0.00553	0.01497	0.00881	0.02278	0.00766	0.00959	0.00623	0.04079	0.00425	0.00176	0.00407	0.00303	0.00322	0.00553
14	0.01365	0.25193	0.11331	0.03447	0.08550	0.03982	0.01026	0.06805	0.08572	0.09441	0.08154	0.04058	0.03249	0.00629	0.00474	0.00148	0.00536	0.00501	0.00367	0.02174
15	0.00670	0.00524	0.00609	0.00615	0.00752	0.00463	0.00459	0.00842	0.01265	0.01643	0.30389	0.13700	0.40389	0.01272	0.00625	0.00179	0.00272	0.04359	0.00515	0.00458
16	0.01086	0.05400	0.18974	0.04245	0.14360	0.03446	0.11404	0.01509	0.06912	0.01630	0.05370	0.14715	0.01489	0.00731	0.00568	0.00170	0.02592	0.00657	0.04075	0.00668
17	0.01297	0.07580	0.18876	0.03940	0.10192	0.01289	0.08543	0.17833	0.05166	0.01971	0.04556	0.01497	0.01074	0.04181	0.02528	0.00191	0.04203	0.00491	0.03869	0.00723
18	0.00858	0.00591	0.00730	0.00715	0.00825	0.00615	0.00530	0.04308	0.01070	0.03684	0.05761	0.16111	0.14582	0.10849	0.19339	0.00366	0.04122	0.00823	0.13644	0.00476
19	0.01187	0.01354	0.10493	0.19796	0.05455	0.10696	0.09599	0.05176	0.01241	0.03229	0.11533	0.01773	0.04339	0.00765	0.03131	0.00191	0.08544	0.00548	0.00319	0.00628
20	0.01073	0.00905	0.02897	0.04515	0.04239	0.06094	0.06242	0.04194	0.01256	0.07587	0.13387	0.11456	0.15197	0.04326	0.02664	0.00195	0.00479	0.02624	0.04085	0.06586
21	0.00730	0.00542	0.00688	0.00723	0.00816	0.00523	0.00518	0.00996	0.07297	0.01701	0.32407	0.41407	0.05773	0.01324	0.00634	0.00190	0.00291	0.02436	0.00522	0.00483
22	0.01361	0.28273	0.05920	0.01100	0.04560	0.03538	0.02803	0.07667	0.16590	0.03929	0.02645	0.01274	0.00998	0.00531	0.00454	0.00133	0.01639	0.00406	0.00346	0.15832
23	0.10822	0.24500	0.25424	0.01250	0.03264	0.09422	0.04584	0.07898	0.01206	0.01687	0.00858	0.01013	0.00682	0.00514	0.00500	0.00149	0.04905	0.00361	0.00265	0.00698
24	0.00868	0.00965	0.10881	0.00989	0.01191	0.04922	0.04183	0.01104	0.00917	0.01276	0.01305	0.01924	0.01201	0.08029	0.57043	0.00664	0.01212	0.00539	0.00273	0.00512
25	0.01194	0.06635	0.03633	0.00902	0.03323	0.00861	0.00731	0.04434	0.04377	0.07365	0.01406	0.05094	0.04412	0.00574	0.00446	0.00114	0.00423	0.03347	0.00363	0.50365

[dist]
# distance from previous block
# <min> <max>
0	32

[block]
# block no. 4 follows, 47 sequences, length 69
# corresponding to MSA columns:
# 311-315,319-326,343-398
name=unknown_E
#
# <colnr> <probs for GDERKNQSTAVLIFYWHMCP>
#	G	D	E	R	K	N	Q	S	T	A	V	L	I	F	Y	W	H	M	C	P
0	0.01059	0.06049	0.75774	0.01459	0.02215	0.01245	0.01880	0.01645	0.01098	0.01631	0.00926	0.01088	0.00660	0.00493	0.00488	0.00163	0.00761	0.00380	0.00220	0.00765
1	0.01314	0.08096	0.27534	0.01809	0.19499	0.01234	0.12075	0.03097	0.04332	0.09515	0.01112	0.01270	0.00829	0.00496	0.00502	0.00155	0.00660	0.00447	0.00301	0.05724
2	0.00756	0.00509	0.00591	0.00591	0.00599	0.00517	0.00344	0.00772	0.00764	0.01027	0.01620	0.03293	0.01843	0.75128	0.09152	0.00533	0.00580	0.00740	0.00312	0.00328
3	0.01272	0.01097	0.01134	0.01024	0.01303	0.03040	0.00794	0.02606	0.69136	0.02143	0.05422	0.02005	0.01704	0.00714	0.00525	0.00173	0.00410	0.00594	0.04112	0.00790
4	0.01108	0.19353	0.51411	0.01350	0.01988	0.01347	0.07294	0.01579	0.01120	0.01574	0.04538	0.01292	0.02799	0.00527	0.00478	0.00155	0.00696	0.00423	0.00247	0.00722
5	0.01112	0.00669	0.00848	0.00748	0.00943	0.00638	0.00579	0.04066	0.06998	0.15801	0.54588	0.03233	0.03801	0.00938	0.00583	0.00163	0.00304	0.00814	0.02575	0.00600
6	0.00811	0.00563	0.00811	0.00799	0.00890	0.00633	0.00604	0.00969	0.00851	0.04362	0.01460	0.02245	0.01393	0.15798	0.64488	0.00758	0.01218	0.00587	0.00300	0.00459
7	0.00875	0.00683	0.00966	0.00957	0.01953	0.00787	0.02136	0.00959	0.00932	0.03464	0.01953	0.43924	0.02220	0.01404	0.02474	0.08273	0.22237	0.01008	0.02325	0.00470
8	0.00730	0.00544	0.00651	0.00648	0.00793	0.00488	0.00499	0.00919	0.01296	0.03279	0.33504	0.06791	0.34773	0.02472	0.00659	0.00185	0.00293	0.10486	0.00519	0.00472
9	0.01258	0.01251	0.02127	0.06561	0.54270	0.03283	0.12800	0.01602	0.03233	0.01653	0.01058	0.03624	0.00900	0.00521	0.00578	0.00163	0.03564	0.00516	0.00270	0.00768
10	0.00752	0.00528	0.00684	0.00684	0.00724	0.00568	0.00460	0.00832	0.00792	0.01095	0.01535	0.02822	0.01639	0.48255	0.35746	0.00648	0.00887	0.00672	0.00300	0.00380
11	0.01336	0.09145	0.15014	0.04766	0.11044	0.01320	0.25859	0.08916	0.04288	0.06692	0.02143	0.02346	0.00945	0.00543	0.00558	0.00165	0.02223	0.01636	0.00319	0.00742
12	0.01229	0.04246	0.06632	0.27289	0.38399	0.05154	0.03198	0.03331	0.02635	0.01588	0.00972	0.01289	0.00775	0.00495	0.00510	0.00160	0.00666	0.00452	0.00258	0.00725
13	0.00638	0.00497	0.00576	0.00621	0.00729	0.00439	0.00439	0.00760	0.01126	0.01429	0.10938	0.36206	0.39051	0.03235	0.00681	0.00197	0.00283	0.01233	0.00488	0.00435
14	0.01221	0.01422	0.07595	0.01839	0.02298	0.04166	0.51846	0.03394	0.08055	0.01715	0.04313	0.01569	0.01055	0.02444	0.02632	0.00198	0.02647	0.00595	0.00304	0.00692
15	0.01864	0.01453	0.03405	0.04057	0.01631	0.07293	0.00984	0.56011	0.04198	0.07681	0.03439	0.01370	0.01025	0.00627	0.00516	0.00156	0.00580	0.00477	0.02406	0.00829
16	0.02319	0.00914	0.01226	0.00940	0.01343	0.00807	0.00776	0.06146	0.01537	0.75137	0.02015	0.01747	0.01269	0.00644	0.00524	0.00161	0.00449	0.00521	0.00639	0.00886
17	0.01134	0.01017	0.01603	0.64529	0.08927	0.01222	0.01399	0.11003	0.01232	0.01608	0.00971	0.01363	0.00728	0.00530	0.00520	0.00170	0.00673	0.00464	0.00270	0.00636
18	0.00994	0.00681	0.00894	0.05207	0.02822	0.00711	0.00650	0.01238	0.05957	0.10947	0.10972	0.07826	0.15493	0.12470	0.15932	0.00347	0.05136	0.00767	0.00421	0.00536
19	0.02119	0.00831	0.01131	0.00901	0.01256	0.00722	0.00729	0.02306	0.01427	0.68890	0.02159	0.11963	0.01565	0.00771	0.00542	0.00168	0.00425	0.00646	0.00624	0.00827
20	0.01289	0.01237	0.02114	0.03196	0.78450	0.01237	0.01598	0.01598	0.01186	0.01701	0.00980	0.01289	0.00825	0.00464	0.00516	0.00155	0.00619	0.00464	0.00258	0.00825
21	0.01165	0.01147	0.01773	0.44051	0.32662	0.06039	0.01473	0.01480	0.01120	0.01471	0.00935	0.01318	0.00744	0.00506	0.00536	0.00165	0.02041	0.00455	0.00244	0.00676
22	0.01203	0.01117	0.01766	0.07922	0.42919	0.02380	0.04342	0.05433	0.01161	0.01620	0.01149	0.03223	0.01058	0.07488	0.02969	0.00217	0.08913	0.04135	0.00288	0.00699
23	0.00799	0.00628	0.00875	0.01095	0.10801	0.00616	0.00712	0.01034	0.05582	0.01492	0.04141	0.45206	0.07487	0.01359	0.00645	0.00205	0.00381	0.15972	0.00458	0.00512
24	0.01379	0.71669	0.02650	0.01186	0.11210	0.01955	0.00982	0.01564	0.01074	0.01286	0.00757	0.00893	0.00688	0.00448	0.00357	0.00117	0.00565	0.00302	0.00227	0.00688
25	0.15152	0.15244	0.24157	0.01400	0.11465	0.13309	0.01235	0.01766	0.02729	0.07650	0.00963	0.01083	0.00736	0.00503	0.00442	0.00149	0.00648	0.00368	0.00289	0.00711
26	0.01084	0.01016	0.01623	0.21355	0.20316	0.01145	0.07619	0.01508	0.10844	0.01548	0.01356	0.10287	0.01237	0.00855	0.03868	0.00209	0.10415	0.02744	0.00315	0.00654
27	0.01816	0.01553	0.05355	0.01208	0.01600	0.12813	0.03110	0.48082	0.01995	0.07284	0.01217	0.01289	0.00894	0.00841	0.06422	0.00203	0.00694	0.00456	0.00447	0.02721
28	0.00826	0.00586	0.00657	0.00642	0.00683	0.00612	0.00394	0.01022	0.10588	0.01168	0.01692	0.03164	0.01830	0.68137	0.05537	0.00476	0.00530	0.00728	0.00341	0.00387
29	0.00793	0.00806	0.10710	0.00790	0.00924	0.00647	0.00653	0.00941	0.00845	0.01180	0.01515	0.02766	0.01586	0.42431	0.27606	0.00560	0.00830	0.03688	0.00298	0.00430
30	0.71559	0.01009	0.00853	0.00735	0.01072	0.01134	0.00606	0.04531	0.01023	0.12164	0.00915	0.00980	0.00669	0.00509	0.00356	0.00161	0.00415	0.00320	0.00371	0.00618
31	0.58052	0.01107	0.04148	0.00875	0.04107	0.01134	0.00708	0.07703	0.01081	0.05072	0.00861	0.00970	0.00657	0.00488	0.00368	0.00150	0.00439	0.00321	0.00342	0.11417
32	0.01026	0.03875	0.00968	0.00822	0.01030	0.00825	0.01781	0.18856	0.03246	0.01960	0.14545	0.20600	0.22637	0.01130	0.00596	0.00178	0.00377	0.04483	0.00494	0.00573
33	0.00719	0.00538	0.00678	0.00768	0.00832	0.00535	0.00527	0.00987	0.10794	0.01438	0.02774	0.71190	0.03207	0.01513	0.00647	0.00207	0.00316	0.01366	0.00489	0.00474
34	0.01119	0.01112	0.01591	0.11493	0.01651	0.01539	0.01179	0.01263	0.00829	0.01263	0.00715	0.01171	0.00685	0.00861	0.01557	0.00221	0.70495	0.00457	0.00228	0.00571
35	0.00803	0.00605	0.00728	0.00684	0.00835	0.00588	0.00517	0.01191	0.11158	0.02009	0.56226	0.03700	0.13468	0.01032	0.00593	0.00165	0.00269	0.00897	0.04003	0.00527
36	0.01225	0.00739	0.00769	0.00674	0.00868	0.00780	0.00525	0.20847	0.01433	0.02256	0.01580	0.01816	0.01239	0.03634	0.00490	0.00145	0.00338	0.00491	0.59568	0.00583
37	0.00730	0.00545	0.00807	0.00823	0.00908	0.00622	0.00629	0.00904	0.00857	0.01224	0.01584	0.12201	0.01576	0.03615	0.69523	0.00757	0.01255	0.00676	0.00305	0.00460
38	0.02119	0.01106	0.11152	0.00989	0.01430	0.00813	0.00905	0.02374	0.01440	0.66443	0.04379	0.01755	0.01326	0.00639	0.00523	0.00162	0.00479	0.00519	0.00588	0.00859
39	0.01107	0.00966	0.01212	0.01082	0.11121	0.00764	0.00743	0.01348	0.01093	0.01698	0.00933	0.01107	0.00778	0.00396	0.00402	0.00087	0.00416	0.00328	0.00302	0.74119
40	0.01045	0.02694	0.79000	0.01484	0.02254	0.01209	0.01924	0.01649	0.01099	0.01649	0.00935	0.01099	0.00660	0.00495	0.00495	0.00165	0.00770	0.00385	0.00220	0.00770
41	0.00732	0.00530	0.00714	0.02970	0.00858	0.00559	0.00541	0.00840	0.00896	0.01218	0.02013	0.27823	0.02256	0.26016	0.22611	0.00469	0.01787	0.06386	0.00367	0.00413
42	0.11842	0.02478	0.68983	0.01382	0.02094	0.01204	0.01750	0.01634	0.01072	0.01737	0.00908	0.01067	0.00647	0.00493	0.00473	0.00164	0.00723	0.00372	0.00233	0.00743
43	0.01491	0.01235	0.01265	0.01094	0.01414	0.04807	0.00861	0.16677	0.57205	0.05144	0.01895	0.01762	0.01405	0.00681	0.00525	0.00170	0.00467	0.00553	0.00521	0.00828
44	0.00801	0.00639	0.03691	0.00767	0.02283	0.00547	0.00584	0.01049	0.03368	0.04628	0.44233	0.21600	0.09777	0.01166	0.00616	0.00178	0.00304	0.02732	0.00526	0.00511
45	0.01378	0.04902	0.29383	0.01388	0.03278	0.01204	0.12802	0.08077	0.12854	0.13118	0.05375	0.01524	0.01158	0.00578	0.00525	0.00165	0.00630	0.00504	0.00379	0.00776
46	0.11935	0.23679	0.48596	0.01223	0.01849	0.01432	0.01474	0.01610	0.01061	0.01624	0.00851	0.00996	0.00650	0.00480	0.00430	0.00150	0.00666	0.00343	0.00234	0.00716
47	0.01294	0.01053	0.01124	0.01003	0.01276	0.01193	0.00780	0.11925	0.54822	0.02236	0.04233	0.08085	0.01723	0.00772	0.00531	0.00173	0.00408	0.00646	0.05954	0.00769
48	0.01056	0.00982	0.01597	0.58634	0.10471	0.01121	0.03511	0.03138	0.01099	0.01469	0.00942	0.01336	0.00724	0.00498	0.00506	0.00159	0.00650	0.00448	0.00252	0.11407
49	0.01186	0.06275	0.28420	0.14145	0.05215	0.01197	0.10073	0.03341	0.06452	0.06408	0.01208	0.04923	0.00953	0.00587	0.00555	0.00167	0.03577	0.00502	0.04111	0.00705
50	0.01203	0.01146	0.01911	0.02855	0.68495	0.01135	0.01444	0.01489	0.01186	0.01664	0.01530	0.01766	0.10737	0.00573	0.00528	0.00157	0.00573	0.00545	0.00287	0.00776
51	0.00633	0.00458	0.00599	0.00712	0.00752	0.00424	0.00478	0.00727	0.01009	0.01334	0.03026	0.76430	0.08272	0.01611	0.00662	0.00209	0.00300	0.01456	0.00483	0.00424
52	0.02611	0.01183	0.04885	0.15381	0.05227	0.07613	0.21611	0.03326	0.01207	0.06594	0.01800	0.08504	0.11225	0.00755	0.00619	0.01603	0.02471	0.02426	0.00339	0.00621
53	0.01347	0.17148	0.17001	0.01891	0.14819	0.01491	0.23432	0.01749	0.06242	0.01702	0.01149	0.01468	0.00943	0.00598	0.00632	0.00184	0.05480	0.01631	0.00307	0.00786
54	0.01234	0.01079	0.01636	0.68860	0.03377	0.01279	0.01425	0.11067	0.01299	0.01697	0.01089	0.01533	0.00835	0.00615	0.00572	0.00193	0.00716	0.00502	0.00311	0.00681
55	0.01194	0.11416	0.01826	0.49748	0.08002	0.01299	0.05671	0.03163	0.01182	0.01542	0.03365	0.03248	0.01082	0.02571	0.00614	0.00196	0.00686	0.02220	0.00306	0.00670
56	0.02591	0.00998	0.01497	0.26253	0.21203	0.01074	0.01193	0.01483	0.04089	0.06469	0.03629	0.13468	0.01563	0.03800	0.00742	0.00213	0.04931	0.03734	0.00378	0.00692
57	0.01260	0.15480	0.14245	0.01151	0.04346	0.02951	0.01944	0.04199	0.01175	0.07956	0.03260	0.03240	0.04148	0.03691	0.28039	0.00418	0.00905	0.00552	0.00358	0.00682
58	0.00805	0.00622	0.00704	0.00679	0.00837	0.00542	0.00500	0.00958	0.01402	0.01856	0.41098	0.04554	0.40879	0.01259	0.00665	0.00192	0.00300	0.01049	0.00565	0.00531
59	0.01544	0.01061	0.05249	0.04100	0.02656	0.05391	0.02567	0.03648	0.05831	0.26838	0.09221	0.18993	0.05148	0.01034	0.01719	0.00206	0.01518	0.02008	0.00535	0.00732
60	0.01299	0.01070	0.01504	0.16974	0.26181	0.02424	0.01139	0.06010	0.07887	0.04516	0.03038	0.02017	0.04432	0.08361	0.04721	0.01539	0.00633	0.00582	0.04949	0.00723
61	0.01302	0.01055	0.01637	0.41874	0.14054	0.01161	0.04332	0.01646	0.06385	0.09415	0.05182	0.01811	0.01214	0.03752	0.00692	0.00205	0.02648	0.00558	0.00362	0.00716
62	0.11993	0.00938	0.01069	0.03300	0.04188	0.00965	0.02772	0.04783	0.20220	0.06325	0.05529	0.13117	0.17709	0.00986	0.00589	0.00196	0.00433	0.00804	0.03396	0.00688
63	0.04262	0.02885	0.12907	0.20946	0.25772	0.10573	0.04860	0.03315	0.01264	0.01710	0.03091	0.02458	0.00991	0.00613	0.00579	0.00183	0.02028	0.00499	0.00308	0.00756
64	0.08146	0.01582	0.06080	0.14636	0.06940	0.23710	0.04696	0.06201	0.01356	0.04631	0.05107	0.01760	0.03761	0.06878	0.00735	0.00206	0.02010	0.00524	0.00359	0.00682
65	0.03378	0.06163	0.04824	0.09770	0.19993	0.17776	0.03843	0.01579	0.01258	0.02773	0.04474	0.12935	0.02665	0.00853	0.02062	0.00198	0.03768	0.00639	0.00351	0.00697
66	0.06176	0.21037	0.16828	0.02892	0.08128	0.05044	0.07435	0.01769	0.02479	0.11946	0.03373	0.01564	0.02388	0.02524	0.02444	0.00195	0.00664	0.00482	0.01872	0.00761
67	0.12874	0.06093	0.04557	0.12280	0.17255	0.01227	0.07542	0.03302	0.05811	0.01821	0.01232	0.04784	0.01070	0.03604	0.01789	0.00201	0.03680	0.00524	0.02410	0.07944
68	0.01282	0.10580	0.14344	0.01146	0.02308	0.02986	0.07237	0.09670	0.03315	0.03068	0.04898	0.06361	0.03168	0.03754	0.07632	0.00244	0.00650	0.00591	0.12602	0.04164

[dist]
# distance from previous block
# <min> <max>
0	595

# created by:
# /home/cegg/simao/soft/augustus-3.2.1/scripts/msa2prfl.pl ./align_prep/EOG091G0VIF.fa
