[name]
unknown

[dist]
# distance from previous block
# <min> <max>
0	73

[block]
# block no. 0 follows, 48 sequences, length 18
# corresponding to MSA columns:
# 73-90
name=unknown_A
#
# <colnr> <probs for GDERKNQSTAVLIFYWHMCP>
#	G	D	E	R	K	N	Q	S	T	A	V	L	I	F	Y	W	H	M	C	P
0	0.04509	0.01229	0.04152	0.04740	0.05567	0.06758	0.03275	0.18343	0.02992	0.25000	0.01375	0.01519	0.01009	0.00626	0.00603	0.00159	0.07402	0.03251	0.00439	0.07053
1	0.01346	0.08389	0.03690	0.01368	0.11221	0.12175	0.01015	0.08011	0.01181	0.03309	0.00951	0.01167	0.02166	0.00604	0.00783	0.00150	0.22682	0.00399	0.00289	0.19105
2	0.00730	0.00587	0.00863	0.22697	0.01523	0.00626	0.00748	0.00902	0.01026	0.01345	0.04486	0.49819	0.06863	0.01266	0.00614	0.00196	0.00408	0.04427	0.00410	0.00464
3	0.01154	0.05695	0.01466	0.24403	0.17332	0.02658	0.01078	0.10605	0.02714	0.03241	0.22304	0.01985	0.01899	0.00663	0.00526	0.00158	0.00521	0.00577	0.00373	0.00647
4	0.01031	0.00767	0.00862	0.00757	0.00951	0.00774	0.00577	0.21779	0.01544	0.02061	0.27160	0.07469	0.20810	0.10183	0.00810	0.00203	0.00367	0.00844	0.00496	0.00556
5	0.25185	0.00906	0.01071	0.00847	0.01223	0.00863	0.00700	0.02228	0.01305	0.58016	0.01664	0.01496	0.01074	0.00591	0.00461	0.00159	0.00426	0.00451	0.00548	0.00786
6	0.00866	0.00715	0.01056	0.01323	0.22190	0.00682	0.00776	0.01116	0.01351	0.01897	0.51109	0.03220	0.09855	0.00907	0.00579	0.00160	0.00345	0.00811	0.00472	0.00570
7	0.00917	0.00741	0.00832	0.00767	0.00963	0.00768	0.00587	0.03483	0.27017	0.01977	0.35457	0.03355	0.19157	0.00972	0.00575	0.00168	0.00309	0.00832	0.00531	0.00593
8	0.00956	0.00478	0.00478	0.00478	0.00598	0.00478	0.00359	0.01196	0.01076	0.01913	0.01674	0.01913	0.01315	0.00598	0.00359	0.00120	0.00239	0.00478	0.84816	0.00478
9	0.01707	0.01293	0.01409	0.01065	0.01488	0.01342	0.00874	0.56240	0.02042	0.02805	0.01144	0.01186	0.00842	0.00551	0.00477	0.00133	0.00514	0.00419	0.00456	0.24015
10	0.01586	0.01165	0.01280	0.01053	0.01359	0.01269	0.00838	0.56082	0.02020	0.02705	0.01670	0.23321	0.01565	0.00888	0.00552	0.00169	0.00491	0.00736	0.00503	0.00747
11	0.02023	0.02014	0.01382	0.01210	0.01510	0.58161	0.00926	0.02173	0.01458	0.22649	0.01131	0.01151	0.00828	0.00558	0.00477	0.00139	0.00791	0.00381	0.00366	0.00671
12	0.01110	0.01096	0.02094	0.02061	0.23090	0.01060	0.32914	0.01447	0.01190	0.01620	0.01532	0.02701	0.01454	0.00741	0.00610	0.00187	0.00675	0.23439	0.00323	0.00658
13	0.01739	0.02109	0.01627	0.01824	0.22791	0.58288	0.01152	0.01919	0.01376	0.01371	0.00840	0.01020	0.00703	0.00509	0.00475	0.00138	0.00839	0.00365	0.00262	0.00655
14	0.01052	0.00996	0.01688	0.59418	0.24204	0.01162	0.01466	0.01383	0.01065	0.01411	0.00927	0.01341	0.00719	0.00498	0.00512	0.00166	0.00664	0.00456	0.00235	0.00637
15	0.01951	0.01437	0.01540	0.01181	0.01591	0.01591	0.00975	0.77056	0.02412	0.03234	0.01232	0.01232	0.00873	0.00616	0.00513	0.00154	0.00565	0.00462	0.00513	0.00873
16	0.00799	0.00572	0.00788	0.00863	0.00982	0.00561	0.00733	0.01037	0.01256	0.01679	0.23536	0.05251	0.03472	0.01316	0.00680	0.00216	0.00409	0.54876	0.00498	0.00476
17	0.01103	0.02551	0.74768	0.01431	0.02168	0.01166	0.01829	0.01676	0.01106	0.06130	0.00985	0.01122	0.00686	0.00496	0.00489	0.00162	0.00740	0.00387	0.00241	0.00765

[dist]
# distance from previous block
# <min> <max>
0	3

[block]
# block no. 1 follows, 48 sequences, length 35
# corresponding to MSA columns:
# 94-105,111-133
name=unknown_B
#
# <colnr> <probs for GDERKNQSTAVLIFYWHMCP>
#	G	D	E	R	K	N	Q	S	T	A	V	L	I	F	Y	W	H	M	C	P
0	0.00707	0.00499	0.00563	0.00575	0.00633	0.00475	0.00367	0.00774	0.00920	0.01213	0.05378	0.12608	0.20914	0.44044	0.03998	0.00365	0.00421	0.00899	0.04277	0.00371
1	0.00675	0.00483	0.00635	0.00739	0.00785	0.00460	0.00508	0.03043	0.01035	0.01379	0.02775	0.75698	0.03297	0.01569	0.00653	0.00208	0.00314	0.04836	0.00477	0.00433
2	0.04533	0.01404	0.01460	0.01135	0.01532	0.06331	0.00931	0.59238	0.02169	0.14137	0.01304	0.01276	0.00908	0.00609	0.00505	0.00153	0.00563	0.00456	0.00510	0.00846
3	0.01270	0.01219	0.02083	0.03149	0.78767	0.01219	0.01575	0.01575	0.01168	0.01676	0.00965	0.01270	0.00813	0.00457	0.00508	0.00152	0.00610	0.00457	0.00254	0.00813
4	0.01132	0.01128	0.04121	0.36839	0.43795	0.01184	0.01519	0.01462	0.01104	0.01516	0.00941	0.01307	0.00752	0.00482	0.00510	0.00161	0.00646	0.00454	0.00242	0.00706
5	0.79699	0.01039	0.00807	0.02559	0.01079	0.03329	0.00596	0.02986	0.00923	0.02268	0.00731	0.00856	0.00568	0.00481	0.00330	0.00158	0.00421	0.00287	0.00318	0.00563
6	0.00741	0.00501	0.00586	0.00590	0.00600	0.00508	0.00348	0.00761	0.00762	0.01024	0.01636	0.05946	0.01863	0.71751	0.09897	0.00519	0.00574	0.00752	0.00313	0.00329
7	0.01608	0.09903	0.02781	0.06118	0.08070	0.33441	0.02521	0.12544	0.01417	0.05172	0.01043	0.03974	0.00882	0.02356	0.03986	0.00182	0.02593	0.00436	0.00317	0.00657
8	0.00726	0.00524	0.00686	0.00646	0.00767	0.00484	0.00484	0.00968	0.01452	0.02058	0.78496	0.03833	0.04841	0.01049	0.00605	0.00161	0.00242	0.00928	0.00565	0.00484
9	0.01092	0.01159	0.07120	0.43331	0.22065	0.01186	0.06826	0.01544	0.07694	0.01520	0.01036	0.01372	0.00797	0.00507	0.00517	0.00166	0.00659	0.00472	0.00261	0.00673
10	0.01951	0.01437	0.01540	0.01181	0.01591	0.01591	0.00975	0.77056	0.02412	0.03234	0.01232	0.01232	0.00873	0.00616	0.00513	0.00154	0.00565	0.00462	0.00513	0.00873
11	0.00744	0.00504	0.00595	0.00595	0.00607	0.00517	0.00355	0.00769	0.00757	0.01021	0.01584	0.03178	0.01788	0.71526	0.12946	0.00541	0.00615	0.00720	0.00306	0.00331
12	0.85592	0.00992	0.00754	0.00675	0.00992	0.01151	0.00556	0.01508	0.00873	0.02302	0.00714	0.00834	0.00556	0.00476	0.00318	0.00159	0.00397	0.00278	0.00318	0.00556
13	0.01439	0.01183	0.01252	0.01077	0.01396	0.01352	0.00852	0.20710	0.59590	0.02409	0.01881	0.01749	0.01398	0.00677	0.00520	0.00169	0.00444	0.00552	0.00520	0.00827
14	0.85592	0.00992	0.00754	0.00675	0.00992	0.01151	0.00556	0.01508	0.00873	0.02302	0.00714	0.00834	0.00556	0.00476	0.00318	0.00159	0.00397	0.00278	0.00318	0.00556
15	0.01480	0.28842	0.05218	0.01042	0.01419	0.09308	0.00915	0.10117	0.29316	0.05362	0.01348	0.01329	0.01041	0.00572	0.00448	0.00145	0.00540	0.00427	0.00385	0.00745
16	0.01179	0.01180	0.01844	0.07322	0.26090	0.03412	0.09291	0.01441	0.03072	0.01446	0.00887	0.01262	0.00775	0.00774	0.03853	0.00210	0.34579	0.00473	0.00249	0.00659
17	0.00741	0.00521	0.00672	0.00634	0.00755	0.00484	0.00476	0.00983	0.01428	0.02048	0.73407	0.03706	0.04608	0.01019	0.00589	0.00159	0.00242	0.00898	0.06146	0.00484
18	0.01270	0.01219	0.02083	0.03149	0.78767	0.01219	0.01575	0.01575	0.01168	0.01676	0.00965	0.01270	0.00813	0.00457	0.00508	0.00152	0.00610	0.00457	0.00254	0.00813
19	0.00624	0.00449	0.00593	0.00708	0.00742	0.00417	0.00473	0.00715	0.00989	0.01312	0.02911	0.78963	0.06010	0.01597	0.00653	0.00207	0.00296	0.01446	0.00476	0.00417
20	0.01064	0.00912	0.01064	0.00760	0.01216	0.00684	0.00608	0.01292	0.01064	0.01672	0.00912	0.01064	0.00760	0.00380	0.00380	0.00076	0.00380	0.00304	0.00304	0.85104
21	0.85592	0.00992	0.00754	0.00675	0.00992	0.01151	0.00556	0.01508	0.00873	0.02302	0.00714	0.00834	0.00556	0.00476	0.00318	0.00159	0.00397	0.00278	0.00318	0.00556
22	0.01263	0.01064	0.01139	0.00897	0.01282	0.05484	0.00716	0.11934	0.10875	0.03642	0.01278	0.04233	0.01084	0.00561	0.00450	0.00117	0.00443	0.04181	0.00380	0.48976
23	0.03849	0.00972	0.01218	0.00957	0.01339	0.00930	0.00783	0.11113	0.12004	0.58250	0.01914	0.01691	0.01250	0.00638	0.00512	0.00160	0.00446	0.00514	0.00599	0.00858
24	0.01224	0.00879	0.01086	0.00800	0.01212	0.00690	0.02671	0.01437	0.01121	0.13782	0.01330	0.01480	0.04615	0.04571	0.00531	0.00117	0.00402	0.00405	0.00363	0.61282
25	0.01349	0.77002	0.07764	0.00917	0.01377	0.01975	0.00945	0.01542	0.01045	0.01235	0.00727	0.00840	0.00658	0.00442	0.00340	0.00113	0.00563	0.00281	0.00219	0.00665
26	0.01159	0.01217	0.07026	0.27590	0.49888	0.01192	0.01549	0.01495	0.01118	0.01557	0.00945	0.01289	0.00761	0.00477	0.00508	0.00159	0.00643	0.00452	0.00243	0.00732
27	0.01064	0.00912	0.01064	0.00760	0.01216	0.00684	0.00608	0.01292	0.01064	0.01672	0.00912	0.01064	0.00760	0.00380	0.00380	0.00076	0.00380	0.00304	0.00304	0.85104
28	0.01917	0.02445	0.01454	0.01322	0.01586	0.79907	0.00991	0.02049	0.01454	0.01256	0.00793	0.00925	0.00661	0.00529	0.00463	0.00132	0.00925	0.00330	0.00264	0.00595
29	0.00771	0.00578	0.00645	0.00614	0.00763	0.02577	0.00462	0.00971	0.01327	0.03566	0.43771	0.03934	0.29446	0.01076	0.00581	0.00161	0.00270	0.00920	0.07088	0.00478
30	0.00733	0.00550	0.00825	0.00825	0.00916	0.00641	0.00641	0.00916	0.00825	0.01191	0.01374	0.02016	0.01283	0.03848	0.79934	0.00825	0.01374	0.00550	0.00275	0.00458
31	0.01342	0.48886	0.21224	0.01076	0.01570	0.01741	0.01145	0.10062	0.03023	0.01560	0.00854	0.00969	0.00703	0.00493	0.00442	0.00133	0.03476	0.00335	0.00259	0.00707
32	0.00746	0.00497	0.00560	0.00560	0.00560	0.00497	0.00311	0.00746	0.00746	0.00995	0.01617	0.03358	0.01865	0.81967	0.02612	0.00497	0.00497	0.00746	0.00311	0.00311
33	0.34313	0.10946	0.01546	0.02883	0.23709	0.08944	0.02336	0.06802	0.01150	0.01925	0.00839	0.01014	0.00681	0.00481	0.00410	0.00149	0.00553	0.00356	0.00293	0.00671
34	0.01215	0.00991	0.01065	0.00950	0.01217	0.01108	0.00740	0.07245	0.54451	0.03649	0.12060	0.02331	0.07502	0.00777	0.00535	0.00170	0.00382	0.00650	0.02222	0.00741

[dist]
# distance from previous block
# <min> <max>
0	1

[block]
# block no. 2 follows, 48 sequences, length 14
# corresponding to MSA columns:
# 135-148
name=unknown_C
#
# <colnr> <probs for GDERKNQSTAVLIFYWHMCP>
#	G	D	E	R	K	N	Q	S	T	A	V	L	I	F	Y	W	H	M	C	P
0	0.01342	0.01128	0.01281	0.01189	0.07956	0.01204	0.00863	0.14322	0.43892	0.02187	0.01621	0.01580	0.01230	0.00600	0.00491	0.00149	0.00444	0.00496	0.00454	0.17569
1	0.00733	0.00550	0.00825	0.00825	0.00916	0.00641	0.00641	0.00916	0.00825	0.01191	0.01374	0.02016	0.01283	0.03848	0.79934	0.00825	0.01374	0.00550	0.00275	0.00458
2	0.01287	0.51546	0.28183	0.01089	0.01633	0.01728	0.01222	0.05467	0.01127	0.01451	0.00809	0.00931	0.00667	0.00464	0.00392	0.00130	0.00619	0.00319	0.00234	0.00703
3	0.01221	0.17540	0.25819	0.01562	0.02110	0.01362	0.30888	0.01665	0.03647	0.04967	0.01028	0.01238	0.00781	0.00584	0.03214	0.00179	0.00754	0.00466	0.00264	0.00709
4	0.00731	0.00560	0.00693	0.00760	0.00902	0.00522	0.00637	0.00921	0.01176	0.01471	0.03797	0.05418	0.35855	0.01366	0.00664	0.00209	0.00380	0.43009	0.00474	0.00455
5	0.00744	0.00564	0.00822	0.00820	0.00897	0.00656	0.00627	0.00905	0.00826	0.01184	0.01443	0.06408	0.01417	0.09551	0.66553	0.00742	0.04495	0.00610	0.00287	0.00449
6	0.01469	0.01722	0.05965	0.07700	0.12276	0.27342	0.20717	0.06273	0.05485	0.01600	0.00987	0.01210	0.00775	0.00519	0.00563	0.00157	0.03819	0.00456	0.00284	0.00683
7	0.01372	0.82276	0.02689	0.00878	0.01317	0.02030	0.00878	0.01536	0.01043	0.01207	0.00713	0.00823	0.00658	0.00439	0.00329	0.00110	0.00549	0.00274	0.00219	0.00658
8	0.00625	0.00447	0.00595	0.00714	0.00744	0.00417	0.00476	0.00714	0.00982	0.01310	0.02828	0.81633	0.03394	0.01608	0.00655	0.00208	0.00298	0.01459	0.00476	0.00417
9	0.00977	0.00836	0.05992	0.01106	0.10040	0.00742	0.00782	0.07518	0.05810	0.04930	0.09382	0.36282	0.04374	0.01119	0.00588	0.00183	0.00400	0.05031	0.03330	0.00577
10	0.04740	0.03958	0.05008	0.29746	0.08366	0.07871	0.12386	0.06341	0.03748	0.08015	0.02585	0.01452	0.00914	0.00544	0.00513	0.00163	0.00663	0.02006	0.00313	0.00668
11	0.01270	0.01219	0.02083	0.03149	0.78767	0.01219	0.01575	0.01575	0.01168	0.01676	0.00965	0.01270	0.00813	0.00457	0.00508	0.00152	0.00610	0.00457	0.00254	0.00813
12	0.01372	0.82276	0.02689	0.00878	0.01317	0.02030	0.00878	0.01536	0.01043	0.01207	0.00713	0.00823	0.00658	0.00439	0.00329	0.00110	0.00549	0.00274	0.00219	0.00658
13	0.01181	0.01114	0.01758	0.11299	0.52987	0.02955	0.01342	0.03444	0.01171	0.01626	0.01259	0.08198	0.03615	0.00591	0.00516	0.00155	0.00573	0.00552	0.00287	0.05378

[dist]
# distance from previous block
# <min> <max>
1	5

[block]
# block no. 3 follows, 48 sequences, length 28
# corresponding to MSA columns:
# 166-170,172-194
name=unknown_D
#
# <colnr> <probs for GDERKNQSTAVLIFYWHMCP>
#	G	D	E	R	K	N	Q	S	T	A	V	L	I	F	Y	W	H	M	C	P
0	0.00669	0.00486	0.00661	0.03633	0.00856	0.00485	0.00523	0.00774	0.00943	0.01266	0.02437	0.58353	0.02847	0.10240	0.11340	0.00319	0.00479	0.02848	0.00423	0.00418
1	0.00733	0.00550	0.00825	0.00825	0.00916	0.00641	0.00641	0.00916	0.00825	0.01191	0.01374	0.02016	0.01283	0.03848	0.79934	0.00825	0.01374	0.00550	0.00275	0.00458
2	0.01276	0.01107	0.01199	0.01132	0.04549	0.01274	0.00844	0.02679	0.74656	0.02127	0.02042	0.01888	0.01535	0.00686	0.00522	0.00173	0.00415	0.00575	0.00511	0.00812
3	0.01250	0.01440	0.02882	0.04371	0.02635	0.06408	0.69789	0.01660	0.01222	0.01609	0.01018	0.01354	0.00768	0.00441	0.00594	0.00170	0.00864	0.00583	0.00259	0.00682
4	0.01882	0.02387	0.01434	0.01310	0.01570	0.77392	0.00986	0.02018	0.01445	0.01265	0.00854	0.01080	0.00734	0.00557	0.00470	0.00135	0.00911	0.02708	0.00271	0.00591
5	0.85592	0.00992	0.00754	0.00675	0.00992	0.01151	0.00556	0.01508	0.00873	0.02302	0.00714	0.00834	0.00556	0.00476	0.00318	0.00159	0.00397	0.00278	0.00318	0.00556
6	0.00621	0.00488	0.00561	0.00611	0.00719	0.00429	0.00432	0.00739	0.01103	0.01388	0.08006	0.38165	0.42079	0.01420	0.00627	0.00188	0.00275	0.01238	0.00481	0.00429
7	0.00638	0.00456	0.00610	0.00729	0.00765	0.00428	0.00499	0.00737	0.00995	0.01325	0.02821	0.76697	0.03365	0.01595	0.00658	0.00210	0.00309	0.06265	0.00476	0.00420
8	0.01206	0.01195	0.01541	0.01319	0.01362	0.05645	0.01091	0.06202	0.00928	0.01365	0.00737	0.01147	0.00704	0.00950	0.03927	0.00233	0.69173	0.00447	0.00247	0.00580
9	0.00851	0.00618	0.00845	0.00950	0.01077	0.00627	0.00826	0.01152	0.05256	0.01568	0.02683	0.05582	0.02879	0.01379	0.00699	0.00233	0.00469	0.71340	0.00475	0.00491
10	0.00624	0.00449	0.00593	0.00707	0.00742	0.00417	0.00473	0.00715	0.00989	0.01313	0.02913	0.78886	0.06086	0.01596	0.00653	0.00207	0.00296	0.01445	0.00476	0.00417
11	0.01372	0.82276	0.02689	0.00878	0.01317	0.02030	0.00878	0.01536	0.01043	0.01207	0.00713	0.00823	0.00658	0.00439	0.00329	0.00110	0.00549	0.00274	0.00219	0.00658
12	0.00969	0.00912	0.01539	0.80734	0.03534	0.01140	0.01425	0.01311	0.01026	0.01311	0.00912	0.01368	0.00684	0.00513	0.00513	0.00171	0.00684	0.00456	0.00228	0.00570
13	0.01917	0.02445	0.01454	0.01322	0.01586	0.79907	0.00991	0.02049	0.01454	0.01256	0.00793	0.00925	0.00661	0.00529	0.00463	0.00132	0.00925	0.00330	0.00264	0.00595
14	0.01082	0.01027	0.01742	0.51716	0.31672	0.01170	0.01481	0.01410	0.01079	0.01448	0.00932	0.01331	0.00732	0.00492	0.00511	0.00164	0.00656	0.00456	0.00238	0.00661
15	0.00969	0.00912	0.01539	0.80734	0.03534	0.01140	0.01425	0.01311	0.01026	0.01311	0.00912	0.01368	0.00684	0.00513	0.00513	0.00171	0.00684	0.00456	0.00228	0.00570
16	0.00607	0.00516	0.00524	0.00530	0.00696	0.00432	0.00394	0.00735	0.01160	0.01382	0.05078	0.08827	0.74747	0.01315	0.00609	0.00175	0.00262	0.01102	0.00476	0.00432
17	0.01270	0.01219	0.02083	0.03149	0.78767	0.01219	0.01575	0.01575	0.01168	0.01676	0.00965	0.01270	0.00813	0.00457	0.00508	0.00152	0.00610	0.00457	0.00254	0.00813
18	0.01245	0.05222	0.03459	0.04317	0.05678	0.00915	0.00800	0.09766	0.05775	0.09485	0.01468	0.13862	0.01332	0.00685	0.00482	0.00136	0.00442	0.02632	0.00391	0.31907
19	0.03106	0.00960	0.01475	0.36361	0.17922	0.01087	0.01200	0.05956	0.01154	0.08787	0.01126	0.03126	0.00885	0.00606	0.00608	0.02517	0.05216	0.00481	0.06783	0.00645
20	0.01064	0.00912	0.01064	0.00760	0.01216	0.00684	0.00608	0.01292	0.01064	0.01672	0.00912	0.01064	0.00760	0.00380	0.00380	0.00076	0.00380	0.00304	0.00304	0.85104
21	0.01044	0.02551	0.73130	0.01519	0.02258	0.01200	0.07971	0.01626	0.01094	0.01626	0.00930	0.01108	0.00660	0.00483	0.00497	0.00163	0.00767	0.00397	0.00220	0.00753
22	0.00999	0.00943	0.01593	0.72970	0.11062	0.01148	0.01440	0.01337	0.01040	0.01348	0.00917	0.01358	0.00697	0.00507	0.00512	0.00169	0.00677	0.00456	0.00231	0.00594
23	0.00746	0.00497	0.00560	0.00560	0.00560	0.00497	0.00311	0.00746	0.00746	0.00995	0.01617	0.03358	0.01865	0.81967	0.02612	0.00497	0.00497	0.00746	0.00311	0.00311
24	0.01211	0.01384	0.03028	0.02163	0.02682	0.01298	0.76903	0.01644	0.01211	0.01644	0.01038	0.01384	0.00779	0.00433	0.00606	0.00173	0.00865	0.00606	0.00260	0.00692
25	0.01506	0.12041	0.11563	0.01197	0.01567	0.23047	0.05940	0.13462	0.06565	0.05721	0.02618	0.10073	0.01167	0.00664	0.00496	0.00152	0.00654	0.00529	0.00356	0.00681
26	0.01331	0.04307	0.00994	0.00808	0.01044	0.06071	0.00642	0.17430	0.11605	0.05267	0.01538	0.01659	0.01182	0.00775	0.04590	0.00173	0.00455	0.00476	0.39017	0.00636
27	0.01190	0.03446	0.03802	0.08229	0.38018	0.01138	0.01209	0.07233	0.07201	0.01746	0.06868	0.01737	0.01274	0.05935	0.02127	0.00192	0.03018	0.02187	0.00323	0.03128

[dist]
# distance from previous block
# <min> <max>
0	1

[block]
# block no. 4 follows, 48 sequences, length 26
# corresponding to MSA columns:
# 196-221
name=unknown_E
#
# <colnr> <probs for GDERKNQSTAVLIFYWHMCP>
#	G	D	E	R	K	N	Q	S	T	A	V	L	I	F	Y	W	H	M	C	P
0	0.05086	0.39272	0.30337	0.01080	0.01605	0.01546	0.01210	0.05397	0.01150	0.01577	0.06617	0.01164	0.00974	0.00513	0.00416	0.00137	0.00596	0.00371	0.00264	0.00688
1	0.01139	0.01228	0.06014	0.04966	0.34687	0.02337	0.21543	0.01457	0.01154	0.01603	0.04794	0.07469	0.03676	0.00618	0.00614	0.00168	0.04940	0.00607	0.00289	0.00696
2	0.00774	0.00544	0.00635	0.00618	0.00618	0.00578	0.00371	0.00783	0.00749	0.01013	0.01546	0.03191	0.01777	0.75921	0.02542	0.00477	0.06504	0.00724	0.00304	0.00330
3	0.01377	0.77986	0.02599	0.00881	0.01307	0.04192	0.00868	0.01542	0.01055	0.01226	0.00739	0.00853	0.00675	0.00445	0.00334	0.00111	0.00552	0.00281	0.02325	0.00652
4	0.00673	0.00495	0.00589	0.00615	0.00724	0.00446	0.00442	0.00831	0.01186	0.01597	0.25608	0.28706	0.27419	0.01272	0.00603	0.00177	0.00265	0.01112	0.06792	0.00446
5	0.00643	0.00511	0.00578	0.00582	0.00721	0.00446	0.00429	0.00800	0.01226	0.01569	0.25944	0.14990	0.47209	0.01269	0.00613	0.00175	0.00260	0.01089	0.00502	0.00446
6	0.00650	0.00509	0.00576	0.00588	0.00713	0.00450	0.00425	0.00789	0.01165	0.01486	0.19848	0.16664	0.43541	0.07872	0.00779	0.00204	0.00286	0.02541	0.00481	0.00432
7	0.01355	0.01103	0.01170	0.01032	0.01329	0.01260	0.00808	0.09441	0.65937	0.04405	0.01993	0.01847	0.01485	0.00683	0.00515	0.00170	0.00415	0.00564	0.03680	0.00807
8	0.01039	0.00523	0.00586	0.00558	0.00701	0.00504	0.00422	0.01268	0.01168	0.09525	0.13525	0.05842	0.01946	0.00717	0.00426	0.00134	0.00262	0.00596	0.59746	0.00515
9	0.01055	0.08592	0.73594	0.01419	0.02153	0.01254	0.01820	0.01618	0.01080	0.01594	0.00905	0.01064	0.00651	0.00484	0.00476	0.00159	0.00743	0.00371	0.00217	0.00751
10	0.01029	0.02654	0.79309	0.01462	0.02221	0.01192	0.01896	0.01625	0.01083	0.01625	0.00921	0.01083	0.00650	0.00487	0.00487	0.00162	0.00758	0.00379	0.00217	0.00758
11	0.00984	0.00928	0.01567	0.76756	0.07391	0.01144	0.01433	0.01325	0.01033	0.01330	0.00915	0.01363	0.00691	0.00510	0.00513	0.00170	0.00680	0.00456	0.00229	0.00582
12	0.00726	0.00524	0.00686	0.00646	0.00767	0.00484	0.00484	0.00968	0.01452	0.02058	0.78496	0.03833	0.04841	0.01049	0.00605	0.00161	0.00242	0.00928	0.00565	0.00484
13	0.00733	0.00550	0.00825	0.00825	0.00916	0.00641	0.00641	0.00916	0.00825	0.01191	0.01374	0.02016	0.01283	0.03848	0.79934	0.00825	0.01374	0.00550	0.00275	0.00458
14	0.01372	0.82276	0.02689	0.00878	0.01317	0.02030	0.00878	0.01536	0.01043	0.01207	0.00713	0.00823	0.00658	0.00439	0.00329	0.00110	0.00549	0.00274	0.00219	0.00658
15	0.01180	0.01334	0.02897	0.02085	0.02577	0.01250	0.72789	0.01594	0.01199	0.01626	0.01134	0.05704	0.00919	0.00496	0.00608	0.00175	0.00835	0.00651	0.00271	0.00677
16	0.00713	0.00524	0.00667	0.00632	0.00758	0.00478	0.00474	0.00942	0.01421	0.01983	0.70330	0.03956	0.13054	0.01077	0.00605	0.00163	0.00244	0.00945	0.00555	0.00478
17	0.00660	0.00502	0.00609	0.00638	0.00749	0.00451	0.00466	0.00818	0.01202	0.01581	0.27398	0.28051	0.28972	0.01320	0.00626	0.00183	0.00276	0.04549	0.00504	0.00446
18	0.01029	0.04981	0.72739	0.01417	0.02131	0.01185	0.01807	0.01592	0.01087	0.01607	0.01011	0.01329	0.00774	0.00536	0.00495	0.00165	0.00737	0.04409	0.00231	0.00740
19	0.01234	0.36408	0.15649	0.01006	0.01375	0.01481	0.01006	0.05027	0.01064	0.03795	0.00954	0.01228	0.00827	0.04770	0.04984	0.02210	0.10445	0.00386	0.05519	0.00632
20	0.00697	0.00492	0.00634	0.00720	0.00767	0.00474	0.00510	0.00798	0.00976	0.01287	0.02606	0.43872	0.05751	0.20567	0.01128	0.00281	0.00381	0.17218	0.00436	0.00404
21	0.01396	0.04309	0.45397	0.01366	0.01934	0.21577	0.01493	0.11997	0.02765	0.01748	0.00947	0.01072	0.00700	0.00518	0.00481	0.00152	0.00764	0.00379	0.00275	0.00730
22	0.08538	0.01509	0.01427	0.05288	0.04107	0.16307	0.00964	0.40370	0.10713	0.03986	0.01197	0.01239	0.00883	0.00587	0.00489	0.00153	0.00606	0.00436	0.00431	0.00770
23	0.00990	0.00912	0.01521	0.62484	0.12929	0.01086	0.01362	0.01313	0.01053	0.01384	0.01085	0.03766	0.00910	0.00586	0.00523	0.00172	0.00643	0.04513	0.02178	0.00590
24	0.09984	0.12093	0.42389	0.01160	0.01715	0.01227	0.01328	0.03410	0.08151	0.01724	0.02683	0.03331	0.03521	0.00564	0.00459	0.00154	0.00600	0.00434	0.00289	0.04784
25	0.01409	0.01350	0.03393	0.01476	0.07303	0.10474	0.22073	0.13665	0.03354	0.05808	0.02668	0.01412	0.03416	0.00521	0.00507	0.00141	0.00631	0.00484	0.00348	0.19566

[dist]
# distance from previous block
# <min> <max>
0	1

[block]
# block no. 5 follows, 48 sequences, length 52
# corresponding to MSA columns:
# 223-274
name=unknown_F
#
# <colnr> <probs for GDERKNQSTAVLIFYWHMCP>
#	G	D	E	R	K	N	Q	S	T	A	V	L	I	F	Y	W	H	M	C	P
0	0.03327	0.28418	0.06617	0.01058	0.01445	0.05716	0.02684	0.14318	0.22818	0.03426	0.01262	0.01298	0.00986	0.00690	0.03658	0.00172	0.00579	0.00424	0.00369	0.00734
1	0.10591	0.03023	0.01155	0.01010	0.01240	0.30374	0.03775	0.02861	0.06355	0.03913	0.01342	0.03531	0.03031	0.06961	0.07657	0.00233	0.00695	0.02691	0.08993	0.00566
2	0.01251	0.01225	0.06509	0.13675	0.05861	0.01180	0.23770	0.11527	0.13312	0.05046	0.01656	0.03171	0.08184	0.00624	0.00552	0.00169	0.00624	0.00595	0.00365	0.00704
3	0.01208	0.00951	0.01099	0.00804	0.01238	0.00779	0.00647	0.09981	0.01244	0.05870	0.01214	0.01306	0.04565	0.00465	0.00413	0.00094	0.00398	0.00371	0.00353	0.67000
4	0.00767	0.00531	0.00690	0.00646	0.00773	0.00490	0.00486	0.01008	0.01441	0.03699	0.74513	0.03730	0.04657	0.01026	0.00596	0.00160	0.00246	0.00905	0.03143	0.00492
5	0.01123	0.01123	0.01572	0.01347	0.01347	0.01572	0.01123	0.01235	0.00786	0.01235	0.00674	0.01123	0.00674	0.00898	0.01684	0.00225	0.81028	0.00449	0.00225	0.00561
6	0.00676	0.00509	0.00626	0.00625	0.00743	0.00458	0.00458	0.00861	0.01293	0.01745	0.45483	0.18309	0.23903	0.01217	0.00615	0.00173	0.00257	0.01065	0.00526	0.00458
7	0.00632	0.00514	0.00552	0.00555	0.00701	0.00442	0.00407	0.00769	0.01176	0.01459	0.15423	0.10746	0.58413	0.05059	0.00704	0.00189	0.00271	0.01074	0.00481	0.00434
8	0.01917	0.02445	0.01454	0.01322	0.01586	0.79907	0.00991	0.02049	0.01454	0.01256	0.00793	0.00925	0.00661	0.00529	0.00463	0.00132	0.00925	0.00330	0.00264	0.00595
9	0.00643	0.00514	0.00576	0.00576	0.00720	0.00446	0.00426	0.00802	0.01233	0.01575	0.26379	0.12321	0.49464	0.01257	0.00611	0.00173	0.00258	0.01075	0.00502	0.00446
10	0.01379	0.73018	0.07449	0.00938	0.01388	0.06117	0.00948	0.01569	0.01067	0.01236	0.00731	0.00845	0.00658	0.00447	0.00346	0.00114	0.00582	0.00284	0.00222	0.00661
11	0.00615	0.00520	0.00531	0.00528	0.00698	0.00437	0.00396	0.00752	0.01189	0.01432	0.10196	0.04863	0.73532	0.01282	0.00606	0.00172	0.00259	0.01072	0.00483	0.00437
12	0.01134	0.01232	0.05996	0.01761	0.02196	0.01092	0.53343	0.01509	0.01211	0.04711	0.05013	0.05926	0.05387	0.00649	0.00607	0.00178	0.00725	0.06356	0.00325	0.00649
13	0.01372	0.82276	0.02689	0.00878	0.01317	0.02030	0.00878	0.01536	0.01043	0.01207	0.00713	0.00823	0.00658	0.00439	0.00329	0.00110	0.00549	0.00274	0.00219	0.00658
14	0.01917	0.02445	0.01454	0.01322	0.01586	0.79907	0.00991	0.02049	0.01454	0.01256	0.00793	0.00925	0.00661	0.00529	0.00463	0.00132	0.00925	0.00330	0.00264	0.00595
15	0.01157	0.01092	0.01585	0.01340	0.01387	0.01464	0.05103	0.01289	0.00849	0.04786	0.00858	0.05062	0.00838	0.00896	0.01524	0.00218	0.69211	0.00509	0.00257	0.00575
16	0.01047	0.06870	0.75252	0.01432	0.02173	0.01236	0.01842	0.01620	0.01081	0.01603	0.00910	0.01070	0.00650	0.00485	0.00479	0.00160	0.00747	0.00374	0.00217	0.00753
17	0.01045	0.06258	0.75841	0.01436	0.02180	0.01230	0.01850	0.01621	0.01081	0.01606	0.00911	0.01072	0.00650	0.00485	0.00480	0.00160	0.00749	0.00374	0.00217	0.00754
18	0.02302	0.00873	0.01191	0.00913	0.01310	0.00754	0.00754	0.02501	0.01469	0.79122	0.02024	0.01746	0.01270	0.00635	0.00516	0.00159	0.00437	0.00516	0.00635	0.00873
19	0.01187	0.01011	0.01083	0.00993	0.01250	0.01155	0.00764	0.02448	0.66723	0.02065	0.06202	0.09352	0.01908	0.00799	0.00539	0.00177	0.00387	0.00679	0.00520	0.00758
20	0.00683	0.00537	0.00678	0.00783	0.04888	0.00489	0.00535	0.00830	0.01136	0.01467	0.12596	0.32417	0.31554	0.01347	0.00628	0.00189	0.00310	0.07998	0.00475	0.00457
21	0.85592	0.00992	0.00754	0.00675	0.00992	0.01151	0.00556	0.01508	0.00873	0.02302	0.00714	0.00834	0.00556	0.00476	0.00318	0.00159	0.00397	0.00278	0.00318	0.00556
22	0.02275	0.00916	0.01217	0.00933	0.01331	0.00818	0.00771	0.08185	0.01541	0.73336	0.01964	0.01707	0.01240	0.00634	0.00516	0.00158	0.00446	0.00512	0.00626	0.00873
23	0.00742	0.00499	0.00565	0.00563	0.00574	0.00495	0.00322	0.00758	0.00794	0.01061	0.05793	0.03423	0.03945	0.75645	0.02455	0.00471	0.00478	0.00764	0.00329	0.00323
24	0.00723	0.00580	0.00895	0.04058	0.01074	0.00554	0.07941	0.00884	0.01071	0.01425	0.08359	0.53114	0.07076	0.01373	0.00644	0.00201	0.00380	0.08736	0.00452	0.00461
25	0.00630	0.00522	0.00547	0.00555	0.00714	0.00447	0.00418	0.00764	0.01157	0.01397	0.07015	0.06181	0.66953	0.04867	0.00702	0.00192	0.00284	0.05751	0.00472	0.00431
26	0.01115	0.00670	0.00695	0.00637	0.00811	0.00707	0.00491	0.12038	0.08325	0.02101	0.01688	0.04488	0.01345	0.00643	0.00405	0.00132	0.00302	0.00518	0.62323	0.00563
27	0.01192	0.25299	0.51785	0.01286	0.01917	0.07211	0.01540	0.01631	0.01099	0.01479	0.00852	0.00998	0.00653	0.00477	0.00441	0.00145	0.00711	0.00346	0.00221	0.00718
28	0.00652	0.00470	0.00616	0.00724	0.00772	0.00441	0.00506	0.00758	0.01010	0.01331	0.02932	0.64979	0.08280	0.04257	0.00724	0.00219	0.00322	0.10116	0.00470	0.00421
29	0.00966	0.00550	0.00621	0.00584	0.00736	0.00527	0.00447	0.03409	0.01255	0.06703	0.23122	0.02803	0.10752	0.00814	0.00473	0.00142	0.00268	0.01893	0.43424	0.00511
30	0.01372	0.01380	0.08697	0.01479	0.04118	0.06557	0.24813	0.06221	0.22776	0.09374	0.01623	0.03715	0.04208	0.00614	0.00546	0.00167	0.00626	0.00580	0.00395	0.00739
31	0.01002	0.00742	0.01151	0.03077	0.10967	0.00729	0.08840	0.01279	0.02974	0.05434	0.07260	0.13378	0.02144	0.00951	0.00570	0.00180	0.00448	0.20992	0.17319	0.00563
32	0.00664	0.00504	0.00622	0.00701	0.00799	0.00461	0.00526	0.00800	0.01090	0.01386	0.03598	0.38839	0.28517	0.01461	0.00651	0.00203	0.00324	0.17943	0.00476	0.00435
33	0.01662	0.01496	0.18171	0.04033	0.01930	0.03104	0.17829	0.13747	0.03085	0.27620	0.01383	0.01416	0.00940	0.00551	0.00528	0.00162	0.00639	0.00493	0.00420	0.00791
34	0.03799	0.07551	0.11501	0.03281	0.25720	0.07456	0.08733	0.03175	0.01132	0.04650	0.01016	0.01260	0.02495	0.00574	0.00710	0.00165	0.15360	0.00448	0.00270	0.00703
35	0.01549	0.01081	0.01183	0.00974	0.01286	0.01164	0.00779	0.35719	0.17068	0.08576	0.01657	0.08625	0.01325	0.00709	0.00501	0.00155	0.00445	0.00574	0.12509	0.04121
36	0.01247	0.28441	0.33283	0.04352	0.01794	0.01509	0.01309	0.07530	0.12723	0.01677	0.01052	0.01146	0.00809	0.00514	0.00444	0.00147	0.00619	0.00384	0.00287	0.00735
37	0.01372	0.82276	0.02689	0.00878	0.01317	0.02030	0.00878	0.01536	0.01043	0.01207	0.00713	0.00823	0.00658	0.00439	0.00329	0.00110	0.00549	0.00274	0.00219	0.00658
38	0.00670	0.00479	0.00646	0.00757	0.00809	0.00455	0.00547	0.00797	0.01045	0.01391	0.06490	0.62660	0.03376	0.01542	0.00663	0.00212	0.00330	0.16219	0.00480	0.00431
39	0.01268	0.58198	0.25860	0.01055	0.01590	0.01777	0.01186	0.01563	0.01055	0.01334	0.00776	0.00902	0.00656	0.00454	0.00377	0.00126	0.00612	0.00306	0.00219	0.00689
40	0.01814	0.13709	0.01654	0.01332	0.04631	0.65729	0.00999	0.01957	0.01384	0.01266	0.00789	0.00925	0.00667	0.00513	0.00446	0.00130	0.00859	0.00328	0.00258	0.00613
41	0.01243	0.42882	0.34563	0.01144	0.01699	0.05788	0.01303	0.01586	0.01076	0.01384	0.00820	0.00965	0.00670	0.00544	0.02266	0.00150	0.00676	0.00328	0.00222	0.00692
42	0.00633	0.00526	0.00557	0.00563	0.00728	0.00449	0.00431	0.00780	0.01193	0.01452	0.10963	0.04914	0.66742	0.01288	0.00614	0.00177	0.00275	0.06791	0.00483	0.00440
43	0.01401	0.67059	0.10351	0.00960	0.01422	0.05686	0.00982	0.01609	0.01084	0.04357	0.00791	0.00891	0.00682	0.00456	0.00359	0.00118	0.00584	0.00297	0.00238	0.00674
44	0.01123	0.08355	0.67810	0.01406	0.02107	0.05446	0.01753	0.03422	0.01131	0.01613	0.00906	0.01060	0.00656	0.00489	0.00475	0.00157	0.00748	0.00371	0.00226	0.00745
45	0.00642	0.00477	0.00601	0.00679	0.00753	0.00436	0.00478	0.00762	0.01078	0.01411	0.10671	0.53759	0.19433	0.01478	0.00643	0.00198	0.00294	0.05295	0.00485	0.00430
46	0.00632	0.00470	0.00589	0.00667	0.00736	0.00427	0.00459	0.00745	0.01069	0.01402	0.11021	0.57665	0.19274	0.01486	0.00640	0.00196	0.00284	0.01326	0.00485	0.00427
47	0.01273	0.01339	0.05545	0.01902	0.06311	0.01310	0.47273	0.05586	0.01197	0.05420	0.01033	0.01345	0.00798	0.00617	0.02646	0.00194	0.14689	0.00548	0.00284	0.00691
48	0.01136	0.17292	0.48511	0.01348	0.05592	0.05080	0.01490	0.01559	0.01096	0.03053	0.01077	0.08531	0.00927	0.00586	0.00474	0.00155	0.00671	0.00464	0.00254	0.00705
49	0.00751	0.00497	0.00564	0.00564	0.00575	0.00495	0.00325	0.00775	0.00801	0.01093	0.05710	0.04681	0.02028	0.73049	0.02382	0.00460	0.00470	0.00757	0.03695	0.00329
50	0.01029	0.02654	0.79309	0.01462	0.02221	0.01192	0.01896	0.01625	0.01083	0.01625	0.00921	0.01083	0.00650	0.00487	0.00487	0.00162	0.00758	0.00379	0.00217	0.00758
51	0.03955	0.17921	0.27915	0.04324	0.01724	0.02739	0.01225	0.14368	0.04745	0.08468	0.01158	0.05168	0.00919	0.00589	0.00498	0.00154	0.02617	0.00447	0.00334	0.00731

[dist]
# distance from previous block
# <min> <max>
0	1

[block]
# block no. 6 follows, 48 sequences, length 13
# corresponding to MSA columns:
# 276-288
name=unknown_G
#
# <colnr> <probs for GDERKNQSTAVLIFYWHMCP>
#	G	D	E	R	K	N	Q	S	T	A	V	L	I	F	Y	W	H	M	C	P
0	0.01224	0.01291	0.06898	0.12582	0.50228	0.01243	0.10076	0.03761	0.01170	0.01650	0.00959	0.01276	0.00778	0.00487	0.00570	0.00161	0.04168	0.00469	0.00255	0.00756
1	0.01306	0.01077	0.02954	0.06552	0.03567	0.09901	0.00772	0.19244	0.06090	0.03281	0.01505	0.09012	0.01300	0.05631	0.02300	0.00185	0.00507	0.00568	0.23628	0.00618
2	0.09878	0.05530	0.06440	0.04020	0.19837	0.17319	0.20069	0.03409	0.02351	0.03656	0.00952	0.01173	0.00749	0.00489	0.00514	0.00155	0.02046	0.00440	0.00279	0.00694
3	0.00982	0.00924	0.01540	0.66508	0.12302	0.01105	0.01378	0.01307	0.01052	0.01359	0.01186	0.01579	0.05555	0.00555	0.00518	0.00169	0.00649	0.00495	0.00247	0.00590
4	0.01352	0.03119	0.01241	0.05424	0.01450	0.07319	0.00801	0.10099	0.26301	0.05795	0.03309	0.01463	0.01148	0.00559	0.00466	0.00133	0.00472	0.00447	0.00411	0.28689
5	0.00672	0.00505	0.00586	0.00608	0.00704	0.00460	0.00426	0.00788	0.01085	0.01400	0.15718	0.19400	0.31036	0.19353	0.01069	0.00254	0.00328	0.04743	0.00454	0.00413
6	0.00635	0.00461	0.00614	0.00714	0.00758	0.00440	0.00488	0.00736	0.00977	0.01302	0.02817	0.69464	0.07389	0.01812	0.08498	0.00267	0.00402	0.01348	0.00456	0.00422
7	0.01084	0.01066	0.01498	0.01295	0.01304	0.01480	0.01075	0.01203	0.00790	0.01231	0.00743	0.01211	0.00734	0.01190	0.09428	0.00284	0.73145	0.00459	0.00230	0.00551
8	0.01364	0.01087	0.01185	0.01021	0.01284	0.01258	0.00812	0.18902	0.42117	0.02264	0.01697	0.01684	0.01287	0.00684	0.00611	0.00167	0.08396	0.00526	0.12903	0.00752
9	0.00807	0.00541	0.00687	0.00649	0.00790	0.00489	0.00487	0.01016	0.01370	0.07191	0.55268	0.10265	0.16287	0.01107	0.00603	0.00167	0.00263	0.00968	0.00548	0.00497
10	0.01127	0.00677	0.00944	0.00839	0.01022	0.00662	0.06445	0.02597	0.01178	0.15531	0.06682	0.19431	0.07291	0.00951	0.00600	0.00170	0.04876	0.05464	0.22954	0.00561
11	0.00746	0.00497	0.00560	0.00560	0.00560	0.00497	0.00311	0.00746	0.00746	0.00995	0.01617	0.03358	0.01865	0.81967	0.02612	0.00497	0.00497	0.00746	0.00311	0.00311
12	0.00818	0.00656	0.00838	0.00830	0.00934	0.05276	0.00642	0.01002	0.00879	0.01245	0.01361	0.01945	0.01249	0.03430	0.69802	0.00736	0.01270	0.00532	0.06091	0.00468

[dist]
# distance from previous block
# <min> <max>
0	0

# created by:
# /home/cegg/simao/soft/augustus-3.2.1/scripts/msa2prfl.pl ./align_prep/EOG091G0MLX.fa
