[name]
unknown

[dist]
# distance from previous block
# <min> <max>
1	47

[block]
# block no. 0 follows, 52 sequences, length 17
# corresponding to MSA columns:
# 47-63
name=unknown_A
#
# <colnr> <probs for GDERKNQSTAVLIFYWHMCP>
#	G	D	E	R	K	N	Q	S	T	A	V	L	I	F	Y	W	H	M	C	P
0	0.04999	0.09266	0.28515	0.01162	0.05376	0.01051	0.02861	0.04766	0.03268	0.23156	0.01220	0.01297	0.00877	0.00839	0.09027	0.00214	0.00640	0.00414	0.00345	0.00705
1	0.06324	0.04055	0.06472	0.00978	0.01269	0.07234	0.07254	0.08627	0.09291	0.14698	0.08714	0.03789	0.01391	0.04148	0.03742	0.00187	0.02845	0.00517	0.07836	0.00627
2	0.00961	0.00573	0.00720	0.00644	0.00806	0.00532	0.00492	0.04072	0.01341	0.13539	0.51683	0.03142	0.08250	0.03794	0.00605	0.00161	0.00277	0.00772	0.07120	0.00517
3	0.01515	0.01143	0.01621	0.01240	0.01593	0.08762	0.23537	0.13960	0.02929	0.22220	0.10814	0.01698	0.02858	0.00590	0.00514	0.00150	0.00564	0.00544	0.03063	0.00684
4	0.07394	0.01094	0.03515	0.20854	0.47175	0.01126	0.01322	0.03866	0.03508	0.01605	0.00921	0.01198	0.00740	0.00455	0.00464	0.00147	0.00566	0.00417	0.00255	0.03377
5	0.57737	0.01009	0.00952	0.00920	0.07181	0.01139	0.00678	0.10450	0.09554	0.05018	0.00935	0.01005	0.00706	0.00492	0.00363	0.00151	0.00411	0.00335	0.00348	0.00615
6	0.04037	0.01059	0.01433	0.03647	0.16593	0.01017	0.05975	0.18738	0.02653	0.11482	0.01087	0.01191	0.00815	0.00467	0.00444	0.00124	0.00485	0.00399	0.00359	0.27994
7	0.00590	0.00422	0.00562	0.00675	0.00703	0.00394	0.00450	0.00675	0.00928	0.01237	0.02671	0.82653	0.03205	0.01518	0.00619	0.00197	0.00281	0.01378	0.00450	0.00394
8	0.01167	0.01130	0.01962	0.11130	0.67782	0.01148	0.05623	0.01465	0.01092	0.01546	0.00910	0.01215	0.00753	0.00436	0.00485	0.00147	0.00596	0.00439	0.00238	0.00738
9	0.00596	0.00433	0.00552	0.00645	0.00686	0.00400	0.00430	0.00679	0.00932	0.01225	0.02838	0.68814	0.11461	0.06947	0.00737	0.00211	0.00290	0.01294	0.00439	0.00389
10	0.01199	0.01151	0.01967	0.02974	0.79946	0.01151	0.01487	0.01487	0.01103	0.01583	0.00912	0.01199	0.00768	0.00432	0.00480	0.00144	0.00576	0.00432	0.00240	0.00768
11	0.45676	0.06588	0.01106	0.03747	0.03289	0.11477	0.00723	0.10779	0.07240	0.04076	0.00890	0.00974	0.00683	0.00491	0.00372	0.00145	0.00484	0.00328	0.00328	0.00605
12	0.06928	0.26658	0.05772	0.00838	0.01142	0.06437	0.00746	0.08526	0.05858	0.04443	0.16700	0.06220	0.04914	0.00673	0.00440	0.00137	0.00445	0.00529	0.02000	0.00594
13	0.23998	0.03801	0.06132	0.01060	0.03234	0.03729	0.05134	0.32918	0.03648	0.08792	0.01064	0.01112	0.00770	0.00522	0.00430	0.00146	0.00510	0.00391	0.01903	0.00705
14	0.20519	0.19610	0.15016	0.00957	0.01343	0.06684	0.02300	0.09057	0.04214	0.03658	0.05941	0.02570	0.00969	0.00531	0.00429	0.00139	0.02421	0.00384	0.00307	0.02950
15	0.07882	0.03008	0.01042	0.01056	0.11799	0.00803	0.02360	0.06050	0.02918	0.06997	0.13093	0.11633	0.18505	0.00865	0.00565	0.00158	0.04385	0.02176	0.00404	0.04300
16	0.14985	0.02508	0.01468	0.01688	0.30548	0.03654	0.03034	0.16468	0.03731	0.04095	0.05666	0.02818	0.02376	0.00549	0.00478	0.00146	0.02061	0.00457	0.00340	0.02931

[dist]
# distance from previous block
# <min> <max>
9	16

[block]
# block no. 1 follows, 52 sequences, length 6
# corresponding to MSA columns:
# 80-85
name=unknown_B
#
# <colnr> <probs for GDERKNQSTAVLIFYWHMCP>
#	G	D	E	R	K	N	Q	S	T	A	V	L	I	F	Y	W	H	M	C	P
0	0.00851	0.00949	0.13050	0.07474	0.11498	0.00737	0.03699	0.01095	0.01066	0.04075	0.10259	0.23680	0.12822	0.00947	0.00573	0.00170	0.02286	0.03861	0.00368	0.00540
1	0.03383	0.00853	0.09674	0.03793	0.04981	0.00695	0.03162	0.06321	0.01136	0.04469	0.12209	0.27231	0.08593	0.05032	0.00649	0.00187	0.00410	0.06300	0.00404	0.00519
2	0.01075	0.10668	0.42047	0.06584	0.05183	0.01153	0.08577	0.01485	0.01069	0.05895	0.07624	0.01306	0.01005	0.00519	0.00512	0.00151	0.03789	0.00429	0.00261	0.00667
3	0.01285	0.01365	0.12421	0.06639	0.13421	0.08322	0.24467	0.01607	0.01169	0.12918	0.07284	0.01436	0.01075	0.00523	0.00554	0.00155	0.03885	0.00496	0.00310	0.00668
4	0.00995	0.00960	0.08387	0.00975	0.04140	0.04685	0.04379	0.04209	0.08838	0.06743	0.17825	0.07668	0.15860	0.00901	0.00579	0.00166	0.02850	0.08853	0.00424	0.00564
5	0.04675	0.03351	0.09300	0.04406	0.05884	0.00913	0.00821	0.11597	0.10618	0.07201	0.11543	0.08569	0.06973	0.04966	0.00596	0.00169	0.00433	0.02020	0.00402	0.05563

[dist]
# distance from previous block
# <min> <max>
3	25

[block]
# block no. 2 follows, 52 sequences, length 21
# corresponding to MSA columns:
# 117-137
name=unknown_C
#
# <colnr> <probs for GDERKNQSTAVLIFYWHMCP>
#	G	D	E	R	K	N	Q	S	T	A	V	L	I	F	Y	W	H	M	C	P
0	0.04385	0.01372	0.15408	0.05426	0.20812	0.02829	0.10257	0.12674	0.04676	0.06094	0.01128	0.03163	0.02025	0.00524	0.00510	0.00150	0.02747	0.00459	0.00312	0.05049
1	0.05718	0.02936	0.13493	0.08407	0.17819	0.01098	0.07696	0.12745	0.03801	0.04267	0.01033	0.02742	0.00816	0.00595	0.03236	0.00162	0.00584	0.00428	0.00302	0.12121
2	0.05493	0.01041	0.04035	0.09239	0.12924	0.03764	0.06153	0.10400	0.06352	0.08447	0.07657	0.03723	0.03445	0.00742	0.04683	0.00177	0.00540	0.00505	0.00357	0.10322
3	0.08899	0.01120	0.06840	0.01233	0.10118	0.07328	0.07813	0.07407	0.03066	0.08542	0.06289	0.01679	0.02224	0.00999	0.11451	0.00233	0.01962	0.04131	0.01468	0.07197
4	0.05815	0.01179	0.19135	0.03311	0.03450	0.00876	0.04138	0.08286	0.02433	0.04044	0.12449	0.12819	0.05464	0.00857	0.03540	0.00178	0.03488	0.00627	0.00356	0.07554
5	0.00979	0.28708	0.02898	0.08677	0.01230	0.01083	0.00709	0.05319	0.01164	0.01506	0.21057	0.03687	0.14139	0.02241	0.00494	0.00141	0.00408	0.00590	0.00352	0.04616
6	0.01178	0.03906	0.06773	0.07338	0.38022	0.05015	0.04522	0.02770	0.06321	0.04349	0.06504	0.01410	0.01077	0.00624	0.03453	0.00169	0.02144	0.00460	0.00291	0.03674
7	0.00922	0.00806	0.01298	0.41761	0.15998	0.00898	0.01101	0.01174	0.00990	0.02911	0.01297	0.16579	0.01251	0.02503	0.02204	0.00181	0.00552	0.02633	0.00283	0.04659
8	0.01205	0.01041	0.01096	0.00986	0.01260	0.01205	0.00767	0.02575	0.79071	0.02027	0.01972	0.01808	0.01479	0.00657	0.00493	0.00164	0.00384	0.00548	0.00493	0.00767
9	0.01170	0.01045	0.01623	0.02164	0.51466	0.00971	0.01162	0.01431	0.01081	0.04356	0.00930	0.01152	0.00767	0.00414	0.00441	0.00121	0.00499	0.00387	0.00268	0.28553
10	0.02174	0.00825	0.01125	0.00862	0.01237	0.00712	0.00712	0.02362	0.01387	0.80282	0.01912	0.01649	0.01200	0.00600	0.00487	0.00150	0.00412	0.00487	0.00600	0.00825
11	0.01034	0.02073	0.52432	0.01620	0.02255	0.01162	0.29383	0.01541	0.01067	0.01541	0.00910	0.01126	0.00658	0.00442	0.00501	0.00157	0.00753	0.00435	0.00219	0.00694
12	0.00811	0.00757	0.05933	0.09684	0.11016	0.00662	0.03624	0.01010	0.01036	0.04073	0.04450	0.33438	0.14835	0.01062	0.00565	0.00176	0.00411	0.05567	0.00383	0.00507
13	0.01996	0.00915	0.01241	0.01114	0.09601	0.00850	0.00815	0.08764	0.05173	0.61584	0.01745	0.01568	0.01135	0.00583	0.00487	0.00150	0.00439	0.00480	0.00547	0.00816
14	0.00735	0.00501	0.00588	0.00578	0.00601	0.00517	0.00353	0.02912	0.00759	0.01024	0.01486	0.02947	0.01663	0.70153	0.12807	0.00502	0.00581	0.00673	0.00295	0.00327
15	0.01122	0.16592	0.17038	0.03213	0.18880	0.01168	0.14876	0.01428	0.01065	0.05483	0.01188	0.10915	0.01084	0.00600	0.00485	0.00151	0.00589	0.03193	0.00278	0.00653
16	0.01143	0.01238	0.07659	0.05239	0.56506	0.01133	0.13915	0.01465	0.01094	0.01551	0.00980	0.04058	0.00833	0.00470	0.00498	0.00150	0.00617	0.00482	0.00245	0.00725
17	0.00959	0.00750	0.01073	0.01007	0.01198	0.03666	0.10475	0.01250	0.05319	0.06882	0.06341	0.06726	0.07182	0.01084	0.00614	0.00196	0.00474	0.43858	0.00431	0.00516
18	0.01129	0.01237	0.02584	0.05989	0.14542	0.01185	0.60014	0.01509	0.01128	0.01539	0.01016	0.01427	0.00804	0.00447	0.00557	0.00162	0.00759	0.03063	0.00250	0.00659
19	0.01008	0.09316	0.68664	0.01349	0.02007	0.01209	0.03892	0.01515	0.01013	0.01488	0.00848	0.01012	0.00619	0.00469	0.00492	0.00152	0.03685	0.00358	0.00206	0.00700
20	0.01174	0.01186	0.04668	0.07259	0.70830	0.01148	0.03662	0.01477	0.01094	0.01562	0.00909	0.01201	0.00755	0.00435	0.00482	0.00146	0.00591	0.00433	0.00237	0.00750

[dist]
# distance from previous block
# <min> <max>
1	11

[block]
# block no. 3 follows, 52 sequences, length 40
# corresponding to MSA columns:
# 149-188
name=unknown_D
#
# <colnr> <probs for GDERKNQSTAVLIFYWHMCP>
#	G	D	E	R	K	N	Q	S	T	A	V	L	I	F	Y	W	H	M	C	P
0	0.01198	0.01240	0.02506	0.12724	0.02521	0.01217	0.59215	0.08235	0.01225	0.03498	0.01002	0.01301	0.00742	0.00438	0.00550	0.00161	0.00760	0.00539	0.00270	0.00657
1	0.01185	0.00994	0.02444	0.02342	0.10210	0.09526	0.00852	0.09073	0.07255	0.08840	0.02087	0.08193	0.10272	0.00905	0.00581	0.00174	0.02969	0.21096	0.00409	0.00594
2	0.01018	0.05381	0.58375	0.01601	0.13018	0.01144	0.06712	0.01504	0.01053	0.01541	0.03629	0.01148	0.00782	0.00470	0.00468	0.00151	0.00678	0.00397	0.00224	0.00706
3	0.00967	0.01122	0.11883	0.58986	0.15112	0.01095	0.01426	0.01316	0.00997	0.01331	0.00870	0.01242	0.00661	0.00473	0.00481	0.00158	0.00644	0.00421	0.00218	0.00597
4	0.00578	0.00485	0.00502	0.00511	0.00661	0.00409	0.00378	0.00701	0.01098	0.01323	0.07103	0.11442	0.70662	0.01245	0.00577	0.00166	0.00248	0.01049	0.00453	0.00409
5	0.00851	0.00703	0.01100	0.01477	0.26596	0.00685	0.02134	0.01033	0.01037	0.02521	0.03773	0.38707	0.03800	0.01089	0.00576	0.00181	0.00411	0.12410	0.00381	0.00535
6	0.01218	0.07197	0.19707	0.02025	0.30488	0.11977	0.16163	0.01556	0.01119	0.01478	0.00903	0.02313	0.00734	0.00458	0.00478	0.00145	0.00686	0.00428	0.00235	0.00691
7	0.01166	0.01083	0.01779	0.05799	0.64751	0.01076	0.01350	0.01407	0.01123	0.01585	0.01327	0.09564	0.04518	0.00623	0.00527	0.00163	0.00556	0.00574	0.00293	0.00739
8	0.02174	0.00825	0.01125	0.00862	0.01237	0.00712	0.00712	0.02362	0.01387	0.80282	0.01912	0.01649	0.01200	0.00600	0.00487	0.00150	0.00412	0.00487	0.00600	0.00825
9	0.05311	0.01286	0.06576	0.01078	0.01441	0.02558	0.04843	0.49223	0.04022	0.06844	0.01229	0.01430	0.00944	0.07767	0.00652	0.00176	0.00536	0.01492	0.01859	0.00732
10	0.01086	0.00981	0.01553	0.02199	0.50393	0.01000	0.01210	0.01480	0.10265	0.01594	0.01465	0.04834	0.01384	0.00697	0.00528	0.00166	0.00515	0.17642	0.00323	0.00683
11	0.01292	0.01088	0.01175	0.01073	0.04042	0.01244	0.00813	0.12834	0.65909	0.02151	0.01825	0.01699	0.01365	0.00639	0.00491	0.00161	0.00411	0.00529	0.00483	0.00775
12	0.01060	0.01060	0.01484	0.01272	0.01272	0.01484	0.01060	0.01166	0.00742	0.01166	0.00636	0.01060	0.00636	0.00848	0.01590	0.00212	0.82082	0.00424	0.00212	0.00530
13	0.01154	0.01105	0.01885	0.15488	0.67786	0.01140	0.01465	0.01448	0.01082	0.01528	0.00904	0.01214	0.00748	0.00440	0.00481	0.00147	0.00587	0.00432	0.00236	0.00731
14	0.01098	0.06851	0.21829	0.05702	0.02344	0.01246	0.48300	0.01514	0.01083	0.01494	0.00917	0.01195	0.00691	0.00439	0.00554	0.00158	0.03210	0.00488	0.00230	0.00658
15	0.00922	0.00875	0.01496	0.79375	0.03313	0.01081	0.03686	0.01248	0.00974	0.01248	0.00865	0.01292	0.00649	0.00482	0.00487	0.00162	0.00651	0.00435	0.00216	0.00542
16	0.00671	0.00495	0.00627	0.00594	0.00715	0.00451	0.00446	0.00886	0.01337	0.01860	0.69894	0.03757	0.14421	0.01022	0.00572	0.00154	0.00231	0.00896	0.00523	0.00451
17	0.00989	0.02191	0.65288	0.01281	0.01886	0.03818	0.01573	0.01471	0.01040	0.03429	0.01122	0.08357	0.00950	0.00596	0.00483	0.00159	0.00664	0.03781	0.00248	0.00673
18	0.06931	0.15111	0.36361	0.01553	0.14653	0.01263	0.10115	0.03943	0.01068	0.01566	0.00893	0.02819	0.00712	0.00469	0.00445	0.00145	0.00634	0.00397	0.00236	0.00685
19	0.00693	0.00465	0.00532	0.00543	0.00546	0.00462	0.00309	0.00702	0.00727	0.00969	0.01641	0.11092	0.01906	0.74852	0.02282	0.00443	0.00451	0.00772	0.00309	0.00304
20	0.01810	0.02310	0.01373	0.01248	0.01498	0.81024	0.00936	0.01935	0.01373	0.01186	0.00749	0.00874	0.00624	0.00499	0.00437	0.00125	0.00874	0.00312	0.00250	0.00562
21	0.01150	0.01089	0.09495	0.37847	0.06226	0.02559	0.08983	0.04133	0.01146	0.11819	0.07945	0.01591	0.01126	0.00554	0.00502	0.00158	0.00596	0.02151	0.00312	0.00618
22	0.01069	0.01063	0.01532	0.01551	0.15782	0.04457	0.04439	0.01231	0.00856	0.01255	0.00798	0.01206	0.00744	0.01123	0.12251	0.00272	0.49139	0.00441	0.00227	0.00567
23	0.00607	0.00434	0.00581	0.00694	0.00729	0.00408	0.00479	0.00704	0.00944	0.01256	0.02662	0.75911	0.03169	0.01503	0.00623	0.00199	0.00296	0.07955	0.00450	0.00398
24	0.01296	0.83261	0.02539	0.00829	0.01244	0.01917	0.00829	0.01451	0.00985	0.01140	0.00674	0.00777	0.00622	0.00415	0.00311	0.00104	0.00518	0.00259	0.00207	0.00622
25	0.02941	0.01349	0.03347	0.01405	0.12781	0.08660	0.04836	0.33323	0.22176	0.02274	0.01278	0.01310	0.00956	0.00559	0.00483	0.00149	0.00547	0.00456	0.00408	0.00761
26	0.00590	0.00422	0.00562	0.00675	0.00703	0.00394	0.00450	0.00675	0.00928	0.01237	0.02671	0.82653	0.03205	0.01518	0.00619	0.00197	0.00281	0.01378	0.00450	0.00394
27	0.01251	0.01064	0.01121	0.00995	0.01277	0.01227	0.00778	0.07984	0.73588	0.02100	0.01915	0.01762	0.01433	0.00652	0.00493	0.00163	0.00394	0.00540	0.00493	0.00771
28	0.00972	0.02507	0.80458	0.01381	0.02097	0.01125	0.01790	0.01535	0.01023	0.01535	0.00870	0.01023	0.00614	0.00460	0.00460	0.00153	0.00716	0.00358	0.00205	0.00716
29	0.01028	0.01013	0.01423	0.01229	0.01237	0.01408	0.01021	0.01140	0.00745	0.01163	0.00694	0.01134	0.00686	0.01092	0.08530	0.00262	0.75026	0.00432	0.00216	0.00522
30	0.00795	0.00654	0.00720	0.00710	0.00772	0.07570	0.00497	0.00888	0.00798	0.01049	0.01351	0.02373	0.01403	0.38335	0.39365	0.00585	0.00896	0.00583	0.00274	0.00383
31	0.01296	0.83261	0.02539	0.00829	0.01244	0.01917	0.00829	0.01451	0.00985	0.01140	0.00674	0.00777	0.00622	0.00415	0.00311	0.00104	0.00518	0.00259	0.00207	0.00622
32	0.00573	0.00491	0.00491	0.00491	0.00655	0.00409	0.00368	0.00695	0.01105	0.01309	0.04909	0.04664	0.79750	0.01227	0.00573	0.00164	0.00245	0.01023	0.00450	0.00409
33	0.01005	0.00861	0.01005	0.00718	0.01148	0.00646	0.00574	0.01220	0.01005	0.01579	0.00861	0.01005	0.00718	0.00359	0.00359	0.00072	0.00359	0.00287	0.00287	0.85932
34	0.01199	0.01151	0.01967	0.02974	0.79946	0.01151	0.01487	0.01487	0.01103	0.01583	0.00912	0.01199	0.00768	0.00432	0.00480	0.00144	0.00576	0.00432	0.00240	0.00768
35	0.00675	0.00495	0.00632	0.00598	0.00717	0.00452	0.00448	0.00893	0.01345	0.01880	0.72238	0.03724	0.12064	0.01014	0.00572	0.00154	0.00230	0.00891	0.00525	0.00452
36	0.01875	0.01304	0.01421	0.01090	0.01476	0.01424	0.00900	0.70760	0.02190	0.10750	0.01238	0.01212	0.00862	0.00584	0.00485	0.00146	0.00521	0.00441	0.00496	0.00824
37	0.00938	0.00609	0.00705	0.00693	0.00718	0.08453	0.00472	0.00761	0.00705	0.00876	0.00833	0.01413	0.00820	0.01566	0.01749	0.77353	0.00466	0.00410	0.00214	0.00245
38	0.01214	0.09234	0.01240	0.00971	0.01259	0.01276	0.00773	0.02463	0.71289	0.01939	0.01843	0.01705	0.01394	0.00633	0.00475	0.00158	0.00397	0.00519	0.00465	0.00753
39	0.01148	0.01086	0.01836	0.02739	0.72052	0.01082	0.01385	0.01430	0.01130	0.01619	0.08762	0.01441	0.01147	0.00487	0.00489	0.00145	0.00541	0.00476	0.00269	0.00737

[dist]
# distance from previous block
# <min> <max>
0	23

# created by:
# /home/cegg/simao/soft/augustus-3.2.1/scripts/msa2prfl.pl ./align_prep/EOG091G1285.fa
