[name]
unknown

[dist]
# distance from previous block
# <min> <max>
0	732

[block]
# block no. 0 follows, 58 sequences, length 32
# corresponding to MSA columns:
# 733-764
name=unknown_A
#
# <colnr> <probs for GDERKNQSTAVLIFYWHMCP>
#	G	D	E	R	K	N	Q	S	T	A	V	L	I	F	Y	W	H	M	C	P
0	0.00698	0.00504	0.00691	0.00788	0.00889	0.00497	0.00678	0.00890	0.01019	0.01319	0.02518	0.09553	0.07837	0.01238	0.00609	0.00201	0.00391	0.68861	0.00412	0.00407
1	0.00565	0.00467	0.00536	0.00516	0.00657	0.00403	0.02013	0.00706	0.01073	0.01351	0.22728	0.07032	0.58226	0.01075	0.00530	0.00150	0.00235	0.00916	0.00430	0.00392
2	0.00979	0.00979	0.01370	0.01174	0.01174	0.01370	0.00979	0.01077	0.00685	0.01077	0.00587	0.00979	0.00587	0.00783	0.01468	0.00196	0.83461	0.00391	0.00196	0.00489
3	0.06672	0.68200	0.02081	0.00790	0.01129	0.05613	0.00755	0.01337	0.00904	0.01131	0.00643	0.00760	0.00583	0.00416	0.00364	0.00106	0.05487	0.00255	0.02219	0.00557
4	0.02007	0.00761	0.01038	0.00796	0.01142	0.00657	0.00657	0.02180	0.01280	0.81799	0.01765	0.01523	0.01107	0.00554	0.00450	0.00138	0.00381	0.00450	0.00554	0.00761
5	0.01049	0.03424	0.26735	0.01565	0.04163	0.01053	0.43261	0.01440	0.01041	0.06287	0.04847	0.01236	0.00842	0.00429	0.00484	0.00145	0.00664	0.00466	0.00247	0.00624
6	0.00691	0.00509	0.00672	0.00746	0.00843	0.00507	0.00608	0.00936	0.06554	0.01356	0.08176	0.23392	0.06415	0.01203	0.00585	0.00189	0.00348	0.45428	0.00422	0.00420
7	0.01196	0.84548	0.02344	0.00765	0.01148	0.01770	0.00765	0.01339	0.00909	0.01052	0.00622	0.00718	0.00574	0.00383	0.00287	0.00096	0.00478	0.00239	0.00191	0.00574
8	0.00713	0.00492	0.00722	0.00709	0.00798	0.00557	0.00547	0.00863	0.00745	0.05334	0.01241	0.01815	0.01148	0.08089	0.73291	0.00671	0.01108	0.00488	0.00258	0.00411
9	0.00639	0.00479	0.00719	0.00719	0.00799	0.00559	0.00559	0.00799	0.00719	0.01038	0.01198	0.01757	0.01118	0.03355	0.82507	0.00719	0.01198	0.00479	0.00240	0.00399
10	0.87439	0.00865	0.00657	0.00588	0.00865	0.01003	0.00484	0.01315	0.00761	0.02007	0.00623	0.00727	0.00484	0.00415	0.00277	0.00138	0.00346	0.00242	0.00277	0.00484
11	0.00795	0.00640	0.00793	0.00881	0.07382	0.00671	0.00593	0.02599	0.24785	0.01477	0.07740	0.39761	0.04501	0.01007	0.00517	0.00164	0.00313	0.03014	0.01860	0.00508
12	0.00907	0.00887	0.01440	0.53185	0.10393	0.03428	0.07215	0.01169	0.00907	0.01188	0.00885	0.06148	0.00755	0.00529	0.00564	0.00153	0.09058	0.00457	0.00217	0.00518
13	0.00547	0.00391	0.00521	0.00621	0.00649	0.00365	0.00415	0.00628	0.00867	0.01159	0.04471	0.81935	0.02991	0.01389	0.00570	0.00181	0.00258	0.01260	0.00417	0.00365
14	0.02007	0.00761	0.01038	0.00796	0.01142	0.00657	0.00657	0.02180	0.01280	0.81799	0.01765	0.01523	0.01107	0.00554	0.00450	0.00138	0.00381	0.00450	0.00554	0.00761
15	0.01113	0.00961	0.01011	0.00910	0.01163	0.01113	0.00708	0.02377	0.80681	0.01871	0.01821	0.01669	0.01365	0.00607	0.00455	0.00152	0.00354	0.00506	0.00455	0.00708
16	0.00834	0.00417	0.00417	0.00417	0.00521	0.00417	0.00313	0.01042	0.00938	0.01668	0.01459	0.01668	0.01147	0.00521	0.00313	0.00104	0.00208	0.00417	0.86763	0.00417
17	0.01700	0.01253	0.01342	0.01029	0.01387	0.01387	0.00850	0.79997	0.02103	0.02819	0.01074	0.01074	0.00761	0.00537	0.00447	0.00134	0.00492	0.00403	0.00447	0.00761
18	0.01683	0.01244	0.01332	0.01026	0.01380	0.01379	0.00846	0.77628	0.04502	0.02790	0.01097	0.01092	0.00779	0.00539	0.00448	0.00135	0.00488	0.00406	0.00448	0.00759
19	0.01196	0.84548	0.02344	0.00765	0.01148	0.01770	0.00765	0.01339	0.00909	0.01052	0.00622	0.00718	0.00574	0.00383	0.00287	0.00096	0.00478	0.00239	0.00191	0.00574
20	0.10552	0.01152	0.01322	0.35530	0.13420	0.18186	0.01063	0.03537	0.00990	0.01313	0.00750	0.01025	0.00600	0.00473	0.00514	0.00142	0.08313	0.00357	0.00224	0.00537
21	0.01590	0.01204	0.01323	0.01105	0.05628	0.01333	0.00859	0.65403	0.12575	0.02620	0.01162	0.01155	0.00839	0.00539	0.00448	0.00137	0.00476	0.00416	0.00436	0.00751
22	0.00618	0.00457	0.00577	0.00547	0.00659	0.00416	0.00410	0.00814	0.01230	0.01708	0.69970	0.03483	0.15557	0.00947	0.00528	0.00142	0.00213	0.00829	0.00481	0.00416
23	0.01049	0.01004	0.01711	0.20547	0.64141	0.01048	0.01344	0.01322	0.00991	0.01391	0.00831	0.01126	0.00684	0.00409	0.00444	0.00136	0.00546	0.00398	0.00216	0.00662
24	0.00549	0.00454	0.00481	0.00474	0.00616	0.00386	0.00355	0.00680	0.01066	0.01320	0.19101	0.04122	0.66669	0.01091	0.00528	0.00149	0.00224	0.00918	0.00430	0.00386
25	0.00649	0.00441	0.00525	0.00525	0.00538	0.00454	0.00318	0.00675	0.00662	0.00895	0.01375	0.02737	0.01544	0.71113	0.15330	0.00480	0.00558	0.00623	0.00266	0.00292
26	0.01200	0.68153	0.07267	0.00845	0.01217	0.03947	0.00841	0.04945	0.00962	0.01159	0.00654	0.00767	0.00583	0.00419	0.00378	0.00107	0.05507	0.00263	0.00204	0.00581
27	0.00684	0.00520	0.00618	0.00588	0.00719	0.00494	0.00443	0.05614	0.04642	0.01636	0.44149	0.11444	0.23554	0.00988	0.00526	0.00149	0.00246	0.02089	0.00459	0.00437
28	0.01068	0.04153	0.01627	0.24148	0.48378	0.01081	0.01242	0.05540	0.04482	0.01453	0.00884	0.01146	0.00711	0.00429	0.00437	0.00136	0.00532	0.00397	0.01509	0.00645
29	0.08020	0.07773	0.01387	0.01201	0.06197	0.59010	0.03855	0.05157	0.01218	0.01272	0.00715	0.00840	0.00589	0.00448	0.00395	0.00119	0.00716	0.00302	0.00240	0.00545
30	0.63362	0.01071	0.00893	0.07399	0.01188	0.13695	0.04037	0.01380	0.00864	0.01770	0.00660	0.00797	0.00516	0.00423	0.00321	0.00136	0.00456	0.00274	0.00261	0.00496
31	0.27205	0.01102	0.01216	0.01064	0.05548	0.09947	0.10839	0.09820	0.17127	0.08830	0.01096	0.01186	0.00827	0.00492	0.00406	0.00141	0.00479	0.01720	0.00342	0.00612

[dist]
# distance from previous block
# <min> <max>
0	2

[block]
# block no. 1 follows, 58 sequences, length 41
# corresponding to MSA columns:
# 767-807
name=unknown_B
#
# <colnr> <probs for GDERKNQSTAVLIFYWHMCP>
#	G	D	E	R	K	N	Q	S	T	A	V	L	I	F	Y	W	H	M	C	P
0	0.00993	0.00796	0.00960	0.06125	0.09734	0.00845	0.00695	0.09355	0.26862	0.05286	0.05523	0.04446	0.22019	0.03689	0.00542	0.00157	0.00365	0.00625	0.00401	0.00581
1	0.00582	0.00402	0.00528	0.00616	0.00653	0.00373	0.00413	0.00660	0.00864	0.02993	0.02477	0.76426	0.05436	0.04488	0.00631	0.00189	0.00268	0.01219	0.00413	0.00370
2	0.00809	0.00577	0.00690	0.00673	0.02768	0.00557	0.00491	0.04833	0.09964	0.07559	0.27192	0.15276	0.24956	0.00958	0.00515	0.00150	0.00273	0.00827	0.00451	0.00481
3	0.01873	0.02333	0.03420	0.00908	0.03901	0.00808	0.00739	0.12601	0.02888	0.63255	0.01595	0.01421	0.01028	0.00541	0.00446	0.00137	0.00410	0.00436	0.00510	0.00752
4	0.01123	0.48866	0.14724	0.00878	0.01262	0.04653	0.00884	0.01530	0.15251	0.01297	0.04964	0.01061	0.00900	0.00460	0.00356	0.00116	0.00485	0.00332	0.00255	0.00602
5	0.00545	0.00389	0.00519	0.00623	0.00649	0.00363	0.00415	0.00623	0.00856	0.01142	0.02465	0.83987	0.02959	0.01401	0.00571	0.00182	0.00260	0.01272	0.00415	0.00363
6	0.01026	0.00989	0.04269	0.31708	0.37812	0.01018	0.04236	0.04143	0.02689	0.03420	0.01008	0.01271	0.03533	0.00456	0.00451	0.00141	0.00548	0.00424	0.00241	0.00617
7	0.74554	0.01034	0.08224	0.00673	0.00978	0.03870	0.00605	0.01326	0.00798	0.01902	0.00681	0.02497	0.00547	0.00438	0.00301	0.00139	0.00390	0.00274	0.00270	0.00500
8	0.00979	0.00979	0.01370	0.01174	0.01174	0.01370	0.00979	0.01077	0.00685	0.01077	0.00587	0.00979	0.00587	0.00783	0.01468	0.00196	0.83461	0.00391	0.00196	0.00489
9	0.03504	0.10231	0.44513	0.01066	0.01522	0.00983	0.05748	0.01283	0.02010	0.03313	0.03159	0.01303	0.02025	0.06422	0.10824	0.00229	0.00660	0.00397	0.00230	0.00577
10	0.82587	0.00851	0.00664	0.00591	0.00866	0.00978	0.00486	0.01337	0.00782	0.04617	0.00680	0.00775	0.00521	0.00422	0.00283	0.00138	0.00344	0.00253	0.02332	0.00492
11	0.00928	0.00795	0.00928	0.00663	0.01060	0.00596	0.00530	0.01126	0.00928	0.01458	0.00795	0.00928	0.00663	0.00331	0.00331	0.00066	0.00331	0.00265	0.00265	0.87014
12	0.00633	0.00457	0.00598	0.00563	0.00668	0.00422	0.00422	0.00844	0.01266	0.01794	0.81253	0.03341	0.04221	0.00914	0.00528	0.00141	0.00211	0.00809	0.00492	0.00422
13	0.00777	0.00389	0.00583	0.00583	0.00583	0.00389	0.00389	0.00583	0.00583	0.00777	0.00777	0.01360	0.00777	0.01554	0.01748	0.86985	0.00389	0.00389	0.00194	0.00194
14	0.01056	0.01207	0.02640	0.01885	0.02338	0.01131	0.79864	0.01433	0.01056	0.01433	0.00905	0.01207	0.00679	0.00377	0.00528	0.00151	0.00754	0.00528	0.00226	0.00603
15	0.00611	0.00451	0.00570	0.00552	0.00657	0.00411	0.00409	0.00796	0.01196	0.01654	0.63510	0.10161	0.15387	0.00987	0.00531	0.00146	0.00217	0.00867	0.00475	0.00411
16	0.03990	0.00786	0.01022	0.00794	0.01127	0.00716	0.00653	0.06550	0.04338	0.69297	0.01688	0.01489	0.01084	0.00550	0.00441	0.00137	0.00379	0.00443	0.03777	0.00740
17	0.00777	0.00389	0.00583	0.00583	0.00583	0.00389	0.00389	0.00583	0.00583	0.00777	0.00777	0.01360	0.00777	0.01554	0.01748	0.86985	0.00389	0.00389	0.00194	0.00194
18	0.06687	0.00838	0.01061	0.00818	0.01162	0.00783	0.00676	0.13426	0.01371	0.65923	0.01601	0.01413	0.01023	0.00544	0.00440	0.00138	0.00395	0.00432	0.00523	0.00746
19	0.00998	0.01011	0.01367	0.01174	0.01180	0.03661	0.00975	0.01097	0.00702	0.01077	0.00590	0.00974	0.00587	0.00774	0.01438	0.00193	0.81126	0.00389	0.00197	0.00490
20	0.00928	0.00795	0.00928	0.00663	0.01060	0.00596	0.00530	0.01126	0.00928	0.01458	0.00795	0.00928	0.00663	0.00331	0.00331	0.00066	0.00331	0.00265	0.00265	0.87014
21	0.00880	0.00789	0.03476	0.08301	0.27435	0.00776	0.01003	0.01170	0.04644	0.01389	0.01670	0.03169	0.01689	0.00845	0.00534	0.00173	0.00471	0.40722	0.00328	0.00536
22	0.00646	0.00452	0.00581	0.00581	0.00614	0.00484	0.00388	0.00711	0.00678	0.00937	0.01324	0.02454	0.01421	0.51535	0.34740	0.00549	0.00743	0.00581	0.00258	0.00323
23	0.84155	0.04051	0.00722	0.00595	0.00876	0.01033	0.00495	0.01316	0.00767	0.01971	0.00623	0.00726	0.00488	0.00414	0.00277	0.00137	0.00351	0.00242	0.00274	0.00488
24	0.01618	0.01952	0.01274	0.01182	0.04410	0.68932	0.00868	0.09223	0.01338	0.01297	0.03377	0.00927	0.00718	0.00481	0.00413	0.00119	0.00747	0.00320	0.00259	0.00546
25	0.00574	0.00447	0.00523	0.00560	0.00659	0.00405	0.00407	0.00718	0.02994	0.01266	0.11606	0.32605	0.37182	0.02380	0.00572	0.00168	0.00254	0.05870	0.00422	0.00386
26	0.00546	0.00395	0.00517	0.00611	0.00647	0.00366	0.00411	0.00629	0.00876	0.01162	0.04510	0.77117	0.07815	0.01373	0.00567	0.00179	0.00256	0.01240	0.00417	0.00366
27	0.02000	0.00772	0.01045	0.00801	0.01147	0.00674	0.00662	0.03935	0.01299	0.80017	0.01749	0.01512	0.01099	0.00553	0.00450	0.00138	0.00383	0.00449	0.00551	0.00761
28	0.01678	0.01242	0.01330	0.01025	0.01379	0.01377	0.00845	0.77080	0.05057	0.02784	0.01102	0.01096	0.00783	0.00540	0.00448	0.00135	0.00487	0.00407	0.00448	0.00759
29	0.00858	0.00441	0.00443	0.00434	0.00546	0.00444	0.00328	0.03271	0.00971	0.01700	0.01448	0.01651	0.01136	0.00522	0.00316	0.00105	0.00216	0.00417	0.84327	0.00427
30	0.06092	0.01233	0.01307	0.01007	0.01360	0.01368	0.00831	0.75967	0.02034	0.02778	0.01051	0.01056	0.00747	0.00531	0.00439	0.00134	0.00485	0.00395	0.00439	0.00747
31	0.00639	0.00479	0.00719	0.00719	0.00799	0.00559	0.00559	0.00799	0.00719	0.01038	0.01198	0.01757	0.01118	0.03355	0.82507	0.00719	0.01198	0.00479	0.00240	0.00399
32	0.01196	0.84548	0.02344	0.00765	0.01148	0.01770	0.00765	0.01339	0.00909	0.01052	0.00622	0.00718	0.00574	0.00383	0.00287	0.00096	0.00478	0.00239	0.00191	0.00574
33	0.00868	0.00811	0.01373	0.72627	0.08557	0.00982	0.03079	0.01163	0.00909	0.01191	0.00824	0.01204	0.00626	0.00445	0.00444	0.00146	0.00582	0.00401	0.03257	0.00512
34	0.01110	0.01056	0.01760	0.03912	0.73767	0.01078	0.01328	0.02849	0.03707	0.01484	0.00871	0.01123	0.00726	0.00420	0.00472	0.00136	0.02866	0.00402	0.00232	0.00700
35	0.00633	0.00457	0.00598	0.00563	0.00668	0.00422	0.00422	0.00844	0.01266	0.01794	0.81253	0.03341	0.04221	0.00914	0.00528	0.00141	0.00211	0.00809	0.00492	0.00422
36	0.00532	0.00453	0.00458	0.00457	0.00607	0.00379	0.00343	0.00649	0.01028	0.01230	0.07298	0.04270	0.78528	0.01125	0.00529	0.00151	0.00226	0.00939	0.00418	0.00379
37	0.00550	0.00451	0.00485	0.00482	0.00619	0.00386	0.00359	0.00681	0.01062	0.01322	0.19691	0.07320	0.62840	0.01100	0.00530	0.00150	0.00225	0.00930	0.00431	0.00386
38	0.00777	0.00389	0.00583	0.00583	0.00583	0.00389	0.00389	0.00583	0.00583	0.00777	0.00777	0.01360	0.00777	0.01554	0.01748	0.86985	0.00389	0.00389	0.00194	0.00194
39	0.01160	0.01030	0.01740	0.06012	0.72436	0.01031	0.01316	0.01421	0.01032	0.07181	0.00905	0.01140	0.00732	0.00412	0.00444	0.00134	0.00523	0.00402	0.00244	0.00703
40	0.00927	0.05764	0.71639	0.01250	0.01867	0.01064	0.03811	0.03208	0.00976	0.01431	0.00857	0.01083	0.00642	0.00452	0.00429	0.00142	0.00644	0.02963	0.00204	0.00650

[dist]
# distance from previous block
# <min> <max>
1	4

[block]
# block no. 2 follows, 58 sequences, length 44
# corresponding to MSA columns:
# 818-861
name=unknown_C
#
# <colnr> <probs for GDERKNQSTAVLIFYWHMCP>
#	G	D	E	R	K	N	Q	S	T	A	V	L	I	F	Y	W	H	M	C	P
0	0.57977	0.08082	0.01046	0.02501	0.07832	0.03950	0.03018	0.06618	0.02617	0.01865	0.00711	0.00828	0.00559	0.00424	0.00322	0.00134	0.00416	0.00285	0.00275	0.00539
1	0.04194	0.14743	0.20767	0.02542	0.11030	0.01163	0.06167	0.05655	0.21169	0.01580	0.04324	0.01289	0.02475	0.00497	0.00421	0.00136	0.00497	0.00413	0.00296	0.00642
2	0.00774	0.00390	0.00581	0.00581	0.00581	0.00390	0.00386	0.00584	0.00584	0.00779	0.00792	0.01397	0.00797	0.03500	0.01761	0.84950	0.00390	0.00395	0.00196	0.00196
3	0.08586	0.13664	0.12535	0.00939	0.03830	0.03920	0.00828	0.09374	0.24666	0.03345	0.11574	0.01483	0.02300	0.00558	0.00418	0.00135	0.00431	0.00441	0.00353	0.00621
4	0.01193	0.01188	0.01702	0.03810	0.66353	0.11821	0.01272	0.01436	0.01053	0.03097	0.00839	0.01074	0.00697	0.00410	0.00436	0.00130	0.00562	0.00382	0.00230	0.02314
5	0.00651	0.00500	0.00596	0.00621	0.00724	0.00490	0.00460	0.01817	0.08594	0.01276	0.07068	0.25979	0.25853	0.06264	0.06233	0.02378	0.00353	0.09339	0.00397	0.00407
6	0.00713	0.00589	0.00886	0.00825	0.00899	0.00711	0.03486	0.00860	0.00721	0.01048	0.01096	0.01679	0.01044	0.08057	0.60366	0.00590	0.15306	0.00477	0.00234	0.00414
7	0.00974	0.02047	0.65983	0.01295	0.05155	0.01034	0.03178	0.01537	0.08572	0.04663	0.00942	0.01049	0.00673	0.00445	0.00432	0.00142	0.00617	0.00359	0.00231	0.00670
8	0.00704	0.00568	0.00796	0.00770	0.00839	0.02063	0.00602	0.00851	0.00726	0.01051	0.01125	0.01683	0.01060	0.05851	0.66162	0.00619	0.11596	0.00470	0.02055	0.00409
9	0.02992	0.04411	0.01177	0.01013	0.05329	0.09927	0.01953	0.16106	0.30670	0.11539	0.01441	0.01489	0.01916	0.00565	0.00437	0.00138	0.00447	0.03058	0.03534	0.01859
10	0.36107	0.08395	0.01074	0.00875	0.02659	0.31622	0.00682	0.04938	0.01049	0.01580	0.02266	0.00952	0.00681	0.00465	0.00349	0.00126	0.00534	0.01953	0.03176	0.00516
11	0.00966	0.00957	0.01335	0.01147	0.01147	0.01333	0.00950	0.01060	0.00684	0.01068	0.00620	0.01056	0.00629	0.04108	0.01500	0.00205	0.80154	0.00402	0.00199	0.00481
12	0.01184	0.73379	0.07087	0.00813	0.01202	0.03529	0.00819	0.01408	0.05021	0.01118	0.00696	0.00782	0.00614	0.00399	0.00307	0.00102	0.00491	0.00260	0.00206	0.00585
13	0.01722	0.01218	0.01321	0.01013	0.01370	0.01336	0.00837	0.74532	0.02045	0.08366	0.01122	0.01105	0.00785	0.00538	0.00448	0.00135	0.00484	0.00406	0.00455	0.00761
14	0.01700	0.01253	0.01342	0.01029	0.01387	0.01387	0.00850	0.79997	0.02103	0.02819	0.01074	0.01074	0.00761	0.00537	0.00447	0.00134	0.00492	0.00403	0.00447	0.00761
15	0.00633	0.00457	0.00598	0.00563	0.00668	0.00422	0.00422	0.00844	0.01266	0.01794	0.81253	0.03341	0.04221	0.00914	0.00528	0.00141	0.00211	0.00809	0.00492	0.00422
16	0.01671	0.02132	0.01268	0.01152	0.01383	0.82483	0.00864	0.01786	0.01268	0.01095	0.00691	0.00807	0.00576	0.00461	0.00403	0.00115	0.00807	0.00288	0.00230	0.00519
17	0.01711	0.01236	0.01332	0.01021	0.01379	0.01363	0.00844	0.77378	0.02075	0.05477	0.01097	0.01089	0.00772	0.00538	0.00448	0.00134	0.00488	0.00404	0.00451	0.00761
18	0.00606	0.00454	0.00562	0.00540	0.00653	0.00410	0.00403	0.00790	0.01195	0.01636	0.60842	0.06450	0.21849	0.00982	0.00529	0.00145	0.00216	0.00857	0.00472	0.00410
19	0.01303	0.02395	0.00934	0.04054	0.01048	0.06096	0.06090	0.05300	0.01124	0.25452	0.01398	0.01468	0.01012	0.00512	0.00386	0.00121	0.00372	0.00421	0.39951	0.00562
20	0.00751	0.00398	0.00563	0.00563	0.00563	0.00398	0.00364	0.00597	0.00597	0.00796	0.00908	0.01685	0.00953	0.18733	0.01858	0.69012	0.00398	0.00443	0.00210	0.00210
21	0.12509	0.00774	0.00991	0.00770	0.01108	0.00700	0.00636	0.02074	0.01217	0.71990	0.01624	0.01425	0.01031	0.00537	0.00429	0.00138	0.00376	0.00424	0.00520	0.00727
22	0.00928	0.00795	0.00928	0.00663	0.01060	0.00596	0.00530	0.01126	0.00928	0.01458	0.00795	0.00928	0.00663	0.00331	0.00331	0.00066	0.00331	0.00265	0.00265	0.87014
23	0.01015	0.02062	0.02988	0.05333	0.03684	0.02688	0.04827	0.05079	0.00873	0.05323	0.00977	0.01280	0.04257	0.01041	0.12137	0.00244	0.41959	0.00429	0.00248	0.03557
24	0.00960	0.19488	0.65334	0.01169	0.01772	0.01192	0.01467	0.01401	0.00937	0.01341	0.00765	0.00897	0.00568	0.00416	0.00396	0.00132	0.00623	0.00311	0.00189	0.00643
25	0.00656	0.00484	0.00646	0.00641	0.00681	0.00540	0.00453	0.00741	0.00703	0.00980	0.01389	0.07279	0.02927	0.36032	0.38436	0.00528	0.05667	0.00601	0.00264	0.00350
26	0.87439	0.00865	0.00657	0.00588	0.00865	0.01003	0.00484	0.01315	0.00761	0.02007	0.00623	0.00727	0.00484	0.00415	0.00277	0.00138	0.00346	0.00242	0.00277	0.00484
27	0.00544	0.00392	0.00516	0.00615	0.00647	0.00364	0.00412	0.00624	0.00864	0.01145	0.02556	0.80481	0.06406	0.01390	0.00569	0.00180	0.00258	0.01257	0.00415	0.00364
28	0.00593	0.00475	0.00539	0.00561	0.00694	0.00427	0.00441	0.00759	0.02847	0.01296	0.10121	0.08146	0.52370	0.01138	0.00548	0.00164	0.00270	0.17792	0.00422	0.00396
29	0.00549	0.00391	0.00518	0.00617	0.00642	0.00366	0.00409	0.00624	0.00848	0.01131	0.02423	0.80721	0.02905	0.04741	0.00640	0.00192	0.00267	0.01247	0.00409	0.00360
30	0.01853	0.00741	0.00998	0.00779	0.01100	0.00653	0.00638	0.02068	0.04082	0.71832	0.08865	0.01690	0.01394	0.00588	0.00457	0.00139	0.00365	0.00484	0.00545	0.00729
31	0.00984	0.00496	0.00526	0.00488	0.00628	0.00495	0.00375	0.04646	0.02553	0.09034	0.01477	0.01628	0.01130	0.00526	0.00334	0.00110	0.00239	0.00421	0.73440	0.00469
32	0.78274	0.00842	0.00676	0.00597	0.00872	0.00958	0.00491	0.01366	0.00804	0.07650	0.00734	0.00817	0.00552	0.00429	0.00290	0.00137	0.00344	0.00263	0.03403	0.00502
33	0.01712	0.01235	0.01331	0.01021	0.01378	0.01361	0.00843	0.77178	0.02073	0.05681	0.01099	0.01090	0.00773	0.00538	0.00448	0.00134	0.00488	0.00404	0.00451	0.00761
34	0.01720	0.01222	0.01323	0.01014	0.01372	0.01341	0.00838	0.75048	0.02051	0.07842	0.01118	0.01102	0.00783	0.00538	0.00448	0.00135	0.00485	0.00406	0.00454	0.00761
35	0.01196	0.84548	0.02344	0.00765	0.01148	0.01770	0.00765	0.01339	0.00909	0.01052	0.00622	0.00718	0.00574	0.00383	0.00287	0.00096	0.00478	0.00239	0.00191	0.00574
36	0.77806	0.00842	0.00696	0.03895	0.00962	0.00971	0.00530	0.01306	0.00791	0.03549	0.00743	0.00983	0.00609	0.00461	0.00305	0.00142	0.00360	0.04276	0.00286	0.00487
37	0.01741	0.01028	0.01181	0.00921	0.01259	0.01073	0.00756	0.42240	0.09453	0.31930	0.01409	0.01308	0.00955	0.00550	0.00447	0.00137	0.00432	0.00430	0.01998	0.00750
38	0.00635	0.00468	0.00527	0.00508	0.00652	0.00404	0.00382	0.00779	0.01100	0.05520	0.26529	0.06253	0.52546	0.01048	0.00526	0.00148	0.00231	0.00889	0.00445	0.00410
39	0.01714	0.01231	0.01329	0.01019	0.01376	0.01355	0.00842	0.76573	0.02067	0.06294	0.01104	0.01094	0.00776	0.00538	0.00448	0.00134	0.00487	0.00405	0.00452	0.00761
40	0.00567	0.00454	0.00508	0.00515	0.00637	0.00401	0.00378	0.00721	0.02724	0.01343	0.21322	0.16855	0.49759	0.01116	0.00534	0.00154	0.00231	0.00957	0.00433	0.00392
41	0.00567	0.00436	0.00552	0.00612	0.00667	0.00421	0.00428	0.00659	0.00900	0.01179	0.05995	0.59061	0.20004	0.01291	0.00606	0.00174	0.04529	0.01136	0.00407	0.00375
42	0.02384	0.01068	0.01148	0.00973	0.02606	0.01198	0.00767	0.36939	0.38811	0.03226	0.01527	0.01460	0.03437	0.00624	0.01629	0.00151	0.00427	0.00467	0.00443	0.00715
43	0.02303	0.00929	0.00938	0.00836	0.01007	0.13969	0.02134	0.16235	0.01144	0.04514	0.01225	0.07251	0.01092	0.03528	0.23048	0.00303	0.04244	0.01721	0.13073	0.00507

[dist]
# distance from previous block
# <min> <max>
2	4

[block]
# block no. 3 follows, 58 sequences, length 8
# corresponding to MSA columns:
# 866-873
name=unknown_D
#
# <colnr> <probs for GDERKNQSTAVLIFYWHMCP>
#	G	D	E	R	K	N	Q	S	T	A	V	L	I	F	Y	W	H	M	C	P
0	0.56273	0.11302	0.02922	0.00753	0.01051	0.05926	0.03154	0.05185	0.05124	0.01814	0.00724	0.00823	0.00571	0.00438	0.00343	0.00134	0.02376	0.00281	0.00276	0.00531
1	0.03658	0.01084	0.01339	0.06513	0.01490	0.12472	0.16345	0.04721	0.24822	0.04085	0.05087	0.04641	0.01269	0.00612	0.00494	0.00149	0.02151	0.06647	0.00348	0.02073
2	0.00767	0.00392	0.00575	0.00575	0.00575	0.00392	0.00379	0.00588	0.00588	0.00784	0.00827	0.01483	0.00844	0.08082	0.01790	0.80155	0.00392	0.00409	0.00200	0.00200
3	0.01062	0.37700	0.39755	0.01040	0.01530	0.01387	0.01199	0.04369	0.00958	0.01293	0.00722	0.00853	0.00578	0.00432	0.00428	0.00125	0.05453	0.00297	0.00200	0.00617
4	0.01296	0.00747	0.00912	0.00772	0.01007	0.00754	0.00621	0.11209	0.12904	0.27760	0.18979	0.02257	0.07127	0.00723	0.00514	0.00146	0.03320	0.05155	0.03182	0.00614
5	0.01066	0.01041	0.01835	0.05000	0.58958	0.01039	0.13760	0.01386	0.04165	0.01480	0.05153	0.01266	0.00912	0.00432	0.00461	0.00137	0.00545	0.00445	0.00245	0.00670
6	0.01107	0.01063	0.01816	0.02746	0.81489	0.01063	0.01373	0.01373	0.01019	0.01461	0.00841	0.01107	0.00709	0.00399	0.00443	0.00133	0.00531	0.00399	0.00221	0.00709
7	0.00543	0.00456	0.00473	0.00477	0.00623	0.00387	0.00363	0.00666	0.01032	0.01244	0.08204	0.04294	0.73668	0.01127	0.00533	0.00153	0.00235	0.04722	0.00419	0.00381

[dist]
# distance from previous block
# <min> <max>
1	2

[block]
# block no. 4 follows, 58 sequences, length 15
# corresponding to MSA columns:
# 876-890
name=unknown_E
#
# <colnr> <probs for GDERKNQSTAVLIFYWHMCP>
#	G	D	E	R	K	N	Q	S	T	A	V	L	I	F	Y	W	H	M	C	P
0	0.01985	0.00797	0.01060	0.00813	0.01160	0.00710	0.00671	0.07808	0.01340	0.76087	0.01715	0.01490	0.01082	0.00552	0.00450	0.00138	0.00389	0.00446	0.00546	0.00761
1	0.00979	0.00979	0.01370	0.01174	0.01174	0.01370	0.00979	0.01077	0.00685	0.01077	0.00587	0.00979	0.00587	0.00783	0.01468	0.00196	0.83461	0.00391	0.00196	0.00489
2	0.01334	0.01012	0.01042	0.00904	0.01174	0.06911	0.00710	0.06741	0.53770	0.16285	0.03990	0.01594	0.01310	0.00592	0.00452	0.00145	0.00395	0.00483	0.00457	0.00699
3	0.03191	0.00466	0.00478	0.00471	0.00620	0.00402	0.00355	0.00688	0.01043	0.01307	0.14132	0.04074	0.69078	0.01083	0.00521	0.00149	0.00228	0.00906	0.00421	0.00387
4	0.82777	0.00886	0.00695	0.00612	0.00893	0.01024	0.00504	0.05593	0.00834	0.02051	0.00647	0.00746	0.00499	0.00422	0.00286	0.00138	0.00354	0.00251	0.00286	0.00499
5	0.00814	0.00421	0.00435	0.00432	0.00536	0.00417	0.00324	0.01022	0.00971	0.01680	0.09443	0.01835	0.01454	0.00561	0.00334	0.00108	0.00209	0.00456	0.78131	0.00417
6	0.01671	0.02132	0.01268	0.01152	0.01383	0.82483	0.00864	0.01786	0.01268	0.01095	0.00691	0.00807	0.00576	0.00461	0.00403	0.00115	0.00807	0.00288	0.00230	0.00519
7	0.01912	0.00824	0.01066	0.00827	0.01167	0.00762	0.00680	0.09750	0.07188	0.68264	0.01702	0.01490	0.01093	0.00556	0.00450	0.00139	0.00390	0.00449	0.00536	0.00757
8	0.00616	0.00454	0.00575	0.00550	0.00659	0.00414	0.00410	0.00808	0.01218	0.01690	0.67864	0.06342	0.14813	0.00962	0.00529	0.00144	0.00215	0.00844	0.00479	0.00414
9	0.01649	0.01212	0.01297	0.01002	0.01347	0.01342	0.00825	0.74499	0.04637	0.02745	0.01113	0.01116	0.00795	0.00539	0.00443	0.00134	0.00477	0.00407	0.03675	0.00746
10	0.00777	0.00389	0.00583	0.00583	0.00583	0.00389	0.00389	0.00583	0.00583	0.00777	0.00777	0.01360	0.00777	0.01554	0.01748	0.86985	0.00389	0.00389	0.00194	0.00194
11	0.01521	0.00637	0.00796	0.00649	0.00898	0.00583	0.00524	0.04188	0.01168	0.46767	0.01619	0.01567	0.01112	0.00540	0.00394	0.00124	0.00314	0.00435	0.35543	0.00621
12	0.00963	0.00818	0.00946	0.00684	0.01076	0.00642	0.00548	0.04158	0.03469	0.01522	0.00838	0.00956	0.00688	0.00348	0.00340	0.00072	0.00338	0.00278	0.00278	0.81039
13	0.03815	0.03818	0.01101	0.00815	0.01149	0.00823	0.00675	0.16368	0.01397	0.55526	0.06550	0.01493	0.01195	0.00559	0.00442	0.00135	0.00392	0.00447	0.00504	0.02796
14	0.03900	0.00681	0.00741	0.00680	0.00852	0.05557	0.03024	0.01152	0.12840	0.05382	0.25230	0.08843	0.26282	0.00896	0.00502	0.00148	0.00310	0.02077	0.00428	0.00477

[dist]
# distance from previous block
# <min> <max>
0	22

[block]
# block no. 5 follows, 58 sequences, length 18
# corresponding to MSA columns:
# 913-930
name=unknown_F
#
# <colnr> <probs for GDERKNQSTAVLIFYWHMCP>
#	G	D	E	R	K	N	Q	S	T	A	V	L	I	F	Y	W	H	M	C	P
0	0.02512	0.00773	0.01042	0.00932	0.05016	0.04557	0.08461	0.02410	0.03026	0.11268	0.01424	0.10344	0.04262	0.05344	0.18037	0.00270	0.00595	0.02324	0.00321	0.17081
1	0.04999	0.00651	0.02058	0.00699	0.04331	0.01951	0.00515	0.03205	0.07329	0.01616	0.34682	0.02907	0.24556	0.00829	0.00484	0.00137	0.00282	0.00704	0.00416	0.07646
2	0.01094	0.01049	0.01792	0.06823	0.77516	0.01059	0.01366	0.01361	0.01012	0.01445	0.00839	0.01111	0.00703	0.00401	0.00443	0.00134	0.00535	0.00399	0.00220	0.00698
3	0.00892	0.00854	0.01453	0.65974	0.12706	0.01026	0.04340	0.01180	0.00906	0.01191	0.00795	0.01172	0.00613	0.00455	0.00500	0.00149	0.04662	0.00402	0.00203	0.00527
4	0.00602	0.00418	0.00498	0.00538	0.00558	0.00403	0.00331	0.00639	0.00754	0.00996	0.02016	0.34512	0.07159	0.46841	0.01504	0.00318	0.00353	0.00910	0.00336	0.00314
5	0.01061	0.00552	0.00735	0.00635	0.00816	0.00495	0.00495	0.01260	0.01271	0.26703	0.56504	0.02775	0.03251	0.00802	0.00503	0.00140	0.00264	0.00697	0.00511	0.00528
6	0.01502	0.01155	0.01231	0.00989	0.01312	0.01295	0.00802	0.53835	0.28588	0.02500	0.01326	0.01275	0.00965	0.00561	0.00450	0.00140	0.00446	0.00437	0.00450	0.00743
7	0.79381	0.00855	0.00693	0.00608	0.00891	0.00971	0.00501	0.01397	0.00810	0.09533	0.00731	0.00802	0.00543	0.00428	0.00293	0.00138	0.00349	0.00262	0.00303	0.00511
8	0.87439	0.00865	0.00657	0.00588	0.00865	0.01003	0.00484	0.01315	0.00761	0.02007	0.00623	0.00727	0.00484	0.00415	0.00277	0.00138	0.00346	0.00242	0.00277	0.00484
9	0.00890	0.00433	0.00447	0.00435	0.00551	0.00428	0.00329	0.01097	0.00954	0.05486	0.01474	0.01661	0.01145	0.00523	0.00319	0.00106	0.00217	0.00418	0.82654	0.00433
10	0.01196	0.84548	0.02344	0.00765	0.01148	0.01770	0.00765	0.01339	0.00909	0.01052	0.00622	0.00718	0.00574	0.00383	0.00287	0.00096	0.00478	0.00239	0.00191	0.00574
11	0.01548	0.01923	0.01204	0.01101	0.01318	0.71111	0.00828	0.01718	0.04701	0.01123	0.00789	0.00935	0.00662	0.00743	0.08224	0.00174	0.00824	0.00316	0.00241	0.00516
12	0.00690	0.00485	0.00635	0.00737	0.04545	0.00469	0.00486	0.02205	0.04828	0.04285	0.02327	0.61902	0.05784	0.03182	0.00582	0.00178	0.00289	0.02311	0.03660	0.00420
13	0.00605	0.00456	0.00559	0.00534	0.00651	0.00410	0.00400	0.00790	0.01201	0.01638	0.60838	0.03598	0.24732	0.00973	0.00528	0.00143	0.00215	0.00845	0.00472	0.00410
14	0.01125	0.01105	0.01774	0.05303	0.75113	0.04934	0.01344	0.01385	0.01026	0.01434	0.00833	0.01096	0.00699	0.00403	0.00441	0.00133	0.00547	0.00393	0.00221	0.00693
15	0.00539	0.00441	0.00475	0.00493	0.00617	0.00378	0.00360	0.00651	0.01004	0.01233	0.09065	0.19597	0.61256	0.01171	0.00537	0.00156	0.00232	0.00999	0.00420	0.00378
16	0.00777	0.00389	0.00583	0.00583	0.00583	0.00389	0.00389	0.00583	0.00583	0.00777	0.00777	0.01360	0.00777	0.01554	0.01748	0.86985	0.00389	0.00389	0.00194	0.00194
17	0.01034	0.00994	0.01605	0.25458	0.44836	0.03322	0.04689	0.01353	0.04891	0.01377	0.00889	0.01171	0.00715	0.00437	0.00467	0.00139	0.02510	0.00407	0.03083	0.00623

[dist]
# distance from previous block
# <min> <max>
1	4

[block]
# block no. 6 follows, 58 sequences, length 48
# corresponding to MSA columns:
# 935-982
name=unknown_G
#
# <colnr> <probs for GDERKNQSTAVLIFYWHMCP>
#	G	D	E	R	K	N	Q	S	T	A	V	L	I	F	Y	W	H	M	C	P
0	0.26919	0.33939	0.12113	0.00802	0.01168	0.05218	0.00786	0.03042	0.04201	0.02670	0.03178	0.00897	0.00703	0.00432	0.00329	0.00120	0.00461	0.00290	0.00251	0.02481
1	0.38738	0.36106	0.05300	0.00820	0.03105	0.03978	0.03948	0.01352	0.00867	0.01512	0.00650	0.00765	0.00542	0.00402	0.00307	0.00120	0.00453	0.00262	0.00232	0.00542
2	0.00975	0.03491	0.07644	0.31225	0.09242	0.01097	0.30137	0.01341	0.04173	0.01320	0.00867	0.01169	0.00664	0.00435	0.00516	0.00148	0.04318	0.00440	0.00220	0.00576
3	0.00777	0.00389	0.00583	0.00583	0.00583	0.00389	0.00389	0.00583	0.00583	0.00777	0.00777	0.01360	0.00777	0.01554	0.01748	0.86985	0.00389	0.00389	0.00194	0.00194
4	0.00757	0.00744	0.05604	0.01223	0.24724	0.00636	0.00756	0.00971	0.01088	0.01473	0.25961	0.02894	0.27905	0.00812	0.00499	0.00143	0.00342	0.02595	0.00368	0.00506
5	0.00917	0.03532	0.73564	0.01231	0.01840	0.04360	0.01548	0.01393	0.00953	0.01385	0.00873	0.04823	0.00679	0.00471	0.00429	0.00142	0.00645	0.00371	0.00201	0.00640
6	0.00973	0.20005	0.59753	0.01229	0.04196	0.01201	0.03991	0.01399	0.00943	0.01340	0.00768	0.00909	0.00576	0.00413	0.00399	0.00132	0.00621	0.00319	0.00192	0.00642
7	0.01186	0.02973	0.05119	0.01473	0.05130	0.12454	0.36037	0.03159	0.06761	0.06224	0.01071	0.01255	0.03347	0.00495	0.00593	0.00147	0.10254	0.00463	0.01265	0.00595
8	0.01100	0.01029	0.01673	0.13224	0.61585	0.01072	0.01284	0.05095	0.06741	0.01512	0.00916	0.01157	0.00743	0.00426	0.00445	0.00136	0.00526	0.00406	0.00246	0.00683
9	0.00545	0.00389	0.00519	0.00623	0.00649	0.00363	0.00415	0.00623	0.00856	0.01142	0.02465	0.83987	0.02959	0.01401	0.00571	0.00182	0.00260	0.01272	0.00415	0.00363
10	0.00930	0.10278	0.72189	0.01241	0.01870	0.01112	0.03572	0.01410	0.00944	0.01382	0.00788	0.00929	0.00570	0.00420	0.00414	0.00137	0.00646	0.00327	0.00190	0.00651
11	0.19727	0.00713	0.00859	0.00715	0.00987	0.00679	0.00583	0.01680	0.01140	0.46013	0.12996	0.04466	0.01571	0.00645	0.00439	0.00144	0.00347	0.05205	0.00473	0.00620
12	0.00979	0.00979	0.01370	0.01174	0.01174	0.01370	0.00979	0.01077	0.00685	0.01077	0.00587	0.00979	0.00587	0.00783	0.01468	0.00196	0.83461	0.00391	0.00196	0.00489
13	0.01571	0.01172	0.01267	0.01000	0.01324	0.01307	0.00822	0.65912	0.09630	0.02606	0.01189	0.01283	0.00888	0.00574	0.00476	0.00139	0.02490	0.03149	0.02473	0.00729
14	0.01215	0.81228	0.02301	0.00781	0.01158	0.05021	0.00769	0.01357	0.00923	0.01054	0.00625	0.00721	0.00574	0.00386	0.00292	0.00096	0.00492	0.00241	0.00193	0.00572
15	0.00777	0.00389	0.00583	0.00583	0.00583	0.00389	0.00389	0.00583	0.00583	0.00777	0.00777	0.01360	0.00777	0.01554	0.01748	0.86985	0.00389	0.00389	0.00194	0.00194
16	0.00623	0.00457	0.00584	0.00552	0.00662	0.00418	0.00414	0.00825	0.01242	0.01737	0.73836	0.03435	0.11673	0.00936	0.00528	0.00142	0.00213	0.00822	0.00485	0.00418
17	0.00845	0.00795	0.01342	0.83204	0.03081	0.00994	0.01242	0.01143	0.00894	0.01143	0.00795	0.01193	0.00596	0.00447	0.00447	0.00149	0.00596	0.00398	0.00199	0.00497
18	0.01209	0.82211	0.02314	0.00776	0.01155	0.04059	0.00768	0.01352	0.00919	0.01054	0.00624	0.00720	0.00574	0.00385	0.00290	0.00096	0.00488	0.00241	0.00192	0.00572
19	0.00674	0.00465	0.00606	0.00570	0.00681	0.00429	0.00430	0.00884	0.01254	0.03761	0.75817	0.03284	0.04035	0.00901	0.00522	0.00141	0.00219	0.02192	0.02705	0.00430
20	0.07501	0.00761	0.01003	0.00777	0.01113	0.00674	0.00641	0.02093	0.01246	0.74798	0.03519	0.01513	0.01139	0.00553	0.00440	0.00138	0.00374	0.00445	0.00534	0.00736
21	0.00777	0.00389	0.00583	0.00583	0.00583	0.00389	0.00389	0.00583	0.00583	0.00777	0.00777	0.01360	0.00777	0.01554	0.01748	0.86985	0.00389	0.00389	0.00194	0.00194
22	0.02007	0.00761	0.01038	0.00796	0.01142	0.00657	0.00657	0.02180	0.01280	0.81799	0.01765	0.01523	0.01107	0.00554	0.00450	0.00138	0.00381	0.00450	0.00554	0.00761
23	0.00928	0.00795	0.00928	0.00663	0.01060	0.00596	0.00530	0.01126	0.00928	0.01458	0.00795	0.00928	0.00663	0.00331	0.00331	0.00066	0.00331	0.00265	0.00265	0.87014
24	0.01643	0.01216	0.01238	0.00974	0.01300	0.07548	0.00794	0.60200	0.04143	0.08532	0.01145	0.01146	0.00817	0.00533	0.00435	0.00131	0.00484	0.00401	0.06603	0.00716
25	0.00609	0.00461	0.00509	0.00502	0.00642	0.00396	0.00374	0.00739	0.01060	0.04556	0.18224	0.11147	0.57011	0.01094	0.00529	0.00151	0.00233	0.00929	0.00435	0.00400
26	0.78065	0.02363	0.00716	0.00613	0.00876	0.01007	0.00507	0.01312	0.00776	0.03365	0.00669	0.00781	0.00523	0.00435	0.00329	0.00139	0.03693	0.00258	0.03084	0.00489
27	0.00669	0.00515	0.00705	0.03054	0.00855	0.00488	0.03730	0.04304	0.00948	0.01281	0.05860	0.56493	0.04512	0.04516	0.00609	0.00177	0.00314	0.03652	0.00389	0.06930
28	0.10612	0.00950	0.01130	0.00844	0.01214	0.03276	0.07643	0.12677	0.02113	0.03484	0.00855	0.00971	0.00674	0.00393	0.00382	0.00097	0.01553	0.00315	0.00296	0.50522
29	0.00976	0.00907	0.01418	0.39520	0.09456	0.01038	0.09727	0.04221	0.19296	0.01459	0.04819	0.01388	0.00967	0.00504	0.00484	0.00149	0.02350	0.00456	0.00285	0.00582
30	0.01601	0.01236	0.01306	0.01035	0.01347	0.07636	0.02135	0.53509	0.09181	0.08397	0.01126	0.01137	0.00814	0.00555	0.00524	0.00140	0.06781	0.00408	0.00417	0.00714
31	0.00972	0.00794	0.01038	0.02859	0.03212	0.00834	0.08382	0.02860	0.33644	0.06407	0.08317	0.03513	0.16237	0.00825	0.02985	0.00170	0.00401	0.05555	0.00412	0.00581
32	0.00533	0.00449	0.00462	0.00472	0.00613	0.00379	0.00352	0.00645	0.01007	0.01205	0.04342	0.10326	0.74166	0.01155	0.00533	0.00154	0.00232	0.02183	0.00415	0.00377
33	0.02007	0.00761	0.01038	0.00796	0.01142	0.00657	0.00657	0.02180	0.01280	0.81799	0.01765	0.01523	0.01107	0.00554	0.00450	0.00138	0.00381	0.00450	0.00554	0.00761
34	0.01677	0.01241	0.01329	0.01024	0.01378	0.01376	0.00844	0.76839	0.05301	0.02781	0.01104	0.01098	0.00785	0.00540	0.00448	0.00135	0.00487	0.00407	0.00448	0.00759
35	0.00911	0.00440	0.00458	0.00442	0.00562	0.00433	0.00335	0.01117	0.00961	0.06943	0.01479	0.01658	0.01144	0.00523	0.00322	0.00106	0.00220	0.00419	0.81087	0.00440
36	0.09232	0.01219	0.01282	0.00990	0.01341	0.01354	0.00818	0.73086	0.01985	0.02748	0.01034	0.01043	0.00736	0.00526	0.00432	0.00135	0.00479	0.00389	0.00432	0.00736
37	0.01048	0.01258	0.06353	0.01857	0.02319	0.01127	0.76203	0.01432	0.01051	0.01432	0.00900	0.01194	0.00673	0.00379	0.00523	0.00150	0.00750	0.00519	0.00224	0.00606
38	0.01196	0.84548	0.02344	0.00765	0.01148	0.01770	0.00765	0.01339	0.00909	0.01052	0.00622	0.00718	0.00574	0.00383	0.00287	0.00096	0.00478	0.00239	0.00191	0.00574
39	0.25409	0.00781	0.01036	0.39046	0.07923	0.00916	0.00884	0.01219	0.02902	0.01503	0.00890	0.02249	0.00701	0.00462	0.00382	0.00139	0.00456	0.00371	0.12228	0.00502
40	0.00875	0.00824	0.01381	0.68661	0.07799	0.01012	0.03124	0.01157	0.00894	0.01179	0.00804	0.01186	0.00619	0.00466	0.00513	0.00150	0.06041	0.00401	0.02404	0.00510
41	0.00633	0.00457	0.00598	0.00563	0.00668	0.00422	0.00422	0.00844	0.01266	0.01794	0.81253	0.03341	0.04221	0.00914	0.00528	0.00141	0.00211	0.00809	0.00492	0.00422
42	0.00577	0.00453	0.00498	0.00496	0.00606	0.00406	0.00357	0.00686	0.00970	0.01221	0.14572	0.03823	0.49413	0.17727	0.03858	0.00228	0.00306	0.03049	0.00391	0.00364
43	0.00543	0.00450	0.00475	0.00476	0.00615	0.00383	0.00354	0.00667	0.01043	0.01280	0.14284	0.08433	0.67216	0.01119	0.00531	0.00151	0.00226	0.00944	0.00425	0.00383
44	0.00777	0.00389	0.00583	0.00583	0.00583	0.00389	0.00389	0.00583	0.00583	0.00777	0.00777	0.01360	0.00777	0.01554	0.01748	0.86985	0.00389	0.00389	0.00194	0.00194
45	0.01249	0.01066	0.01098	0.00974	0.02538	0.04664	0.00754	0.17842	0.59202	0.02014	0.01614	0.01547	0.01215	0.00591	0.00453	0.00147	0.00405	0.01481	0.00440	0.00707
46	0.01372	0.01148	0.01183	0.02284	0.08202	0.13895	0.04006	0.34598	0.03371	0.02033	0.01097	0.01206	0.00833	0.00503	0.00409	0.00125	0.00482	0.00395	0.22237	0.00619
47	0.01168	0.43961	0.17142	0.00957	0.01361	0.10310	0.03497	0.01535	0.11328	0.01257	0.00834	0.00916	0.00682	0.00427	0.00357	0.00115	0.00538	0.00307	0.00233	0.03078

[dist]
# distance from previous block
# <min> <max>
2	6

[block]
# block no. 7 follows, 58 sequences, length 55
# corresponding to MSA columns:
# 989-1043
name=unknown_H
#
# <colnr> <probs for GDERKNQSTAVLIFYWHMCP>
#	G	D	E	R	K	N	Q	S	T	A	V	L	I	F	Y	W	H	M	C	P
0	0.04367	0.01292	0.08768	0.01003	0.01300	0.16340	0.05018	0.17310	0.20902	0.04203	0.08272	0.04447	0.01274	0.00594	0.00450	0.00140	0.00501	0.01927	0.01270	0.00620
1	0.00777	0.00389	0.00583	0.00583	0.00583	0.00389	0.00389	0.00583	0.00583	0.00777	0.00777	0.01360	0.00777	0.01554	0.01748	0.86985	0.00389	0.00389	0.00194	0.00194
2	0.01278	0.01133	0.01221	0.05492	0.01400	0.09506	0.05934	0.18919	0.42393	0.03148	0.03815	0.01444	0.01149	0.00562	0.00455	0.00143	0.00466	0.00465	0.00404	0.00674
3	0.01330	0.01026	0.01183	0.00891	0.01250	0.02996	0.03411	0.31926	0.01412	0.07618	0.00964	0.01035	0.00727	0.00451	0.00443	0.00108	0.04047	0.00347	0.00351	0.38483
4	0.01134	0.01030	0.01427	0.03684	0.42809	0.04792	0.01059	0.02755	0.24999	0.04178	0.01287	0.01438	0.02955	0.00578	0.02505	0.00155	0.00494	0.01732	0.00314	0.00676
5	0.00647	0.00613	0.05902	0.00624	0.00777	0.00505	0.00505	0.00924	0.08958	0.01458	0.27762	0.21005	0.26589	0.01024	0.00524	0.00154	0.00270	0.00890	0.00429	0.00440
6	0.00548	0.00395	0.00519	0.00617	0.00652	0.00367	0.00417	0.00630	0.00869	0.01149	0.02577	0.78068	0.07249	0.01383	0.00570	0.00180	0.00261	0.02767	0.00415	0.00365
7	0.04043	0.01239	0.01298	0.01141	0.02357	0.21590	0.03427	0.05540	0.00938	0.01226	0.00780	0.05698	0.00746	0.00771	0.03443	0.00183	0.44416	0.00419	0.00236	0.00508
8	0.01078	0.01018	0.04035	0.01533	0.27625	0.03744	0.05432	0.01714	0.31060	0.04292	0.08047	0.01680	0.05615	0.00566	0.00462	0.00142	0.00443	0.00505	0.00353	0.00655
9	0.00644	0.00431	0.00490	0.00496	0.00497	0.00430	0.00279	0.00649	0.00662	0.00883	0.01470	0.07549	0.01702	0.79554	0.02180	0.00419	0.00424	0.00686	0.00279	0.00276
10	0.02962	0.51126	0.06300	0.00873	0.01234	0.18156	0.00814	0.05213	0.01044	0.01220	0.01601	0.00809	0.00629	0.00412	0.00332	0.00104	0.00541	0.00270	0.00221	0.06139
11	0.01191	0.79788	0.02314	0.00878	0.05729	0.01730	0.00800	0.01341	0.00915	0.01076	0.00634	0.00740	0.00582	0.00384	0.00296	0.00098	0.00481	0.00248	0.00193	0.00582
12	0.00701	0.00488	0.00633	0.00577	0.00708	0.00441	0.00437	0.00910	0.01247	0.04757	0.73702	0.03136	0.03902	0.00868	0.00514	0.00136	0.00224	0.00765	0.00482	0.05372
13	0.00610	0.00456	0.00566	0.00539	0.00654	0.00412	0.00404	0.00800	0.01212	0.01665	0.64394	0.03553	0.21160	0.00962	0.00528	0.00143	0.00214	0.00839	0.00475	0.00412
14	0.00777	0.00389	0.00583	0.00583	0.00583	0.00389	0.00389	0.00583	0.00583	0.00777	0.00777	0.01360	0.00777	0.01554	0.01748	0.86985	0.00389	0.00389	0.00194	0.00194
15	0.01268	0.01354	0.01289	0.01118	0.01255	0.28437	0.02835	0.11488	0.01088	0.01323	0.00858	0.08225	0.00816	0.00688	0.00877	0.00158	0.35699	0.00439	0.00260	0.00526
16	0.00625	0.00456	0.00588	0.00557	0.00664	0.00418	0.00417	0.00828	0.01244	0.01746	0.75179	0.04974	0.08753	0.00937	0.00529	0.00142	0.00213	0.00826	0.00486	0.00418
17	0.01700	0.01253	0.01342	0.01029	0.01387	0.01387	0.00850	0.79997	0.02103	0.02819	0.01074	0.01074	0.00761	0.00537	0.00447	0.00134	0.00492	0.00403	0.00447	0.00761
18	0.00777	0.00389	0.00583	0.00583	0.00583	0.00389	0.00389	0.00583	0.00583	0.00777	0.00777	0.01360	0.00777	0.01554	0.01748	0.86985	0.00389	0.00389	0.00194	0.00194
19	0.01717	0.01226	0.01326	0.01017	0.01374	0.01347	0.00840	0.75761	0.02058	0.07119	0.01112	0.01098	0.00780	0.00538	0.00448	0.00134	0.00486	0.00405	0.00453	0.00761
20	0.00593	0.00458	0.00555	0.00586	0.00678	0.00429	0.00426	0.00759	0.03972	0.01331	0.19247	0.35188	0.27275	0.01173	0.00560	0.00164	0.01510	0.04271	0.00429	0.00397
21	0.01143	0.01031	0.01024	0.00925	0.01174	0.06481	0.00719	0.02315	0.74183	0.01812	0.01755	0.01665	0.01332	0.00607	0.00454	0.00150	0.00385	0.01715	0.00440	0.00691
22	0.78796	0.00855	0.00696	0.00609	0.00893	0.00968	0.00502	0.01402	0.00814	0.10079	0.00738	0.00807	0.00547	0.00429	0.00294	0.00138	0.00350	0.00263	0.00305	0.00512
23	0.07363	0.04754	0.01268	0.02368	0.01367	0.69130	0.00841	0.05533	0.01257	0.01239	0.00705	0.00817	0.00579	0.00459	0.00394	0.00118	0.00746	0.00291	0.00242	0.00530
24	0.00553	0.00456	0.00486	0.00484	0.00626	0.00390	0.00366	0.00685	0.01061	0.01311	0.17287	0.04169	0.65794	0.01100	0.00531	0.00151	0.00230	0.03506	0.00428	0.00386
25	0.00545	0.00389	0.00519	0.00623	0.00649	0.00363	0.00415	0.00623	0.00856	0.01142	0.02465	0.83987	0.02959	0.01401	0.00571	0.00182	0.00260	0.01272	0.00415	0.00363
26	0.06577	0.00784	0.01029	0.00793	0.01136	0.00702	0.00655	0.04907	0.01282	0.74706	0.01679	0.01464	0.01062	0.00546	0.00440	0.00138	0.00383	0.00437	0.00535	0.00746
