[name]
unknown

[dist]
# distance from previous block
# <min> <max>
0	66

[block]
# block no. 0 follows, 54 sequences, length 149
# corresponding to MSA columns:
# 68-87,90-138,141-178,187-228
name=unknown_A
#
# <colnr> <probs for GDERKNQSTAVLIFYWHMCP>
#	G	D	E	R	K	N	Q	S	T	A	V	L	I	F	Y	W	H	M	C	P
0	0.00799	0.00545	0.00757	0.00849	0.00965	0.00542	0.00739	0.01015	0.01095	0.03604	0.04046	0.05073	0.02662	0.01253	0.00635	0.00211	0.00422	0.71340	0.03006	0.00445
1	0.72491	0.00844	0.00686	0.00620	0.00882	0.00960	0.00500	0.01320	0.00860	0.03650	0.07782	0.03558	0.00983	0.02789	0.00386	0.00156	0.00353	0.00357	0.00322	0.00501
2	0.00881	0.00806	0.01341	0.75930	0.03041	0.00999	0.01236	0.01184	0.00944	0.01233	0.00922	0.03522	0.00726	0.00503	0.00468	0.00156	0.00598	0.00445	0.04550	0.00516
3	0.00790	0.00598	0.00784	0.02540	0.01025	0.02978	0.00763	0.01001	0.01079	0.01386	0.02382	0.05040	0.02580	0.03508	0.00689	0.00220	0.00451	0.71332	0.00420	0.00435
4	0.01009	0.03469	0.01418	0.01187	0.01202	0.01388	0.00987	0.01114	0.00739	0.01136	0.00728	0.04971	0.00750	0.00900	0.03127	0.00214	0.74478	0.00454	0.00218	0.00510
5	0.11164	0.00926	0.01064	0.00854	0.01183	0.05109	0.00694	0.08739	0.04896	0.53100	0.01614	0.03889	0.01105	0.00671	0.02674	0.00163	0.00450	0.00466	0.00506	0.00731
6	0.00991	0.00843	0.01010	0.02449	0.03523	0.00681	0.00604	0.03496	0.00996	0.01531	0.00881	0.01112	0.00757	0.04995	0.00493	0.00100	0.01753	0.00316	0.00281	0.73188
7	0.80100	0.00919	0.00749	0.04757	0.01045	0.01068	0.00562	0.03498	0.00848	0.02093	0.00679	0.00801	0.00525	0.00443	0.00306	0.00146	0.00382	0.00268	0.00293	0.00519
8	0.01167	0.01120	0.01914	0.02894	0.80488	0.01120	0.01447	0.01447	0.01074	0.01540	0.00887	0.01167	0.00747	0.00420	0.00467	0.00140	0.00560	0.00420	0.00233	0.00747
9	0.86760	0.00912	0.00693	0.00620	0.00912	0.01058	0.00511	0.01386	0.00802	0.02115	0.00657	0.00766	0.00511	0.00438	0.00292	0.00146	0.00365	0.00255	0.00292	0.00511
10	0.00562	0.00459	0.00497	0.00528	0.00650	0.00394	0.00381	0.00671	0.01026	0.01254	0.04164	0.26653	0.58577	0.01274	0.00570	0.00168	0.00249	0.01092	0.00438	0.00394
11	0.01844	0.01238	0.01364	0.01045	0.01421	0.01339	0.00864	0.66649	0.02078	0.15435	0.01249	0.01208	0.00860	0.00569	0.00472	0.00142	0.00500	0.00432	0.00490	0.00802
12	0.05987	0.01245	0.02374	0.01859	0.09616	0.01219	0.55141	0.13380	0.01261	0.01771	0.00958	0.01212	0.00720	0.00428	0.00520	0.00154	0.00706	0.00507	0.00277	0.00665
13	0.01792	0.01321	0.01415	0.01085	0.01462	0.01462	0.00896	0.78916	0.02217	0.02972	0.01132	0.01132	0.00802	0.00566	0.00472	0.00142	0.00519	0.00425	0.00472	0.00802
14	0.02081	0.00858	0.01128	0.00865	0.01231	0.00775	0.00715	0.10468	0.01442	0.72514	0.01783	0.01554	0.01128	0.00582	0.00474	0.00145	0.00414	0.00469	0.00572	0.00802
15	0.00574	0.00412	0.00545	0.00652	0.00683	0.00383	0.00436	0.00657	0.00907	0.01205	0.02656	0.81055	0.05149	0.01470	0.00601	0.00191	0.00273	0.01331	0.00438	0.00383
16	0.00978	0.00838	0.00978	0.00698	0.01117	0.00629	0.00559	0.01187	0.00978	0.01536	0.00838	0.00978	0.00698	0.00349	0.00349	0.00070	0.00349	0.00279	0.00279	0.86312
17	0.00675	0.00501	0.00736	0.00736	0.00813	0.00578	0.00563	0.00828	0.00751	0.01079	0.01283	0.01961	0.01226	0.10583	0.74579	0.00731	0.01192	0.00521	0.00256	0.00409
18	0.00890	0.00838	0.01414	0.82296	0.03247	0.01048	0.01309	0.01205	0.00943	0.01205	0.00838	0.01257	0.00629	0.00471	0.00471	0.00157	0.00629	0.00419	0.00210	0.00524
19	0.00890	0.00838	0.01414	0.82296	0.03247	0.01048	0.01309	0.01205	0.00943	0.01205	0.00838	0.01257	0.00629	0.00471	0.00471	0.00157	0.00629	0.00419	0.00210	0.00524
20	0.04348	0.01269	0.01315	0.01047	0.01394	0.03787	0.00852	0.57736	0.18780	0.02675	0.01274	0.01247	0.00924	0.00575	0.00466	0.00145	0.00493	0.00439	0.00461	0.00773
21	0.00710	0.00533	0.00699	0.00671	0.03132	0.00481	0.00485	0.00933	0.01295	0.01849	0.70858	0.03227	0.04007	0.00893	0.00535	0.00141	0.00244	0.00789	0.00489	0.08028
22	0.00978	0.00838	0.00978	0.00698	0.01117	0.00629	0.00559	0.01187	0.00978	0.01536	0.00838	0.00978	0.00698	0.00349	0.00349	0.00070	0.00349	0.00279	0.00279	0.86312
23	0.01249	0.01076	0.01107	0.00979	0.01255	0.03315	0.00765	0.09984	0.69983	0.02049	0.01811	0.01674	0.01355	0.00628	0.00478	0.00157	0.00400	0.00516	0.00473	0.00747
24	0.00819	0.00410	0.00614	0.00614	0.00614	0.00410	0.00410	0.00614	0.00614	0.00819	0.00819	0.01433	0.00819	0.01638	0.01843	0.86282	0.00410	0.00410	0.00205	0.00205
25	0.00602	0.00455	0.00663	0.00726	0.00776	0.00425	0.04504	0.00701	0.00914	0.01220	0.02513	0.78873	0.02994	0.01421	0.00599	0.00190	0.00301	0.01300	0.00427	0.00396
26	0.01167	0.01120	0.01914	0.02894	0.80488	0.01120	0.01447	0.01447	0.01074	0.01540	0.00887	0.01167	0.00747	0.00420	0.00467	0.00140	0.00560	0.00420	0.00233	0.00747
27	0.00630	0.00466	0.00596	0.00681	0.00732	0.00455	0.00465	0.00827	0.07862	0.01294	0.05087	0.73333	0.03014	0.01386	0.00590	0.00187	0.00281	0.01253	0.00444	0.00417
28	0.01389	0.01187	0.01175	0.01010	0.01303	0.07789	0.00796	0.21462	0.52803	0.03352	0.01625	0.01527	0.01209	0.00608	0.00473	0.00152	0.00449	0.00486	0.00460	0.00745
29	0.01728	0.01118	0.01297	0.00983	0.01366	0.01139	0.02411	0.46475	0.01788	0.21612	0.01259	0.01225	0.00872	0.00533	0.00455	0.00132	0.00469	0.00416	0.00464	0.14257
30	0.01121	0.48898	0.28949	0.08176	0.01671	0.01533	0.01168	0.01421	0.00969	0.01248	0.00736	0.00881	0.00605	0.00424	0.00367	0.00122	0.00580	0.00299	0.00202	0.00629
31	0.01211	0.70847	0.14901	0.00892	0.01342	0.01744	0.00955	0.01425	0.00964	0.01170	0.00686	0.00794	0.00604	0.00410	0.00326	0.00109	0.00535	0.00267	0.00201	0.00620
32	0.00672	0.00479	0.00604	0.00572	0.00688	0.00440	0.00429	0.00885	0.01288	0.01827	0.68150	0.03490	0.10915	0.00956	0.00541	0.00147	0.00224	0.00837	0.06416	0.00440
33	0.01107	0.01088	0.03754	0.02556	0.66633	0.01051	0.03528	0.01407	0.02296	0.01582	0.09346	0.01425	0.01147	0.00481	0.00479	0.00142	0.00531	0.00470	0.00267	0.00710
34	0.01029	0.18737	0.58154	0.01372	0.08793	0.01253	0.01527	0.01473	0.00995	0.01420	0.00811	0.00962	0.00612	0.00437	0.00420	0.00139	0.00646	0.00335	0.00203	0.00683
35	0.01005	0.01083	0.02184	0.01624	0.01983	0.01056	0.54856	0.01352	0.03343	0.01444	0.01455	0.07327	0.07977	0.00662	0.02069	0.00177	0.06807	0.02732	0.00280	0.00582
36	0.00562	0.00479	0.00485	0.00488	0.00646	0.00402	0.00369	0.00684	0.01075	0.01277	0.04718	0.04558	0.78310	0.01197	0.00560	0.00161	0.00244	0.02949	0.00438	0.00399
37	0.00746	0.00572	0.00836	0.00963	0.11088	0.00612	0.00619	0.00898	0.00846	0.01202	0.08266	0.02272	0.01570	0.20716	0.42649	0.00531	0.00860	0.02473	0.01846	0.00436
38	0.01147	0.01237	0.08889	0.02757	0.73569	0.01118	0.01473	0.01451	0.01067	0.01536	0.00883	0.01152	0.00734	0.00423	0.00465	0.00141	0.00572	0.00414	0.00230	0.00742
39	0.00605	0.00441	0.00593	0.00693	0.00726	0.00429	0.00484	0.00699	0.00913	0.01220	0.02530	0.73794	0.03008	0.01442	0.00635	0.00194	0.02759	0.08014	0.00430	0.00391
40	0.20894	0.00827	0.01005	0.00790	0.01139	0.00774	0.00653	0.02096	0.01228	0.63355	0.01593	0.01419	0.01022	0.00551	0.00434	0.00146	0.00393	0.00426	0.00519	0.00738
41	0.01167	0.01120	0.01914	0.02894	0.80488	0.01120	0.01447	0.01447	0.01074	0.01540	0.00887	0.01167	0.00747	0.00420	0.00467	0.00140	0.00560	0.00420	0.00233	0.00747
42	0.01167	0.01120	0.01914	0.02894	0.80488	0.01120	0.01447	0.01447	0.01074	0.01540	0.00887	0.01167	0.00747	0.00420	0.00467	0.00140	0.00560	0.00420	0.00233	0.00747
43	0.86760	0.00912	0.00693	0.00620	0.00912	0.01058	0.00511	0.01386	0.00802	0.02115	0.00657	0.00766	0.00511	0.00438	0.00292	0.00146	0.00365	0.00255	0.00292	0.00511
44	0.00635	0.00477	0.00655	0.00774	0.03065	0.00475	0.00532	0.00738	0.00918	0.01232	0.02438	0.68195	0.02880	0.01395	0.00651	0.00194	0.04445	0.09476	0.00420	0.00406
45	0.01169	0.01006	0.01102	0.02994	0.03438	0.01130	0.00768	0.04907	0.66005	0.01937	0.01742	0.01641	0.01314	0.00601	0.00467	0.00151	0.00387	0.00501	0.00448	0.08290
46	0.00978	0.00838	0.00978	0.00698	0.01117	0.00629	0.00559	0.01187	0.00978	0.01536	0.00838	0.00978	0.00698	0.00349	0.00349	0.00070	0.00349	0.00279	0.00279	0.86312
47	0.01792	0.01321	0.01415	0.01085	0.01462	0.01462	0.00896	0.78916	0.02217	0.02972	0.01132	0.01132	0.00802	0.00566	0.00472	0.00142	0.00519	0.00425	0.00472	0.00802
48	0.01079	0.01224	0.04653	0.01916	0.07479	0.01133	0.63040	0.01451	0.01097	0.01495	0.01076	0.01609	0.00889	0.00489	0.00576	0.00164	0.02443	0.07309	0.00254	0.00625
49	0.00557	0.00478	0.00478	0.00478	0.00637	0.00398	0.00358	0.00677	0.01075	0.01274	0.04776	0.04538	0.80297	0.01194	0.00557	0.00159	0.00239	0.00995	0.00438	0.00398
50	0.86760	0.00912	0.00693	0.00620	0.00912	0.01058	0.00511	0.01386	0.00802	0.02115	0.00657	0.00766	0.00511	0.00438	0.00292	0.00146	0.00365	0.00255	0.00292	0.00511
51	0.00701	0.00528	0.00654	0.00614	0.00744	0.00504	0.00463	0.01011	0.08216	0.01837	0.65929	0.03466	0.11623	0.00958	0.00549	0.00150	0.00237	0.00838	0.00508	0.00467
52	0.00638	0.00581	0.00762	0.00672	0.00868	0.00508	0.09434	0.00814	0.02472	0.01317	0.04220	0.04133	0.67519	0.01095	0.00558	0.00161	0.00311	0.03089	0.00415	0.00433
53	0.00574	0.00410	0.00547	0.00657	0.00684	0.00383	0.00438	0.00657	0.00903	0.01204	0.02599	0.83122	0.03119	0.01477	0.00602	0.00191	0.00274	0.01340	0.00438	0.00383
54	0.00890	0.00838	0.01414	0.82296	0.03247	0.01048	0.01309	0.01205	0.00943	0.01205	0.00838	0.01257	0.00629	0.00471	0.00471	0.00157	0.00629	0.00419	0.00210	0.00524
55	0.01261	0.83713	0.02471	0.00807	0.01210	0.01866	0.00807	0.01412	0.00958	0.01109	0.00656	0.00756	0.00605	0.00403	0.00303	0.00101	0.00504	0.00252	0.00202	0.00605
56	0.01760	0.01296	0.01394	0.01078	0.01447	0.01433	0.00892	0.76449	0.02181	0.02922	0.01175	0.01265	0.00862	0.00589	0.00477	0.00144	0.00516	0.02858	0.00470	0.00790
57	0.01003	0.00971	0.01347	0.01170	0.01185	0.01329	0.00964	0.03208	0.00780	0.01190	0.00824	0.08296	0.00859	0.00945	0.03483	0.00217	0.70986	0.00497	0.00235	0.00509
58	0.86760	0.00912	0.00693	0.00620	0.00912	0.01058	0.00511	0.01386	0.00802	0.02115	0.00657	0.00766	0.00511	0.00438	0.00292	0.00146	0.00365	0.00255	0.00292	0.00511
59	0.00655	0.00481	0.00613	0.00580	0.00697	0.00439	0.00435	0.00865	0.01305	0.01820	0.71523	0.03639	0.13210	0.00991	0.00556	0.00150	0.00224	0.00869	0.00510	0.00439
60	0.02115	0.00802	0.01094	0.00839	0.01204	0.00693	0.00693	0.02298	0.01350	0.80815	0.01860	0.01605	0.01167	0.00584	0.00474	0.00146	0.00401	0.00474	0.00584	0.00802
61	0.01113	0.01272	0.02782	0.01987	0.02464	0.01192	0.78776	0.01510	0.01113	0.01510	0.00954	0.01272	0.00715	0.00397	0.00556	0.00159	0.00795	0.00556	0.00238	0.00636
62	0.00667	0.00482	0.00630	0.00593	0.00704	0.00445	0.00445	0.00890	0.01335	0.01891	0.80239	0.03522	0.04449	0.00964	0.00556	0.00148	0.00222	0.00853	0.00519	0.00445
63	0.00927	0.00876	0.01481	0.71741	0.13515	0.01057	0.01328	0.01237	0.00960	0.01249	0.00845	0.01245	0.00644	0.00465	0.00471	0.00155	0.00619	0.00419	0.00213	0.00553
64	0.00809	0.00644	0.00651	0.02842	0.00720	0.07653	0.00409	0.02258	0.00782	0.00994	0.01358	0.02655	0.01502	0.63462	0.08769	0.02696	0.00564	0.00617	0.00278	0.00334
65	0.00674	0.00506	0.00672	0.06224	0.00874	0.00483	0.00497	0.00894	0.01286	0.01792	0.68452	0.03451	0.10523	0.00949	0.00550	0.00150	0.00252	0.00835	0.00491	0.00446
66	0.01295	0.01147	0.01115	0.00989	0.01263	0.09061	0.00770	0.07175	0.65016	0.04111	0.01752	0.01627	0.01311	0.00619	0.00474	0.00155	0.00430	0.00502	0.00459	0.00732
67	0.82648	0.00932	0.00728	0.00643	0.00938	0.01077	0.00529	0.05138	0.00871	0.02157	0.00680	0.00784	0.00525	0.00444	0.00300	0.00146	0.00372	0.00264	0.00300	0.00525
68	0.01669	0.02055	0.01362	0.08409	0.03845	0.69048	0.00961	0.04812	0.01328	0.01240	0.00759	0.00906	0.00621	0.00486	0.00432	0.00126	0.00810	0.00322	0.00249	0.00560
69	0.01165	0.01126	0.01947	0.02859	0.77490	0.01123	0.04419	0.01449	0.01075	0.01539	0.00889	0.01171	0.00746	0.00419	0.00470	0.00141	0.00569	0.00425	0.00234	0.00743
70	0.00563	0.00478	0.00485	0.00483	0.00640	0.00400	0.00363	0.00687	0.01088	0.01305	0.08585	0.04486	0.76469	0.01183	0.00557	0.00159	0.00238	0.00988	0.00442	0.00400
71	0.00580	0.00415	0.00554	0.00663	0.00693	0.00388	0.00448	0.00667	0.00909	0.01210	0.02596	0.80659	0.03106	0.01472	0.00603	0.00192	0.00279	0.03745	0.00438	0.00385
72	0.00890	0.00838	0.01414	0.82296	0.03247	0.01048	0.01309	0.01205	0.00943	0.01205	0.00838	0.01257	0.00629	0.00471	0.00471	0.00157	0.00629	0.00419	0.00210	0.00524
73	0.00561	0.00472	0.00488	0.00496	0.00643	0.00398	0.00367	0.00680	0.01066	0.01283	0.06440	0.11444	0.71624	0.01213	0.00561	0.00162	0.00241	0.01022	0.00440	0.00398
74	0.00641	0.00458	0.00622	0.00721	0.00780	0.00439	0.00542	0.00776	0.00992	0.01318	0.07925	0.52437	0.03079	0.01385	0.00615	0.00197	0.00322	0.25904	0.00442	0.00404
75	0.01167	0.01120	0.01914	0.02894	0.80488	0.01120	0.01447	0.01447	0.01074	0.01540	0.00887	0.01167	0.00747	0.00420	0.00467	0.00140	0.00560	0.00420	0.00233	0.00747
76	0.01768	0.01084	0.01311	0.01095	0.05454	0.01152	0.00855	0.39723	0.01705	0.29071	0.03691	0.01357	0.01016	0.00599	0.00570	0.00149	0.07709	0.00453	0.00475	0.00763
77	0.01040	0.00982	0.01383	0.01904	0.42240	0.07969	0.01077	0.01277	0.01128	0.01505	0.10703	0.03611	0.03973	0.00732	0.00521	0.00159	0.00503	0.18364	0.00323	0.00606
78	0.84070	0.00925	0.00716	0.00635	0.00929	0.01071	0.00523	0.03840	0.00847	0.02143	0.00672	0.00778	0.00520	0.00442	0.00297	0.00146	0.00370	0.00261	0.00297	0.00520
79	0.00635	0.00502	0.00767	0.00790	0.00859	0.00479	0.07367	0.00749	0.00922	0.01235	0.02413	0.72380	0.02848	0.01365	0.00617	0.00190	0.01916	0.03142	0.00416	0.00409
80	0.01989	0.00837	0.01171	0.01040	0.08976	0.00744	0.00766	0.03581	0.01338	0.70095	0.03268	0.01590	0.01183	0.00575	0.00475	0.00145	0.00415	0.00475	0.00546	0.00790
81	0.00978	0.00838	0.00978	0.00698	0.01117	0.00629	0.00559	0.01187	0.00978	0.01536	0.00838	0.00978	0.00698	0.00349	0.00349	0.00070	0.00349	0.00279	0.00279	0.86312
82	0.01240	0.69677	0.09013	0.00901	0.01327	0.01748	0.03354	0.03439	0.03361	0.01228	0.00731	0.00833	0.00638	0.00418	0.00332	0.00110	0.00526	0.00283	0.00218	0.00623
83	0.00571	0.00424	0.00533	0.00619	0.00674	0.00386	0.00421	0.00661	0.00939	0.01218	0.03053	0.66746	0.19201	0.01418	0.00593	0.00185	0.00266	0.01268	0.00438	0.00386
84	0.00978	0.00838	0.00978	0.00698	0.01117	0.00629	0.00559	0.01187	0.00978	0.01536	0.00838	0.00978	0.00698	0.00349	0.00349	0.00070	0.00349	0.00279	0.00279	0.86312
85	0.00946	0.02439	0.80987	0.01344	0.02041	0.01095	0.01742	0.01493	0.00995	0.01493	0.00846	0.00995	0.00597	0.00448	0.00448	0.00149	0.00697	0.00348	0.00199	0.00697
86	0.01261	0.83713	0.02471	0.00807	0.01210	0.01866	0.00807	0.01412	0.00958	0.01109	0.00656	0.00756	0.00605	0.00403	0.00303	0.00101	0.00504	0.00252	0.00202	0.00605
87	0.00574	0.00412	0.00545	0.00652	0.00683	0.00383	0.00436	0.00657	0.00907	0.01205	0.02652	0.81189	0.05016	0.01470	0.00601	0.00191	0.00273	0.01332	0.00438	0.00383
88	0.00684	0.00521	0.00778	0.00772	0.00854	0.00615	0.00603	0.00851	0.00757	0.01096	0.01244	0.01828	0.01162	0.03455	0.79159	0.00741	0.03704	0.00502	0.00251	0.00424
89	0.00875	0.00742	0.01016	0.00917	0.00957	0.00963	0.00733	0.01003	0.00767	0.01192	0.01017	0.01567	0.00968	0.09590	0.23989	0.00372	0.39832	0.00469	0.12574	0.00456
90	0.00583	0.00417	0.00557	0.00667	0.00698	0.00391	0.00453	0.00672	0.00911	0.01214	0.02594	0.79405	0.03099	0.01469	0.00604	0.00193	0.00281	0.04970	0.00438	0.00385
91	0.00557	0.00478	0.00478	0.00478	0.00637	0.00398	0.00358	0.00677	0.01075	0.01274	0.04776	0.04538	0.80297	0.01194	0.00557	0.00159	0.00239	0.00995	0.00438	0.00398
92	0.01167	0.01120	0.01914	0.02894	0.80488	0.01120	0.01447	0.01447	0.01074	0.01540	0.00887	0.01167	0.00747	0.00420	0.00467	0.00140	0.00560	0.00420	0.00233	0.00747
93	0.01130	0.01081	0.01835	0.13505	0.69043	0.01111	0.01419	0.01429	0.02143	0.01501	0.00895	0.01187	0.00741	0.00430	0.00468	0.00143	0.00567	0.00422	0.00234	0.00717
94	0.02115	0.00802	0.01094	0.00839	0.01204	0.00693	0.00693	0.02298	0.01350	0.80815	0.01860	0.01605	0.01167	0.00584	0.00474	0.00146	0.00401	0.00474	0.00584	0.00802
95	0.00667	0.00482	0.00630	0.00593	0.00704	0.00445	0.00445	0.00890	0.01335	0.01891	0.80239	0.03522	0.04449	0.00964	0.00556	0.00148	0.00222	0.00853	0.00519	0.00445
96	0.01992	0.01025	0.01151	0.00907	0.01252	0.09928	0.00737	0.12333	0.01462	0.59289	0.03857	0.01511	0.01149	0.00581	0.00471	0.00143	0.00462	0.00459	0.00528	0.00763
97	0.00641	0.00504	0.00587	0.00589	0.00728	0.00457	0.00460	0.00842	0.03308	0.01510	0.28182	0.04265	0.41869	0.01123	0.00570	0.00165	0.00268	0.13041	0.00464	0.00428
98	0.00890	0.00838	0.01414	0.82296	0.03247	0.01048	0.01309	0.01205	0.00943	0.01205	0.00838	0.01257	0.00629	0.00471	0.00471	0.00157	0.00629	0.00419	0.00210	0.00524
99	0.01162	0.01115	0.01904	0.04430	0.78994	0.01119	0.01444	0.01442	0.01071	0.01534	0.00886	0.01169	0.00745	0.00421	0.00467	0.00140	0.00561	0.00420	0.00233	0.00743
100	0.01032	0.01032	0.01444	0.01238	0.01238	0.01444	0.01032	0.01135	0.00722	0.01135	0.00619	0.01032	0.00619	0.00825	0.01547	0.00206	0.82567	0.00413	0.00206	0.00516
101	0.00579	0.00414	0.00552	0.00662	0.00691	0.00387	0.00446	0.00664	0.00907	0.01209	0.02596	0.81188	0.03108	0.01473	0.00603	0.00192	0.00278	0.03229	0.00438	0.00384
102	0.00973	0.09608	0.74061	0.01297	0.01967	0.01163	0.01660	0.01486	0.00992	0.01459	0.00829	0.00974	0.00598	0.00444	0.00435	0.00145	0.00680	0.00340	0.00199	0.00689
103	0.00938	0.00888	0.01494	0.67591	0.15345	0.01070	0.01324	0.01241	0.00957	0.01256	0.00840	0.01237	0.00647	0.00473	0.00500	0.00156	0.02855	0.00419	0.00213	0.00559
104	0.01734	0.02163	0.01324	0.01197	0.01442	0.76101	0.00902	0.05036	0.01357	0.01227	0.00760	0.00888	0.00630	0.00569	0.02561	0.00139	0.00847	0.00314	0.00253	0.00554
105	0.00890	0.00838	0.01414	0.82296	0.03247	0.01048	0.01309	0.01205	0.00943	0.01205	0.00838	0.01257	0.00629	0.00471	0.00471	0.00157	0.00629	0.00419	0.00210	0.00524
106	0.01143	0.01095	0.01870	0.09898	0.73675	0.01114	0.01435	0.01426	0.01062	0.01511	0.00883	0.01175	0.00736	0.00425	0.00467	0.00142	0.00566	0.00420	0.00231	0.00727
107	0.01261	0.83713	0.02471	0.00807	0.01210	0.01866	0.00807	0.01412	0.00958	0.01109	0.00656	0.00756	0.00605	0.00403	0.00303	0.00101	0.00504	0.00252	0.00202	0.00605
108	0.01062	0.00986	0.01624	0.08683	0.59019	0.01000	0.01242	0.01356	0.03016	0.01549	0.08123	0.01584	0.05098	0.00520	0.00476	0.00143	0.00505	0.00490	0.02850	0.00676
109	0.01275	0.81405	0.02439	0.00818	0.01217	0.04123	0.00810	0.01425	0.00969	0.01111	0.00658	0.00759	0.00605	0.00406	0.00306	0.00101	0.00514	0.00254	0.00203	0.00603
110	0.05890	0.01102	0.01241	0.00970	0.01328	0.01165	0.00797	0.42501	0.10061	0.27847	0.01427	0.01333	0.00973	0.00573	0.00465	0.00145	0.00458	0.00444	0.00500	0.00782
111	0.01167	0.01120	0.01914	0.02894	0.80488	0.01120	0.01447	0.01447	0.01074	0.01540	0.00887	0.01167	0.00747	0.00420	0.00467	0.00140	0.00560	0.00420	0.00233	0.00747
112	0.00686	0.00457	0.00514	0.00514	0.00514	0.00457	0.00286	0.00686	0.00686	0.00914	0.01486	0.03086	0.01714	0.83430	0.02400	0.00457	0.00457	0.00686	0.00286	0.00286
113	0.00895	0.00844	0.01415	0.79862	0.03187	0.01059	0.01301	0.01203	0.00936	0.01203	0.00831	0.01250	0.00628	0.00482	0.00504	0.00159	0.03089	0.00419	0.00209	0.00524
114	0.00580	0.00414	0.00553	0.00663	0.00692	0.00387	0.00447	0.00666	0.00908	0.01210	0.02596	0.80918	0.03107	0.01472	0.00603	0.00192	0.00278	0.03493	0.00438	0.00384
115	0.00557	0.00478	0.00478	0.00478	0.00637	0.00398	0.00358	0.00677	0.01075	0.01274	0.04776	0.04538	0.80297	0.01194	0.00557	0.00159	0.00239	0.00995	0.00438	0.00398
116	0.00574	0.00410	0.00547	0.00657	0.00684	0.00383	0.00438	0.00657	0.00903	0.01204	0.02599	0.83122	0.03119	0.01477	0.00602	0.00191	0.00274	0.01340	0.00438	0.00383
117	0.00671	0.00532	0.00611	0.00581	0.00712	0.02450	0.00436	0.00878	0.02443	0.01699	0.55693	0.03717	0.25813	0.01012	0.00552	0.00151	0.00245	0.00875	0.00489	0.00439
118	0.00946	0.02439	0.80987	0.01344	0.02041	0.01095	0.01742	0.01493	0.00995	0.01493	0.00846	0.00995	0.00597	0.00448	0.00448	0.00149	0.00697	0.00348	0.00199	0.00697
119	0.01802	0.01305	0.01405	0.01077	0.01454	0.01439	0.00890	0.76616	0.02191	0.05309	0.01154	0.01146	0.00813	0.00567	0.00472	0.00142	0.00515	0.00426	0.00475	0.00802
120	0.00890	0.00838	0.01414	0.82296	0.03247	0.01048	0.01309	0.01205	0.00943	0.01205	0.00838	0.01257	0.00629	0.00471	0.00471	0.00157	0.00629	0.00419	0.00210	0.00524
121	0.00557	0.00478	0.00478	0.00478	0.00637	0.00398	0.00358	0.00677	0.01075	0.01274	0.04776	0.04538	0.80297	0.01194	0.00557	0.00159	0.00239	0.00995	0.00438	0.00398
122	0.01032	0.01032	0.01444	0.01238	0.01238	0.01444	0.01032	0.01135	0.00722	0.01135	0.00619	0.01032	0.00619	0.00825	0.01547	0.00206	0.82567	0.00413	0.00206	0.00516
123	0.00890	0.00838	0.01414	0.82296	0.03247	0.01048	0.01309	0.01205	0.00943	0.01205	0.00838	0.01257	0.00629	0.00471	0.00471	0.00157	0.00629	0.00419	0.00210	0.00524
124	0.00574	0.00410	0.00547	0.00657	0.00684	0.00383	0.00438	0.00657	0.00903	0.01204	0.02599	0.83122	0.03119	0.01477	0.00602	0.00191	0.00274	0.01340	0.00438	0.00383
125	0.04188	0.00820	0.01093	0.00840	0.01204	0.00724	0.00694	0.04446	0.01361	0.76674	0.01810	0.01571	0.01141	0.00579	0.00470	0.00146	0.00404	0.00467	0.00573	0.00795
126	0.00890	0.00838	0.01414	0.82296	0.03247	0.01048	0.01309	0.01205	0.00943	0.01205	0.00838	0.01257	0.00629	0.00471	0.00471	0.00157	0.00629	0.00419	0.00210	0.00524
127	0.00674	0.00505	0.00758	0.00758	0.00842	0.00589	0.00589	0.00842	0.00758	0.01095	0.01263	0.01852	0.01179	0.03536	0.81561	0.00758	0.01263	0.00505	0.00253	0.00421
128	0.00674	0.00504	0.00752	0.00752	0.00834	0.00586	0.00582	0.00838	0.00756	0.01090	0.01269	0.01884	0.01192	0.05582	0.79534	0.00750	0.01242	0.00510	0.00253	0.00418
129	0.01167	0.01120	0.01914	0.02894	0.80488	0.01120	0.01447	0.01447	0.01074	0.01540	0.00887	0.01167	0.00747	0.00420	0.00467	0.00140	0.00560	0.00420	0.00233	0.00747
130	0.01188	0.01008	0.01113	0.08159	0.03037	0.02528	0.00802	0.08976	0.56371	0.03246	0.01859	0.03278	0.05035	0.00652	0.00483	0.00157	0.00413	0.00543	0.00445	0.00706
131	0.01109	0.01039	0.01724	0.09769	0.62929	0.01062	0.01317	0.02767	0.03250	0.01578	0.07914	0.01398	0.01083	0.00481	0.00476	0.00143	0.00531	0.00461	0.00267	0.00701
132	0.11693	0.01019	0.01361	0.33275	0.13848	0.02555	0.01073	0.18600	0.03746	0.05787	0.00996	0.02280	0.00756	0.00505	0.00450	0.00149	0.00541	0.00417	0.00312	0.00637
133	0.00843	0.00557	0.00704	0.00643	0.00794	0.00524	0.00495	0.03572	0.03946	0.08830	0.60205	0.03348	0.09414	0.00934	0.00547	0.00151	0.00261	0.03226	0.00513	0.00494
134	0.00577	0.00413	0.00550	0.00655	0.00685	0.00385	0.00438	0.00664	0.00916	0.01225	0.05056	0.80602	0.03161	0.01461	0.00600	0.00190	0.00272	0.01325	0.00440	0.00385
135	0.01213	0.00824	0.00996	0.00726	0.01128	0.00639	0.00585	0.01417	0.01063	0.18344	0.02536	0.01158	0.00868	0.00410	0.00380	0.00087	0.00358	0.00331	0.00348	0.66589
136	0.00998	0.00837	0.00980	0.00701	0.01119	0.00630	0.00561	0.01207	0.00984	0.02974	0.00857	0.00989	0.00707	0.00353	0.00351	0.00071	0.00350	0.00283	0.00285	0.84762
137	0.01653	0.02019	0.01286	0.01168	0.01415	0.66711	0.00881	0.01998	0.15781	0.01305	0.00948	0.01018	0.00761	0.00514	0.00435	0.00129	0.00762	0.00346	0.00287	0.00583
138	0.00819	0.00410	0.00614	0.00614	0.00614	0.00410	0.00410	0.00614	0.00614	0.00819	0.00819	0.01433	0.00819	0.01638	0.01843	0.86282	0.00410	0.00410	0.00205	0.00205
139	0.01154	0.01107	0.01890	0.06632	0.76852	0.01117	0.01441	0.01436	0.01067	0.01525	0.00885	0.01171	0.00741	0.00423	0.00467	0.00141	0.00563	0.00420	0.00232	0.00736
140	0.00674	0.00505	0.00758	0.00758	0.00842	0.00589	0.00589	0.00842	0.00758	0.01095	0.01263	0.01852	0.01179	0.03536	0.81561	0.00758	0.01263	0.00505	0.00253	0.00421
141	0.00946	0.02439	0.80987	0.01344	0.02041	0.01095	0.01742	0.01493	0.00995	0.01493	0.00846	0.00995	0.00597	0.00448	0.00448	0.00149	0.00697	0.00348	0.00199	0.00697
142	0.01821	0.01275	0.01387	0.01063	0.01439	0.01394	0.00878	0.72158	0.02140	0.09838	0.01196	0.01174	0.00834	0.00568	0.00472	0.00142	0.00508	0.00429	0.00482	0.00802
143	0.01866	0.01202	0.01342	0.01029	0.01403	0.01287	0.00850	0.61424	0.02019	0.20743	0.01298	0.01240	0.00885	0.00570	0.00472	0.00143	0.00492	0.00436	0.00497	0.00802
144	0.01225	0.01122	0.01090	0.00982	0.01247	0.08261	0.00761	0.02451	0.72730	0.01900	0.01814	0.01679	0.01366	0.00626	0.00475	0.00157	0.00415	0.00513	0.00459	0.00729
145	0.09582	0.00812	0.01059	0.00820	0.01178	0.00725	0.00677	0.02217	0.01301	0.73873	0.01754	0.01531	0.01109	0.00571	0.00458	0.00146	0.00398	0.00455	0.00558	0.00777
146	0.01729	0.01265	0.01368	0.01045	0.01425	0.01370	0.00861	0.70156	0.02086	0.04780	0.01124	0.01130	0.00802	0.00547	0.00461	0.00135	0.00501	0.00413	0.00457	0.08344
147	0.02087	0.00848	0.01123	0.00861	0.01226	0.00761	0.00711	0.09056	0.01426	0.73949	0.01796	0.01563	0.01135	0.00582	0.00474	0.00146	0.00412	0.00470	0.00574	0.00802
148	0.00586	0.00418	0.00560	0.00669	0.00702	0.00393	0.00457	0.00676	0.00914	0.01216	0.02593	0.78405	0.03094	0.01467	0.00605	0.00193	0.00283	0.05947	0.00437	0.00386

[dist]
# distance from previous block
# <min> <max>
0	3

# created by:
# /home/cegg/simao/soft/augustus-3.2.1/scripts/msa2prfl.pl ./align_prep/EOG091G0X8F.fa
