[name]
unknown

[dist]
# distance from previous block
# <min> <max>
0	69

[block]
# block no. 0 follows, 43 sequences, length 121
# corresponding to MSA columns:
# 730-735,737-774,776-852
name=unknown_A
#
# <colnr> <probs for GDERKNQSTAVLIFYWHMCP>
#	G	D	E	R	K	N	Q	S	T	A	V	L	I	F	Y	W	H	M	C	P
0	0.06117	0.01187	0.01379	0.01425	0.11765	0.10093	0.00989	0.04306	0.02655	0.05898	0.04342	0.12387	0.04044	0.02909	0.02371	0.00215	0.21713	0.02348	0.00373	0.03484
1	0.00852	0.00629	0.00763	0.00758	0.00820	0.02380	0.00521	0.01000	0.03630	0.01243	0.01670	0.04660	0.01744	0.41379	0.32898	0.00640	0.00912	0.00714	0.02355	0.00433
2	0.01234	0.28082	0.40999	0.01310	0.01922	0.03036	0.03998	0.01689	0.02904	0.01605	0.03794	0.03054	0.00997	0.02507	0.00539	0.00167	0.00705	0.00442	0.00268	0.00748
3	0.00874	0.00607	0.00684	0.00628	0.00813	0.00538	0.00469	0.01085	0.01267	0.01863	0.22395	0.05092	0.19926	0.05717	0.00675	0.00174	0.00304	0.00810	0.23736	0.12342
4	0.01137	0.00975	0.01151	0.00837	0.01304	0.00758	0.00670	0.01378	0.01132	0.01775	0.00997	0.01188	0.00839	0.00560	0.03298	0.00115	0.02232	0.00341	0.00325	0.78988
5	0.01773	0.04722	0.01656	0.03232	0.10400	0.10672	0.01080	0.38127	0.11246	0.02571	0.01365	0.03278	0.01084	0.03593	0.00657	0.00181	0.02551	0.00525	0.00455	0.00832
6	0.00971	0.00535	0.00822	0.09089	0.01051	0.00561	0.00594	0.00795	0.00763	0.01010	0.00964	0.01661	0.00938	0.01778	0.01993	0.74963	0.00508	0.00482	0.00241	0.00280
7	0.02485	0.00943	0.01285	0.00985	0.01414	0.00814	0.00814	0.02699	0.01585	0.77465	0.02185	0.01885	0.01371	0.00685	0.00557	0.00171	0.00471	0.00557	0.00685	0.00943
8	0.84448	0.01071	0.00814	0.00728	0.01071	0.01242	0.00600	0.01628	0.00943	0.02485	0.00771	0.00900	0.00600	0.00514	0.00343	0.00171	0.00428	0.00300	0.00343	0.00600
9	0.01324	0.01260	0.02140	0.03222	0.71947	0.01258	0.01620	0.01637	0.01248	0.01783	0.01177	0.06675	0.01065	0.00577	0.00559	0.00169	0.00635	0.00566	0.00290	0.00848
10	0.01287	0.00980	0.01163	0.00837	0.01323	0.00746	0.00673	0.01530	0.01194	0.09670	0.01109	0.01225	0.00878	0.00439	0.00425	0.00091	0.00417	0.00352	0.00365	0.75296
11	0.01188	0.01033	0.01241	0.00921	0.01389	0.00857	0.03415	0.01636	0.12176	0.01879	0.01176	0.01296	0.00949	0.00462	0.00442	0.00101	0.00433	0.00384	0.00361	0.68659
12	0.01291	0.01002	0.01233	0.00966	0.01346	0.00923	0.04443	0.09580	0.12344	0.07066	0.15530	0.02103	0.05132	0.00685	0.00525	0.00139	0.00433	0.00583	0.00468	0.34207
13	0.84448	0.01071	0.00814	0.00728	0.01071	0.01242	0.00600	0.01628	0.00943	0.02485	0.00771	0.00900	0.00600	0.00514	0.00343	0.00171	0.00428	0.00300	0.00343	0.00600
14	0.00768	0.00566	0.00717	0.00812	0.00876	0.00560	0.00564	0.01012	0.08412	0.01496	0.02877	0.62191	0.03324	0.07005	0.00841	0.00245	0.00361	0.06379	0.00506	0.00488
15	0.01212	0.01212	0.01696	0.01454	0.01454	0.01696	0.01212	0.01333	0.00848	0.01333	0.00727	0.01212	0.00727	0.00969	0.01818	0.00242	0.79523	0.00485	0.00242	0.00606
16	0.00675	0.00482	0.00643	0.00771	0.00803	0.00450	0.00514	0.00771	0.01060	0.01414	0.03053	0.80175	0.03663	0.01735	0.00707	0.00225	0.00321	0.01574	0.00514	0.00450
17	0.01520	0.75604	0.02812	0.00980	0.01441	0.07315	0.00956	0.01696	0.01155	0.01307	0.00776	0.00896	0.00711	0.00480	0.00365	0.00120	0.00620	0.00300	0.00240	0.00706
18	0.00779	0.00566	0.00733	0.00691	0.00824	0.00520	0.00518	0.01035	0.01555	0.02192	0.73920	0.04185	0.08113	0.01143	0.00653	0.00175	0.00262	0.01008	0.00606	0.00520
19	0.00903	0.00659	0.00837	0.00863	0.00990	0.00659	0.00666	0.06197	0.05219	0.01879	0.23294	0.26777	0.03615	0.04564	0.00775	0.00225	0.00390	0.20414	0.00538	0.00537
20	0.01371	0.01316	0.02248	0.03399	0.77081	0.01316	0.01700	0.01700	0.01261	0.01809	0.01042	0.01371	0.00877	0.00493	0.00548	0.00164	0.00658	0.00493	0.00274	0.00877
21	0.41004	0.20874	0.12235	0.00969	0.01394	0.07787	0.00936	0.01672	0.01096	0.01967	0.02548	0.01196	0.00840	0.00559	0.00406	0.00160	0.00569	0.02824	0.00308	0.00656
22	0.18666	0.57031	0.07576	0.00950	0.01416	0.01913	0.00949	0.01690	0.02891	0.01604	0.00821	0.00938	0.00711	0.00492	0.00370	0.00135	0.00570	0.00313	0.00267	0.00699
23	0.01371	0.01310	0.02201	0.03292	0.73516	0.01319	0.01661	0.01758	0.04788	0.01833	0.01099	0.01404	0.00916	0.00506	0.00549	0.00166	0.00648	0.00500	0.00288	0.00877
24	0.00703	0.00500	0.00663	0.00782	0.00821	0.00472	0.00536	0.00807	0.01063	0.01413	0.02955	0.68464	0.03511	0.06937	0.00852	0.00248	0.00353	0.07970	0.00502	0.00448
25	0.00718	0.00564	0.00649	0.00628	0.00787	0.00495	0.00471	0.00918	0.01412	0.01851	0.40508	0.04745	0.41738	0.01270	0.00654	0.00181	0.00271	0.01087	0.00561	0.00495
26	0.01205	0.02206	0.41907	0.01942	0.02636	0.01341	0.37145	0.01764	0.01236	0.01764	0.01055	0.01325	0.00768	0.00498	0.00587	0.00181	0.00874	0.00527	0.00256	0.00784
27	0.01371	0.01316	0.02248	0.03399	0.77081	0.01316	0.01700	0.01700	0.01261	0.01809	0.01042	0.01371	0.00877	0.00493	0.00548	0.00164	0.00658	0.00493	0.00274	0.00877
28	0.00683	0.00489	0.00637	0.00751	0.00787	0.00457	0.00498	0.00774	0.01051	0.01394	0.03065	0.71879	0.06499	0.07156	0.00850	0.00245	0.00335	0.01505	0.00502	0.00443
29	0.00776	0.00594	0.00734	0.00807	0.00953	0.00552	0.00665	0.00971	0.01255	0.01572	0.04087	0.10831	0.34752	0.01489	0.00714	0.00224	0.00399	0.37625	0.00512	0.00488
30	0.00684	0.00557	0.00606	0.00606	0.00769	0.00478	0.00450	0.00848	0.01316	0.01650	0.21139	0.10284	0.55948	0.01366	0.00658	0.00187	0.00279	0.01160	0.00535	0.00478
31	0.01481	0.80869	0.02902	0.00948	0.01421	0.02191	0.00948	0.01658	0.01125	0.01303	0.00770	0.00888	0.00711	0.00474	0.00355	0.00118	0.00592	0.00296	0.00237	0.00711
32	0.09704	0.02645	0.67845	0.01510	0.02273	0.01285	0.03764	0.01741	0.01149	0.01830	0.00974	0.01150	0.00695	0.00523	0.00511	0.00175	0.00781	0.00404	0.00246	0.00794
33	0.01371	0.01316	0.02248	0.03399	0.77081	0.01316	0.01700	0.01700	0.01261	0.01809	0.01042	0.01371	0.00877	0.00493	0.00548	0.00164	0.00658	0.00493	0.00274	0.00877
34	0.01337	0.01245	0.02004	0.17274	0.51986	0.01303	0.01547	0.05188	0.06452	0.01849	0.01126	0.01429	0.00908	0.00528	0.00546	0.00167	0.00647	0.00497	0.00304	0.03662
35	0.00972	0.00585	0.00695	0.00679	0.00784	0.00642	0.00517	0.01191	0.01052	0.01764	0.01648	0.02123	0.01397	0.06116	0.19976	0.00349	0.06045	0.00550	0.52408	0.00507
36	0.00792	0.00589	0.00870	0.00870	0.00962	0.00682	0.00668	0.00976	0.00884	0.01271	0.01501	0.02276	0.01428	0.09422	0.73133	0.00866	0.01418	0.00608	0.00299	0.00484
37	0.00700	0.00497	0.00654	0.00757	0.00789	0.00478	0.00502	0.00790	0.01015	0.01359	0.02771	0.64608	0.03287	0.12518	0.06217	0.00312	0.00429	0.01405	0.00475	0.00437
38	0.00805	0.00537	0.00604	0.00604	0.00604	0.00537	0.00336	0.00805	0.00805	0.01074	0.01745	0.03624	0.02013	0.80536	0.02819	0.00537	0.00537	0.00805	0.00336	0.00336
39	0.84448	0.01071	0.00814	0.00728	0.01071	0.01242	0.00600	0.01628	0.00943	0.02485	0.00771	0.00900	0.00600	0.00514	0.00343	0.00171	0.00428	0.00300	0.00343	0.00600
40	0.01046	0.00984	0.01661	0.79205	0.03814	0.01230	0.01538	0.01415	0.01107	0.01415	0.00984	0.01477	0.00738	0.00554	0.00554	0.00185	0.00738	0.00492	0.00246	0.00615
41	0.02016	0.02561	0.01687	0.01489	0.01794	0.73008	0.06174	0.02181	0.01551	0.01384	0.00874	0.01033	0.00722	0.00564	0.00510	0.00146	0.00994	0.00377	0.00285	0.00649
42	0.01450	0.01185	0.01571	0.01456	0.14288	0.02520	0.06003	0.12891	0.01442	0.07364	0.01173	0.01377	0.00929	0.00510	0.00491	0.00127	0.00536	0.01727	0.00378	0.42584
43	0.01329	0.33648	0.16712	0.01605	0.02167	0.01681	0.30145	0.01706	0.01199	0.01570	0.00965	0.01207	0.00775	0.00566	0.02308	0.00173	0.00788	0.00464	0.00255	0.00740
44	0.00914	0.00722	0.00844	0.00887	0.01014	0.04283	0.00686	0.06000	0.01305	0.01697	0.10211	0.30716	0.09995	0.01627	0.06047	0.00263	0.00496	0.21273	0.00499	0.00521
45	0.01383	0.01291	0.00902	0.00850	0.01040	0.28780	0.00638	0.01591	0.01317	0.01768	0.01724	0.01903	0.06366	0.00670	0.00446	0.00138	0.00529	0.00503	0.47604	0.00559
46	0.01481	0.80869	0.02902	0.00948	0.01421	0.02191	0.00948	0.01658	0.01125	0.01303	0.00770	0.00888	0.00711	0.00474	0.00355	0.00118	0.00592	0.00296	0.00237	0.00711
47	0.00801	0.00538	0.00603	0.00603	0.00608	0.00535	0.00338	0.00805	0.00819	0.01087	0.01864	0.03677	0.04313	0.78105	0.02752	0.00526	0.00529	0.00817	0.00341	0.00340
48	0.01141	0.00816	0.00907	0.03977	0.01152	0.00872	0.00677	0.01856	0.27161	0.02069	0.03626	0.02444	0.01705	0.00762	0.00501	0.00162	0.00377	0.07935	0.35119	0.06740
49	0.00672	0.00558	0.00588	0.00588	0.00761	0.00474	0.00438	0.00826	0.01292	0.01586	0.14671	0.08704	0.64166	0.01383	0.00657	0.00187	0.00280	0.01166	0.00527	0.00474
50	0.01461	0.67249	0.12359	0.01051	0.01559	0.05665	0.01093	0.01697	0.01152	0.01363	0.00803	0.00929	0.00710	0.00485	0.00384	0.00127	0.00640	0.00313	0.00239	0.00721
51	0.01212	0.01212	0.01696	0.01454	0.01454	0.01696	0.01212	0.01333	0.00848	0.01333	0.00727	0.01212	0.00727	0.00969	0.01818	0.00242	0.79523	0.00485	0.00242	0.00606
52	0.01870	0.01304	0.05661	0.01555	0.02044	0.01164	0.28975	0.07717	0.06674	0.34587	0.01667	0.01675	0.01129	0.00598	0.00592	0.00178	0.00671	0.00587	0.00493	0.00858
53	0.02105	0.01551	0.01662	0.01274	0.01717	0.01717	0.01053	0.75235	0.02604	0.03490	0.01330	0.01330	0.00942	0.00665	0.00554	0.00166	0.00609	0.00499	0.00554	0.00942
54	0.01064	0.00546	0.00550	0.00538	0.00677	0.00551	0.00407	0.03446	0.01203	0.02106	0.01793	0.02043	0.01406	0.00646	0.00392	0.00130	0.00268	0.00516	0.81189	0.00529
55	0.02105	0.01551	0.01662	0.01274	0.01717	0.01717	0.01053	0.75235	0.02604	0.03490	0.01330	0.01330	0.00942	0.00665	0.00554	0.00166	0.00609	0.00499	0.00554	0.00942
56	0.01046	0.00984	0.01661	0.79205	0.03814	0.01230	0.01538	0.01415	0.01107	0.01415	0.00984	0.01477	0.00738	0.00554	0.00554	0.00185	0.00738	0.00492	0.00246	0.00615
57	0.00772	0.00566	0.00724	0.00685	0.00820	0.00518	0.00514	0.01023	0.01541	0.02157	0.70496	0.04242	0.11559	0.01156	0.00653	0.00175	0.00263	0.01016	0.00601	0.00518
58	0.01212	0.01212	0.01696	0.01454	0.01454	0.01696	0.01212	0.01333	0.00848	0.01333	0.00727	0.01212	0.00727	0.00969	0.01818	0.00242	0.79523	0.00485	0.00242	0.00606
59	0.02406	0.01069	0.01363	0.01045	0.01477	0.01001	0.00864	0.17747	0.01797	0.62119	0.02008	0.01770	0.01282	0.00681	0.00556	0.00170	0.00500	0.00545	0.00658	0.00942
60	0.02232	0.00896	0.01210	0.00949	0.01334	0.00785	0.00775	0.02478	0.03023	0.65758	0.12353	0.02195	0.01902	0.00748	0.00570	0.00172	0.00442	0.00619	0.00673	0.00884
61	0.00718	0.00510	0.00653	0.00751	0.00792	0.00484	0.00508	0.00811	0.01039	0.01373	0.02911	0.55510	0.06755	0.16867	0.01116	0.00286	0.00377	0.07626	0.00479	0.00434
62	0.00777	0.00560	0.00734	0.00702	0.00826	0.00518	0.00522	0.01027	0.01534	0.02167	0.71826	0.09255	0.05121	0.01173	0.00657	0.00178	0.00265	0.01040	0.00603	0.00518
63	0.00808	0.00579	0.00851	0.00851	0.00933	0.00660	0.00644	0.00950	0.00868	0.01239	0.01457	0.02248	0.01397	0.10154	0.65248	0.08444	0.01315	0.00600	0.00295	0.00458
64	0.01212	0.01212	0.01696	0.01454	0.01454	0.01696	0.01212	0.01333	0.00848	0.01333	0.00727	0.01212	0.00727	0.00969	0.01818	0.00242	0.79523	0.00485	0.00242	0.00606
65	0.01347	0.01292	0.02205	0.08971	0.71697	0.01310	0.01688	0.01679	0.01250	0.01780	0.01038	0.01379	0.00867	0.00498	0.00549	0.00166	0.00664	0.00493	0.00272	0.00858
66	0.01189	0.01177	0.01678	0.01409	0.01473	0.01558	0.04614	0.01332	0.00897	0.01382	0.00889	0.01372	0.02280	0.03235	0.01672	0.00236	0.66494	0.00505	0.00258	0.06348
67	0.00675	0.00482	0.00643	0.00771	0.00803	0.00450	0.00514	0.00771	0.01060	0.01414	0.03053	0.80175	0.03663	0.01735	0.00707	0.00225	0.00321	0.01574	0.00514	0.00450
68	0.01615	0.03937	0.04322	0.02371	0.33997	0.30049	0.10366	0.01891	0.01365	0.01610	0.00966	0.01225	0.00799	0.00531	0.00568	0.00160	0.02738	0.00454	0.00276	0.00761
69	0.00990	0.00920	0.01506	0.67901	0.03376	0.01120	0.01381	0.01325	0.01122	0.01423	0.01547	0.05047	0.08737	0.00689	0.00570	0.00186	0.00674	0.00606	0.00285	0.00593
70	0.01493	0.00788	0.01012	0.00875	0.01148	0.00720	0.00699	0.03517	0.04454	0.28739	0.19106	0.05720	0.03889	0.04691	0.00702	0.00194	0.00413	0.10615	0.03407	0.07817
71	0.00803	0.00545	0.00645	0.00645	0.00659	0.00559	0.00387	0.00832	0.00818	0.01104	0.01707	0.03416	0.01923	0.69549	0.13682	0.00588	0.00673	0.00775	0.00330	0.00358
72	0.00670	0.00501	0.00623	0.00720	0.00790	0.00454	0.00492	0.00777	0.01109	0.01434	0.03670	0.62109	0.21330	0.01655	0.00694	0.00216	0.00311	0.01477	0.00514	0.00454
73	0.00753	0.00564	0.00659	0.00645	0.00798	0.00505	0.00489	0.00964	0.01402	0.01889	0.39258	0.04583	0.34060	0.01228	0.00641	0.00180	0.00281	0.04448	0.06153	0.00499
74	0.01481	0.80869	0.02902	0.00948	0.01421	0.02191	0.00948	0.01658	0.01125	0.01303	0.00770	0.00888	0.00711	0.00474	0.00355	0.00118	0.00592	0.00296	0.00237	0.00711
75	0.00675	0.00482	0.00643	0.00771	0.00803	0.00450	0.00514	0.00771	0.01060	0.01414	0.03053	0.80175	0.03663	0.01735	0.00707	0.00225	0.00321	0.01574	0.00514	0.00450
76	0.59582	0.01545	0.01042	0.00939	0.01265	0.24506	0.00742	0.01804	0.01132	0.02144	0.00797	0.00930	0.00634	0.00531	0.00390	0.00163	0.00601	0.00317	0.00325	0.00613
77	0.02105	0.01551	0.01662	0.01274	0.01717	0.01717	0.01053	0.75235	0.02604	0.03490	0.01330	0.01330	0.00942	0.00665	0.00554	0.00166	0.00609	0.00499	0.00554	0.00942
78	0.01345	0.01153	0.01228	0.01120	0.01420	0.01328	0.00878	0.02822	0.71046	0.02272	0.02300	0.02348	0.01791	0.00804	0.00577	0.00192	0.00443	0.05521	0.00560	0.00852
79	0.01212	0.01212	0.01696	0.01454	0.01454	0.01696	0.01212	0.01333	0.00848	0.01333	0.00727	0.01212	0.00727	0.00969	0.01818	0.00242	0.79523	0.00485	0.00242	0.00606
80	0.84448	0.01071	0.00814	0.00728	0.01071	0.01242	0.00600	0.01628	0.00943	0.02485	0.00771	0.00900	0.00600	0.00514	0.00343	0.00171	0.00428	0.00300	0.00343	0.00600
81	0.01427	0.01214	0.01280	0.01137	0.01459	0.01400	0.00888	0.07809	0.71135	0.02396	0.02192	0.02017	0.01640	0.00746	0.00563	0.00186	0.00450	0.00618	0.00563	0.00881
82	0.00801	0.00545	0.00649	0.00651	0.00667	0.00559	0.00394	0.00833	0.00823	0.01113	0.01729	0.04841	0.01948	0.67333	0.14369	0.00585	0.00678	0.00787	0.00333	0.00362
83	0.00663	0.00528	0.00595	0.00649	0.00771	0.00460	0.00460	0.00785	0.01178	0.01462	0.04541	0.36612	0.46265	0.01542	0.00676	0.00203	0.00298	0.01338	0.00514	0.00460
84	0.78835	0.01065	0.00871	0.06010	0.01256	0.01242	0.00663	0.01614	0.00954	0.02413	0.00786	0.00939	0.00609	0.00517	0.00357	0.00172	0.00449	0.00313	0.00336	0.00601
85	0.01666	0.01666	0.01657	0.06574	0.01805	0.22053	0.04490	0.18933	0.12940	0.02013	0.01169	0.01343	0.00926	0.00709	0.00845	0.00183	0.19427	0.00484	0.00377	0.00742
86	0.00758	0.00593	0.00697	0.00730	0.00869	0.00554	0.00548	0.01017	0.06419	0.01665	0.15651	0.24566	0.32646	0.01417	0.00675	0.00203	0.00326	0.09630	0.00532	0.00505
87	0.01046	0.00974	0.01637	0.77535	0.03747	0.01215	0.01514	0.01412	0.01109	0.01429	0.01002	0.01489	0.00753	0.00556	0.00550	0.00183	0.00728	0.00493	0.02015	0.00613
88	0.00676	0.00490	0.00639	0.00753	0.00800	0.00453	0.00507	0.00780	0.01089	0.01441	0.05131	0.72570	0.09239	0.01695	0.00702	0.00221	0.00317	0.01529	0.00517	0.00453
89	0.01132	0.07432	0.73289	0.01542	0.02340	0.01339	0.01982	0.01748	0.01167	0.01728	0.00981	0.01153	0.00702	0.00523	0.00516	0.00172	0.00805	0.00403	0.00234	0.00812
90	0.10558	0.00994	0.01220	0.03586	0.01435	0.00881	0.01969	0.05225	0.01350	0.29512	0.01493	0.04311	0.01105	0.00588	0.00483	0.00138	0.00460	0.00473	0.00473	0.33747
91	0.01498	0.03124	0.03721	0.01596	0.06609	0.25072	0.05703	0.03431	0.01181	0.01458	0.00862	0.01207	0.00769	0.00881	0.04120	0.00223	0.37164	0.00456	0.00269	0.00654
92	0.01347	0.01261	0.02129	0.03201	0.71810	0.01261	0.01609	0.01671	0.01254	0.01827	0.01095	0.01419	0.00915	0.00504	0.00537	0.00162	0.00630	0.00495	0.06022	0.00852
93	0.01148	0.00984	0.01148	0.00820	0.01312	0.00738	0.00656	0.01395	0.01148	0.01805	0.00984	0.01148	0.00820	0.00410	0.00410	0.00082	0.00410	0.00328	0.00328	0.83922
94	0.01315	0.01278	0.02064	0.01620	0.02023	0.01336	0.31652	0.02334	0.39906	0.02046	0.01831	0.02117	0.01441	0.00687	0.00615	0.00192	0.00649	0.05653	0.00442	0.00798
95	0.01275	0.01422	0.03023	0.02166	0.02705	0.01321	0.67057	0.01719	0.01307	0.01794	0.04161	0.01577	0.01016	0.00490	0.00637	0.00179	0.00871	0.00646	0.00297	0.06336
96	0.00702	0.00524	0.00653	0.00703	0.00798	0.00475	0.00496	0.00856	0.01252	0.01665	0.24934	0.41708	0.20234	0.01488	0.00680	0.00202	0.00295	0.01320	0.00542	0.00475
97	0.01166	0.01060	0.01483	0.01070	0.01555	0.00857	0.12332	0.01442	0.01165	0.01783	0.01037	0.02603	0.00872	0.00454	0.00483	0.00104	0.02163	0.00405	0.00322	0.67642
98	0.00706	0.00570	0.00621	0.00608	0.00774	0.00491	0.00447	0.00862	0.01279	0.01616	0.19107	0.08249	0.52057	0.06660	0.00795	0.00207	0.00300	0.01104	0.00515	0.03033
99	0.06525	0.67977	0.02639	0.00984	0.01431	0.10016	0.00939	0.01714	0.01160	0.01379	0.00779	0.00901	0.00704	0.00486	0.00370	0.00124	0.00625	0.00303	0.00248	0.00697
100	0.02062	0.01601	0.06879	0.01276	0.01744	0.01627	0.01105	0.65285	0.02436	0.08350	0.01364	0.01356	0.00954	0.00657	0.00552	0.00167	0.00615	0.00496	0.00541	0.00933
101	0.01419	0.01373	0.04148	0.01276	0.04881	0.09409	0.02758	0.07114	0.47824	0.02173	0.04571	0.04331	0.03301	0.00771	0.00569	0.00182	0.00533	0.02057	0.00500	0.00810
102	0.00788	0.00552	0.00659	0.00678	0.00734	0.00533	0.00454	0.00880	0.01043	0.01386	0.13746	0.10183	0.10059	0.45016	0.01865	0.00389	0.00450	0.09750	0.00430	0.00407
103	0.01447	0.01267	0.01634	0.05885	0.01640	0.01617	0.01150	0.23639	0.01404	0.01993	0.01034	0.04985	0.00931	0.00889	0.01310	0.00215	0.47369	0.00541	0.00350	0.00701
104	0.00805	0.00537	0.00604	0.00604	0.00604	0.00537	0.00336	0.00805	0.00805	0.01074	0.01745	0.03624	0.02013	0.80536	0.02819	0.00537	0.00537	0.00805	0.00336	0.00336
105	0.84448	0.01071	0.00814	0.00728	0.01071	0.01242	0.00600	0.01628	0.00943	0.02485	0.00771	0.00900	0.00600	0.00514	0.00343	0.00171	0.00428	0.00300	0.00343	0.00600
106	0.02485	0.00943	0.01285	0.00985	0.01414	0.00814	0.00814	0.02699	0.01585	0.77465	0.02185	0.01885	0.01371	0.00685	0.00557	0.00171	0.00471	0.00557	0.00685	0.00943
107	0.02105	0.01551	0.01662	0.01274	0.01717	0.01717	0.01053	0.75235	0.02604	0.03490	0.01330	0.01330	0.00942	0.00665	0.00554	0.00166	0.00609	0.00499	0.00554	0.00942
108	0.01378	0.01190	0.01252	0.01127	0.01440	0.01378	0.00877	0.02943	0.76081	0.02317	0.02254	0.02066	0.01691	0.00751	0.00564	0.00188	0.00438	0.00626	0.00564	0.00877
109	0.01046	0.00984	0.01661	0.79205	0.03814	0.01230	0.01538	0.01415	0.01107	0.01415	0.00984	0.01477	0.00738	0.00554	0.00554	0.00185	0.00738	0.00492	0.00246	0.00615
110	0.01415	0.01116	0.01221	0.04274	0.01400	0.11053	0.02284	0.03603	0.13936	0.13449	0.08476	0.03608	0.03652	0.01360	0.13213	0.00296	0.07367	0.03224	0.04372	0.00680
111	0.00803	0.00586	0.00878	0.00878	0.00971	0.00678	0.00678	0.00971	0.00878	0.01263	0.01447	0.02142	0.01355	0.04000	0.73088	0.06614	0.01414	0.00586	0.00293	0.00477
112	0.01035	0.00769	0.00836	0.00773	0.01011	0.00754	0.00598	0.01580	0.21610	0.08839	0.09530	0.04055	0.42747	0.01142	0.00623	0.00186	0.00344	0.02390	0.00550	0.00628
113	0.00675	0.00513	0.00623	0.00708	0.00795	0.00462	0.00494	0.00791	0.01135	0.01449	0.03908	0.52760	0.28236	0.01617	0.00691	0.00213	0.00313	0.03644	0.00514	0.00458
114	0.01068	0.01007	0.01701	0.74103	0.08746	0.01236	0.01549	0.01434	0.01118	0.01442	0.00988	0.01469	0.00748	0.00550	0.00553	0.00183	0.00733	0.00492	0.00248	0.00633
115	0.03672	0.02810	0.75305	0.01552	0.02356	0.01285	0.02002	0.01750	0.01162	0.01776	0.00987	0.01161	0.00698	0.00526	0.00521	0.00175	0.00807	0.00406	0.00237	0.00812
116	0.01193	0.01134	0.01926	0.44938	0.36934	0.01269	0.01611	0.01544	0.01177	0.01593	0.01010	0.01429	0.00801	0.00526	0.00551	0.00175	0.00702	0.00493	0.00259	0.00734
117	0.01096	0.00933	0.01090	0.00806	0.01255	0.00707	0.00637	0.01327	0.01147	0.01765	0.01313	0.06767	0.04081	0.00542	0.00440	0.00096	0.00399	0.00448	0.00348	0.74801
118	0.04005	0.01401	0.02549	0.01943	0.05379	0.02877	0.46154	0.06277	0.08453	0.07151	0.01277	0.01508	0.00951	0.00537	0.00638	0.00179	0.03077	0.00592	0.00354	0.04700
119	0.09842	0.01238	0.01240	0.01084	0.01398	0.08020	0.02287	0.05733	0.42810	0.08413	0.10225	0.02027	0.01813	0.00739	0.00546	0.00178	0.00487	0.00601	0.00526	0.00794
120	0.27662	0.01084	0.01416	0.06481	0.05760	0.02413	0.11778	0.08971	0.01271	0.05462	0.01557	0.14973	0.03182	0.00808	0.00561	0.00187	0.02053	0.03327	0.00397	0.00657

[dist]
# distance from previous block
# <min> <max>
3	20

[block]
# block no. 1 follows, 43 sequences, length 14
# corresponding to MSA columns:
# 876-889
name=unknown_B
#
# <colnr> <probs for GDERKNQSTAVLIFYWHMCP>
#	G	D	E	R	K	N	Q	S	T	A	V	L	I	F	Y	W	H	M	C	P
0	0.07142	0.14836	0.20022	0.01073	0.01513	0.06596	0.01061	0.01586	0.03000	0.05304	0.05564	0.13128	0.01468	0.00736	0.00520	0.00157	0.01746	0.00587	0.00353	0.13608
1	0.35517	0.01158	0.07754	0.01417	0.16827	0.01081	0.01005	0.01594	0.01133	0.07393	0.01442	0.07507	0.01338	0.00767	0.00507	0.00187	0.00517	0.11800	0.00382	0.00675
2	0.26961	0.01182	0.05639	0.00973	0.01370	0.01141	0.00837	0.11411	0.11441	0.26354	0.01790	0.01702	0.05561	0.00673	0.00496	0.00174	0.00480	0.00508	0.00512	0.00794
3	0.01072	0.00991	0.01039	0.01192	0.09298	0.12730	0.00782	0.05544	0.01270	0.01582	0.02465	0.41321	0.06923	0.03261	0.02553	0.00225	0.00524	0.06225	0.00445	0.00559
4	0.00877	0.01047	0.12752	0.00989	0.01162	0.05275	0.00845	0.01073	0.01119	0.01504	0.06775	0.51947	0.02870	0.01377	0.00759	0.00211	0.07249	0.01194	0.00439	0.00536
5	0.50012	0.08084	0.05762	0.00956	0.01296	0.01399	0.00848	0.05776	0.01088	0.06631	0.00892	0.01045	0.00700	0.00601	0.00608	0.00178	0.12759	0.00361	0.00344	0.00663
6	0.00672	0.00494	0.00630	0.00739	0.00795	0.00453	0.00500	0.00775	0.01092	0.01427	0.03450	0.68554	0.15027	0.01683	0.00699	0.00219	0.00315	0.01511	0.00514	0.00453
7	0.01148	0.00984	0.01148	0.00820	0.01312	0.00738	0.00656	0.01395	0.01148	0.01805	0.00984	0.01148	0.00820	0.00410	0.00410	0.00082	0.00410	0.00328	0.00328	0.83922
8	0.01323	0.02255	0.52683	0.01505	0.02180	0.01167	0.08155	0.01850	0.01255	0.13502	0.01357	0.01746	0.01032	0.00632	0.00563	0.00183	0.00748	0.06729	0.00332	0.00805
9	0.01582	0.01623	0.14094	0.01340	0.01788	0.05696	0.07492	0.16247	0.34021	0.07641	0.01691	0.01658	0.01236	0.00659	0.00559	0.00178	0.00609	0.00549	0.00476	0.00860
10	0.01261	0.08675	0.47450	0.01698	0.02397	0.01418	0.20380	0.06958	0.01302	0.01846	0.01032	0.01240	0.00754	0.00517	0.00547	0.00173	0.00815	0.00468	0.00269	0.00800
11	0.04945	0.20469	0.01582	0.01040	0.01358	0.11114	0.00851	0.02132	0.28217	0.07146	0.01824	0.10968	0.02913	0.00793	0.00519	0.00169	0.00533	0.02252	0.00441	0.00734
12	0.01195	0.08281	0.69194	0.01509	0.02287	0.01330	0.01917	0.01787	0.01184	0.04898	0.01028	0.01180	0.00730	0.00529	0.00515	0.00171	0.00788	0.00407	0.00253	0.00816
13	0.00692	0.00495	0.00658	0.00760	0.00807	0.00461	0.00515	0.00814	0.01139	0.01539	0.14501	0.68369	0.03906	0.01642	0.00699	0.00217	0.00312	0.01486	0.00529	0.00461

[dist]
# distance from previous block
# <min> <max>
1	1

[block]
# block no. 2 follows, 43 sequences, length 21
# corresponding to MSA columns:
# 916-936
name=unknown_C
#
# <colnr> <probs for GDERKNQSTAVLIFYWHMCP>
#	G	D	E	R	K	N	Q	S	T	A	V	L	I	F	Y	W	H	M	C	P
0	0.01981	0.14333	0.01769	0.01355	0.01669	0.66935	0.01052	0.02129	0.01503	0.01348	0.00843	0.00982	0.00713	0.00556	0.00478	0.00139	0.00938	0.00348	0.00278	0.00652
1	0.00675	0.00482	0.00643	0.00771	0.00803	0.00450	0.00514	0.00771	0.01060	0.01414	0.03053	0.80175	0.03663	0.01735	0.00707	0.00225	0.00321	0.01574	0.00514	0.00450
2	0.01378	0.01190	0.01252	0.01127	0.01440	0.01378	0.00877	0.02943	0.76081	0.02317	0.02254	0.02066	0.01691	0.00751	0.00564	0.00188	0.00438	0.00626	0.00564	0.00877
3	0.01111	0.02865	0.77667	0.01579	0.02397	0.01286	0.02046	0.01754	0.01169	0.01754	0.00994	0.01169	0.00702	0.00526	0.00526	0.00175	0.00818	0.00409	0.00234	0.00818
4	0.00802	0.00552	0.00679	0.00679	0.00705	0.00578	0.00430	0.00854	0.00828	0.01130	0.01676	0.03243	0.01848	0.60424	0.22705	0.00630	0.00786	0.00750	0.00325	0.00377
5	0.02069	0.02640	0.01569	0.01427	0.01712	0.78313	0.01070	0.02212	0.01569	0.01355	0.00856	0.00999	0.00713	0.00571	0.00499	0.00143	0.00999	0.00357	0.00285	0.00642
6	0.01378	0.01190	0.01252	0.01127	0.01440	0.01378	0.00877	0.02943	0.76081	0.02317	0.02254	0.02066	0.01691	0.00751	0.00564	0.00188	0.00438	0.00626	0.00564	0.00877
7	0.02485	0.00943	0.01285	0.00985	0.01414	0.00814	0.00814	0.02699	0.01585	0.77465	0.02185	0.01885	0.01371	0.00685	0.00557	0.00171	0.00471	0.00557	0.00685	0.00943
8	0.01212	0.01212	0.01696	0.01454	0.01454	0.01696	0.01212	0.01333	0.00848	0.01333	0.00727	0.01212	0.00727	0.00969	0.01818	0.00242	0.79523	0.00485	0.00242	0.00606
9	0.02069	0.02640	0.01569	0.01427	0.01712	0.78313	0.01070	0.02212	0.01569	0.01355	0.00856	0.00999	0.00713	0.00571	0.00499	0.00143	0.00999	0.00357	0.00285	0.00642
10	0.01202	0.01144	0.01944	0.42666	0.39130	0.01272	0.01616	0.01552	0.01181	0.01605	0.01012	0.01426	0.00805	0.00525	0.00551	0.00175	0.00700	0.00493	0.00260	0.00742
11	0.01061	0.00999	0.01688	0.75787	0.07118	0.01234	0.01545	0.01428	0.01114	0.01433	0.00987	0.01472	0.00745	0.00551	0.00553	0.00184	0.00735	0.00492	0.00247	0.00627
12	0.00674	0.00551	0.00595	0.00607	0.00766	0.00472	0.00447	0.00823	0.01273	0.01576	0.14180	0.15571	0.57714	0.01415	0.00662	0.00191	0.00284	0.01204	0.00526	0.00472
13	0.07212	0.01381	0.01509	0.01176	0.01600	0.01495	0.00967	0.51769	0.07903	0.17020	0.01524	0.01462	0.01057	0.00666	0.00542	0.00169	0.00560	0.00507	0.00566	0.00916
14	0.01255	0.00943	0.01096	0.01036	0.01283	0.01015	0.00846	0.09389	0.29460	0.05866	0.08571	0.03753	0.06011	0.01071	0.00644	0.00207	0.00460	0.25831	0.00551	0.00711
15	0.00801	0.00522	0.00696	0.00774	0.00844	0.00482	0.00534	0.00928	0.01162	0.06226	0.13001	0.65020	0.03733	0.01588	0.00690	0.00215	0.00322	0.01434	0.00538	0.00490
16	0.46619	0.01066	0.00982	0.00855	0.01198	0.01179	0.00686	0.01981	0.21262	0.05659	0.04651	0.01426	0.01156	0.00603	0.00432	0.00167	0.00424	0.00433	0.00428	0.08794
17	0.00815	0.07019	0.00822	0.00664	0.00868	0.05419	0.00513	0.00962	0.01274	0.01503	0.08299	0.08902	0.58456	0.01283	0.00624	0.00180	0.00351	0.01065	0.00483	0.00499
18	0.03514	0.10942	0.29744	0.01211	0.01723	0.01269	0.02695	0.06495	0.13788	0.05993	0.07654	0.05193	0.04075	0.00704	0.00534	0.00170	0.00593	0.00571	0.00392	0.02741
19	0.01304	0.26767	0.41228	0.01298	0.01938	0.04979	0.01498	0.03717	0.03005	0.01661	0.00957	0.01099	0.00744	0.00512	0.00465	0.00149	0.00710	0.00373	0.00261	0.07336
20	0.27825	0.39889	0.05489	0.00943	0.01374	0.01744	0.00888	0.05952	0.08229	0.01919	0.00953	0.01041	0.00781	0.00526	0.00390	0.00147	0.00537	0.00345	0.00319	0.00709

[dist]
# distance from previous block
# <min> <max>
6	29

[block]
# block no. 3 follows, 43 sequences, length 16
# corresponding to MSA columns:
# 968-983
name=unknown_D
#
# <colnr> <probs for GDERKNQSTAVLIFYWHMCP>
#	G	D	E	R	K	N	Q	S	T	A	V	L	I	F	Y	W	H	M	C	P
0	0.05522	0.01238	0.02063	0.14590	0.51244	0.01295	0.05136	0.01690	0.01222	0.05581	0.01067	0.01388	0.00859	0.00533	0.00601	0.00173	0.04202	0.00494	0.00293	0.00808
1	0.05424	0.01458	0.01655	0.17584	0.16641	0.13939	0.01223	0.18153	0.06787	0.09906	0.01253	0.01403	0.00931	0.00595	0.00535	0.00168	0.00675	0.00479	0.00398	0.00794
2	0.01405	0.01228	0.01845	0.23417	0.22903	0.01380	0.05316	0.18569	0.01478	0.02040	0.01108	0.01428	0.00871	0.00676	0.02235	0.00192	0.08610	0.00505	0.04031	0.00762
3	0.14800	0.01206	0.01300	0.17151	0.06354	0.12030	0.01004	0.07751	0.01282	0.01819	0.05233	0.09839	0.05175	0.00935	0.03519	0.00210	0.07514	0.01894	0.00361	0.00624
4	0.00830	0.00643	0.00876	0.00961	0.08695	0.00598	0.00633	0.01085	0.01502	0.02097	0.60969	0.03985	0.12824	0.01097	0.00643	0.00175	0.00304	0.00968	0.00564	0.00553
5	0.01467	0.01118	0.01298	0.01093	0.01388	0.01235	0.02503	0.19723	0.28645	0.07549	0.17123	0.02350	0.04994	0.00837	0.00669	0.00182	0.05809	0.00679	0.00549	0.00788
6	0.00863	0.00634	0.00883	0.00787	0.00845	0.00624	0.08060	0.00903	0.00854	0.01142	0.01653	0.03337	0.01856	0.69537	0.02573	0.03395	0.00576	0.00778	0.00327	0.00375
7	0.01845	0.01889	0.01581	0.01494	0.08799	0.37837	0.03546	0.16218	0.04964	0.05979	0.01201	0.01482	0.00991	0.08852	0.00765	0.00195	0.00787	0.00477	0.00376	0.00721
8	0.09861	0.30117	0.39965	0.01248	0.01873	0.01605	0.01457	0.01760	0.04459	0.01695	0.00948	0.01082	0.00738	0.00516	0.00449	0.00155	0.00682	0.00368	0.00261	0.00760
9	0.04074	0.28818	0.38302	0.01371	0.01995	0.01563	0.09093	0.01684	0.01181	0.01653	0.04752	0.01249	0.00944	0.00533	0.00482	0.00157	0.00713	0.00423	0.00262	0.00752
10	0.01168	0.18265	0.59042	0.01410	0.02126	0.01429	0.01753	0.01700	0.01180	0.01687	0.04650	0.01258	0.00924	0.00545	0.00498	0.00164	0.00746	0.00416	0.00253	0.00783
11	0.01073	0.09732	0.55767	0.01347	0.02006	0.01222	0.01652	0.01585	0.01199	0.01704	0.05323	0.01923	0.09036	0.00682	0.00539	0.00174	0.00701	0.03296	0.00293	0.00745
12	0.00687	0.00559	0.00608	0.00602	0.00769	0.00480	0.00449	0.00855	0.01330	0.01670	0.22908	0.07798	0.56656	0.01349	0.00656	0.00185	0.00277	0.01143	0.00538	0.00480
13	0.00655	0.00561	0.00561	0.00561	0.00748	0.00468	0.00421	0.00795	0.01262	0.01496	0.05610	0.05330	0.76857	0.01403	0.00655	0.00187	0.00281	0.01169	0.00514	0.00468
14	0.02069	0.02640	0.01569	0.01427	0.01712	0.78313	0.01070	0.02212	0.01569	0.01355	0.00856	0.00999	0.00713	0.00571	0.00499	0.00143	0.00999	0.00357	0.00285	0.00642
15	0.01123	0.00957	0.01121	0.00818	0.01285	0.00723	0.00649	0.01361	0.01144	0.01783	0.01097	0.05446	0.00975	0.00482	0.00426	0.00090	0.00405	0.00396	0.00338	0.79383

[dist]
# distance from previous block
# <min> <max>
0	1

[block]
# block no. 4 follows, 43 sequences, length 18
# corresponding to MSA columns:
# 985-1002
name=unknown_E
#
# <colnr> <probs for GDERKNQSTAVLIFYWHMCP>
#	G	D	E	R	K	N	Q	S	T	A	V	L	I	F	Y	W	H	M	C	P
0	0.01111	0.02865	0.77667	0.01579	0.02397	0.01286	0.02046	0.01754	0.01169	0.01754	0.00994	0.01169	0.00702	0.00526	0.00526	0.00175	0.00818	0.00409	0.00234	0.00818
1	0.01481	0.80869	0.02902	0.00948	0.01421	0.02191	0.00948	0.01658	0.01125	0.01303	0.00770	0.00888	0.00711	0.00474	0.00355	0.00118	0.00592	0.00296	0.00237	0.00711
2	0.00735	0.00564	0.00672	0.00645	0.00797	0.00502	0.00484	0.00950	0.01451	0.01945	0.49672	0.04591	0.32515	0.01235	0.00654	0.00179	0.00269	0.01065	0.00573	0.00502
3	0.01481	0.80869	0.02902	0.00948	0.01421	0.02191	0.00948	0.01658	0.01125	0.01303	0.00770	0.00888	0.00711	0.00474	0.00355	0.00118	0.00592	0.00296	0.00237	0.00711
4	0.01223	0.01029	0.01189	0.00856	0.01344	0.00815	0.00687	0.07176	0.01262	0.01937	0.01011	0.01163	0.00830	0.00430	0.00421	0.00089	0.00426	0.00341	0.00346	0.77425
5	0.02020	0.01644	0.01605	0.01277	0.01686	0.11048	0.01035	0.58273	0.10639	0.03099	0.01374	0.01371	0.00997	0.00663	0.00548	0.00166	0.00638	0.00495	0.00522	0.00898
6	0.00767	0.00565	0.00717	0.00679	0.00817	0.00515	0.00509	0.01013	0.01528	0.02127	0.67578	0.04291	0.14495	0.01167	0.00653	0.00176	0.00264	0.01023	0.00597	0.00515
7	0.84448	0.01071	0.00814	0.00728	0.01071	0.01242	0.00600	0.01628	0.00943	0.02485	0.00771	0.00900	0.00600	0.00514	0.00343	0.00171	0.00428	0.00300	0.00343	0.00600
8	0.01076	0.01015	0.01716	0.72101	0.10681	0.01238	0.01553	0.01442	0.01122	0.01452	0.00990	0.01467	0.00751	0.00548	0.00553	0.00183	0.00731	0.00492	0.00249	0.00640
9	0.00805	0.00537	0.00604	0.00604	0.00604	0.00537	0.00336	0.00805	0.00805	0.01074	0.01745	0.03624	0.02013	0.80536	0.02819	0.00537	0.00537	0.00805	0.00336	0.00336
10	0.01046	0.00984	0.01661	0.79205	0.03814	0.01230	0.01538	0.01415	0.01107	0.01415	0.00984	0.01477	0.00738	0.00554	0.00554	0.00185	0.00738	0.00492	0.00246	0.00615
11	0.02042	0.06214	0.01630	0.01405	0.01699	0.74834	0.01064	0.02186	0.01549	0.01353	0.00852	0.00994	0.00713	0.00566	0.00493	0.00142	0.00980	0.00354	0.00283	0.00645
12	0.00770	0.00550	0.00752	0.00881	0.00955	0.00532	0.00680	0.00937	0.01155	0.01521	0.03000	0.47677	0.03454	0.01645	0.00732	0.00238	0.00404	0.33128	0.00512	0.00476
13	0.00743	0.00565	0.00684	0.00654	0.00802	0.00505	0.00490	0.00966	0.01471	0.01992	0.54337	0.04513	0.27821	0.01218	0.00654	0.00178	0.00267	0.01054	0.00580	0.00505
14	0.01425	0.01434	0.02644	0.05713	0.02492	0.01498	0.46128	0.15078	0.01460	0.01999	0.01089	0.01418	0.00836	0.00588	0.00818	0.00192	0.13523	0.00590	0.00322	0.00753
15	0.01474	0.01212	0.01293	0.01123	0.01447	0.01378	0.00884	0.16828	0.56143	0.02537	0.07755	0.02081	0.01815	0.00764	0.00569	0.00183	0.00458	0.00630	0.00565	0.00862
16	0.01754	0.01247	0.04495	0.01213	0.01612	0.01251	0.06641	0.10331	0.38370	0.23817	0.02000	0.01857	0.01416	0.00693	0.00566	0.00180	0.00519	0.00587	0.00562	0.00890
17	0.00759	0.00562	0.00708	0.00679	0.00814	0.00511	0.00507	0.00994	0.01498	0.02073	0.62545	0.07729	0.16164	0.01201	0.00656	0.00178	0.00267	0.01053	0.00591	0.00511

[dist]
# distance from previous block
# <min> <max>
0	1

[block]
# block no. 5 follows, 43 sequences, length 7
# corresponding to MSA columns:
# 1004-1010
name=unknown_F
#
# <colnr> <probs for GDERKNQSTAVLIFYWHMCP>
#	G	D	E	R	K	N	Q	S	T	A	V	L	I	F	Y	W	H	M	C	P
0	0.00733	0.00564	0.00670	0.00644	0.00796	0.00501	0.00483	0.00948	0.01449	0.01938	0.49026	0.04602	0.33165	0.01238	0.00654	0.00179	0.00269	0.01067	0.00572	0.00501
1	0.01259	0.00938	0.01123	0.00826	0.01275	0.00725	0.00660	0.01503	0.01238	0.10155	0.08670	0.01527	0.01320	0.00512	0.00450	0.00101	0.00402	0.00420	0.00395	0.66499
2	0.01409	0.01156	0.01245	0.01164	0.07016	0.08816	0.00844	0.11446	0.10524	0.07934	0.12992	0.04773	0.05655	0.00787	0.00555	0.00158	0.00497	0.04401	0.00472	0.18155
3	0.01619	0.01434	0.01900	0.08460	0.35452	0.09794	0.04000	0.12917	0.08966	0.08080	0.01275	0.01447	0.00977	0.00572	0.00550	0.00168	0.00668	0.00503	0.00377	0.00841
4	0.01493	0.01350	0.01976	0.20038	0.41069	0.09558	0.04398	0.01804	0.01297	0.10025	0.01138	0.01416	0.00881	0.00536	0.00549	0.00168	0.00703	0.00492	0.00315	0.00795
5	0.03414	0.01105	0.01765	0.08218	0.35197	0.01132	0.07421	0.01625	0.07225	0.04379	0.01948	0.04323	0.11191	0.00759	0.00622	0.00183	0.02799	0.05585	0.00365	0.00743
6	0.01194	0.01189	0.01660	0.36194	0.13812	0.09578	0.05890	0.01505	0.01222	0.01549	0.01436	0.02071	0.05201	0.00674	0.00568	0.00176	0.00693	0.07772	0.00304	0.07311

[dist]
# distance from previous block
# <min> <max>
11	52

[block]
# block no. 6 follows, 43 sequences, length 11
# corresponding to MSA columns:
# 1070-1080
name=unknown_G
#
# <colnr> <probs for GDERKNQSTAVLIFYWHMCP>
#	G	D	E	R	K	N	Q	S	T	A	V	L	I	F	Y	W	H	M	C	P
0	0.12677	0.01382	0.02960	0.03035	0.01625	0.11159	0.06420	0.13405	0.05677	0.16788	0.01302	0.01354	0.00947	0.00580	0.00529	0.00154	0.02438	0.00449	0.00433	0.16686
1	0.34411	0.06988	0.01509	0.01120	0.01508	0.10177	0.07824	0.15289	0.01431	0.09671	0.01058	0.01154	0.00789	0.00567	0.00488	0.00165	0.02551	0.00406	0.00392	0.02503
2	0.00765	0.00605	0.00820	0.00886	0.00913	0.00659	0.00631	0.00866	0.01025	0.01400	0.02662	0.66900	0.03169	0.01606	0.00894	0.00228	0.13636	0.01391	0.00468	0.00476
3	0.00815	0.00631	0.00963	0.08340	0.01258	0.00743	0.00773	0.01030	0.00911	0.01298	0.01436	0.02109	0.01323	0.03811	0.70942	0.00823	0.01413	0.00584	0.00292	0.00506
4	0.12676	0.24244	0.05408	0.04763	0.01649	0.09074	0.07425	0.03483	0.03352	0.04440	0.01273	0.01433	0.06132	0.00650	0.00655	0.00167	0.11722	0.00460	0.00314	0.00680
5	0.23074	0.31645	0.06066	0.01076	0.01449	0.17871	0.00969	0.01740	0.01147	0.01648	0.00796	0.00962	0.00684	0.00556	0.00535	0.00153	0.08358	0.00334	0.00275	0.00663
6	0.00995	0.00861	0.00880	0.00889	0.01036	0.08049	0.00639	0.06100	0.08559	0.01662	0.02730	0.49821	0.08349	0.01360	0.00643	0.00199	0.00418	0.01196	0.00490	0.05125
7	0.01221	0.14965	0.09133	0.00944	0.01419	0.01082	0.00859	0.06319	0.01235	0.01788	0.01168	0.08635	0.01068	0.00576	0.00450	0.00117	0.00487	0.00461	0.00336	0.47738
8	0.01463	0.07898	0.08826	0.01001	0.01449	0.01113	0.00901	0.16465	0.01502	0.11267	0.01809	0.01829	0.11292	0.00665	0.00542	0.00142	0.02977	0.00516	0.00423	0.27919
9	0.01413	0.01482	0.14494	0.01273	0.05037	0.06545	0.03861	0.13138	0.11923	0.07314	0.11664	0.07021	0.01757	0.00738	0.00558	0.00166	0.00566	0.00621	0.00447	0.09982
10	0.03147	0.04399	0.09334	0.01680	0.10576	0.01423	0.14288	0.10979	0.16907	0.03411	0.01469	0.01736	0.02774	0.00695	0.00748	0.00188	0.11890	0.03187	0.00383	0.00784

[dist]
# distance from previous block
# <min> <max>
12	41

[block]
# block no. 7 follows, 43 sequences, length 13
# corresponding to MSA columns:
# 1123-1135
name=unknown_H
#
# <colnr> <probs for GDERKNQSTAVLIFYWHMCP>
#	G	D	E	R	K	N	Q	S	T	A	V	L	I	F	Y	W	H	M	C	P
0	0.01061	0.00905	0.01048	0.00784	0.01215	0.00689	0.00619	0.01287	0.01159	0.01746	0.01686	0.05483	0.10857	0.00603	0.00456	0.00103	0.00389	0.00497	0.00361	0.69053
1	0.01979	0.02451	0.01528	0.01388	0.01677	0.68295	0.01045	0.02307	0.11271	0.01481	0.01038	0.01138	0.00841	0.00594	0.00508	0.00149	0.00926	0.00392	0.00322	0.00673
2	0.01213	0.00971	0.01125	0.00891	0.01268	0.00849	0.00695	0.14644	0.01392	0.02020	0.01525	0.19448	0.01499	0.00763	0.00505	0.00130	0.00426	0.00647	0.00412	0.49576
3	0.02485	0.00943	0.01285	0.00985	0.01414	0.00814	0.00814	0.02699	0.01585	0.77465	0.02185	0.01885	0.01371	0.00685	0.00557	0.00171	0.00471	0.00557	0.00685	0.00943
4	0.01148	0.00984	0.01148	0.00820	0.01312	0.00738	0.00656	0.01395	0.01148	0.01805	0.00984	0.01148	0.00820	0.00410	0.00410	0.00082	0.00410	0.00328	0.00328	0.83922
5	0.01328	0.48719	0.33717	0.01208	0.01824	0.01818	0.01400	0.01698	0.01143	0.01489	0.00862	0.01004	0.00707	0.00495	0.00426	0.00142	0.00686	0.00343	0.00236	0.00755
6	0.00762	0.00558	0.00715	0.00690	0.00818	0.00511	0.00512	0.00998	0.01495	0.02082	0.63632	0.10750	0.11992	0.01210	0.00658	0.00180	0.00268	0.01067	0.00592	0.00511
7	0.07147	0.29848	0.22897	0.01121	0.01610	0.05485	0.01173	0.05413	0.04577	0.01687	0.01369	0.03906	0.06053	0.00814	0.04542	0.00193	0.00675	0.00471	0.00308	0.00712
8	0.01227	0.01042	0.04997	0.00992	0.01272	0.04264	0.00822	0.12746	0.01437	0.05907	0.07982	0.21370	0.02232	0.01033	0.00638	0.00179	0.03112	0.10971	0.00466	0.17313
9	0.01449	0.05370	0.07177	0.01102	0.04718	0.03243	0.00897	0.07581	0.14556	0.13474	0.10937	0.01969	0.03201	0.03336	0.00601	0.00164	0.00491	0.00558	0.00465	0.18712
10	0.02932	0.11464	0.04137	0.06694	0.01589	0.01123	0.05557	0.08003	0.03806	0.05374	0.04816	0.01843	0.08083	0.02655	0.03019	0.00174	0.01991	0.00523	0.00376	0.25842
11	0.01421	0.08119	0.09771	0.01172	0.01580	0.12083	0.07481	0.06559	0.06162	0.07679	0.14434	0.03745	0.01729	0.00674	0.00532	0.00152	0.00591	0.00563	0.00411	0.15142
12	0.01399	0.07284	0.08726	0.01248	0.01658	0.01088	0.14543	0.06823	0.05231	0.14097	0.12661	0.03907	0.01828	0.00858	0.03411	0.00195	0.00605	0.05145	0.00445	0.08849

[dist]
# distance from previous block
# <min> <max>
8	31

[block]
# block no. 8 follows, 43 sequences, length 28
# corresponding to MSA columns:
# 1167-1194
name=unknown_I
#
# <colnr> <probs for GDERKNQSTAVLIFYWHMCP>
#	G	D	E	R	K	N	Q	S	T	A	V	L	I	F	Y	W	H	M	C	P
0	0.03512	0.03154	0.04977	0.01204	0.03815	0.16753	0.04112	0.04887	0.07908	0.10578	0.10586	0.02054	0.06110	0.00741	0.00623	0.00164	0.05473	0.02553	0.00425	0.10371
1	0.06005	0.06561	0.18111	0.01144	0.01656	0.01208	0.02757	0.18252	0.01511	0.06051	0.02616	0.01580	0.01059	0.00601	0.00500	0.00148	0.00575	0.04930	0.00387	0.24348
2	0.06749	0.14259	0.28452	0.01226	0.01756	0.02446	0.04272	0.05069	0.08487	0.04658	0.01397	0.05818	0.02705	0.00654	0.00508	0.00164	0.00623	0.02655	0.00345	0.07756
3	0.10419	0.09007	0.01386	0.03290	0.05518	0.02893	0.00852	0.08358	0.07913	0.18853	0.07356	0.06220	0.01545	0.01992	0.05389	0.00215	0.02240	0.00578	0.00463	0.05512
4	0.03529	0.10054	0.07735	0.00981	0.01312	0.01114	0.00855	0.15449	0.06920	0.04508	0.19633	0.13170	0.02354	0.00880	0.00573	0.00167	0.01439	0.00732	0.00474	0.08120
5	0.03139	0.06011	0.04616	0.01223	0.01513	0.23579	0.04894	0.12756	0.01491	0.03855	0.01800	0.07979	0.08910	0.02327	0.00714	0.00186	0.07306	0.06654	0.00389	0.00660
6	0.04828	0.02364	0.56417	0.01443	0.02116	0.01249	0.03879	0.05953	0.05934	0.01908	0.01230	0.06039	0.00974	0.00622	0.00533	0.00178	0.00725	0.00504	0.02317	0.00788
7	0.01212	0.01031	0.01298	0.01129	0.09184	0.00855	0.00801	0.01458	0.01155	0.03848	0.01008	0.01195	0.00836	0.00458	0.00509	0.00102	0.04960	0.00360	0.00327	0.68274
8	0.01298	0.01260	0.02172	0.14588	0.48441	0.01276	0.10771	0.01693	0.04158	0.01764	0.01086	0.01414	0.00879	0.00504	0.00553	0.00166	0.00679	0.00507	0.00286	0.06503
9	0.01321	0.01268	0.02141	0.12666	0.63266	0.01329	0.01649	0.01641	0.01216	0.01731	0.01015	0.01374	0.00851	0.00531	0.00629	0.00172	0.05611	0.00493	0.00269	0.00828
