[name]
unknown

[dist]
# distance from previous block
# <min> <max>
5	94

[block]
# block no. 0 follows, 41 sequences, length 12
# corresponding to MSA columns:
# 120-130,134
name=unknown_A
#
# <colnr> <probs for GDERKNQSTAVLIFYWHMCP>
#	G	D	E	R	K	N	Q	S	T	A	V	L	I	F	Y	W	H	M	C	P
0	0.06351	0.01204	0.05355	0.01372	0.06883	0.01117	0.09788	0.09856	0.05140	0.14287	0.05003	0.04102	0.04432	0.00753	0.00644	0.00177	0.04944	0.04338	0.03284	0.10969
1	0.00858	0.00633	0.00768	0.00732	0.00881	0.00604	0.00544	0.01161	0.08318	0.01968	0.43521	0.04048	0.20992	0.01299	0.00859	0.10443	0.00320	0.00972	0.00555	0.00525
2	0.01199	0.00989	0.01246	0.10172	0.07578	0.03979	0.02816	0.12629	0.08223	0.01982	0.06083	0.27066	0.05082	0.01109	0.00675	0.02701	0.00508	0.00938	0.04369	0.00656
3	0.11624	0.22532	0.21052	0.01468	0.09259	0.01546	0.05335	0.03903	0.07573	0.06411	0.03453	0.01358	0.01020	0.00574	0.00493	0.00165	0.00645	0.00450	0.00341	0.00797
4	0.05768	0.01199	0.01822	0.32448	0.25183	0.05283	0.06483	0.01553	0.01242	0.01679	0.01615	0.01925	0.10096	0.00654	0.00575	0.00182	0.00690	0.00588	0.00307	0.00709
5	0.10991	0.00645	0.00678	0.00671	0.00858	0.00603	0.00513	0.01006	0.01327	0.01852	0.21486	0.08844	0.42238	0.01296	0.00645	0.00194	0.00319	0.04789	0.00532	0.00514
6	0.01375	0.14710	0.13344	0.05020	0.08052	0.05936	0.16505	0.05398	0.05207	0.01842	0.04263	0.01541	0.03019	0.00577	0.00541	0.00160	0.00704	0.00515	0.00329	0.10965
7	0.01447	0.01473	0.16357	0.03245	0.08028	0.01102	0.14539	0.04920	0.02506	0.14290	0.05343	0.01866	0.05228	0.00646	0.00591	0.00169	0.01973	0.00580	0.04709	0.10986
8	0.02311	0.01116	0.01387	0.01080	0.01503	0.01079	0.00886	0.19824	0.05969	0.50963	0.06183	0.01950	0.01551	0.00732	0.00580	0.00177	0.00507	0.00591	0.00664	0.00945
9	0.04658	0.00926	0.01321	0.01083	0.01370	0.00922	0.09774	0.10726	0.01494	0.17779	0.14179	0.06653	0.02092	0.04377	0.12826	0.00310	0.00666	0.00718	0.07429	0.00700
10	0.09233	0.01305	0.05783	0.03405	0.04547	0.07367	0.06290	0.06800	0.01467	0.28097	0.01652	0.08676	0.01289	0.00708	0.00551	0.00169	0.00586	0.00592	0.00485	0.11000
11	0.03322	0.01281	0.02092	0.28768	0.34486	0.01385	0.07618	0.10622	0.01415	0.01957	0.01093	0.01447	0.00855	0.00551	0.00573	0.00179	0.00720	0.00519	0.00311	0.00804

[dist]
# distance from previous block
# <min> <max>
1	4

[block]
# block no. 1 follows, 41 sequences, length 46
# corresponding to MSA columns:
# 139-161,163-175,184-188,190-194
name=unknown_B
#
# <colnr> <probs for GDERKNQSTAVLIFYWHMCP>
#	G	D	E	R	K	N	Q	S	T	A	V	L	I	F	Y	W	H	M	C	P
0	0.04001	0.00707	0.00900	0.00907	0.01012	0.02577	0.03103	0.03535	0.01177	0.01621	0.07825	0.46038	0.06433	0.04381	0.09351	0.00307	0.03908	0.01226	0.00476	0.00518
1	0.06859	0.01243	0.01809	0.09858	0.10065	0.03776	0.15032	0.04438	0.02815	0.07054	0.01156	0.01372	0.00891	0.00509	0.00521	0.00146	0.00626	0.00468	0.00353	0.31009
2	0.04979	0.01051	0.01333	0.01249	0.07248	0.03687	0.03002	0.06735	0.09230	0.23920	0.03735	0.04619	0.03889	0.01318	0.12514	0.00296	0.04833	0.00626	0.04963	0.00772
3	0.00994	0.05287	0.01050	0.04711	0.05833	0.00771	0.00676	0.01236	0.03128	0.03777	0.23106	0.06467	0.15053	0.11402	0.00897	0.00218	0.00411	0.00837	0.04035	0.10111
4	0.01342	0.03117	0.20027	0.04069	0.15887	0.01323	0.22200	0.05437	0.05729	0.03270	0.04018	0.01534	0.01072	0.00557	0.00581	0.00173	0.00744	0.00547	0.00331	0.08043
5	0.01186	0.01017	0.01186	0.00847	0.01356	0.00762	0.00678	0.01440	0.01186	0.01864	0.01017	0.01186	0.00847	0.00424	0.00424	0.00085	0.00424	0.00339	0.00339	0.83395
6	0.05057	0.01009	0.01674	0.52003	0.08623	0.01169	0.06583	0.01421	0.01164	0.01575	0.01461	0.10032	0.04424	0.00728	0.00590	0.00193	0.00688	0.00662	0.00306	0.00639
7	0.00697	0.00498	0.00664	0.00796	0.00830	0.00465	0.00531	0.00796	0.01095	0.01460	0.03153	0.79525	0.03783	0.01792	0.00730	0.00232	0.00332	0.01626	0.00531	0.00465
8	0.00805	0.00584	0.00758	0.00715	0.00852	0.00538	0.00536	0.01070	0.01608	0.02268	0.73585	0.04315	0.07856	0.01179	0.00675	0.00180	0.00271	0.01040	0.00626	0.00538
9	0.02494	0.00952	0.01289	0.00994	0.01422	0.00826	0.00819	0.02717	0.01616	0.73132	0.02238	0.01956	0.01418	0.00706	0.00567	0.00175	0.00476	0.00573	0.04676	0.00952
10	0.00894	0.00603	0.00792	0.00734	0.00884	0.00554	0.00554	0.01162	0.01620	0.05880	0.72474	0.04161	0.05205	0.01147	0.00670	0.00180	0.00280	0.01012	0.00633	0.00561
11	0.02105	0.01568	0.01677	0.01302	0.01747	0.01741	0.01070	0.67827	0.09398	0.03493	0.01461	0.01444	0.01044	0.00695	0.00573	0.00174	0.00613	0.00527	0.00573	0.00967
12	0.01416	0.01359	0.02322	0.03511	0.76330	0.01359	0.01755	0.01755	0.01302	0.01869	0.01076	0.01416	0.00906	0.00510	0.00566	0.00170	0.00680	0.00510	0.00283	0.00906
13	0.01309	0.01113	0.01183	0.01086	0.01363	0.01269	0.00828	0.02668	0.62902	0.02217	0.02457	0.08126	0.04065	0.05871	0.00743	0.00220	0.00445	0.00748	0.00562	0.00825
14	0.01402	0.01360	0.02331	0.03336	0.68437	0.01388	0.04853	0.01735	0.01278	0.01836	0.01059	0.01411	0.00895	0.00540	0.00654	0.00176	0.05631	0.00516	0.00281	0.00883
15	0.01217	0.01035	0.01203	0.00862	0.01369	0.00795	0.00691	0.03753	0.01234	0.01919	0.01028	0.01192	0.00851	0.00432	0.00428	0.00087	0.00430	0.00344	0.00346	0.80783
16	0.01438	0.01002	0.01212	0.01173	0.08954	0.04016	0.00816	0.04166	0.08275	0.17181	0.16631	0.05937	0.09447	0.00845	0.00580	0.00163	0.00450	0.00718	0.00520	0.16477
17	0.01542	0.23565	0.30663	0.01509	0.05255	0.01583	0.08498	0.08713	0.01401	0.10427	0.01151	0.01270	0.00851	0.00554	0.00515	0.00164	0.00724	0.00445	0.00333	0.00837
18	0.01146	0.06376	0.01056	0.00954	0.01127	0.00769	0.00768	0.04441	0.01320	0.11489	0.02745	0.34020	0.02956	0.01433	0.00699	0.00226	0.00455	0.26891	0.00534	0.00595
19	0.00724	0.00581	0.00646	0.00630	0.00802	0.00503	0.00473	0.00914	0.01418	0.01815	0.31142	0.05060	0.50582	0.01348	0.00676	0.00188	0.00283	0.01145	0.00567	0.00503
20	0.00743	0.00607	0.00710	0.00773	0.04141	0.00535	0.00536	0.00918	0.01341	0.01698	0.18805	0.13780	0.48855	0.01397	0.00680	0.00196	0.00314	0.02920	0.00539	0.00511
21	0.01615	0.11662	0.27177	0.01633	0.07338	0.04054	0.11872	0.06154	0.05080	0.15954	0.01330	0.01422	0.00954	0.00578	0.00551	0.00173	0.00729	0.00494	0.00377	0.00853
22	0.04544	0.00954	0.01269	0.00991	0.01404	0.00845	0.00813	0.02631	0.03744	0.66742	0.08048	0.02109	0.01719	0.00742	0.00577	0.00178	0.00467	0.00607	0.00689	0.00928
23	0.00813	0.00609	0.00910	0.00915	0.01015	0.00706	0.00709	0.01014	0.00925	0.01332	0.01588	0.04932	0.01512	0.04203	0.74959	0.00895	0.01490	0.00648	0.00314	0.00509
24	0.03903	0.11099	0.23259	0.07548	0.10897	0.07000	0.07568	0.13799	0.01497	0.03251	0.01171	0.01359	0.02013	0.00577	0.00535	0.00169	0.00740	0.00472	0.02334	0.00807
25	0.03972	0.01178	0.05163	0.01282	0.02860	0.02487	0.07005	0.02075	0.04152	0.33685	0.05829	0.05095	0.03446	0.00828	0.00879	0.00198	0.17928	0.00635	0.00504	0.00797
26	0.83938	0.01106	0.00841	0.00752	0.01106	0.01283	0.00619	0.01681	0.00973	0.02566	0.00796	0.00929	0.00619	0.00531	0.00354	0.00177	0.00442	0.00310	0.00354	0.00619
27	0.01307	0.01460	0.03066	0.02233	0.02722	0.01432	0.62696	0.01732	0.01286	0.01764	0.01211	0.05328	0.00998	0.00603	0.00809	0.00201	0.09415	0.00703	0.00297	0.00741
28	0.01116	0.01048	0.01738	0.70454	0.08549	0.01283	0.01571	0.01546	0.04210	0.01526	0.01075	0.01543	0.00812	0.00576	0.00572	0.00189	0.00744	0.00514	0.00270	0.00664
29	0.01564	0.12340	0.01829	0.01368	0.01562	0.19883	0.01127	0.07248	0.05481	0.01603	0.00956	0.01251	0.00845	0.00922	0.04061	0.00225	0.36286	0.00456	0.00306	0.00687
30	0.00832	0.00555	0.00624	0.00624	0.00624	0.00555	0.00347	0.00832	0.00832	0.01109	0.01802	0.03743	0.02080	0.79898	0.02911	0.00555	0.00555	0.00832	0.00347	0.00347
31	0.79956	0.01100	0.00865	0.00765	0.01123	0.01262	0.00630	0.01736	0.01006	0.06196	0.00868	0.00979	0.00658	0.00540	0.00365	0.00177	0.00445	0.00323	0.00371	0.00637
32	0.01147	0.02959	0.76934	0.01630	0.02476	0.01328	0.02113	0.01811	0.01208	0.01811	0.01026	0.01208	0.00725	0.00543	0.00543	0.00181	0.00845	0.00423	0.00242	0.00845
33	0.02137	0.02726	0.01621	0.01474	0.01768	0.77602	0.01105	0.02284	0.01621	0.01400	0.00884	0.01031	0.00737	0.00589	0.00516	0.00147	0.01031	0.00368	0.00295	0.00663
34	0.00817	0.00613	0.00919	0.00919	0.01021	0.00715	0.00715	0.01021	0.00919	0.01328	0.01532	0.02247	0.01430	0.04290	0.77631	0.00919	0.01532	0.00613	0.00306	0.00511
35	0.00793	0.00580	0.00744	0.00711	0.00846	0.00531	0.00530	0.01044	0.01569	0.02192	0.66719	0.07702	0.11458	0.01221	0.00677	0.00183	0.00274	0.01076	0.00617	0.00531
36	0.03282	0.05604	0.02705	0.02059	0.05727	0.21820	0.43941	0.01919	0.01402	0.01706	0.01119	0.01524	0.00905	0.00551	0.00610	0.00178	0.00927	0.02989	0.00298	0.00735
37	0.01147	0.02959	0.76934	0.01630	0.02476	0.01328	0.02113	0.01811	0.01208	0.01811	0.01026	0.01208	0.00725	0.00543	0.00543	0.00181	0.00845	0.00423	0.00242	0.00845
38	0.00697	0.00498	0.00664	0.00796	0.00830	0.00465	0.00531	0.00796	0.01095	0.01460	0.03153	0.79525	0.03783	0.01792	0.00730	0.00232	0.00332	0.01626	0.00531	0.00465
39	0.01031	0.02836	0.07709	0.00880	0.01112	0.00726	0.00751	0.03690	0.03089	0.07800	0.39379	0.16044	0.07288	0.01169	0.00656	0.00191	0.00384	0.04089	0.00563	0.00612
40	0.01261	0.21955	0.45916	0.01371	0.02032	0.01539	0.01614	0.01903	0.10207	0.01787	0.04438	0.01383	0.01057	0.00586	0.00510	0.00168	0.00714	0.00448	0.00301	0.00811
41	0.01416	0.01359	0.02322	0.03511	0.76330	0.01359	0.01755	0.01755	0.01302	0.01869	0.01076	0.01416	0.00906	0.00510	0.00566	0.00170	0.00680	0.00510	0.00283	0.00906
42	0.12809	0.01121	0.01347	0.01046	0.01481	0.01091	0.00864	0.17577	0.01772	0.52077	0.01887	0.01698	0.01222	0.00681	0.00547	0.00176	0.00511	0.00529	0.00635	0.00928
43	0.05000	0.01854	0.01652	0.03424	0.01760	0.28114	0.03983	0.26815	0.04867	0.02288	0.01149	0.01298	0.00894	0.00676	0.00698	0.00173	0.10146	0.00467	0.03970	0.00771
44	0.01714	0.33200	0.04750	0.01268	0.01627	0.23061	0.01112	0.10371	0.01422	0.01648	0.00888	0.01070	0.00765	0.00630	0.00698	0.00159	0.14205	0.00385	0.00298	0.00727
45	0.01558	0.01172	0.05004	0.01071	0.03997	0.00962	0.00867	0.09521	0.05883	0.16332	0.04462	0.01543	0.01206	0.00566	0.00499	0.00130	0.00482	0.00459	0.00454	0.43833

[dist]
# distance from previous block
# <min> <max>
0	7

[block]
# block no. 2 follows, 41 sequences, length 51
# corresponding to MSA columns:
# 230-253,255-281
name=unknown_C
#
# <colnr> <probs for GDERKNQSTAVLIFYWHMCP>
#	G	D	E	R	K	N	Q	S	T	A	V	L	I	F	Y	W	H	M	C	P
0	0.00919	0.03350	0.00901	0.00867	0.00979	0.00601	0.03265	0.01050	0.01168	0.08052	0.05081	0.60336	0.05728	0.03877	0.00763	0.00229	0.00382	0.01400	0.00525	0.00529
1	0.03952	0.04687	0.37739	0.01444	0.02071	0.01383	0.05627	0.18043	0.04292	0.10464	0.01353	0.04077	0.01004	0.00640	0.00557	0.00179	0.00713	0.00517	0.00395	0.00862
2	0.01482	0.04022	0.02055	0.02133	0.26346	0.01429	0.11991	0.17836	0.06769	0.02180	0.01445	0.10439	0.01287	0.00751	0.00704	0.00188	0.07062	0.00666	0.00394	0.00821
3	0.01093	0.00608	0.00575	0.00573	0.00709	0.03204	0.00428	0.01350	0.01211	0.02088	0.01869	0.04340	0.01508	0.00696	0.00413	0.00137	0.00295	0.00559	0.77807	0.00536
4	0.01340	0.01306	0.04120	0.04410	0.22518	0.05064	0.02933	0.04041	0.03924	0.01900	0.01088	0.01303	0.00887	0.00488	0.00494	0.00128	0.00574	0.00422	0.00330	0.42729
5	0.01341	0.40864	0.38264	0.01335	0.01997	0.01791	0.03874	0.01764	0.01190	0.01583	0.00917	0.01076	0.00734	0.00515	0.00461	0.00153	0.00734	0.00373	0.00245	0.00788
6	0.00676	0.00579	0.00579	0.00579	0.00773	0.00483	0.00435	0.00821	0.01304	0.01545	0.05794	0.05505	0.76098	0.01449	0.00676	0.00193	0.00290	0.01207	0.00531	0.00483
7	0.01277	0.01247	0.03338	0.28859	0.41734	0.01315	0.05619	0.01635	0.01234	0.01723	0.01078	0.01477	0.00867	0.00549	0.00603	0.00179	0.02794	0.00517	0.03169	0.00785
8	0.00994	0.00497	0.00745	0.00745	0.00745	0.00497	0.00497	0.00745	0.00745	0.00994	0.00994	0.01739	0.00994	0.01987	0.02235	0.83358	0.00497	0.00497	0.00248	0.00248
9	0.01251	0.01251	0.01752	0.01502	0.01502	0.01752	0.01251	0.01377	0.00876	0.01377	0.00751	0.01251	0.00751	0.01001	0.01877	0.00250	0.78851	0.00501	0.00250	0.00626
10	0.00825	0.00559	0.00658	0.00663	0.00675	0.00569	0.00394	0.00852	0.00851	0.01146	0.01820	0.06229	0.02067	0.68776	0.11126	0.00584	0.00655	0.00835	0.00349	0.00369
11	0.00681	0.00580	0.00586	0.00584	0.00775	0.00485	0.00438	0.00830	0.01315	0.01571	0.08198	0.05463	0.73678	0.01439	0.00676	0.00193	0.00289	0.01201	0.00535	0.00485
12	0.83938	0.01106	0.00841	0.00752	0.01106	0.01283	0.00619	0.01681	0.00973	0.02566	0.00796	0.00929	0.00619	0.00531	0.00354	0.00177	0.00442	0.00310	0.00354	0.00619
13	0.01316	0.01298	0.01708	0.01466	0.01515	0.03665	0.01213	0.03698	0.07440	0.01531	0.00910	0.01326	0.00844	0.00962	0.01691	0.00240	0.67715	0.00510	0.00290	0.00661
14	0.00715	0.00507	0.00668	0.00789	0.00822	0.00478	0.00526	0.00811	0.01078	0.01437	0.03031	0.70836	0.03621	0.08599	0.00922	0.00261	0.00357	0.03573	0.00515	0.00456
15	0.01350	0.01543	0.03375	0.02411	0.02989	0.01446	0.74253	0.01832	0.01350	0.01832	0.01157	0.01543	0.00868	0.00482	0.00675	0.00193	0.00964	0.00675	0.00289	0.00771
16	0.04263	0.01277	0.01842	0.26514	0.31217	0.03872	0.01456	0.05779	0.14356	0.01934	0.01277	0.01545	0.00997	0.00589	0.00562	0.00180	0.00666	0.00522	0.00345	0.00806
17	0.06676	0.02276	0.01785	0.01670	0.08326	0.51791	0.07243	0.07358	0.03285	0.01725	0.00985	0.01155	0.00796	0.00588	0.00552	0.00159	0.02168	0.00422	0.00322	0.00718
18	0.01587	0.01710	0.01974	0.02633	0.45478	0.24400	0.01474	0.01857	0.01390	0.01702	0.01181	0.01735	0.01059	0.00638	0.00600	0.00173	0.02563	0.06744	0.00307	0.00793
19	0.00928	0.00617	0.00766	0.00710	0.00886	0.00551	0.00539	0.01162	0.01540	0.08594	0.51529	0.04387	0.23234	0.01201	0.00666	0.00183	0.00294	0.01039	0.00611	0.00563
20	0.02118	0.02461	0.01627	0.01433	0.01759	0.60619	0.01094	0.15815	0.04519	0.01849	0.01029	0.01136	0.00818	0.00614	0.00529	0.00154	0.00935	0.00406	0.00357	0.00730
21	0.01333	0.01262	0.02133	0.09838	0.63405	0.01280	0.01635	0.01671	0.01316	0.01870	0.07609	0.01674	0.01285	0.00573	0.00576	0.00173	0.00651	0.00555	0.00311	0.00850
22	0.00738	0.00537	0.00695	0.00750	0.00834	0.00494	0.00527	0.00905	0.01309	0.01781	0.30808	0.45327	0.10112	0.01530	0.00705	0.00209	0.00305	0.01370	0.00568	0.00494
23	0.00819	0.00618	0.00773	0.00836	0.00952	0.00600	0.00627	0.01117	0.07736	0.01740	0.15504	0.36297	0.13545	0.01513	0.00712	0.00221	0.00364	0.14945	0.00551	0.00530
24	0.22366	0.01333	0.01509	0.08138	0.09955	0.06990	0.03597	0.17120	0.04311	0.14708	0.01357	0.01551	0.01016	0.00640	0.00525	0.00178	0.00608	0.02847	0.00449	0.00801
25	0.00919	0.00664	0.00812	0.00775	0.00941	0.00634	0.00586	0.03164	0.06896	0.04562	0.44569	0.12399	0.15916	0.01239	0.00672	0.00191	0.00319	0.03569	0.00597	0.00575
26	0.01305	0.01118	0.03226	0.00913	0.01424	0.00867	0.00755	0.07849	0.01329	0.03832	0.01078	0.01221	0.00869	0.00457	0.00443	0.00097	0.00454	0.00362	0.00366	0.72034
27	0.12981	0.02511	0.01517	0.01378	0.01681	0.67484	0.01041	0.02204	0.01535	0.01555	0.00873	0.01018	0.00721	0.00582	0.00494	0.00151	0.00953	0.00361	0.00303	0.00657
28	0.00702	0.00504	0.00669	0.00799	0.00838	0.00470	0.00539	0.00807	0.01105	0.01468	0.03201	0.76131	0.05196	0.01780	0.00731	0.00232	0.00336	0.03494	0.00531	0.00467
29	0.00964	0.00790	0.01084	0.01008	0.01061	0.00976	0.00771	0.02325	0.00914	0.01322	0.01386	0.02355	0.01408	0.23417	0.35580	0.00625	0.22562	0.00638	0.00306	0.00507
30	0.00847	0.00609	0.00815	0.00919	0.01037	0.00590	0.00755	0.01065	0.01287	0.01692	0.08174	0.21318	0.10595	0.01563	0.00750	0.00241	0.00440	0.44329	0.02464	0.00511
31	0.00736	0.00558	0.00678	0.00698	0.00822	0.00500	0.00504	0.00918	0.01371	0.01822	0.33269	0.26241	0.26935	0.01435	0.00691	0.00199	0.00294	0.01258	0.00571	0.00500
32	0.01175	0.02765	0.66862	0.01737	0.02546	0.01345	0.11991	0.01814	0.01227	0.01814	0.01044	0.01254	0.00744	0.00535	0.00561	0.00183	0.00862	0.00457	0.00248	0.00835
33	0.01423	0.01229	0.01293	0.01164	0.01487	0.01423	0.00905	0.03039	0.75297	0.02393	0.02328	0.02134	0.01746	0.00776	0.00582	0.00194	0.00453	0.00647	0.00582	0.00905
34	0.00783	0.00576	0.00733	0.00709	0.00842	0.00526	0.00526	0.01023	0.01534	0.02128	0.60920	0.10990	0.14066	0.01258	0.00680	0.00186	0.00278	0.01108	0.00609	0.00526
35	0.03973	0.61219	0.05138	0.01086	0.01520	0.08727	0.01042	0.01734	0.01171	0.01405	0.00806	0.00969	0.00732	0.00549	0.00526	0.00140	0.07960	0.00333	0.00253	0.00718
36	0.09244	0.03665	0.01639	0.01266	0.01691	0.09439	0.01035	0.54872	0.06465	0.03164	0.01312	0.01331	0.00955	0.00663	0.00543	0.00170	0.00644	0.00484	0.00517	0.00901
37	0.01312	0.08449	0.29700	0.01230	0.01751	0.01088	0.06249	0.01712	0.01369	0.14416	0.14619	0.02424	0.11687	0.00789	0.00583	0.00178	0.00601	0.00664	0.00428	0.00752
38	0.01405	0.01348	0.02302	0.05981	0.73946	0.01356	0.01750	0.01746	0.01297	0.01855	0.01074	0.01419	0.00901	0.00512	0.00566	0.00171	0.00682	0.00510	0.00282	0.00897
39	0.00735	0.00717	0.07312	0.00858	0.00970	0.00541	0.00664	0.00886	0.01115	0.01495	0.03101	0.68951	0.07173	0.01666	0.00711	0.00226	0.00375	0.01500	0.00506	0.00499
40	0.02566	0.00973	0.01327	0.01018	0.01460	0.00841	0.00841	0.02788	0.01637	0.76726	0.02257	0.01947	0.01416	0.00708	0.00575	0.00177	0.00487	0.00575	0.00708	0.00973
41	0.01687	0.31181	0.09319	0.01179	0.01636	0.10016	0.01086	0.10243	0.18498	0.07818	0.01359	0.01370	0.01047	0.00611	0.00489	0.00157	0.00635	0.00447	0.00400	0.00822
42	0.08729	0.01259	0.01614	0.07070	0.21109	0.06558	0.01148	0.06343	0.05108	0.32900	0.01601	0.01608	0.01116	0.00626	0.00550	0.00175	0.00597	0.00517	0.00494	0.00878
43	0.00746	0.00549	0.00700	0.00744	0.00843	0.00503	0.00534	0.00924	0.01338	0.01809	0.32270	0.37149	0.14439	0.01492	0.00703	0.00207	0.00308	0.03673	0.00570	0.00499
44	0.02013	0.18474	0.01901	0.01373	0.01707	0.62296	0.01079	0.02168	0.01528	0.01389	0.00866	0.01008	0.00736	0.00569	0.00486	0.00142	0.00946	0.00356	0.00285	0.00678
45	0.01854	0.05512	0.04465	0.01539	0.11099	0.11384	0.01136	0.33287	0.09526	0.06884	0.03884	0.04186	0.01258	0.00701	0.00563	0.00171	0.00647	0.00554	0.00481	0.00869
46	0.06994	0.01309	0.01666	0.10492	0.01987	0.01385	0.06612	0.33263	0.04489	0.23626	0.01560	0.01564	0.01069	0.00657	0.00568	0.00178	0.00613	0.00535	0.00538	0.00894
47	0.00968	0.00507	0.00757	0.00762	0.00772	0.00514	0.00516	0.00770	0.00773	0.01039	0.01118	0.04630	0.01133	0.02174	0.08549	0.73351	0.00578	0.00548	0.00264	0.00278
48	0.05505	0.01614	0.13220	0.01918	0.11426	0.01349	0.27544	0.11960	0.03889	0.02148	0.01178	0.01413	0.00894	0.00532	0.00571	0.00170	0.00738	0.00531	0.02305	0.11095
49	0.01448	0.01354	0.02246	0.10306	0.60694	0.01390	0.04011	0.08069	0.01410	0.01981	0.01099	0.01426	0.00897	0.00530	0.00571	0.00173	0.00692	0.00515	0.00306	0.00882
50	0.01112	0.03883	0.01428	0.04708	0.15104	0.03552	0.05056	0.01463	0.09390	0.01607	0.04722	0.10821	0.05808	0.16345	0.07839	0.00324	0.05056	0.00772	0.00381	0.00630

[dist]
# distance from previous block
# <min> <max>
0	8

[block]
# block no. 3 follows, 41 sequences, length 54
# corresponding to MSA columns:
# 290-343
name=unknown_D
#
# <colnr> <probs for GDERKNQSTAVLIFYWHMCP>
#	G	D	E	R	K	N	Q	S	T	A	V	L	I	F	Y	W	H	M	C	P
0	0.06235	0.10706	0.20751	0.08739	0.02199	0.06906	0.14197	0.06200	0.01338	0.07095	0.01177	0.03578	0.00923	0.00614	0.00608	0.00177	0.04648	0.00509	0.02640	0.00760
1	0.01245	0.01173	0.01902	0.27447	0.29964	0.01188	0.05504	0.01586	0.01224	0.01732	0.01046	0.01402	0.00842	0.00507	0.00539	0.00157	0.00660	0.00476	0.00288	0.21118
2	0.00697	0.00498	0.00664	0.00796	0.00830	0.00465	0.00531	0.00796	0.01095	0.01460	0.03153	0.79525	0.03783	0.01792	0.00730	0.00232	0.00332	0.01626	0.00531	0.00465
3	0.01545	0.03688	0.02108	0.05069	0.42727	0.17604	0.06201	0.03953	0.01403	0.01781	0.01151	0.01616	0.00997	0.00591	0.00567	0.00169	0.00757	0.04646	0.00308	0.03119
4	0.00788	0.00584	0.00734	0.00697	0.00841	0.00530	0.00522	0.01037	0.01567	0.02170	0.64457	0.04476	0.17045	0.01215	0.00675	0.00182	0.00273	0.01063	0.00613	0.00530
5	0.00876	0.00624	0.00858	0.00983	0.01089	0.00618	0.00819	0.01095	0.01249	0.01632	0.02980	0.19326	0.03309	0.06151	0.00902	0.00275	0.00494	0.55698	0.00517	0.00505
6	0.00822	0.00594	0.00730	0.00690	0.00849	0.00533	0.00520	0.01057	0.01534	0.04148	0.54996	0.04542	0.24407	0.01232	0.00672	0.00183	0.00281	0.01068	0.00605	0.00536
7	0.01350	0.01543	0.03375	0.02411	0.02989	0.01446	0.74253	0.01832	0.01350	0.01832	0.01157	0.01543	0.00868	0.00482	0.00675	0.00193	0.00964	0.00675	0.00289	0.00771
8	0.00747	0.00580	0.00679	0.00659	0.00817	0.00512	0.00492	0.00957	0.01465	0.01938	0.42738	0.06691	0.37049	0.01310	0.00677	0.00187	0.00280	0.01127	0.00583	0.00512
9	0.02137	0.02726	0.01621	0.01474	0.01768	0.77602	0.01105	0.02284	0.01621	0.01400	0.00884	0.01031	0.00737	0.00589	0.00516	0.00147	0.01031	0.00368	0.00295	0.00663
10	0.01423	0.01229	0.01293	0.01164	0.01487	0.01423	0.00905	0.03039	0.75297	0.02393	0.02328	0.02134	0.01746	0.00776	0.00582	0.00194	0.00453	0.00647	0.00582	0.00905
11	0.02174	0.01602	0.01717	0.01316	0.01774	0.01774	0.01087	0.74423	0.02689	0.03605	0.01373	0.01373	0.00973	0.00687	0.00572	0.00172	0.00629	0.00515	0.00572	0.00973
12	0.59490	0.03816	0.05535	0.08573	0.01579	0.03514	0.03220	0.03068	0.01091	0.04433	0.00898	0.01063	0.00684	0.00542	0.00412	0.00176	0.00541	0.00361	0.00344	0.00661
13	0.01147	0.02959	0.76934	0.01630	0.02476	0.01328	0.02113	0.01811	0.01208	0.01811	0.01026	0.01208	0.00725	0.00543	0.00543	0.00181	0.00845	0.00423	0.00242	0.00845
14	0.03028	0.25338	0.39118	0.01468	0.04343	0.01626	0.05102	0.06092	0.03690	0.03674	0.01055	0.01197	0.00802	0.00543	0.00499	0.00164	0.00735	0.00417	0.00290	0.00819
15	0.05249	0.01850	0.22296	0.01327	0.01849	0.07669	0.03762	0.23996	0.01798	0.15882	0.07461	0.01626	0.01307	0.00669	0.00563	0.00175	0.00671	0.00527	0.00468	0.00855
16	0.01416	0.01359	0.02322	0.03511	0.76330	0.01359	0.01755	0.01755	0.01302	0.01869	0.01076	0.01416	0.00906	0.00510	0.00566	0.00170	0.00680	0.00510	0.00283	0.00906
17	0.06459	0.01649	0.03725	0.01371	0.01609	0.16176	0.01132	0.23202	0.01570	0.02115	0.01009	0.01300	0.00848	0.02585	0.02592	0.00221	0.30864	0.00476	0.00363	0.00733
18	0.83938	0.01106	0.00841	0.00752	0.01106	0.01283	0.00619	0.01681	0.00973	0.02566	0.00796	0.00929	0.00619	0.00531	0.00354	0.00177	0.00442	0.00310	0.00354	0.00619
19	0.00904	0.00598	0.00686	0.00708	0.00833	0.00589	0.00513	0.01230	0.07959	0.01919	0.15113	0.26953	0.09760	0.01184	0.00591	0.00183	0.00306	0.01031	0.28398	0.00542
20	0.01400	0.05841	0.17336	0.01360	0.04208	0.03288	0.09470	0.07301	0.05436	0.07482	0.01383	0.07602	0.01152	0.00636	0.00537	0.00155	0.00623	0.00550	0.00379	0.23861
21	0.01207	0.00945	0.01117	0.00832	0.01280	0.00728	0.00661	0.01449	0.01248	0.06723	0.06287	0.03863	0.05854	0.00591	0.00474	0.00108	0.00407	0.00488	0.00399	0.65342
22	0.09502	0.07165	0.26737	0.01523	0.08023	0.03597	0.03231	0.14459	0.06468	0.09540	0.01251	0.01347	0.00914	0.00607	0.00571	0.00176	0.03196	0.00464	0.00384	0.00846
23	0.01369	0.20817	0.39911	0.01631	0.04762	0.08947	0.11392	0.01835	0.01259	0.01667	0.00978	0.01175	0.00753	0.00526	0.00518	0.00165	0.00819	0.00427	0.00255	0.00794
24	0.01658	0.00935	0.01133	0.00975	0.01279	0.00940	0.00767	0.02350	0.26180	0.29465	0.17797	0.06993	0.02500	0.00889	0.00601	0.00185	0.00414	0.00755	0.03367	0.00816
25	0.01245	0.03357	0.01132	0.00961	0.02818	0.00980	0.00738	0.12873	0.14570	0.04042	0.29438	0.02941	0.07364	0.00908	0.00592	0.00170	0.00400	0.01889	0.05750	0.07831
26	0.06754	0.08003	0.07254	0.01475	0.10080	0.09304	0.03138	0.14400	0.08176	0.18303	0.03298	0.01529	0.01146	0.00642	0.00567	0.00170	0.02383	0.00501	0.00459	0.02418
27	0.00902	0.00653	0.00809	0.00857	0.00978	0.00647	0.00624	0.01270	0.12391	0.04405	0.11449	0.45852	0.08342	0.01490	0.00697	0.00218	0.00361	0.06934	0.00556	0.00564
28	0.01018	0.00669	0.00879	0.00808	0.00974	0.00657	0.00618	0.03302	0.03584	0.08533	0.49880	0.03547	0.04013	0.03838	0.14769	0.00325	0.00542	0.00887	0.00567	0.00589
29	0.04085	0.01670	0.16698	0.06968	0.39615	0.01371	0.13641	0.03395	0.03571	0.01906	0.01112	0.01408	0.00875	0.00528	0.00574	0.00178	0.00747	0.00518	0.00292	0.00849
30	0.01087	0.00999	0.01391	0.01237	0.01261	0.01332	0.00994	0.01214	0.00880	0.01327	0.01088	0.01845	0.01103	0.12976	0.20306	0.00455	0.49096	0.00575	0.00277	0.00558
31	0.00725	0.00581	0.00648	0.00631	0.00803	0.00504	0.00473	0.00916	0.01420	0.01822	0.31744	0.05049	0.49976	0.01345	0.00676	0.00188	0.00282	0.01143	0.00568	0.00504
32	0.01035	0.00972	0.01144	0.04698	0.09367	0.09201	0.03068	0.01271	0.03415	0.01666	0.12867	0.23977	0.14878	0.02954	0.00748	0.00208	0.03088	0.04399	0.00460	0.00583
33	0.01631	0.15741	0.26611	0.04035	0.05076	0.12282	0.03787	0.11586	0.04261	0.08041	0.01167	0.01279	0.00869	0.00579	0.00523	0.00165	0.00753	0.00442	0.00348	0.00823
34	0.01602	0.01962	0.11022	0.02577	0.39253	0.23407	0.06875	0.03322	0.01413	0.01757	0.01026	0.01288	0.00834	0.00538	0.00557	0.00166	0.00821	0.00471	0.00288	0.00820
35	0.01033	0.00530	0.00545	0.00557	0.00681	0.00527	0.00412	0.01285	0.01190	0.02073	0.01981	0.09026	0.01672	0.00767	0.00429	0.00142	0.00272	0.00630	0.75721	0.00527
36	0.01324	0.01277	0.07295	0.01392	0.13349	0.01027	0.01009	0.10133	0.03512	0.02065	0.01190	0.04319	0.01002	0.00541	0.00489	0.00125	0.00518	0.00452	0.00364	0.48616
37	0.05018	0.01972	0.03704	0.01428	0.04086	0.33690	0.01114	0.17449	0.07444	0.07675	0.01194	0.01297	0.00918	0.00675	0.00691	0.00173	0.09834	0.00456	0.00402	0.00778
38	0.00710	0.00507	0.00679	0.00811	0.00850	0.00476	0.00554	0.00819	0.01108	0.01475	0.03145	0.75296	0.03755	0.01780	0.00734	0.00234	0.00343	0.05727	0.00531	0.00468
39	0.01385	0.06988	0.30925	0.01740	0.10659	0.16028	0.08194	0.01796	0.01318	0.01723	0.05447	0.01500	0.02536	0.00619	0.00612	0.00173	0.04512	0.00496	0.02591	0.00760
40	0.00870	0.00555	0.00657	0.00678	0.00713	0.00540	0.00418	0.00926	0.00969	0.03873	0.04430	0.22339	0.02545	0.51027	0.02083	0.00427	0.00472	0.01009	0.05056	0.00414
41	0.01200	0.03287	0.07665	0.03295	0.09723	0.03080	0.00962	0.04376	0.06240	0.07423	0.28603	0.04789	0.06983	0.02930	0.00716	0.00195	0.02724	0.04631	0.00497	0.00682
42	0.83938	0.01106	0.00841	0.00752	0.01106	0.01283	0.00619	0.01681	0.00973	0.02566	0.00796	0.00929	0.00619	0.00531	0.00354	0.00177	0.00442	0.00310	0.00354	0.00619
43	0.00706	0.00517	0.00664	0.00761	0.00825	0.00475	0.00520	0.00830	0.01177	0.01560	0.11304	0.62229	0.12963	0.01682	0.00717	0.00222	0.00320	0.01510	0.00542	0.00475
44	0.00922	0.00658	0.00922	0.01053	0.01185	0.00658	0.00922	0.01185	0.01317	0.01712	0.03029	0.06452	0.03292	0.01580	0.00790	0.00263	0.00527	0.72480	0.00527	0.00527
45	0.01423	0.01229	0.01293	0.01164	0.01487	0.01423	0.00905	0.03039	0.75297	0.02393	0.02328	0.02134	0.01746	0.00776	0.00582	0.00194	0.00453	0.00647	0.00582	0.00905
46	0.00676	0.00579	0.00579	0.00579	0.00773	0.00483	0.00435	0.00821	0.01304	0.01545	0.05794	0.05505	0.76098	0.01449	0.00676	0.00193	0.00290	0.01207	0.00531	0.00483
47	0.83938	0.01106	0.00841	0.00752	0.01106	0.01283	0.00619	0.01681	0.00973	0.02566	0.00796	0.00929	0.00619	0.00531	0.00354	0.00177	0.00442	0.00310	0.00354	0.00619
48	0.01611	0.01309	0.05051	0.16813	0.06454	0.01303	0.12895	0.20834	0.03823	0.12229	0.04142	0.02033	0.03152	0.00710	0.00607	0.00187	0.00670	0.04918	0.00450	0.00809
49	0.00815	0.00571	0.00708	0.00713	0.00754	0.00594	0.00464	0.00885	0.00891	0.01208	0.01986	0.05853	0.05992	0.51153	0.24395	0.00630	0.00816	0.00814	0.00351	0.00405
50	0.74494	0.10176	0.01088	0.00778	0.01148	0.01395	0.00661	0.01685	0.00995	0.02426	0.00796	0.00928	0.00633	0.00526	0.00355	0.00171	0.00462	0.00309	0.00341	0.00633
51	0.00975	0.00840	0.01202	0.01111	0.01170	0.01079	0.00886	0.01138	0.00898	0.01332	0.01267	0.01979	0.01225	0.07728	0.45723	0.00656	0.29375	0.00586	0.00289	0.00542
52	0.01564	0.75756	0.02918	0.01007	0.01485	0.06624	0.00986	0.01746	0.01189	0.01349	0.00800	0.00924	0.00734	0.00495	0.00376	0.00124	0.00636	0.00309	0.00248	0.00730
53	0.00788	0.00579	0.00748	0.00778	0.00890	0.00546	0.00557	0.00937	0.01138	0.01570	0.10544	0.38524	0.10431	0.03733	0.14082	0.02147	0.00543	0.01165	0.03211	0.07090

[dist]
# distance from previous block
# <min> <max>
0	1

[block]
# block no. 4 follows, 41 sequences, length 42
# corresponding to MSA columns:
# 345,347-387
name=unknown_E
#
# <colnr> <probs for GDERKNQSTAVLIFYWHMCP>
#	G	D	E	R	K	N	Q	S	T	A	V	L	I	F	Y	W	H	M	C	P
0	0.01983	0.01542	0.03486	0.03296	0.04180	0.04290	0.01097	0.47952	0.15863	0.08017	0.01564	0.01541	0.01123	0.00689	0.00571	0.00176	0.00612	0.00535	0.00548	0.00936
1	0.01493	0.06757	0.05403	0.01993	0.17372	0.13222	0.19078	0.06365	0.10659	0.01892	0.01422	0.06009	0.01226	0.00678	0.00592	0.00180	0.00749	0.03764	0.00362	0.00784
2	0.83938	0.01106	0.00841	0.00752	0.01106	0.01283	0.00619	0.01681	0.00973	0.02566	0.00796	0.00929	0.00619	0.00531	0.00354	0.00177	0.00442	0.00310	0.00354	0.00619
3	0.01230	0.01042	0.01209	0.00868	0.01374	0.00807	0.00696	0.04658	0.01252	0.01941	0.01032	0.01194	0.00853	0.00435	0.00430	0.00089	0.00433	0.00347	0.00349	0.79760
4	0.02137	0.02726	0.01621	0.01474	0.01768	0.77602	0.01105	0.02284	0.01621	0.01400	0.00884	0.01031	0.00737	0.00589	0.00516	0.00147	0.01031	0.00368	0.00295	0.00663
5	0.01186	0.01017	0.01186	0.00847	0.01356	0.00762	0.00678	0.01440	0.01186	0.01864	0.01017	0.01186	0.00847	0.00424	0.00424	0.00085	0.00424	0.00339	0.00339	0.83395
6	0.01529	0.80242	0.02997	0.00979	0.01468	0.02263	0.00979	0.01713	0.01162	0.01346	0.00795	0.00918	0.00734	0.00489	0.00367	0.00122	0.00612	0.00306	0.00245	0.00734
7	0.00832	0.00555	0.00624	0.00624	0.00624	0.00555	0.00347	0.00832	0.00832	0.01109	0.01802	0.03743	0.02080	0.79898	0.02911	0.00555	0.00555	0.00832	0.00347	0.00347
8	0.04021	0.01090	0.05146	0.01458	0.01797	0.00965	0.30354	0.01387	0.03285	0.01796	0.10782	0.22134	0.11229	0.01023	0.00669	0.00200	0.00605	0.00997	0.00427	0.00633
9	0.01344	0.01051	0.03725	0.04892	0.09724	0.02738	0.00938	0.11885	0.09893	0.06745	0.07443	0.07950	0.05222	0.00904	0.00587	0.00184	0.00492	0.08514	0.15050	0.00717
10	0.00697	0.00498	0.00664	0.00796	0.00830	0.00465	0.00531	0.00796	0.01095	0.01460	0.03153	0.79525	0.03783	0.01792	0.00730	0.00232	0.00332	0.01626	0.00531	0.00465
11	0.01074	0.00762	0.01023	0.06694	0.06640	0.00763	0.00799	0.05607	0.03722	0.07250	0.09621	0.27322	0.10132	0.03815	0.00743	0.00220	0.00443	0.10750	0.02014	0.00605
12	0.04101	0.05408	0.11624	0.01912	0.20237	0.05496	0.07954	0.20131	0.03026	0.08684	0.03662	0.01493	0.01083	0.00605	0.00558	0.00171	0.00682	0.00517	0.01795	0.00861
13	0.00984	0.00639	0.00846	0.07279	0.01121	0.00662	0.03555	0.01238	0.01232	0.01945	0.12943	0.14314	0.02303	0.00983	0.02126	0.00182	0.02676	0.00781	0.43648	0.00544
14	0.01145	0.01106	0.01868	0.57901	0.08993	0.01353	0.06037	0.01495	0.01133	0.01504	0.00994	0.01481	0.00778	0.00619	0.00752	0.00197	0.11205	0.00518	0.00258	0.00663
15	0.03491	0.10699	0.17298	0.08277	0.25603	0.03023	0.12829	0.03596	0.03171	0.03529	0.02508	0.01408	0.00941	0.00545	0.00553	0.00173	0.00738	0.00501	0.00302	0.00816
16	0.01343	0.16619	0.31488	0.04305	0.09609	0.03422	0.07900	0.06130	0.06098	0.01854	0.02801	0.03736	0.01034	0.00602	0.00538	0.00171	0.00731	0.00503	0.00311	0.00806
17	0.00745	0.00559	0.00691	0.00706	0.00827	0.00505	0.00511	0.00937	0.01395	0.01876	0.38319	0.25505	0.22508	0.01412	0.00690	0.00198	0.00292	0.01242	0.00578	0.00505
18	0.01172	0.00621	0.00660	0.03094	0.00856	0.00635	0.00489	0.05471	0.01294	0.04344	0.01822	0.02065	0.01414	0.00666	0.00420	0.00139	0.00309	0.00533	0.73422	0.00574
19	0.01373	0.08838	0.33595	0.06097	0.13673	0.01427	0.08530	0.08946	0.03630	0.04143	0.01289	0.01469	0.03279	0.00585	0.00555	0.00176	0.00745	0.00500	0.00319	0.00833
20	0.01555	0.05029	0.21861	0.02071	0.24992	0.03696	0.04743	0.09287	0.09954	0.09240	0.01336	0.01464	0.00996	0.00586	0.00559	0.00175	0.00694	0.00504	0.00375	0.00883
21	0.00806	0.00625	0.00761	0.00843	0.00892	0.02714	0.00579	0.00949	0.03333	0.01443	0.02752	0.58598	0.03224	0.11133	0.03664	0.00292	0.03431	0.02998	0.00485	0.00479
22	0.34860	0.03997	0.06771	0.03001	0.07894	0.18227	0.06159	0.06117	0.01292	0.02097	0.00917	0.01107	0.00727	0.00569	0.00528	0.00173	0.04137	0.00397	0.00326	0.00704
23	0.00738	0.00573	0.00730	0.06135	0.01045	0.00543	0.00594	0.00885	0.01190	0.01528	0.06966	0.42615	0.25180	0.03531	0.00759	0.00225	0.00363	0.05404	0.00511	0.00486
24	0.03671	0.23790	0.04170	0.01092	0.01568	0.10055	0.04112	0.06094	0.02782	0.07224	0.01076	0.01187	0.00860	0.00513	0.00454	0.00126	0.00600	0.00383	0.00348	0.29896
25	0.01055	0.01035	0.08877	0.01039	0.05219	0.00809	0.00826	0.04751	0.06927	0.03281	0.06202	0.16400	0.18452	0.01094	0.00706	0.05542	0.00445	0.00860	0.00448	0.16034
26	0.03211	0.17620	0.26443	0.04286	0.18160	0.05249	0.01538	0.06161	0.01341	0.07011	0.01077	0.01253	0.00829	0.00561	0.00551	0.00167	0.02973	0.00434	0.00309	0.00826
27	0.01578	0.21418	0.11223	0.03543	0.14382	0.08592	0.14483	0.09483	0.03984	0.04440	0.01110	0.01295	0.00869	0.00547	0.00530	0.00163	0.00748	0.00473	0.00325	0.00813
28	0.00777	0.00568	0.00730	0.00722	0.00843	0.00521	0.00529	0.01005	0.01496	0.02076	0.56624	0.18278	0.11081	0.01308	0.00685	0.00191	0.00283	0.01158	0.00603	0.00521
29	0.03687	0.06189	0.54124	0.01661	0.02374	0.01371	0.13363	0.01753	0.01206	0.01788	0.01102	0.04236	0.00862	0.00593	0.00600	0.00184	0.03341	0.00502	0.00264	0.00800
30	0.00715	0.00515	0.00678	0.00777	0.00832	0.00478	0.00530	0.00845	0.01190	0.01604	0.15609	0.64488	0.06263	0.01676	0.00719	0.00222	0.00320	0.01513	0.00548	0.00478
31	0.02174	0.01602	0.01717	0.01316	0.01774	0.01774	0.01087	0.74423	0.02689	0.03605	0.01373	0.01373	0.00973	0.00687	0.00572	0.00172	0.00629	0.00515	0.00572	0.00973
32	0.00922	0.00658	0.00922	0.01053	0.01185	0.00658	0.00922	0.01185	0.01317	0.01712	0.03029	0.06452	0.03292	0.01580	0.00790	0.00263	0.00527	0.72480	0.00527	0.00527
33	0.83938	0.01106	0.00841	0.00752	0.01106	0.01283	0.00619	0.01681	0.00973	0.02566	0.00796	0.00929	0.00619	0.00531	0.00354	0.00177	0.00442	0.00310	0.00354	0.00619
34	0.00922	0.00658	0.00922	0.01053	0.01185	0.00658	0.00922	0.01185	0.01317	0.01712	0.03029	0.06452	0.03292	0.01580	0.00790	0.00263	0.00527	0.72480	0.00527	0.00527
35	0.02174	0.01602	0.01717	0.01316	0.01774	0.01774	0.01087	0.74423	0.02689	0.03605	0.01373	0.01373	0.00973	0.00687	0.00572	0.00172	0.00629	0.00515	0.00572	0.00973
36	0.03308	0.23904	0.01840	0.01175	0.01514	0.16742	0.00985	0.05029	0.23269	0.03304	0.01516	0.01852	0.01285	0.00731	0.00589	0.00172	0.04714	0.06908	0.00404	0.00758
37	0.04355	0.77529	0.02923	0.00971	0.01456	0.02230	0.00966	0.01712	0.01156	0.01388	0.00795	0.00918	0.00730	0.00491	0.00367	0.00124	0.00606	0.00306	0.00248	0.00730
38	0.00828	0.00571	0.00705	0.00705	0.00733	0.00599	0.00448	0.00884	0.00856	0.01169	0.01728	0.03333	0.01901	0.59171	0.23395	0.00655	0.00823	0.00772	0.00336	0.00392
39	0.01219	0.05426	0.53192	0.01632	0.02348	0.01316	0.13041	0.01822	0.03268	0.04042	0.06317	0.01508	0.01119	0.00586	0.00568	0.00181	0.00794	0.00510	0.00299	0.00814
40	0.01299	0.01329	0.01898	0.01697	0.06559	0.04306	0.06348	0.01464	0.00963	0.01442	0.00805	0.01275	0.00769	0.00918	0.01660	0.00237	0.65608	0.00509	0.00257	0.00656
41	0.02566	0.00973	0.01327	0.01018	0.01460	0.00841	0.00841	0.02788	0.01637	0.76726	0.02257	0.01947	0.01416	0.00708	0.00575	0.00177	0.00487	0.00575	0.00708	0.00973

[dist]
# distance from previous block
# <min> <max>
0	55

[block]
# block no. 5 follows, 41 sequences, length 7
# corresponding to MSA columns:
# 443-449
name=unknown_F
#
# <colnr> <probs for GDERKNQSTAVLIFYWHMCP>
#	G	D	E	R	K	N	Q	S	T	A	V	L	I	F	Y	W	H	M	C	P
0	0.00715	0.00581	0.00633	0.00620	0.00796	0.00499	0.00465	0.00896	0.01396	0.01763	0.26240	0.05146	0.55516	0.01367	0.00676	0.00189	0.00284	0.01157	0.00560	0.00499
1	0.16338	0.02406	0.54930	0.01419	0.02091	0.01309	0.01715	0.01728	0.01164	0.01946	0.04434	0.01301	0.00923	0.00598	0.00595	0.00184	0.05428	0.00435	0.00281	0.00777
2	0.00914	0.00599	0.00803	0.00826	0.00951	0.00561	0.00631	0.01130	0.01410	0.06807	0.35933	0.26249	0.04260	0.01399	0.00707	0.00211	0.00352	0.15125	0.00586	0.00544
3	0.68724	0.01001	0.00784	0.00712	0.01025	0.01145	0.00579	0.01617	0.01015	0.02487	0.00993	0.01150	0.00775	0.00556	0.00362	0.00169	0.00410	0.00351	0.15541	0.00604
4	0.02111	0.15952	0.01897	0.01212	0.01674	0.01732	0.01033	0.50999	0.02261	0.13473	0.01391	0.01370	0.00991	0.00653	0.00535	0.00163	0.00606	0.00485	0.00531	0.00929
5	0.01667	0.01350	0.01431	0.01213	0.01580	0.01537	0.00964	0.26236	0.51702	0.02787	0.02018	0.01887	0.01495	0.00747	0.00579	0.00187	0.00510	0.00604	0.00579	0.00927
6	0.01810	0.02137	0.01413	0.01294	0.01564	0.53523	0.00978	0.06052	0.04984	0.01624	0.04077	0.06608	0.07605	0.00802	0.00563	0.00165	0.00835	0.02933	0.00377	0.00655

[dist]
# distance from previous block
# <min> <max>
0	2

[block]
# block no. 6 follows, 41 sequences, length 14
# corresponding to MSA columns:
# 452-465
name=unknown_G
#
# <colnr> <probs for GDERKNQSTAVLIFYWHMCP>
#	G	D	E	R	K	N	Q	S	T	A	V	L	I	F	Y	W	H	M	C	P
0	0.00824	0.00602	0.00785	0.00786	0.00925	0.00563	0.00621	0.01082	0.01520	0.02090	0.52586	0.04896	0.11125	0.01291	0.00702	0.00201	0.00332	0.17939	0.00597	0.00532
1	0.01432	0.01006	0.01624	0.60201	0.03353	0.01169	0.01412	0.01775	0.01260	0.19254	0.01310	0.01625	0.00917	0.00604	0.00573	0.00187	0.00697	0.00524	0.00361	0.00715
2	0.00758	0.00583	0.00693	0.00666	0.00823	0.00518	0.00499	0.00980	0.01498	0.02006	0.49051	0.04746	0.32553	0.01277	0.00675	0.00185	0.00277	0.01101	0.00592	0.00518
3	0.64351	0.01085	0.01048	0.19137	0.01776	0.01280	0.00849	0.01629	0.01014	0.02305	0.00848	0.01070	0.00653	0.00541	0.00405	0.00180	0.00518	0.00357	0.00330	0.00623
4	0.01670	0.01270	0.01414	0.04244	0.01591	0.01397	0.00944	0.41058	0.15699	0.02986	0.19183	0.02204	0.02152	0.00813	0.00598	0.00178	0.00517	0.00662	0.00575	0.00844
5	0.01620	0.01139	0.01284	0.03006	0.01494	0.01243	0.00883	0.12663	0.40770	0.15178	0.04024	0.07903	0.04511	0.00856	0.00596	0.00190	0.00472	0.00715	0.00590	0.00863
6	0.00814	0.00732	0.00863	0.00814	0.00949	0.00782	0.00635	0.00950	0.01187	0.01499	0.04406	0.09999	0.52913	0.01368	0.00964	0.00210	0.18865	0.01071	0.00465	0.00515
7	0.00832	0.00555	0.00624	0.00624	0.00624	0.00555	0.00347	0.00832	0.00832	0.01109	0.01802	0.03743	0.02080	0.79898	0.02911	0.00555	0.00555	0.00832	0.00347	0.00347
8	0.64347	0.00971	0.00768	0.00700	0.01002	0.01106	0.00568	0.01599	0.01027	0.02464	0.01049	0.01214	0.00820	0.00563	0.00365	0.00167	0.00401	0.00363	0.19909	0.00599
9	0.01325	0.06755	0.22183	0.01412	0.07195	0.03750	0.01303	0.01701	0.03029	0.10465	0.04676	0.02768	0.01694	0.03335	0.02194	0.00225	0.07344	0.17524	0.00397	0.00725
10	0.01096	0.01476	0.19497	0.60346	0.03593	0.01284	0.01713	0.01544	0.01159	0.01544	0.01019	0.01450	0.00754	0.00565	0.00565	0.00188	0.00782	0.00488	0.00251	0.00685
11	0.03484	0.16747	0.09124	0.01688	0.19246	0.01354	0.04043	0.01879	0.08013	0.10386	0.05377	0.04564	0.01326	0.00641	0.00549	0.00162	0.02008	0.00538	0.00382	0.08489
12	0.00969	0.00780	0.01145	0.05889	0.15181	0.00796	0.00880	0.01190	0.01153	0.04062	0.04131	0.08570	0.19189	0.02234	0.28837	0.00454	0.00858	0.00805	0.00390	0.02485
13	0.01482	0.01301	0.01886	0.02434	0.43347	0.03184	0.01367	0.11255	0.01481	0.03878	0.01273	0.01745	0.01089	0.00603	0.00556	0.00161	0.00619	0.05824	0.00360	0.16154

[dist]
# distance from previous block
# <min> <max>
0	43

# created by:
# /home/cegg/simao/soft/augustus-3.2.1/scripts/msa2prfl.pl ./align_prep/EOG091G0IMD.fa
