[name]
unknown

[dist]
# distance from previous block
# <min> <max>
0	56

[block]
# block no. 0 follows, 48 sequences, length 21
# corresponding to MSA columns:
# 64-81,84-86
name=unknown_A
#
# <colnr> <probs for GDERKNQSTAVLIFYWHMCP>
#	G	D	E	R	K	N	Q	S	T	A	V	L	I	F	Y	W	H	M	C	P
0	0.00896	0.00638	0.00749	0.00736	0.00879	0.02474	0.00541	0.02832	0.05389	0.05890	0.14709	0.32445	0.09206	0.03260	0.02328	0.01742	0.00359	0.03384	0.05192	0.06350
1	0.00853	0.00564	0.00693	0.00707	0.00812	0.00546	0.00500	0.02899	0.05641	0.06695	0.13373	0.38328	0.08633	0.10627	0.02387	0.00233	0.00350	0.01068	0.04606	0.00484
2	0.12081	0.00577	0.00645	0.00663	0.00771	0.00573	0.00465	0.02656	0.01032	0.03450	0.08963	0.33944	0.12028	0.13776	0.00932	0.02973	0.00345	0.00993	0.02689	0.00444
3	0.00847	0.00556	0.00691	0.00727	0.00817	0.00535	0.00509	0.03024	0.04271	0.07274	0.02670	0.45895	0.08930	0.15333	0.00973	0.00250	0.00362	0.05406	0.00462	0.00467
4	0.00985	0.00689	0.00817	0.00774	0.00947	0.00674	0.00580	0.11322	0.05381	0.05190	0.12062	0.33850	0.08096	0.01122	0.00573	0.00173	0.00343	0.03130	0.06586	0.06705
5	0.02757	0.00764	0.03368	0.00806	0.00970	0.03032	0.00625	0.05406	0.04767	0.10217	0.10619	0.32333	0.06850	0.04678	0.00701	0.00195	0.02902	0.02939	0.05529	0.00544
6	0.09467	0.00616	0.00718	0.00733	0.00840	0.00647	0.00532	0.03175	0.06362	0.01586	0.08453	0.33588	0.04704	0.06929	0.04970	0.04434	0.02381	0.02926	0.06465	0.00472
7	0.00970	0.00610	0.00749	0.00694	0.00863	0.00550	0.00508	0.02996	0.01133	0.11902	0.10380	0.21860	0.16337	0.11149	0.03813	0.02768	0.00387	0.00892	0.01967	0.09472
8	0.07499	0.03637	0.03676	0.03950	0.04569	0.03930	0.04450	0.14569	0.04871	0.06990	0.06124	0.08682	0.08271	0.02492	0.00669	0.04367	0.02889	0.02509	0.02506	0.03350
9	0.13227	0.05037	0.07270	0.03255	0.03047	0.07384	0.05587	0.15025	0.04752	0.10903	0.01246	0.04143	0.00995	0.03213	0.05490	0.00203	0.00606	0.00470	0.02154	0.05995
10	0.01227	0.00711	0.00890	0.00771	0.00992	0.00678	0.00602	0.06403	0.07236	0.21140	0.42784	0.05018	0.07581	0.00920	0.00572	0.00163	0.00326	0.00792	0.00568	0.00626
11	0.01200	0.08915	0.11001	0.06190	0.03529	0.11250	0.11135	0.07722	0.01191	0.01529	0.02301	0.09750	0.04018	0.04974	0.04088	0.00211	0.09495	0.00585	0.00304	0.00611
12	0.27090	0.01018	0.01057	0.00852	0.01197	0.01067	0.00697	0.21889	0.02590	0.20144	0.01304	0.01312	0.00925	0.00562	0.00428	0.00148	0.00431	0.00412	0.10696	0.06183
13	0.00622	0.00510	0.00549	0.00562	0.00708	0.00436	0.00413	0.00758	0.01172	0.01447	0.12705	0.16113	0.59590	0.01318	0.00613	0.00177	0.00264	0.01122	0.00486	0.00436
14	0.02917	0.00950	0.01203	0.07619	0.01496	0.01032	0.03297	0.26301	0.04885	0.02109	0.01901	0.03355	0.01832	0.01099	0.03936	0.00222	0.00566	0.34193	0.00450	0.00635
15	0.00774	0.00488	0.00580	0.00580	0.00580	0.00488	0.00336	0.00731	0.00731	0.00975	0.01479	0.03017	0.01681	0.66770	0.02497	0.16527	0.00488	0.00689	0.00294	0.00294
16	0.01190	0.01221	0.04656	0.03388	0.03686	0.11087	0.06940	0.06333	0.11094	0.01524	0.01214	0.01694	0.01075	0.08623	0.14968	0.00322	0.18031	0.02040	0.00312	0.00602
17	0.00654	0.00486	0.00679	0.00759	0.00816	0.00454	0.02774	0.00766	0.01019	0.01354	0.04990	0.70652	0.06131	0.01536	0.00653	0.00206	0.00320	0.04849	0.00472	0.00430
18	0.01298	0.01419	0.18717	0.01364	0.10147	0.01043	0.06286	0.09976	0.01260	0.09041	0.01069	0.01222	0.00812	0.00576	0.02530	0.00152	0.04096	0.00408	0.00326	0.28257
19	0.05079	0.00851	0.00999	0.00768	0.01142	0.00703	0.00616	0.03798	0.01196	0.07886	0.12899	0.01794	0.02790	0.00572	0.00444	0.00110	0.00372	0.03582	0.00387	0.54011
20	0.07179	0.07134	0.01511	0.04246	0.05210	0.61325	0.00993	0.01946	0.01363	0.03456	0.00829	0.00968	0.00679	0.00519	0.00451	0.00136	0.00831	0.00339	0.00273	0.00613

[dist]
# distance from previous block
# <min> <max>
0	2

[block]
# block no. 1 follows, 48 sequences, length 26
# corresponding to MSA columns:
# 89-114
name=unknown_B
#
# <colnr> <probs for GDERKNQSTAVLIFYWHMCP>
#	G	D	E	R	K	N	Q	S	T	A	V	L	I	F	Y	W	H	M	C	P
0	0.05601	0.01222	0.01335	0.01091	0.01437	0.05070	0.03785	0.27550	0.27064	0.13754	0.04384	0.02730	0.01311	0.00657	0.00514	0.00162	0.00499	0.00530	0.00504	0.00797
1	0.01141	0.01236	0.06979	0.34511	0.15087	0.03664	0.21272	0.01494	0.01113	0.03274	0.00994	0.01389	0.00776	0.02954	0.00614	0.00177	0.01922	0.00497	0.00253	0.00653
2	0.01239	0.01187	0.02027	0.11152	0.71007	0.01211	0.01559	0.01548	0.01154	0.01639	0.00960	0.01280	0.00799	0.00463	0.00508	0.00154	0.00617	0.00457	0.00251	0.00788
3	0.00956	0.00478	0.00478	0.00478	0.00598	0.00478	0.00359	0.01196	0.01076	0.01913	0.01674	0.01913	0.01315	0.00598	0.00359	0.00120	0.00239	0.00478	0.84816	0.00478
4	0.00632	0.00449	0.00593	0.00706	0.00734	0.00421	0.00467	0.00716	0.00969	0.01292	0.02759	0.77168	0.03307	0.06191	0.00767	0.00225	0.00309	0.01418	0.00467	0.00411
5	0.01135	0.01089	0.01875	0.37412	0.42891	0.01187	0.04101	0.01461	0.01107	0.01514	0.00944	0.01317	0.00755	0.00481	0.00514	0.00161	0.00651	0.00462	0.00243	0.00701
6	0.01098	0.18727	0.63842	0.01344	0.02038	0.01361	0.01690	0.01607	0.01075	0.01541	0.00879	0.01031	0.00652	0.00478	0.00456	0.00152	0.00716	0.00358	0.00217	0.00738
7	0.01058	0.09393	0.72824	0.01413	0.02144	0.01263	0.01810	0.01617	0.01080	0.01590	0.00903	0.01061	0.00651	0.00483	0.00474	0.00158	0.00741	0.00370	0.00217	0.00750
8	0.00664	0.00512	0.00612	0.00645	0.00766	0.00460	0.00484	0.00823	0.01192	0.01540	0.21160	0.22825	0.35025	0.01328	0.00630	0.00186	0.00290	0.09917	0.00496	0.00446
9	0.01143	0.01189	0.01928	0.01580	0.03478	0.03314	0.22198	0.01352	0.00949	0.01371	0.00926	0.04207	0.00874	0.00791	0.01260	0.00206	0.49499	0.02887	0.00253	0.00596
10	0.08582	0.01113	0.01738	0.06055	0.40395	0.01113	0.06162	0.04696	0.02947	0.16275	0.02809	0.01395	0.00970	0.00515	0.00499	0.00155	0.00559	0.00471	0.00354	0.03198
11	0.07237	0.33578	0.06404	0.01152	0.01528	0.35949	0.04523	0.01769	0.01221	0.01346	0.00775	0.00910	0.00658	0.00483	0.00409	0.00129	0.00730	0.00321	0.00247	0.00631
12	0.05667	0.00702	0.01000	0.00865	0.01055	0.00688	0.09426	0.01227	0.08715	0.01973	0.51600	0.08170	0.04969	0.00950	0.00584	0.00167	0.00343	0.00856	0.00504	0.00539
13	0.00670	0.00484	0.00614	0.00685	0.00738	0.00446	0.00453	0.00754	0.00953	0.01279	0.02588	0.61249	0.05383	0.15196	0.00970	0.00249	0.00335	0.01259	0.00438	0.05256
14	0.00757	0.00557	0.00715	0.00684	0.00811	0.00531	0.00517	0.01061	0.05775	0.02005	0.67322	0.07450	0.04505	0.01071	0.00607	0.00168	0.00264	0.04147	0.00554	0.00499
15	0.01450	0.01058	0.01184	0.01062	0.03520	0.02296	0.00818	0.15738	0.37438	0.12562	0.07669	0.03527	0.03701	0.00762	0.00539	0.00170	0.00438	0.04777	0.00523	0.00768
16	0.85592	0.00992	0.00754	0.00675	0.00992	0.01151	0.00556	0.01508	0.00873	0.02302	0.00714	0.00834	0.00556	0.00476	0.00318	0.00159	0.00397	0.00278	0.00318	0.00556
17	0.01182	0.14767	0.60493	0.01339	0.02010	0.04284	0.01645	0.01674	0.01111	0.05623	0.00942	0.01072	0.00684	0.00489	0.00464	0.00153	0.00716	0.00368	0.00241	0.00743
18	0.00736	0.00539	0.00768	0.00768	0.00840	0.00611	0.00571	0.00880	0.00808	0.01149	0.01426	0.02301	0.01407	0.20472	0.63480	0.00755	0.01188	0.00592	0.00283	0.00427
19	0.03064	0.07371	0.56380	0.01462	0.04815	0.01244	0.06180	0.03466	0.05242	0.01681	0.01046	0.01301	0.00798	0.00527	0.00492	0.00162	0.00704	0.03067	0.00256	0.00741
20	0.00738	0.00522	0.00635	0.00632	0.00763	0.00465	0.00464	0.00908	0.01256	0.05280	0.34149	0.21385	0.28441	0.01236	0.00612	0.00176	0.00269	0.01077	0.00520	0.00471
21	0.05705	0.01395	0.04426	0.01172	0.01571	0.01485	0.03357	0.53753	0.16961	0.02867	0.01357	0.01345	0.00982	0.00614	0.00508	0.00159	0.00543	0.00478	0.00487	0.00836
22	0.01327	0.39375	0.26118	0.01160	0.04084	0.01513	0.03028	0.01668	0.02586	0.09380	0.03309	0.01142	0.00872	0.00497	0.00423	0.00136	0.00597	0.00371	0.00281	0.02134
23	0.01616	0.00958	0.01431	0.01102	0.01459	0.00900	0.14108	0.09034	0.06207	0.33279	0.18038	0.02056	0.01901	0.00677	0.00544	0.00158	0.00478	0.00608	0.00519	0.04926
24	0.04200	0.00957	0.01145	0.00853	0.01272	0.00810	0.03050	0.06211	0.04065	0.03841	0.01058	0.01286	0.00878	0.01769	0.00465	0.00106	0.01566	0.02280	0.00337	0.63850
25	0.66542	0.01186	0.02816	0.00822	0.01159	0.07568	0.02345	0.06866	0.01058	0.04575	0.00809	0.00915	0.00615	0.00494	0.00359	0.00157	0.00472	0.00312	0.00333	0.00598

[dist]
# distance from previous block
# <min> <max>
5	10

[block]
# block no. 2 follows, 48 sequences, length 15
# corresponding to MSA columns:
# 133-147
name=unknown_C
#
# <colnr> <probs for GDERKNQSTAVLIFYWHMCP>
#	G	D	E	R	K	N	Q	S	T	A	V	L	I	F	Y	W	H	M	C	P
0	0.00854	0.00571	0.00702	0.00648	0.00812	0.00517	0.00493	0.01096	0.03471	0.08902	0.50425	0.03877	0.23553	0.01067	0.00595	0.00165	0.00269	0.00921	0.00547	0.00515
1	0.01168	0.01033	0.01459	0.23081	0.19053	0.01153	0.02494	0.01921	0.31145	0.03542	0.04189	0.01801	0.04471	0.00624	0.00524	0.00168	0.00524	0.00551	0.00380	0.00719
2	0.01372	0.82276	0.02689	0.00878	0.01317	0.02030	0.00878	0.01536	0.01043	0.01207	0.00713	0.00823	0.00658	0.00439	0.00329	0.00110	0.00549	0.00274	0.00219	0.00658
3	0.01821	0.01373	0.01467	0.01154	0.01542	0.01531	0.00944	0.62828	0.16851	0.03026	0.01396	0.01363	0.01005	0.00631	0.00515	0.00158	0.00534	0.00485	0.00515	0.00861
4	0.01497	0.01310	0.01788	0.05688	0.46129	0.08568	0.01311	0.11609	0.06693	0.08657	0.01152	0.01324	0.00893	0.00519	0.00506	0.00154	0.00607	0.00460	0.00340	0.00795
5	0.75501	0.01091	0.02708	0.00766	0.01101	0.03452	0.02542	0.03235	0.00950	0.03797	0.00768	0.00883	0.00588	0.00483	0.00341	0.00158	0.00437	0.00299	0.00323	0.00578
6	0.01172	0.03463	0.01749	0.01410	0.01491	0.01558	0.08779	0.04341	0.00902	0.01356	0.00734	0.01145	0.00692	0.00827	0.01489	0.00213	0.67390	0.00460	0.00240	0.00590
7	0.00705	0.00578	0.00624	0.00612	0.00774	0.00534	0.00454	0.00990	0.09461	0.01566	0.17271	0.09163	0.50238	0.03912	0.00667	0.00184	0.00283	0.01014	0.00491	0.00478
8	0.00632	0.00449	0.00593	0.00706	0.00734	0.00421	0.00467	0.00716	0.00970	0.01293	0.02763	0.77440	0.03312	0.05912	0.00760	0.00224	0.00308	0.01421	0.00467	0.00411
9	0.01350	0.00862	0.01075	0.00922	0.01157	0.00926	0.00734	0.22436	0.03477	0.14900	0.06295	0.01919	0.01421	0.05418	0.34167	0.00454	0.00858	0.00552	0.00428	0.00648
10	0.01468	0.01389	0.02079	0.05149	0.14145	0.08860	0.27163	0.17231	0.05966	0.05202	0.02371	0.01366	0.00916	0.00539	0.00587	0.00163	0.03807	0.00514	0.00345	0.00740
11	0.05430	0.01131	0.01880	0.22457	0.56018	0.01196	0.01486	0.01505	0.01118	0.01616	0.00939	0.01273	0.00768	0.00472	0.00500	0.00157	0.00618	0.00448	0.00251	0.00739
12	0.01151	0.22840	0.54423	0.01288	0.01936	0.01419	0.01566	0.03623	0.04380	0.01583	0.00926	0.01056	0.00697	0.00487	0.00449	0.00149	0.00685	0.00363	0.00238	0.00738
13	0.05138	0.54529	0.07154	0.01052	0.01468	0.11846	0.04772	0.03104	0.01116	0.01351	0.00762	0.00901	0.00665	0.00477	0.00428	0.00127	0.03904	0.00316	0.00237	0.00654
14	0.01307	0.00691	0.00825	0.00710	0.00967	0.00613	0.00557	0.01546	0.06073	0.31160	0.06951	0.03416	0.37789	0.04248	0.00647	0.00180	0.00345	0.00814	0.00537	0.00622

[dist]
# distance from previous block
# <min> <max>
0	3

[block]
# block no. 3 follows, 48 sequences, length 23
# corresponding to MSA columns:
# 151-173
name=unknown_D
#
# <colnr> <probs for GDERKNQSTAVLIFYWHMCP>
#	G	D	E	R	K	N	Q	S	T	A	V	L	I	F	Y	W	H	M	C	P
0	0.07751	0.02951	0.04890	0.01392	0.13856	0.01312	0.00995	0.17987	0.35507	0.04142	0.01528	0.01523	0.01150	0.00665	0.01936	0.00175	0.00509	0.00495	0.00440	0.00795
1	0.01156	0.01120	0.03568	0.06942	0.53852	0.01103	0.03893	0.01507	0.04997	0.01634	0.01312	0.08924	0.01223	0.00644	0.00539	0.00166	0.00577	0.05805	0.00301	0.00734
2	0.68590	0.00936	0.00791	0.00706	0.01000	0.01056	0.00570	0.03263	0.00949	0.07798	0.00951	0.05524	0.00792	0.00619	0.00439	0.04330	0.00401	0.00375	0.00350	0.00562
3	0.01250	0.01199	0.02046	0.08358	0.73716	0.01214	0.01565	0.01557	0.01159	0.01652	0.00962	0.01277	0.00804	0.00461	0.00508	0.00154	0.00615	0.00457	0.00252	0.00796
4	0.00733	0.00492	0.00564	0.00577	0.00580	0.00489	0.00329	0.00743	0.00772	0.01029	0.01750	0.11941	0.02033	0.73156	0.02397	0.00466	0.00476	0.00824	0.00329	0.00323
5	0.02002	0.01158	0.01343	0.01051	0.01439	0.01202	0.00861	0.35984	0.12477	0.34402	0.01678	0.01539	0.01133	0.00635	0.00516	0.00159	0.00490	0.00501	0.00565	0.00864
6	0.00746	0.00497	0.00560	0.00560	0.00560	0.00497	0.00311	0.00746	0.00746	0.00995	0.01617	0.03358	0.01865	0.81967	0.02612	0.00497	0.00497	0.00746	0.00311	0.00311
7	0.01133	0.00950	0.01014	0.00922	0.01156	0.03714	0.00721	0.07583	0.39380	0.02093	0.23193	0.02777	0.06261	0.00862	0.00559	0.00172	0.00388	0.05929	0.00519	0.00677
8	0.01321	0.01102	0.01173	0.01032	0.01324	0.01257	0.00808	0.12070	0.62492	0.02278	0.07713	0.01971	0.01724	0.00712	0.00527	0.00171	0.00414	0.00591	0.00524	0.00795
9	0.01140	0.28425	0.54510	0.01273	0.01928	0.01463	0.01566	0.01596	0.01070	0.01490	0.00854	0.00999	0.00653	0.00472	0.00436	0.00145	0.00690	0.00345	0.00218	0.00726
10	0.01356	0.36107	0.05431	0.00958	0.01322	0.06200	0.00864	0.06019	0.19051	0.05352	0.07789	0.03332	0.02970	0.00621	0.00445	0.00141	0.00506	0.00474	0.00369	0.00692
11	0.00750	0.00564	0.00818	0.00803	0.00906	0.00633	0.00616	0.00923	0.00831	0.01201	0.01369	0.02064	0.01298	0.09204	0.70560	0.00765	0.01264	0.00552	0.00279	0.04603
12	0.01344	0.75798	0.08923	0.00926	0.01390	0.01962	0.00961	0.01544	0.01046	0.01241	0.00730	0.00844	0.00658	0.00443	0.00342	0.00114	0.00566	0.00283	0.00219	0.00667
13	0.01049	0.00822	0.00937	0.00902	0.01106	0.02261	0.00732	0.07136	0.23429	0.03553	0.14310	0.03762	0.11395	0.01047	0.00604	0.00190	0.00407	0.25245	0.00504	0.00608
14	0.00742	0.00512	0.00635	0.00635	0.00661	0.00539	0.00405	0.00795	0.00769	0.01051	0.01548	0.02975	0.01699	0.59674	0.24677	0.00591	0.00748	0.00690	0.00301	0.00353
15	0.01052	0.06614	0.72916	0.01456	0.02191	0.01237	0.04344	0.01621	0.01086	0.01605	0.00914	0.01080	0.00655	0.00483	0.00483	0.00160	0.00751	0.00381	0.00218	0.00751
16	0.00731	0.00536	0.00614	0.00591	0.00751	0.00466	0.00444	0.00903	0.01279	0.05326	0.31360	0.07044	0.45730	0.01188	0.00603	0.00170	0.00263	0.01013	0.00516	0.00472
17	0.00956	0.00478	0.00478	0.00478	0.00598	0.00478	0.00359	0.01196	0.01076	0.01913	0.01674	0.01913	0.01315	0.00598	0.00359	0.00120	0.00239	0.00478	0.84816	0.00478
18	0.00736	0.00499	0.00557	0.00557	0.00570	0.00493	0.00317	0.00745	0.00778	0.01024	0.01885	0.03476	0.07621	0.75914	0.02461	0.00473	0.00480	0.00771	0.00323	0.00320
19	0.00969	0.04074	0.17980	0.00938	0.01253	0.00897	0.00907	0.01439	0.13563	0.04848	0.13688	0.02970	0.22696	0.00911	0.00631	0.00174	0.05769	0.05263	0.00421	0.00610
20	0.01861	0.01364	0.01468	0.01149	0.01541	0.01511	0.00942	0.62792	0.13951	0.05976	0.01394	0.01356	0.00994	0.00629	0.00515	0.00157	0.00535	0.00482	0.00519	0.00863
21	0.01183	0.01150	0.03526	0.16157	0.42578	0.01222	0.03098	0.05227	0.01141	0.01602	0.01083	0.01412	0.03260	0.00698	0.03932	0.00194	0.11078	0.00481	0.00266	0.00710
22	0.05372	0.00669	0.00807	0.00746	0.00917	0.00662	0.00572	0.07016	0.05535	0.07547	0.43998	0.12300	0.05400	0.02167	0.00611	0.00175	0.00318	0.04106	0.00531	0.00551

[dist]
# distance from previous block
# <min> <max>
0	7

[block]
# block no. 4 follows, 48 sequences, length 7
# corresponding to MSA columns:
# 182-188
name=unknown_E
#
# <colnr> <probs for GDERKNQSTAVLIFYWHMCP>
#	G	D	E	R	K	N	Q	S	T	A	V	L	I	F	Y	W	H	M	C	P
0	0.27858	0.01287	0.05712	0.01164	0.04078	0.08703	0.06219	0.01768	0.15654	0.03350	0.01100	0.01306	0.00885	0.00610	0.00642	0.00170	0.13498	0.02188	0.00334	0.03475
1	0.28707	0.00981	0.03055	0.03301	0.01428	0.01004	0.16302	0.01457	0.06308	0.03440	0.12460	0.02114	0.05018	0.02216	0.02159	0.00191	0.02882	0.06021	0.00371	0.00584
2	0.04624	0.01015	0.01670	0.50939	0.14787	0.01217	0.05189	0.01367	0.01020	0.01416	0.00887	0.01299	0.00702	0.00549	0.00662	0.00175	0.11179	0.00455	0.00237	0.00612
3	0.46256	0.00954	0.03491	0.00813	0.01107	0.00982	0.04050	0.04795	0.02688	0.05296	0.15777	0.01944	0.04203	0.00684	0.00444	0.00165	0.00410	0.04966	0.00399	0.00578
4	0.04763	0.00931	0.06334	0.03545	0.01271	0.00771	0.04569	0.07468	0.01261	0.03403	0.11611	0.04901	0.17298	0.00821	0.00526	0.00150	0.00423	0.07478	0.00405	0.22071
5	0.03350	0.34128	0.13037	0.10070	0.09974	0.01478	0.02660	0.06625	0.01170	0.01556	0.03005	0.01287	0.04426	0.00521	0.00432	0.00137	0.00574	0.00404	0.00272	0.04894
6	0.01119	0.01195	0.02428	0.24354	0.08002	0.01206	0.46862	0.01501	0.01145	0.01536	0.01082	0.05154	0.00877	0.00512	0.00575	0.00173	0.00770	0.00593	0.00260	0.00653

[dist]
# distance from previous block
# <min> <max>
0	2

[block]
# block no. 5 follows, 48 sequences, length 18
# corresponding to MSA columns:
# 191-208
name=unknown_F
#
# <colnr> <probs for GDERKNQSTAVLIFYWHMCP>
#	G	D	E	R	K	N	Q	S	T	A	V	L	I	F	Y	W	H	M	C	P
0	0.00974	0.06915	0.56337	0.01287	0.01870	0.01084	0.03167	0.01439	0.01077	0.01555	0.02994	0.14902	0.01260	0.00705	0.00516	0.00169	0.00653	0.02141	0.00275	0.00681
1	0.00759	0.00537	0.00665	0.00625	0.00770	0.00482	0.00472	0.00972	0.01384	0.04947	0.57587	0.04020	0.22681	0.01094	0.00602	0.00164	0.00254	0.00949	0.00546	0.00487
2	0.01548	0.01381	0.01480	0.03805	0.06416	0.13935	0.05872	0.27835	0.14571	0.04057	0.01554	0.01677	0.05759	0.00781	0.03639	0.00186	0.02286	0.02066	0.00418	0.00735
3	0.00624	0.00453	0.00589	0.00697	0.00740	0.00418	0.00469	0.00716	0.00999	0.01317	0.03036	0.74914	0.09978	0.01581	0.00651	0.00205	0.00294	0.01426	0.00476	0.00418
4	0.01221	0.21217	0.01401	0.00901	0.01155	0.17869	0.00733	0.05803	0.05973	0.01568	0.15009	0.08667	0.11168	0.00943	0.04050	0.00178	0.00549	0.00637	0.00379	0.00580
5	0.00843	0.00661	0.00790	0.00815	0.00961	0.00679	0.00632	0.01325	0.19846	0.01674	0.12582	0.23225	0.13458	0.01225	0.00623	0.00196	0.00354	0.19074	0.00498	0.00538
6	0.01270	0.01219	0.02083	0.03149	0.78767	0.01219	0.01575	0.01575	0.01168	0.01676	0.00965	0.01270	0.00813	0.00457	0.00508	0.00152	0.00610	0.00457	0.00254	0.00813
7	0.01110	0.01087	0.01637	0.15496	0.17457	0.01389	0.01244	0.01302	0.00917	0.01343	0.00916	0.01315	0.03140	0.00754	0.01207	0.00199	0.48168	0.00472	0.00239	0.00610
8	0.85592	0.00992	0.00754	0.00675	0.00992	0.01151	0.00556	0.01508	0.00873	0.02302	0.00714	0.00834	0.00556	0.00476	0.00318	0.00159	0.00397	0.00278	0.00318	0.00556
9	0.00800	0.00546	0.00680	0.00634	0.00785	0.00490	0.00480	0.01013	0.01387	0.06899	0.56418	0.03956	0.21827	0.01081	0.00600	0.00164	0.00259	0.00937	0.00549	0.00497
10	0.01029	0.02654	0.79309	0.01462	0.02221	0.01192	0.01896	0.01625	0.01083	0.01625	0.00921	0.01083	0.00650	0.00487	0.00487	0.00162	0.00758	0.00379	0.00217	0.00758
11	0.02151	0.00907	0.01186	0.00932	0.01313	0.00831	0.00763	0.02534	0.12752	0.67750	0.02034	0.01771	0.01314	0.00644	0.00517	0.00161	0.00432	0.00525	0.00618	0.00864
12	0.01204	0.01150	0.01940	0.08888	0.67974	0.01162	0.01486	0.01500	0.01158	0.01630	0.01236	0.01515	0.05845	0.00516	0.00515	0.00155	0.00593	0.00498	0.00266	0.00770
13	0.01856	0.02029	0.01559	0.01318	0.01641	0.48932	0.05444	0.23923	0.05137	0.01895	0.00993	0.01086	0.00770	0.00556	0.00488	0.00143	0.00793	0.00396	0.00348	0.00691
14	0.00733	0.00550	0.00825	0.00825	0.00916	0.00641	0.00641	0.00916	0.00825	0.01191	0.01374	0.02016	0.01283	0.03848	0.79934	0.00825	0.01374	0.00550	0.00275	0.00458
15	0.01154	0.21036	0.56812	0.01331	0.01996	0.01376	0.03867	0.01632	0.01090	0.03946	0.00911	0.01053	0.00675	0.00479	0.00455	0.00150	0.00703	0.00366	0.00232	0.00737
16	0.31612	0.19621	0.19816	0.01097	0.06430	0.01341	0.01033	0.04522	0.01085	0.05623	0.03074	0.01063	0.00787	0.00499	0.00398	0.00148	0.00534	0.00350	0.00298	0.00669
17	0.00629	0.00499	0.00567	0.00604	0.00727	0.00437	0.00438	0.00759	0.01135	0.01423	0.10474	0.28822	0.46634	0.01378	0.00625	0.00185	0.00277	0.03470	0.00484	0.00433

[dist]
# distance from previous block
# <min> <max>
0	2

[block]
# block no. 6 follows, 48 sequences, length 80
# corresponding to MSA columns:
# 211-281,292-300
name=unknown_G
#
# <colnr> <probs for GDERKNQSTAVLIFYWHMCP>
#	G	D	E	R	K	N	Q	S	T	A	V	L	I	F	Y	W	H	M	C	P
0	0.29486	0.00986	0.02610	0.00908	0.01291	0.00943	0.03992	0.04554	0.01286	0.46707	0.01506	0.01403	0.00990	0.00571	0.00454	0.00159	0.00452	0.00438	0.00503	0.00759
1	0.01146	0.04896	0.42968	0.02175	0.35475	0.01234	0.01720	0.01600	0.01119	0.01632	0.00933	0.01155	0.00721	0.00473	0.00491	0.00156	0.00686	0.00409	0.00233	0.00778
2	0.01798	0.00792	0.01050	0.00845	0.01158	0.00712	0.00682	0.03864	0.03978	0.52196	0.24412	0.02351	0.02316	0.00758	0.00542	0.00160	0.00382	0.00637	0.00608	0.00757
3	0.03975	0.04339	0.36752	0.01162	0.01714	0.01047	0.01276	0.06453	0.01319	0.32147	0.03885	0.01426	0.01041	0.00569	0.00494	0.00159	0.00587	0.00449	0.00413	0.00792
4	0.01292	0.01267	0.02083	0.03059	0.74115	0.04053	0.03409	0.01593	0.01180	0.01660	0.00961	0.01260	0.00806	0.00459	0.00509	0.00152	0.00627	0.00456	0.00254	0.00802
5	0.00625	0.00448	0.00594	0.00710	0.00743	0.00417	0.00474	0.00715	0.00987	0.01312	0.02885	0.79805	0.05185	0.01600	0.00654	0.00208	0.00297	0.01450	0.00476	0.00417
6	0.01270	0.01219	0.02083	0.03149	0.78767	0.01219	0.01575	0.01575	0.01168	0.01676	0.00965	0.01270	0.00813	0.00457	0.00508	0.00152	0.00610	0.00457	0.00254	0.00813
7	0.01064	0.00912	0.01064	0.00760	0.01216	0.00684	0.00608	0.01292	0.01064	0.01672	0.00912	0.01064	0.00760	0.00380	0.00380	0.00076	0.00380	0.00304	0.00304	0.85104
8	0.00716	0.00525	0.00676	0.00757	0.00845	0.00500	0.00570	0.02833	0.01125	0.01474	0.07508	0.44518	0.13597	0.01457	0.00656	0.00207	0.00342	0.20764	0.00481	0.00450
9	0.01029	0.02654	0.79309	0.01462	0.02221	0.01192	0.01896	0.01625	0.01083	0.01625	0.00921	0.01083	0.00650	0.00487	0.00487	0.00162	0.00758	0.00379	0.00217	0.00758
10	0.00740	0.00543	0.00723	0.00730	0.02707	0.00506	0.00535	0.00973	0.01396	0.01957	0.65460	0.07545	0.06314	0.01095	0.00613	0.00169	0.00272	0.06690	0.00544	0.00487
11	0.01069	0.07326	0.68492	0.01563	0.08322	0.01244	0.01809	0.01616	0.01088	0.01604	0.00912	0.01083	0.00664	0.00482	0.00480	0.00159	0.00734	0.00379	0.00220	0.00757
12	0.00625	0.00447	0.00595	0.00714	0.00744	0.00417	0.00476	0.00714	0.00982	0.01310	0.02828	0.81633	0.03394	0.01608	0.00655	0.00208	0.00298	0.01459	0.00476	0.00417
13	0.01166	0.01118	0.01929	0.33566	0.40797	0.01205	0.07556	0.03652	0.01152	0.01575	0.00958	0.01317	0.00761	0.00482	0.00518	0.00161	0.00658	0.00469	0.00252	0.00709
14	0.01017	0.00979	0.01711	0.66954	0.10701	0.01160	0.07509	0.01363	0.01055	0.01373	0.00927	0.01360	0.00704	0.00501	0.00520	0.00169	0.00691	0.00468	0.00233	0.00603
15	0.00625	0.00447	0.00595	0.00714	0.00744	0.00417	0.00476	0.00714	0.00982	0.01310	0.02828	0.81633	0.03394	0.01608	0.00655	0.00208	0.00298	0.01459	0.00476	0.00417
16	0.01029	0.02654	0.79309	0.01462	0.02221	0.01192	0.01896	0.01625	0.01083	0.01625	0.00921	0.01083	0.00650	0.00487	0.00487	0.00162	0.00758	0.00379	0.00217	0.00758
17	0.01372	0.82276	0.02689	0.00878	0.01317	0.02030	0.00878	0.01536	0.01043	0.01207	0.00713	0.00823	0.00658	0.00439	0.00329	0.00110	0.00549	0.00274	0.00219	0.00658
18	0.00635	0.00454	0.00607	0.00726	0.00760	0.00425	0.00494	0.00732	0.00992	0.01321	0.02823	0.77876	0.03372	0.01598	0.00658	0.00210	0.00306	0.05117	0.00476	0.00420
19	0.04551	0.01407	0.01505	0.01157	0.01565	0.01553	0.00956	0.72567	0.02338	0.05392	0.01239	0.01234	0.00874	0.00612	0.00507	0.00154	0.00556	0.00458	0.00511	0.00863
20	0.01137	0.15882	0.60136	0.01381	0.02053	0.05308	0.04104	0.01632	0.01099	0.01537	0.00884	0.01042	0.00656	0.00480	0.00464	0.00153	0.00735	0.00367	0.00221	0.00731
21	0.01973	0.05996	0.03395	0.01080	0.01491	0.01331	0.00916	0.44040	0.05503	0.26743	0.01481	0.01397	0.01011	0.00612	0.00503	0.00154	0.00521	0.00471	0.00527	0.00855
22	0.00610	0.00520	0.00524	0.00523	0.00695	0.00435	0.00393	0.00743	0.01178	0.01405	0.07269	0.04907	0.76475	0.01292	0.00606	0.00173	0.00259	0.01079	0.00479	0.00435
23	0.00770	0.00557	0.00717	0.00665	0.00796	0.00524	0.00502	0.03707	0.01487	0.02100	0.75715	0.03739	0.04699	0.01033	0.00602	0.00161	0.00254	0.00911	0.00563	0.00498
24	0.01481	0.04331	0.02176	0.06545	0.10825	0.29839	0.30078	0.03614	0.01297	0.01502	0.00918	0.01175	0.00730	0.00492	0.00554	0.00155	0.02902	0.00462	0.00263	0.00663
25	0.01402	0.79621	0.02640	0.00879	0.01317	0.01989	0.00874	0.01568	0.01056	0.03748	0.00756	0.00853	0.00678	0.00445	0.00335	0.00111	0.00545	0.00282	0.00233	0.00665
26	0.00746	0.00497	0.00560	0.00560	0.00560	0.00497	0.00311	0.00746	0.00746	0.00995	0.01617	0.03358	0.01865	0.81967	0.02612	0.00497	0.00497	0.00746	0.00311	0.00311
27	0.04080	0.00911	0.01166	0.00914	0.01278	0.00848	0.00748	0.10523	0.04441	0.58121	0.09739	0.01888	0.01586	0.00674	0.00520	0.00159	0.00429	0.00549	0.00603	0.00823
28	0.00765	0.00614	0.00915	0.13702	0.01315	0.00709	0.00749	0.00950	0.00921	0.01271	0.03440	0.20269	0.03748	0.02467	0.39498	0.00504	0.05099	0.02266	0.00326	0.00472
29	0.00827	0.00591	0.00827	0.00945	0.01063	0.00591	0.00827	0.01063	0.01181	0.01536	0.02717	0.05788	0.02953	0.01417	0.00709	0.00236	0.00472	0.75313	0.00472	0.00472
30	0.01063	0.01008	0.01710	0.56386	0.27144	0.01165	0.01472	0.01394	0.01071	0.01426	0.00929	0.01337	0.00724	0.00495	0.00511	0.00165	0.00661	0.00456	0.00236	0.00646
31	0.01354	0.03225	0.02203	0.02698	0.54939	0.01213	0.16271	0.01671	0.01201	0.08633	0.01069	0.01324	0.00843	0.00468	0.00523	0.00156	0.00643	0.00487	0.00289	0.00791
32	0.01118	0.01125	0.01483	0.62868	0.03061	0.12404	0.01311	0.03348	0.01128	0.01361	0.01006	0.03031	0.00820	0.00572	0.00516	0.00168	0.00700	0.03152	0.00254	0.00575
33	0.01029	0.02654	0.79309	0.01462	0.02221	0.01192	0.01896	0.01625	0.01083	0.01625	0.00921	0.01083	0.00650	0.00487	0.00487	0.00162	0.00758	0.00379	0.00217	0.00758
34	0.01035	0.02615	0.76946	0.01484	0.02235	0.01195	0.04219	0.01626	0.01087	0.01626	0.00924	0.01093	0.00654	0.00486	0.00491	0.00163	0.00762	0.00386	0.00218	0.00756
35	0.01034	0.02618	0.77115	0.01483	0.02234	0.01195	0.04053	0.01625	0.01087	0.01625	0.00924	0.01092	0.00654	0.00486	0.00491	0.00163	0.00761	0.00386	0.00218	0.00756
36	0.00827	0.00591	0.00827	0.00945	0.01063	0.00591	0.00827	0.01063	0.01181	0.01536	0.02717	0.05788	0.02953	0.01417	0.00709	0.00236	0.00472	0.75313	0.00472	0.00472
37	0.00977	0.00920	0.01553	0.78735	0.05473	0.01142	0.01429	0.01318	0.01030	0.01320	0.00913	0.01365	0.00687	0.00512	0.00513	0.00171	0.00682	0.00456	0.00229	0.00576
38	0.01428	0.74168	0.02567	0.00918	0.01344	0.07359	0.00889	0.04030	0.01115	0.01277	0.00736	0.00843	0.00666	0.00451	0.00344	0.00113	0.00575	0.00284	0.00232	0.00661
39	0.01276	0.01102	0.01160	0.01044	0.01334	0.01276	0.00812	0.02727	0.77840	0.02146	0.02088	0.01914	0.01566	0.00696	0.00522	0.00174	0.00406	0.00580	0.00522	0.00812
40	0.01917	0.02445	0.01454	0.01322	0.01586	0.79907	0.00991	0.02049	0.01454	0.01256	0.00793	0.00925	0.00661	0.00529	0.00463	0.00132	0.00925	0.00330	0.00264	0.00595
41	0.01029	0.02654	0.79309	0.01462	0.02221	0.01192	0.01896	0.01625	0.01083	0.01625	0.00921	0.01083	0.00650	0.00487	0.00487	0.00162	0.00758	0.00379	0.00217	0.00758
42	0.01920	0.01368	0.01533	0.01272	0.06141	0.01491	0.00988	0.64327	0.04430	0.09332	0.01306	0.01296	0.00922	0.00610	0.00513	0.00155	0.00552	0.00470	0.00508	0.00867
43	0.01276	0.01102	0.01160	0.01044	0.01334	0.01276	0.00812	0.02727	0.77840	0.02146	0.02088	0.01914	0.01566	0.00696	0.00522	0.00174	0.00406	0.00580	0.00522	0.00812
44	0.01868	0.02227	0.01452	0.01300	0.01551	0.67340	0.00990	0.03479	0.01415	0.05354	0.00855	0.00992	0.00698	0.00569	0.00574	0.00142	0.07943	0.00353	0.00285	0.00612
45	0.01641	0.01358	0.01378	0.05778	0.01595	0.08768	0.00934	0.36810	0.28713	0.04031	0.02703	0.01502	0.01156	0.00637	0.00513	0.00160	0.00542	0.00499	0.00480	0.00802
46	0.00969	0.00912	0.01539	0.80734	0.03534	0.01140	0.01425	0.01311	0.01026	0.01311	0.00912	0.01368	0.00684	0.00513	0.00513	0.00171	0.00684	0.00456	0.00228	0.00570
47	0.00726	0.00524	0.00686	0.00646	0.00767	0.00484	0.00484	0.00968	0.01452	0.02058	0.78496	0.03833	0.04841	0.01049	0.00605	0.00161	0.00242	0.00928	0.00565	0.00484
48	0.00632	0.00451	0.00603	0.00722	0.00755	0.00422	0.00488	0.00726	0.00989	0.01317	0.02824	0.79182	0.03379	0.01601	0.00657	0.00209	0.00303	0.03845	0.00476	0.00419
49	0.00735	0.00542	0.00786	0.00786	0.00865	0.00621	0.00594	0.00892	0.00813	0.01163	0.01409	0.02210	0.01367	0.15153	0.68745	0.00777	0.01247	0.00578	0.00280	0.00437
50	0.00809	0.00546	0.00611	0.00592	0.00613	0.00554	0.00346	0.04726	0.00833	0.01112	0.01597	0.03247	0.01814	0.77724	0.02502	0.00480	0.00501	0.00731	0.00321	0.00340
51	0.01929	0.01426	0.01528	0.01176	0.01583	0.01581	0.00970	0.74636	0.04868	0.03198	0.01260	0.01254	0.00895	0.00619	0.00514	0.00155	0.00559	0.00466	0.00514	0.00871
52	0.00644	0.00522	0.00575	0.00587	0.00738	0.00453	0.00446	0.00797	0.01200	0.01492	0.15590	0.09686	0.56594	0.01292	0.00618	0.00179	0.00278	0.07377	0.00489	0.00443
53	0.00739	0.00499	0.00558	0.00558	0.00567	0.00494	0.00315	0.00746	0.00768	0.01015	0.01804	0.03440	0.05866	0.77760	0.02507	0.00481	0.00485	0.00764	0.00320	0.00317
54	0.08112	0.01404	0.01482	0.01143	0.01547	0.01559	0.00944	0.71490	0.02299	0.03165	0.01194	0.01203	0.00849	0.00606	0.00499	0.00154	0.00552	0.00448	0.00499	0.00849
55	0.00806	0.00582	0.00798	0.00899	0.01021	0.00574	0.00778	0.01035	0.01195	0.01554	0.07099	0.05620	0.08299	0.01389	0.00696	0.00228	0.00445	0.66035	0.00478	0.00470
56	0.00937	0.00549	0.00598	0.00584	0.00698	0.00553	0.00423	0.06478	0.01149	0.01823	0.08341	0.12819	0.01931	0.11078	0.00716	0.00185	0.00303	0.00680	0.49678	0.00478
57	0.00946	0.00479	0.00491	0.00490	0.00606	0.00478	0.00366	0.01173	0.01080	0.01892	0.04599	0.01977	0.01439	0.00646	0.00411	0.02356	0.00245	0.00495	0.79359	0.00472
58	0.00625	0.00447	0.00595	0.00714	0.00744	0.00417	0.00476	0.00714	0.00982	0.01310	0.02828	0.81633	0.03394	0.01608	0.00655	0.00208	0.00298	0.01459	0.00476	0.00417
59	0.00656	0.00487	0.00599	0.00669	0.00743	0.00448	0.00471	0.00767	0.01045	0.01353	0.06943	0.44262	0.21550	0.09656	0.00845	0.00230	0.00322	0.08070	0.00463	0.00418
60	0.72447	0.01001	0.00823	0.00719	0.01035	0.01143	0.00590	0.07727	0.01043	0.03812	0.05071	0.01049	0.00832	0.00522	0.00353	0.00159	0.00403	0.00333	0.00353	0.00584
61	0.00625	0.00447	0.00595	0.00714	0.00744	0.00417	0.00476	0.00714	0.00982	0.01310	0.02828	0.81633	0.03394	0.01608	0.00655	0.00208	0.00298	0.01459	0.00476	0.00417
62	0.02171	0.00897	0.01186	0.00920	0.01300	0.00808	0.00756	0.07247	0.03503	0.68206	0.05963	0.01826	0.01438	0.00657	0.00521	0.00159	0.00434	0.00536	0.00621	0.00851
63	0.01211	0.01040	0.01100	0.00994	0.01269	0.01188	0.00772	0.02525	0.69628	0.02100	0.06245	0.02181	0.05982	0.00748	0.00531	0.00173	0.00389	0.00626	0.00522	0.00774
64	0.00891	0.00446	0.00668	0.00668	0.00668	0.00446	0.00446	0.00668	0.00668	0.00891	0.00891	0.01560	0.00891	0.01783	0.02005	0.85071	0.00446	0.00446	0.00223	0.00223
65	0.01211	0.01384	0.03028	0.02163	0.02682	0.01298	0.76903	0.01644	0.01211	0.01644	0.01038	0.01384	0.00779	0.00433	0.00606	0.00173	0.00865	0.00606	0.00260	0.00692
66	0.05424	0.00545	0.00670	0.00642	0.00772	0.00512	0.00480	0.00962	0.01365	0.01965	0.62993	0.09149	0.10473	0.01076	0.00593	0.00165	0.00256	0.00941	0.00538	0.00479
67	0.00683	0.00471	0.00578	0.00641	0.00657	0.00455	0.00398	0.00729	0.00870	0.01160	0.02254	0.44516	0.02669	0.39713	0.01583	0.00345	0.00392	0.01121	0.00398	0.00367
68	0.00733	0.00550	0.00825	0.00825	0.00916	0.00641	0.00641	0.00916	0.00825	0.01191	0.01374	0.02016	0.01283	0.03848	0.79934	0.00825	0.01374	0.00550	0.00275	0.00458
69	0.00630	0.00448	0.00594	0.00709	0.00737	0.00420	0.00470	0.00716	0.00973	0.01298	0.02782	0.78631	0.03335	0.04689	0.00730	0.00219	0.00305	0.01431	0.00470	0.00413
70	0.00969	0.00912	0.01539	0.80734	0.03534	0.01140	0.01425	0.01311	0.01026	0.01311	0.00912	0.01368	0.00684	0.00513	0.00513	0.00171	0.00684	0.00456	0.00228	0.00570
71	0.01038	0.00987	0.01554	0.73331	0.05868	0.03720	0.01403	0.03522	0.01084	0.01376	0.00919	0.01346	0.00693	0.00515	0.00511	0.00169	0.00686	0.00452	0.00238	0.00587
72	0.00742	0.00515	0.00649	0.00649	0.00679	0.00546	0.00422	0.00803	0.00772	0.01061	0.01535	0.02908	0.01670	0.55766	0.28545	0.00607	0.00792	0.00680	0.00299	0.00360
73	0.00746	0.00497	0.00560	0.00560	0.00560	0.00497	0.00311	0.00746	0.00746	0.00995	0.01617	0.03358	0.01865	0.81967	0.02612	0.00497	0.00497	0.00746	0.00311	0.00311
74	0.01190	0.01136	0.01913	0.11513	0.64979	0.01155	0.01475	0.01487	0.01153	0.01616	0.01257	0.01539	0.06273	0.00523	0.00515	0.00156	0.00593	0.00501	0.00267	0.00759
75	0.02199	0.00938	0.01223	0.00950	0.01338	0.00860	0.00787	0.12415	0.01584	0.65999	0.01945	0.01833	0.01282	0.00663	0.00523	0.00161	0.00455	0.03377	0.00613	0.00858
76	0.01270	0.01217	0.02062	0.03103	0.77041	0.01220	0.01558	0.01600	0.02877	0.01687	0.00990	0.01284	0.00830	0.00463	0.00508	0.00153	0.00605	0.00460	0.00260	0.00813
77	0.01270	0.01219	0.02083	0.03149	0.78767	0.01219	0.01575	0.01575	0.01168	0.01676	0.00965	0.01270	0.00813	0.00457	0.00508	0.00152	0.00610	0.00457	0.00254	0.00813
78	0.00625	0.00447	0.00595	0.00714	0.00744	0.00417	0.00476	0.00714	0.00982	0.01310	0.02828	0.81633	0.03394	0.01608	0.00655	0.00208	0.00298	0.01459	0.00476	0.00417
79	0.00606	0.00520	0.00520	0.00520	0.00693	0.00433	0.00390	0.00736	0.01170	0.01386	0.05198	0.04938	0.78558	0.01299	0.00606	0.00173	0.00260	0.01083	0.00476	0.00433

[dist]
# distance from previous block
# <min> <max>
0	1

# created by:
# /home/cegg/simao/soft/augustus-3.2.1/scripts/msa2prfl.pl ./align_prep/EOG091G0O9D.fa
