[name]
unknown

[dist]
# distance from previous block
# <min> <max>
0	273

[block]
# block no. 0 follows, 45 sequences, length 9
# corresponding to MSA columns:
# 326-334
name=unknown_A
#
# <colnr> <probs for GDERKNQSTAVLIFYWHMCP>
#	G	D	E	R	K	N	Q	S	T	A	V	L	I	F	Y	W	H	M	C	P
0	0.06698	0.04656	0.09444	0.04871	0.03263	0.06970	0.03565	0.11724	0.03967	0.06086	0.07604	0.07540	0.07011	0.00725	0.00516	0.00156	0.00531	0.00596	0.02305	0.11774
1	0.03217	0.03278	0.05068	0.04597	0.01469	0.08146	0.07845	0.06223	0.05887	0.12638	0.03747	0.21947	0.05320	0.00933	0.00573	0.00178	0.00526	0.03028	0.03148	0.02232
2	0.01049	0.04000	0.09250	0.13228	0.09653	0.00900	0.06978	0.01319	0.01189	0.07069	0.12681	0.17672	0.05864	0.05891	0.00719	0.00200	0.00527	0.00807	0.00393	0.00611
3	0.03603	0.09285	0.10590	0.09074	0.11039	0.13647	0.03924	0.11910	0.04437	0.01821	0.04001	0.08034	0.04992	0.00694	0.00525	0.00163	0.00641	0.00571	0.00349	0.00698
4	0.01654	0.14906	0.19143	0.04453	0.09953	0.04560	0.03418	0.11062	0.03373	0.20453	0.01283	0.01333	0.00917	0.00559	0.00500	0.00157	0.00631	0.00446	0.00388	0.00811
5	0.00733	0.00560	0.00692	0.00766	0.00895	0.00518	0.00614	0.00907	0.01191	0.01499	0.03893	0.19942	0.32701	0.01472	0.00688	0.00215	0.00371	0.31378	0.00497	0.00467
6	0.00727	0.00556	0.00665	0.04200	0.00877	0.00536	0.00493	0.00892	0.04386	0.01384	0.05943	0.31489	0.24247	0.19806	0.01128	0.00272	0.00369	0.01134	0.00452	0.00443
7	0.01377	0.25667	0.17628	0.04832	0.06712	0.07938	0.05499	0.03457	0.01190	0.06399	0.01084	0.04236	0.00930	0.00637	0.00607	0.01906	0.06455	0.02451	0.00291	0.00701
8	0.01510	0.00996	0.01271	0.09131	0.04074	0.04032	0.00900	0.06517	0.05989	0.22790	0.01494	0.01854	0.01196	0.11591	0.07966	0.00286	0.14215	0.00546	0.02961	0.00680

[dist]
# distance from previous block
# <min> <max>
3	6

[block]
# block no. 1 follows, 45 sequences, length 51
# corresponding to MSA columns:
# 341-368,370-392
name=unknown_B
#
# <colnr> <probs for GDERKNQSTAVLIFYWHMCP>
#	G	D	E	R	K	N	Q	S	T	A	V	L	I	F	Y	W	H	M	C	P
0	0.12114	0.10538	0.09728	0.09148	0.11331	0.13506	0.05609	0.07225	0.04465	0.01811	0.02370	0.01216	0.00849	0.00533	0.00492	0.00153	0.01730	0.00416	0.00307	0.06459
1	0.09583	0.00795	0.00948	0.00812	0.01081	0.00759	0.00640	0.08075	0.01446	0.28806	0.16926	0.11890	0.11187	0.00931	0.00560	0.00173	0.00379	0.00780	0.03553	0.00677
2	0.01070	0.00892	0.01158	0.06745	0.01340	0.02802	0.05924	0.03986	0.06688	0.03067	0.06041	0.05297	0.04807	0.18682	0.03363	0.00260	0.08008	0.00638	0.04652	0.14581
3	0.00763	0.00564	0.00714	0.00675	0.00763	0.00538	0.03008	0.00879	0.01078	0.01446	0.22568	0.05995	0.15328	0.38546	0.04579	0.00363	0.00450	0.00898	0.00427	0.00418
4	0.01239	0.01142	0.01910	0.10306	0.60211	0.01163	0.01468	0.01553	0.01219	0.01760	0.05681	0.01551	0.01131	0.00532	0.00526	0.00159	0.00593	0.00510	0.06567	0.00779
5	0.01920	0.01670	0.01528	0.01235	0.01594	0.19105	0.00994	0.51486	0.02141	0.02720	0.01313	0.01362	0.03506	0.00661	0.00580	0.00159	0.04238	0.00474	0.02507	0.00806
6	0.01260	0.01493	0.05743	0.02237	0.02789	0.01354	0.73307	0.01719	0.01262	0.01719	0.01082	0.01437	0.00810	0.00454	0.00629	0.00181	0.00901	0.00625	0.00270	0.00726
7	0.01284	0.01413	0.02950	0.02131	0.02626	0.01368	0.66324	0.05093	0.01293	0.01763	0.01114	0.03182	0.00873	0.00517	0.00697	0.00184	0.05546	0.00637	0.00287	0.00718
8	0.00956	0.00875	0.01426	0.30901	0.13410	0.00936	0.06716	0.01243	0.01189	0.01560	0.09416	0.06928	0.15475	0.00853	0.00592	0.00182	0.00556	0.05833	0.00358	0.00593
9	0.40142	0.31817	0.05176	0.00900	0.01295	0.10246	0.00824	0.01658	0.01059	0.01819	0.00766	0.00891	0.00639	0.00490	0.00362	0.00144	0.00555	0.00300	0.00282	0.00636
10	0.01215	0.33217	0.49129	0.01293	0.01957	0.01586	0.01571	0.01664	0.01117	0.01531	0.00879	0.01028	0.00683	0.00490	0.00446	0.00149	0.00708	0.00354	0.00228	0.00753
11	0.01256	0.05303	0.03972	0.00853	0.01310	0.00852	0.00721	0.05615	0.01245	0.07922	0.04228	0.01402	0.03277	0.00496	0.00434	0.00103	0.00427	0.00396	0.00366	0.59823
12	0.01263	0.43385	0.36644	0.01189	0.01798	0.01682	0.01386	0.01640	0.01111	0.01476	0.00851	0.00992	0.00689	0.00480	0.00421	0.00138	0.00666	0.00337	0.00231	0.03621
13	0.00658	0.00474	0.00616	0.00728	0.00767	0.00440	0.00486	0.00750	0.01031	0.01362	0.03069	0.72826	0.08275	0.04814	0.00763	0.00228	0.00317	0.01471	0.00491	0.00433
14	0.01625	0.03187	0.01408	0.01145	0.01502	0.05292	0.00919	0.31038	0.38116	0.02585	0.01709	0.01712	0.01293	0.00687	0.00534	0.00168	0.00520	0.02247	0.00513	0.03800
15	0.01122	0.06303	0.08375	0.04036	0.03170	0.03732	0.04209	0.07420	0.05665	0.04773	0.07390	0.12623	0.06737	0.11658	0.04734	0.00255	0.00570	0.04610	0.00404	0.02215
16	0.03254	0.13473	0.26158	0.05559	0.05257	0.06664	0.09511	0.05851	0.01277	0.09694	0.01067	0.01215	0.00793	0.00521	0.00511	0.00155	0.01838	0.00424	0.00309	0.06469
17	0.01172	0.05151	0.51159	0.01680	0.02370	0.01321	0.21503	0.03558	0.03794	0.01749	0.01038	0.01241	0.00755	0.00504	0.00539	0.00171	0.00798	0.00465	0.00257	0.00776
18	0.01278	0.01224	0.02088	0.15477	0.65996	0.01262	0.01622	0.01603	0.01199	0.01693	0.01001	0.01345	0.00829	0.00488	0.00532	0.00163	0.00650	0.00478	0.00261	0.00810
19	0.01006	0.00817	0.01295	0.31018	0.09769	0.00884	0.03684	0.01270	0.01162	0.05406	0.07668	0.14859	0.06485	0.03099	0.00651	0.00196	0.00539	0.07238	0.02371	0.00583
20	0.01397	0.10394	0.20851	0.03419	0.14581	0.05978	0.10152	0.03075	0.05757	0.10247	0.01279	0.01487	0.02508	0.03950	0.00641	0.00178	0.02534	0.00488	0.00326	0.00756
21	0.00685	0.00687	0.05089	0.03458	0.00937	0.00531	0.00554	0.00865	0.01225	0.01501	0.08781	0.06412	0.63346	0.01277	0.00627	0.00182	0.00322	0.02561	0.00478	0.00481
22	0.01360	0.00659	0.00878	0.00809	0.01013	0.00586	0.00609	0.01523	0.01307	0.31779	0.13176	0.35009	0.06695	0.01182	0.00618	0.00189	0.00359	0.01039	0.00577	0.00635
23	0.08047	0.01495	0.23393	0.15039	0.02048	0.01124	0.05942	0.10603	0.03894	0.04279	0.01473	0.13433	0.01332	0.00768	0.00552	0.00183	0.00619	0.04730	0.00358	0.00687
24	0.04635	0.18166	0.24670	0.01497	0.05910	0.13116	0.12047	0.06152	0.01289	0.04469	0.00983	0.01155	0.00760	0.00586	0.02201	0.00169	0.00758	0.00415	0.00283	0.00736
25	0.00820	0.00671	0.01052	0.00946	0.01122	0.00611	0.12914	0.01001	0.01175	0.04221	0.09218	0.39092	0.22412	0.01312	0.00654	0.00197	0.00400	0.01197	0.00474	0.00510
26	0.00751	0.00561	0.00779	0.00849	0.02478	0.00599	0.00592	0.00873	0.00937	0.01291	0.02130	0.36484	0.02396	0.14124	0.26930	0.00476	0.04088	0.02825	0.00387	0.00451
27	0.03830	0.16415	0.10622	0.13715	0.09668	0.09421	0.05297	0.05182	0.02301	0.03391	0.01021	0.01268	0.02162	0.00618	0.00686	0.02103	0.10897	0.00437	0.00280	0.00685
28	0.03357	0.01431	0.07447	0.08534	0.23123	0.05893	0.06070	0.14253	0.08167	0.03384	0.01143	0.01359	0.00893	0.00600	0.00674	0.00173	0.10044	0.00483	0.02202	0.00770
29	0.04070	0.03060	0.01818	0.06955	0.24960	0.18484	0.03907	0.26256	0.01698	0.02178	0.01049	0.01226	0.00816	0.00553	0.00518	0.00157	0.00702	0.00447	0.00357	0.00789
30	0.01154	0.00943	0.01205	0.05214	0.05288	0.00846	0.00782	0.01424	0.03133	0.05670	0.06543	0.01464	0.01170	0.00706	0.04487	0.00154	0.06748	0.00425	0.00347	0.52297
31	0.09350	0.00936	0.03816	0.01027	0.04427	0.00880	0.02517	0.08827	0.04859	0.19957	0.06771	0.22407	0.04131	0.00941	0.00587	0.00179	0.02198	0.00800	0.02230	0.03160
32	0.01107	0.01073	0.01256	0.03391	0.01379	0.12198	0.11086	0.03087	0.12244	0.01811	0.22610	0.12967	0.10167	0.00944	0.00596	0.00175	0.00502	0.00837	0.01971	0.00599
33	0.00781	0.00520	0.00585	0.00585	0.00585	0.00520	0.00325	0.00781	0.00781	0.01041	0.01691	0.03513	0.01952	0.81135	0.02732	0.00520	0.00520	0.00781	0.00325	0.00325
34	0.00653	0.00470	0.00620	0.00739	0.00776	0.00437	0.00495	0.00748	0.01035	0.01373	0.03057	0.77782	0.06490	0.01669	0.00683	0.00217	0.00310	0.01510	0.00498	0.00437
35	0.01411	0.05097	0.28506	0.01256	0.01750	0.03107	0.05425	0.16423	0.05475	0.09704	0.03320	0.01880	0.03866	0.06309	0.00693	0.00194	0.00637	0.03803	0.00390	0.00755
36	0.01076	0.01041	0.01648	0.71125	0.09040	0.04288	0.01484	0.01422	0.01102	0.01397	0.00953	0.01405	0.00724	0.00533	0.00534	0.00176	0.00720	0.00472	0.00242	0.00616
37	0.00778	0.00531	0.00640	0.00640	0.00659	0.00550	0.00393	0.00816	0.00797	0.01081	0.01641	0.03236	0.01831	0.65948	0.17755	0.00588	0.00701	0.00740	0.00318	0.00356
38	0.48565	0.01077	0.01215	0.10933	0.01569	0.01263	0.06048	0.06584	0.01047	0.02089	0.00838	0.01085	0.00669	0.00630	0.00652	0.04243	0.10197	0.00382	0.00314	0.00600
39	0.04423	0.01200	0.01771	0.07188	0.28455	0.03842	0.08630	0.04960	0.10299	0.12705	0.01367	0.01641	0.01071	0.02257	0.00609	0.00175	0.02251	0.02673	0.00378	0.04107
40	0.05475	0.00811	0.00956	0.00913	0.02292	0.04843	0.00671	0.04232	0.01010	0.04576	0.04119	0.04058	0.01512	0.22378	0.29007	0.00509	0.09349	0.00617	0.02165	0.00507
41	0.00677	0.00491	0.00636	0.00738	0.00793	0.00458	0.00512	0.00788	0.01068	0.01406	0.05330	0.61853	0.10744	0.04962	0.00769	0.00228	0.00329	0.07283	0.00493	0.00440
42	0.01248	0.01307	0.07929	0.14066	0.21939	0.06654	0.06931	0.04241	0.06279	0.03143	0.02883	0.06734	0.01162	0.00717	0.02634	0.00184	0.02301	0.00558	0.03650	0.05441
43	0.01147	0.05186	0.24245	0.03494	0.11804	0.01082	0.03269	0.05006	0.04515	0.01798	0.05374	0.03885	0.04346	0.00591	0.00500	0.00145	0.00572	0.00499	0.00324	0.22215
44	0.01271	0.15438	0.35013	0.07078	0.10212	0.06545	0.05689	0.04317	0.01200	0.01628	0.00929	0.01143	0.00722	0.00521	0.00547	0.00159	0.04349	0.00407	0.00251	0.02579
45	0.01181	0.18084	0.03297	0.01284	0.01430	0.01595	0.05473	0.01334	0.00926	0.01318	0.00945	0.07449	0.00965	0.03054	0.01315	0.00212	0.48745	0.00531	0.00259	0.00602
46	0.00703	0.00483	0.00641	0.00747	0.00794	0.00448	0.00504	0.00805	0.01060	0.03424	0.05193	0.74906	0.05024	0.01631	0.00679	0.00214	0.00313	0.01476	0.00505	0.00451
47	0.09464	0.10560	0.13879	0.04454	0.15323	0.08059	0.01165	0.08643	0.01328	0.08518	0.02380	0.01386	0.03913	0.00561	0.00479	0.00150	0.00604	0.00439	0.00341	0.08357
48	0.01076	0.00658	0.00846	0.00783	0.00928	0.00696	0.00594	0.05577	0.01091	0.09731	0.03295	0.03433	0.01514	0.14877	0.32944	0.00500	0.02282	0.00601	0.16493	0.02081
49	0.00775	0.00518	0.00587	0.00592	0.00594	0.00517	0.00333	0.00779	0.00791	0.01055	0.01745	0.06766	0.02019	0.77790	0.02646	0.00508	0.00512	0.00812	0.00333	0.00330
50	0.07392	0.12128	0.17506	0.01357	0.06291	0.06011	0.06965	0.09204	0.06222	0.08391	0.02603	0.03365	0.03173	0.00624	0.00568	0.00164	0.04892	0.00491	0.00355	0.02298

[dist]
# distance from previous block
# <min> <max>
7	17

[block]
# block no. 2 follows, 45 sequences, length 9
# corresponding to MSA columns:
# 410-418
name=unknown_C
#
# <colnr> <probs for GDERKNQSTAVLIFYWHMCP>
#	G	D	E	R	K	N	Q	S	T	A	V	L	I	F	Y	W	H	M	C	P
0	0.01064	0.01000	0.04807	0.01079	0.05464	0.06297	0.00797	0.04814	0.05214	0.01435	0.01430	0.02380	0.01416	0.27898	0.15873	0.00421	0.11758	0.03506	0.02815	0.00532
1	0.00946	0.00829	0.01023	0.03009	0.01130	0.05337	0.00765	0.01192	0.06182	0.01364	0.01770	0.08261	0.08020	0.02394	0.35976	0.03353	0.15091	0.00661	0.02176	0.00522
2	0.00819	0.00566	0.00731	0.00840	0.05038	0.00547	0.00556	0.02858	0.01165	0.01665	0.13532	0.40055	0.04802	0.05658	0.00722	0.00206	0.00334	0.03755	0.15661	0.00490
3	0.03761	0.04273	0.07197	0.07479	0.24844	0.06222	0.06134	0.03292	0.02996	0.05438	0.01729	0.16150	0.06631	0.00788	0.00557	0.00173	0.00585	0.00704	0.00354	0.00691
4	0.01260	0.03313	0.28749	0.06475	0.10652	0.01253	0.12041	0.08442	0.01291	0.05515	0.04189	0.05786	0.01108	0.00640	0.00644	0.00176	0.06856	0.00548	0.00318	0.00745
5	0.00933	0.10915	0.00995	0.00755	0.00942	0.06144	0.00581	0.01158	0.05548	0.03023	0.14827	0.20530	0.26730	0.03718	0.00659	0.00187	0.00384	0.00981	0.00464	0.00527
6	0.03238	0.01003	0.03734	0.17622	0.16398	0.00991	0.13752	0.01365	0.01110	0.04585	0.01585	0.07494	0.05477	0.11694	0.04669	0.00257	0.00661	0.01964	0.01782	0.00619
7	0.01292	0.01185	0.03951	0.31988	0.19939	0.02780	0.01349	0.10800	0.04287	0.04352	0.01168	0.05183	0.00962	0.00639	0.00650	0.00178	0.07732	0.00530	0.00321	0.00713
8	0.03741	0.01178	0.03497	0.26747	0.10183	0.08470	0.05925	0.06883	0.02777	0.04652	0.01303	0.09414	0.01150	0.02993	0.04619	0.00219	0.02757	0.00591	0.02255	0.00647

[dist]
# distance from previous block
# <min> <max>
2	14

[block]
# block no. 3 follows, 45 sequences, length 19
# corresponding to MSA columns:
# 434-452
name=unknown_D
#
# <colnr> <probs for GDERKNQSTAVLIFYWHMCP>
#	G	D	E	R	K	N	Q	S	T	A	V	L	I	F	Y	W	H	M	C	P
0	0.06694	0.02973	0.01445	0.03755	0.18457	0.01195	0.01000	0.10971	0.18034	0.11808	0.05946	0.03604	0.01436	0.05571	0.00723	0.00193	0.04422	0.00570	0.00441	0.00764
1	0.01487	0.05456	0.01685	0.16046	0.05659	0.18866	0.08445	0.07493	0.03268	0.08162	0.01304	0.07274	0.01135	0.00710	0.00644	0.00174	0.07074	0.04094	0.00350	0.00673
2	0.01336	0.01424	0.12393	0.19236	0.22186	0.04198	0.04546	0.06160	0.03826	0.07100	0.02844	0.01416	0.00934	0.00594	0.00671	0.00175	0.09415	0.00488	0.00313	0.00744
3	0.01102	0.00875	0.01062	0.03620	0.03819	0.00923	0.02208	0.07938	0.24877	0.03881	0.26329	0.08343	0.10898	0.00951	0.00593	0.00177	0.00387	0.00823	0.00529	0.00665
4	0.04900	0.12706	0.09418	0.27258	0.05513	0.03049	0.07051	0.03398	0.01174	0.01612	0.07151	0.07773	0.01309	0.00660	0.00540	0.00168	0.02102	0.00565	0.03017	0.00636
5	0.00798	0.00610	0.00760	0.02750	0.00921	0.00590	0.00551	0.01148	0.08375	0.02014	0.55913	0.08038	0.13267	0.01112	0.00626	0.00174	0.00286	0.00974	0.00562	0.00530
6	0.01162	0.01113	0.01913	0.43383	0.36489	0.01235	0.04004	0.01505	0.01146	0.01552	0.00983	0.01386	0.00778	0.00508	0.00538	0.00170	0.00687	0.00483	0.00252	0.00713
7	0.02005	0.02558	0.01521	0.01383	0.01659	0.78980	0.01037	0.02143	0.01521	0.01314	0.00830	0.00968	0.00691	0.00553	0.00484	0.00138	0.00968	0.00346	0.00277	0.00622
8	0.01058	0.01009	0.01697	0.65648	0.09716	0.01238	0.03230	0.01397	0.01071	0.01406	0.00943	0.01403	0.00728	0.00560	0.00631	0.00182	0.06740	0.00480	0.00241	0.00620
9	0.01014	0.00954	0.01610	0.79845	0.03697	0.01193	0.01491	0.01371	0.01073	0.01371	0.00954	0.01431	0.00716	0.00537	0.00537	0.00179	0.00716	0.00477	0.00239	0.00596
10	0.00763	0.00558	0.00796	0.00803	0.00877	0.00628	0.00595	0.00912	0.00857	0.01215	0.01578	0.07158	0.01591	0.18447	0.59839	0.00759	0.01196	0.00672	0.00307	0.00448
11	0.01576	0.03710	0.36721	0.04232	0.01907	0.01100	0.03125	0.01981	0.01261	0.29523	0.01392	0.01429	0.00946	0.00594	0.00590	0.00170	0.05318	0.00462	0.03159	0.00804
12	0.02316	0.00918	0.01266	0.01049	0.04871	0.00803	0.00816	0.02530	0.01509	0.72335	0.02056	0.01809	0.01308	0.00655	0.00534	0.00165	0.00459	0.00536	0.03167	0.00898
13	0.00711	0.00514	0.00685	0.00802	0.00868	0.00488	0.00595	0.00850	0.01097	0.01441	0.03077	0.55420	0.07923	0.01607	0.00698	0.00224	0.00360	0.21691	0.00497	0.00453
14	0.01228	0.01272	0.02284	0.21338	0.23601	0.03777	0.28797	0.01649	0.04698	0.01646	0.01219	0.01544	0.03369	0.00526	0.00573	0.00173	0.00744	0.00558	0.00282	0.00721
15	0.01310	0.01487	0.15262	0.22376	0.18419	0.04160	0.12980	0.01737	0.04208	0.08445	0.01127	0.01392	0.00843	0.00540	0.00586	0.00173	0.03420	0.00493	0.00299	0.00743
16	0.00708	0.00506	0.00685	0.00809	0.00864	0.00483	0.00592	0.00841	0.01081	0.01431	0.02929	0.61601	0.03432	0.01631	0.00700	0.00225	0.00358	0.20175	0.00497	0.00451
17	0.00903	0.00945	0.08225	0.00966	0.01246	0.00764	0.10529	0.05688	0.04559	0.01764	0.13858	0.11981	0.32255	0.01072	0.00612	0.00180	0.00430	0.00942	0.02509	0.00572
18	0.01460	0.06731	0.14729	0.11700	0.19533	0.06705	0.09526	0.10574	0.04578	0.07638	0.01141	0.01329	0.00857	0.00536	0.00526	0.00163	0.00693	0.00471	0.00329	0.00781

[dist]
# distance from previous block
# <min> <max>
2	3

[block]
# block no. 4 follows, 45 sequences, length 34
# corresponding to MSA columns:
# 457-490
name=unknown_E
#
# <colnr> <probs for GDERKNQSTAVLIFYWHMCP>
#	G	D	E	R	K	N	Q	S	T	A	V	L	I	F	Y	W	H	M	C	P
0	0.01401	0.06124	0.26554	0.01669	0.11957	0.05025	0.09868	0.14865	0.05915	0.03532	0.01207	0.01351	0.02466	0.00563	0.00552	0.00163	0.02515	0.00471	0.00331	0.03469
1	0.00767	0.00574	0.00855	0.00855	0.00949	0.00667	0.00662	0.00954	0.00861	0.01241	0.01444	0.02145	0.01358	0.06035	0.77020	0.00854	0.01414	0.00580	0.00289	0.00475
2	0.00776	0.00519	0.00587	0.00591	0.00592	0.00518	0.00331	0.00780	0.00789	0.01052	0.01733	0.06067	0.02004	0.78509	0.02664	0.00510	0.00514	0.00805	0.00331	0.00329
3	0.01968	0.03883	0.01604	0.01202	0.01620	0.01637	0.00995	0.68930	0.05529	0.03239	0.01321	0.01322	0.00947	0.00642	0.00528	0.00160	0.00575	0.00483	0.02522	0.00894
4	0.01147	0.26959	0.42593	0.03471	0.01887	0.01426	0.01466	0.01567	0.01132	0.01550	0.03531	0.04728	0.01078	0.00617	0.00483	0.00159	0.00669	0.04556	0.00266	0.00714
5	0.03648	0.07980	0.38396	0.01420	0.06470	0.02869	0.03037	0.06601	0.10363	0.04470	0.01285	0.01387	0.03061	0.00575	0.00528	0.00164	0.02333	0.00452	0.01509	0.03453
6	0.01231	0.02308	0.54148	0.01657	0.02360	0.01236	0.19475	0.01779	0.01198	0.07950	0.01087	0.01265	0.00765	0.00509	0.00542	0.00172	0.00792	0.00465	0.00273	0.00787
7	0.00861	0.00615	0.00859	0.00976	0.01100	0.00613	0.00851	0.01108	0.01247	0.01628	0.05776	0.05975	0.03167	0.01468	0.00737	0.00244	0.00485	0.71297	0.00498	0.00495
8	0.01031	0.01017	0.04763	0.51170	0.11448	0.01102	0.03493	0.01378	0.01128	0.01481	0.01316	0.02268	0.01173	0.00703	0.00576	0.00189	0.00674	0.14184	0.00290	0.00618
9	0.06296	0.01346	0.06229	0.10321	0.27559	0.07532	0.11876	0.04273	0.01260	0.07496	0.02260	0.01623	0.02088	0.05721	0.00678	0.00189	0.00671	0.01535	0.00321	0.00726
10	0.01014	0.00954	0.01610	0.79845	0.03697	0.01193	0.01491	0.01371	0.01073	0.01371	0.00954	0.01431	0.00716	0.00537	0.00537	0.00179	0.00716	0.00477	0.00239	0.00596
11	0.01750	0.24850	0.11124	0.01184	0.01593	0.32972	0.01067	0.04501	0.01375	0.10870	0.01024	0.01105	0.00796	0.00540	0.00453	0.00139	0.00737	0.00368	0.02849	0.00704
12	0.01098	0.00938	0.01097	0.00794	0.01256	0.00706	0.00632	0.01332	0.01110	0.01737	0.01020	0.03736	0.00886	0.00440	0.00407	0.00084	0.00395	0.00358	0.00324	0.81652
13	0.00708	0.02264	0.02372	0.00770	0.00843	0.00545	0.00556	0.00827	0.01044	0.01394	0.05962	0.59946	0.08713	0.04389	0.04240	0.00249	0.02933	0.01322	0.00467	0.00456
14	0.00683	0.00488	0.00656	0.00780	0.00824	0.00461	0.00548	0.00797	0.01056	0.01403	0.02943	0.70589	0.03487	0.01655	0.00693	0.00222	0.00336	0.11438	0.00498	0.00444
15	0.00768	0.00569	0.00830	0.00830	0.00914	0.00653	0.00630	0.00938	0.00853	0.01222	0.01468	0.02275	0.01414	0.13138	0.69994	0.00822	0.01329	0.00599	0.00292	0.00461
16	0.01130	0.06481	0.57616	0.01540	0.02200	0.01343	0.08615	0.01694	0.03534	0.01657	0.00977	0.01180	0.00726	0.00551	0.00636	0.00175	0.08511	0.00427	0.00242	0.00763
17	0.01232	0.01530	0.10296	0.02038	0.02508	0.01398	0.55222	0.01641	0.01174	0.01641	0.01006	0.01368	0.00782	0.00545	0.00823	0.00190	0.15059	0.00581	0.00261	0.00706
18	0.00737	0.00546	0.00771	0.00839	0.00905	0.00580	0.00628	0.00887	0.00988	0.01353	0.02324	0.40263	0.02604	0.02490	0.29285	0.00457	0.03062	0.10405	0.00413	0.00464
19	0.00681	0.00546	0.00609	0.00593	0.00754	0.00473	0.00445	0.00861	0.01335	0.01714	0.32505	0.04732	0.50337	0.01261	0.00634	0.00177	0.00265	0.01072	0.00533	0.00473
20	0.80237	0.01135	0.05127	0.00752	0.01110	0.01207	0.00660	0.01585	0.00926	0.02369	0.00760	0.00887	0.00587	0.00499	0.00342	0.00166	0.00436	0.00297	0.00326	0.00593
21	0.01222	0.01344	0.02813	0.17203	0.07170	0.01321	0.57426	0.01649	0.01227	0.01655	0.01056	0.01438	0.00798	0.00470	0.00609	0.00179	0.00854	0.00595	0.00265	0.00707
22	0.00801	0.00618	0.00899	0.00880	0.00959	0.00735	0.00679	0.00969	0.00852	0.01230	0.01403	0.02167	0.01348	0.11116	0.65506	0.00779	0.07711	0.00586	0.00287	0.00473
23	0.00702	0.00517	0.00732	0.00826	0.00886	0.00489	0.02755	0.00828	0.01064	0.01414	0.02887	0.67779	0.03404	0.01617	0.00692	0.00221	0.00355	0.11887	0.00491	0.00453
24	0.01532	0.03609	0.01367	0.01131	0.01469	0.03632	0.00899	0.20940	0.54065	0.02473	0.01883	0.01763	0.01404	0.00695	0.00536	0.00174	0.00486	0.00560	0.00527	0.00854
25	0.03200	0.16656	0.39115	0.01398	0.05661	0.02483	0.05314	0.03284	0.01187	0.05812	0.00994	0.01139	0.00748	0.00495	0.00472	0.00148	0.00676	0.00390	0.00276	0.10552
26	0.01348	0.13108	0.44772	0.02856	0.06675	0.04000	0.06308	0.03298	0.01226	0.09961	0.01071	0.01206	0.00776	0.00519	0.00500	0.00161	0.00725	0.00419	0.00288	0.00784
27	0.01086	0.02713	0.74746	0.01565	0.02346	0.01252	0.05528	0.01701	0.01140	0.01701	0.00969	0.01148	0.00686	0.00507	0.00516	0.00171	0.00799	0.00408	0.00229	0.00790
28	0.01073	0.00986	0.01596	0.14316	0.41669	0.01008	0.01249	0.01346	0.01198	0.01642	0.07889	0.08792	0.11386	0.00842	0.02537	0.00189	0.00564	0.00694	0.00338	0.00687
29	0.01199	0.01314	0.10774	0.15171	0.14351	0.07919	0.07023	0.04414	0.03732	0.04218	0.03515	0.10669	0.05051	0.04173	0.00657	0.00190	0.00627	0.02805	0.01536	0.00662
30	0.01498	0.07807	0.24892	0.04018	0.05095	0.01247	0.11089	0.13057	0.01449	0.15793	0.04542	0.03338	0.01154	0.00616	0.00538	0.00167	0.00651	0.01873	0.00388	0.00786
31	0.01171	0.01029	0.03709	0.39375	0.08734	0.03239	0.06302	0.01511	0.03660	0.09083	0.01552	0.13307	0.03566	0.00739	0.00566	0.00181	0.00623	0.00667	0.00342	0.00644
32	0.02886	0.25307	0.09627	0.07425	0.01604	0.05257	0.02330	0.07546	0.03266	0.07577	0.05949	0.08966	0.01410	0.00816	0.03186	0.00180	0.00597	0.02603	0.00361	0.03108
33	0.01469	0.02799	0.05255	0.05074	0.15644	0.09795	0.07363	0.10732	0.04966	0.10872	0.01590	0.11259	0.03283	0.00737	0.00573	0.00169	0.01905	0.02113	0.00398	0.04002

[dist]
# distance from previous block
# <min> <max>
2	108

[block]
# block no. 5 follows, 45 sequences, length 17
# corresponding to MSA columns:
# 599-615
name=unknown_F
#
# <colnr> <probs for GDERKNQSTAVLIFYWHMCP>
#	G	D	E	R	K	N	Q	S	T	A	V	L	I	F	Y	W	H	M	C	P
0	0.04245	0.11819	0.06332	0.01170	0.05127	0.14110	0.02145	0.10328	0.06022	0.15887	0.01600	0.05269	0.05373	0.00664	0.00498	0.00153	0.00580	0.00520	0.02666	0.05494
1	0.06957	0.06174	0.01208	0.00942	0.01211	0.04186	0.07151	0.04529	0.05662	0.04700	0.05181	0.09166	0.09869	0.00896	0.01866	0.00175	0.02152	0.06602	0.12234	0.09138
2	0.07361	0.01312	0.01354	0.05177	0.05352	0.08207	0.00940	0.27188	0.20759	0.02411	0.01512	0.04091	0.01208	0.00682	0.00519	0.00165	0.00545	0.03017	0.03475	0.04724
3	0.00709	0.00493	0.00635	0.00707	0.00735	0.00480	0.00461	0.00778	0.00949	0.01276	0.04456	0.48595	0.02897	0.24413	0.07137	0.02790	0.00458	0.01198	0.00428	0.00404
4	0.01638	0.01107	0.01253	0.01010	0.01335	0.01166	0.00815	0.40296	0.04381	0.11980	0.21797	0.03858	0.05337	0.00820	0.00570	0.00166	0.00461	0.00671	0.00565	0.00775
5	0.23652	0.14345	0.04701	0.01208	0.04349	0.12579	0.06178	0.06116	0.12444	0.03676	0.01075	0.01182	0.00845	0.00567	0.00518	0.00161	0.04955	0.00407	0.00342	0.00700
6	0.00734	0.00528	0.00651	0.00698	0.00800	0.00487	0.00500	0.00863	0.01117	0.03830	0.07866	0.36756	0.26252	0.06052	0.06604	0.00268	0.00404	0.04645	0.00484	0.00460
7	0.00667	0.00480	0.00626	0.00737	0.00780	0.00448	0.00500	0.00765	0.01036	0.01369	0.03045	0.69514	0.07951	0.05390	0.00781	0.00231	0.00326	0.04428	0.00490	0.00434
8	0.00755	0.00556	0.00738	0.00829	0.00897	0.00555	0.00629	0.00896	0.01081	0.01424	0.02887	0.41427	0.08015	0.07960	0.00910	0.00250	0.03715	0.25552	0.00472	0.00454
9	0.03962	0.15463	0.16879	0.05486	0.01793	0.09815	0.04699	0.14656	0.01417	0.07659	0.03419	0.01304	0.00943	0.00734	0.03850	0.00189	0.06222	0.00441	0.00340	0.00730
10	0.09677	0.01234	0.03657	0.04005	0.09132	0.02502	0.08686	0.16880	0.10075	0.04466	0.01299	0.04777	0.01081	0.04183	0.00814	0.00195	0.13067	0.00545	0.03005	0.00720
11	0.00714	0.00543	0.00689	0.00727	0.00843	0.00531	0.00552	0.00876	0.01093	0.01436	0.06445	0.20316	0.27952	0.02151	0.22371	0.00383	0.00626	0.08835	0.02452	0.00465
12	0.01292	0.30288	0.26134	0.01528	0.02115	0.01605	0.24178	0.03966	0.01202	0.01603	0.00934	0.01138	0.00731	0.00479	0.00490	0.00153	0.00743	0.00433	0.00251	0.00739
13	0.05064	0.03411	0.29468	0.24658	0.10004	0.01173	0.04731	0.01558	0.01144	0.04746	0.03746	0.01505	0.03139	0.00656	0.02633	0.00189	0.00707	0.00483	0.00281	0.00702
14	0.03083	0.25004	0.13544	0.11101	0.12964	0.04749	0.09191	0.04746	0.03410	0.01616	0.01016	0.01338	0.00844	0.00543	0.00511	0.00157	0.02264	0.02924	0.00275	0.00720
15	0.02415	0.03386	0.24117	0.03742	0.08282	0.05825	0.19571	0.04029	0.01273	0.04819	0.06114	0.07726	0.03558	0.00675	0.00566	0.00174	0.00695	0.01995	0.00330	0.00708
16	0.01058	0.05348	0.03136	0.02326	0.01125	0.03464	0.00702	0.01492	0.16015	0.08023	0.05523	0.23209	0.17443	0.01215	0.02732	0.00206	0.00436	0.05461	0.00484	0.00601

[dist]
# distance from previous block
# <min> <max>
0	3

[block]
# block no. 6 follows, 45 sequences, length 15
# corresponding to MSA columns:
# 619-633
name=unknown_G
#
# <colnr> <probs for GDERKNQSTAVLIFYWHMCP>
#	G	D	E	R	K	N	Q	S	T	A	V	L	I	F	Y	W	H	M	C	P
0	0.00823	0.00780	0.05518	0.11436	0.08455	0.00713	0.02620	0.01021	0.01040	0.01412	0.02143	0.44012	0.02394	0.04595	0.09020	0.00284	0.00567	0.02249	0.00393	0.00524
1	0.01336	0.01641	0.17257	0.08221	0.31420	0.08645	0.12309	0.01704	0.01236	0.05652	0.01137	0.04940	0.00934	0.00557	0.00545	0.00167	0.00721	0.00523	0.00289	0.00764
2	0.01225	0.01476	0.19205	0.03446	0.15640	0.01742	0.14905	0.05662	0.04450	0.04814	0.02254	0.08597	0.01182	0.00788	0.02331	0.04250	0.03205	0.00598	0.03518	0.00712
3	0.01367	0.01601	0.13320	0.04400	0.02476	0.04281	0.46580	0.01856	0.06567	0.06839	0.01318	0.04449	0.01028	0.00580	0.00617	0.00187	0.00814	0.00624	0.00335	0.00761
4	0.01240	0.06998	0.21134	0.09802	0.15141	0.04054	0.22140	0.01629	0.01231	0.01681	0.03464	0.05009	0.01110	0.00613	0.00576	0.00180	0.00752	0.02207	0.00295	0.00744
5	0.01335	0.17723	0.27073	0.01653	0.14537	0.01398	0.06610	0.04772	0.05518	0.05009	0.01399	0.01688	0.04342	0.00630	0.00531	0.00171	0.00666	0.03831	0.00328	0.00786
6	0.01237	0.05335	0.31970	0.09266	0.06586	0.03978	0.12253	0.01693	0.04419	0.04609	0.02563	0.02780	0.01067	0.04149	0.02395	0.00209	0.00743	0.01535	0.02477	0.00739
7	0.07058	0.05659	0.64379	0.01468	0.02181	0.06469	0.01793	0.01749	0.01173	0.01752	0.00981	0.01163	0.00722	0.00543	0.00511	0.00175	0.00785	0.00398	0.00255	0.00787
8	0.01230	0.19178	0.28264	0.09188	0.07304	0.06468	0.05153	0.01586	0.01220	0.01607	0.06409	0.01703	0.07154	0.00639	0.00522	0.00167	0.00681	0.00508	0.00300	0.00718
9	0.11261	0.11490	0.09837	0.01432	0.08194	0.05146	0.11750	0.07266	0.01312	0.12645	0.01266	0.03759	0.01005	0.00768	0.04005	0.00202	0.03611	0.00500	0.03801	0.00748
10	0.01331	0.07199	0.12102	0.01067	0.01420	0.01018	0.06721	0.06873	0.07730	0.11321	0.13116	0.02418	0.04310	0.00782	0.00552	0.00173	0.00501	0.05595	0.15063	0.00707
11	0.04737	0.04465	0.13974	0.10745	0.04374	0.01007	0.04746	0.04058	0.06835	0.01762	0.10654	0.11614	0.06647	0.07336	0.00763	0.00217	0.00550	0.04477	0.00401	0.00638
12	0.01186	0.08047	0.47718	0.01524	0.02155	0.01249	0.14501	0.01656	0.01195	0.04430	0.01378	0.07250	0.03951	0.00654	0.00559	0.00181	0.00743	0.00562	0.00298	0.00763
13	0.01194	0.06378	0.40904	0.05715	0.01996	0.03700	0.04628	0.01716	0.07241	0.04878	0.09454	0.06911	0.01498	0.00705	0.00557	0.00180	0.00669	0.00579	0.00349	0.00747
14	0.01378	0.12024	0.32558	0.01281	0.01787	0.12102	0.01338	0.09916	0.06667	0.01851	0.04593	0.01763	0.04105	0.02466	0.00582	0.00179	0.00695	0.03621	0.00347	0.00749

[dist]
# distance from previous block
# <min> <max>
7	84

[block]
# block no. 7 follows, 45 sequences, length 32
# corresponding to MSA columns:
# 724-755
name=unknown_H
#
# <colnr> <probs for GDERKNQSTAVLIFYWHMCP>
#	G	D	E	R	K	N	Q	S	T	A	V	L	I	F	Y	W	H	M	C	P
0	0.09072	0.09056	0.12272	0.10360	0.11980	0.03535	0.03785	0.06569	0.06963	0.03393	0.03750	0.03543	0.06559	0.00680	0.00518	0.00167	0.00581	0.04311	0.00352	0.02552
1	0.03142	0.14775	0.14865	0.10149	0.12516	0.01353	0.04123	0.11406	0.01341	0.05388	0.04595	0.01341	0.00990	0.00552	0.00527	0.00152	0.03045	0.00445	0.00325	0.08966
2	0.11422	0.07214	0.12470	0.02633	0.10129	0.04338	0.10137	0.07171	0.07816	0.07012	0.05152	0.01451	0.01105	0.00574	0.00524	0.00160	0.02294	0.00478	0.03124	0.04797
3	0.03786	0.13328	0.10032	0.08680	0.05269	0.04283	0.10191	0.03229	0.03512	0.13004	0.04885	0.04673	0.02873	0.00611	0.00507	0.00154	0.00593	0.00524	0.00365	0.09499
4	0.05188	0.02863	0.10301	0.02936	0.10405	0.02759	0.05921	0.01428	0.07224	0.01589	0.03061	0.04289	0.04277	0.01010	0.04512	0.13488	0.06746	0.00533	0.02171	0.09301
5	0.02368	0.03583	0.13289	0.01283	0.10268	0.00944	0.04266	0.03108	0.05335	0.04986	0.17011	0.05873	0.02063	0.04576	0.02339	0.00197	0.02452	0.04987	0.02838	0.08233
6	0.00858	0.00663	0.00776	0.00687	0.00927	0.00551	0.00520	0.01042	0.01209	0.03897	0.15127	0.14594	0.27449	0.01117	0.02470	0.00170	0.00344	0.00886	0.01884	0.24828
7	0.01670	0.09275	0.01549	0.01143	0.01517	0.07937	0.00930	0.31509	0.30545	0.02500	0.01525	0.01485	0.01144	0.00640	0.00511	0.00159	0.00549	0.00493	0.00479	0.04441
8	0.03443	0.16711	0.14471	0.01172	0.03816	0.02428	0.04423	0.08601	0.03049	0.22296	0.03629	0.01398	0.01055	0.00560	0.00482	0.00147	0.00565	0.00445	0.00408	0.10902
9	0.14838	0.04916	0.29584	0.01534	0.09255	0.03591	0.10373	0.04008	0.04269	0.11029	0.01133	0.01255	0.00821	0.00529	0.00497	0.00166	0.00667	0.00439	0.00329	0.00767
10	0.01089	0.05423	0.75813	0.01509	0.02291	0.01276	0.01947	0.01697	0.01132	0.01685	0.00956	0.01124	0.00680	0.00508	0.00504	0.00168	0.00786	0.00393	0.00227	0.00790
11	0.01201	0.01156	0.02006	0.24581	0.46433	0.01214	0.07251	0.01535	0.01184	0.01631	0.01171	0.01640	0.02602	0.00552	0.00551	0.00171	0.00666	0.03434	0.00273	0.00746
12	0.01467	0.10258	0.09908	0.01217	0.06136	0.05976	0.03165	0.01820	0.07483	0.20494	0.06644	0.11705	0.01705	0.00817	0.00614	0.00175	0.04786	0.04473	0.00440	0.00717
13	0.00721	0.00546	0.00716	0.06163	0.01011	0.00528	0.00597	0.00867	0.01112	0.01444	0.07064	0.40846	0.17372	0.06073	0.00790	0.00228	0.00369	0.12623	0.00475	0.00457
14	0.00735	0.00537	0.00717	0.00859	0.03862	0.00515	0.00557	0.03040	0.01070	0.01431	0.02752	0.68946	0.03258	0.06378	0.00799	0.00233	0.00349	0.03021	0.00480	0.00461
15	0.01071	0.00980	0.01612	0.61928	0.11805	0.01169	0.01440	0.03845	0.01152	0.01501	0.01131	0.01805	0.00937	0.00613	0.00553	0.00182	0.00684	0.06691	0.00273	0.00627
16	0.04636	0.12187	0.26616	0.01508	0.02036	0.15709	0.18839	0.03379	0.01261	0.03968	0.01057	0.04469	0.00855	0.00554	0.00515	0.00161	0.00774	0.00478	0.00282	0.00715
17	0.01077	0.02777	0.78354	0.01530	0.02323	0.01247	0.01983	0.01700	0.01133	0.01700	0.00963	0.01133	0.00680	0.00510	0.00510	0.00170	0.00793	0.00397	0.00227	0.00793
18	0.00780	0.00524	0.00605	0.00605	0.00612	0.00531	0.00350	0.00793	0.00786	0.01056	0.01673	0.03412	0.01908	0.75611	0.08197	0.00545	0.00586	0.00766	0.00323	0.00336
19	0.00833	0.00676	0.00899	0.05900	0.03636	0.00674	0.02842	0.01182	0.09951	0.01741	0.25732	0.20500	0.16670	0.03858	0.00698	0.00198	0.00365	0.02612	0.00495	0.00538
20	0.10529	0.01446	0.01449	0.01244	0.04679	0.09340	0.00963	0.44769	0.07217	0.02710	0.01288	0.04372	0.01014	0.00782	0.03196	0.00189	0.03054	0.00501	0.00459	0.00799
21	0.03726	0.01181	0.04001	0.10738	0.01755	0.08589	0.11934	0.05844	0.14875	0.04056	0.02254	0.11062	0.14212	0.00857	0.00579	0.00180	0.00569	0.02523	0.00413	0.00652
22	0.00865	0.00618	0.00865	0.00989	0.01112	0.00618	0.00865	0.01112	0.01236	0.01606	0.02842	0.06055	0.03089	0.01483	0.00741	0.00247	0.00494	0.74174	0.00494	0.00494
23	0.01040	0.00989	0.01647	0.03810	0.08243	0.01161	0.14285	0.01266	0.00958	0.01388	0.01101	0.01645	0.01002	0.03865	0.29952	0.00456	0.25793	0.00546	0.00266	0.00589
24	0.01320	0.01680	0.19278	0.05186	0.02298	0.04379	0.32781	0.10338	0.03625	0.03849	0.01340	0.03434	0.04079	0.00593	0.00618	0.00177	0.03387	0.00579	0.00323	0.00738
25	0.01436	0.06432	0.01768	0.34169	0.09288	0.07575	0.02933	0.21304	0.01497	0.01931	0.01012	0.01295	0.00778	0.00580	0.00600	0.00169	0.05739	0.00459	0.00323	0.00713
26	0.00781	0.00520	0.00585	0.00585	0.00585	0.00520	0.00325	0.00781	0.00781	0.01041	0.01691	0.03513	0.01952	0.81135	0.02732	0.00520	0.00520	0.00781	0.00325	0.00325
27	0.00660	0.00483	0.00622	0.00730	0.00784	0.00445	0.00500	0.00765	0.01062	0.01390	0.03285	0.67805	0.13400	0.01631	0.00681	0.00214	0.00313	0.04292	0.00498	0.00441
28	0.04978	0.26962	0.11992	0.01228	0.01674	0.09958	0.05622	0.13809	0.01479	0.08417	0.01264	0.04101	0.01056	0.00664	0.00513	0.00168	0.00665	0.02682	0.01987	0.00779
29	0.83758	0.01103	0.00859	0.00773	0.01110	0.01253	0.00624	0.01641	0.00976	0.02484	0.00846	0.01008	0.00675	0.00562	0.00376	0.00184	0.00449	0.00324	0.00364	0.00631
30	0.05688	0.07140	0.13824	0.09753	0.42277	0.04615	0.01559	0.01690	0.01222	0.01756	0.01039	0.01359	0.00863	0.00577	0.00599	0.00180	0.04286	0.00467	0.00290	0.00817
31	0.01497	0.74173	0.08745	0.01030	0.01518	0.02091	0.01039	0.01677	0.01154	0.01390	0.00862	0.01019	0.00780	0.00528	0.00401	0.00137	0.00622	0.00329	0.00263	0.00745

[dist]
# distance from previous block
# <min> <max>
1	3

[block]
# block no. 8 follows, 45 sequences, length 15
# corresponding to MSA columns:
# 760-774
name=unknown_I
#
# <colnr> <probs for GDERKNQSTAVLIFYWHMCP>
#	G	D	E	R	K	N	Q	S	T	A	V	L	I	F	Y	W	H	M	C	P
0	0.00819	0.00552	0.00630	0.00629	0.00638	0.00553	0.00364	0.00820	0.00811	0.01091	0.01710	0.03469	0.01945	0.76180	0.07189	0.00545	0.00586	0.00779	0.00336	0.00355
1	0.01534	0.72232	0.02685	0.00995	0.01435	0.10686	0.00946	0.01691	0.01162	0.01305	0.00794	0.00927	0.00725	0.00495	0.00377	0.00125	0.00630	0.00307	0.00248	0.00700
2	0.00806	0.00604	0.00890	0.00888	0.00987	0.00693	0.00687	0.00987	0.00888	0.01283	0.01473	0.02155	0.01374	0.04030	0.78558	0.00865	0.01445	0.00587	0.00300	0.00499
3	0.08109	0.01537	0.06047	0.01293	0.04106	0.01589	0.01067	0.58738	0.06957	0.03113	0.01312	0.01346	0.00953	0.00650	0.00536	0.00170	0.00593	0.00483	0.00507	0.00893
4	0.01453	0.03417	0.10364	0.01602	0.14666	0.02440	0.09288	0.10954	0.11534	0.10159	0.01366	0.04147	0.01067	0.00596	0.00556	0.00158	0.02650	0.00517	0.00389	0.12678
5	0.00821	0.00651	0.00898	0.01027	0.11718	0.00607	0.00653	0.01065	0.01431	0.01986	0.55359	0.03810	0.15821	0.01051	0.00619	0.00169	0.00311	0.00926	0.00530	0.00547
6	0.01375	0.70030	0.02642	0.12122	0.01707	0.01992	0.01000	0.01574	0.01088	0.01278	0.00776	0.00942	0.00693	0.00470	0.00372	0.00124	0.00594	0.00314	0.00231	0.00676
7	0.03049	0.18004	0.10660	0.01080	0.01416	0.18694	0.00960	0.07899	0.01312	0.07008	0.01419	0.15009	0.01359	0.03259	0.05063	0.00210	0.00680	0.01911	0.00356	0.00650
8	0.01860	0.09721	0.01608	0.01284	0.01596	0.53327	0.00998	0.09225	0.12264	0.01638	0.01058	0.01135	0.00847	0.00578	0.00485	0.00144	0.00818	0.00390	0.00335	0.00689
9	0.01434	0.07595	0.10529	0.01034	0.01458	0.06627	0.00924	0.05049	0.18810	0.12049	0.06843	0.01600	0.01341	0.00599	0.00489	0.00142	0.00511	0.00477	0.00425	0.22065
10	0.04052	0.23713	0.27690	0.01176	0.03319	0.01371	0.02954	0.03144	0.02469	0.04785	0.01137	0.03788	0.00926	0.00584	0.00518	0.00153	0.04901	0.00437	0.12180	0.00701
11	0.01000	0.00796	0.00955	0.00912	0.01050	0.05012	0.00696	0.11635	0.01152	0.01558	0.01608	0.12826	0.01585	0.07541	0.48394	0.00615	0.01084	0.00692	0.00354	0.00534
12	0.01373	0.67925	0.15806	0.01024	0.01540	0.01973	0.01102	0.01623	0.01098	0.01338	0.00784	0.00908	0.00687	0.00468	0.00373	0.00124	0.00612	0.00306	0.00229	0.00707
13	0.13459	0.15467	0.03355	0.01028	0.01358	0.25676	0.00854	0.14071	0.01452	0.01909	0.01249	0.01351	0.04962	0.00596	0.00442	0.00143	0.00626	0.00414	0.10930	0.00656
14	0.00807	0.00683	0.01055	0.00984	0.01129	0.00662	0.11242	0.01046	0.04689	0.01545	0.08931	0.44798	0.10961	0.01347	0.00696	0.00205	0.02688	0.05553	0.00468	0.00512

[dist]
# distance from previous block
# <min> <max>
0	2

[block]
# block no. 9 follows, 45 sequences, length 7
# corresponding to MSA columns:
# 777-783
name=unknown_J
#
# <colnr> <probs for GDERKNQSTAVLIFYWHMCP>
#	G	D	E	R	K	N	Q	S	T	A	V	L	I	F	Y	W	H	M	C	P
0	0.01004	0.00907	0.01136	0.14969	0.01602	0.06344	0.04398	0.02969	0.02920	0.01669	0.14757	0.17476	0.06934	0.00921	0.00571	0.00166	0.00480	0.03888	0.00409	0.16480
1	0.06581	0.20431	0.12832	0.01201	0.01666	0.10296	0.07061	0.09031	0.05105	0.18961	0.01244	0.01274	0.00903	0.00556	0.00479	0.00153	0.00636	0.00429	0.00386	0.00772
2	0.01151	0.03369	0.02023	0.24088	0.05874	0.03879	0.22743	0.01437	0.01079	0.01451	0.01043	0.05013	0.00906	0.00815	0.03883	0.02526	0.17270	0.00563	0.00263	0.00624
3	0.17274	0.61580	0.06846	0.00914	0.01369	0.01898	0.00917	0.01607	0.01060	0.01506	0.00759	0.00879	0.00668	0.00470	0.00352	0.00128	0.00557	0.00294	0.00249	0.00675
4	0.01252	0.05083	0.37105	0.01249	0.04358	0.00990	0.01314	0.01637	0.01193	0.15632	0.01661	0.16642	0.01486	0.00806	0.00548	0.00177	0.00591	0.03988	0.03567	0.00720
5	0.01069	0.02203	0.55965	0.01447	0.02064	0.01110	0.09198	0.01512	0.01064	0.01556	0.00970	0.01260	0.00742	0.00761	0.00824	0.16167	0.00743	0.00434	0.00232	0.00680
6	0.01175	0.22447	0.44464	0.01235	0.01883	0.01369	0.01456	0.01610	0.01119	0.01598	0.00906	0.01060	0.00704	0.00476	0.00447	0.00139	0.00662	0.00354	0.00245	0.16651

[dist]
# distance from previous block
# <min> <max>
0	106

# created by:
# /home/cegg/simao/soft/augustus-3.2.1/scripts/msa2prfl.pl ./align_prep/EOG091G0MCZ.fa
