[name]
unknown

[dist]
# distance from previous block
# <min> <max>
0	77

[block]
# block no. 0 follows, 54 sequences, length 12
# corresponding to MSA columns:
# 80-91
name=unknown_A
#
# <colnr> <probs for GDERKNQSTAVLIFYWHMCP>
#	G	D	E	R	K	N	Q	S	T	A	V	L	I	F	Y	W	H	M	C	P
0	0.00583	0.00440	0.00537	0.00603	0.00676	0.00398	0.00421	0.00686	0.00975	0.01256	0.06776	0.50693	0.26414	0.03674	0.00639	0.00188	0.00272	0.03942	0.00437	0.00389
1	0.00660	0.00482	0.00620	0.00586	0.00700	0.00442	0.00439	0.00876	0.01318	0.01850	0.75285	0.03589	0.09428	0.00979	0.00556	0.00149	0.00224	0.00862	0.00514	0.00442
2	0.01113	0.01272	0.02782	0.01987	0.02464	0.01192	0.78776	0.01510	0.01113	0.01510	0.00954	0.01272	0.00715	0.00397	0.00556	0.00159	0.00795	0.00556	0.00238	0.00636
3	0.00674	0.00505	0.00758	0.00758	0.00842	0.00589	0.00589	0.00842	0.00758	0.01095	0.01263	0.01852	0.01179	0.03536	0.81561	0.00758	0.01263	0.00505	0.00253	0.00421
4	0.00641	0.00473	0.00599	0.00584	0.00692	0.00431	0.00432	0.00833	0.01249	0.01724	0.60607	0.12639	0.15238	0.01055	0.00561	0.00155	0.00231	0.00928	0.00498	0.00431
5	0.00636	0.00475	0.00590	0.00574	0.00688	0.00429	0.00426	0.00824	0.01241	0.01698	0.57298	0.10877	0.20388	0.01059	0.00560	0.00154	0.00230	0.00927	0.00495	0.00429
6	0.00636	0.00464	0.00597	0.00599	0.00694	0.00426	0.00436	0.00816	0.01209	0.01673	0.55175	0.22867	0.10436	0.01107	0.00567	0.00160	0.00236	0.00983	0.00493	0.00426
7	0.01016	0.01042	0.01403	0.70571	0.02989	0.12687	0.01252	0.01303	0.01000	0.01197	0.00822	0.01198	0.00625	0.00473	0.00465	0.00152	0.00661	0.00402	0.00214	0.00527
8	0.37696	0.01039	0.01143	0.04738	0.12377	0.01138	0.00806	0.23081	0.01302	0.11112	0.00965	0.01041	0.00704	0.00489	0.00395	0.00144	0.00451	0.00358	0.00363	0.00658
9	0.01215	0.71960	0.13825	0.00884	0.01330	0.01754	0.00942	0.01424	0.00963	0.01165	0.00683	0.00791	0.00604	0.00410	0.00324	0.00108	0.00532	0.00266	0.00201	0.00618
10	0.00572	0.00420	0.00537	0.00631	0.00677	0.00385	0.00426	0.00659	0.00928	0.01214	0.02914	0.71758	0.14279	0.01436	0.00595	0.00187	0.00269	0.01290	0.00438	0.00385
11	0.02554	0.00680	0.00912	0.04849	0.03861	0.00666	0.03486	0.07718	0.03219	0.16134	0.06832	0.27193	0.13101	0.03069	0.01889	0.00182	0.00384	0.02293	0.00438	0.00541

[dist]
# distance from previous block
# <min> <max>
1	4

[block]
# block no. 1 follows, 54 sequences, length 41
# corresponding to MSA columns:
# 96-120,122-128,131-139
name=unknown_B
#
# <colnr> <probs for GDERKNQSTAVLIFYWHMCP>
#	G	D	E	R	K	N	Q	S	T	A	V	L	I	F	Y	W	H	M	C	P
0	0.21186	0.02517	0.03424	0.03874	0.23696	0.06879	0.03079	0.23765	0.01361	0.04591	0.00920	0.01051	0.00702	0.00477	0.00425	0.00141	0.00529	0.00376	0.00325	0.00683
1	0.00819	0.00410	0.00614	0.00614	0.00614	0.00410	0.00410	0.00614	0.00614	0.00819	0.00819	0.01433	0.00819	0.01638	0.01843	0.86282	0.00410	0.00410	0.00205	0.00205
2	0.01042	0.00917	0.01009	0.00739	0.01146	0.04016	0.00589	0.03809	0.03087	0.01579	0.00871	0.00998	0.00717	0.00370	0.00360	0.00077	0.00376	0.00292	0.00289	0.77715
3	0.00811	0.00589	0.00765	0.00839	0.06874	0.00577	0.00560	0.01105	0.10519	0.06204	0.23236	0.29682	0.10199	0.03499	0.02167	0.00185	0.00322	0.00924	0.00450	0.00495
4	0.86760	0.00912	0.00693	0.00620	0.00912	0.01058	0.00511	0.01386	0.00802	0.02115	0.00657	0.00766	0.00511	0.00438	0.00292	0.00146	0.00365	0.00255	0.00292	0.00511
5	0.02090	0.00843	0.01119	0.00858	0.01224	0.00753	0.00709	0.08288	0.01417	0.74729	0.01803	0.01568	0.01139	0.00582	0.00474	0.00146	0.00410	0.00470	0.00575	0.00802
6	0.00666	0.00484	0.00622	0.00630	0.00724	0.00454	0.00460	0.02976	0.01201	0.01658	0.47389	0.29199	0.07314	0.01138	0.00571	0.00164	0.00254	0.03178	0.00485	0.00432
7	0.00603	0.00480	0.00543	0.00544	0.00681	0.00420	0.00413	0.00757	0.01144	0.01460	0.26558	0.07656	0.49825	0.01146	0.00565	0.00161	0.00248	0.05919	0.00461	0.00413
8	0.02034	0.00821	0.01092	0.00849	0.01206	0.00734	0.00698	0.02316	0.08078	0.74039	0.01865	0.01618	0.01191	0.00588	0.00475	0.00147	0.00399	0.00479	0.00575	0.00798
9	0.01113	0.01272	0.02782	0.01987	0.02464	0.01192	0.78776	0.01510	0.01113	0.01510	0.00954	0.01272	0.00715	0.00397	0.00556	0.00159	0.00795	0.00556	0.00238	0.00636
10	0.08723	0.00800	0.01020	0.00798	0.01136	0.00728	0.00656	0.04784	0.01307	0.65443	0.01713	0.01534	0.01106	0.00569	0.00448	0.00143	0.00388	0.00452	0.07503	0.00750
11	0.00879	0.00439	0.00439	0.00439	0.00549	0.00439	0.00330	0.01099	0.00989	0.01758	0.01538	0.01758	0.01209	0.00549	0.00330	0.00110	0.00220	0.00439	0.86047	0.00439
12	0.01032	0.01032	0.01444	0.01238	0.01238	0.01444	0.01032	0.01135	0.00722	0.01135	0.00619	0.01032	0.00619	0.00825	0.01547	0.00206	0.82567	0.00413	0.00206	0.00516
13	0.02115	0.00802	0.01094	0.00839	0.01204	0.00693	0.00693	0.02298	0.01350	0.80815	0.01860	0.01605	0.01167	0.00584	0.00474	0.00146	0.00401	0.00474	0.00584	0.00802
14	0.01396	0.00745	0.00855	0.00715	0.00956	0.00751	0.00571	0.15534	0.07411	0.23869	0.05970	0.01701	0.01322	0.00592	0.00419	0.00132	0.00336	0.00477	0.35619	0.00629
15	0.01235	0.00954	0.01006	0.00891	0.01140	0.03782	0.00693	0.10938	0.44870	0.08719	0.04740	0.09047	0.05315	0.00730	0.00488	0.00156	0.00383	0.00609	0.03626	0.00680
16	0.02092	0.00840	0.01118	0.00857	0.01222	0.00749	0.00708	0.07860	0.01412	0.75163	0.01807	0.01571	0.01141	0.00582	0.00474	0.00146	0.00410	0.00471	0.00575	0.00802
17	0.01230	0.00608	0.00802	0.00681	0.00896	0.00539	0.00536	0.01429	0.01321	0.32985	0.43556	0.02843	0.08941	0.00831	0.00524	0.00148	0.00294	0.00714	0.00538	0.00582
18	0.02595	0.00627	0.00714	0.00706	0.00861	0.00635	0.00537	0.02850	0.19120	0.03801	0.11884	0.22461	0.22272	0.01072	0.00549	0.00170	0.00307	0.07874	0.00458	0.00505
19	0.01022	0.01001	0.01437	0.01258	0.03310	0.01362	0.03259	0.01137	0.00749	0.01167	0.00679	0.01087	0.00657	0.00864	0.03040	0.01948	0.72442	0.00420	0.02649	0.00515
20	0.03575	0.00546	0.00713	0.04090	0.00927	0.00536	0.01699	0.00991	0.05450	0.07267	0.03810	0.45454	0.10717	0.01211	0.00570	0.00182	0.00331	0.11040	0.00435	0.00458
21	0.00834	0.00711	0.00832	0.00779	0.00819	0.05937	0.00569	0.00914	0.00763	0.01048	0.01190	0.02138	0.01251	0.37278	0.21938	0.00445	0.18865	0.00548	0.02748	0.00392
22	0.00978	0.00808	0.01273	0.24550	0.16941	0.00935	0.01019	0.02755	0.00933	0.06088	0.01036	0.01435	0.00872	0.01539	0.27878	0.00360	0.09339	0.00451	0.00256	0.00554
23	0.02772	0.42752	0.17111	0.01045	0.01475	0.11636	0.04317	0.09860	0.01148	0.01424	0.00765	0.00881	0.00628	0.00448	0.00396	0.00122	0.02036	0.00311	0.00239	0.00635
24	0.01226	0.61375	0.05529	0.00922	0.01261	0.01738	0.00892	0.04569	0.00967	0.01207	0.00676	0.00834	0.00615	0.00491	0.00549	0.00124	0.15917	0.00293	0.00214	0.00600
25	0.01095	0.04635	0.16563	0.00918	0.01355	0.03253	0.03447	0.05196	0.03798	0.05678	0.02502	0.04370	0.00895	0.00466	0.00407	0.00108	0.00459	0.00381	0.00301	0.44174
26	0.01276	0.25297	0.01627	0.01016	0.01244	0.16352	0.02177	0.07696	0.02873	0.02986	0.04788	0.01229	0.02962	0.01990	0.03227	0.00168	0.21853	0.00397	0.00272	0.00571
27	0.01090	0.00925	0.00996	0.00906	0.01146	0.01053	0.00705	0.02235	0.66387	0.01944	0.12850	0.02111	0.01897	0.00705	0.00496	0.00160	0.00354	0.02863	0.00484	0.00695
28	0.03838	0.00942	0.03078	0.11041	0.15684	0.00903	0.22819	0.01344	0.02351	0.08640	0.09636	0.07102	0.09239	0.00640	0.00514	0.00155	0.00528	0.00619	0.00332	0.00596
29	0.01406	0.02505	0.26586	0.02543	0.02752	0.04197	0.07011	0.09613	0.05936	0.24243	0.02640	0.05135	0.01052	0.00575	0.00478	0.00150	0.00552	0.01543	0.00378	0.00704
30	0.00674	0.00505	0.00758	0.00758	0.00842	0.00589	0.00589	0.00842	0.00758	0.01095	0.01263	0.01852	0.01179	0.03536	0.81561	0.00758	0.01263	0.00505	0.00253	0.00421
31	0.00636	0.00467	0.00597	0.00682	0.00732	0.00456	0.00469	0.00822	0.07143	0.01275	0.04097	0.68618	0.02938	0.04820	0.00668	0.00200	0.00294	0.04240	0.00436	0.00411
32	0.05467	0.03071	0.14438	0.02677	0.16786	0.08654	0.06404	0.11720	0.02793	0.18024	0.02488	0.03374	0.00923	0.00524	0.00462	0.00144	0.00562	0.00441	0.00349	0.00699
33	0.01218	0.55676	0.10334	0.01024	0.03758	0.08490	0.05735	0.01422	0.01004	0.01196	0.00825	0.05843	0.00768	0.00481	0.00367	0.00118	0.00559	0.00357	0.00223	0.00602
34	0.05863	0.02784	0.00634	0.00669	0.00736	0.00500	0.00465	0.00806	0.04169	0.01312	0.05081	0.69708	0.02867	0.01332	0.00568	0.00183	0.00288	0.01194	0.00427	0.00414
35	0.13149	0.63396	0.04660	0.00817	0.01206	0.05137	0.00797	0.01460	0.00967	0.03859	0.00704	0.00797	0.00610	0.00419	0.00317	0.00111	0.00503	0.00265	0.00228	0.00599
36	0.01655	0.01700	0.01345	0.10475	0.01633	0.43749	0.00940	0.19002	0.02759	0.07517	0.00931	0.01039	0.00709	0.00526	0.00492	0.00136	0.04089	0.00365	0.00318	0.00622
37	0.00760	0.00543	0.00760	0.00868	0.00977	0.00543	0.00760	0.00977	0.01085	0.01411	0.02496	0.05319	0.02714	0.01303	0.00651	0.00217	0.00434	0.77315	0.00434	0.00434
38	0.01006	0.00989	0.01425	0.18740	0.01672	0.01349	0.01082	0.01197	0.03497	0.01179	0.00711	0.01105	0.00649	0.00742	0.01278	0.00194	0.62025	0.00418	0.00216	0.00525
39	0.01168	0.01107	0.01809	0.02656	0.70726	0.01127	0.01361	0.01577	0.10750	0.01594	0.01014	0.01240	0.00832	0.00447	0.00468	0.00142	0.00537	0.00434	0.00264	0.00747
40	0.00656	0.00482	0.00614	0.00581	0.00697	0.00440	0.00436	0.00867	0.01307	0.01826	0.72328	0.03629	0.12400	0.00988	0.00556	0.00149	0.00224	0.00868	0.00511	0.00440

[dist]
# distance from previous block
# <min> <max>
0	6

[block]
# block no. 2 follows, 54 sequences, length 15
# corresponding to MSA columns:
# 146-160
name=unknown_C
#
# <colnr> <probs for GDERKNQSTAVLIFYWHMCP>
#	G	D	E	R	K	N	Q	S	T	A	V	L	I	F	Y	W	H	M	C	P
0	0.05823	0.00717	0.00923	0.00743	0.01040	0.00635	0.00602	0.01829	0.01282	0.54803	0.13071	0.02244	0.12773	0.00715	0.00488	0.00148	0.00352	0.00590	0.00540	0.00682
1	0.03992	0.06310	0.05244	0.01291	0.18871	0.02890	0.02911	0.01451	0.03689	0.08704	0.00961	0.01087	0.00758	0.00412	0.00398	0.00107	0.00453	0.00346	0.00293	0.39834
2	0.05459	0.54404	0.02013	0.00885	0.01242	0.15752	0.00804	0.09228	0.01144	0.01373	0.00746	0.00845	0.00641	0.00441	0.00341	0.00111	0.00550	0.00285	0.03132	0.00604
3	0.00992	0.04454	0.64356	0.04791	0.04013	0.01097	0.06797	0.01485	0.01019	0.03474	0.02697	0.01096	0.00713	0.00459	0.00456	0.00149	0.00673	0.00379	0.00220	0.00681
4	0.05137	0.12173	0.23886	0.01119	0.05757	0.03031	0.01061	0.13233	0.05867	0.17434	0.01175	0.03313	0.00872	0.00523	0.00434	0.00139	0.00525	0.00408	0.01510	0.02403
5	0.01607	0.07457	0.04770	0.01201	0.10013	0.03118	0.00916	0.29708	0.15376	0.18965	0.01341	0.01306	0.00958	0.00548	0.00458	0.00142	0.00487	0.00435	0.00433	0.00761
6	0.00575	0.00425	0.00538	0.00623	0.00676	0.00388	0.00424	0.00668	0.00948	0.01239	0.05584	0.66472	0.16899	0.01410	0.00592	0.00184	0.00266	0.01263	0.00440	0.00388
7	0.01067	0.01170	0.10169	0.12836	0.16306	0.08956	0.03961	0.06414	0.06750	0.01574	0.08646	0.08161	0.03311	0.00644	0.00502	0.00150	0.01992	0.01679	0.05114	0.00597
8	0.01293	0.09219	0.14358	0.03070	0.16622	0.08635	0.07579	0.12718	0.15020	0.03796	0.01118	0.01264	0.00866	0.00507	0.00458	0.00143	0.00579	0.01741	0.00315	0.00697
9	0.00580	0.00415	0.00552	0.00653	0.00685	0.00387	0.00438	0.00671	0.00929	0.01246	0.07388	0.78212	0.03201	0.01446	0.00599	0.00189	0.00270	0.01310	0.00443	0.00387
10	0.08004	0.03121	0.03417	0.02541	0.03306	0.01075	0.04612	0.26573	0.01491	0.28549	0.03420	0.01345	0.00988	0.00566	0.00517	0.00146	0.05190	0.00440	0.03984	0.00717
11	0.01161	0.06642	0.34453	0.04689	0.05619	0.03296	0.05745	0.11993	0.07767	0.05039	0.01161	0.06130	0.00945	0.00566	0.00469	0.00150	0.00589	0.02609	0.00302	0.00676
12	0.01161	0.01012	0.01403	0.05580	0.28319	0.03028	0.04417	0.09560	0.19958	0.03618	0.07241	0.05209	0.02616	0.04090	0.00569	0.00163	0.00481	0.00545	0.00360	0.00670
13	0.00574	0.00410	0.00547	0.00657	0.00684	0.00383	0.00438	0.00657	0.00903	0.01204	0.02599	0.83122	0.03119	0.01477	0.00602	0.00191	0.00274	0.01340	0.00438	0.00383
14	0.01238	0.06568	0.05450	0.01762	0.22046	0.01217	0.22444	0.11119	0.14345	0.03821	0.01154	0.01372	0.00904	0.00502	0.00505	0.00150	0.01938	0.02446	0.00315	0.00701

[dist]
# distance from previous block
# <min> <max>
0	1

[block]
# block no. 3 follows, 54 sequences, length 40
# corresponding to MSA columns:
# 167-198,207-214
name=unknown_D
#
# <colnr> <probs for GDERKNQSTAVLIFYWHMCP>
#	G	D	E	R	K	N	Q	S	T	A	V	L	I	F	Y	W	H	M	C	P
0	0.13330	0.06218	0.04874	0.01482	0.20213	0.30675	0.01000	0.02842	0.01146	0.08413	0.00857	0.00995	0.00679	0.00485	0.00475	0.00136	0.04934	0.00346	0.00275	0.00624
1	0.26000	0.09779	0.03607	0.01124	0.08686	0.25698	0.02336	0.05885	0.01145	0.04539	0.05143	0.01051	0.00836	0.00494	0.00411	0.00135	0.01908	0.00347	0.00290	0.00585
2	0.00599	0.00479	0.00535	0.00521	0.00662	0.00416	0.00391	0.00757	0.01173	0.01507	0.33352	0.04153	0.51575	0.01107	0.00557	0.00155	0.00233	0.00941	0.00469	0.00416
3	0.03180	0.46485	0.04706	0.02281	0.10587	0.01488	0.03808	0.07443	0.01093	0.07017	0.00939	0.05785	0.00827	0.00505	0.00404	0.00125	0.02034	0.00385	0.00271	0.00637
4	0.01025	0.01002	0.01396	0.01201	0.01216	0.01386	0.00998	0.02940	0.00760	0.01175	0.00675	0.01091	0.00662	0.01006	0.07047	0.00243	0.75027	0.00419	0.00216	0.00516
5	0.01100	0.01064	0.03296	0.05266	0.65540	0.01051	0.01341	0.01398	0.02576	0.01516	0.02497	0.01472	0.00946	0.00623	0.04115	0.00173	0.00580	0.04490	0.00253	0.00702
6	0.00665	0.00446	0.00591	0.00660	0.00722	0.00413	0.00462	0.00779	0.00998	0.04885	0.13890	0.62325	0.05307	0.01347	0.00590	0.00183	0.00278	0.04588	0.00456	0.00413
7	0.00819	0.00410	0.00614	0.00614	0.00614	0.00410	0.00410	0.00614	0.00614	0.00819	0.00819	0.01433	0.00819	0.01638	0.01843	0.86282	0.00410	0.00410	0.00205	0.00205
8	0.00642	0.00515	0.00581	0.00592	0.00728	0.00474	0.00448	0.00872	0.06944	0.01432	0.16687	0.14894	0.44415	0.01162	0.00566	0.00167	0.00268	0.07725	0.00454	0.00433
9	0.00946	0.02439	0.80987	0.01344	0.02041	0.01095	0.01742	0.01493	0.00995	0.01493	0.00846	0.00995	0.00597	0.00448	0.00448	0.00149	0.00697	0.00348	0.00199	0.00697
10	0.01136	0.01302	0.02717	0.01978	0.03865	0.03908	0.74720	0.01522	0.01120	0.01499	0.00945	0.01256	0.00712	0.00401	0.00550	0.00157	0.00792	0.00545	0.00239	0.00635
11	0.00978	0.00838	0.00978	0.00698	0.01117	0.00629	0.00559	0.01187	0.00978	0.01536	0.00838	0.00978	0.00698	0.00349	0.00349	0.00070	0.00349	0.00279	0.00279	0.86312
12	0.00954	0.04659	0.78841	0.01329	0.02018	0.01116	0.01717	0.01491	0.00994	0.01483	0.00841	0.00989	0.00597	0.00447	0.00444	0.00148	0.00692	0.00346	0.00199	0.00694
13	0.09277	0.04854	0.01317	0.01148	0.01401	0.71739	0.00872	0.01823	0.01276	0.01238	0.00720	0.00840	0.00599	0.00479	0.00409	0.00123	0.00796	0.00298	0.00246	0.00545
14	0.00607	0.00494	0.00541	0.00541	0.00679	0.00446	0.00404	0.00767	0.03199	0.01310	0.10161	0.05606	0.57040	0.06406	0.06819	0.00225	0.00340	0.03587	0.00422	0.00407
15	0.01283	0.00813	0.00986	0.00737	0.01111	0.00660	0.00594	0.04694	0.01154	0.22990	0.05654	0.01452	0.04605	0.00493	0.00409	0.00102	0.00358	0.00401	0.00390	0.51115
16	0.01173	0.01013	0.01066	0.00960	0.01226	0.01173	0.00746	0.02505	0.79636	0.01972	0.01919	0.01759	0.01439	0.00640	0.00480	0.00160	0.00373	0.00533	0.00480	0.00746
17	0.01002	0.00476	0.00505	0.00479	0.00615	0.00465	0.00366	0.01218	0.01025	0.09636	0.01570	0.01743	0.01204	0.00553	0.00344	0.00113	0.00238	0.00443	0.77530	0.00476
18	0.00570	0.00438	0.00523	0.00585	0.00666	0.00391	0.00407	0.00671	0.00982	0.01250	0.05630	0.50431	0.33059	0.01353	0.00583	0.00178	0.00259	0.01193	0.00440	0.00391
19	0.01735	0.00718	0.00972	0.00774	0.01072	0.00628	0.00628	0.01928	0.01346	0.60061	0.22471	0.02109	0.02030	0.00684	0.00496	0.00147	0.00354	0.00574	0.00567	0.00708
20	0.00925	0.00661	0.00778	0.00754	0.00910	0.00683	0.00560	0.02857	0.25320	0.08382	0.13335	0.33673	0.07171	0.01037	0.00542	0.00169	0.00311	0.00911	0.00475	0.00548
21	0.01092	0.01044	0.01779	0.24388	0.59580	0.01101	0.01410	0.01381	0.01038	0.01450	0.00874	0.01191	0.00715	0.00434	0.00468	0.00145	0.00579	0.00420	0.00227	0.00686
22	0.00978	0.00838	0.00978	0.00698	0.01117	0.00629	0.00559	0.01187	0.00978	0.01536	0.00838	0.00978	0.00698	0.00349	0.00349	0.00070	0.00349	0.00279	0.00279	0.86312
23	0.00718	0.02393	0.00817	0.00769	0.00864	0.00649	0.00602	0.02587	0.00793	0.01133	0.01240	0.01824	0.01159	0.05015	0.74982	0.00714	0.02553	0.00500	0.00256	0.00432
24	0.01003	0.00820	0.01016	0.02086	0.03001	0.00667	0.02343	0.04322	0.01085	0.03888	0.10568	0.03136	0.01225	0.00469	0.00398	0.00092	0.00360	0.00396	0.00325	0.62801
25	0.01167	0.01120	0.01914	0.02894	0.80488	0.01120	0.01447	0.01447	0.01074	0.01540	0.00887	0.01167	0.00747	0.00420	0.00467	0.00140	0.00560	0.00420	0.00233	0.00747
26	0.03021	0.18121	0.43474	0.01186	0.01732	0.04015	0.04190	0.12652	0.02683	0.03439	0.00889	0.00997	0.00660	0.00462	0.00424	0.00138	0.00622	0.00351	0.00258	0.00686
27	0.01079	0.16341	0.38676	0.01319	0.06962	0.03606	0.07882	0.04106	0.06313	0.01482	0.01113	0.01234	0.05050	0.00501	0.00465	0.00142	0.02418	0.00404	0.00248	0.00661
28	0.00649	0.00481	0.00605	0.00574	0.00693	0.00437	0.00430	0.00854	0.01291	0.01787	0.67520	0.03693	0.17233	0.01003	0.00556	0.00150	0.00225	0.00877	0.00505	0.00437
29	0.02659	0.01241	0.02249	0.01817	0.10159	0.05589	0.47193	0.03001	0.01089	0.05819	0.00930	0.01207	0.00721	0.00486	0.00685	0.00161	0.13610	0.00494	0.00257	0.00634
30	0.01193	0.02468	0.01831	0.06970	0.38550	0.01103	0.14482	0.09164	0.01169	0.03153	0.00922	0.01158	0.00736	0.00436	0.00487	0.00135	0.02373	0.00422	0.00269	0.12979
31	0.00778	0.00654	0.00836	0.00802	0.00861	0.04322	0.00608	0.00896	0.00770	0.01073	0.01239	0.05507	0.01255	0.18761	0.45756	0.00556	0.14099	0.00554	0.00259	0.00413
32	0.00657	0.00451	0.00545	0.00573	0.00597	0.00439	0.00360	0.00712	0.00833	0.01122	0.11144	0.24010	0.02438	0.49534	0.01654	0.00343	0.00381	0.03513	0.00358	0.00335
33	0.03830	0.01051	0.01717	0.14590	0.58475	0.01091	0.01325	0.01505	0.05363	0.05087	0.00973	0.01220	0.00778	0.00448	0.00463	0.00144	0.00547	0.00423	0.00261	0.00708
34	0.06976	0.01226	0.01674	0.03580	0.55355	0.11421	0.01243	0.01465	0.01064	0.01503	0.00834	0.01083	0.00702	0.00447	0.00499	0.00138	0.04786	0.00386	0.00239	0.05379
35	0.00658	0.00450	0.00542	0.00569	0.00582	0.00450	0.00347	0.00691	0.00744	0.00999	0.01738	0.22458	0.02012	0.56977	0.08416	0.00417	0.00478	0.00830	0.00320	0.00320
36	0.01140	0.01099	0.01893	0.10141	0.71215	0.01116	0.03613	0.01427	0.01063	0.01509	0.00884	0.01178	0.00735	0.00424	0.00470	0.00142	0.00573	0.00424	0.00231	0.00723
37	0.00607	0.00443	0.00576	0.00673	0.00714	0.00426	0.00455	0.00758	0.05217	0.01246	0.02562	0.78663	0.03026	0.01431	0.00595	0.00190	0.00279	0.01296	0.00440	0.00403
38	0.00652	0.00446	0.00550	0.00591	0.00612	0.00444	0.00376	0.00705	0.00782	0.01060	0.01875	0.30763	0.02164	0.44415	0.08625	0.00378	0.00458	0.02483	0.02282	0.00338
39	0.01227	0.01125	0.01878	0.02723	0.72703	0.01129	0.02629	0.05768	0.01145	0.03777	0.00928	0.01179	0.00761	0.00432	0.00469	0.00141	0.00557	0.00424	0.00256	0.00750

[dist]
# distance from previous block
# <min> <max>
0	8

# created by:
# /home/cegg/simao/soft/augustus-3.2.1/scripts/msa2prfl.pl ./align_prep/EOG091G0X3B.fa
