[name]
unknown

[dist]
# distance from previous block
# <min> <max>
1	129

[block]
# block no. 0 follows, 51 sequences, length 48
# corresponding to MSA columns:
# 167-193,199-219
name=unknown_A
#
# <colnr> <probs for GDERKNQSTAVLIFYWHMCP>
#	G	D	E	R	K	N	Q	S	T	A	V	L	I	F	Y	W	H	M	C	P
0	0.03615	0.02313	0.05006	0.12869	0.14245	0.07890	0.09421	0.01388	0.04216	0.04898	0.07013	0.04794	0.05839	0.08233	0.00686	0.00182	0.00551	0.01557	0.01677	0.03608
1	0.02467	0.07221	0.01414	0.19817	0.10566	0.01048	0.00956	0.05269	0.01076	0.03213	0.03204	0.01194	0.00829	0.00494	0.00547	0.00128	0.08851	0.00383	0.00280	0.31042
2	0.03422	0.00975	0.05259	0.65392	0.08968	0.01088	0.01338	0.02768	0.01016	0.01360	0.00933	0.03676	0.00740	0.00518	0.00488	0.00162	0.00632	0.00457	0.00235	0.00573
3	0.03918	0.01359	0.01475	0.09127	0.07422	0.08221	0.01008	0.52514	0.01899	0.02525	0.01067	0.01170	0.00789	0.00621	0.01917	0.00161	0.03215	0.00427	0.00408	0.00756
4	0.06144	0.01538	0.24324	0.01271	0.03961	0.04384	0.08668	0.08247	0.12251	0.10522	0.03354	0.01427	0.03227	0.00588	0.00587	0.00161	0.07831	0.00467	0.00347	0.00700
5	0.00899	0.00823	0.03808	0.01312	0.14784	0.00789	0.12921	0.01052	0.00885	0.01226	0.01279	0.04487	0.01304	0.32084	0.10976	0.05307	0.03595	0.01718	0.00272	0.00479
6	0.00917	0.03255	0.00906	0.00759	0.00982	0.00624	0.02843	0.03835	0.01115	0.06123	0.09725	0.25049	0.08985	0.03527	0.00587	0.00160	0.00357	0.06580	0.00412	0.23260
7	0.01399	0.09636	0.26194	0.09762	0.01872	0.35198	0.01243	0.03886	0.01216	0.01382	0.00819	0.00982	0.00641	0.00482	0.00443	0.00137	0.00751	0.00342	0.00239	0.03375
8	0.00870	0.00630	0.06807	0.03072	0.00887	0.00526	0.02851	0.00758	0.00698	0.00944	0.00884	0.01506	0.00858	0.04232	0.01748	0.71328	0.00470	0.00436	0.00217	0.00278
9	0.01663	0.29034	0.01784	0.01125	0.01434	0.54683	0.00914	0.01800	0.01262	0.01187	0.00734	0.00854	0.00632	0.00478	0.00401	0.00119	0.00767	0.00299	0.00239	0.00590
10	0.00741	0.00588	0.00918	0.08285	0.01158	0.00690	0.02588	0.00935	0.00816	0.01163	0.01255	0.01843	0.01153	0.03258	0.69942	0.00706	0.02729	0.00518	0.00258	0.00456
11	0.01245	0.26264	0.13495	0.05812	0.05045	0.09005	0.02336	0.04379	0.01035	0.02498	0.00792	0.01045	0.00684	0.02260	0.00767	0.00160	0.21953	0.00369	0.00236	0.00621
12	0.01955	0.00949	0.01233	0.01072	0.07266	0.00905	0.00809	0.16972	0.02879	0.52653	0.01780	0.01678	0.02759	0.00618	0.00494	0.00152	0.00446	0.01783	0.02794	0.00806
13	0.00986	0.02542	0.80183	0.01401	0.02127	0.01141	0.01816	0.01556	0.01038	0.01556	0.00882	0.01038	0.00623	0.00467	0.00467	0.00156	0.00726	0.00363	0.00208	0.00726
14	0.00613	0.00467	0.00564	0.00607	0.00701	0.00418	0.00430	0.00742	0.01095	0.01428	0.19405	0.39676	0.29425	0.01328	0.00602	0.00179	0.00262	0.01169	0.00474	0.00418
15	0.00865	0.00821	0.06179	0.02346	0.01188	0.00761	0.13512	0.04403	0.00910	0.01258	0.01309	0.03702	0.01303	0.31114	0.24367	0.02280	0.02342	0.00600	0.00281	0.00459
16	0.04833	0.00858	0.01139	0.00876	0.01254	0.00761	0.00723	0.04904	0.01419	0.74978	0.01874	0.01629	0.01182	0.00603	0.00488	0.00152	0.00421	0.00485	0.00595	0.00827
17	0.00715	0.00476	0.00536	0.00536	0.00536	0.00476	0.00298	0.00715	0.00715	0.00953	0.01548	0.03216	0.01787	0.82729	0.02501	0.00476	0.00476	0.00715	0.00298	0.00298
18	0.38651	0.01151	0.01023	0.07019	0.01317	0.10966	0.00739	0.17174	0.02257	0.04191	0.03456	0.01306	0.00908	0.00561	0.00408	0.00151	0.00490	0.03733	0.03896	0.00602
19	0.01314	0.01282	0.01872	0.04935	0.30350	0.11635	0.16528	0.03133	0.02518	0.06423	0.03120	0.01293	0.00885	0.00522	0.00619	0.00155	0.09287	0.00465	0.01360	0.02303
20	0.00928	0.00873	0.01474	0.81548	0.03385	0.01092	0.01365	0.01256	0.00983	0.01256	0.00873	0.01310	0.00655	0.00491	0.00491	0.00164	0.00655	0.00437	0.00218	0.00546
21	0.00602	0.00437	0.00564	0.00662	0.00703	0.00404	0.00444	0.00691	0.00957	0.01263	0.04092	0.71815	0.09948	0.04058	0.00681	0.00205	0.00287	0.01336	0.00453	0.00398
22	0.28537	0.01229	0.01532	0.01329	0.07690	0.06589	0.15334	0.15559	0.03333	0.01993	0.00888	0.01072	0.00696	0.00535	0.00597	0.00161	0.11567	0.00405	0.00313	0.00642
23	0.00964	0.02326	0.70672	0.01376	0.02038	0.01089	0.05085	0.01490	0.01036	0.01534	0.01026	0.07269	0.00829	0.00547	0.00484	0.00159	0.00697	0.00452	0.00228	0.00698
24	0.01393	0.13287	0.10148	0.02817	0.06989	0.22330	0.03591	0.10016	0.14998	0.01689	0.07058	0.01346	0.01127	0.00557	0.00462	0.00142	0.00615	0.00433	0.00332	0.00670
25	0.00705	0.00475	0.00546	0.00549	0.00566	0.00467	0.00323	0.00723	0.00784	0.01044	0.06303	0.07437	0.05799	0.67566	0.02181	0.02681	0.00440	0.00769	0.00326	0.00316
26	0.02731	0.20024	0.12626	0.02059	0.02640	0.15754	0.03083	0.21813	0.05436	0.03080	0.01023	0.01200	0.00817	0.01606	0.00469	0.00142	0.00617	0.02392	0.00325	0.02162
27	0.00980	0.15125	0.11722	0.02133	0.03184	0.03055	0.00807	0.05405	0.05238	0.02933	0.07785	0.25734	0.07351	0.02426	0.00548	0.00165	0.00439	0.02327	0.00373	0.02269
28	0.03473	0.29051	0.32848	0.01139	0.01649	0.06525	0.04097	0.04896	0.03359	0.02911	0.02729	0.02373	0.00811	0.00494	0.00421	0.00137	0.00617	0.00372	0.00256	0.01843
29	0.00841	0.00731	0.02861	0.11689	0.04508	0.00731	0.02056	0.04441	0.12017	0.01538	0.08515	0.33029	0.10353	0.02230	0.00594	0.00181	0.00391	0.02352	0.00418	0.00525
30	0.00602	0.00430	0.00573	0.00682	0.00713	0.00401	0.00456	0.00692	0.00955	0.01277	0.05120	0.79933	0.03294	0.01523	0.00626	0.00198	0.00283	0.01381	0.00459	0.00401
31	0.01061	0.02813	0.06213	0.27371	0.26874	0.02742	0.12912	0.01398	0.02727	0.01459	0.02643	0.07505	0.01001	0.00554	0.00510	0.00159	0.00623	0.00534	0.00261	0.00641
32	0.01193	0.01080	0.03884	0.20486	0.06167	0.02279	0.14704	0.03291	0.26301	0.06978	0.01439	0.01689	0.01107	0.00582	0.00512	0.00163	0.00561	0.03868	0.03037	0.00678
33	0.02148	0.00836	0.01131	0.00871	0.01242	0.00729	0.00718	0.03820	0.01424	0.75885	0.04525	0.01730	0.01324	0.00621	0.00497	0.00152	0.00414	0.00506	0.00604	0.00824
34	0.00807	0.00495	0.00588	0.00589	0.00623	0.00481	0.00359	0.00837	0.00809	0.07050	0.01791	0.17628	0.02012	0.61557	0.02004	0.00401	0.00437	0.00823	0.00351	0.00358
35	0.00906	0.00771	0.00818	0.00773	0.00958	0.03335	0.00584	0.01554	0.31892	0.01768	0.22501	0.11733	0.18516	0.00963	0.00549	0.00166	0.00324	0.00825	0.00489	0.00574
36	0.01344	0.04582	0.05849	0.01306	0.01516	0.21092	0.07613	0.07107	0.07046	0.01445	0.00860	0.01103	0.00728	0.00662	0.00958	0.00173	0.35321	0.00415	0.00269	0.00610
37	0.01140	0.03642	0.03466	0.29503	0.14791	0.01164	0.06821	0.07974	0.01119	0.03017	0.00904	0.01201	0.00715	0.00512	0.00609	0.00151	0.10404	0.00421	0.00264	0.12180
38	0.01519	0.03178	0.09803	0.00989	0.01350	0.01231	0.00883	0.48046	0.03293	0.02561	0.01253	0.01324	0.00922	0.00570	0.00449	0.00140	0.00483	0.00436	0.20843	0.00727
39	0.00696	0.00512	0.00740	0.00748	0.00820	0.00580	0.00561	0.00841	0.00791	0.01125	0.01453	0.08250	0.01456	0.13917	0.64361	0.00703	0.01127	0.00618	0.00283	0.00417
40	0.00703	0.00512	0.00587	0.00584	0.00719	0.00463	0.00431	0.00903	0.03675	0.03494	0.25637	0.16022	0.35739	0.01135	0.00565	0.00164	0.00257	0.00977	0.06982	0.00452
41	0.02390	0.03865	0.28680	0.06217	0.08036	0.02392	0.09093	0.02959	0.04272	0.04042	0.06090	0.05527	0.09383	0.00657	0.00554	0.00160	0.04181	0.00558	0.00306	0.00640
42	0.01198	0.05640	0.12046	0.16003	0.07544	0.02690	0.18549	0.15987	0.02169	0.01761	0.02532	0.05068	0.02097	0.01653	0.00539	0.00162	0.00634	0.02763	0.00308	0.00659
43	0.01064	0.08575	0.63849	0.01412	0.02073	0.04742	0.08503	0.01569	0.01061	0.01512	0.00871	0.01038	0.00635	0.00460	0.00464	0.00151	0.00727	0.00373	0.00213	0.00706
44	0.02817	0.05291	0.36517	0.03146	0.04357	0.03529	0.09069	0.01499	0.05084	0.06124	0.02563	0.10870	0.05698	0.00657	0.00499	0.00159	0.00597	0.00566	0.00304	0.00653
45	0.01242	0.06991	0.22256	0.02784	0.09270	0.01023	0.07757	0.06125	0.03567	0.14485	0.07385	0.06019	0.02716	0.00662	0.00508	0.00158	0.00548	0.05456	0.00365	0.00682
46	0.01100	0.02458	0.08606	0.29868	0.33848	0.02258	0.01372	0.03832	0.03168	0.01531	0.04406	0.01342	0.00906	0.00507	0.00518	0.00155	0.02751	0.00449	0.00258	0.00669
47	0.01050	0.07336	0.01954	0.40242	0.02685	0.04691	0.26194	0.01368	0.01063	0.01352	0.01098	0.04317	0.03422	0.00525	0.00513	0.00160	0.00685	0.00520	0.00246	0.00582

[dist]
# distance from previous block
# <min> <max>
0	19

[block]
# block no. 1 follows, 51 sequences, length 31
# corresponding to MSA columns:
# 242-272
name=unknown_B
#
# <colnr> <probs for GDERKNQSTAVLIFYWHMCP>
#	G	D	E	R	K	N	Q	S	T	A	V	L	I	F	Y	W	H	M	C	P
0	0.02957	0.08754	0.09814	0.02634	0.09993	0.03738	0.09556	0.03235	0.05948	0.13292	0.04759	0.09902	0.06392	0.00703	0.00504	0.00155	0.00513	0.03585	0.00371	0.03196
1	0.00662	0.04066	0.02840	0.02040	0.00817	0.00512	0.00510	0.00778	0.00981	0.01291	0.05655	0.56031	0.13587	0.04936	0.00675	0.00196	0.00317	0.01178	0.00427	0.02501
2	0.04387	0.15785	0.05177	0.01214	0.06272	0.20254	0.08579	0.07772	0.04366	0.05337	0.12050	0.04179	0.01379	0.00597	0.00467	0.00141	0.00591	0.00486	0.00337	0.00630
3	0.00688	0.02973	0.00711	0.00752	0.02781	0.00525	0.00535	0.00846	0.02909	0.01347	0.07417	0.43428	0.14389	0.04247	0.04116	0.00225	0.00366	0.10875	0.00435	0.00436
4	0.03590	0.04240	0.12862	0.06825	0.25619	0.02478	0.15097	0.06449	0.05828	0.01681	0.02689	0.02902	0.00903	0.00504	0.00511	0.00151	0.02168	0.00469	0.00282	0.04752
5	0.02811	0.53264	0.05903	0.00938	0.01316	0.01709	0.00899	0.11660	0.01148	0.01487	0.00784	0.00917	0.00676	0.00495	0.00488	0.00125	0.09263	0.00315	0.02331	0.03470
6	0.01836	0.02342	0.01393	0.01266	0.01519	0.80756	0.00950	0.01962	0.01393	0.01203	0.00760	0.00886	0.00633	0.00506	0.00443	0.00127	0.00886	0.00317	0.00253	0.00570
7	0.01224	0.06146	0.14989	0.12968	0.03669	0.04009	0.13163	0.11507	0.17357	0.03287	0.03527	0.01487	0.03344	0.00559	0.00496	0.00156	0.00595	0.00490	0.00340	0.00690
8	0.03777	0.07669	0.43608	0.04864	0.06134	0.03461	0.08236	0.02928	0.04902	0.06344	0.00988	0.01136	0.00725	0.00490	0.00495	0.00154	0.02724	0.00399	0.00262	0.00705
9	0.00611	0.00437	0.00584	0.00691	0.00723	0.00415	0.00468	0.00702	0.00934	0.01248	0.02617	0.74867	0.03115	0.03787	0.04033	0.00232	0.00338	0.03355	0.00444	0.00400
10	0.01359	0.00835	0.01003	0.05355	0.01201	0.00848	0.00686	0.18084	0.04779	0.21635	0.10825	0.02484	0.18839	0.03161	0.01751	0.00175	0.02721	0.00650	0.02966	0.00643
11	0.03118	0.05330	0.32433	0.06285	0.12478	0.02343	0.06530	0.08987	0.04583	0.04474	0.01247	0.04683	0.04228	0.00563	0.00484	0.00155	0.00612	0.00478	0.00295	0.00697
12	0.01148	0.01211	0.11118	0.09449	0.21166	0.01061	0.18571	0.03056	0.04493	0.07328	0.03051	0.10503	0.01168	0.00620	0.00569	0.00164	0.03754	0.00589	0.00311	0.00670
13	0.86201	0.00950	0.00722	0.00646	0.00950	0.01102	0.00532	0.01445	0.00836	0.02205	0.00684	0.00798	0.00532	0.00456	0.00304	0.00152	0.00380	0.00266	0.00304	0.00532
14	0.04069	0.03069	0.18297	0.12870	0.08543	0.01045	0.07525	0.05801	0.03304	0.08536	0.01219	0.05455	0.01854	0.02081	0.07379	0.01932	0.04590	0.01492	0.00304	0.00635
15	0.01284	0.06684	0.18745	0.05561	0.06091	0.09558	0.18869	0.09626	0.04586	0.04897	0.01076	0.01263	0.01927	0.00638	0.03741	0.00179	0.03855	0.00451	0.00290	0.00678
16	0.00726	0.00493	0.00586	0.00613	0.00678	0.00467	0.00403	0.00828	0.02971	0.04573	0.04153	0.32575	0.15707	0.31461	0.01303	0.00292	0.00357	0.01011	0.00407	0.00394
17	0.01191	0.00856	0.00961	0.00863	0.01103	0.00905	0.00688	0.15154	0.24856	0.08879	0.06019	0.06918	0.14973	0.00895	0.00540	0.00169	0.00385	0.10687	0.03313	0.00644
18	0.02882	0.05303	0.04553	0.11948	0.09949	0.02780	0.06335	0.29033	0.08489	0.05391	0.01158	0.02936	0.00889	0.00566	0.00529	0.00153	0.03826	0.00462	0.00370	0.02446
19	0.02888	0.07105	0.13799	0.06008	0.07938	0.10240	0.03167	0.14829	0.11123	0.06273	0.01240	0.06506	0.01021	0.00618	0.00529	0.00155	0.04071	0.01454	0.00348	0.00689
20	0.00715	0.00505	0.00671	0.00669	0.00742	0.00545	0.00486	0.00848	0.00839	0.01199	0.05336	0.02523	0.06573	0.23944	0.44697	0.00582	0.00887	0.00620	0.07214	0.00403
21	0.00728	0.00520	0.00641	0.00655	0.00765	0.00485	0.00473	0.02537	0.03843	0.04173	0.27127	0.36010	0.17724	0.01235	0.00592	0.00175	0.00275	0.01091	0.00490	0.00459
22	0.01291	0.09530	0.07336	0.04252	0.16139	0.07350	0.04097	0.06599	0.20720	0.06127	0.02465	0.03141	0.04222	0.00591	0.00500	0.00150	0.02160	0.00491	0.00355	0.02485
23	0.10828	0.13865	0.09789	0.08527	0.10739	0.04927	0.10021	0.05663	0.01161	0.10641	0.01262	0.01384	0.05829	0.00529	0.00450	0.00146	0.00564	0.00441	0.02579	0.00656
24	0.00835	0.00563	0.00756	0.00730	0.00810	0.00623	0.00537	0.03620	0.02632	0.03199	0.01352	0.03212	0.01304	0.19313	0.40131	0.11211	0.03027	0.00556	0.05173	0.00416
25	0.00654	0.00447	0.00567	0.00638	0.00682	0.00426	0.00429	0.00758	0.00957	0.01328	0.08615	0.54431	0.04507	0.11704	0.03109	0.00239	0.00328	0.01147	0.08636	0.00399
26	0.03827	0.01213	0.12620	0.32277	0.07720	0.04227	0.04364	0.09554	0.02831	0.03344	0.03662	0.04234	0.00973	0.00691	0.03936	0.00184	0.00634	0.00480	0.02607	0.00621
27	0.04491	0.07320	0.03543	0.03767	0.04246	0.06119	0.07122	0.04259	0.06851	0.14657	0.06797	0.06234	0.02710	0.06682	0.02461	0.00197	0.11005	0.00555	0.00368	0.00615
28	0.03450	0.01095	0.07170	0.04486	0.03523	0.04538	0.04024	0.16313	0.04393	0.23728	0.07515	0.04796	0.03733	0.02385	0.00539	0.00160	0.00483	0.01867	0.05112	0.00689
29	0.00675	0.00483	0.00637	0.00674	0.00709	0.00505	0.00458	0.00758	0.00818	0.01119	0.01888	0.31520	0.02141	0.29726	0.23724	0.00459	0.02080	0.00904	0.00344	0.00378
30	0.01054	0.00936	0.01083	0.00789	0.01216	0.03088	0.02640	0.01315	0.03714	0.01604	0.00912	0.01051	0.00752	0.00380	0.00377	0.00080	0.00393	0.00309	0.00296	0.78011

[dist]
# distance from previous block
# <min> <max>
0	3

[block]
# block no. 2 follows, 51 sequences, length 15
# corresponding to MSA columns:
# 276-290
name=unknown_C
#
# <colnr> <probs for GDERKNQSTAVLIFYWHMCP>
#	G	D	E	R	K	N	Q	S	T	A	V	L	I	F	Y	W	H	M	C	P
0	0.01331	0.07775	0.27187	0.07889	0.01788	0.04027	0.03411	0.12905	0.03002	0.11823	0.01116	0.02884	0.00848	0.00556	0.00532	0.00150	0.05166	0.01420	0.00325	0.05865
1	0.01122	0.07961	0.56647	0.01340	0.03748	0.01177	0.04502	0.06574	0.01141	0.04787	0.01011	0.01138	0.02149	0.00485	0.00461	0.00148	0.00664	0.00386	0.00253	0.04304
2	0.61289	0.00898	0.00771	0.00694	0.00939	0.02504	0.00558	0.01336	0.00863	0.01962	0.02230	0.02843	0.00799	0.03841	0.03883	0.00192	0.05766	0.00354	0.05309	0.02972
3	0.00694	0.00534	0.00624	0.00633	0.02646	0.00479	0.00457	0.00881	0.02740	0.03796	0.25893	0.07423	0.46242	0.01224	0.03368	0.00185	0.00299	0.00952	0.00474	0.00457
4	0.05952	0.02814	0.08952	0.10197	0.11852	0.05143	0.07300	0.07717	0.02336	0.11591	0.01281	0.06883	0.01065	0.00891	0.08067	0.00215	0.00630	0.01927	0.04542	0.00643
5	0.02001	0.06551	0.01382	0.01007	0.01379	0.11109	0.02701	0.18610	0.01567	0.46309	0.01520	0.01400	0.01010	0.00574	0.00478	0.00145	0.00521	0.00447	0.00503	0.00785
6	0.00663	0.00512	0.00611	0.00622	0.00750	0.00453	0.00459	0.00807	0.01100	0.01444	0.17723	0.24173	0.29924	0.05031	0.00675	0.00186	0.00292	0.07607	0.00453	0.06514
7	0.01025	0.00849	0.01109	0.08191	0.08083	0.03688	0.00820	0.03473	0.03955	0.05610	0.20432	0.03504	0.08203	0.00888	0.03047	0.00185	0.19313	0.00617	0.06452	0.00555
8	0.07157	0.24463	0.09231	0.03506	0.05787	0.17968	0.05899	0.15520	0.01338	0.03575	0.00876	0.00997	0.00691	0.00483	0.00423	0.00134	0.00636	0.00356	0.00290	0.00670
9	0.02603	0.00636	0.00867	0.00822	0.00884	0.00755	0.00623	0.00956	0.00801	0.04188	0.01349	0.07775	0.01372	0.20916	0.36919	0.00526	0.16671	0.00606	0.00290	0.00440
10	0.00608	0.00438	0.00565	0.00659	0.00698	0.00407	0.00440	0.00695	0.00952	0.01261	0.05013	0.69382	0.08640	0.06833	0.00746	0.00214	0.00294	0.01312	0.00448	0.00395
11	0.00965	0.00799	0.01016	0.00950	0.01148	0.00853	0.06191	0.02996	0.32774	0.01719	0.04491	0.18921	0.05427	0.00997	0.00570	0.00184	0.00401	0.16419	0.02583	0.00595
12	0.10420	0.02861	0.03343	0.03098	0.04385	0.11215	0.03125	0.36790	0.04074	0.10168	0.01172	0.01253	0.00861	0.00560	0.00463	0.00147	0.00556	0.01447	0.03333	0.00731
13	0.04127	0.11780	0.20428	0.08379	0.01717	0.07715	0.08035	0.05395	0.05920	0.02992	0.03289	0.01370	0.00939	0.07717	0.00629	0.00169	0.00601	0.00428	0.00285	0.08083
14	0.01215	0.21624	0.33341	0.01264	0.05594	0.02596	0.05756	0.01683	0.08493	0.07220	0.01023	0.01121	0.00773	0.00475	0.00436	0.00139	0.00602	0.00378	0.00275	0.05994

[dist]
# distance from previous block
# <min> <max>
0	1

[block]
# block no. 3 follows, 51 sequences, length 18
# corresponding to MSA columns:
# 292-309
name=unknown_D
#
# <colnr> <probs for GDERKNQSTAVLIFYWHMCP>
#	G	D	E	R	K	N	Q	S	T	A	V	L	I	F	Y	W	H	M	C	P
0	0.00708	0.00496	0.00642	0.00695	0.00773	0.00469	0.00496	0.03447	0.01111	0.03193	0.18795	0.53705	0.06517	0.01352	0.00611	0.00187	0.00294	0.05589	0.00478	0.00441
1	0.02847	0.00974	0.03376	0.00859	0.01163	0.03163	0.00713	0.23487	0.02766	0.26666	0.09707	0.01724	0.01437	0.00629	0.00466	0.00143	0.00415	0.00502	0.18261	0.00702
2	0.01148	0.05040	0.01451	0.11498	0.10520	0.13023	0.01036	0.01372	0.04779	0.01270	0.00888	0.01244	0.00786	0.01085	0.11646	0.02823	0.29158	0.00426	0.00245	0.00564
3	0.00831	0.00621	0.00722	0.00667	0.00839	0.00604	0.00509	0.02894	0.13675	0.04776	0.41974	0.03538	0.24474	0.00993	0.00562	0.00159	0.00275	0.00852	0.00513	0.00523
4	0.06458	0.00900	0.01106	0.00884	0.01217	0.00866	0.00717	0.18000	0.01505	0.48507	0.01879	0.10884	0.03384	0.00720	0.00501	0.00157	0.00422	0.00589	0.00546	0.00758
5	0.02182	0.04199	0.03231	0.21694	0.10931	0.03473	0.06672	0.13881	0.02946	0.01632	0.01325	0.13136	0.02541	0.06252	0.00685	0.00184	0.03511	0.00605	0.00320	0.00602
6	0.05091	0.01456	0.01225	0.01113	0.01258	0.34139	0.00867	0.03162	0.01078	0.01278	0.00981	0.07196	0.00938	0.01248	0.15196	0.00276	0.22237	0.00465	0.00268	0.00529
7	0.00635	0.00479	0.00571	0.00628	0.00702	0.00446	0.00429	0.00776	0.03989	0.01295	0.05824	0.46961	0.23152	0.10743	0.00824	0.00220	0.00300	0.01173	0.00443	0.00409
8	0.54082	0.00959	0.00895	0.00761	0.01082	0.01056	0.00622	0.05651	0.09994	0.18988	0.01131	0.01125	0.00806	0.00520	0.00377	0.00154	0.00397	0.00357	0.00402	0.00641
9	0.00954	0.00746	0.00931	0.01012	0.09983	0.00758	0.00682	0.03416	0.20326	0.05228	0.18895	0.12898	0.16813	0.00955	0.00554	0.00167	0.00347	0.04281	0.00468	0.00586
10	0.03729	0.06432	0.17369	0.03479	0.28911	0.03428	0.07943	0.05136	0.05095	0.04488	0.01008	0.01204	0.00789	0.00576	0.03224	0.00166	0.00628	0.00419	0.00278	0.05698
11	0.01142	0.50018	0.21265	0.00997	0.01466	0.01539	0.04708	0.01409	0.01030	0.01293	0.01240	0.01328	0.09697	0.00526	0.00395	0.00127	0.00557	0.00391	0.00240	0.00631
12	0.00608	0.00444	0.00572	0.00655	0.00709	0.00408	0.00447	0.00715	0.01014	0.01345	0.11792	0.64246	0.12348	0.01444	0.00616	0.00190	0.00275	0.01296	0.00466	0.00408
13	0.00818	0.00625	0.00691	0.00676	0.00847	0.00606	0.00509	0.02845	0.15598	0.05225	0.05170	0.20048	0.39955	0.01152	0.00572	0.00174	0.00303	0.03204	0.00474	0.00511
14	0.00764	0.10023	0.01004	0.12025	0.01222	0.00713	0.02389	0.00914	0.00976	0.01270	0.02146	0.49382	0.02453	0.02830	0.00615	0.00192	0.00400	0.09841	0.00387	0.00456
15	0.03729	0.04669	0.01045	0.00821	0.01067	0.01019	0.00650	0.26773	0.11823	0.05703	0.04164	0.01759	0.01278	0.10149	0.03435	0.00201	0.00446	0.00500	0.20136	0.00634
16	0.04038	0.03787	0.06297	0.02786	0.08588	0.01041	0.09760	0.13174	0.05129	0.29895	0.01362	0.01362	0.00946	0.00525	0.00477	0.00144	0.00517	0.00451	0.00426	0.09294
17	0.01086	0.22434	0.38477	0.01254	0.02948	0.01381	0.04835	0.01478	0.03328	0.01406	0.00984	0.01154	0.03526	0.00547	0.00615	0.00153	0.13113	0.00389	0.00230	0.00661

[dist]
# distance from previous block
# <min> <max>
2	13

[block]
# block no. 4 follows, 51 sequences, length 21
# corresponding to MSA columns:
# 339-359
name=unknown_E
#
# <colnr> <probs for GDERKNQSTAVLIFYWHMCP>
#	G	D	E	R	K	N	Q	S	T	A	V	L	I	F	Y	W	H	M	C	P
0	0.00850	0.00670	0.00809	0.00691	0.00919	0.00596	0.00532	0.01117	0.05548	0.02773	0.30974	0.08934	0.09758	0.00821	0.00535	0.00134	0.02897	0.00699	0.02357	0.28386
1	0.03029	0.07693	0.13057	0.04936	0.08170	0.01099	0.00979	0.14212	0.08367	0.03647	0.01039	0.01146	0.00801	0.00469	0.00427	0.00123	0.00496	0.00372	0.00325	0.29614
2	0.02713	0.17654	0.18794	0.02911	0.03481	0.02370	0.11928	0.06717	0.07165	0.03755	0.02558	0.02342	0.03058	0.00510	0.00449	0.00136	0.00568	0.00431	0.00298	0.12162
3	0.01243	0.12287	0.24769	0.04024	0.08720	0.02366	0.03323	0.13761	0.07269	0.04280	0.02171	0.04771	0.00961	0.00561	0.00481	0.00146	0.01721	0.01239	0.00317	0.05591
4	0.01029	0.00881	0.03404	0.00845	0.01076	0.00899	0.00676	0.09602	0.33151	0.02032	0.28381	0.05523	0.08760	0.00845	0.00536	0.00161	0.00347	0.00720	0.00499	0.00633
5	0.00668	0.00518	0.00703	0.02978	0.00887	0.00504	0.02619	0.00843	0.03790	0.01325	0.04394	0.49249	0.14593	0.01551	0.07047	0.00240	0.00403	0.06824	0.00432	0.00435
6	0.01519	0.00968	0.03439	0.04125	0.04305	0.00921	0.12894	0.10081	0.01354	0.30919	0.11490	0.01766	0.01465	0.00776	0.04533	0.00187	0.04400	0.00543	0.03617	0.00697
7	0.06306	0.14072	0.01797	0.14217	0.09577	0.13377	0.11486	0.10126	0.09469	0.01653	0.00985	0.01163	0.00775	0.00503	0.00484	0.00147	0.02497	0.00414	0.00294	0.00657
8	0.04396	0.00987	0.01057	0.00936	0.01203	0.01113	0.00734	0.09020	0.54666	0.04362	0.11302	0.02013	0.01794	0.00700	0.00501	0.00162	0.00382	0.01743	0.02203	0.00726
9	0.00677	0.00461	0.00547	0.00584	0.00593	0.00451	0.00349	0.00705	0.00788	0.01051	0.01926	0.28959	0.02262	0.56338	0.01892	0.00386	0.00414	0.00936	0.00349	0.00331
10	0.00878	0.00752	0.03822	0.01289	0.20223	0.00719	0.00798	0.01073	0.02077	0.01374	0.01656	0.14082	0.01725	0.19056	0.06976	0.00285	0.02725	0.11279	0.08706	0.00507
11	0.02205	0.00836	0.01140	0.00874	0.01254	0.00722	0.00722	0.02395	0.01407	0.80004	0.01939	0.01673	0.01216	0.00608	0.00494	0.00152	0.00418	0.00494	0.00608	0.00836
12	0.00662	0.00497	0.00611	0.00620	0.00724	0.00459	0.00447	0.00859	0.03426	0.01619	0.39074	0.24786	0.19477	0.03678	0.00649	0.00179	0.00262	0.01040	0.00492	0.00440
13	0.00651	0.00514	0.00588	0.00570	0.00714	0.00460	0.00427	0.00859	0.03472	0.01634	0.38029	0.06016	0.42043	0.01128	0.00579	0.00162	0.00246	0.00966	0.00495	0.00447
14	0.63336	0.00975	0.00866	0.00736	0.01055	0.01091	0.00606	0.10585	0.01081	0.12118	0.00918	0.00984	0.00673	0.00578	0.02510	0.00169	0.00429	0.00323	0.00364	0.00604
15	0.06380	0.00842	0.01105	0.00858	0.01221	0.00754	0.00706	0.04685	0.01406	0.69557	0.05864	0.01716	0.01347	0.00620	0.00489	0.00152	0.00410	0.00501	0.00586	0.00802
16	0.00602	0.00445	0.00564	0.00648	0.00706	0.00406	0.00442	0.00704	0.01002	0.01315	0.08263	0.63752	0.16446	0.01453	0.00616	0.00191	0.00275	0.01301	0.00462	0.00406
17	0.01230	0.03151	0.18071	0.01034	0.01356	0.08578	0.05024	0.05285	0.01154	0.16339	0.01604	0.21564	0.01504	0.04319	0.07288	0.00228	0.00604	0.00682	0.00375	0.00609
18	0.02178	0.04547	0.22734	0.08988	0.09351	0.02299	0.19971	0.08590	0.01185	0.01645	0.02752	0.05872	0.00996	0.00579	0.00553	0.00162	0.03580	0.03074	0.00280	0.00661
19	0.04772	0.16201	0.05848	0.01058	0.01459	0.02886	0.00932	0.51513	0.04755	0.02532	0.01088	0.01120	0.00806	0.00549	0.00448	0.00140	0.00536	0.00402	0.02188	0.00767
20	0.01500	0.07000	0.03449	0.01272	0.06395	0.04056	0.10269	0.42173	0.01776	0.02378	0.08720	0.04165	0.01255	0.00613	0.00497	0.00148	0.00547	0.00516	0.02546	0.00725

[dist]
# distance from previous block
# <min> <max>
0	8

[block]
# block no. 5 follows, 51 sequences, length 25
# corresponding to MSA columns:
# 368-386,396-401
name=unknown_F
#
# <colnr> <probs for GDERKNQSTAVLIFYWHMCP>
#	G	D	E	R	K	N	Q	S	T	A	V	L	I	F	Y	W	H	M	C	P
0	0.01025	0.01082	0.08354	0.51842	0.13354	0.01148	0.01370	0.01338	0.00989	0.03431	0.00882	0.01254	0.00683	0.00531	0.00627	0.00167	0.10663	0.00431	0.00231	0.00600
1	0.04794	0.00911	0.01115	0.00897	0.01242	0.00893	0.00728	0.06577	0.20307	0.51399	0.01857	0.01660	0.01242	0.00615	0.00484	0.00154	0.00410	0.00497	0.03418	0.00799
2	0.24953	0.01282	0.14331	0.07483	0.01453	0.06408	0.00903	0.11218	0.01168	0.11804	0.01074	0.01327	0.00841	0.08421	0.02883	0.00200	0.01609	0.00406	0.01616	0.00620
3	0.00970	0.00826	0.04242	0.05485	0.08383	0.02608	0.00744	0.09121	0.05967	0.05184	0.05745	0.30799	0.12289	0.02804	0.02357	0.00192	0.00424	0.00891	0.00418	0.00553
4	0.00700	0.00470	0.00540	0.00554	0.00558	0.00467	0.00318	0.00711	0.00743	0.00990	0.01693	0.13090	0.01969	0.72607	0.02268	0.00442	0.00453	0.00800	0.00318	0.00310
5	0.00694	0.00515	0.00641	0.00613	0.00738	0.00474	0.00458	0.02562	0.01331	0.01830	0.59039	0.09497	0.17626	0.01076	0.00581	0.00160	0.00245	0.00942	0.00519	0.00459
6	0.00974	0.00949	0.01566	0.63521	0.05423	0.03232	0.07426	0.01285	0.01009	0.01302	0.02484	0.03225	0.00805	0.00535	0.00552	0.00165	0.04278	0.00476	0.00234	0.00558
7	0.01314	0.83025	0.02575	0.00841	0.01261	0.01945	0.00841	0.01472	0.00999	0.01156	0.00683	0.00788	0.00631	0.00420	0.00315	0.00105	0.00526	0.00263	0.00210	0.00631
8	0.00691	0.00471	0.00545	0.00560	0.00576	0.00462	0.00332	0.00719	0.00794	0.01057	0.05211	0.15142	0.05267	0.63776	0.02061	0.00409	0.00428	0.00837	0.00338	0.00325
9	0.00625	0.00467	0.00575	0.00614	0.00700	0.00423	0.00432	0.00757	0.01102	0.01460	0.24353	0.38561	0.22772	0.04001	0.00664	0.00188	0.00268	0.01144	0.00474	0.00418
10	0.00707	0.00502	0.00566	0.00571	0.00702	0.00456	0.00420	0.00896	0.03217	0.03186	0.18529	0.17935	0.35889	0.01123	0.00550	0.00162	0.00256	0.00964	0.12922	0.00447
11	0.04226	0.00960	0.01068	0.00891	0.01203	0.01001	0.00708	0.10867	0.34555	0.14384	0.07635	0.01721	0.01466	0.00620	0.00471	0.00145	0.00388	0.00506	0.04138	0.13046
12	0.03339	0.01232	0.02517	0.08587	0.02437	0.01196	0.61152	0.04156	0.02856	0.01611	0.01150	0.01447	0.03546	0.00515	0.01831	0.00174	0.00770	0.00570	0.00269	0.00646
13	0.00644	0.00485	0.00708	0.00774	0.00834	0.00457	0.04446	0.00758	0.00968	0.01289	0.02612	0.71678	0.03086	0.01466	0.00629	0.00200	0.00327	0.07774	0.00445	0.00417
14	0.01261	0.00925	0.02674	0.00824	0.01073	0.07122	0.00666	0.13196	0.06798	0.15426	0.09614	0.02530	0.19309	0.01111	0.08784	0.00219	0.00506	0.02173	0.05182	0.00608
15	0.51407	0.04202	0.09301	0.00956	0.01336	0.01159	0.10233	0.03587	0.07078	0.05351	0.00912	0.01016	0.00684	0.00477	0.00384	0.00153	0.00483	0.00352	0.00317	0.00612
16	0.01111	0.01077	0.01809	0.15152	0.47652	0.03035	0.09116	0.01390	0.01086	0.01495	0.03228	0.04908	0.01022	0.05083	0.00616	0.00171	0.00599	0.00518	0.00261	0.00672
17	0.01241	0.67500	0.14661	0.00921	0.01378	0.01766	0.00980	0.01466	0.01019	0.01248	0.03500	0.00929	0.00771	0.00448	0.00348	0.00115	0.00547	0.00301	0.00221	0.00640
18	0.00615	0.00457	0.00566	0.00632	0.00701	0.00417	0.00437	0.00725	0.01024	0.01341	0.11877	0.50485	0.20417	0.05563	0.00708	0.00202	0.00284	0.02684	0.00458	0.00406
19	0.01238	0.01210	0.00988	0.00917	0.01076	0.25780	0.00671	0.05400	0.11887	0.03316	0.01455	0.07877	0.01417	0.24101	0.03787	0.00266	0.02391	0.03637	0.02070	0.00517
20	0.01151	0.22597	0.47947	0.02767	0.06210	0.01326	0.04180	0.01572	0.01055	0.05609	0.00894	0.01033	0.00670	0.00460	0.00436	0.00143	0.00654	0.00358	0.00233	0.00705
21	0.00649	0.00484	0.00603	0.00655	0.00743	0.00453	0.00481	0.00780	0.01042	0.01359	0.12001	0.31303	0.22706	0.08090	0.04722	0.00241	0.00361	0.12470	0.00443	0.00412
22	0.00828	0.00468	0.00648	0.00652	0.00684	0.00467	0.00444	0.00759	0.05052	0.00997	0.01439	0.09154	0.07836	0.01595	0.01609	0.65845	0.00397	0.00575	0.00272	0.00279
23	0.01209	0.06226	0.11585	0.03790	0.12399	0.11603	0.05426	0.07276	0.10186	0.01675	0.04504	0.04009	0.02807	0.00612	0.00501	0.00149	0.02323	0.03095	0.08067	0.02559
24	0.03016	0.00641	0.00727	0.00636	0.00856	0.00562	0.00485	0.04598	0.01164	0.01611	0.18564	0.08634	0.28466	0.03899	0.02832	0.00170	0.00332	0.00773	0.00419	0.21615

[dist]
# distance from previous block
# <min> <max>
1	3

[block]
# block no. 6 follows, 51 sequences, length 27
# corresponding to MSA columns:
# 406-432
name=unknown_G
#
# <colnr> <probs for GDERKNQSTAVLIFYWHMCP>
#	G	D	E	R	K	N	Q	S	T	A	V	L	I	F	Y	W	H	M	C	P
0	0.01545	0.19747	0.07594	0.01400	0.10515	0.41054	0.02937	0.04270	0.01251	0.01337	0.00787	0.00941	0.00658	0.00490	0.00469	0.00131	0.03664	0.00337	0.00246	0.00629
1	0.01082	0.00882	0.01060	0.00817	0.03997	0.00677	0.00622	0.01302	0.01041	0.05284	0.00925	0.01057	0.00753	0.00378	0.00374	0.00079	0.00374	0.00306	0.00304	0.78685
2	0.00787	0.00730	0.07485	0.00860	0.02386	0.00609	0.00724	0.02762	0.02939	0.01464	0.09972	0.15867	0.08422	0.06636	0.05958	0.02810	0.00472	0.28236	0.00410	0.00470
3	0.28315	0.05946	0.20213	0.03899	0.07187	0.01126	0.04353	0.07296	0.01110	0.10167	0.02397	0.01187	0.00806	0.03454	0.00494	0.00162	0.00532	0.00386	0.00316	0.00654
4	0.00832	0.00693	0.03374	0.04194	0.01023	0.02281	0.00637	0.04041	0.08398	0.03814	0.05554	0.37514	0.11224	0.01360	0.05772	0.00224	0.00427	0.07708	0.00434	0.00497
5	0.00610	0.00433	0.00571	0.00672	0.00702	0.00406	0.00446	0.00695	0.00942	0.01260	0.05356	0.74493	0.03205	0.06771	0.00747	0.00216	0.00296	0.01335	0.00449	0.00395
6	0.01281	0.01286	0.10438	0.06696	0.04678	0.14589	0.04875	0.04397	0.09400	0.12326	0.15183	0.03677	0.06702	0.00694	0.00512	0.00154	0.00534	0.01546	0.00398	0.00634
7	0.16169	0.12644	0.27360	0.01231	0.05679	0.01246	0.06751	0.10581	0.01204	0.11296	0.00994	0.01086	0.00722	0.00485	0.00433	0.00147	0.00580	0.00377	0.00311	0.00704
8	0.00722	0.00946	0.17171	0.00804	0.01070	0.00619	0.02495	0.00972	0.01110	0.01466	0.13972	0.07184	0.34694	0.01238	0.06610	0.00216	0.00458	0.07360	0.00397	0.00496
9	0.00761	0.00468	0.00593	0.00651	0.00720	0.00439	0.00450	0.00876	0.00990	0.06435	0.04733	0.54405	0.04949	0.06909	0.00706	0.00202	0.00299	0.02470	0.12511	0.00432
10	0.01298	0.04392	0.07685	0.07034	0.20317	0.05814	0.11486	0.06492	0.10298	0.08916	0.01248	0.06599	0.01024	0.00589	0.00556	0.00158	0.04548	0.00519	0.00331	0.00698
11	0.02975	0.04300	0.16459	0.25298	0.16333	0.03368	0.04003	0.04916	0.04920	0.03458	0.01059	0.01435	0.00851	0.02567	0.00547	0.00165	0.01721	0.03164	0.01811	0.00650
12	0.01081	0.08752	0.24061	0.21839	0.10183	0.03398	0.10663	0.01480	0.03611	0.03347	0.01057	0.06437	0.00876	0.00540	0.00487	0.00156	0.00646	0.00482	0.00256	0.00648
13	0.37735	0.01386	0.04646	0.06621	0.15050	0.19571	0.02362	0.01560	0.01035	0.01727	0.00769	0.00956	0.00619	0.00482	0.00443	0.00149	0.03692	0.00335	0.00267	0.00596
14	0.02294	0.00753	0.01160	0.21770	0.15072	0.00815	0.02509	0.01113	0.01945	0.01429	0.07199	0.14785	0.08751	0.01043	0.05761	0.00212	0.02908	0.07222	0.02728	0.00533
15	0.19491	0.01370	0.16543	0.01162	0.06531	0.01140	0.03763	0.18876	0.06595	0.10758	0.01106	0.01163	0.00800	0.00508	0.00439	0.00146	0.00516	0.00394	0.00367	0.08332
16	0.01130	0.08297	0.19828	0.00985	0.03647	0.00895	0.00929	0.04528	0.01108	0.09819	0.01341	0.13696	0.02545	0.00627	0.00451	0.00130	0.00469	0.00521	0.00333	0.28720
17	0.01086	0.00797	0.00948	0.00722	0.01079	0.00640	0.00572	0.03431	0.01138	0.09184	0.10780	0.04477	0.03617	0.00547	0.00421	0.00101	0.00347	0.00455	0.03391	0.56266
18	0.00974	0.02463	0.77108	0.01370	0.02073	0.01115	0.01763	0.01532	0.01051	0.01572	0.03918	0.01139	0.00778	0.00488	0.00471	0.00156	0.00707	0.00383	0.00220	0.00716
19	0.01252	0.00897	0.01062	0.00785	0.01189	0.00743	0.00631	0.08710	0.01184	0.12878	0.01083	0.01203	0.00846	0.02236	0.03082	0.00123	0.00422	0.00351	0.00355	0.60968
20	0.00928	0.00873	0.01474	0.81548	0.03385	0.01092	0.01365	0.01256	0.00983	0.01256	0.00873	0.01310	0.00655	0.00491	0.00491	0.00164	0.00655	0.00437	0.00218	0.00546
21	0.00640	0.00473	0.00591	0.00667	0.00732	0.00441	0.00459	0.03271	0.01027	0.01345	0.04895	0.65067	0.15683	0.01447	0.00614	0.00191	0.00286	0.01294	0.00459	0.00418
22	0.00778	0.00594	0.00650	0.00650	0.00805	0.00577	0.00480	0.01143	0.15900	0.03834	0.03526	0.23571	0.37882	0.01147	0.00559	0.00171	0.00289	0.00983	0.05966	0.00496
23	0.18221	0.00962	0.01105	0.26221	0.01779	0.09035	0.02238	0.04122	0.01026	0.08392	0.01015	0.01369	0.00820	0.05546	0.04477	0.08826	0.00584	0.00418	0.03315	0.00528
24	0.01160	0.06893	0.29559	0.01640	0.05588	0.02945	0.30615	0.05509	0.01152	0.03006	0.00998	0.03868	0.00787	0.00502	0.00549	0.00158	0.03642	0.00485	0.00256	0.00685
25	0.03746	0.01051	0.01161	0.00941	0.01256	0.02745	0.00762	0.34139	0.09779	0.19796	0.08610	0.03458	0.01442	0.00668	0.00491	0.00151	0.00443	0.01881	0.06740	0.00739
26	0.75436	0.00936	0.00776	0.00675	0.00989	0.01054	0.00557	0.01566	0.00909	0.12175	0.00845	0.00910	0.00620	0.00476	0.00328	0.00152	0.00385	0.00295	0.00343	0.00571

[dist]
# distance from previous block
# <min> <max>
0	13

[block]
# block no. 7 follows, 51 sequences, length 35
# corresponding to MSA columns:
# 446-480
name=unknown_H
#
# <colnr> <probs for GDERKNQSTAVLIFYWHMCP>
#	G	D	E	R	K	N	Q	S	T	A	V	L	I	F	Y	W	H	M	C	P
0	0.02412	0.01017	0.01423	0.14415	0.17062	0.00999	0.03485	0.07061	0.03456	0.15332	0.15775	0.02167	0.04910	0.00751	0.00580	0.00183	0.00525	0.00612	0.02704	0.05133
1	0.04850	0.01743	0.01322	0.01133	0.01438	0.41553	0.00882	0.18369	0.09641	0.12644	0.01140	0.01154	0.00844	0.00553	0.00462	0.00140	0.00677	0.00391	0.00381	0.00684
2	0.01287	0.01088	0.01148	0.01013	0.01303	0.01253	0.00793	0.10169	0.71113	0.02160	0.01918	0.01768	0.01434	0.00659	0.00499	0.00165	0.00404	0.00544	0.00499	0.00784
3	0.00765	0.00564	0.00719	0.00702	0.00801	0.00571	0.00524	0.00908	0.01107	0.05571	0.24903	0.26956	0.20194	0.02924	0.00753	0.00184	0.09944	0.00995	0.00456	0.00458
4	0.00683	0.00566	0.03678	0.00717	0.00802	0.00499	0.00529	0.00885	0.06110	0.01352	0.04681	0.57719	0.05972	0.06266	0.00716	0.00208	0.00324	0.04669	0.03186	0.00437
5	0.03898	0.00944	0.03900	0.00819	0.01231	0.00756	0.00689	0.06515	0.01233	0.26861	0.03764	0.01319	0.01008	0.00484	0.00423	0.00111	0.00402	0.00387	0.00411	0.44845
6	0.01170	0.00781	0.00894	0.00806	0.01006	0.04002	0.00621	0.09258	0.11013	0.15373	0.26524	0.17701	0.04835	0.00949	0.00552	0.00165	0.00359	0.02886	0.00510	0.00596
7	0.00748	0.00564	0.00807	0.00789	0.00871	0.00657	0.00604	0.02825	0.00818	0.01170	0.01313	0.02026	0.01260	0.12660	0.66474	0.00714	0.04449	0.00542	0.00271	0.00436
8	0.00960	0.00821	0.01232	0.05958	0.01288	0.02602	0.12564	0.01133	0.00973	0.04246	0.10587	0.03413	0.03732	0.20217	0.03549	0.00264	0.18257	0.02231	0.05486	0.00489
9	0.00685	0.00502	0.00643	0.00607	0.00728	0.00459	0.00456	0.00908	0.01367	0.01913	0.72753	0.03765	0.11325	0.01026	0.00580	0.00156	0.00233	0.00902	0.00533	0.00459
10	0.77216	0.00938	0.00767	0.00671	0.00983	0.01062	0.00553	0.01546	0.00897	0.10526	0.00818	0.00892	0.00605	0.00472	0.00324	0.00152	0.00384	0.00291	0.00337	0.00565
11	0.00711	0.00489	0.00599	0.00634	0.00738	0.00439	0.00455	0.00835	0.01079	0.06108	0.12669	0.39653	0.26643	0.03345	0.00648	0.00189	0.00286	0.03573	0.00472	0.00437
12	0.00704	0.00519	0.00751	0.00751	0.00825	0.00593	0.00565	0.00852	0.00778	0.01112	0.01352	0.02129	0.01315	0.15890	0.68695	0.00741	0.01187	0.00556	0.00269	0.00417
13	0.01658	0.01105	0.01196	0.00945	0.01268	0.01195	0.00772	0.51899	0.03124	0.09363	0.01359	0.01389	0.00981	0.00589	0.00456	0.00140	0.00453	0.00452	0.20911	0.00744
14	0.11513	0.41954	0.05963	0.01068	0.04872	0.24750	0.00916	0.01617	0.01102	0.01335	0.00727	0.00850	0.00626	0.00453	0.00367	0.00121	0.00626	0.00292	0.00235	0.00613
15	0.01213	0.01244	0.06536	0.09662	0.58961	0.01186	0.06191	0.06103	0.01177	0.01660	0.00937	0.01219	0.00760	0.00452	0.00492	0.00149	0.00611	0.00442	0.00254	0.00751
16	0.01161	0.01700	0.27820	0.02219	0.36682	0.04954	0.14150	0.01572	0.02171	0.01571	0.00929	0.01168	0.00725	0.00450	0.00494	0.00152	0.00683	0.00433	0.00236	0.00732
17	0.00663	0.00484	0.00627	0.00698	0.00737	0.00483	0.00487	0.00752	0.00914	0.01217	0.02460	0.49874	0.06331	0.17224	0.03118	0.00270	0.03652	0.09206	0.00410	0.00393
18	0.00601	0.00463	0.00550	0.00604	0.00695	0.00412	0.00424	0.00716	0.01056	0.01352	0.10986	0.43899	0.33739	0.01371	0.00604	0.00182	0.00266	0.01205	0.00464	0.00412
19	0.56982	0.00959	0.00897	0.00748	0.01080	0.01042	0.00617	0.08512	0.01115	0.22389	0.01053	0.01058	0.00736	0.00507	0.00370	0.00152	0.00404	0.00341	0.00399	0.00638
20	0.01193	0.01532	0.28327	0.06530	0.10212	0.01107	0.03632	0.13123	0.08690	0.05295	0.01218	0.04125	0.00986	0.04414	0.00643	0.01999	0.02623	0.01808	0.01856	0.00689
21	0.66303	0.00942	0.00821	0.00703	0.01019	0.01047	0.00578	0.05517	0.01008	0.14682	0.00933	0.00984	0.00675	0.00490	0.00345	0.00151	0.00391	0.00316	0.02498	0.00595
22	0.01142	0.04070	0.00974	0.00748	0.01009	0.00744	0.00574	0.05024	0.06367	0.13044	0.03288	0.01880	0.01269	0.21248	0.09735	0.00276	0.00518	0.00491	0.00363	0.27236
23	0.82366	0.01022	0.04298	0.00680	0.01003	0.01104	0.00590	0.01450	0.00845	0.02176	0.00693	0.00809	0.00536	0.00457	0.00311	0.00152	0.00396	0.00270	0.00300	0.00541
24	0.01000	0.08660	0.57856	0.01297	0.01914	0.01133	0.05990	0.01474	0.01036	0.01515	0.03057	0.01158	0.00782	0.00657	0.05145	0.00184	0.00715	0.00387	0.00228	0.05812
25	0.01505	0.09491	0.01401	0.01062	0.01382	0.13946	0.00854	0.23053	0.37874	0.02117	0.01449	0.01401	0.01095	0.00596	0.00470	0.00149	0.00523	0.00458	0.00430	0.00746
26	0.00719	0.00534	0.00660	0.00647	0.00785	0.00486	0.01952	0.00922	0.03951	0.04517	0.25959	0.21464	0.31485	0.01182	0.00587	0.00171	0.00279	0.02757	0.00484	0.00460
27	0.01106	0.04957	0.14994	0.01293	0.10619	0.00967	0.08367	0.06576	0.09164	0.06976	0.06861	0.18442	0.02597	0.00761	0.00518	0.00159	0.00496	0.00679	0.00373	0.04095
28	0.05017	0.04381	0.11184	0.00847	0.01154	0.06745	0.00760	0.02585	0.09547	0.16348	0.13691	0.04326	0.19821	0.00802	0.00507	0.00155	0.00424	0.00655	0.00438	0.00611
29	0.02205	0.00836	0.01140	0.00874	0.01254	0.00722	0.00722	0.02395	0.01407	0.80004	0.01939	0.01673	0.01216	0.00608	0.00494	0.00152	0.00418	0.00494	0.00608	0.00836
30	0.00992	0.01511	0.29987	0.03765	0.22205	0.00999	0.07470	0.01416	0.04411	0.01608	0.10956	0.04987	0.06304	0.00623	0.00511	0.00157	0.00572	0.00559	0.00300	0.00667
31	0.01122	0.13148	0.50585	0.06148	0.09979	0.03012	0.01554	0.06138	0.01122	0.01575	0.00874	0.01043	0.00655	0.00467	0.00451	0.00147	0.00673	0.00365	0.00230	0.00711
32	0.01006	0.01497	0.33368	0.01098	0.01506	0.04074	0.03182	0.01426	0.05173	0.06304	0.10134	0.02719	0.06933	0.00807	0.00542	0.00172	0.00549	0.18536	0.00360	0.00613
33	0.02130	0.00838	0.01160	0.05582	0.01379	0.00744	0.00760	0.02328	0.01382	0.75409	0.01877	0.01652	0.01184	0.00601	0.00494	0.00153	0.00432	0.00491	0.00585	0.00819
34	0.01966	0.00826	0.01071	0.00837	0.01184	0.00742	0.00686	0.07939	0.01429	0.62852	0.02115	0.01901	0.07739	0.00658	0.00492	0.00151	0.00402	0.00534	0.05699	0.00778

[dist]
# distance from previous block
# <min> <max>
0	10

[block]
# block no. 8 follows, 51 sequences, length 14
# corresponding to MSA columns:
# 491-504
name=unknown_I
#
# <colnr> <probs for GDERKNQSTAVLIFYWHMCP>
#	G	D	E	R	K	N	Q	S	T	A	V	L	I	F	Y	W	H	M	C	P
0	0.00853	0.00740	0.01178	0.32559	0.06833	0.00819	0.05188	0.02691	0.01030	0.01378	0.03307	0.24396	0.06233	0.00960	0.03021	0.00192	0.01622	0.02404	0.04083	0.00513
1	0.01220	0.31928	0.15627	0.01065	0.04893	0.12789	0.00982	0.05018	0.01213	0.01520	0.17682	0.01504	0.01507	0.00575	0.00433	0.00132	0.00553	0.00439	0.00302	0.00619
2	0.03422	0.00951	0.06416	0.00878	0.01236	0.00797	0.00762	0.10257	0.01444	0.50910	0.10234	0.01904	0.04663	0.00661	0.00497	0.00152	0.00419	0.00539	0.03103	0.00754
3	0.00624	0.00575	0.05950	0.00721	0.00805	0.00450	0.00543	0.00745	0.00959	0.01280	0.02729	0.71977	0.07908	0.01448	0.00613	0.00194	0.00313	0.01304	0.00439	0.00422
4	0.01132	0.01005	0.01695	0.27096	0.15273	0.03579	0.17424	0.03662	0.01100	0.06286	0.01157	0.06001	0.00992	0.00669	0.00636	0.06839	0.00622	0.03950	0.00286	0.00599
5	0.05106	0.04681	0.04082	0.20368	0.22017	0.16783	0.08389	0.03108	0.02623	0.01461	0.00872	0.01144	0.00703	0.00499	0.00549	0.00152	0.06166	0.00412	0.00248	0.00639
6	0.00663	0.00483	0.00625	0.00697	0.00773	0.00461	0.00519	0.00789	0.01009	0.01320	0.06720	0.37073	0.15348	0.06706	0.05212	0.01795	0.00387	0.18574	0.00434	0.00410
7	0.00765	0.00535	0.00713	0.00792	0.05688	0.00552	0.00504	0.00833	0.00804	0.01104	0.01541	0.04402	0.01662	0.43392	0.17832	0.07130	0.00637	0.08553	0.02189	0.00372
8	0.39940	0.05373	0.04207	0.04923	0.07907	0.01170	0.06786	0.06557	0.01011	0.01880	0.00924	0.06159	0.00804	0.00569	0.00509	0.00158	0.07871	0.00419	0.02244	0.00587
9	0.00925	0.00766	0.01004	0.00981	0.05387	0.00806	0.05526	0.04238	0.23213	0.01628	0.10473	0.17586	0.06831	0.10759	0.07377	0.00257	0.00474	0.00788	0.00420	0.00560
10	0.01232	0.04332	0.10774	0.03464	0.01456	0.11143	0.04387	0.10104	0.15264	0.04092	0.02887	0.06611	0.01182	0.00970	0.09215	0.00220	0.03944	0.01477	0.00350	0.06896
