[name]
unknown

[dist]
# distance from previous block
# <min> <max>
0	93

[block]
# block no. 0 follows, 45 sequences, length 12
# corresponding to MSA columns:
# 100-111
name=unknown_A
#
# <colnr> <probs for GDERKNQSTAVLIFYWHMCP>
#	G	D	E	R	K	N	Q	S	T	A	V	L	I	F	Y	W	H	M	C	P
0	0.00664	0.00477	0.00644	0.00758	0.00794	0.00457	0.00513	0.00766	0.01013	0.01359	0.02825	0.73889	0.03357	0.01887	0.07550	0.00275	0.00410	0.01443	0.00480	0.00440
1	0.01622	0.01594	0.28912	0.01187	0.01712	0.00991	0.04605	0.06624	0.01408	0.32333	0.03940	0.01943	0.09321	0.00684	0.00546	0.00170	0.00581	0.00564	0.00462	0.00802
2	0.01246	0.02260	0.53959	0.01382	0.02037	0.01242	0.01623	0.05345	0.15330	0.06284	0.01272	0.01342	0.00910	0.00563	0.00517	0.00169	0.00685	0.00446	0.00328	0.03060
3	0.00738	0.00548	0.00688	0.00653	0.00789	0.00497	0.00490	0.00972	0.01469	0.02033	0.65240	0.04206	0.17403	0.01142	0.00633	0.00171	0.00256	0.00998	0.00575	0.00497
4	0.84927	0.01038	0.00789	0.00706	0.01038	0.01204	0.00581	0.01578	0.00914	0.02408	0.00747	0.00872	0.00581	0.00498	0.00332	0.00166	0.00415	0.00291	0.00332	0.00581
5	0.01009	0.00887	0.01454	0.26480	0.16237	0.00939	0.07615	0.01317	0.01238	0.01728	0.19236	0.02326	0.06960	0.00714	0.00556	0.00167	0.00530	0.00653	0.09341	0.00614
6	0.00717	0.00500	0.00637	0.00722	0.00753	0.00482	0.00483	0.00797	0.00972	0.01291	0.02544	0.48235	0.02993	0.26889	0.01341	0.00317	0.00397	0.09080	0.00443	0.00407
7	0.01182	0.07204	0.54097	0.01449	0.02093	0.09578	0.06337	0.01683	0.01214	0.01673	0.07595	0.01369	0.01071	0.00559	0.00516	0.00164	0.00759	0.00449	0.00267	0.00739
8	0.01504	0.07999	0.01419	0.01204	0.09496	0.02484	0.02226	0.07135	0.13413	0.19326	0.14532	0.04400	0.01867	0.00705	0.00528	0.00155	0.00463	0.00595	0.00486	0.10062
9	0.01178	0.00874	0.01039	0.00782	0.01191	0.00679	0.00621	0.01400	0.01190	0.10165	0.05875	0.04448	0.07920	0.00595	0.00457	0.00108	0.00382	0.00492	0.00394	0.60210
10	0.01301	0.01247	0.02129	0.09947	0.71349	0.01268	0.01634	0.01623	0.01209	0.01720	0.01005	0.01337	0.00839	0.00483	0.00532	0.00161	0.00644	0.00478	0.00263	0.00828
11	0.01171	0.09470	0.09745	0.01326	0.01701	0.01098	0.22574	0.03350	0.07933	0.06789	0.05863	0.18847	0.06071	0.00852	0.00586	0.00179	0.00581	0.00799	0.00398	0.00667

[dist]
# distance from previous block
# <min> <max>
2	4

[block]
# block no. 1 follows, 45 sequences, length 38
# corresponding to MSA columns:
# 116-153
name=unknown_B
#
# <colnr> <probs for GDERKNQSTAVLIFYWHMCP>
#	G	D	E	R	K	N	Q	S	T	A	V	L	I	F	Y	W	H	M	C	P
0	0.00767	0.00575	0.00863	0.00863	0.00959	0.00671	0.00671	0.00959	0.00863	0.01246	0.01438	0.02109	0.01342	0.04026	0.79008	0.00863	0.01438	0.00575	0.00288	0.00479
1	0.01197	0.16170	0.57808	0.01380	0.02072	0.01406	0.01691	0.06856	0.01234	0.01755	0.03098	0.01178	0.00821	0.00527	0.00487	0.00160	0.00726	0.00400	0.00259	0.00776
2	0.03667	0.01119	0.01205	0.01053	0.01364	0.01258	0.00828	0.09912	0.55851	0.08073	0.07960	0.02046	0.01784	0.00738	0.00546	0.00177	0.00430	0.00610	0.00552	0.00827
3	0.84927	0.01038	0.00789	0.00706	0.01038	0.01204	0.00581	0.01578	0.00914	0.02408	0.00747	0.00872	0.00581	0.00498	0.00332	0.00166	0.00415	0.00291	0.00332	0.00581
4	0.01267	0.01448	0.03167	0.02262	0.02805	0.01357	0.75837	0.01719	0.01267	0.01719	0.01086	0.01448	0.00814	0.00452	0.00633	0.00181	0.00905	0.00633	0.00271	0.00724
5	0.00690	0.00517	0.00694	0.00794	0.00823	0.00520	0.00546	0.00785	0.01013	0.01365	0.02801	0.75223	0.03351	0.01630	0.00760	0.00219	0.05890	0.01452	0.00480	0.00447
6	0.00749	0.00525	0.00577	0.00577	0.00615	0.00506	0.00343	0.00778	0.00875	0.01128	0.02494	0.03867	0.18151	0.64045	0.02283	0.00448	0.00467	0.00856	0.00362	0.00353
7	0.00654	0.00467	0.00623	0.00747	0.00779	0.00436	0.00498	0.00747	0.01028	0.01370	0.02959	0.80785	0.03550	0.01682	0.00685	0.00218	0.00311	0.01526	0.00498	0.00436
8	0.01174	0.01174	0.01644	0.01409	0.01409	0.01644	0.01174	0.01292	0.00822	0.01292	0.00705	0.01174	0.00705	0.00940	0.01762	0.00235	0.80153	0.00470	0.00235	0.00587
9	0.01374	0.01186	0.01756	0.38849	0.22061	0.01343	0.01402	0.21804	0.01507	0.02018	0.01060	0.01366	0.00804	0.00551	0.00535	0.00169	0.00662	0.00479	0.00327	0.00748
10	0.00734	0.00548	0.00681	0.00648	0.00786	0.00495	0.00486	0.00962	0.01458	0.02006	0.62425	0.04252	0.20235	0.01152	0.00633	0.00171	0.00257	0.01005	0.00572	0.00495
11	0.00771	0.00516	0.00588	0.00598	0.00601	0.00514	0.00339	0.00778	0.00800	0.01067	0.01791	0.09573	0.02077	0.74904	0.02572	0.00497	0.00504	0.00839	0.00339	0.00334
12	0.84927	0.01038	0.00789	0.00706	0.01038	0.01204	0.00581	0.01578	0.00914	0.02408	0.00747	0.00872	0.00581	0.00498	0.00332	0.00166	0.00415	0.00291	0.00332	0.00581
13	0.00767	0.00575	0.00863	0.00863	0.00959	0.00671	0.00671	0.00959	0.00863	0.01246	0.01438	0.02109	0.01342	0.04026	0.79008	0.00863	0.01438	0.00575	0.00288	0.00479
14	0.01014	0.00954	0.01610	0.79845	0.03697	0.01193	0.01491	0.01371	0.01073	0.01371	0.00954	0.01431	0.00716	0.00537	0.00537	0.00179	0.00716	0.00477	0.00239	0.00596
15	0.84927	0.01038	0.00789	0.00706	0.01038	0.01204	0.00581	0.01578	0.00914	0.02408	0.00747	0.00872	0.00581	0.00498	0.00332	0.00166	0.00415	0.00291	0.00332	0.00581
16	0.00714	0.00547	0.00655	0.00628	0.00774	0.00487	0.00471	0.00925	0.01412	0.01898	0.51397	0.04429	0.31330	0.01192	0.00634	0.00173	0.00260	0.01030	0.00557	0.00487
17	0.00748	0.00579	0.00685	0.00653	0.00808	0.00533	0.00491	0.01029	0.05447	0.01918	0.48927	0.04296	0.29579	0.01167	0.00629	0.00174	0.00269	0.01007	0.00557	0.00507
18	0.00654	0.00467	0.00623	0.00747	0.00779	0.00436	0.00498	0.00747	0.01028	0.01370	0.02959	0.80785	0.03550	0.01682	0.00685	0.00218	0.00311	0.01526	0.00498	0.00436
19	0.00877	0.00680	0.00659	0.00648	0.00670	0.06674	0.00381	0.00887	0.00839	0.01062	0.01624	0.03313	0.01853	0.74815	0.02556	0.00490	0.00556	0.00747	0.00321	0.00349
20	0.01117	0.00969	0.01150	0.00838	0.01282	0.00780	0.00674	0.01347	0.01093	0.01717	0.00937	0.01117	0.00789	0.00435	0.00493	0.00090	0.05970	0.00329	0.00312	0.78560
21	0.00932	0.00466	0.00699	0.00699	0.00699	0.00466	0.00466	0.00699	0.00699	0.00932	0.00932	0.01632	0.00932	0.01865	0.02098	0.84382	0.00466	0.00466	0.00233	0.00233
22	0.00976	0.00854	0.01304	0.07331	0.03002	0.00932	0.10412	0.04642	0.05779	0.01646	0.10585	0.29996	0.02396	0.03005	0.00848	0.00209	0.11995	0.03101	0.00417	0.00570
23	0.02253	0.00926	0.01230	0.00953	0.01346	0.00828	0.00783	0.07617	0.01604	0.66973	0.07972	0.01961	0.01593	0.00697	0.00547	0.00166	0.00450	0.00570	0.00650	0.00882
24	0.01053	0.00984	0.01605	0.70225	0.06850	0.01208	0.01448	0.01500	0.07020	0.01457	0.01053	0.01471	0.00794	0.00549	0.00537	0.00178	0.00689	0.00487	0.00264	0.00628
25	0.00724	0.00521	0.00685	0.00700	0.00794	0.00483	0.00504	0.00923	0.01352	0.01886	0.52138	0.30134	0.04550	0.01296	0.00651	0.00186	0.00273	0.01160	0.00559	0.00483
26	0.00768	0.00572	0.00849	0.00849	0.00940	0.00664	0.00654	0.00950	0.00859	0.01236	0.01450	0.02177	0.01371	0.07755	0.75319	0.00846	0.01393	0.00585	0.00289	0.00472
27	0.01435	0.81458	0.02813	0.00918	0.01378	0.02124	0.00918	0.01607	0.01091	0.01263	0.00746	0.00861	0.00689	0.00459	0.00344	0.00115	0.00574	0.00287	0.00230	0.00689
28	0.01038	0.00987	0.01615	0.68214	0.03358	0.01260	0.01444	0.01360	0.01036	0.01360	0.00917	0.01393	0.00714	0.00596	0.00718	0.00187	0.12496	0.00476	0.00238	0.00595
29	0.01463	0.77642	0.02750	0.00941	0.01391	0.05841	0.00924	0.01633	0.01112	0.01265	0.00750	0.00866	0.00689	0.00464	0.00351	0.00116	0.00593	0.00290	0.00232	0.00686
30	0.00854	0.00639	0.00899	0.08542	0.07133	0.00623	0.00697	0.01067	0.01290	0.04684	0.32764	0.23108	0.11671	0.01164	0.00628	0.00185	0.00358	0.02663	0.00498	0.00534
31	0.05802	0.01086	0.03265	0.00993	0.01325	0.02464	0.00821	0.10167	0.09094	0.16287	0.07364	0.03743	0.01388	0.00684	0.00658	0.00155	0.10699	0.00516	0.02106	0.21382
32	0.01654	0.01499	0.01555	0.01256	0.01616	0.20231	0.10403	0.15676	0.12673	0.09785	0.05057	0.03039	0.01255	0.02334	0.00577	0.00162	0.00642	0.00524	0.00428	0.09634
33	0.01426	0.01211	0.01848	0.04884	0.37445	0.03258	0.06767	0.04977	0.02655	0.09648	0.01146	0.01364	0.00899	0.00527	0.00582	0.00153	0.04889	0.00470	0.01981	0.13871
34	0.03015	0.05250	0.03794	0.16175	0.16290	0.04198	0.04743	0.04624	0.08082	0.10645	0.07514	0.01616	0.01267	0.00596	0.00548	0.00160	0.02357	0.00510	0.00372	0.08244
35	0.03879	0.14540	0.22166	0.01424	0.10846	0.02826	0.01256	0.15481	0.06676	0.04558	0.02482	0.01264	0.00921	0.00543	0.00480	0.00149	0.00608	0.00423	0.00346	0.09132
36	0.15777	0.07748	0.26247	0.03628	0.08516	0.05911	0.06393	0.07330	0.01262	0.03950	0.02830	0.01464	0.04192	0.00583	0.00492	0.00164	0.00649	0.01829	0.00315	0.00719
37	0.03226	0.05675	0.07424	0.03026	0.17759	0.11779	0.01139	0.15531	0.09656	0.01969	0.01253	0.01423	0.02379	0.00881	0.07446	0.00217	0.02073	0.00465	0.00353	0.06325

[dist]
# distance from previous block
# <min> <max>
2	72

[block]
# block no. 2 follows, 45 sequences, length 24
# corresponding to MSA columns:
# 228-240,257-263,265-268
name=unknown_C
#
# <colnr> <probs for GDERKNQSTAVLIFYWHMCP>
#	G	D	E	R	K	N	Q	S	T	A	V	L	I	F	Y	W	H	M	C	P
0	0.20943	0.03121	0.03225	0.01048	0.01379	0.14527	0.02640	0.11105	0.12735	0.07499	0.01271	0.01479	0.01015	0.05332	0.02282	0.00195	0.02200	0.01570	0.00396	0.06040
1	0.07617	0.01498	0.06217	0.01283	0.01581	0.13713	0.07207	0.17325	0.05091	0.05222	0.07432	0.01547	0.02780	0.00717	0.00801	0.00179	0.18194	0.00513	0.00382	0.00702
2	0.20667	0.11137	0.01269	0.00898	0.01174	0.01114	0.04635	0.05007	0.07573	0.04642	0.22247	0.02315	0.09075	0.00791	0.00577	0.00168	0.05032	0.00625	0.00435	0.00620
3	0.33407	0.01272	0.02788	0.00982	0.01357	0.04785	0.00821	0.27628	0.03505	0.05273	0.01175	0.01426	0.00928	0.00616	0.00457	0.00161	0.00514	0.04881	0.00425	0.07599
4	0.01347	0.01243	0.02021	0.16393	0.57072	0.01301	0.01556	0.09250	0.01330	0.01855	0.01029	0.01342	0.00833	0.00506	0.00533	0.00163	0.00646	0.00479	0.00289	0.00813
5	0.01078	0.02511	0.66122	0.01556	0.02285	0.01215	0.09497	0.01662	0.01169	0.01728	0.05408	0.01332	0.00948	0.00538	0.00530	0.00171	0.00774	0.00454	0.00252	0.00770
6	0.00743	0.00538	0.00700	0.00680	0.00797	0.00496	0.00502	0.00972	0.01449	0.02033	0.65988	0.13533	0.07196	0.01178	0.00640	0.00175	0.00261	0.01045	0.00577	0.00496
7	0.01337	0.01316	0.02036	0.09887	0.55266	0.05777	0.04978	0.01778	0.09007	0.01742	0.01119	0.01392	0.00908	0.00512	0.00535	0.00163	0.00654	0.00491	0.00293	0.00808
8	0.69009	0.01034	0.00912	0.00853	0.04662	0.01143	0.00652	0.01654	0.00992	0.08683	0.00887	0.00988	0.00670	0.00505	0.00363	0.00161	0.00428	0.00322	0.00356	0.05727
9	0.01237	0.06324	0.06788	0.22131	0.44338	0.01312	0.07037	0.01584	0.01175	0.01621	0.00982	0.01322	0.00793	0.00492	0.00527	0.00164	0.00682	0.00472	0.00255	0.00764
10	0.01264	0.01102	0.01267	0.01280	0.09164	0.03504	0.00903	0.06459	0.42539	0.02098	0.11292	0.07063	0.01999	0.00823	0.00639	0.00182	0.05301	0.01874	0.00492	0.00756
11	0.01208	0.01273	0.02191	0.01716	0.01911	0.01541	0.28000	0.01445	0.00982	0.01445	0.00842	0.01273	0.00744	0.00765	0.01356	0.00216	0.51680	0.00529	0.00248	0.00636
12	0.01278	0.01097	0.01170	0.01050	0.01350	0.01240	0.00820	0.02626	0.66907	0.02179	0.04113	0.02201	0.03512	0.00757	0.00548	0.00178	0.00418	0.02800	0.00533	0.05221
13	0.00773	0.00549	0.00732	0.00732	0.00783	0.00600	0.00509	0.00875	0.00824	0.01150	0.01557	0.02768	0.01628	0.40241	0.43184	0.00702	0.01007	0.00672	0.00305	0.00407
14	0.00767	0.00575	0.00863	0.00863	0.00959	0.00671	0.00671	0.00959	0.00863	0.01246	0.01438	0.02109	0.01342	0.04026	0.79008	0.00863	0.01438	0.00575	0.00288	0.00479
15	0.01247	0.01585	0.10904	0.02187	0.02756	0.01346	0.68237	0.01717	0.01253	0.01717	0.01073	0.01416	0.00801	0.00458	0.00621	0.00180	0.00893	0.00609	0.00267	0.00731
16	0.00883	0.00606	0.00776	0.00716	0.00869	0.00573	0.00543	0.01213	0.06239	0.06160	0.68815	0.03769	0.04653	0.01051	0.00623	0.00170	0.00275	0.00925	0.00592	0.00549
17	0.00654	0.00467	0.00623	0.00747	0.00779	0.00436	0.00498	0.00747	0.01028	0.01370	0.02959	0.80785	0.03550	0.01682	0.00685	0.00218	0.00311	0.01526	0.00498	0.00436
18	0.00665	0.00552	0.00586	0.00596	0.00769	0.00473	0.00460	0.00818	0.01240	0.01503	0.08965	0.05197	0.66087	0.01358	0.00645	0.00187	0.00294	0.08640	0.00503	0.00460
19	0.01435	0.81458	0.02813	0.00918	0.01378	0.02124	0.00918	0.01607	0.01091	0.01263	0.00746	0.00861	0.00689	0.00459	0.00344	0.00115	0.00574	0.00287	0.00230	0.00689
20	0.01622	0.01479	0.09790	0.01474	0.01941	0.01374	0.20714	0.24739	0.18380	0.10586	0.01490	0.01531	0.01068	0.00601	0.00562	0.00172	0.00643	0.00547	0.00451	0.00837
21	0.01014	0.00954	0.01610	0.79845	0.03697	0.01193	0.01491	0.01371	0.01073	0.01371	0.00954	0.01431	0.00716	0.00537	0.00537	0.00179	0.00716	0.00477	0.00239	0.00596
22	0.01435	0.81458	0.02813	0.00918	0.01378	0.02124	0.00918	0.01607	0.01091	0.01263	0.00746	0.00861	0.00689	0.00459	0.00344	0.00115	0.00574	0.00287	0.00230	0.00689
23	0.01064	0.00589	0.00642	0.00608	0.00762	0.00601	0.00467	0.05918	0.01202	0.04600	0.01922	0.02156	0.05981	0.01079	0.09807	0.00220	0.00422	0.00548	0.60877	0.00535

[dist]
# distance from previous block
# <min> <max>
2	5

[block]
# block no. 3 follows, 45 sequences, length 12
# corresponding to MSA columns:
# 275-286
name=unknown_D
#
# <colnr> <probs for GDERKNQSTAVLIFYWHMCP>
#	G	D	E	R	K	N	Q	S	T	A	V	L	I	F	Y	W	H	M	C	P
0	0.01014	0.00954	0.01610	0.79845	0.03697	0.01193	0.01491	0.01371	0.01073	0.01371	0.00954	0.01431	0.00716	0.00537	0.00537	0.00179	0.00716	0.00477	0.00239	0.00596
1	0.01819	0.01056	0.01226	0.01000	0.01358	0.01079	0.00806	0.17928	0.21987	0.32324	0.02377	0.02179	0.10875	0.00764	0.00553	0.00171	0.00453	0.00620	0.00585	0.00839
2	0.01384	0.01397	0.02672	0.11783	0.02697	0.01396	0.52094	0.16002	0.01485	0.01997	0.01109	0.01415	0.00821	0.00500	0.00603	0.00177	0.00821	0.00585	0.00319	0.00744
3	0.01471	0.01115	0.01301	0.16251	0.01838	0.04122	0.00957	0.02411	0.41894	0.15138	0.01812	0.01771	0.01322	0.00654	0.00532	0.00171	0.00505	0.00543	0.00484	0.05707
4	0.01256	0.02735	0.63535	0.01502	0.02195	0.16239	0.01801	0.01785	0.01208	0.01625	0.00938	0.01101	0.00682	0.00518	0.00505	0.00164	0.00827	0.00387	0.00236	0.00760
5	0.04893	0.00992	0.01249	0.00969	0.01370	0.00925	0.00798	0.14450	0.01659	0.59022	0.02133	0.01904	0.05711	0.00697	0.00538	0.00166	0.00466	0.00557	0.00623	0.00876
6	0.00760	0.00549	0.00718	0.00675	0.00802	0.00506	0.00506	0.01013	0.01519	0.02153	0.77503	0.04010	0.05065	0.01097	0.00633	0.00169	0.00253	0.00971	0.00591	0.00506
7	0.01335	0.01153	0.01214	0.01092	0.01396	0.01335	0.00850	0.02852	0.76817	0.02245	0.02185	0.02003	0.01639	0.00728	0.00546	0.00182	0.00425	0.00607	0.00546	0.00850
8	0.00756	0.00510	0.00593	0.00617	0.00623	0.00504	0.00359	0.00774	0.00828	0.01104	0.01936	0.18416	0.02260	0.65811	0.02337	0.00462	0.00480	0.00924	0.00359	0.00347
9	0.00919	0.00677	0.00804	0.00816	0.00943	0.00675	0.00588	0.15264	0.01341	0.01768	0.02947	0.55979	0.12314	0.01441	0.00650	0.00202	0.00360	0.01276	0.00506	0.00530
10	0.36733	0.01325	0.10792	0.00983	0.01414	0.01208	0.00901	0.17784	0.01436	0.20829	0.01221	0.01225	0.00845	0.00571	0.00448	0.00166	0.00510	0.00405	0.00443	0.00759
11	0.01580	0.01846	0.01694	0.01411	0.01710	0.42024	0.15893	0.04106	0.03388	0.01643	0.15714	0.01692	0.01591	0.00655	0.00578	0.00157	0.02796	0.00538	0.00350	0.00634

[dist]
# distance from previous block
# <min> <max>
0	1

[block]
# block no. 4 follows, 45 sequences, length 10
# corresponding to MSA columns:
# 292-301
name=unknown_E
#
# <colnr> <probs for GDERKNQSTAVLIFYWHMCP>
#	G	D	E	R	K	N	Q	S	T	A	V	L	I	F	Y	W	H	M	C	P
0	0.01169	0.21728	0.28547	0.01092	0.01566	0.01288	0.01179	0.08916	0.01377	0.01894	0.23776	0.01939	0.02014	0.00686	0.00508	0.00155	0.00557	0.00549	0.00367	0.00694
1	0.01548	0.17476	0.24722	0.07547	0.01967	0.15396	0.01328	0.20331	0.01538	0.01942	0.00978	0.01114	0.00745	0.00544	0.00482	0.00152	0.00725	0.00394	0.00315	0.00757
2	0.01548	0.07610	0.01526	0.01306	0.09051	0.05396	0.00966	0.34526	0.01706	0.04182	0.01259	0.01500	0.01016	0.01618	0.23929	0.00365	0.00863	0.00489	0.00400	0.00744
3	0.01171	0.01136	0.01526	0.35378	0.11589	0.07284	0.01197	0.01455	0.01122	0.01520	0.00934	0.01269	0.00753	0.00517	0.00575	0.00148	0.06106	0.00419	0.00268	0.25635
4	0.01652	0.01093	0.01304	0.01203	0.08923	0.01144	0.00839	0.34393	0.01716	0.14459	0.01513	0.02042	0.01283	0.24644	0.01192	0.00269	0.00553	0.00581	0.00467	0.00731
5	0.00855	0.00708	0.01087	0.01507	0.23753	0.00686	0.00841	0.01016	0.01086	0.01485	0.02377	0.57080	0.02745	0.01323	0.00639	0.00201	0.00409	0.01213	0.00429	0.00560
6	0.00733	0.00543	0.00791	0.00828	0.00905	0.00601	0.00619	0.00896	0.00912	0.01283	0.01892	0.25580	0.02001	0.03327	0.55642	0.00670	0.01102	0.00859	0.00350	0.00466
7	0.01688	0.00784	0.00944	0.00794	0.01077	0.00755	0.00633	0.02107	0.12554	0.36532	0.01982	0.01923	0.01394	0.00658	0.00475	0.00152	0.00370	0.00534	0.33904	0.00739
8	0.00687	0.00535	0.00571	0.00572	0.00691	0.00476	0.00393	0.00789	0.01105	0.01374	0.09203	0.07131	0.47529	0.25152	0.01262	0.00283	0.00346	0.01030	0.00453	0.00418
9	0.01390	0.01118	0.01262	0.00926	0.01389	0.00999	0.00751	0.23621	0.01534	0.02237	0.01054	0.01166	0.00830	0.00471	0.00439	0.00104	0.00455	0.00367	0.00383	0.59505

[dist]
# distance from previous block
# <min> <max>
0	14

[block]
# block no. 5 follows, 45 sequences, length 16
# corresponding to MSA columns:
# 316-331
name=unknown_F
#
# <colnr> <probs for GDERKNQSTAVLIFYWHMCP>
#	G	D	E	R	K	N	Q	S	T	A	V	L	I	F	Y	W	H	M	C	P
0	0.84927	0.01038	0.00789	0.00706	0.01038	0.01204	0.00581	0.01578	0.00914	0.02408	0.00747	0.00872	0.00581	0.00498	0.00332	0.00166	0.00415	0.00291	0.00332	0.00581
1	0.00654	0.00467	0.00623	0.00747	0.00779	0.00436	0.00498	0.00747	0.01028	0.01370	0.02959	0.80785	0.03550	0.01682	0.00685	0.00218	0.00311	0.01526	0.00498	0.00436
2	0.01435	0.81458	0.02813	0.00918	0.01378	0.02124	0.00918	0.01607	0.01091	0.01263	0.00746	0.00861	0.00689	0.00459	0.00344	0.00115	0.00574	0.00287	0.00230	0.00689
3	0.00767	0.00575	0.00863	0.00863	0.00959	0.00671	0.00671	0.00959	0.00863	0.01246	0.01438	0.02109	0.01342	0.04026	0.79008	0.00863	0.01438	0.00575	0.00288	0.00479
4	0.00855	0.00570	0.00748	0.00691	0.00835	0.00523	0.00523	0.01106	0.01520	0.06546	0.73145	0.03884	0.04849	0.01072	0.00628	0.00169	0.00265	0.00946	0.00595	0.00530
5	0.06805	0.01210	0.01368	0.01064	0.01474	0.04509	0.00874	0.29756	0.01868	0.42932	0.01679	0.01538	0.01106	0.00643	0.00525	0.00163	0.00526	0.00497	0.00582	0.00882
6	0.01174	0.01174	0.01644	0.01409	0.01409	0.01644	0.01174	0.01292	0.00822	0.01292	0.00705	0.01174	0.00705	0.00940	0.01762	0.00235	0.80153	0.00470	0.00235	0.00587
7	0.01155	0.19955	0.61861	0.01396	0.02117	0.01438	0.01751	0.01680	0.01124	0.01605	0.00916	0.01074	0.00682	0.00499	0.00474	0.00158	0.00745	0.00373	0.00227	0.00771
8	0.01435	0.81458	0.02813	0.00918	0.01378	0.02124	0.00918	0.01607	0.01091	0.01263	0.00746	0.00861	0.00689	0.00459	0.00344	0.00115	0.00574	0.00287	0.00230	0.00689
9	0.00656	0.00542	0.00575	0.00573	0.00740	0.00461	0.00427	0.00810	0.01266	0.01564	0.17296	0.07682	0.62899	0.01328	0.00636	0.00181	0.00270	0.01120	0.00514	0.00461
10	0.00667	0.00492	0.00627	0.00730	0.00794	0.00453	0.00510	0.00779	0.01078	0.01402	0.03381	0.61965	0.16401	0.01611	0.00681	0.00214	0.00318	0.06955	0.00498	0.00443
11	0.01113	0.00954	0.01113	0.00795	0.01272	0.00716	0.00636	0.01352	0.01113	0.01749	0.00954	0.01113	0.00795	0.00398	0.00398	0.00080	0.00398	0.00318	0.00318	0.84417
12	0.00768	0.00572	0.00849	0.00849	0.00940	0.00663	0.00654	0.00950	0.00859	0.01236	0.01451	0.02180	0.01373	0.07917	0.75159	0.00845	0.01392	0.00585	0.00289	0.00472
13	0.01554	0.01349	0.01353	0.05697	0.01594	0.10135	0.00940	0.18886	0.39198	0.04795	0.01822	0.01773	0.04064	0.00708	0.00585	0.00174	0.03534	0.00554	0.00486	0.00801
14	0.01813	0.01299	0.01416	0.01127	0.01517	0.01410	0.00916	0.44646	0.20536	0.10528	0.01731	0.01653	0.03948	0.00683	0.00537	0.00164	0.00516	0.00536	0.00541	0.04482
15	0.06918	0.01285	0.01303	0.01164	0.04284	0.08616	0.00885	0.16352	0.34446	0.11648	0.06093	0.01767	0.01475	0.00685	0.00529	0.00169	0.00509	0.00547	0.00512	0.00811

[dist]
# distance from previous block
# <min> <max>
0	2

[block]
# block no. 6 follows, 45 sequences, length 66
# corresponding to MSA columns:
# 334-357,360-401
name=unknown_G
#
# <colnr> <probs for GDERKNQSTAVLIFYWHMCP>
#	G	D	E	R	K	N	Q	S	T	A	V	L	I	F	Y	W	H	M	C	P
0	0.01189	0.22152	0.41088	0.01313	0.05093	0.03317	0.01433	0.01596	0.01115	0.01553	0.00945	0.01194	0.00771	0.04797	0.00575	0.00163	0.00676	0.00383	0.00246	0.10400
1	0.01339	0.01482	0.05470	0.09106	0.30312	0.10250	0.20982	0.01745	0.05282	0.01674	0.01056	0.01342	0.00840	0.00506	0.00574	0.00164	0.02479	0.00499	0.00281	0.04616
2	0.01362	0.01085	0.01477	0.01277	0.05554	0.04148	0.11699	0.04942	0.18480	0.12331	0.17595	0.02210	0.04333	0.00747	0.00641	0.00171	0.05362	0.00647	0.00472	0.05469
3	0.01159	0.00877	0.01051	0.00799	0.01204	0.00681	0.00628	0.01379	0.01158	0.08470	0.04574	0.10503	0.01344	0.00599	0.00453	0.00107	0.00387	0.00505	0.00381	0.63741
4	0.00656	0.00515	0.00594	0.00636	0.00754	0.00453	0.00453	0.00790	0.01184	0.01501	0.12825	0.33620	0.41211	0.01451	0.00653	0.00194	0.00285	0.01263	0.00509	0.00453
5	0.01268	0.01413	0.02569	0.01900	0.02324	0.08743	0.53575	0.01637	0.01275	0.01687	0.08361	0.01683	0.01237	0.02186	0.00726	0.00185	0.05793	0.00628	0.02138	0.00672
6	0.01254	0.01307	0.01632	0.01407	0.01433	0.09029	0.01161	0.01373	0.00889	0.01294	0.00717	0.01155	0.00703	0.00903	0.01640	0.00226	0.72591	0.00458	0.00239	0.00591
7	0.01124	0.02476	0.62375	0.01804	0.11086	0.01261	0.08997	0.01696	0.01156	0.01708	0.00980	0.01186	0.00712	0.00501	0.00524	0.00170	0.00786	0.00429	0.00235	0.00793
8	0.00687	0.00470	0.00611	0.00724	0.00764	0.00442	0.00487	0.00795	0.01037	0.01431	0.02843	0.73262	0.03343	0.01581	0.00656	0.00209	0.00306	0.01428	0.08483	0.00442
9	0.00781	0.00520	0.00585	0.00585	0.00585	0.00520	0.00325	0.00781	0.00781	0.01041	0.01691	0.03513	0.01952	0.81135	0.02732	0.00520	0.00520	0.00781	0.00325	0.00325
10	0.01362	0.40915	0.25549	0.01303	0.01855	0.09109	0.09905	0.01699	0.01165	0.01453	0.00859	0.01021	0.00701	0.00483	0.00441	0.00141	0.00716	0.00366	0.00238	0.00718
11	0.01230	0.01160	0.01888	0.27118	0.45659	0.01256	0.01506	0.01700	0.09908	0.01690	0.01128	0.01439	0.00899	0.00526	0.00535	0.00168	0.00638	0.00493	0.00290	0.00770
12	0.00781	0.00520	0.00585	0.00585	0.00585	0.00520	0.00325	0.00781	0.00781	0.01041	0.01691	0.03513	0.01952	0.81135	0.02732	0.00520	0.00520	0.00781	0.00325	0.00325
13	0.00674	0.00476	0.00617	0.00721	0.00747	0.00450	0.00470	0.00753	0.00988	0.01317	0.02754	0.68294	0.03292	0.14525	0.01016	0.00267	0.00345	0.01406	0.00470	0.00418
14	0.02812	0.02292	0.01319	0.01103	0.01393	0.01058	0.06928	0.22409	0.09035	0.11257	0.04456	0.16166	0.03171	0.00980	0.00604	0.00190	0.00501	0.13107	0.00510	0.00709
15	0.01015	0.00796	0.01036	0.02201	0.01136	0.00833	0.00708	0.05692	0.01036	0.02899	0.01266	0.01838	0.01165	0.10596	0.33849	0.00480	0.08917	0.00511	0.01785	0.22243
16	0.01541	0.24382	0.11429	0.01251	0.03025	0.14655	0.04492	0.13708	0.01419	0.05036	0.04216	0.01268	0.00975	0.00739	0.04060	0.00183	0.06150	0.00427	0.00326	0.00717
17	0.01288	0.01101	0.01434	0.01065	0.01521	0.00982	0.09867	0.09893	0.11298	0.03405	0.01191	0.01304	0.00932	0.00480	0.00464	0.00116	0.00485	0.00417	0.00373	0.52383
18	0.11994	0.31104	0.15256	0.01092	0.01556	0.09571	0.01070	0.08513	0.08233	0.05491	0.01040	0.01111	0.00813	0.00534	0.00431	0.00146	0.00615	0.00372	0.00325	0.00732
19	0.11028	0.01211	0.01859	0.14742	0.44929	0.01288	0.02883	0.08715	0.01289	0.03929	0.01022	0.01301	0.00813	0.00519	0.00537	0.00166	0.02225	0.00461	0.00305	0.00779
20	0.01511	0.33765	0.04688	0.00994	0.01366	0.11504	0.00888	0.10935	0.02741	0.08189	0.15324	0.01702	0.02994	0.00653	0.00471	0.00142	0.00558	0.00492	0.00388	0.00695
21	0.01211	0.01008	0.01161	0.00845	0.01308	0.00820	0.00678	0.09962	0.01274	0.01930	0.01032	0.02697	0.00863	0.00451	0.00419	0.00092	0.00418	0.00361	0.00347	0.73123
22	0.01116	0.00959	0.01183	0.00851	0.01317	0.00737	0.04095	0.01365	0.01121	0.01758	0.00992	0.01164	0.00819	0.00409	0.00408	0.00086	0.00415	0.00340	0.03682	0.77184
23	0.00758	0.00521	0.00582	0.00588	0.00610	0.00509	0.00343	0.00778	0.00843	0.01103	0.02183	0.07269	0.10760	0.68255	0.02395	0.00467	0.00482	0.00856	0.00353	0.00345
24	0.06849	0.00878	0.05189	0.04213	0.01176	0.00813	0.00717	0.06470	0.11134	0.04685	0.33313	0.05377	0.13826	0.00967	0.00584	0.00175	0.00375	0.02142	0.00513	0.00607
25	0.05536	0.00908	0.01170	0.00950	0.01312	0.00843	0.02045	0.02279	0.10121	0.48115	0.02017	0.02163	0.01457	0.00719	0.00534	0.00168	0.00447	0.07552	0.05054	0.06611
26	0.01192	0.01196	0.02175	0.31535	0.19747	0.01275	0.24174	0.01681	0.08398	0.01647	0.01124	0.01468	0.00864	0.00516	0.00566	0.00175	0.00728	0.00538	0.00284	0.00716
27	0.01243	0.37421	0.41885	0.01291	0.01926	0.01638	0.04611	0.01660	0.01120	0.01508	0.00873	0.01026	0.00690	0.00485	0.00442	0.00146	0.00701	0.00358	0.00230	0.00744
28	0.01264	0.01048	0.01129	0.01032	0.01290	0.01190	0.00800	0.06360	0.56842	0.02106	0.02143	0.02526	0.01774	0.10084	0.00817	0.00226	0.00451	0.07645	0.00515	0.00759
29	0.00654	0.00467	0.00623	0.00747	0.00779	0.00436	0.00498	0.00747	0.01028	0.01370	0.02959	0.80785	0.03550	0.01682	0.00685	0.00218	0.00311	0.01526	0.00498	0.00436
30	0.01190	0.01086	0.01790	0.47256	0.12001	0.01230	0.10164	0.10046	0.01287	0.01718	0.01160	0.01521	0.02720	0.00556	0.00543	0.00173	0.00684	0.00514	0.03690	0.00671
31	0.02149	0.00994	0.01257	0.00997	0.01382	0.00947	0.00811	0.11043	0.11589	0.56182	0.02067	0.05177	0.01417	0.00714	0.00547	0.00170	0.00462	0.00584	0.00627	0.00885
32	0.00932	0.00466	0.00699	0.00699	0.00699	0.00466	0.00466	0.00699	0.00699	0.00932	0.00932	0.01632	0.00932	0.01865	0.02098	0.84382	0.00466	0.00466	0.00233	0.00233
33	0.01242	0.01376	0.02765	0.02037	0.02436	0.01433	0.56089	0.01606	0.01149	0.01606	0.00985	0.01376	0.00785	0.00581	0.00932	0.00195	0.21866	0.00590	0.00262	0.00688
34	0.01240	0.14576	0.39144	0.03783	0.15357	0.05018	0.10233	0.01691	0.01174	0.01617	0.00945	0.01161	0.00728	0.00493	0.00502	0.00160	0.00751	0.00421	0.00242	0.00766
35	0.01329	0.01275	0.02179	0.03295	0.77787	0.01275	0.01647	0.01647	0.01222	0.01754	0.01010	0.01329	0.00850	0.00478	0.00531	0.00159	0.00638	0.00478	0.00266	0.00850
36	0.01909	0.02398	0.01535	0.01386	0.01631	0.70047	0.01053	0.02045	0.01440	0.01311	0.00815	0.00992	0.00693	0.00598	0.00632	0.00149	0.10115	0.00360	0.00272	0.00618
37	0.01060	0.01041	0.01412	0.01227	0.01265	0.01393	0.01013	0.01182	0.00907	0.01325	0.01703	0.02017	0.16923	0.01028	0.01524	0.00224	0.63298	0.00610	0.00290	0.00559
38	0.01116	0.00921	0.01079	0.05019	0.01339	0.00775	0.00672	0.01484	0.08341	0.01805	0.01164	0.01318	0.00938	0.00463	0.00417	0.00100	0.00400	0.00375	0.10015	0.62259
39	0.00946	0.00687	0.08114	0.00779	0.00854	0.00541	0.00611	0.00795	0.00741	0.01006	0.00935	0.01584	0.00908	0.01735	0.01946	0.76341	0.00497	0.00460	0.00232	0.00287
40	0.00654	0.00467	0.00623	0.00747	0.00779	0.00436	0.00498	0.00747	0.01028	0.01370	0.02959	0.80785	0.03550	0.01682	0.00685	0.00218	0.00311	0.01526	0.00498	0.00436
41	0.01104	0.04725	0.69182	0.01584	0.02344	0.01280	0.09007	0.01699	0.01145	0.01690	0.00969	0.01156	0.00693	0.00503	0.00517	0.00170	0.00798	0.00416	0.00231	0.00784
42	0.00710	0.00534	0.00754	0.09901	0.01139	0.00536	0.00638	0.00845	0.01047	0.01387	0.02719	0.66441	0.03191	0.01536	0.00672	0.00216	0.00371	0.06438	0.00468	0.00459
43	0.01839	0.01419	0.01463	0.01154	0.01542	0.04825	0.00941	0.60225	0.06305	0.03010	0.01796	0.01761	0.09797	0.00728	0.00546	0.00164	0.00561	0.00559	0.00522	0.00844
44	0.01352	0.61423	0.18767	0.01105	0.01639	0.01906	0.04358	0.01632	0.01107	0.01375	0.00807	0.00944	0.00692	0.00470	0.00392	0.00129	0.00635	0.00325	0.00231	0.00712
45	0.00739	0.00548	0.00689	0.00654	0.00790	0.00498	0.00491	0.00974	0.01472	0.02039	0.65854	0.04197	0.16785	0.01140	0.00633	0.00171	0.00256	0.00997	0.00576	0.00498
46	0.01159	0.01153	0.01641	0.08899	0.01628	0.01601	0.01205	0.01299	0.00846	0.01299	0.00728	0.01199	0.00706	0.00901	0.01645	0.00230	0.72567	0.00470	0.00235	0.00588
47	0.01118	0.01060	0.01798	0.54558	0.28171	0.01220	0.01543	0.01463	0.01123	0.01498	0.00972	0.01397	0.00760	0.00517	0.00535	0.00172	0.00690	0.00477	0.00248	0.00680
48	0.01077	0.02777	0.78354	0.01530	0.02323	0.01247	0.01983	0.01700	0.01133	0.01700	0.00963	0.01133	0.00680	0.00510	0.00510	0.00170	0.00793	0.00397	0.00227	0.00793
49	0.01335	0.01153	0.01214	0.01092	0.01396	0.01335	0.00850	0.02852	0.76817	0.02245	0.02185	0.02003	0.01639	0.00728	0.00546	0.00182	0.00425	0.00607	0.00546	0.00850
50	0.01335	0.01153	0.01214	0.01092	0.01396	0.01335	0.00850	0.02852	0.76817	0.02245	0.02185	0.02003	0.01639	0.00728	0.00546	0.00182	0.00425	0.00607	0.00546	0.00850
51	0.01104	0.05148	0.62722	0.01392	0.02055	0.05351	0.01705	0.01614	0.01112	0.01588	0.01033	0.01390	0.00828	0.09824	0.00760	0.00207	0.00764	0.00435	0.00241	0.00727
52	0.10246	0.05733	0.01591	0.01342	0.01646	0.63740	0.04988	0.02041	0.01428	0.01443	0.00832	0.00979	0.00687	0.00538	0.00471	0.00142	0.00892	0.00353	0.00280	0.00626
53	0.00664	0.00541	0.00587	0.00583	0.00745	0.00464	0.00434	0.00824	0.01282	0.01606	0.21662	0.08392	0.57716	0.01315	0.00636	0.00180	0.00269	0.01114	0.00519	0.00464
54	0.01014	0.00954	0.01610	0.79845	0.03697	0.01193	0.01491	0.01371	0.01073	0.01371	0.00954	0.01431	0.00716	0.00537	0.00537	0.00179	0.00716	0.00477	0.00239	0.00596
55	0.00738	0.00548	0.00687	0.00652	0.00788	0.00497	0.00489	0.00970	0.01467	0.02028	0.64749	0.04214	0.17897	0.01144	0.00633	0.00171	0.00257	0.00999	0.00575	0.00497
56	0.01335	0.01153	0.01214	0.01092	0.01396	0.01335	0.00850	0.02852	0.76817	0.02245	0.02185	0.02003	0.01639	0.00728	0.00546	0.00182	0.00425	0.00607	0.00546	0.00850
57	0.00836	0.00566	0.00742	0.00688	0.00828	0.00520	0.00520	0.01087	0.01520	0.05659	0.74026	0.03909	0.04893	0.01077	0.00629	0.00169	0.00263	0.00951	0.00594	0.00525
58	0.00689	0.00570	0.00613	0.00631	0.00805	0.00500	0.00495	0.00874	0.02882	0.01494	0.04928	0.05247	0.63317	0.01366	0.00651	0.00192	0.00313	0.13466	0.00499	0.00469
59	0.01113	0.00954	0.01113	0.00795	0.01272	0.00716	0.00636	0.01352	0.01113	0.01749	0.00954	0.01113	0.00795	0.00398	0.00398	0.00080	0.00398	0.00318	0.00318	0.84417
60	0.00781	0.00520	0.00585	0.00585	0.00585	0.00520	0.00325	0.00781	0.00781	0.01041	0.01691	0.03513	0.01952	0.81135	0.02732	0.00520	0.00520	0.00781	0.00325	0.00325
61	0.00768	0.00571	0.00843	0.00843	0.00932	0.00660	0.00647	0.00946	0.00857	0.01232	0.01456	0.02208	0.01385	0.09457	0.73635	0.00839	0.01373	0.00590	0.00290	0.00468
62	0.00845	0.00603	0.00842	0.00966	0.01080	0.00600	0.00830	0.01077	0.01216	0.01584	0.02853	0.13191	0.03133	0.01502	0.00736	0.00244	0.00477	0.67237	0.00495	0.00489
63	0.84927	0.01038	0.00789	0.00706	0.01038	0.01204	0.00581	0.01578	0.00914	0.02408	0.00747	0.00872	0.00581	0.00498	0.00332	0.00166	0.00415	0.00291	0.00332	0.00581
64	0.01251	0.00708	0.00928	0.01006	0.08286	0.00693	0.00720	0.03715	0.01265	0.14746	0.03165	0.03023	0.01824	0.03394	0.02159	0.00196	0.00428	0.19744	0.32140	0.00609
65	0.01097	0.01039	0.01760	0.59597	0.23294	0.01215	0.01532	0.01444	0.01113	0.01473	0.00969	0.01404	0.00751	0.00521	0.00535	0.00174	0.00695	0.00477	0.00246	0.00663

[dist]
# distance from previous block
# <min> <max>
0	5

[block]
# block no. 7 follows, 45 sequences, length 38
# corresponding to MSA columns:
# 427-464
name=unknown_H
#
# <colnr> <probs for GDERKNQSTAVLIFYWHMCP>
#	G	D	E	R	K	N	Q	S	T	A	V	L	I	F	Y	W	H	M	C	P
0	0.04176	0.12243	0.48035	0.01321	0.01951	0.01382	0.01541	0.13144	0.03377	0.01969	0.05176	0.01294	0.00978	0.00562	0.00495	0.00162	0.00682	0.00429	0.00307	0.00777
1	0.03347	0.01420	0.10959	0.01105	0.01497	0.07944	0.00970	0.18264	0.13297	0.24503	0.01621	0.01728	0.01198	0.08814	0.00750	0.00202	0.00574	0.00523	0.00489	0.00797
2	0.01152	0.01227	0.02306	0.01719	0.02090	0.01246	0.42720	0.01471	0.01149	0.01594	0.01536	0.01823	0.10434	0.00669	0.00861	0.00183	0.18311	0.00630	0.00296	0.08583
3	0.01675	0.01531	0.01216	0.01084	0.01354	0.31233	0.00827	0.07149	0.12199	0.12878	0.01607	0.11402	0.01366	0.00746	0.00517	0.00157	0.00619	0.00584	0.08938	0.02920
4	0.01723	0.01277	0.01373	0.01127	0.01470	0.04058	0.00906	0.41670	0.17066	0.08360	0.01618	0.05736	0.01265	0.01058	0.08519	0.00239	0.00632	0.00572	0.00512	0.00821
5	0.01597	0.01207	0.01378	0.01144	0.01393	0.03917	0.00918	0.24702	0.15132	0.11330	0.03005	0.01726	0.01228	0.08917	0.01052	0.00219	0.19391	0.00545	0.00453	0.00747
6	0.00873	0.00886	0.10495	0.00812	0.01029	0.02695	0.00710	0.01145	0.01406	0.04600	0.51841	0.11353	0.07936	0.01067	0.00616	0.00174	0.00354	0.00932	0.00525	0.00550
7	0.00783	0.00588	0.00848	0.00840	0.00918	0.00682	0.00636	0.00943	0.00849	0.01217	0.01450	0.02288	0.01412	0.15526	0.64839	0.00789	0.04037	0.00602	0.00291	0.00460
8	0.00966	0.00566	0.00950	0.00858	0.00913	0.00557	0.08125	0.00803	0.00757	0.01012	0.00948	0.01613	0.00920	0.01721	0.01949	0.75826	0.00511	0.00483	0.00237	0.00283
9	0.00932	0.00466	0.00699	0.00699	0.00699	0.00466	0.00466	0.00699	0.00699	0.00932	0.00932	0.01632	0.00932	0.01865	0.02098	0.84382	0.00466	0.00466	0.00233	0.00233
10	0.01046	0.01016	0.01806	0.70095	0.03585	0.01213	0.10834	0.01415	0.01098	0.01415	0.00971	0.01433	0.00728	0.00526	0.00549	0.00179	0.00739	0.00497	0.00243	0.00612
11	0.00767	0.00575	0.00863	0.00863	0.00959	0.00671	0.00671	0.00959	0.00863	0.01246	0.01438	0.02109	0.01342	0.04026	0.79008	0.00863	0.01438	0.00575	0.00288	0.00479
12	0.01034	0.00532	0.00535	0.00524	0.00658	0.00537	0.00396	0.03616	0.01170	0.02045	0.01736	0.01979	0.01361	0.00626	0.00380	0.00126	0.00261	0.00500	0.81470	0.00513
13	0.00647	0.00544	0.00561	0.00557	0.00733	0.00459	0.00418	0.00795	0.01254	0.01521	0.12761	0.05048	0.70202	0.01333	0.00634	0.00180	0.00270	0.01116	0.00508	0.00459
14	0.01014	0.00954	0.01610	0.79845	0.03697	0.01193	0.01491	0.01371	0.01073	0.01371	0.00954	0.01431	0.00716	0.00537	0.00537	0.00179	0.00716	0.00477	0.00239	0.00596
15	0.00653	0.00471	0.00619	0.00737	0.00776	0.00437	0.00494	0.00749	0.01038	0.01374	0.03089	0.76798	0.07453	0.01665	0.00682	0.00216	0.00309	0.01505	0.00498	0.00437
16	0.01077	0.02777	0.78354	0.01530	0.02323	0.01247	0.01983	0.01700	0.01133	0.01700	0.00963	0.01133	0.00680	0.00510	0.00510	0.00170	0.00793	0.00397	0.00227	0.00793
17	0.02005	0.02558	0.01521	0.01383	0.01659	0.78980	0.01037	0.02143	0.01521	0.01314	0.00830	0.00968	0.00691	0.00553	0.00484	0.00138	0.00968	0.00346	0.00277	0.00622
18	0.00677	0.00495	0.00642	0.00751	0.00812	0.00460	0.00531	0.00794	0.01077	0.01409	0.03256	0.62337	0.12797	0.01617	0.00686	0.00217	0.00328	0.10172	0.00498	0.00445
19	0.62120	0.09100	0.01111	0.00808	0.01161	0.01348	0.00680	0.12866	0.01178	0.02419	0.00880	0.02743	0.00710	0.00543	0.00373	0.00161	0.00455	0.00348	0.00357	0.00639
20	0.11891	0.09533	0.28403	0.01165	0.01679	0.06479	0.01219	0.12294	0.01357	0.05651	0.03435	0.02914	0.01009	0.00595	0.00480	0.00156	0.00621	0.02756	0.00342	0.08019
21	0.02797	0.07232	0.26500	0.01266	0.05590	0.01080	0.02727	0.10757	0.01301	0.04788	0.01713	0.23616	0.01702	0.00916	0.00567	0.00183	0.00572	0.05626	0.00381	0.00684
22	0.01477	0.01048	0.01181	0.00999	0.01305	0.01125	0.00791	0.17804	0.32017	0.12042	0.19996	0.02292	0.02249	0.00784	0.00561	0.00170	0.00422	0.00653	0.00565	0.02518
23	0.00760	0.00549	0.00718	0.00675	0.00802	0.00506	0.00506	0.01013	0.01519	0.02153	0.77503	0.04010	0.05065	0.01097	0.00633	0.00169	0.00253	0.00971	0.00591	0.00506
24	0.01267	0.01448	0.03167	0.02262	0.02805	0.01357	0.75837	0.01719	0.01267	0.01719	0.01086	0.01448	0.00814	0.00452	0.00633	0.00181	0.00905	0.00633	0.00271	0.00724
25	0.00654	0.00467	0.00623	0.00747	0.00779	0.00436	0.00498	0.00747	0.01028	0.01370	0.02959	0.80785	0.03550	0.01682	0.00685	0.00218	0.00311	0.01526	0.00498	0.00436
26	0.01014	0.00954	0.01610	0.79845	0.03697	0.01193	0.01491	0.01371	0.01073	0.01371	0.00954	0.01431	0.00716	0.00537	0.00537	0.00179	0.00716	0.00477	0.00239	0.00596
27	0.01108	0.02588	0.68781	0.01752	0.11806	0.01250	0.01941	0.01693	0.01144	0.01707	0.00969	0.01158	0.00701	0.00506	0.00513	0.00169	0.00774	0.00407	0.00232	0.00800
28	0.01014	0.00954	0.01610	0.79845	0.03697	0.01193	0.01491	0.01371	0.01073	0.01371	0.00954	0.01431	0.00716	0.00537	0.00537	0.00179	0.00716	0.00477	0.00239	0.00596
29	0.01300	0.01148	0.01604	0.01363	0.01405	0.01557	0.01135	0.01426	0.00895	0.09102	0.00848	0.01241	0.00768	0.00912	0.01637	0.00228	0.72055	0.00477	0.00279	0.00620
30	0.00932	0.00466	0.00699	0.00699	0.00699	0.00466	0.00466	0.00699	0.00699	0.00932	0.00932	0.01632	0.00932	0.01865	0.02098	0.84382	0.00466	0.00466	0.00233	0.00233
31	0.01046	0.00987	0.01668	0.72067	0.11225	0.01201	0.01507	0.01400	0.01088	0.01410	0.00960	0.01421	0.00729	0.00531	0.00536	0.00177	0.00708	0.00477	0.00241	0.00622
32	0.00634	0.00544	0.00544	0.00544	0.00725	0.00453	0.00408	0.00770	0.01224	0.01450	0.05438	0.05166	0.77569	0.01359	0.00634	0.00181	0.00272	0.01133	0.00498	0.00453
33	0.00787	0.00537	0.00649	0.00661	0.00686	0.00549	0.00424	0.00837	0.00837	0.01124	0.01776	0.03595	0.01991	0.63351	0.12115	0.00536	0.00633	0.08212	0.00338	0.00362
34	0.02036	0.01636	0.01600	0.01254	0.01664	0.11381	0.01022	0.66716	0.02398	0.03123	0.01231	0.01248	0.00885	0.00633	0.00530	0.00158	0.00638	0.00466	0.00504	0.00876
35	0.00732	0.00580	0.00881	0.10767	0.01252	0.00580	0.04595	0.00877	0.01046	0.01389	0.02608	0.66630	0.03050	0.01473	0.00664	0.00211	0.00394	0.01347	0.00454	0.00471
36	0.01890	0.01408	0.01511	0.01195	0.01596	0.01567	0.00975	0.57448	0.19383	0.05086	0.01514	0.01465	0.01089	0.00664	0.00539	0.00166	0.00549	0.00513	0.00542	0.00899
37	0.74390	0.01257	0.10536	0.00809	0.01200	0.01210	0.00758	0.01593	0.00941	0.02319	0.00775	0.00905	0.00594	0.00500	0.00355	0.00167	0.00463	0.00304	0.00319	0.00608

[dist]
# distance from previous block
# <min> <max>
0	1

[block]
# block no. 8 follows, 45 sequences, length 12
# corresponding to MSA columns:
# 466-477
name=unknown_I
#
# <colnr> <probs for GDERKNQSTAVLIFYWHMCP>
#	G	D	E	R	K	N	Q	S	T	A	V	L	I	F	Y	W	H	M	C	P
0	0.01441	0.01266	0.01254	0.01112	0.01413	0.07405	0.00865	0.13012	0.55246	0.02274	0.02004	0.07174	0.01592	0.00767	0.00549	0.00178	0.00483	0.00631	0.00521	0.00813
1	0.00646	0.00497	0.00592	0.00668	0.00758	0.00443	0.00463	0.00756	0.01104	0.01401	0.03921	0.51432	0.32282	0.01557	0.00665	0.00204	0.00296	0.01373	0.00498	0.00443
2	0.01112	0.13469	0.48734	0.20753	0.02528	0.01358	0.01711	0.01606	0.01112	0.01557	0.00930	0.01168	0.00690	0.00509	0.00493	0.00164	0.00743	0.00401	0.00230	0.00730
3	0.01455	0.01471	0.01346	0.12316	0.01787	0.20459	0.00987	0.02468	0.47526	0.01892	0.01676	0.01667	0.01274	0.00658	0.00530	0.00171	0.00600	0.00524	0.00436	0.00758
4	0.01066	0.00784	0.00924	0.00803	0.01009	0.00788	0.00625	0.19482	0.01744	0.02401	0.53064	0.03429	0.09723	0.01006	0.00610	0.00168	0.00338	0.00863	0.00570	0.00603
5	0.01236	0.01209	0.01726	0.38468	0.26513	0.07335	0.01414	0.01728	0.11881	0.01611	0.01136	0.01444	0.00887	0.00547	0.00532	0.00170	0.00670	0.00486	0.00294	0.00714
6	0.64237	0.01017	0.00991	0.20218	0.01694	0.01201	0.00806	0.01527	0.00953	0.02153	0.00798	0.01010	0.00614	0.00508	0.00383	0.00169	0.00489	0.00337	0.00309	0.00585
7	0.01097	0.01127	0.06727	0.55106	0.03036	0.01231	0.01366	0.01759	0.19753	0.01609	0.01258	0.01552	0.00941	0.00582	0.00537	0.00179	0.00649	0.00504	0.00314	0.00672
8	0.84927	0.01038	0.00789	0.00706	0.01038	0.01204	0.00581	0.01578	0.00914	0.02408	0.00747	0.00872	0.00581	0.00498	0.00332	0.00166	0.00415	0.00291	0.00332	0.00581
9	0.00819	0.00537	0.00664	0.00632	0.00758	0.00505	0.00474	0.01072	0.01422	0.02115	0.58826	0.03515	0.04155	0.00981	0.00570	0.00158	0.00252	0.00855	0.21185	0.00505
10	0.00844	0.00535	0.00658	0.00645	0.00768	0.00501	0.00477	0.01068	0.01342	0.04017	0.43583	0.14371	0.06522	0.01062	0.00574	0.00165	0.00267	0.00928	0.21170	0.00504
11	0.84927	0.01038	0.00789	0.00706	0.01038	0.01204	0.00581	0.01578	0.00914	0.02408	0.00747	0.00872	0.00581	0.00498	0.00332	0.00166	0.00415	0.00291	0.00332	0.00581

[dist]
# distance from previous block
# <min> <max>
0	1

[block]
# block no. 9 follows, 45 sequences, length 10
# corresponding to MSA columns:
# 479-488
name=unknown_J
#
# <colnr> <probs for GDERKNQSTAVLIFYWHMCP>
#	G	D	E	R	K	N	Q	S	T	A	V	L	I	F	Y	W	H	M	C	P
0	0.01199	0.01447	0.09650	0.19442	0.09168	0.01304	0.46460	0.01635	0.01208	0.01644	0.01039	0.01405	0.00783	0.00479	0.00592	0.00178	0.00831	0.00564	0.00260	0.00713
