[name]
unknown

[dist]
# distance from previous block
# <min> <max>
5	181

[block]
# block no. 0 follows, 45 sequences, length 10
# corresponding to MSA columns:
# 343-352
name=unknown_A
#
# <colnr> <probs for GDERKNQSTAVLIFYWHMCP>
#	G	D	E	R	K	N	Q	S	T	A	V	L	I	F	Y	W	H	M	C	P
0	0.38889	0.01002	0.01086	0.00927	0.01231	0.01089	0.06259	0.08349	0.09113	0.08727	0.01451	0.12243	0.01272	0.02691	0.00522	0.00183	0.00455	0.00577	0.03283	0.00649
1	0.18448	0.00865	0.00929	0.00814	0.01060	0.00914	0.00638	0.11908	0.07877	0.09384	0.20919	0.04002	0.06050	0.05118	0.04690	0.00222	0.00445	0.00658	0.04429	0.00631
2	0.14896	0.00768	0.00911	0.00856	0.01038	0.00843	0.00668	0.06685	0.07747	0.05420	0.07435	0.06203	0.01666	0.02011	0.26408	0.10044	0.00758	0.04697	0.00393	0.00553
3	0.01093	0.07106	0.01037	0.00861	0.01065	0.06638	0.00679	0.04722	0.08528	0.06531	0.12865	0.16435	0.16133	0.01263	0.04653	0.00218	0.00476	0.08635	0.00479	0.00582
4	0.00787	0.00689	0.00693	0.00698	0.00841	0.06574	0.00515	0.00951	0.01292	0.01626	0.24715	0.19136	0.34774	0.01289	0.00635	0.00183	0.00335	0.03280	0.00507	0.00479
5	0.03620	0.00686	0.00957	0.00891	0.01046	0.00751	0.02819	0.01291	0.08053	0.07417	0.07437	0.02227	0.01638	0.07164	0.47958	0.03485	0.01044	0.00606	0.00366	0.00543
6	0.07298	0.09613	0.20234	0.00985	0.01360	0.04262	0.02332	0.04289	0.03661	0.01811	0.19370	0.03963	0.14372	0.03466	0.00608	0.00177	0.00505	0.00675	0.00396	0.00621
7	0.00838	0.00737	0.06736	0.00788	0.00904	0.00627	0.00612	0.01024	0.06584	0.01309	0.02094	0.18116	0.06269	0.27759	0.06357	0.11614	0.00528	0.06291	0.00375	0.00439
8	0.57684	0.01014	0.00878	0.00774	0.01087	0.01126	0.00623	0.05840	0.04282	0.07668	0.01139	0.01255	0.00868	0.00582	0.00397	0.00170	0.00421	0.00382	0.13160	0.00649
9	0.01731	0.01321	0.01802	0.14300	0.12996	0.06124	0.10245	0.19238	0.03153	0.17166	0.01355	0.01499	0.00985	0.00601	0.00560	0.00171	0.00656	0.00513	0.00431	0.05151

[dist]
# distance from previous block
# <min> <max>
0	1

[block]
# block no. 1 follows, 45 sequences, length 10
# corresponding to MSA columns:
# 354-363
name=unknown_B
#
# <colnr> <probs for GDERKNQSTAVLIFYWHMCP>
#	G	D	E	R	K	N	Q	S	T	A	V	L	I	F	Y	W	H	M	C	P
0	0.01398	0.01393	0.01248	0.00978	0.01396	0.20277	0.00766	0.05994	0.04009	0.01755	0.00987	0.01119	0.00806	0.00463	0.00433	0.00103	0.00552	0.00345	0.00329	0.55650
1	0.01442	0.05041	0.16284	0.04609	0.12027	0.03677	0.05320	0.20735	0.01570	0.05918	0.06149	0.01814	0.01280	0.00652	0.00541	0.00164	0.00622	0.06254	0.00388	0.05513
2	0.00938	0.08286	0.01382	0.17448	0.06392	0.00927	0.06739	0.01197	0.01206	0.01620	0.22080	0.09042	0.07194	0.01241	0.09456	0.00252	0.00601	0.03043	0.00388	0.00568
3	0.06790	0.62803	0.09622	0.00998	0.01466	0.07999	0.01005	0.01656	0.01117	0.01381	0.00773	0.00896	0.00681	0.00474	0.00370	0.00125	0.00615	0.00302	0.00240	0.00687
4	0.04846	0.07678	0.51549	0.03744	0.01981	0.01193	0.01549	0.03451	0.01185	0.04483	0.03256	0.01586	0.07981	0.00606	0.00505	0.00165	0.00670	0.00475	0.00292	0.02806
5	0.01331	0.17613	0.16155	0.01356	0.01751	0.15794	0.11661	0.01662	0.04261	0.01480	0.01339	0.01511	0.07911	0.00655	0.00700	0.00166	0.13215	0.00487	0.00282	0.00669
6	0.84927	0.01038	0.00789	0.00706	0.01038	0.01204	0.00581	0.01578	0.00914	0.02408	0.00747	0.00872	0.00581	0.00498	0.00332	0.00166	0.00415	0.00291	0.00332	0.00581
7	0.01570	0.03659	0.06093	0.03777	0.03415	0.36973	0.05919	0.01900	0.08468	0.06456	0.01444	0.13824	0.01328	0.00758	0.00541	0.00165	0.00732	0.01966	0.00360	0.00654
8	0.01048	0.00973	0.04697	0.01555	0.21041	0.00860	0.07895	0.01345	0.03444	0.04111	0.16825	0.06449	0.11304	0.07102	0.00746	0.00193	0.00490	0.02083	0.00402	0.07436
9	0.00739	0.00929	0.13930	0.00749	0.01022	0.00607	0.00706	0.00983	0.01254	0.01623	0.18594	0.04145	0.47647	0.01253	0.03279	0.00200	0.00397	0.00956	0.00463	0.00523

[dist]
# distance from previous block
# <min> <max>
6	8

[block]
# block no. 2 follows, 45 sequences, length 39
# corresponding to MSA columns:
# 378-390,393-418
name=unknown_C
#
# <colnr> <probs for GDERKNQSTAVLIFYWHMCP>
#	G	D	E	R	K	N	Q	S	T	A	V	L	I	F	Y	W	H	M	C	P
0	0.01125	0.22679	0.07722	0.01085	0.03838	0.01130	0.00905	0.02716	0.01197	0.01575	0.02103	0.31887	0.02298	0.01336	0.04221	0.00240	0.00565	0.12314	0.00427	0.00638
1	0.01254	0.01024	0.01122	0.00843	0.01261	0.05123	0.00665	0.04854	0.01240	0.06713	0.05813	0.01435	0.01140	0.03708	0.00526	0.00115	0.00438	0.00400	0.00365	0.61962
2	0.00899	0.00701	0.00877	0.00770	0.00984	0.00624	0.03295	0.01135	0.05617	0.03017	0.13433	0.13061	0.16189	0.12392	0.00931	0.03210	0.00385	0.02159	0.00434	0.19887
3	0.02254	0.00571	0.00716	0.00703	0.00822	0.00533	0.00509	0.00969	0.01165	0.04170	0.25512	0.16778	0.11209	0.12882	0.04159	0.06404	0.00397	0.04963	0.00467	0.04819
4	0.01037	0.01184	0.10120	0.03204	0.13608	0.00972	0.21475	0.01385	0.02872	0.01693	0.12198	0.08001	0.09250	0.05908	0.00728	0.00195	0.00594	0.00735	0.00359	0.04483
5	0.04722	0.01330	0.02725	0.08494	0.02646	0.01273	0.58126	0.01787	0.01267	0.10404	0.01179	0.01467	0.00855	0.00485	0.00603	0.00179	0.00819	0.00596	0.00316	0.00729
6	0.00879	0.00775	0.01348	0.01146	0.01333	0.00815	0.17279	0.01110	0.01001	0.01399	0.05169	0.07015	0.04585	0.07091	0.43340	0.00574	0.03600	0.00695	0.00320	0.00526
7	0.00755	0.00561	0.00723	0.00810	0.03136	0.00551	0.00545	0.00933	0.04744	0.01429	0.07900	0.39092	0.11009	0.12496	0.07609	0.02509	0.00453	0.03833	0.00452	0.00461
8	0.03715	0.00980	0.01442	0.21243	0.21459	0.02894	0.02569	0.07738	0.01214	0.01658	0.01516	0.19707	0.01516	0.03240	0.02044	0.03303	0.00586	0.02203	0.00344	0.00630
9	0.01008	0.00941	0.01580	0.76704	0.03594	0.01170	0.01466	0.01361	0.01080	0.01381	0.01029	0.01615	0.00810	0.00574	0.00545	0.00182	0.00707	0.03413	0.00249	0.00592
10	0.01270	0.00909	0.01038	0.00956	0.01201	0.00972	0.00750	0.05662	0.34988	0.10978	0.05894	0.09266	0.08097	0.04648	0.00694	0.00206	0.00422	0.10806	0.00537	0.00707
11	0.00874	0.00635	0.00942	0.01125	0.11636	0.00663	0.00704	0.00957	0.00927	0.01294	0.01682	0.20225	0.01794	0.09686	0.20462	0.17736	0.02616	0.03055	0.02527	0.00460
12	0.01373	0.05809	0.02064	0.17333	0.44933	0.06197	0.04918	0.07792	0.01315	0.01760	0.01000	0.01302	0.00809	0.00506	0.00524	0.00160	0.00678	0.00467	0.00282	0.00778
13	0.01191	0.01891	0.39849	0.01273	0.01785	0.03490	0.01394	0.09349	0.07128	0.04364	0.01247	0.01482	0.00969	0.01438	0.20389	0.00344	0.00901	0.00470	0.00315	0.00729
14	0.00888	0.00570	0.00710	0.00725	0.00828	0.00538	0.00529	0.01016	0.01114	0.07667	0.11162	0.16023	0.12997	0.26646	0.01321	0.00305	0.00414	0.15618	0.00467	0.00462
15	0.01439	0.09825	0.04062	0.01652	0.17757	0.26077	0.03125	0.03465	0.03479	0.01533	0.01360	0.09709	0.02242	0.00755	0.00601	0.00167	0.04999	0.06764	0.00323	0.00666
16	0.03036	0.21269	0.01467	0.03819	0.01249	0.05354	0.00784	0.05551	0.04120	0.04950	0.01272	0.01738	0.01142	0.08914	0.32537	0.00466	0.00933	0.00492	0.00316	0.00592
17	0.00769	0.00567	0.00821	0.00821	0.00903	0.00649	0.00619	0.00932	0.00850	0.01215	0.01476	0.02318	0.01433	0.15537	0.67621	0.00812	0.01301	0.00606	0.00293	0.00456
18	0.01312	0.01240	0.01959	0.23540	0.26437	0.03528	0.12674	0.08867	0.09522	0.01822	0.01154	0.01441	0.00897	0.00569	0.00587	0.02201	0.00677	0.00512	0.00315	0.00746
19	0.01229	0.01237	0.02286	0.12874	0.33810	0.01249	0.26301	0.01659	0.05896	0.01700	0.01210	0.05870	0.01020	0.00560	0.00576	0.00174	0.00706	0.00597	0.00294	0.00751
20	0.00835	0.00615	0.00860	0.01020	0.05281	0.00605	0.00776	0.01038	0.01178	0.01554	0.06172	0.19452	0.04985	0.06787	0.00845	0.00250	0.00453	0.46327	0.00475	0.00491
21	0.00670	0.00542	0.00573	0.00568	0.00719	0.00469	0.00412	0.00806	0.01210	0.01499	0.15144	0.04798	0.57977	0.11197	0.00894	0.00221	0.00300	0.01066	0.00490	0.00445
22	0.03725	0.01178	0.07031	0.10957	0.12925	0.01067	0.22777	0.01533	0.05446	0.04728	0.02152	0.02409	0.17620	0.00729	0.00585	0.00178	0.00624	0.03306	0.00354	0.00675
23	0.01105	0.09064	0.72317	0.01481	0.02248	0.01317	0.01898	0.01693	0.01130	0.01665	0.00946	0.01112	0.00681	0.00506	0.00497	0.00166	0.00776	0.00388	0.00227	0.00785
24	0.01113	0.00954	0.01113	0.00795	0.01272	0.00716	0.00636	0.01352	0.01113	0.01749	0.00954	0.01113	0.00795	0.00398	0.00398	0.00080	0.00398	0.00318	0.00318	0.84417
25	0.01872	0.01397	0.01503	0.01194	0.01589	0.01553	0.00976	0.57432	0.17979	0.04624	0.01530	0.01564	0.01125	0.00683	0.00544	0.00168	0.00551	0.02287	0.00540	0.00890
26	0.01416	0.01130	0.01573	0.47195	0.02820	0.01323	0.01276	0.27137	0.01586	0.05133	0.01131	0.01418	0.00827	0.00685	0.02914	0.00193	0.00684	0.00485	0.00360	0.00715
27	0.01243	0.16709	0.25346	0.01460	0.10325	0.04394	0.06357	0.01665	0.04623	0.01647	0.00985	0.01154	0.00782	0.00478	0.00463	0.00137	0.00637	0.00390	0.00273	0.20932
28	0.01278	0.01191	0.02009	0.04483	0.63373	0.01194	0.04139	0.03084	0.01231	0.01770	0.01168	0.05819	0.01028	0.00558	0.00535	0.00162	0.00608	0.00544	0.05029	0.00799
29	0.00654	0.00467	0.00623	0.00747	0.00779	0.00436	0.00498	0.00747	0.01028	0.01370	0.02959	0.80785	0.03550	0.01682	0.00685	0.00218	0.00311	0.01526	0.00498	0.00436
30	0.00654	0.00467	0.00623	0.00747	0.00779	0.00436	0.00498	0.00747	0.01028	0.01370	0.02959	0.80785	0.03550	0.01682	0.00685	0.00218	0.00311	0.01526	0.00498	0.00436
31	0.01113	0.00954	0.01113	0.00795	0.01272	0.00716	0.00636	0.01352	0.01113	0.01749	0.00954	0.01113	0.00795	0.00398	0.00398	0.00080	0.00398	0.00318	0.00318	0.84417
32	0.01400	0.73719	0.10243	0.00979	0.01471	0.02038	0.01023	0.01616	0.01095	0.01306	0.00768	0.00888	0.00688	0.00464	0.00361	0.00120	0.00596	0.00298	0.00229	0.00699
33	0.01091	0.00931	0.01090	0.00793	0.01249	0.00702	0.00630	0.01323	0.01109	0.01731	0.01049	0.04881	0.00925	0.00458	0.00411	0.00086	0.00393	0.00375	0.00327	0.80445
34	0.00660	0.00476	0.00625	0.00733	0.00778	0.00441	0.00495	0.00766	0.01070	0.01426	0.08008	0.72130	0.07151	0.01628	0.00679	0.00213	0.00306	0.01471	0.00504	0.00441
35	0.01261	0.01348	0.05629	0.08345	0.30656	0.04866	0.19311	0.01666	0.04924	0.01732	0.04123	0.01453	0.01016	0.00509	0.00542	0.00157	0.00676	0.00512	0.00297	0.10978
36	0.01014	0.01763	0.37961	0.01284	0.01715	0.01139	0.01393	0.01399	0.00998	0.01499	0.01041	0.01405	0.00871	0.01544	0.22087	0.00366	0.16521	0.00455	0.00250	0.05296
37	0.01113	0.00954	0.01113	0.00795	0.01272	0.00716	0.00636	0.01352	0.01113	0.01749	0.00954	0.01113	0.00795	0.00398	0.00398	0.00080	0.00398	0.00318	0.00318	0.84417
38	0.00778	0.00572	0.00849	0.00855	0.00946	0.00657	0.00663	0.00951	0.00872	0.01246	0.01494	0.02319	0.01428	0.06050	0.70369	0.03800	0.01332	0.04057	0.00296	0.00467

[dist]
# distance from previous block
# <min> <max>
0	1

[block]
# block no. 3 follows, 45 sequences, length 41
# corresponding to MSA columns:
# 420-460
name=unknown_D
#
# <colnr> <probs for GDERKNQSTAVLIFYWHMCP>
#	G	D	E	R	K	N	Q	S	T	A	V	L	I	F	Y	W	H	M	C	P
0	0.01263	0.01436	0.03100	0.02225	0.02744	0.01370	0.72544	0.01701	0.01247	0.01701	0.01069	0.01436	0.00810	0.00474	0.00683	0.00183	0.04400	0.00626	0.00270	0.00718
1	0.01100	0.00954	0.01180	0.11375	0.01597	0.00779	0.00750	0.01354	0.01108	0.01699	0.00954	0.01156	0.00784	0.00416	0.00416	0.00093	0.00440	0.00339	0.00307	0.73198
2	0.01131	0.00981	0.01203	0.01005	0.07705	0.00763	0.00721	0.01376	0.01122	0.01750	0.00959	0.01131	0.00800	0.00404	0.00409	0.00086	0.00418	0.00332	0.00314	0.77390
3	0.00767	0.00575	0.00863	0.00863	0.00959	0.00671	0.00671	0.00959	0.00863	0.01246	0.01438	0.02109	0.01342	0.04026	0.79008	0.00863	0.01438	0.00575	0.00288	0.00479
4	0.01335	0.01153	0.01214	0.01092	0.01396	0.01335	0.00850	0.02852	0.76817	0.02245	0.02185	0.02003	0.01639	0.00728	0.00546	0.00182	0.00425	0.00607	0.00546	0.00850
5	0.00662	0.00474	0.00630	0.00742	0.00780	0.00442	0.00499	0.00768	0.01067	0.01432	0.08849	0.74718	0.03670	0.01636	0.00681	0.00214	0.00307	0.01482	0.00506	0.00442
6	0.00777	0.00567	0.00721	0.00694	0.00821	0.00530	0.00515	0.03286	0.01466	0.02041	0.60574	0.14275	0.09352	0.01178	0.00637	0.00176	0.00273	0.01040	0.00571	0.00506
7	0.00657	0.00490	0.00608	0.00700	0.00768	0.00446	0.00480	0.00762	0.01072	0.01385	0.03509	0.59173	0.21029	0.03771	0.00730	0.00218	0.00312	0.02959	0.00494	0.00438
8	0.01077	0.02777	0.78354	0.01530	0.02323	0.01247	0.01983	0.01700	0.01133	0.01700	0.00963	0.01133	0.00680	0.00510	0.00510	0.00170	0.00793	0.00397	0.00227	0.00793
9	0.00734	0.00528	0.00696	0.00783	0.00859	0.00503	0.00585	0.00888	0.01146	0.01523	0.12957	0.40239	0.07655	0.06847	0.00828	0.00238	0.00366	0.21669	0.00498	0.00455
10	0.01330	0.01211	0.01465	0.01689	0.22431	0.03901	0.01059	0.02419	0.50636	0.02049	0.01936	0.01900	0.04216	0.00677	0.00543	0.00174	0.00496	0.00582	0.00458	0.00827
11	0.23120	0.60571	0.02287	0.00863	0.01290	0.01885	0.00831	0.01600	0.01045	0.01560	0.00747	0.00864	0.00661	0.00469	0.00341	0.00128	0.00533	0.00288	0.00256	0.00661
12	0.00732	0.00542	0.00684	0.00668	0.00794	0.00494	0.00498	0.00952	0.01420	0.01955	0.57361	0.11193	0.16646	0.01202	0.00641	0.00177	0.00267	0.02717	0.00565	0.00491
13	0.00670	0.00478	0.00614	0.00717	0.00750	0.00448	0.00471	0.00753	0.01003	0.01330	0.02898	0.67107	0.06601	0.12302	0.00957	0.00257	0.00338	0.01409	0.00475	0.00422
14	0.00703	0.00521	0.00657	0.00677	0.00781	0.00474	0.00487	0.00883	0.01305	0.01773	0.40453	0.29928	0.16704	0.01337	0.00651	0.00187	0.00276	0.01184	0.00544	0.00474
15	0.01168	0.01166	0.01643	0.04329	0.01494	0.01627	0.01186	0.01295	0.00831	0.01295	0.00714	0.01184	0.00705	0.00925	0.01716	0.00233	0.77196	0.00470	0.00235	0.00588
16	0.01237	0.01028	0.01180	0.00854	0.01325	0.00843	0.00687	0.11342	0.01302	0.01968	0.00999	0.01137	0.00811	0.00431	0.00416	0.00090	0.00423	0.00340	0.00347	0.73240
17	0.01288	0.49118	0.33862	0.01170	0.01766	0.01763	0.01356	0.01645	0.01108	0.01443	0.00835	0.00973	0.00685	0.00480	0.00412	0.00137	0.00664	0.00332	0.00228	0.00732
18	0.00910	0.00481	0.00721	0.00721	0.00734	0.00494	0.00494	0.00734	0.00721	0.00974	0.01000	0.01696	0.00987	0.02154	0.12392	0.73204	0.00596	0.00481	0.00240	0.00266
19	0.01544	0.01491	0.11675	0.01200	0.01613	0.01437	0.01060	0.27894	0.41095	0.02564	0.01713	0.01640	0.01260	0.00670	0.00538	0.00173	0.00531	0.00536	0.00500	0.00864
20	0.00762	0.00590	0.00882	0.11395	0.01265	0.00662	0.00723	0.00943	0.00946	0.01304	0.01883	0.28380	0.01998	0.02773	0.42261	0.00555	0.00964	0.00881	0.00352	0.00480
21	0.04723	0.01459	0.05072	0.01628	0.09922	0.14907	0.20718	0.06137	0.01424	0.17052	0.07802	0.01622	0.01272	0.00697	0.02984	0.00186	0.00718	0.00543	0.00394	0.00739
22	0.01307	0.01129	0.01185	0.01090	0.01371	0.03451	0.00861	0.04234	0.62903	0.02159	0.02214	0.02500	0.01790	0.00822	0.00570	0.00189	0.00453	0.10443	0.00531	0.00797
23	0.84927	0.01038	0.00789	0.00706	0.01038	0.01204	0.00581	0.01578	0.00914	0.02408	0.00747	0.00872	0.00581	0.00498	0.00332	0.00166	0.00415	0.00291	0.00332	0.00581
24	0.00932	0.00466	0.00699	0.00699	0.00699	0.00466	0.00466	0.00699	0.00699	0.00932	0.00932	0.01632	0.00932	0.01865	0.02098	0.84382	0.00466	0.00466	0.00233	0.00233
25	0.01014	0.00954	0.01610	0.79845	0.03697	0.01193	0.01491	0.01371	0.01073	0.01371	0.00954	0.01431	0.00716	0.00537	0.00537	0.00179	0.00716	0.00477	0.00239	0.00596
26	0.00833	0.00608	0.00727	0.00696	0.00696	0.00671	0.00439	0.00849	0.00786	0.01074	0.01559	0.03200	0.01785	0.70401	0.02602	0.00482	0.11179	0.00739	0.00313	0.00360
27	0.01320	0.01299	0.02311	0.03157	0.67751	0.01286	0.11577	0.01657	0.01228	0.01749	0.01020	0.01345	0.00845	0.00475	0.00545	0.00162	0.00673	0.00499	0.00266	0.00833
28	0.01329	0.01275	0.02179	0.03295	0.77787	0.01275	0.01647	0.01647	0.01222	0.01754	0.01010	0.01329	0.00850	0.00478	0.00531	0.00159	0.00638	0.00478	0.00266	0.00850
29	0.01014	0.00954	0.01610	0.79845	0.03697	0.01193	0.01491	0.01371	0.01073	0.01371	0.00954	0.01431	0.00716	0.00537	0.00537	0.00179	0.00716	0.00477	0.00239	0.00596
30	0.01148	0.00953	0.01117	0.00799	0.01275	0.00718	0.00640	0.01386	0.01125	0.03808	0.00985	0.01132	0.00809	0.00405	0.00401	0.00082	0.00399	0.00324	0.00327	0.82167
31	0.80589	0.01032	0.00813	0.00719	0.01056	0.01182	0.00592	0.01632	0.00946	0.06391	0.00819	0.00922	0.00621	0.00507	0.00343	0.00166	0.00417	0.00304	0.00350	0.00599
32	0.00682	0.00526	0.00623	0.00639	0.00765	0.00467	0.00464	0.00847	0.01276	0.01670	0.29378	0.23578	0.34454	0.01350	0.00647	0.00186	0.00275	0.01175	0.00530	0.00467
33	0.01391	0.66385	0.15237	0.01032	0.01541	0.04022	0.01097	0.01637	0.01109	0.01336	0.00784	0.00909	0.00687	0.00470	0.00375	0.00125	0.00621	0.00307	0.00230	0.00704
34	0.01317	0.01064	0.01328	0.01182	0.04031	0.09014	0.07486	0.04347	0.07012	0.11777	0.04674	0.02017	0.01396	0.13478	0.18368	0.00380	0.09548	0.00584	0.00377	0.00622
35	0.00741	0.00504	0.00597	0.00636	0.00646	0.00494	0.00379	0.00770	0.00858	0.01144	0.02089	0.27736	0.02453	0.56228	0.02090	0.00426	0.00455	0.01014	0.00379	0.00360
36	0.00686	0.00481	0.00613	0.00706	0.00729	0.00458	0.00454	0.00756	0.00965	0.01286	0.02635	0.61082	0.03143	0.21941	0.01207	0.00295	0.00365	0.01336	0.00454	0.00408
37	0.01401	0.01990	0.25565	0.01831	0.04244	0.11727	0.33433	0.08356	0.01376	0.03348	0.01051	0.01279	0.00777	0.00505	0.00563	0.00169	0.00836	0.00504	0.00290	0.00755
38	0.01581	0.01415	0.07038	0.01810	0.02324	0.01264	0.46089	0.09982	0.02937	0.17961	0.01339	0.01502	0.00941	0.00527	0.00594	0.00175	0.00761	0.00583	0.00386	0.00791
39	0.00748	0.00506	0.00650	0.00708	0.00788	0.00468	0.00495	0.00894	0.01177	0.03777	0.20561	0.50723	0.08675	0.01431	0.00647	0.00197	0.00296	0.01280	0.05509	0.00471
40	0.17559	0.00898	0.01071	0.00879	0.01181	0.00901	0.00702	0.02052	0.04450	0.42717	0.01700	0.01843	0.01245	0.11423	0.00869	0.00217	0.05703	0.00522	0.03334	0.00734

[dist]
# distance from previous block
# <min> <max>
0	1

[block]
# block no. 4 follows, 45 sequences, length 120
# corresponding to MSA columns:
# 462-487,489-582
name=unknown_E
#
# <colnr> <probs for GDERKNQSTAVLIFYWHMCP>
#	G	D	E	R	K	N	Q	S	T	A	V	L	I	F	Y	W	H	M	C	P
0	0.09340	0.06019	0.01288	0.04861	0.06548	0.00914	0.00763	0.01443	0.01109	0.03720	0.00954	0.01122	0.00781	0.00430	0.00407	0.00103	0.00444	0.00338	0.00315	0.59101
1	0.00901	0.00785	0.01005	0.00978	0.01090	0.04340	0.05181	0.01218	0.11159	0.01481	0.02288	0.46317	0.02523	0.03114	0.07940	0.00273	0.07334	0.01104	0.00436	0.00532
2	0.00775	0.00544	0.00705	0.00705	0.00747	0.00586	0.00475	0.00858	0.00816	0.01130	0.01582	0.02905	0.01688	0.47748	0.35758	0.00669	0.00918	0.00692	0.00309	0.00392
3	0.01077	0.02777	0.78354	0.01530	0.02323	0.01247	0.01983	0.01700	0.01133	0.01700	0.00963	0.01133	0.00680	0.00510	0.00510	0.00170	0.00793	0.00397	0.00227	0.00793
4	0.00691	0.00558	0.00616	0.00599	0.00764	0.00489	0.00450	0.00894	0.02821	0.01704	0.29817	0.04711	0.51473	0.01258	0.00632	0.00177	0.00269	0.01067	0.00531	0.00479
5	0.00754	0.00548	0.00710	0.00670	0.00799	0.00504	0.00502	0.01003	0.01507	0.02123	0.74439	0.04059	0.08148	0.01109	0.00633	0.00169	0.00254	0.00978	0.00587	0.00504
6	0.00699	0.00543	0.00636	0.00619	0.00766	0.00480	0.00462	0.00893	0.01367	0.01806	0.42154	0.07481	0.37689	0.01238	0.00636	0.00176	0.00264	0.01065	0.00546	0.00480
7	0.00773	0.00550	0.00733	0.00733	0.00785	0.00601	0.00510	0.00876	0.00824	0.01150	0.01556	0.02763	0.01626	0.39960	0.43463	0.00703	0.01010	0.00671	0.00305	0.00407
8	0.01335	0.01153	0.01214	0.01092	0.01396	0.01335	0.00850	0.02852	0.76817	0.02245	0.02185	0.02003	0.01639	0.00728	0.00546	0.00182	0.00425	0.00607	0.00546	0.00850
9	0.02148	0.01127	0.01422	0.03088	0.04770	0.01134	0.00930	0.25255	0.03138	0.45532	0.01732	0.01607	0.01146	0.00659	0.00586	0.00168	0.03574	0.00517	0.00579	0.00889
10	0.01103	0.10244	0.68314	0.01452	0.02189	0.01308	0.01841	0.01670	0.01133	0.01655	0.01010	0.01285	0.00768	0.00540	0.00502	0.00167	0.00761	0.03048	0.00237	0.00773
11	0.01353	0.01425	0.02215	0.01697	0.02105	0.09472	0.38173	0.04064	0.22188	0.01842	0.01430	0.04756	0.01140	0.00607	0.00620	0.00177	0.03032	0.00616	0.00365	0.02723
12	0.74625	0.01024	0.00841	0.00731	0.01076	0.01150	0.00602	0.01661	0.00976	0.09065	0.00876	0.00965	0.00655	0.00509	0.00353	0.00163	0.00418	0.00314	0.00361	0.03636
13	0.00811	0.00580	0.00781	0.00867	0.00963	0.00579	0.00703	0.00997	0.01126	0.01480	0.04834	0.12754	0.06086	0.13485	0.07175	0.00328	0.00538	0.44997	0.00456	0.00461
14	0.01364	0.01159	0.01226	0.01090	0.01397	0.01334	0.00851	0.07380	0.70199	0.02314	0.04100	0.02011	0.01683	0.00733	0.00548	0.00180	0.00431	0.00609	0.00547	0.00845
15	0.01668	0.00780	0.01028	0.00849	0.01140	0.00708	0.00677	0.01977	0.06239	0.42393	0.32886	0.02729	0.02873	0.00845	0.00578	0.00168	0.00372	0.00720	0.00627	0.00743
16	0.00850	0.00613	0.00761	0.00731	0.00772	0.00672	0.00492	0.03748	0.00871	0.01198	0.01551	0.02929	0.01681	0.53700	0.21704	0.00575	0.05735	0.00698	0.00318	0.00403
17	0.01163	0.00953	0.01118	0.00801	0.01276	0.00718	0.00642	0.01400	0.01129	0.04685	0.00999	0.01141	0.00816	0.00408	0.00403	0.00083	0.00400	0.00327	0.00331	0.81208
18	0.00646	0.00512	0.00582	0.00634	0.00750	0.00447	0.00449	0.00768	0.01149	0.01437	0.06480	0.37083	0.44192	0.01488	0.00656	0.00196	0.00288	0.01294	0.00501	0.00447
19	0.00666	0.00518	0.00606	0.00649	0.00766	0.00459	0.00467	0.00806	0.01195	0.01527	0.14970	0.32786	0.37925	0.01443	0.00656	0.00195	0.00289	0.03110	0.00512	0.00456
20	0.01455	0.71755	0.06837	0.00984	0.01449	0.07356	0.00985	0.01649	0.01123	0.01290	0.00764	0.00883	0.00689	0.00468	0.00363	0.00119	0.00613	0.00297	0.00233	0.00690
21	0.05300	0.01201	0.01404	0.01197	0.06235	0.04013	0.00916	0.27664	0.03794	0.38138	0.01745	0.01627	0.02939	0.00654	0.00531	0.00164	0.00526	0.00516	0.00562	0.00873
22	0.00685	0.00503	0.00647	0.00732	0.00805	0.00465	0.00521	0.00821	0.01142	0.01512	0.13700	0.52875	0.13842	0.01538	0.00676	0.00209	0.00315	0.08047	0.00511	0.00454
23	0.01435	0.81458	0.02813	0.00918	0.01378	0.02124	0.00918	0.01607	0.01091	0.01263	0.00746	0.00861	0.00689	0.00459	0.00344	0.00115	0.00574	0.00287	0.00230	0.00689
24	0.01120	0.00975	0.01201	0.00858	0.01338	0.00743	0.03867	0.01367	0.01120	0.01748	0.00960	0.01127	0.00796	0.00400	0.00408	0.00084	0.00419	0.00332	0.00316	0.80821
25	0.01565	0.01842	0.01957	0.07098	0.07588	0.35945	0.17357	0.01795	0.01276	0.01434	0.00882	0.01171	0.00734	0.00600	0.00774	0.00171	0.16443	0.00451	0.00264	0.00652
26	0.68599	0.01181	0.01099	0.00919	0.01273	0.05473	0.08048	0.04820	0.01051	0.02323	0.00809	0.00952	0.00625	0.00503	0.00379	0.00166	0.00501	0.00336	0.00332	0.00612
27	0.00826	0.00575	0.00750	0.00749	0.00824	0.00623	0.00536	0.03617	0.00936	0.01338	0.01685	0.10162	0.01731	0.26933	0.38427	0.00606	0.00914	0.00721	0.07602	0.00445
28	0.00660	0.00545	0.00579	0.00570	0.00740	0.00464	0.00428	0.00819	0.01283	0.01591	0.19877	0.04934	0.63042	0.01307	0.00634	0.00179	0.00268	0.01100	0.00517	0.00464
29	0.01280	0.00945	0.01102	0.01068	0.01290	0.04267	0.00908	0.20032	0.02929	0.05163	0.02325	0.04397	0.02343	0.01186	0.00667	0.00216	0.00536	0.48215	0.00503	0.00628
30	0.00767	0.00573	0.00852	0.00852	0.00944	0.00665	0.00658	0.00952	0.00860	0.01238	0.01448	0.02163	0.01365	0.06989	0.76077	0.00850	0.01403	0.00583	0.00289	0.00473
31	0.01044	0.00985	0.01665	0.72389	0.10913	0.01201	0.01506	0.01398	0.01088	0.01409	0.00960	0.01421	0.00729	0.00531	0.00536	0.00177	0.00708	0.00477	0.00241	0.00621
32	0.00654	0.00467	0.00623	0.00747	0.00779	0.00436	0.00498	0.00747	0.01028	0.01370	0.02959	0.80785	0.03550	0.01682	0.00685	0.00218	0.00311	0.01526	0.00498	0.00436
33	0.00771	0.00536	0.00660	0.00642	0.00702	0.00524	0.00425	0.00892	0.01104	0.01533	0.34346	0.03639	0.03255	0.41820	0.06599	0.00390	0.00463	0.00850	0.00437	0.00413
34	0.01014	0.00954	0.01610	0.79845	0.03697	0.01193	0.01491	0.01371	0.01073	0.01371	0.00954	0.01431	0.00716	0.00537	0.00537	0.00179	0.00716	0.00477	0.00239	0.00596
35	0.01435	0.81458	0.02813	0.00918	0.01378	0.02124	0.00918	0.01607	0.01091	0.01263	0.00746	0.00861	0.00689	0.00459	0.00344	0.00115	0.00574	0.00287	0.00230	0.00689
36	0.02339	0.00989	0.01288	0.00992	0.01406	0.00906	0.00818	0.11347	0.03458	0.67448	0.02021	0.01767	0.01287	0.00664	0.00540	0.00166	0.00472	0.00535	0.00646	0.00912
37	0.01335	0.01153	0.01214	0.01092	0.01396	0.01335	0.00850	0.02852	0.76817	0.02245	0.02185	0.02003	0.01639	0.00728	0.00546	0.00182	0.00425	0.00607	0.00546	0.00850
38	0.01110	0.03168	0.01682	0.42580	0.12779	0.02701	0.01365	0.01381	0.01035	0.01398	0.00976	0.04737	0.00851	0.00680	0.00851	0.00190	0.21124	0.00513	0.00253	0.00624
39	0.00772	0.00553	0.00750	0.00750	0.00806	0.00610	0.00530	0.00886	0.00829	0.01162	0.01541	0.02682	0.01591	0.35493	0.47881	0.00723	0.01063	0.00659	0.00303	0.00416
40	0.00902	0.06067	0.01012	0.00852	0.01035	0.00703	0.03845	0.01170	0.02957	0.03945	0.36834	0.04288	0.11106	0.01144	0.00640	0.00190	0.00383	0.21871	0.00517	0.00538
41	0.06339	0.53230	0.11305	0.01037	0.01510	0.08181	0.01035	0.06350	0.01226	0.04292	0.00862	0.00964	0.00719	0.00494	0.00394	0.00131	0.00620	0.00326	0.00274	0.00712
42	0.84927	0.01038	0.00789	0.00706	0.01038	0.01204	0.00581	0.01578	0.00914	0.02408	0.00747	0.00872	0.00581	0.00498	0.00332	0.00166	0.00415	0.00291	0.00332	0.00581
43	0.01167	0.01259	0.06444	0.01475	0.04751	0.01543	0.02662	0.01387	0.03637	0.01413	0.03746	0.01323	0.00913	0.00882	0.01521	0.00222	0.64281	0.00493	0.00261	0.00620
44	0.01174	0.01174	0.01644	0.01409	0.01409	0.01644	0.01174	0.01292	0.00822	0.01292	0.00705	0.01174	0.00705	0.00940	0.01762	0.00235	0.80153	0.00470	0.00235	0.00587
45	0.00748	0.00551	0.00701	0.00672	0.00805	0.00504	0.00509	0.00986	0.01469	0.02038	0.64968	0.04247	0.14398	0.01148	0.00638	0.00174	0.00266	0.04105	0.00575	0.00499
46	0.01329	0.01275	0.02179	0.03295	0.77787	0.01275	0.01647	0.01647	0.01222	0.01754	0.01010	0.01329	0.00850	0.00478	0.00531	0.00159	0.00638	0.00478	0.00266	0.00850
47	0.01591	0.61580	0.02487	0.01014	0.01441	0.14743	0.00940	0.06039	0.01257	0.03514	0.00829	0.00930	0.00720	0.00491	0.00384	0.00123	0.00637	0.00315	0.00267	0.00697
48	0.00666	0.00489	0.00625	0.00709	0.00774	0.00448	0.00487	0.00787	0.01123	0.01489	0.13575	0.59721	0.14021	0.01557	0.00671	0.00206	0.00298	0.01395	0.00511	0.00448
49	0.03019	0.42558	0.02254	0.01102	0.01539	0.03712	0.04132	0.27062	0.06331	0.02087	0.01038	0.01106	0.00828	0.00542	0.00438	0.00139	0.00591	0.00390	0.00359	0.00773
50	0.01377	0.00977	0.01053	0.03342	0.08553	0.09686	0.00756	0.04807	0.01261	0.11061	0.01481	0.01676	0.01142	0.00634	0.00559	0.00148	0.07623	0.00481	0.42756	0.00627
51	0.00652	0.00474	0.00616	0.00729	0.00774	0.00438	0.00490	0.00749	0.01045	0.01377	0.03177	0.74116	0.10078	0.01653	0.00681	0.00215	0.00308	0.01491	0.00498	0.00438
52	0.02005	0.02558	0.01521	0.01383	0.01659	0.78980	0.01037	0.02143	0.01521	0.01314	0.00830	0.00968	0.00691	0.00553	0.00484	0.00138	0.00968	0.00346	0.00277	0.00622
53	0.01014	0.00954	0.01610	0.79845	0.03697	0.01193	0.01491	0.01371	0.01073	0.01371	0.00954	0.01431	0.00716	0.00537	0.00537	0.00179	0.00716	0.00477	0.00239	0.00596
54	0.01459	0.73033	0.02665	0.00933	0.01391	0.02035	0.00913	0.06250	0.01181	0.01416	0.00789	0.00899	0.00707	0.00468	0.00359	0.00116	0.00568	0.00301	0.00253	0.04263
55	0.00808	0.00629	0.00771	0.00788	0.00933	0.00581	0.00563	0.01075	0.08680	0.01534	0.02631	0.53809	0.06010	0.01341	0.00620	0.00189	0.00341	0.02978	0.00471	0.15249
56	0.03916	0.02975	0.01655	0.06526	0.13733	0.06305	0.01110	0.43014	0.01980	0.11594	0.01268	0.01329	0.00913	0.00601	0.00524	0.00160	0.00609	0.00472	0.00463	0.00852
57	0.01241	0.01188	0.02016	0.23655	0.56432	0.01261	0.01596	0.01566	0.01174	0.01642	0.00988	0.01353	0.00811	0.00504	0.00559	0.00166	0.02335	0.00478	0.00258	0.00777
58	0.00760	0.00549	0.00718	0.00675	0.00802	0.00506	0.00506	0.01013	0.01519	0.02153	0.77503	0.04010	0.05065	0.01097	0.00633	0.00169	0.00253	0.00971	0.00591	0.00506
59	0.00655	0.00545	0.00573	0.00566	0.00738	0.00462	0.00424	0.00811	0.01273	0.01568	0.17504	0.04972	0.65430	0.01316	0.00634	0.00179	0.00269	0.01106	0.00514	0.00462
60	0.00769	0.00578	0.00747	0.00714	0.00839	0.00555	0.00547	0.01002	0.01434	0.01997	0.60976	0.05346	0.12194	0.01151	0.00689	0.00179	0.03669	0.05554	0.00559	0.00503
61	0.00739	0.00546	0.00690	0.00658	0.00790	0.00497	0.00492	0.00971	0.01464	0.02031	0.65146	0.06146	0.15536	0.01150	0.00635	0.00172	0.00257	0.01009	0.00575	0.00497
62	0.01435	0.81458	0.02813	0.00918	0.01378	0.02124	0.00918	0.01607	0.01091	0.01263	0.00746	0.00861	0.00689	0.00459	0.00344	0.00115	0.00574	0.00287	0.00230	0.00689
63	0.00984	0.00522	0.00655	0.00648	0.00715	0.00534	0.00455	0.01045	0.05624	0.01423	0.01324	0.01796	0.01146	0.01320	0.01343	0.46921	0.00381	0.00488	0.32303	0.00374
64	0.01672	0.21748	0.02013	0.03086	0.21387	0.38454	0.01174	0.01869	0.01329	0.01416	0.00858	0.01043	0.00732	0.00510	0.00463	0.00139	0.00780	0.00368	0.00261	0.00698
65	0.08343	0.01163	0.05987	0.14563	0.15092	0.01046	0.02503	0.06808	0.01236	0.05518	0.01077	0.01363	0.00859	0.00509	0.00475	0.00139	0.00546	0.02281	0.00327	0.30164
66	0.01465	0.13662	0.24826	0.01455	0.05100	0.27367	0.06091	0.03812	0.01293	0.01527	0.01025	0.06055	0.00888	0.00600	0.00529	0.00156	0.02723	0.00457	0.00274	0.00695
67	0.02111	0.01233	0.01417	0.01096	0.01504	0.01283	0.00902	0.43642	0.04254	0.30827	0.01640	0.01538	0.01107	0.00653	0.00531	0.00162	0.00522	0.00508	0.04175	0.00894
68	0.00876	0.00666	0.00778	0.00740	0.00868	0.00686	0.00529	0.01311	0.17020	0.01764	0.31360	0.05261	0.07663	0.23303	0.04598	0.00301	0.00417	0.00848	0.00487	0.00522
69	0.02684	0.01271	0.02077	0.10690	0.53007	0.02409	0.06894	0.06917	0.01308	0.04760	0.01060	0.01349	0.00848	0.00510	0.00556	0.00164	0.01899	0.00487	0.00299	0.00811
70	0.00787	0.00563	0.00706	0.00755	0.00824	0.00548	0.00516	0.04805	0.01058	0.01424	0.02446	0.50163	0.02841	0.19040	0.04481	0.00305	0.00431	0.04193	0.00446	0.03669
71	0.01268	0.01376	0.02218	0.01734	0.01961	0.06955	0.29717	0.01515	0.01041	0.01457	0.00859	0.01265	0.00746	0.00726	0.01241	0.00208	0.44298	0.00524	0.00252	0.00642
72	0.04180	0.00996	0.01221	0.09604	0.04490	0.00853	0.00786	0.05012	0.01174	0.01811	0.00965	0.01156	0.00786	0.00432	0.00422	0.00101	0.00452	0.00349	0.00318	0.64890
73	0.01188	0.10056	0.20260	0.14846	0.03330	0.05148	0.01193	0.06955	0.01156	0.03534	0.01141	0.01665	0.00998	0.13943	0.08747	0.00292	0.04133	0.00491	0.00289	0.00636
74	0.02005	0.02558	0.01521	0.01383	0.01659	0.78980	0.01037	0.02143	0.01521	0.01314	0.00830	0.00968	0.00691	0.00553	0.00484	0.00138	0.00968	0.00346	0.00277	0.00622
75	0.24717	0.01045	0.01106	0.00936	0.01263	0.01121	0.00757	0.16873	0.13255	0.18207	0.06809	0.05662	0.01524	0.00738	0.00505	0.00174	0.00448	0.03610	0.00508	0.00743
76	0.00704	0.00514	0.00636	0.00689	0.00765	0.00477	0.00481	0.00828	0.01124	0.01485	0.16224	0.36242	0.16895	0.14180	0.00997	0.00253	0.00340	0.06241	0.00487	0.00438
77	0.08393	0.01121	0.01351	0.08583	0.14460	0.09795	0.02745	0.03903	0.01340	0.22848	0.04971	0.07828	0.08872	0.00751	0.00541	0.00169	0.00543	0.00632	0.00442	0.00711
78	0.00669	0.00504	0.00621	0.00691	0.00778	0.00456	0.00487	0.00799	0.01149	0.01494	0.12533	0.47784	0.24419	0.01515	0.00667	0.00203	0.00300	0.03971	0.00509	0.00451
79	0.01210	0.06063	0.01617	0.16096	0.20459	0.01041	0.03285	0.01487	0.01150	0.04607	0.01064	0.03170	0.00883	0.00493	0.00472	0.00130	0.00539	0.00434	0.01597	0.34203
80	0.01179	0.01166	0.03850	0.33797	0.38802	0.01203	0.03299	0.01518	0.01153	0.01598	0.00984	0.01352	0.00787	0.00496	0.00526	0.00162	0.00662	0.00468	0.00258	0.06739
81	0.00932	0.00466	0.00699	0.00699	0.00699	0.00466	0.00466	0.00699	0.00699	0.00932	0.00932	0.01632	0.00932	0.01865	0.02098	0.84382	0.00466	0.00466	0.00233	0.00233
82	0.01417	0.25615	0.11607	0.01322	0.08285	0.06988	0.02681	0.07036	0.18957	0.03794	0.03254	0.02983	0.01172	0.00614	0.00485	0.00155	0.00591	0.01923	0.00363	0.00758
83	0.84927	0.01038	0.00789	0.00706	0.01038	0.01204	0.00581	0.01578	0.00914	0.02408	0.00747	0.00872	0.00581	0.00498	0.00332	0.00166	0.00415	0.00291	0.00332	0.00581
84	0.06334	0.07286	0.04830	0.01299	0.01629	0.57952	0.01037	0.08311	0.01531	0.03790	0.00902	0.01015	0.00722	0.00553	0.00474	0.00142	0.00860	0.00359	0.00308	0.00665
85	0.01543	0.48903	0.02226	0.00993	0.01412	0.01817	0.00915	0.23915	0.01536	0.01927	0.01292	0.01480	0.05668	0.00615	0.00437	0.00139	0.00557	0.03541	0.00350	0.00733
86	0.01406	0.49481	0.17350	0.01099	0.01578	0.10970	0.01129	0.03595	0.01173	0.01409	0.00856	0.01017	0.00734	0.00708	0.05320	0.00176	0.00718	0.00339	0.00246	0.00694
87	0.01435	0.81458	0.02813	0.00918	0.01378	0.02124	0.00918	0.01607	0.01091	0.01263	0.00746	0.00861	0.00689	0.00459	0.00344	0.00115	0.00574	0.00287	0.00230	0.00689
88	0.01164	0.01017	0.01457	0.44307	0.02666	0.01205	0.02964	0.03345	0.26284	0.03675	0.01503	0.05602	0.01186	0.00661	0.00550	0.00181	0.00594	0.00578	0.00371	0.00690
89	0.03610	0.04667	0.01451	0.01161	0.01498	0.04306	0.06468	0.12663	0.42973	0.06203	0.06127	0.01935	0.01581	0.00705	0.00544	0.00174	0.00504	0.02125	0.00502	0.00803
90	0.00654	0.00467	0.00623	0.00747	0.00779	0.00436	0.00498	0.00747	0.01028	0.01370	0.02959	0.80785	0.03550	0.01682	0.00685	0.00218	0.00311	0.01526	0.00498	0.00436
91	0.00784	0.00587	0.00813	0.00907	0.05639	0.00600	0.00612	0.00941	0.01043	0.01434	0.13537	0.16691	0.06546	0.16923	0.24978	0.00460	0.00716	0.05917	0.00401	0.00470
92	0.01423	0.69410	0.09128	0.00979	0.01459	0.01984	0.01003	0.01693	0.04358	0.03166	0.00859	0.00956	0.00744	0.00480	0.00372	0.00124	0.00583	0.00316	0.00253	0.00710
93	0.00654	0.00467	0.00623	0.00747	0.00779	0.00436	0.00498	0.00747	0.01028	0.01370	0.02959	0.80785	0.03550	0.01682	0.00685	0.00218	0.00311	0.01526	0.00498	0.00436
94	0.09185	0.01000	0.01199	0.00964	0.01332	0.00983	0.00787	0.14453	0.08000	0.44159	0.04219	0.03572	0.04377	0.00733	0.00536	0.00170	0.00457	0.02454	0.00588	0.00829
95	0.04028	0.00988	0.01194	0.00973	0.01293	0.03214	0.00785	0.11767	0.03315	0.43180	0.05186	0.04153	0.03744	0.06001	0.00757	0.00196	0.04630	0.03252	0.00562	0.00782
96	0.00775	0.00520	0.00595	0.00606	0.00611	0.00518	0.00350	0.00787	0.00808	0.01076	0.01799	0.08347	0.02079	0.74193	0.02555	0.00495	0.00507	0.02705	0.00340	0.00336
97	0.00654	0.00467	0.00623	0.00747	0.00779	0.00436	0.00498	0.00747	0.01028	0.01370	0.02959	0.80785	0.03550	0.01682	0.00685	0.00218	0.00311	0.01526	0.00498	0.00436
98	0.01211	0.01129	0.01896	0.12759	0.51617	0.01157	0.04120	0.03632	0.01229	0.01716	0.03213	0.09894	0.01271	0.00653	0.00559	0.00171	0.00609	0.02100	0.00308	0.00755
99	0.01377	0.01088	0.01181	0.01057	0.01355	0.01228	0.00827	0.02689	0.64811	0.08224	0.06171	0.02206	0.01835	0.00763	0.00556	0.00182	0.00420	0.02648	0.00556	0.00827
100	0.00649	0.00539	0.00567	0.00572	0.00737	0.00457	0.00425	0.00793	0.01239	0.01515	0.12561	0.10750	0.64633	0.01357	0.00638	0.00183	0.00273	0.01146	0.00508	0.00457
101	0.04538	0.00889	0.01174	0.00930	0.01298	0.00799	0.00757	0.05504	0.01517	0.62359	0.06451	0.06509	0.01636	0.00810	0.02102	0.00183	0.00460	0.00613	0.00628	0.00844
102	0.01265	0.03391	0.06022	0.01015	0.01268	0.04694	0.00847	0.05134	0.20393	0.11120	0.03827	0.20705	0.04345	0.01029	0.00645	0.00192	0.03888	0.09057	0.00487	0.00675
103	0.01963	0.01650	0.04731	0.01239	0.01649	0.13505	0.01033	0.50480	0.08284	0.08067	0.01334	0.01328	0.00957	0.00633	0.00529	0.00160	0.00635	0.00472	0.00493	0.00858
104	0.29947	0.07726	0.16951	0.03683	0.08575	0.14501	0.07004	0.02875	0.01159	0.01867	0.00869	0.01049	0.00680	0.00505	0.00445	0.00159	0.00667	0.00373	0.00284	0.00680
105	0.00777	0.00586	0.00723	0.00682	0.00828	0.00551	0.00514	0.01093	0.06187	0.02056	0.62295	0.04053	0.15411	0.01112	0.00628	0.00171	0.00267	0.00972	0.00575	0.00520
106	0.01315	0.34097	0.36049	0.01363	0.04644	0.01596	0.05902	0.03266	0.01173	0.04672	0.00939	0.01082	0.00729	0.00494	0.00454	0.00148	0.00688	0.00377	0.00256	0.00757
107	0.01435	0.81458	0.02813	0.00918	0.01378	0.02124	0.00918	0.01607	0.01091	0.01263	0.00746	0.00861	0.00689	0.00459	0.00344	0.00115	0.00574	0.00287	0.00230	0.00689
108	0.00754	0.00548	0.00710	0.00670	0.00799	0.00504	0.00502	0.01003	0.01507	0.02123	0.74454	0.04059	0.08133	0.01108	0.00633	0.00169	0.00254	0.00978	0.00587	0.00504
109	0.01014	0.00954	0.01610	0.79845	0.03697	0.01193	0.01491	0.01371	0.01073	0.01371	0.00954	0.01431	0.00716	0.00537	0.00537	0.00179	0.00716	0.00477	0.00239	0.00596
110	0.04934	0.21963	0.23512	0.01146	0.01663	0.01484	0.01180	0.11632	0.15271	0.03314	0.01187	0.01245	0.00907	0.00548	0.00461	0.00149	0.00587	0.00410	0.00347	0.08059
111	0.00772	0.00561	0.00728	0.00684	0.00814	0.00524	0.00514	0.01052	0.03104	0.02155	0.75918	0.03967	0.04993	0.01090	0.00631	0.00169	0.00257	0.00963	0.00590	0.00514
112	0.00670	0.00478	0.00641	0.00765	0.00804	0.00450	0.00526	0.00775	0.01043	0.01388	0.02950	0.75191	0.03516	0.01667	0.00689	0.00220	0.00325	0.06964	0.00498	0.00440
113	0.01243	0.20933	0.34026	0.01426	0.07026	0.05647	0.03557	0.01751	0.08628	0.01620	0.03083	0.03556	0.00992	0.00584	0.00535	0.00160	0.03757	0.00452	0.00283	0.00741
114	0.01074	0.01050	0.01022	0.00970	0.01084	0.17910	0.00731	0.01220	0.01019	0.01271	0.04552	0.02087	0.01404	0.15203	0.39795	0.00567	0.07680	0.00566	0.00300	0.00496
115	0.00767	0.00574	0.00857	0.00857	0.00951	0.00668	0.00664	0.00955	0.00861	0.01242	0.01443	0.02136	0.01354	0.05516	0.77534	0.00856	0.01420	0.00579	0.00288	0.00476
116	0.01657	0.01278	0.01723	0.18733	0.14493	0.08452	0.06443	0.12504	0.01447	0.19444	0.01257	0.01422	0.00911	0.00601	0.00639	0.00171	0.07177	0.00491	0.00390	0.00767
117	0.01169	0.01345	0.08955	0.01814	0.07043	0.02806	0.38399	0.05205	0.01253	0.01703	0.01491	0.17118	0.01424	0.00771	0.00671	0.00189	0.04144	0.03494	0.00332	0.00675
118	0.00974	0.01320	0.24226	0.01033	0.01338	0.00870	0.05614	0.05613	0.01027	0.01436	0.01392	0.02434	0.01392	0.41464	0.07309	0.00397	0.00697	0.00623	0.00302	0.00537
119	0.06584	0.45065	0.24980	0.01092	0.01641	0.01695	0.01201	0.03793	0.01147	0.03775	0.00875	0.00993	0.00709	0.00485	0.00406	0.00136	0.00619	0.00334	0.00260	0.04208

[dist]
# distance from previous block
# <min> <max>
0	1

[block]
# block no. 5 follows, 45 sequences, length 16
# corresponding to MSA columns:
# 584-599
name=unknown_F
#
# <colnr> <probs for GDERKNQSTAVLIFYWHMCP>
#	G	D	E	R	K	N	Q	S	T	A	V	L	I	F	Y	W	H	M	C	P
0	0.01591	0.59869	0.02459	0.01046	0.01455	0.23154	0.00951	0.01754	0.01208	0.01277	0.00769	0.00890	0.00690	0.00485	0.00383	0.00121	0.00682	0.00303	0.00242	0.00671
1	0.01136	0.00956	0.01112	0.00815	0.01266	0.00749	0.00648	0.05152	0.01181	0.01813	0.01079	0.05396	0.00949	0.00479	0.00420	0.00091	0.00403	0.00391	0.00339	0.75624
2	0.00664	0.00500	0.00617	0.00697	0.00779	0.00453	0.00489	0.00786	0.01121	0.01451	0.08314	0.52041	0.23979	0.01548	0.00670	0.00206	0.00305	0.04427	0.00504	0.00448
3	0.01344	0.03235	0.40346	0.01400	0.04420	0.01102	0.06719	0.05563	0.01299	0.15645	0.03469	0.06319	0.03250	0.00675	0.00547	0.00174	0.00656	0.02700	0.00367	0.00770
4	0.01869	0.00958	0.01411	0.01201	0.05651	0.00891	0.08337	0.02251	0.09334	0.46422	0.10000	0.02226	0.01769	0.00727	0.00570	0.00173	0.00489	0.04326	0.00574	0.00820
5	0.00780	0.00524	0.00602	0.00602	0.00607	0.00529	0.00346	0.00791	0.00785	0.01053	0.01676	0.03430	0.01916	0.76584	0.07234	0.00541	0.00575	0.00768	0.00323	0.00334
6	0.01157	0.01106	0.01902	0.38282	0.37899	0.01210	0.04606	0.01491	0.01149	0.01563	0.01058	0.04259	0.00885	0.00548	0.00544	0.00171	0.00673	0.00522	0.00262	0.00714
7	0.01129	0.02041	0.46665	0.20534	0.02575	0.01184	0.07286	0.01632	0.01154	0.05713	0.01220	0.01435	0.03955	0.00556	0.00533	0.00173	0.00743	0.00473	0.00268	0.00732
8	0.01581	0.01855	0.01613	0.30278	0.09323	0.43445	0.01259	0.01816	0.01330	0.01375	0.00892	0.01170	0.00715	0.00540	0.00508	0.00155	0.00846	0.00406	0.00262	0.00633
9	0.01234	0.01478	0.07332	0.07792	0.02784	0.01351	0.63109	0.01675	0.01227	0.01675	0.01054	0.01417	0.00795	0.00482	0.00666	0.00182	0.04166	0.00602	0.00265	0.00713
10	0.01468	0.01072	0.03617	0.35950	0.09065	0.01122	0.03401	0.07905	0.05116	0.20033	0.01534	0.01696	0.04419	0.00615	0.00544	0.00173	0.00610	0.00531	0.00395	0.00736
11	0.01154	0.01129	0.02015	0.26121	0.34874	0.01181	0.14045	0.01486	0.01171	0.01596	0.01278	0.06970	0.03378	0.00602	0.00564	0.00174	0.00673	0.00597	0.00282	0.00711
12	0.00672	0.00479	0.00633	0.00736	0.00772	0.00453	0.00492	0.00771	0.01034	0.01389	0.07128	0.68611	0.03460	0.07210	0.03215	0.00256	0.00357	0.01413	0.00485	0.00434
13	0.05538	0.01075	0.11461	0.05347	0.01576	0.00843	0.10836	0.01520	0.01208	0.18083	0.02155	0.20851	0.06316	0.02444	0.00638	0.00197	0.00532	0.08290	0.00442	0.00645
14	0.01171	0.04715	0.45730	0.01619	0.02255	0.01268	0.19961	0.06212	0.01255	0.01781	0.01177	0.03193	0.00953	0.00594	0.00556	0.00177	0.00771	0.05578	0.00281	0.00752
