[name]
unknown

[dist]
# distance from previous block
# <min> <max>
0	109

[block]
# block no. 0 follows, 42 sequences, length 30
# corresponding to MSA columns:
# 135-142,148-169
name=unknown_A
#
# <colnr> <probs for GDERKNQSTAVLIFYWHMCP>
#	G	D	E	R	K	N	Q	S	T	A	V	L	I	F	Y	W	H	M	C	P
0	0.01221	0.02473	0.03056	0.29296	0.07382	0.03440	0.01108	0.05333	0.02900	0.07593	0.09489	0.08116	0.05388	0.02783	0.02777	0.00206	0.00606	0.00673	0.00393	0.05766
1	0.01282	0.10637	0.22066	0.03049	0.08279	0.05906	0.09444	0.03717	0.01286	0.03383	0.01580	0.02947	0.09208	0.00629	0.00530	0.00156	0.00664	0.00533	0.00321	0.14381
2	0.01241	0.00906	0.06042	0.00864	0.01152	0.00745	0.00724	0.03146	0.06892	0.17181	0.15573	0.12143	0.19719	0.01045	0.00625	0.00179	0.01507	0.00884	0.02838	0.06595
3	0.13902	0.01012	0.04144	0.11649	0.01662	0.00943	0.03857	0.02522	0.02570	0.08530	0.06242	0.10180	0.03510	0.00816	0.01678	0.00176	0.02186	0.03007	0.00405	0.21012
4	0.01220	0.01208	0.07491	0.01057	0.01483	0.02482	0.04497	0.01565	0.05451	0.04917	0.02992	0.01670	0.06917	0.00621	0.00638	0.00136	0.09183	0.00482	0.00362	0.45626
5	0.01237	0.03142	0.01336	0.01091	0.08085	0.00884	0.00786	0.04571	0.01239	0.01894	0.01015	0.01188	0.00841	0.00437	0.00434	0.00095	0.00453	0.00355	0.00336	0.70582
6	0.01182	0.01064	0.01688	0.70299	0.03641	0.01305	0.01508	0.09547	0.01293	0.01671	0.01039	0.01484	0.00773	0.00575	0.00563	0.00185	0.00736	0.00501	0.00285	0.00662
7	0.01350	0.01279	0.09618	0.06041	0.03014	0.01238	0.01029	0.08997	0.32570	0.05855	0.01760	0.02018	0.01410	0.09814	0.07952	0.00293	0.03945	0.00596	0.00451	0.00770
8	0.02851	0.05239	0.22607	0.01570	0.11650	0.04313	0.04857	0.09060	0.03910	0.06600	0.01601	0.18243	0.01493	0.00834	0.00609	0.00185	0.02523	0.00713	0.00384	0.00757
9	0.01487	0.01438	0.08339	0.14763	0.33624	0.02825	0.13042	0.05688	0.01371	0.10161	0.01198	0.01461	0.00904	0.00542	0.00573	0.00175	0.00722	0.00524	0.00333	0.00829
10	0.00955	0.09465	0.01110	0.00995	0.01159	0.00805	0.00870	0.01198	0.01286	0.01668	0.07337	0.09285	0.03114	0.01421	0.00721	0.00237	0.00502	0.56838	0.00494	0.00538
11	0.01625	0.05617	0.01406	0.01125	0.06172	0.01050	0.00847	0.07931	0.12026	0.20656	0.04464	0.03139	0.01334	0.00620	0.00509	0.00142	0.00472	0.00508	0.00482	0.29876
12	0.01119	0.04016	0.05752	0.00911	0.01174	0.00895	0.00756	0.03956	0.18774	0.06775	0.28992	0.11568	0.09382	0.01030	0.00615	0.00183	0.00391	0.00885	0.00549	0.02276
13	0.01508	0.62934	0.11062	0.01119	0.01626	0.08486	0.03410	0.01747	0.01192	0.01394	0.00826	0.00963	0.00726	0.00495	0.00402	0.00131	0.00673	0.00330	0.00246	0.00730
14	0.10544	0.01443	0.02944	0.02123	0.02661	0.01376	0.62795	0.01833	0.01301	0.05645	0.01153	0.01471	0.00854	0.00491	0.00624	0.00187	0.00869	0.00620	0.00312	0.00752
15	0.01454	0.58965	0.13851	0.01090	0.01602	0.05810	0.01128	0.01706	0.01166	0.01421	0.00830	0.00973	0.00727	0.00505	0.00437	0.00132	0.02749	0.00328	0.00248	0.04877
16	0.01251	0.00696	0.00933	0.00921	0.00948	0.00657	0.00613	0.00946	0.00918	0.01251	0.01246	0.02058	0.01225	0.02073	0.02243	0.80130	0.00579	0.00574	0.00339	0.00399
17	0.09674	0.01194	0.01390	0.01124	0.01514	0.01242	0.05461	0.20018	0.20528	0.05365	0.01616	0.01869	0.01278	0.00681	0.00531	0.00165	0.00513	0.05553	0.03249	0.17032
18	0.05238	0.10264	0.01648	0.03246	0.01641	0.13978	0.00980	0.25883	0.08432	0.20932	0.01477	0.01440	0.01050	0.00643	0.00525	0.00164	0.00628	0.00479	0.00500	0.00853
19	0.00774	0.00574	0.00721	0.00684	0.00827	0.00521	0.00513	0.01018	0.01539	0.02129	0.64178	0.04413	0.17626	0.01198	0.00664	0.00179	0.00269	0.01047	0.00603	0.00521
20	0.00920	0.00526	0.00790	0.00790	0.00823	0.00560	0.00560	0.00823	0.00790	0.01086	0.01152	0.01876	0.01119	0.02703	0.27206	0.56334	0.00825	0.00526	0.00263	0.00330
21	0.01167	0.01000	0.01167	0.00834	0.01334	0.00750	0.00667	0.01417	0.01167	0.01834	0.01000	0.01167	0.00834	0.00417	0.00417	0.00083	0.00417	0.00333	0.00333	0.83663
22	0.25285	0.00988	0.01023	0.00926	0.01210	0.01078	0.00731	0.05842	0.22189	0.09967	0.10430	0.10744	0.02034	0.00877	0.00543	0.00189	0.00425	0.04289	0.00517	0.00712
23	0.02022	0.00988	0.01314	0.00981	0.01443	0.00817	0.02818	0.02258	0.01449	0.48960	0.01768	0.01645	0.01184	0.00594	0.00517	0.00143	0.00470	0.00488	0.00559	0.29581
24	0.01800	0.01232	0.01659	0.27367	0.06727	0.09581	0.06119	0.03989	0.01429	0.30565	0.01515	0.01694	0.01064	0.00629	0.00569	0.00178	0.00676	0.01975	0.00443	0.00787
25	0.01759	0.01342	0.01642	0.01274	0.01705	0.02837	0.09067	0.30105	0.17670	0.10469	0.03156	0.01615	0.01223	0.00644	0.00556	0.00163	0.00574	0.00540	0.00510	0.13149
26	0.00829	0.00565	0.00659	0.03938	0.00752	0.00576	0.00393	0.00845	0.00831	0.01106	0.01740	0.03590	0.01991	0.76838	0.02767	0.00530	0.00554	0.00805	0.00337	0.00353
27	0.01382	0.01517	0.05116	0.13829	0.27477	0.13039	0.03062	0.01651	0.01193	0.01580	0.02378	0.01355	0.00879	0.00669	0.00908	0.00190	0.22288	0.00488	0.00272	0.00727
28	0.01177	0.00960	0.01146	0.00846	0.01291	0.00753	0.00671	0.01390	0.01136	0.03451	0.01035	0.01248	0.00869	0.00636	0.02634	0.05534	0.02020	0.00359	0.00333	0.72512
29	0.07766	0.08012	0.01560	0.01116	0.01520	0.01424	0.00931	0.38554	0.01967	0.20160	0.01483	0.01509	0.01064	0.01045	0.09086	0.00248	0.00670	0.00499	0.00523	0.00863

[dist]
# distance from previous block
# <min> <max>
0	1

[block]
# block no. 1 follows, 42 sequences, length 12
# corresponding to MSA columns:
# 171-182
name=unknown_B
#
# <colnr> <probs for GDERKNQSTAVLIFYWHMCP>
#	G	D	E	R	K	N	Q	S	T	A	V	L	I	F	Y	W	H	M	C	P
0	0.01860	0.01105	0.01338	0.01171	0.05439	0.01122	0.00887	0.22139	0.11988	0.28138	0.09907	0.04590	0.06131	0.00812	0.00586	0.00178	0.00485	0.00671	0.00597	0.00857
1	0.00788	0.00579	0.00763	0.00729	0.00861	0.00555	0.00551	0.01033	0.01457	0.02046	0.58822	0.03973	0.10130	0.01671	0.13232	0.00296	0.00469	0.00963	0.00560	0.00522
2	0.01167	0.01000	0.01167	0.00834	0.01334	0.00750	0.00667	0.01417	0.01167	0.01834	0.01000	0.01167	0.00834	0.00417	0.00417	0.00083	0.00417	0.00333	0.00333	0.83663
3	0.14273	0.00593	0.00677	0.00758	0.00838	0.00598	0.00516	0.00929	0.01029	0.01575	0.02577	0.58521	0.03029	0.10321	0.00898	0.00255	0.00369	0.01302	0.00474	0.00469
4	0.01173	0.00987	0.01224	0.00933	0.01357	0.00812	0.04106	0.07127	0.01277	0.01903	0.01376	0.13986	0.01314	0.00659	0.00489	0.00119	0.00443	0.00568	0.00380	0.59768
5	0.00735	0.00545	0.00686	0.00710	0.00818	0.00496	0.00510	0.00921	0.01360	0.01844	0.38696	0.30578	0.17207	0.01410	0.00683	0.00197	0.00290	0.01249	0.00569	0.00496
6	0.01032	0.00923	0.01541	0.50737	0.02937	0.01112	0.05538	0.01363	0.01090	0.01483	0.01164	0.01677	0.00937	0.01285	0.15559	0.00324	0.03344	0.00531	0.06820	0.00601
7	0.01127	0.01116	0.02204	0.01712	0.02065	0.01063	0.41901	0.01464	0.01236	0.01654	0.01758	0.03224	0.01716	0.13738	0.01053	0.00267	0.00762	0.20955	0.00359	0.00624
8	0.64157	0.07269	0.00945	0.00723	0.01046	0.01219	0.00602	0.01601	0.01009	0.02361	0.00955	0.01106	0.00754	0.00541	0.00357	0.00163	0.00420	0.00340	0.13829	0.00605
9	0.00947	0.00746	0.01141	0.03449	0.13346	0.00825	0.00861	0.01106	0.00987	0.01398	0.05002	0.02193	0.03473	0.06248	0.40571	0.11215	0.05040	0.00609	0.00309	0.00535
10	0.02889	0.03484	0.01361	0.01430	0.17840	0.04311	0.00907	0.01600	0.08085	0.04261	0.20468	0.02270	0.05572	0.00719	0.00541	0.00149	0.00465	0.00618	0.00431	0.22598
11	0.01328	0.01669	0.14592	0.03766	0.05845	0.18013	0.05650	0.05014	0.02722	0.01820	0.16426	0.03709	0.03143	0.02965	0.00709	0.00184	0.04881	0.02734	0.00379	0.04449

[dist]
# distance from previous block
# <min> <max>
3	25

[block]
# block no. 2 follows, 42 sequences, length 46
# corresponding to MSA columns:
# 208,209,213-242,256-269
name=unknown_C
#
# <colnr> <probs for GDERKNQSTAVLIFYWHMCP>
#	G	D	E	R	K	N	Q	S	T	A	V	L	I	F	Y	W	H	M	C	P
0	0.01215	0.00969	0.01160	0.00886	0.01265	0.00838	0.02558	0.07341	0.02773	0.04129	0.01416	0.01857	0.04095	0.14918	0.00926	0.00189	0.02179	0.00494	0.00374	0.50418
1	0.01356	0.01280	0.01229	0.00965	0.01391	0.14702	0.00763	0.03112	0.01307	0.03303	0.03817	0.01554	0.01121	0.00547	0.00468	0.00111	0.00530	0.04393	0.00358	0.57693
2	0.16747	0.10837	0.12119	0.01350	0.01838	0.03104	0.14363	0.14066	0.01462	0.12132	0.01169	0.01285	0.00856	0.00575	0.00558	0.00170	0.03597	0.00462	0.00386	0.02924
3	0.01252	0.01171	0.01966	0.05961	0.60120	0.01175	0.01503	0.01545	0.01238	0.01750	0.01425	0.15565	0.01397	0.00732	0.00586	0.00179	0.00610	0.00700	0.00321	0.00802
4	0.01071	0.15498	0.13350	0.02894	0.10220	0.01137	0.01019	0.01311	0.01042	0.01431	0.01443	0.02125	0.04083	0.19080	0.17560	0.00404	0.02776	0.00570	0.02377	0.00609
5	0.38327	0.00980	0.01030	0.00912	0.01236	0.01041	0.00759	0.01954	0.05278	0.24469	0.01687	0.02265	0.01380	0.00785	0.00540	0.00192	0.02441	0.13518	0.00492	0.00712
6	0.01977	0.02356	0.01542	0.01386	0.01690	0.59989	0.01051	0.06333	0.15033	0.01672	0.01153	0.01229	0.00917	0.00618	0.00522	0.00155	0.00890	0.00420	0.00356	0.00712
7	0.01298	0.00740	0.00891	0.00841	0.01014	0.02637	0.00608	0.01524	0.06275	0.21982	0.06604	0.30625	0.05546	0.15497	0.01044	0.00262	0.00428	0.01034	0.00540	0.00611
8	0.01070	0.02494	0.63510	0.01478	0.02177	0.01198	0.01831	0.01642	0.01137	0.01696	0.01100	0.01373	0.00838	0.01200	0.14521	0.00309	0.00954	0.00450	0.00249	0.00772
9	0.00686	0.00490	0.00653	0.00784	0.00816	0.00457	0.00522	0.00784	0.01077	0.01437	0.03102	0.79855	0.03722	0.01763	0.00718	0.00229	0.00326	0.01600	0.00522	0.00457
10	0.01051	0.00793	0.00986	0.06032	0.01301	0.00816	0.00812	0.14346	0.01490	0.01937	0.04285	0.18645	0.16465	0.01339	0.00691	0.00218	0.00468	0.27228	0.00512	0.00585
11	0.01265	0.01184	0.01990	0.02972	0.63007	0.01178	0.01510	0.01557	0.01245	0.01766	0.01427	0.15561	0.01403	0.00729	0.00586	0.00178	0.00607	0.00700	0.00323	0.00813
12	0.00701	0.00576	0.00646	0.00642	0.00811	0.00521	0.00486	0.00865	0.01241	0.01544	0.10929	0.04735	0.56902	0.01907	0.14628	0.00318	0.00504	0.01068	0.00491	0.00485
13	0.01089	0.00936	0.01191	0.00908	0.01328	0.00734	0.04669	0.01324	0.01160	0.01760	0.01387	0.15395	0.01356	0.00663	0.00485	0.00115	0.00429	0.00580	0.00365	0.64125
14	0.01974	0.02439	0.01719	0.01812	0.15278	0.64126	0.01203	0.02153	0.01538	0.01461	0.00904	0.01083	0.00755	0.00566	0.00516	0.00149	0.00952	0.00388	0.00288	0.00696
15	0.00818	0.00546	0.00614	0.00614	0.00614	0.00546	0.00341	0.00818	0.00818	0.01091	0.01773	0.03683	0.02046	0.80222	0.02864	0.00546	0.00546	0.00818	0.00341	0.00341
16	0.00686	0.00490	0.00653	0.00784	0.00816	0.00457	0.00522	0.00784	0.01077	0.01437	0.03102	0.79855	0.03722	0.01763	0.00718	0.00229	0.00326	0.01600	0.00522	0.00457
17	0.01157	0.01107	0.01523	0.01322	0.01322	0.01511	0.01070	0.01258	0.00854	0.01307	0.00926	0.01674	0.00975	0.15293	0.02031	0.00300	0.64991	0.00551	0.00263	0.00566
18	0.00686	0.00490	0.00653	0.00784	0.00816	0.00457	0.00522	0.00784	0.01077	0.01437	0.03102	0.79855	0.03722	0.01763	0.00718	0.00229	0.00326	0.01600	0.00522	0.00457
19	0.01267	0.01094	0.01146	0.01041	0.01336	0.01233	0.00807	0.02596	0.62258	0.02204	0.02906	0.02698	0.15219	0.00883	0.00589	0.00191	0.00416	0.00736	0.00564	0.00816
20	0.01228	0.15367	0.01489	0.00857	0.01354	0.01017	0.00720	0.01465	0.01163	0.01742	0.00961	0.01119	0.00813	0.00428	0.00407	0.00090	0.00450	0.00328	0.00317	0.68686
21	0.03470	0.01128	0.01259	0.00962	0.01393	0.03307	0.00774	0.16485	0.03450	0.12391	0.08620	0.01615	0.01385	0.00595	0.00496	0.00129	0.00471	0.00474	0.00462	0.41137
22	0.01987	0.00936	0.01334	0.15055	0.01810	0.00920	0.00948	0.02233	0.01479	0.50465	0.10548	0.02068	0.01696	0.00741	0.00649	0.00181	0.04937	0.00602	0.00582	0.00829
23	0.15760	0.00664	0.00633	0.00613	0.00827	0.00622	0.00470	0.00983	0.01252	0.01767	0.11075	0.04496	0.56480	0.01238	0.00608	0.00186	0.00310	0.01013	0.00500	0.00504
24	0.01505	0.01628	0.04833	0.07359	0.52152	0.15179	0.04130	0.03313	0.01355	0.01764	0.01028	0.01327	0.00847	0.00523	0.00552	0.00166	0.00750	0.00479	0.00284	0.00827
25	0.01290	0.01187	0.02046	0.31657	0.39769	0.01271	0.06068	0.01642	0.01238	0.04374	0.01141	0.01609	0.00925	0.00562	0.00573	0.00179	0.00705	0.02701	0.00290	0.00774
26	0.01175	0.01178	0.01909	0.01541	0.01693	0.01440	0.17705	0.01403	0.01099	0.01619	0.14494	0.01833	0.01590	0.00899	0.01366	0.00221	0.47254	0.00626	0.00322	0.00633
27	0.01003	0.00534	0.00566	0.00558	0.00689	0.00526	0.00418	0.01266	0.01255	0.02127	0.15303	0.02478	0.02141	0.00745	0.00442	0.00139	0.00263	0.00614	0.68408	0.00526
28	0.01701	0.05362	0.39153	0.01348	0.01979	0.01141	0.04374	0.02141	0.01358	0.31841	0.01534	0.03190	0.01056	0.00621	0.00549	0.00176	0.00675	0.00506	0.00429	0.00866
29	0.02218	0.00991	0.01358	0.01075	0.01419	0.00977	0.00888	0.02421	0.01475	0.60265	0.05084	0.01888	0.01440	0.00768	0.00801	0.00187	0.14683	0.00572	0.00612	0.00878
30	0.00728	0.00533	0.00694	0.00807	0.00881	0.00499	0.00589	0.00865	0.01149	0.01499	0.03420	0.54895	0.13239	0.01676	0.00723	0.00230	0.00360	0.16218	0.00522	0.00472
31	0.01590	0.01261	0.02094	0.04742	0.61447	0.01243	0.01561	0.01904	0.01337	0.15420	0.01267	0.01490	0.00979	0.00538	0.00559	0.00169	0.00636	0.00513	0.00353	0.00897
32	0.01472	0.10671	0.06217	0.02110	0.27550	0.16957	0.10777	0.01769	0.01320	0.01677	0.02680	0.03275	0.00985	0.00550	0.00528	0.00153	0.00732	0.00487	0.00295	0.09796
33	0.00813	0.00544	0.00615	0.00620	0.00621	0.00542	0.00348	0.00817	0.00828	0.01104	0.01823	0.06533	0.02109	0.77287	0.02784	0.00534	0.00537	0.00848	0.00348	0.00345
34	0.01040	0.00524	0.00528	0.00531	0.00660	0.00523	0.00397	0.01298	0.01178	0.02082	0.01868	0.04045	0.01500	0.00683	0.00402	0.00134	0.00264	0.00551	0.81273	0.00523
35	0.01427	0.01223	0.01288	0.01151	0.01474	0.01413	0.00897	0.05679	0.72962	0.02399	0.02255	0.02072	0.01689	0.00760	0.00572	0.00190	0.00452	0.00631	0.00572	0.00893
36	0.01220	0.09820	0.27603	0.03234	0.05992	0.01255	0.15561	0.01651	0.01218	0.01760	0.02759	0.01305	0.00890	0.00499	0.00515	0.00149	0.00696	0.00450	0.00284	0.23139
37	0.00969	0.00492	0.00727	0.00727	0.00727	0.00492	0.00481	0.00738	0.00738	0.00984	0.01021	0.01818	0.01036	0.06215	0.02236	0.79104	0.00492	0.00507	0.00250	0.00250
38	0.01167	0.01000	0.01167	0.00834	0.01334	0.00750	0.00667	0.01417	0.01167	0.01834	0.01000	0.01167	0.00834	0.00417	0.00417	0.00083	0.00417	0.00333	0.00333	0.83663
39	0.01693	0.01602	0.15908	0.03082	0.22509	0.01333	0.02441	0.22785	0.03434	0.13773	0.03026	0.01602	0.02959	0.00630	0.00563	0.00173	0.00638	0.00530	0.00436	0.00885
40	0.18988	0.01231	0.11878	0.01045	0.02664	0.00974	0.00943	0.02209	0.02908	0.41190	0.04693	0.04051	0.01361	0.00685	0.00521	0.00176	0.00504	0.00539	0.02617	0.00823
41	0.00686	0.00490	0.00653	0.00784	0.00816	0.00457	0.00522	0.00784	0.01077	0.01437	0.03102	0.79855	0.03722	0.01763	0.00718	0.00229	0.00326	0.01600	0.00522	0.00457
42	0.01553	0.25065	0.28995	0.01352	0.03116	0.08148	0.01404	0.17660	0.04193	0.02019	0.01053	0.01162	0.00808	0.00561	0.00490	0.00157	0.00718	0.00407	0.00326	0.00815
43	0.01774	0.05919	0.01573	0.01214	0.01603	0.03922	0.00985	0.36643	0.34921	0.02826	0.01721	0.01647	0.01274	0.00701	0.00554	0.00175	0.00553	0.00548	0.00541	0.00905
44	0.01478	0.55537	0.13938	0.03952	0.01780	0.05529	0.05169	0.02925	0.01213	0.02725	0.00881	0.01030	0.00744	0.00503	0.00424	0.00138	0.00678	0.00356	0.00258	0.00742
45	0.03029	0.04086	0.57633	0.04294	0.02322	0.01260	0.05789	0.01847	0.01242	0.09575	0.03028	0.01357	0.00906	0.00563	0.00542	0.00177	0.00771	0.00458	0.00300	0.00819

[dist]
# distance from previous block
# <min> <max>
0	3

[block]
# block no. 3 follows, 42 sequences, length 51
# corresponding to MSA columns:
# 273-303,315-323,327-337
name=unknown_D
#
# <colnr> <probs for GDERKNQSTAVLIFYWHMCP>
#	G	D	E	R	K	N	Q	S	T	A	V	L	I	F	Y	W	H	M	C	P
0	0.01358	0.01650	0.17750	0.17493	0.29932	0.03409	0.08043	0.05957	0.01321	0.03973	0.01080	0.01380	0.00833	0.00549	0.00598	0.00177	0.02902	0.00496	0.00293	0.00807
1	0.01207	0.01276	0.04836	0.01487	0.05790	0.05400	0.01181	0.01365	0.00951	0.01393	0.01000	0.05963	0.01011	0.04332	0.06079	0.00283	0.54989	0.00567	0.00273	0.00616
2	0.00889	0.00671	0.00687	0.00682	0.00704	0.05037	0.00408	0.00910	0.00874	0.01127	0.01735	0.05093	0.01971	0.69823	0.06726	0.00535	0.00620	0.00797	0.00340	0.00370
3	0.01156	0.00971	0.01142	0.00828	0.01299	0.00735	0.00657	0.01377	0.01142	0.01784	0.00999	0.01198	0.00842	0.00506	0.00520	0.04923	0.00421	0.00342	0.00328	0.78830
4	0.00713	0.00549	0.00652	0.00675	0.00802	0.00488	0.00488	0.00883	0.01326	0.01735	0.27867	0.25934	0.32998	0.01431	0.00680	0.00197	0.00290	0.01248	0.00554	0.00488
5	0.01237	0.05907	0.45484	0.03374	0.07109	0.03346	0.10482	0.01915	0.10444	0.01830	0.02834	0.01409	0.00968	0.00567	0.00551	0.00177	0.00767	0.00487	0.00298	0.00813
6	0.00818	0.00643	0.00722	0.00692	0.00861	0.00612	0.00516	0.01164	0.09923	0.01844	0.28340	0.04341	0.35267	0.06509	0.02718	0.00225	0.00344	0.01010	0.02915	0.00535
7	0.01124	0.06314	0.13230	0.01321	0.08777	0.01070	0.06528	0.01603	0.11328	0.04823	0.11041	0.02883	0.22458	0.00897	0.00649	0.00182	0.03888	0.00757	0.00432	0.00696
8	0.01582	0.01357	0.04620	0.01257	0.03144	0.01446	0.02594	0.20323	0.48247	0.04174	0.01945	0.01848	0.01441	0.00717	0.00566	0.00183	0.00516	0.00589	0.02557	0.00894
9	0.01717	0.01316	0.01534	0.04282	0.08969	0.01445	0.01044	0.37740	0.19691	0.05203	0.07619	0.03821	0.01558	0.00742	0.00577	0.00177	0.00547	0.00608	0.00534	0.00875
10	0.01501	0.73385	0.07487	0.01012	0.01515	0.02156	0.01035	0.03911	0.01192	0.01420	0.00814	0.00934	0.00729	0.00491	0.00378	0.00125	0.00617	0.00314	0.00250	0.00736
11	0.00805	0.00600	0.00889	0.00889	0.00984	0.00695	0.00684	0.00995	0.00900	0.01295	0.01521	0.02288	0.01441	0.08219	0.74039	0.00886	0.01457	0.00614	0.00304	0.00494
12	0.00904	0.00572	0.00661	0.00653	0.00785	0.00554	0.00484	0.01199	0.04470	0.02066	0.31329	0.11466	0.07566	0.01017	0.00557	0.00165	0.00279	0.00876	0.33863	0.00532
13	0.01482	0.01201	0.01452	0.01215	0.01420	0.05739	0.03892	0.20897	0.01472	0.06863	0.03641	0.03126	0.01285	0.11323	0.11022	0.00332	0.21968	0.00590	0.00399	0.00682
14	0.04116	0.03681	0.01485	0.01106	0.01535	0.01258	0.00917	0.33223	0.02020	0.38671	0.04895	0.01718	0.01334	0.00696	0.00557	0.00170	0.00532	0.00546	0.00614	0.00924
15	0.47382	0.01159	0.01071	0.00918	0.01255	0.01303	0.00741	0.24269	0.01498	0.02695	0.01274	0.11756	0.01140	0.00738	0.00465	0.00180	0.00478	0.00543	0.00439	0.00697
16	0.01233	0.01030	0.01214	0.00990	0.04555	0.00871	0.00742	0.09027	0.04053	0.01991	0.01427	0.06511	0.04354	0.00591	0.00474	0.00114	0.00438	0.00489	0.00384	0.59512
17	0.01789	0.01381	0.01476	0.01202	0.01581	0.01546	0.00966	0.44125	0.29256	0.02996	0.03862	0.01780	0.01394	0.03231	0.00642	0.00189	0.00543	0.00579	0.00561	0.00901
18	0.00701	0.00565	0.00632	0.00653	0.00806	0.00485	0.00472	0.00843	0.01237	0.01557	0.09304	0.27037	0.47252	0.01464	0.00670	0.00196	0.00302	0.01261	0.00521	0.04041
19	0.03721	0.01018	0.01648	0.72268	0.03663	0.01260	0.01501	0.04164	0.01173	0.01548	0.01015	0.01488	0.00764	0.00624	0.01803	0.00198	0.00748	0.00496	0.00266	0.00635
20	0.01785	0.26758	0.05013	0.01307	0.01647	0.43292	0.01103	0.01959	0.01361	0.01374	0.00834	0.01010	0.00725	0.00591	0.00605	0.00149	0.09181	0.00359	0.00268	0.00677
21	0.01229	0.01253	0.10610	0.00948	0.01485	0.00851	0.00858	0.03727	0.01227	0.03948	0.01046	0.01196	0.00838	0.00447	0.00440	0.00100	0.00476	0.00355	0.00339	0.68627
22	0.01195	0.06622	0.05734	0.16814	0.16850	0.01082	0.04254	0.04498	0.01255	0.06517	0.01789	0.25419	0.01800	0.00945	0.00604	0.00191	0.00578	0.02782	0.00388	0.00683
23	0.04976	0.01093	0.01364	0.01057	0.01487	0.01045	0.00870	0.16707	0.05167	0.57071	0.02009	0.01783	0.01299	0.00690	0.00559	0.00174	0.00503	0.00549	0.00654	0.00944
24	0.01063	0.01000	0.01688	0.78870	0.03876	0.01250	0.01563	0.01438	0.01125	0.01438	0.01000	0.01500	0.00750	0.00563	0.00563	0.00188	0.00750	0.00500	0.00250	0.00625
25	0.00794	0.00721	0.03944	0.05317	0.01069	0.00605	0.00611	0.01049	0.03667	0.02932	0.23132	0.04538	0.47112	0.01234	0.00649	0.00186	0.00339	0.01044	0.00523	0.00534
26	0.00840	0.00585	0.00766	0.00715	0.00856	0.00538	0.00538	0.01104	0.01593	0.04142	0.74546	0.04146	0.05211	0.01139	0.00661	0.00177	0.00271	0.01006	0.00621	0.00542
27	0.01524	0.01308	0.01357	0.01225	0.03517	0.04966	0.00936	0.13921	0.54289	0.02452	0.03043	0.01929	0.01556	0.00740	0.00586	0.00184	0.01881	0.00599	0.03118	0.00869
28	0.00740	0.00552	0.00737	0.00869	0.04074	0.00515	0.00572	0.00881	0.01187	0.01590	0.14775	0.53991	0.10643	0.03302	0.00747	0.00222	0.00337	0.03255	0.00523	0.00488
29	0.01326	0.01305	0.02071	0.27376	0.28072	0.04870	0.12039	0.03434	0.10417	0.01783	0.01200	0.01514	0.00935	0.00557	0.00574	0.00179	0.00723	0.00535	0.00313	0.00776
30	0.00759	0.00557	0.00700	0.00697	0.00811	0.00510	0.00503	0.00960	0.01406	0.01930	0.48332	0.18280	0.14835	0.06197	0.00810	0.00211	0.00297	0.01137	0.00571	0.00498
31	0.01339	0.01358	0.04211	0.19242	0.51785	0.05413	0.01618	0.01667	0.01248	0.01708	0.01032	0.01391	0.00848	0.00549	0.00587	0.01936	0.00700	0.00487	0.00272	0.02608
32	0.00706	0.00515	0.00688	0.00800	0.00836	0.00496	0.00543	0.00813	0.01096	0.01473	0.06477	0.74085	0.03712	0.01712	0.00748	0.00227	0.02549	0.01541	0.00519	0.00465
33	0.07655	0.05270	0.01743	0.03660	0.08455	0.01684	0.01106	0.57666	0.02292	0.03157	0.01249	0.01308	0.00910	0.00637	0.00538	0.00167	0.00614	0.00482	0.00498	0.00907
34	0.01860	0.06607	0.06452	0.02986	0.02656	0.10815	0.02302	0.29289	0.07045	0.12739	0.04370	0.01513	0.01162	0.00687	0.00650	0.00173	0.06879	0.00509	0.00470	0.00837
35	0.00686	0.00490	0.00653	0.00784	0.00816	0.00457	0.00522	0.00784	0.01077	0.01437	0.03102	0.79855	0.03722	0.01763	0.00718	0.00229	0.00326	0.01600	0.00522	0.00457
36	0.04896	0.04448	0.13813	0.01792	0.15797	0.26521	0.05093	0.04939	0.02683	0.01752	0.04214	0.01321	0.00984	0.00603	0.00620	0.00166	0.06334	0.00455	0.00309	0.03260
37	0.00693	0.00495	0.00649	0.00769	0.00803	0.00463	0.00510	0.00786	0.01066	0.01418	0.03072	0.73926	0.05003	0.06410	0.00845	0.00247	0.00339	0.01546	0.00512	0.00451
38	0.01543	0.70547	0.05816	0.01028	0.01510	0.07192	0.01018	0.03340	0.01208	0.01395	0.00810	0.00932	0.00727	0.00494	0.00382	0.00125	0.00639	0.00314	0.00251	0.00727
39	0.04743	0.20777	0.09504	0.03868	0.17007	0.02721	0.03456	0.07596	0.04503	0.04663	0.01166	0.03456	0.00983	0.00910	0.07032	0.00228	0.05813	0.00485	0.00326	0.00763
40	0.01224	0.01222	0.01722	0.04584	0.01574	0.01705	0.01245	0.01358	0.00872	0.01358	0.00749	0.01242	0.00739	0.00968	0.01795	0.00244	0.76043	0.00493	0.00246	0.00616
41	0.07869	0.01018	0.01307	0.01009	0.01440	0.00933	0.00833	0.08717	0.01655	0.66023	0.02053	0.01802	0.01305	0.00683	0.00551	0.00174	0.00488	0.00544	0.00662	0.00935
42	0.03233	0.01283	0.07126	0.38152	0.36075	0.01293	0.01648	0.01595	0.01195	0.01666	0.01022	0.01417	0.00807	0.00533	0.00553	0.00178	0.00712	0.00490	0.00264	0.00757
43	0.01372	0.41421	0.08435	0.03854	0.24349	0.01709	0.01261	0.01620	0.01168	0.01510	0.00998	0.04510	0.00913	0.00611	0.00532	0.03658	0.00628	0.00440	0.00264	0.00748
44	0.01393	0.01337	0.02284	0.03454	0.76712	0.01337	0.01727	0.01727	0.01281	0.01839	0.01059	0.01393	0.00891	0.00501	0.00557	0.00167	0.00669	0.00501	0.00279	0.00891
45	0.00755	0.00540	0.00679	0.00755	0.00811	0.00519	0.00524	0.00857	0.01051	0.01380	0.02925	0.38159	0.10615	0.23114	0.04554	0.00343	0.00458	0.11059	0.00463	0.00438
46	0.00751	0.00604	0.00743	0.03178	0.03734	0.00565	0.00576	0.00956	0.04395	0.01565	0.07555	0.37233	0.33147	0.01470	0.00677	0.00205	0.00337	0.01288	0.00512	0.00508
47	0.01221	0.01175	0.02012	0.41344	0.29274	0.01304	0.07792	0.01661	0.05518	0.01663	0.01107	0.01499	0.00865	0.00545	0.00570	0.00181	0.00721	0.00522	0.00282	0.00746
48	0.00684	0.00494	0.00648	0.00771	0.00813	0.00458	0.00517	0.00785	0.01089	0.01441	0.03252	0.75542	0.07938	0.01744	0.00715	0.00226	0.00324	0.01576	0.00522	0.00458
49	0.00964	0.00614	0.00798	0.00761	0.00910	0.00567	0.00566	0.02685	0.01494	0.09344	0.49504	0.20600	0.06533	0.01239	0.00664	0.00188	0.00308	0.01096	0.00602	0.00563
50	0.75133	0.01214	0.05493	0.00902	0.03288	0.01271	0.02358	0.01667	0.00989	0.02446	0.00812	0.00957	0.00629	0.00521	0.00372	0.00175	0.00477	0.00325	0.00338	0.00634

[dist]
# distance from previous block
# <min> <max>
0	1

[block]
# block no. 4 follows, 42 sequences, length 47
# corresponding to MSA columns:
# 339-385
name=unknown_E
#
# <colnr> <probs for GDERKNQSTAVLIFYWHMCP>
#	G	D	E	R	K	N	Q	S	T	A	V	L	I	F	Y	W	H	M	C	P
0	0.01326	0.30229	0.38966	0.01356	0.03411	0.05842	0.01518	0.01740	0.01187	0.01591	0.00915	0.01081	0.00728	0.00522	0.00497	0.00152	0.02657	0.00371	0.00248	0.05662
1	0.01082	0.01020	0.01722	0.74530	0.08068	0.01255	0.01572	0.01455	0.01134	0.01461	0.01004	0.01494	0.00758	0.00559	0.00562	0.00186	0.00745	0.00500	0.00252	0.00640
2	0.00804	0.00603	0.00904	0.00904	0.01005	0.00703	0.00703	0.01005	0.00904	0.01306	0.01507	0.02211	0.01407	0.04221	0.77992	0.00904	0.01507	0.00603	0.00301	0.00502
3	0.01651	0.32254	0.01894	0.01065	0.01398	0.31028	0.00893	0.03206	0.01353	0.01549	0.01048	0.01206	0.00879	0.00560	0.00428	0.00133	0.00690	0.00375	0.17730	0.00658
4	0.01408	0.01501	0.14453	0.06226	0.25902	0.03079	0.02738	0.04603	0.01315	0.08302	0.01138	0.01336	0.00878	0.00511	0.00515	0.00147	0.00624	0.00444	0.00333	0.24546
5	0.03783	0.19777	0.15891	0.03674	0.13251	0.10540	0.05006	0.04349	0.06654	0.05328	0.05651	0.01438	0.01138	0.00586	0.00510	0.00160	0.00683	0.00470	0.00336	0.00776
6	0.01477	0.03451	0.01402	0.01276	0.05056	0.06578	0.00952	0.05488	0.62508	0.02280	0.02062	0.01934	0.01557	0.00728	0.00561	0.00184	0.00505	0.00598	0.00530	0.00873
7	0.06353	0.71501	0.02748	0.00978	0.01440	0.06482	0.00949	0.01715	0.01158	0.01397	0.00787	0.00910	0.00716	0.00489	0.00369	0.00125	0.00616	0.00305	0.00250	0.00712
8	0.00878	0.00915	0.08878	0.00873	0.01113	0.00738	0.00758	0.01322	0.12506	0.01785	0.15265	0.12281	0.26945	0.01397	0.05118	0.00238	0.00460	0.07440	0.00502	0.00588
9	0.00696	0.00523	0.00645	0.00717	0.00805	0.00472	0.00499	0.00829	0.01203	0.01573	0.13999	0.49897	0.22919	0.01590	0.00697	0.00211	0.00307	0.01411	0.00536	0.00472
10	0.01398	0.01192	0.01263	0.01130	0.01444	0.01371	0.00880	0.05541	0.69498	0.02393	0.05767	0.02172	0.01860	0.00779	0.00577	0.00189	0.00443	0.00650	0.00574	0.00876
11	0.00672	0.00558	0.00583	0.00603	0.00764	0.00474	0.00439	0.00804	0.01240	0.01496	0.05212	0.16341	0.63755	0.03596	0.00732	0.00205	0.00298	0.01239	0.00518	0.00469
12	0.01167	0.01005	0.04043	0.05391	0.05127	0.01010	0.00865	0.04577	0.28763	0.04183	0.32577	0.02883	0.04259	0.00896	0.00608	0.00182	0.00419	0.00773	0.00549	0.00723
13	0.01797	0.01090	0.01266	0.01073	0.01424	0.01148	0.00852	0.06750	0.39681	0.29216	0.04746	0.05035	0.01757	0.00786	0.00578	0.00185	0.00456	0.00654	0.00616	0.00890
14	0.01496	0.69079	0.10247	0.01050	0.01557	0.05824	0.01080	0.01722	0.01170	0.01372	0.00809	0.00936	0.00721	0.00492	0.00385	0.00127	0.00645	0.00315	0.00243	0.00730
15	0.01219	0.01112	0.01701	0.66291	0.05365	0.02965	0.01499	0.10037	0.01317	0.01693	0.01040	0.01470	0.00777	0.00575	0.00561	0.00184	0.00739	0.00498	0.00288	0.00671
16	0.01049	0.00525	0.00525	0.00525	0.00656	0.00525	0.00393	0.01311	0.01180	0.02098	0.01836	0.02098	0.01442	0.00656	0.00393	0.00131	0.00262	0.00525	0.83346	0.00525
17	0.01167	0.01000	0.01167	0.00834	0.01334	0.00750	0.00667	0.01417	0.01167	0.01834	0.01000	0.01167	0.00834	0.00417	0.00417	0.00083	0.00417	0.00333	0.00333	0.83663
18	0.00867	0.00672	0.00875	0.00899	0.01009	0.00681	0.02610	0.03722	0.09481	0.01714	0.10250	0.51836	0.05428	0.01480	0.00720	0.00217	0.02411	0.04057	0.00525	0.00545
19	0.01237	0.01163	0.01945	0.44072	0.35194	0.01302	0.01619	0.03743	0.01238	0.01673	0.01036	0.01450	0.00817	0.00540	0.00560	0.00178	0.00711	0.00501	0.00272	0.00750
20	0.01303	0.01293	0.02343	0.20993	0.45425	0.01333	0.15677	0.01674	0.01254	0.01737	0.01060	0.01442	0.00851	0.00511	0.00579	0.00176	0.00742	0.00532	0.00273	0.00803
21	0.01328	0.01518	0.03321	0.02372	0.02941	0.01423	0.74668	0.01803	0.01328	0.01803	0.01139	0.01518	0.00854	0.00474	0.00664	0.00190	0.00949	0.00664	0.00285	0.00759
22	0.02102	0.02682	0.01595	0.01450	0.01740	0.77963	0.01087	0.02247	0.01595	0.01377	0.00870	0.01015	0.00725	0.00580	0.00507	0.00145	0.01015	0.00362	0.00290	0.00652
23	0.00880	0.00713	0.01002	0.03914	0.05126	0.02000	0.00773	0.01088	0.02251	0.01399	0.01858	0.15947	0.04251	0.05246	0.44081	0.00608	0.05763	0.00785	0.01785	0.00530
24	0.01451	0.69537	0.13506	0.01054	0.01585	0.02096	0.01121	0.01699	0.01150	0.01389	0.00815	0.00943	0.00721	0.00489	0.00386	0.00129	0.00634	0.00317	0.00240	0.00738
25	0.00815	0.00617	0.00915	0.00909	0.01004	0.00724	0.00705	0.01008	0.00900	0.01300	0.01497	0.02236	0.01411	0.06704	0.73523	0.00876	0.03447	0.00607	0.00301	0.00500
26	0.08608	0.00957	0.01183	0.00950	0.01318	0.00909	0.00771	0.08194	0.05162	0.48532	0.08153	0.04081	0.01700	0.00747	0.00550	0.00173	0.00449	0.00606	0.06107	0.00850
27	0.00957	0.06441	0.03051	0.03408	0.03942	0.02945	0.04826	0.01193	0.01265	0.01615	0.05429	0.14850	0.15353	0.01294	0.00683	0.00216	0.00507	0.31007	0.00461	0.00558
28	0.00822	0.00626	0.00924	0.00914	0.01006	0.00738	0.00708	0.01010	0.00899	0.01298	0.01488	0.02240	0.01410	0.07688	0.71309	0.00860	0.04650	0.00609	0.00301	0.00499
29	0.00777	0.00518	0.00686	0.00792	0.00851	0.00479	0.00542	0.00886	0.01115	0.05029	0.03152	0.71859	0.06251	0.01696	0.00710	0.00225	0.00336	0.03082	0.00531	0.00483
30	0.00693	0.00498	0.00660	0.00786	0.00827	0.00465	0.00534	0.00798	0.01092	0.01448	0.03177	0.74906	0.05925	0.01745	0.00719	0.00228	0.00332	0.04185	0.00522	0.00460
31	0.01478	0.01286	0.01314	0.01167	0.01494	0.03988	0.00911	0.08329	0.67762	0.02410	0.02173	0.02007	0.01628	0.00751	0.00570	0.00188	0.00477	0.00617	0.00562	0.00888
32	0.01791	0.00795	0.01071	0.00877	0.01184	0.00701	0.00701	0.02029	0.01603	0.45314	0.33732	0.02887	0.03057	0.00889	0.00607	0.00175	0.00388	0.00758	0.00664	0.00776
33	0.00825	0.00529	0.00674	0.00744	0.00826	0.00491	0.00517	0.00967	0.01176	0.05183	0.10111	0.55591	0.07476	0.01504	0.00664	0.00207	0.00318	0.01345	0.10355	0.00497
34	0.00817	0.00611	0.00881	0.00872	0.00959	0.00701	0.00662	0.00995	0.00935	0.01340	0.06126	0.02488	0.01707	0.13264	0.61993	0.00798	0.03387	0.00652	0.00324	0.00487
35	0.01186	0.01124	0.01568	0.01420	0.04247	0.01504	0.01121	0.03746	0.00945	0.01428	0.00971	0.03522	0.00974	0.05921	0.09551	0.00325	0.59013	0.00552	0.00276	0.00606
36	0.01117	0.02829	0.74610	0.01572	0.02380	0.01280	0.02025	0.01757	0.01202	0.01799	0.03666	0.01294	0.00875	0.00556	0.00539	0.00178	0.00812	0.00437	0.00251	0.00821
37	0.02194	0.01488	0.01634	0.01253	0.01701	0.01614	0.01035	0.64541	0.02498	0.14050	0.01475	0.01432	0.01019	0.00679	0.00563	0.00170	0.00599	0.00515	0.00582	0.00957
38	0.01047	0.00666	0.00791	0.00784	0.00808	0.06608	0.00528	0.00860	0.00817	0.01030	0.01085	0.04167	0.01110	0.06849	0.02063	0.69174	0.00529	0.00534	0.00263	0.00289
39	0.01280	0.01268	0.01746	0.12082	0.40664	0.09125	0.01339	0.01618	0.04314	0.01740	0.06524	0.02167	0.12334	0.00705	0.00576	0.00172	0.00624	0.00626	0.00346	0.00749
40	0.01230	0.01072	0.03265	0.01076	0.03142	0.01141	0.00829	0.03738	0.47727	0.02233	0.16057	0.02565	0.03939	0.03715	0.02560	0.00215	0.00451	0.00709	0.03563	0.00772
41	0.01129	0.02911	0.77306	0.01604	0.02436	0.01307	0.02079	0.01782	0.01188	0.01782	0.01010	0.01188	0.00713	0.00535	0.00535	0.00178	0.00832	0.00416	0.00238	0.00832
42	0.05873	0.07847	0.10224	0.01061	0.04523	0.00986	0.00918	0.01676	0.01237	0.13187	0.02885	0.03765	0.01113	0.00565	0.00472	0.00129	0.00497	0.01820	0.00383	0.40836
43	0.00978	0.00489	0.00733	0.00733	0.00733	0.00489	0.00489	0.00733	0.00733	0.00978	0.00978	0.01711	0.00978	0.01955	0.02199	0.83627	0.00489	0.00489	0.00244	0.00244
44	0.01129	0.02911	0.77306	0.01604	0.02436	0.01307	0.02079	0.01782	0.01188	0.01782	0.01010	0.01188	0.00713	0.00535	0.00535	0.00178	0.00832	0.00416	0.00238	0.00832
45	0.01771	0.06707	0.05349	0.01600	0.14023	0.06781	0.04041	0.21607	0.04314	0.15683	0.01550	0.07374	0.01260	0.00730	0.00599	0.00175	0.02719	0.02418	0.00460	0.00836
46	0.01317	0.08736	0.44725	0.01579	0.07846	0.02866	0.01646	0.08943	0.10760	0.01973	0.01251	0.03709	0.00970	0.00609	0.00535	0.00174	0.00719	0.00485	0.00324	0.00832

[dist]
# distance from previous block
# <min> <max>
0	1

[block]
# block no. 5 follows, 42 sequences, length 9
# corresponding to MSA columns:
# 387-395
name=unknown_F
#
# <colnr> <probs for GDERKNQSTAVLIFYWHMCP>
#	G	D	E	R	K	N	Q	S	T	A	V	L	I	F	Y	W	H	M	C	P
0	0.01239	0.01451	0.13668	0.07708	0.49146	0.01211	0.01611	0.01605	0.01258	0.01768	0.01548	0.02031	0.07006	0.00657	0.00578	0.00178	0.00658	0.05567	0.00306	0.00806
1	0.01444	0.01274	0.04571	0.01305	0.01618	0.01373	0.08425	0.09913	0.35271	0.06233	0.01805	0.05851	0.01436	0.00795	0.00778	0.00195	0.12751	0.00637	0.03519	0.00807
2	0.01186	0.14308	0.28098	0.09059	0.02029	0.01332	0.05186	0.01789	0.12773	0.01775	0.06059	0.06732	0.01377	0.00675	0.00536	0.00171	0.00641	0.00565	0.00342	0.05368
3	0.01968	0.11133	0.13353	0.01215	0.01715	0.01274	0.05434	0.16417	0.01673	0.34345	0.04703	0.01641	0.01252	0.00647	0.00545	0.00168	0.00594	0.00523	0.00517	0.00880
4	0.01462	0.68238	0.02759	0.01043	0.01450	0.02149	0.01005	0.01634	0.01100	0.01329	0.00776	0.00954	0.00725	0.00560	0.00592	0.00140	0.12810	0.00331	0.00242	0.00706
5	0.01123	0.00874	0.01246	0.10867	0.01669	0.00923	0.05339	0.12648	0.01467	0.01928	0.02381	0.11096	0.02474	0.01248	0.00705	0.00229	0.00572	0.42123	0.00478	0.00609
6	0.01207	0.23900	0.46665	0.06724	0.02145	0.01505	0.01624	0.01669	0.01147	0.01588	0.00997	0.01295	0.00805	0.05740	0.00642	0.00187	0.00744	0.00417	0.00246	0.00755
7	0.14058	0.01696	0.29953	0.01354	0.07362	0.02605	0.01298	0.01665	0.05535	0.04833	0.03366	0.01730	0.01163	0.04189	0.14729	0.00325	0.00814	0.02283	0.00330	0.00713
8	0.00808	0.00587	0.00824	0.00824	0.00897	0.00660	0.00603	0.00953	0.00881	0.01247	0.01581	0.02617	0.01583	0.25206	0.57248	0.00805	0.01242	0.00662	0.00312	0.00458

[dist]
# distance from previous block
# <min> <max>
0	1

[block]
# block no. 6 follows, 42 sequences, length 17
# corresponding to MSA columns:
# 397-413
name=unknown_G
#
# <colnr> <probs for GDERKNQSTAVLIFYWHMCP>
#	G	D	E	R	K	N	Q	S	T	A	V	L	I	F	Y	W	H	M	C	P
0	0.01106	0.23582	0.03067	0.00923	0.03492	0.01161	0.00745	0.04706	0.04296	0.01708	0.17971	0.06198	0.12741	0.07726	0.02939	0.02884	0.01699	0.00734	0.01720	0.00602
1	0.00935	0.00507	0.00718	0.00718	0.00723	0.00513	0.00470	0.00766	0.00760	0.01020	0.01174	0.02151	0.01225	0.18471	0.06546	0.61636	0.00557	0.00564	0.00268	0.00279
2	0.01338	0.19610	0.44009	0.01487	0.03395	0.02789	0.05711	0.05444	0.03799	0.03523	0.01046	0.01202	0.00789	0.00552	0.00546	0.00167	0.03082	0.00423	0.00281	0.00806
3	0.10448	0.12765	0.01874	0.14641	0.16809	0.17076	0.05586	0.01744	0.03299	0.01669	0.01269	0.01653	0.04085	0.00624	0.00519	0.00168	0.00705	0.04059	0.00309	0.00699
4	0.02023	0.01928	0.04269	0.05238	0.01868	0.25260	0.01131	0.44626	0.03781	0.02683	0.01193	0.01265	0.00883	0.00637	0.00545	0.00163	0.00752	0.00461	0.00452	0.00840
5	0.01325	0.01220	0.05562	0.13151	0.17163	0.01132	0.12551	0.05350	0.03786	0.06927	0.05528	0.04723	0.01288	0.00623	0.00577	0.00165	0.01675	0.00578	0.03054	0.13620
6	0.02106	0.01479	0.01606	0.01237	0.01675	0.01610	0.01020	0.65396	0.02497	0.09702	0.01620	0.01581	0.04379	0.00711	0.00568	0.00170	0.00592	0.00542	0.00572	0.00936
7	0.01237	0.01525	0.14831	0.10459	0.27906	0.01267	0.21399	0.01653	0.01228	0.01743	0.01129	0.01495	0.00898	0.00817	0.06934	0.00237	0.00835	0.00540	0.03095	0.00773
8	0.01316	0.01341	0.06726	0.09325	0.35082	0.03017	0.11299	0.01745	0.06085	0.04538	0.07923	0.04191	0.01408	0.00642	0.00621	0.00179	0.02822	0.00606	0.00346	0.00789
9	0.01938	0.02102	0.01598	0.01448	0.04645	0.44274	0.01084	0.19633	0.07391	0.01987	0.01121	0.01251	0.00891	0.00779	0.03722	0.00190	0.04386	0.00439	0.00375	0.00745
10	0.01121	0.00712	0.00852	0.00788	0.00994	0.00668	0.00598	0.06047	0.05152	0.13553	0.21866	0.18569	0.24417	0.01228	0.00649	0.00190	0.00348	0.01058	0.00579	0.00612
11	0.00975	0.01205	0.15712	0.01421	0.12315	0.00877	0.06081	0.01353	0.05039	0.01814	0.18059	0.22080	0.08656	0.01050	0.00633	0.00191	0.00505	0.00945	0.00440	0.00651
12	0.03597	0.13524	0.16753	0.01545	0.04687	0.06522	0.16004	0.10877	0.07719	0.09621	0.01272	0.01395	0.00946	0.00652	0.02285	0.00185	0.00739	0.00495	0.00371	0.00811
13	0.00968	0.00779	0.00889	0.00877	0.01059	0.00818	0.00663	0.01610	0.26996	0.01837	0.09448	0.19341	0.18707	0.01384	0.03835	0.03235	0.00420	0.05989	0.00529	0.00616
14	0.00878	0.00614	0.00757	0.00781	0.00883	0.00606	0.00548	0.03383	0.04837	0.04583	0.05811	0.37241	0.12148	0.14778	0.09156	0.00339	0.00500	0.01167	0.00484	0.00506
15	0.03307	0.01620	0.14546	0.04104	0.04893	0.13716	0.01138	0.15933	0.04109	0.04442	0.03650	0.16697	0.01641	0.02117	0.00655	0.00191	0.02801	0.03305	0.00418	0.00718
16	0.01210	0.00963	0.01571	0.17776	0.05710	0.02622	0.14108	0.05225	0.01206	0.04859	0.07454	0.01839	0.01316	0.01166	0.04902	0.22631	0.00677	0.00576	0.03614	0.00575

[dist]
# distance from previous block
# <min> <max>
1	43

[block]
# block no. 7 follows, 42 sequences, length 20
# corresponding to MSA columns:
# 457-476
name=unknown_H
#
# <colnr> <probs for GDERKNQSTAVLIFYWHMCP>
#	G	D	E	R	K	N	Q	S	T	A	V	L	I	F	Y	W	H	M	C	P
0	0.10006	0.10913	0.08278	0.03595	0.18041	0.07450	0.07077	0.04584	0.04213	0.06833	0.03986	0.06777	0.01239	0.00750	0.02037	0.01908	0.00654	0.00557	0.00357	0.00744
1	0.01416	0.01250	0.04365	0.07297	0.01709	0.03299	0.06635	0.26879	0.09237	0.02360	0.04935	0.08204	0.14858	0.00875	0.00597	0.00179	0.00554	0.00740	0.00480	0.04134
2	0.01269	0.03841	0.22744	0.01653	0.14368	0.03913	0.07641	0.03995	0.01283	0.01858	0.03701	0.01342	0.00967	0.00511	0.00509	0.00142	0.00648	0.00443	0.00307	0.28864
3	0.01297	0.08871	0.28390	0.01220	0.01695	0.05622	0.01271	0.01734	0.05169	0.07957	0.13835	0.01838	0.02869	0.00708	0.00659	0.00170	0.08015	0.00540	0.00374	0.07766
4	0.05462	0.00736	0.00868	0.00771	0.00984	0.00701	0.00593	0.08064	0.01573	0.04711	0.46653	0.06600	0.12051	0.01059	0.00619	0.00173	0.00330	0.00909	0.00567	0.06576
5	0.01314	0.01761	0.24792	0.01893	0.14501	0.01280	0.16930	0.02011	0.16343	0.05234	0.01444	0.04738	0.01134	0.00616	0.00578	0.00180	0.00701	0.00580	0.00357	0.03612
6	0.06547	0.10254	0.29645	0.01638	0.06034	0.06765	0.14783	0.08886	0.01398	0.07261	0.01107	0.01267	0.00815	0.00544	0.00533	0.00170	0.00764	0.00462	0.00323	0.00805
7	0.00801	0.00591	0.00856	0.00861	0.00945	0.00673	0.00648	0.00971	0.00900	0.01283	0.01605	0.05439	0.01583	0.14313	0.64905	0.00830	0.01332	0.00671	0.00315	0.00479
8	0.12320	0.01223	0.04415	0.20593	0.23897	0.01243	0.03348	0.09365	0.01377	0.10017	0.01447	0.01649	0.05483	0.00615	0.00541	0.00176	0.00623	0.00526	0.00369	0.00773
9	0.04622	0.07547	0.18073	0.01801	0.18019	0.15033	0.06895	0.01848	0.06204	0.03450	0.06089	0.01681	0.05066	0.00630	0.00543	0.00168	0.00709	0.00527	0.00335	0.00760
10	0.02271	0.01231	0.01411	0.01098	0.01514	0.04299	0.00900	0.29436	0.01968	0.41903	0.01818	0.01680	0.01207	0.00681	0.00551	0.00168	0.00539	0.00533	0.05873	0.00918
11	0.00780	0.00568	0.00736	0.00721	0.00846	0.00524	0.00539	0.01018	0.01502	0.02093	0.60522	0.12978	0.09604	0.01254	0.00675	0.00187	0.00284	0.04053	0.00598	0.00518
12	0.01235	0.01394	0.17041	0.05440	0.09911	0.01110	0.01177	0.10813	0.13365	0.03782	0.13368	0.09958	0.04826	0.00874	0.00600	0.00186	0.00545	0.03172	0.00454	0.00748
13	0.01499	0.19641	0.08779	0.13763	0.09962	0.10012	0.08631	0.05018	0.05366	0.06985	0.01214	0.04548	0.00992	0.00603	0.00525	0.00165	0.00706	0.00506	0.00331	0.00755
14	0.00715	0.00532	0.00730	0.00813	0.00874	0.00499	0.02542	0.00829	0.01089	0.01441	0.03142	0.65635	0.08813	0.04962	0.02660	0.00255	0.00382	0.03119	0.00503	0.00464
15	0.01115	0.01016	0.01553	0.06809	0.31443	0.01096	0.01183	0.01343	0.01164	0.01607	0.04492	0.02726	0.12553	0.09524	0.01058	0.00234	0.13429	0.06644	0.00346	0.00665
16	0.01962	0.11139	0.01695	0.01361	0.01659	0.65582	0.01044	0.02109	0.01518	0.01375	0.00977	0.05118	0.00881	0.00631	0.00502	0.00147	0.00933	0.00420	0.00297	0.00650
17	0.04143	0.08360	0.42723	0.01522	0.03527	0.08965	0.08140	0.01823	0.02909	0.04680	0.02891	0.01433	0.03444	0.00594	0.00564	0.00173	0.02564	0.00474	0.00296	0.00775
18	0.69019	0.01213	0.05248	0.00924	0.04304	0.01258	0.00757	0.04111	0.01052	0.02453	0.00838	0.00977	0.00650	0.00522	0.00378	0.00169	0.00472	0.00327	0.00346	0.04981
19	0.03991	0.08013	0.64370	0.01494	0.02245	0.04382	0.01865	0.01760	0.01196	0.01752	0.01123	0.01281	0.03006	0.00559	0.00520	0.00173	0.00793	0.00426	0.00252	0.00799

[dist]
# distance from previous block
# <min> <max>
3	13

[block]
# block no. 8 follows, 42 sequences, length 15
# corresponding to MSA columns:
