[name]
unknown

[dist]
# distance from previous block
# <min> <max>
0	494

[block]
# block no. 0 follows, 45 sequences, length 38
# corresponding to MSA columns:
# 512-546,548-550
name=unknown_A
#
# <colnr> <probs for GDERKNQSTAVLIFYWHMCP>
#	G	D	E	R	K	N	Q	S	T	A	V	L	I	F	Y	W	H	M	C	P
0	0.01144	0.00645	0.00827	0.00744	0.00942	0.00584	0.00575	0.01381	0.02882	0.19933	0.40481	0.06530	0.13770	0.03410	0.00677	0.00185	0.00327	0.03788	0.00580	0.00594
1	0.05413	0.01109	0.01187	0.01017	0.01335	0.01221	0.00806	0.18813	0.38342	0.09544	0.02178	0.04853	0.07395	0.00773	0.00540	0.00174	0.00442	0.00629	0.03429	0.00799
2	0.01701	0.01100	0.01245	0.01059	0.01403	0.01187	0.00841	0.06820	0.49818	0.25397	0.02115	0.01910	0.01504	0.00704	0.00544	0.00176	0.00444	0.00580	0.00582	0.00873
3	0.00776	0.00518	0.00587	0.00592	0.00593	0.00517	0.00332	0.00779	0.00790	0.01053	0.01740	0.06457	0.02012	0.78107	0.02654	0.00509	0.00512	0.00809	0.00332	0.00329
4	0.51529	0.00906	0.00826	0.00741	0.01030	0.00989	0.00599	0.03304	0.01085	0.12849	0.01319	0.07180	0.01106	0.00665	0.00413	0.00168	0.00400	0.03262	0.11020	0.00611
5	0.00654	0.00467	0.00623	0.00747	0.00779	0.00436	0.00498	0.00747	0.01028	0.01370	0.02959	0.80785	0.03550	0.01682	0.00685	0.00218	0.00311	0.01526	0.00498	0.00436
6	0.84927	0.01038	0.00789	0.00706	0.01038	0.01204	0.00581	0.01578	0.00914	0.02408	0.00747	0.00872	0.00581	0.00498	0.00332	0.00166	0.00415	0.00291	0.00332	0.00581
7	0.01269	0.01037	0.01098	0.00988	0.01262	0.01174	0.00768	0.06014	0.57319	0.02238	0.07099	0.02219	0.04691	0.00761	0.00536	0.00174	0.00397	0.00633	0.09545	0.00778
8	0.00932	0.00466	0.00699	0.00699	0.00699	0.00466	0.00466	0.00699	0.00699	0.00932	0.00932	0.01632	0.00932	0.01865	0.02098	0.84382	0.00466	0.00466	0.00233	0.00233
9	0.01267	0.01448	0.03167	0.02262	0.02805	0.01357	0.75837	0.01719	0.01267	0.01719	0.01086	0.01448	0.00814	0.00452	0.00633	0.00181	0.00905	0.00633	0.00271	0.00724
10	0.00750	0.00566	0.00686	0.00658	0.00802	0.00519	0.00495	0.00996	0.03880	0.01904	0.50423	0.04240	0.25568	0.01193	0.00680	0.02860	0.00276	0.02458	0.00550	0.00494
11	0.06001	0.01143	0.02060	0.11933	0.28598	0.01166	0.22896	0.01494	0.01129	0.01629	0.01104	0.01586	0.00937	0.06420	0.09334	0.00271	0.00792	0.00544	0.00274	0.00689
12	0.01014	0.00954	0.01610	0.79845	0.03697	0.01193	0.01491	0.01371	0.01073	0.01371	0.00954	0.01431	0.00716	0.00537	0.00537	0.00179	0.00716	0.00477	0.00239	0.00596
13	0.01022	0.00934	0.01547	0.39696	0.24018	0.01046	0.01308	0.01310	0.01101	0.01476	0.01397	0.17833	0.01357	0.00849	0.02647	0.00200	0.00629	0.00697	0.00301	0.00632
14	0.01374	0.01253	0.04553	0.05643	0.31838	0.01169	0.25334	0.01709	0.01241	0.11382	0.01324	0.01658	0.02893	0.05388	0.00700	0.00191	0.00693	0.00568	0.00325	0.00763
15	0.00940	0.00563	0.03631	0.02437	0.00825	0.00511	0.00545	0.00751	0.00724	0.00971	0.00934	0.01609	0.00918	0.01785	0.02005	0.79408	0.00484	0.00464	0.00233	0.00262
16	0.01329	0.01275	0.02179	0.03295	0.77787	0.01275	0.01647	0.01647	0.01222	0.01754	0.01010	0.01329	0.00850	0.00478	0.00531	0.00159	0.00638	0.00478	0.00266	0.00850
17	0.00906	0.01152	0.17460	0.01073	0.03200	0.03679	0.02903	0.03545	0.03773	0.01584	0.04495	0.45447	0.03713	0.01231	0.00625	0.00198	0.00480	0.03538	0.00425	0.00571
18	0.08955	0.20198	0.16905	0.02751	0.12558	0.12178	0.12281	0.01762	0.01207	0.05122	0.00953	0.01134	0.00749	0.00498	0.00475	0.00153	0.00711	0.00409	0.00276	0.00727
19	0.00685	0.00510	0.00727	0.00806	0.00862	0.00477	0.03331	0.00801	0.01061	0.01420	0.05950	0.73285	0.03502	0.01608	0.00682	0.00215	0.00335	0.02801	0.00494	0.00451
20	0.00640	0.00539	0.00555	0.00563	0.00731	0.00454	0.00418	0.00777	0.01220	0.01469	0.07755	0.10468	0.69833	0.01373	0.00638	0.00183	0.00274	0.01155	0.00502	0.00454
21	0.01528	0.12837	0.17308	0.07815	0.21130	0.03749	0.06448	0.03294	0.01278	0.17763	0.01197	0.01332	0.00878	0.00529	0.00509	0.00159	0.00655	0.00454	0.00341	0.00795
22	0.01329	0.26468	0.27953	0.06437	0.07418	0.07161	0.04153	0.02953	0.01200	0.04293	0.01045	0.01382	0.00863	0.00556	0.00479	0.00155	0.00695	0.04460	0.00272	0.00727
23	0.00682	0.00490	0.00653	0.00773	0.00822	0.00461	0.00545	0.00797	0.01062	0.01405	0.03024	0.68193	0.05924	0.01644	0.00691	0.00221	0.00335	0.11335	0.00498	0.00444
24	0.01222	0.01984	0.37475	0.11929	0.13010	0.04653	0.12695	0.01682	0.01176	0.04470	0.01017	0.01273	0.00757	0.00539	0.00588	0.01442	0.02621	0.00459	0.00259	0.00749
25	0.03813	0.05958	0.10973	0.08268	0.11300	0.03205	0.06802	0.27324	0.04153	0.07935	0.01269	0.01508	0.00967	0.00605	0.00531	0.00166	0.00639	0.03380	0.00400	0.00803
26	0.01046	0.00976	0.01658	0.41505	0.23181	0.01087	0.04715	0.01350	0.01114	0.01490	0.01333	0.15573	0.01263	0.00722	0.00566	0.00181	0.00631	0.00672	0.00294	0.00642
27	0.01103	0.00896	0.01016	0.00985	0.03556	0.00966	0.00731	0.07006	0.34549	0.02067	0.14800	0.11896	0.10976	0.00990	0.00591	0.00184	0.00385	0.04342	0.02280	0.00682
28	0.03373	0.04470	0.03347	0.02867	0.08914	0.12936	0.02532	0.21206	0.19285	0.03117	0.01437	0.04772	0.01175	0.00698	0.00607	0.00171	0.05463	0.02440	0.00421	0.00771
29	0.01712	0.01036	0.03009	0.04260	0.05368	0.01038	0.00941	0.11242	0.11079	0.31559	0.01927	0.07206	0.01547	0.00829	0.00660	0.00185	0.06284	0.08806	0.00526	0.00786
30	0.01204	0.12557	0.35241	0.04278	0.01823	0.01198	0.01315	0.05075	0.03377	0.05173	0.02737	0.04542	0.03400	0.00589	0.00486	0.00149	0.00610	0.00467	0.00314	0.15466
31	0.01197	0.00951	0.01122	0.00805	0.01278	0.00720	0.00646	0.01433	0.01140	0.06693	0.01029	0.01159	0.00830	0.00415	0.00407	0.00085	0.00401	0.00332	0.00340	0.79014
32	0.00724	0.00576	0.00723	0.00674	0.00829	0.00514	0.03163	0.00918	0.01334	0.01762	0.38624	0.05981	0.35102	0.05793	0.00755	0.00196	0.00301	0.01027	0.00523	0.00480
33	0.01200	0.11695	0.09970	0.00960	0.01440	0.01024	0.02603	0.02989	0.03539	0.03637	0.01065	0.03682	0.00897	0.00494	0.00457	0.00111	0.02105	0.00390	0.00320	0.51423
34	0.00677	0.00496	0.00636	0.00732	0.00794	0.00456	0.00503	0.00783	0.01054	0.01389	0.03150	0.64233	0.11870	0.04139	0.00741	0.00222	0.00324	0.04947	0.00488	0.02367
35	0.01171	0.01025	0.03899	0.00839	0.01318	0.00761	0.00698	0.01470	0.03942	0.04781	0.01046	0.01175	0.00843	0.00424	0.00413	0.00090	0.00415	0.00340	0.00337	0.75011
36	0.01384	0.13379	0.17702	0.01314	0.06649	0.01306	0.05090	0.15321	0.09140	0.07187	0.02995	0.09592	0.02780	0.03068	0.00592	0.00176	0.00581	0.00597	0.00394	0.00752
37	0.01526	0.48543	0.07887	0.01050	0.01467	0.18425	0.00988	0.04063	0.01258	0.02867	0.03888	0.01101	0.00905	0.00524	0.00409	0.00129	0.00649	0.00353	0.03287	0.00680

[dist]
# distance from previous block
# <min> <max>
0	3

[block]
# block no. 1 follows, 45 sequences, length 12
# corresponding to MSA columns:
# 554-565
name=unknown_B
#
# <colnr> <probs for GDERKNQSTAVLIFYWHMCP>
#	G	D	E	R	K	N	Q	S	T	A	V	L	I	F	Y	W	H	M	C	P
0	0.00963	0.00740	0.00969	0.00937	0.04228	0.00677	0.03194	0.05144	0.03051	0.03749	0.04580	0.33994	0.05830	0.08435	0.00785	0.00204	0.00407	0.03132	0.00437	0.18546
1	0.04360	0.18545	0.07974	0.01133	0.01507	0.11620	0.02485	0.17694	0.09095	0.04284	0.01419	0.05524	0.01246	0.00801	0.02487	0.00181	0.00631	0.07901	0.00392	0.00720
2	0.01247	0.18952	0.48107	0.01482	0.04660	0.03653	0.06915	0.01750	0.03108	0.03938	0.00991	0.01144	0.00742	0.00506	0.00486	0.00158	0.00735	0.00402	0.00255	0.00769
3	0.00666	0.00487	0.00628	0.00730	0.00788	0.00449	0.00504	0.00778	0.01083	0.01427	0.06761	0.64974	0.12395	0.01607	0.00679	0.00213	0.00312	0.04573	0.00503	0.00444
4	0.01511	0.08087	0.20324	0.01877	0.21097	0.11803	0.08967	0.03928	0.01304	0.11960	0.01131	0.01297	0.00852	0.00624	0.02771	0.00179	0.00739	0.00453	0.00317	0.00780
5	0.04845	0.16442	0.19286	0.05474	0.07059	0.12185	0.04725	0.03629	0.14345	0.01699	0.01112	0.01250	0.00872	0.00564	0.00542	0.00160	0.04341	0.00428	0.00307	0.00735
6	0.00787	0.00583	0.00821	0.01009	0.06219	0.00567	0.00711	0.00950	0.01110	0.01473	0.02727	0.43511	0.03121	0.04828	0.00781	0.00238	0.00413	0.29196	0.00473	0.00482
7	0.01098	0.07485	0.73833	0.01493	0.02267	0.01299	0.01920	0.01694	0.01131	0.01674	0.00950	0.01117	0.00681	0.00507	0.00500	0.00167	0.00780	0.00390	0.00227	0.00787
8	0.00768	0.00572	0.00847	0.00847	0.00937	0.00662	0.00651	0.00948	0.00858	0.01234	0.01452	0.02189	0.01377	0.08451	0.74631	0.00843	0.01385	0.00587	0.00290	0.00470
9	0.01016	0.00902	0.01497	0.47043	0.04822	0.01053	0.06770	0.03346	0.01099	0.01474	0.01211	0.01874	0.01028	0.04551	0.12037	0.00293	0.00787	0.04218	0.04398	0.00583
10	0.01137	0.00987	0.01368	0.23353	0.11821	0.00976	0.01018	0.04572	0.05646	0.01733	0.01181	0.05282	0.00996	0.00550	0.00482	0.00136	0.00517	0.00475	0.03798	0.33973
11	0.00750	0.00550	0.00705	0.00684	0.00813	0.00506	0.00519	0.00985	0.01453	0.02015	0.62350	0.06690	0.12832	0.01170	0.00642	0.00177	0.00273	0.05818	0.00572	0.00498

[dist]
# distance from previous block
# <min> <max>
0	1

[block]
# block no. 2 follows, 45 sequences, length 24
# corresponding to MSA columns:
# 567-590
name=unknown_C
#
# <colnr> <probs for GDERKNQSTAVLIFYWHMCP>
#	G	D	E	R	K	N	Q	S	T	A	V	L	I	F	Y	W	H	M	C	P
0	0.00775	0.00566	0.00720	0.00690	0.00818	0.00527	0.00513	0.03046	0.01473	0.02053	0.62256	0.12494	0.09712	0.01167	0.00636	0.00175	0.00270	0.01030	0.00573	0.00506
1	0.01096	0.01033	0.01706	0.59440	0.14656	0.01222	0.03534	0.01549	0.07535	0.01513	0.01071	0.01465	0.00817	0.00542	0.00539	0.00176	0.00684	0.00493	0.00270	0.00660
2	0.84927	0.01038	0.00789	0.00706	0.01038	0.01204	0.00581	0.01578	0.00914	0.02408	0.00747	0.00872	0.00581	0.00498	0.00332	0.00166	0.00415	0.00291	0.00332	0.00581
3	0.01232	0.01396	0.13233	0.07756	0.18845	0.01312	0.05254	0.06393	0.12844	0.01773	0.01191	0.01458	0.00958	0.00896	0.06802	0.00235	0.15441	0.00501	0.01746	0.00736
4	0.00779	0.00525	0.00610	0.00610	0.00619	0.00534	0.00356	0.00797	0.00788	0.01059	0.01669	0.03387	0.01897	0.74226	0.09567	0.00551	0.00603	0.00762	0.00322	0.00339
5	0.01097	0.44303	0.06026	0.00869	0.01182	0.01392	0.00800	0.01265	0.01081	0.01336	0.01823	0.28229	0.06837	0.00937	0.00488	0.00157	0.00477	0.00770	0.00339	0.00593
6	0.01124	0.01101	0.01548	0.01342	0.01354	0.01524	0.01112	0.01251	0.00827	0.01286	0.00795	0.01290	0.00783	0.01320	0.11282	0.00312	0.70452	0.00483	0.00241	0.00574
7	0.01673	0.24991	0.10630	0.01160	0.01625	0.01714	0.01080	0.37380	0.10505	0.02441	0.01196	0.01228	0.00905	0.00585	0.00479	0.00151	0.00590	0.00430	0.00413	0.00827
8	0.05846	0.01282	0.02128	0.13281	0.51908	0.03768	0.10725	0.01631	0.01201	0.01719	0.00992	0.01321	0.00808	0.00486	0.00532	0.00164	0.00680	0.00483	0.00267	0.00778
9	0.01077	0.02777	0.78354	0.01530	0.02323	0.01247	0.01983	0.01700	0.01133	0.01700	0.00963	0.01133	0.00680	0.00510	0.00510	0.00170	0.00793	0.00397	0.00227	0.00793
10	0.00799	0.00576	0.00796	0.00829	0.00932	0.00544	0.03746	0.00946	0.01111	0.03691	0.05480	0.36219	0.11724	0.11428	0.00940	0.00254	0.00404	0.18641	0.00474	0.00467
11	0.00807	0.00634	0.00904	0.02912	0.01022	0.00733	0.00696	0.00975	0.00970	0.01372	0.09255	0.16037	0.02122	0.07237	0.38138	0.00539	0.10458	0.04347	0.00359	0.00482
12	0.00775	0.00557	0.00666	0.00700	0.00843	0.00499	0.00536	0.00932	0.01215	0.05230	0.09193	0.22779	0.38234	0.01405	0.00661	0.00200	0.00329	0.14251	0.00512	0.00483
13	0.42745	0.00906	0.02594	0.00801	0.01062	0.00940	0.00650	0.04666	0.01100	0.09893	0.02844	0.17788	0.01551	0.00902	0.00548	0.03777	0.00419	0.05812	0.00418	0.00583
14	0.01131	0.01005	0.01106	0.00821	0.01264	0.04498	0.00648	0.01357	0.01128	0.01707	0.01057	0.05439	0.00940	0.00475	0.00417	0.00090	0.00421	0.00385	0.00326	0.75784
15	0.00996	0.00934	0.01559	0.76046	0.03555	0.01157	0.01439	0.01343	0.01081	0.01375	0.01169	0.01610	0.04397	0.00576	0.00541	0.00179	0.00694	0.00508	0.00251	0.00589
16	0.03862	0.01277	0.01479	0.01161	0.01551	0.01370	0.04156	0.43299	0.13064	0.14844	0.07020	0.01671	0.01372	0.00681	0.00545	0.00166	0.00530	0.00547	0.00546	0.00858
17	0.00903	0.04229	0.01034	0.03199	0.03702	0.02976	0.03849	0.01065	0.01076	0.01467	0.02095	0.39448	0.02342	0.07182	0.00750	0.00203	0.00432	0.05654	0.02378	0.16017
18	0.00895	0.00698	0.00753	0.00719	0.00883	0.04676	0.00544	0.01058	0.01271	0.07239	0.19606	0.12547	0.37719	0.01344	0.04072	0.00211	0.03749	0.01005	0.00498	0.00512
19	0.05305	0.24572	0.08920	0.06608	0.09859	0.05627	0.08634	0.05916	0.04531	0.01718	0.07891	0.02946	0.04084	0.00611	0.00490	0.00154	0.00608	0.00507	0.00323	0.00695
20	0.01391	0.19964	0.12072	0.02944	0.05030	0.05207	0.01046	0.11798	0.01325	0.03368	0.00963	0.01109	0.00774	0.00504	0.00494	0.00128	0.03938	0.00367	0.00313	0.27265
21	0.20229	0.12286	0.16326	0.01177	0.02897	0.08936	0.04172	0.07396	0.04448	0.07061	0.03329	0.03559	0.00985	0.00604	0.00525	0.00163	0.04416	0.00443	0.00344	0.00704
22	0.06890	0.13946	0.07328	0.14054	0.16970	0.05059	0.01180	0.06007	0.06789	0.05001	0.06608	0.01539	0.02643	0.00604	0.00536	0.00161	0.03147	0.00483	0.00338	0.00717
23	0.10511	0.01418	0.18496	0.04683	0.08506	0.02816	0.01117	0.08239	0.01317	0.15315	0.06489	0.05359	0.01309	0.03375	0.00615	0.00176	0.02500	0.00530	0.00396	0.06836

[dist]
# distance from previous block
# <min> <max>
4	14

[block]
# block no. 3 follows, 45 sequences, length 14
# corresponding to MSA columns:
# 605-609,625-633
name=unknown_D
#
# <colnr> <probs for GDERKNQSTAVLIFYWHMCP>
#	G	D	E	R	K	N	Q	S	T	A	V	L	I	F	Y	W	H	M	C	P
0	0.19360	0.01082	0.01315	0.05882	0.07066	0.01131	0.04509	0.14612	0.08815	0.08849	0.07887	0.01744	0.01361	0.00639	0.00499	0.00161	0.00495	0.03499	0.00431	0.10661
1	0.13029	0.03744	0.28038	0.01467	0.04900	0.11841	0.10247	0.06614	0.02768	0.04469	0.01010	0.01192	0.00766	0.00636	0.02556	0.00185	0.05085	0.00427	0.00299	0.00726
2	0.03828	0.01377	0.01609	0.08222	0.01839	0.10149	0.10774	0.26757	0.12703	0.04933	0.03408	0.01783	0.04198	0.00672	0.00550	0.00168	0.00623	0.03142	0.00439	0.02825
3	0.84927	0.01038	0.00789	0.00706	0.01038	0.01204	0.00581	0.01578	0.00914	0.02408	0.00747	0.00872	0.00581	0.00498	0.00332	0.00166	0.00415	0.00291	0.00332	0.00581
4	0.08647	0.00749	0.00979	0.00864	0.01097	0.00756	0.00684	0.01664	0.03707	0.29287	0.05784	0.02142	0.01536	0.05470	0.27975	0.04288	0.00786	0.02486	0.00458	0.00642
5	0.01256	0.01358	0.01246	0.01145	0.01290	0.27621	0.04784	0.01390	0.01164	0.01352	0.04584	0.21212	0.01710	0.04647	0.08358	0.02604	0.12663	0.00742	0.00340	0.00535
6	0.00732	0.00548	0.00679	0.00646	0.00785	0.00495	0.00485	0.00960	0.01454	0.01998	0.61633	0.04264	0.21032	0.01155	0.00633	0.00172	0.00257	0.01006	0.00571	0.00495
7	0.00681	0.00546	0.00609	0.00593	0.00754	0.00473	0.00445	0.00861	0.01334	0.01713	0.32415	0.04733	0.50427	0.01261	0.00634	0.00177	0.00265	0.01072	0.00533	0.00473
8	0.01343	0.01113	0.01189	0.01066	0.01364	0.01273	0.00830	0.02749	0.70262	0.04927	0.06074	0.02100	0.01805	0.00745	0.00550	0.00181	0.00417	0.00623	0.00553	0.00834
9	0.01113	0.00954	0.01113	0.00795	0.01272	0.00716	0.00636	0.01352	0.01113	0.01749	0.00954	0.01113	0.00795	0.00398	0.00398	0.00080	0.00398	0.00318	0.00318	0.84417
10	0.00774	0.00518	0.00588	0.00594	0.00596	0.00516	0.00335	0.00779	0.00794	0.01059	0.01761	0.07733	0.02039	0.76796	0.02620	0.00504	0.00509	0.00821	0.00335	0.00331
11	0.01144	0.01198	0.05710	0.05597	0.28561	0.02669	0.06685	0.01405	0.01083	0.01534	0.03241	0.01713	0.05629	0.02510	0.09351	0.00264	0.20200	0.00549	0.00281	0.00675
12	0.00794	0.00486	0.00583	0.00648	0.00722	0.00466	0.00452	0.00959	0.01102	0.01670	0.08183	0.44971	0.02839	0.01235	0.00563	0.00179	0.00284	0.01094	0.32304	0.00466
13	0.01622	0.03655	0.15126	0.01203	0.01634	0.07301	0.01098	0.22133	0.25988	0.09966	0.01600	0.03705	0.01197	0.00666	0.00531	0.00169	0.00581	0.00527	0.00469	0.00830

[dist]
# distance from previous block
# <min> <max>
0	1

[block]
# block no. 4 follows, 45 sequences, length 17
# corresponding to MSA columns:
# 635-641,645-654
name=unknown_E
#
# <colnr> <probs for GDERKNQSTAVLIFYWHMCP>
#	G	D	E	R	K	N	Q	S	T	A	V	L	I	F	Y	W	H	M	C	P
0	0.06778	0.00942	0.01230	0.33674	0.02179	0.03871	0.01020	0.06457	0.07971	0.01661	0.01624	0.23616	0.01597	0.00886	0.00588	0.00186	0.02310	0.00762	0.00369	0.02278
1	0.34717	0.26576	0.05814	0.01127	0.08883	0.06513	0.00899	0.03507	0.01087	0.01840	0.00844	0.01058	0.00721	0.03930	0.00483	0.00163	0.00553	0.00343	0.00289	0.00654
2	0.00981	0.10843	0.19244	0.04621	0.01397	0.00945	0.00957	0.04768	0.01260	0.03385	0.13686	0.15473	0.18408	0.00978	0.00567	0.00173	0.00474	0.00824	0.00410	0.00605
3	0.01185	0.07715	0.01425	0.06725	0.08616	0.01211	0.04089	0.02081	0.39672	0.01924	0.07666	0.02339	0.11549	0.00766	0.00549	0.00173	0.00466	0.00655	0.00458	0.00737
4	0.00644	0.00544	0.00557	0.00554	0.00731	0.00457	0.00415	0.00789	0.01246	0.01505	0.11032	0.05076	0.71941	0.01339	0.00634	0.00180	0.00270	0.01120	0.00506	0.00457
5	0.00665	0.00475	0.00636	0.00761	0.00797	0.00446	0.00518	0.00767	0.01039	0.01383	0.02952	0.76725	0.03525	0.01671	0.00688	0.00220	0.00321	0.05472	0.00498	0.00439
6	0.00736	0.00548	0.00685	0.00651	0.00788	0.00497	0.00488	0.00968	0.01464	0.02021	0.64052	0.04226	0.18598	0.01146	0.00633	0.00171	0.00257	0.01001	0.00574	0.00497
7	0.02005	0.02558	0.01521	0.01383	0.01659	0.78980	0.01037	0.02143	0.01521	0.01314	0.00830	0.00968	0.00691	0.00553	0.00484	0.00138	0.00968	0.00346	0.00277	0.00622
8	0.01014	0.00954	0.01610	0.79845	0.03697	0.01193	0.01491	0.01371	0.01073	0.01371	0.00954	0.01431	0.00716	0.00537	0.00537	0.00179	0.00716	0.00477	0.00239	0.00596
9	0.84927	0.01038	0.00789	0.00706	0.01038	0.01204	0.00581	0.01578	0.00914	0.02408	0.00747	0.00872	0.00581	0.00498	0.00332	0.00166	0.00415	0.00291	0.00332	0.00581
10	0.00886	0.00487	0.00691	0.00691	0.00700	0.00496	0.00456	0.00740	0.00731	0.00983	0.01133	0.02057	0.01177	0.18145	0.09294	0.59694	0.00566	0.00540	0.00257	0.00274
11	0.00737	0.00543	0.00689	0.00662	0.00790	0.00495	0.00493	0.00965	0.01451	0.02013	0.63539	0.08561	0.14733	0.01166	0.00636	0.00173	0.00259	0.01024	0.00573	0.00495
12	0.01313	0.01041	0.01211	0.00897	0.01339	0.00905	0.00724	0.11441	0.04004	0.05828	0.01091	0.01207	0.00864	0.00477	0.00483	0.00105	0.03607	0.00368	0.00370	0.62724
13	0.01258	0.01216	0.01851	0.26783	0.30032	0.05793	0.07073	0.05489	0.03836	0.01653	0.01109	0.03360	0.00933	0.03999	0.00676	0.00186	0.03229	0.00524	0.00289	0.00710
14	0.01463	0.04835	0.04803	0.07105	0.36463	0.08626	0.05871	0.08181	0.08242	0.05490	0.02969	0.01426	0.01011	0.00548	0.00529	0.00161	0.00652	0.00491	0.00338	0.00796
15	0.01252	0.05566	0.01803	0.10999	0.22284	0.08907	0.10946	0.05377	0.01239	0.01624	0.01289	0.06224	0.01182	0.02523	0.08064	0.00243	0.02197	0.05252	0.02358	0.00671
16	0.00950	0.00838	0.01283	0.08696	0.23098	0.00833	0.03622	0.01231	0.03434	0.01664	0.12979	0.12700	0.17849	0.00997	0.00609	0.00184	0.00466	0.07542	0.00414	0.00610

[dist]
# distance from previous block
# <min> <max>
0	1

[block]
# block no. 5 follows, 45 sequences, length 33
# corresponding to MSA columns:
# 656-688
name=unknown_F
#
# <colnr> <probs for GDERKNQSTAVLIFYWHMCP>
#	G	D	E	R	K	N	Q	S	T	A	V	L	I	F	Y	W	H	M	C	P
0	0.01269	0.01037	0.01236	0.00991	0.05594	0.00862	0.00742	0.10345	0.01299	0.03851	0.01026	0.01164	0.00826	0.00438	0.00425	0.00096	0.00436	0.00352	0.00350	0.67661
1	0.03533	0.05424	0.34088	0.01411	0.05124	0.02752	0.06764	0.08590	0.04855	0.14336	0.01287	0.03545	0.00952	0.00578	0.00516	0.00164	0.00657	0.00478	0.00361	0.04584
2	0.01396	0.01313	0.07358	0.01334	0.07470	0.05305	0.04382	0.05444	0.41382	0.07213	0.01851	0.02071	0.01464	0.04447	0.00655	0.00195	0.00538	0.04925	0.00467	0.00789
3	0.01011	0.00946	0.01589	0.72516	0.07004	0.01160	0.01451	0.01355	0.01078	0.01389	0.01052	0.05207	0.00857	0.00589	0.00544	0.00180	0.00693	0.00527	0.00252	0.00600
4	0.01076	0.03211	0.01511	0.05417	0.10887	0.00943	0.12106	0.03703	0.05583	0.01707	0.04632	0.14737	0.01754	0.00977	0.04121	0.00200	0.00571	0.09373	0.00377	0.17115
5	0.05273	0.03955	0.19677	0.01949	0.24669	0.04454	0.08793	0.05309	0.03938	0.07854	0.01166	0.03587	0.00924	0.00566	0.00564	0.00166	0.03335	0.00490	0.00321	0.03010
6	0.66153	0.01080	0.00903	0.00790	0.01123	0.01242	0.00645	0.09211	0.08229	0.02479	0.00968	0.01055	0.00738	0.00539	0.00374	0.00166	0.00429	0.00346	0.02893	0.00638
7	0.01227	0.01426	0.06275	0.04499	0.06137	0.01316	0.59065	0.01650	0.01230	0.01683	0.01153	0.01672	0.00929	0.00540	0.00680	0.00186	0.04634	0.04709	0.00279	0.00710
8	0.00735	0.00605	0.00766	0.00700	0.00879	0.00541	0.04317	0.00968	0.03008	0.01780	0.35740	0.04416	0.41197	0.01188	0.00632	0.00176	0.00300	0.01027	0.00527	0.00498
9	0.01206	0.09838	0.35843	0.01493	0.06295	0.01331	0.09013	0.03211	0.17727	0.01803	0.01342	0.02556	0.02395	0.00577	0.00517	0.00166	0.00662	0.00490	0.00321	0.03215
10	0.44627	0.17340	0.09246	0.01034	0.05413	0.03651	0.01827	0.03301	0.02651	0.04229	0.00886	0.01007	0.00696	0.00506	0.00387	0.00155	0.00522	0.00338	0.01521	0.00663
11	0.01092	0.03695	0.54103	0.01330	0.01970	0.01170	0.01582	0.01765	0.11246	0.01808	0.07943	0.01499	0.01207	0.00582	0.00514	0.00164	0.00663	0.00468	0.00308	0.06890
12	0.00768	0.00602	0.00802	0.00738	0.00894	0.00555	0.03905	0.01035	0.03807	0.01937	0.51626	0.09329	0.19669	0.01151	0.00634	0.00176	0.00296	0.01016	0.00550	0.00511
13	0.01194	0.25036	0.52182	0.01330	0.01998	0.01501	0.01612	0.01744	0.05738	0.01609	0.00976	0.01109	0.00741	0.00509	0.00465	0.00155	0.00709	0.00378	0.00247	0.00767
14	0.00667	0.00505	0.00616	0.00674	0.00767	0.00454	0.00473	0.00802	0.01174	0.01534	0.17046	0.44492	0.25890	0.01481	0.00661	0.00198	0.00289	0.01309	0.00515	0.00454
15	0.01061	0.02478	0.01055	0.00905	0.01133	0.03176	0.03343	0.05220	0.25539	0.02119	0.36802	0.03103	0.10010	0.00930	0.00591	0.00172	0.00376	0.00802	0.00538	0.00645
16	0.77332	0.01015	0.00809	0.00715	0.01047	0.01158	0.00588	0.01633	0.00959	0.07127	0.00862	0.00964	0.00651	0.00512	0.00346	0.00165	0.00413	0.00312	0.02790	0.00600
17	0.00709	0.00538	0.00642	0.00648	0.00781	0.00482	0.00483	0.00896	0.01319	0.01753	0.35084	0.15242	0.31553	0.01284	0.00640	0.00183	0.00280	0.04605	0.02402	0.00476
18	0.00826	0.00698	0.00741	0.00711	0.00853	0.06591	0.00529	0.01038	0.01431	0.01903	0.53065	0.09416	0.17904	0.01144	0.00625	0.00172	0.00316	0.00991	0.00543	0.00501
19	0.01014	0.00954	0.01610	0.79845	0.03697	0.01193	0.01491	0.01371	0.01073	0.01371	0.00954	0.01431	0.00716	0.00537	0.00537	0.00179	0.00716	0.00477	0.00239	0.00596
20	0.00960	0.00748	0.01034	0.01214	0.11618	0.00786	0.00786	0.01266	0.09827	0.04672	0.03653	0.42613	0.02585	0.03277	0.00785	0.00214	0.07012	0.05922	0.00454	0.00576
21	0.13315	0.01399	0.01378	0.01158	0.01482	0.10850	0.03007	0.20762	0.27186	0.02329	0.01395	0.01422	0.01062	0.00652	0.00604	0.00170	0.07153	0.00479	0.00439	0.03757
22	0.01128	0.14079	0.67503	0.01442	0.02187	0.01373	0.01830	0.01687	0.01127	0.01637	0.00932	0.01094	0.00681	0.00503	0.00486	0.00162	0.00762	0.00381	0.00227	0.00778
23	0.01372	0.01472	0.06796	0.08025	0.29164	0.14413	0.04232	0.01844	0.11889	0.03944	0.07336	0.01640	0.02365	0.00597	0.00535	0.00161	0.00644	0.00521	0.00344	0.02705
24	0.01004	0.00938	0.01564	0.73847	0.03491	0.01167	0.01432	0.01351	0.01091	0.01411	0.04975	0.01561	0.00944	0.00576	0.00570	0.00180	0.02548	0.00503	0.00257	0.00591
25	0.07544	0.01070	0.01384	0.06529	0.14608	0.00986	0.01910	0.07649	0.03199	0.06666	0.01081	0.01239	0.00848	0.00474	0.00452	0.00122	0.00488	0.00393	0.00349	0.43007
26	0.01197	0.01140	0.01850	0.05485	0.01929	0.01021	0.26347	0.04903	0.04638	0.01803	0.01137	0.03970	0.00933	0.00493	0.00508	0.00132	0.00594	0.00495	0.00324	0.41099
27	0.00774	0.00520	0.00597	0.00603	0.00608	0.00522	0.00346	0.00785	0.00796	0.01064	0.01745	0.07308	0.02010	0.74456	0.05327	0.00517	0.00542	0.00810	0.00333	0.00336
28	0.05878	0.00794	0.00920	0.00865	0.01063	0.00833	0.00684	0.08996	0.15583	0.02157	0.32774	0.07591	0.05373	0.01050	0.00611	0.00186	0.00373	0.13122	0.00538	0.00609
29	0.01145	0.00975	0.01176	0.02858	0.05340	0.00796	0.00714	0.04017	0.03056	0.01777	0.01035	0.01275	0.00877	0.04269	0.00528	0.00113	0.00431	0.00365	0.00327	0.68927
30	0.05775	0.07940	0.13634	0.02043	0.28814	0.10834	0.08478	0.01748	0.03897	0.03657	0.03160	0.01307	0.00927	0.00533	0.00547	0.00159	0.03210	0.00456	0.00292	0.02589
31	0.01789	0.02195	0.01580	0.01451	0.03775	0.59548	0.03733	0.01946	0.01395	0.01353	0.00933	0.01290	0.00828	0.00648	0.00675	0.00159	0.11537	0.04260	0.00282	0.00621
32	0.01587	0.18000	0.06791	0.09896	0.11521	0.29365	0.03291	0.02879	0.01306	0.05012	0.00978	0.01244	0.00810	0.00557	0.00517	0.00151	0.02874	0.02247	0.00284	0.00689

[dist]
# distance from previous block
# <min> <max>
0	4

[block]
# block no. 6 follows, 45 sequences, length 31
# corresponding to MSA columns:
# 693-698,733-757
name=unknown_G
#
# <colnr> <probs for GDERKNQSTAVLIFYWHMCP>
#	G	D	E	R	K	N	Q	S	T	A	V	L	I	F	Y	W	H	M	C	P
0	0.12524	0.01299	0.03590	0.12106	0.21951	0.05417	0.06738	0.11227	0.03907	0.04290	0.01061	0.01314	0.00836	0.00697	0.03447	0.00197	0.07877	0.00465	0.00326	0.00731
1	0.25175	0.06554	0.01331	0.01110	0.01408	0.44275	0.00861	0.01912	0.01302	0.06056	0.00981	0.04935	0.00839	0.00595	0.00446	0.00150	0.00728	0.00396	0.00323	0.00622
2	0.01135	0.00995	0.01297	0.17754	0.01789	0.03370	0.04313	0.10583	0.10120	0.01841	0.10780	0.02402	0.10904	0.01069	0.06809	0.00232	0.07375	0.03096	0.00402	0.03735
3	0.00893	0.00482	0.00680	0.00680	0.00684	0.00486	0.00443	0.00727	0.00723	0.00968	0.01117	0.02061	0.01170	0.19289	0.05063	0.62963	0.00514	0.00539	0.00255	0.00262
4	0.00965	0.00758	0.01018	0.00961	0.01002	0.00910	0.00733	0.01067	0.00917	0.04507	0.01685	0.15885	0.01842	0.24257	0.07723	0.00361	0.26918	0.07655	0.00352	0.00483
5	0.03827	0.00603	0.00867	0.02771	0.00997	0.00698	0.00663	0.00971	0.00872	0.01285	0.03757	0.02099	0.01390	0.06549	0.60033	0.08126	0.03167	0.00571	0.00293	0.00461
6	0.01030	0.00949	0.01586	0.71710	0.07618	0.01163	0.01444	0.01381	0.01084	0.01424	0.00997	0.01454	0.00756	0.00538	0.00528	0.00175	0.00688	0.00478	0.04391	0.00606
7	0.01443	0.74531	0.06221	0.00966	0.01433	0.05318	0.00972	0.01634	0.01111	0.01285	0.00760	0.00878	0.00689	0.00466	0.00358	0.00118	0.00601	0.00295	0.00231	0.00691
8	0.00743	0.00543	0.00685	0.00733	0.00820	0.00512	0.00516	0.04267	0.01241	0.01672	0.22357	0.50519	0.10471	0.01454	0.00660	0.00199	0.00306	0.01299	0.00524	0.00478
9	0.03985	0.14401	0.33186	0.01358	0.05785	0.13021	0.01366	0.01708	0.01178	0.04388	0.00955	0.01125	0.00747	0.00630	0.03122	0.00172	0.02984	0.00378	0.00268	0.09242
10	0.04330	0.01258	0.10360	0.06907	0.11823	0.01053	0.12247	0.02083	0.06309	0.32707	0.01600	0.04423	0.01151	0.00618	0.00548	0.00172	0.00594	0.00557	0.00451	0.00810
11	0.00844	0.00604	0.00830	0.00943	0.01059	0.00599	0.00807	0.01068	0.01203	0.01563	0.02873	0.09326	0.05412	0.05430	0.00834	0.00257	0.00480	0.64899	0.00486	0.00482
12	0.04083	0.01017	0.01204	0.00947	0.01310	0.01009	0.00775	0.24467	0.01741	0.39339	0.01764	0.01674	0.01194	0.00647	0.00503	0.00157	0.00457	0.00509	0.16376	0.00827
13	0.01569	0.01549	0.15055	0.10920	0.11900	0.06820	0.14472	0.06790	0.05114	0.18491	0.01314	0.01442	0.00935	0.00555	0.00546	0.00168	0.00692	0.00502	0.00376	0.00790
14	0.01047	0.00783	0.01087	0.01046	0.04982	0.02662	0.05041	0.01245	0.01242	0.10234	0.21155	0.17501	0.11831	0.01274	0.05330	0.00229	0.09048	0.03222	0.00469	0.00572
15	0.01480	0.00932	0.01081	0.00956	0.01235	0.00976	0.00743	0.04587	0.35178	0.22209	0.05168	0.14327	0.04807	0.00891	0.00568	0.00181	0.00404	0.00758	0.02753	0.00768
16	0.47328	0.12596	0.08767	0.01032	0.02878	0.04279	0.03581	0.01587	0.00990	0.01967	0.00783	0.00965	0.00639	0.00547	0.00543	0.00167	0.10091	0.00340	0.00290	0.00630
17	0.01848	0.01034	0.01215	0.01005	0.01357	0.01067	0.00806	0.08854	0.32266	0.35891	0.02051	0.01864	0.01423	0.00686	0.00531	0.00169	0.00442	0.00560	0.06070	0.00860
18	0.01524	0.15319	0.25028	0.01253	0.01756	0.01381	0.04992	0.14786	0.04273	0.14243	0.02255	0.04560	0.01043	0.00631	0.00570	0.00165	0.04559	0.00493	0.00382	0.00786
19	0.01163	0.01107	0.03603	0.04227	0.01474	0.04384	0.02935	0.01474	0.04333	0.01732	0.01005	0.01168	0.00820	0.00430	0.00424	0.00096	0.00465	0.00350	0.00318	0.68494
20	0.00762	0.00564	0.00659	0.00634	0.00799	0.00505	0.00481	0.00944	0.01298	0.04885	0.28085	0.04364	0.43829	0.01499	0.08058	0.00241	0.00384	0.01003	0.00515	0.00492
21	0.00782	0.00517	0.00644	0.00665	0.00685	0.00523	0.00422	0.00799	0.00831	0.01117	0.01796	0.13673	0.02033	0.50382	0.10720	0.09541	0.00587	0.03588	0.00341	0.00354
22	0.00648	0.00510	0.00586	0.00640	0.00752	0.00448	0.00452	0.00770	0.01148	0.01444	0.07373	0.38938	0.41401	0.01493	0.00657	0.00197	0.00289	0.01302	0.00502	0.00448
23	0.01400	0.73640	0.10319	0.00979	0.01472	0.02037	0.01024	0.01617	0.01095	0.01306	0.00768	0.00888	0.00688	0.00464	0.00361	0.00120	0.00596	0.00298	0.00229	0.00699
24	0.02119	0.00853	0.01157	0.00932	0.01295	0.00745	0.00768	0.02326	0.01482	0.64645	0.03782	0.04621	0.04450	0.00802	0.00568	0.00176	0.00445	0.07360	0.00636	0.00837
25	0.01289	0.29428	0.04577	0.01153	0.07040	0.02982	0.02989	0.05741	0.14331	0.03646	0.11713	0.06323	0.05229	0.00722	0.00497	0.00154	0.00504	0.00589	0.00393	0.00700
26	0.08121	0.00953	0.07331	0.02452	0.01164	0.02145	0.00734	0.04623	0.06569	0.15046	0.06184	0.09145	0.03968	0.19085	0.09837	0.00329	0.00593	0.00691	0.00430	0.00602
27	0.10319	0.15279	0.11892	0.07826	0.03466	0.01375	0.03999	0.14858	0.06464	0.10895	0.01471	0.01532	0.05900	0.00618	0.00509	0.00161	0.01822	0.00480	0.00387	0.00748
28	0.01692	0.01335	0.01416	0.01205	0.04294	0.05865	0.00930	0.46311	0.08607	0.02655	0.01420	0.01743	0.01152	0.07716	0.05174	0.00232	0.00631	0.03283	0.00471	0.03867
29	0.01501	0.09672	0.03789	0.01163	0.01534	0.08254	0.03679	0.14936	0.40345	0.02191	0.01617	0.01575	0.01226	0.00635	0.00512	0.00161	0.00543	0.00508	0.00456	0.05702
30	0.03261	0.03092	0.00852	0.00747	0.00928	0.00679	0.00567	0.01262	0.10357	0.03161	0.43162	0.13841	0.08456	0.01060	0.00596	0.00170	0.00310	0.00924	0.00532	0.06043

[dist]
# distance from previous block
# <min> <max>
0	1

[block]
# block no. 7 follows, 45 sequences, length 22
# corresponding to MSA columns:
# 759-780
name=unknown_H
#
# <colnr> <probs for GDERKNQSTAVLIFYWHMCP>
#	G	D	E	R	K	N	Q	S	T	A	V	L	I	F	Y	W	H	M	C	P
0	0.01288	0.01386	0.11040	0.03527	0.08616	0.06065	0.06521	0.04386	0.07707	0.04227	0.01116	0.01265	0.00872	0.00483	0.00473	0.00127	0.00563	0.00410	0.00332	0.39598
1	0.54099	0.04620	0.02775	0.00997	0.01323	0.12202	0.05632	0.03111	0.01057	0.02074	0.00792	0.00961	0.00635	0.00542	0.00501	0.00167	0.07248	0.00341	0.00310	0.00612
2	0.62268	0.00917	0.00806	0.00746	0.01018	0.01041	0.00606	0.01452	0.00936	0.04533	0.01023	0.01474	0.00891	0.00939	0.05643	0.07973	0.00494	0.06348	0.00344	0.00546
3	0.01113	0.00954	0.01113	0.00795	0.01272	0.00716	0.00636	0.01352	0.01113	0.01749	0.00954	0.01113	0.00795	0.00398	0.00398	0.00080	0.00398	0.00318	0.00318	0.84417
4	0.00678	0.00565	0.00639	0.00696	0.03910	0.00490	0.00480	0.00828	0.01228	0.01523	0.12229	0.14569	0.57604	0.01338	0.00637	0.00184	0.00290	0.01140	0.00498	0.00473
5	0.61419	0.01045	0.00930	0.00780	0.01142	0.01137	0.00641	0.06520	0.01115	0.11966	0.00974	0.01042	0.00717	0.00519	0.00378	0.00158	0.00430	0.00337	0.00386	0.08365
6	0.73904	0.01197	0.00890	0.00790	0.01121	0.08385	0.00641	0.04671	0.01035	0.02347	0.00777	0.00898	0.00605	0.00509	0.00355	0.00163	0.00473	0.00304	0.00335	0.00599
7	0.01267	0.01448	0.03167	0.02262	0.02805	0.01357	0.75837	0.01719	0.01267	0.01719	0.01086	0.01448	0.00814	0.00452	0.00633	0.00181	0.00905	0.00633	0.00271	0.00724
8	0.01335	0.01153	0.01214	0.01092	0.01396	0.01335	0.00850	0.02852	0.76817	0.02245	0.02185	0.02003	0.01639	0.00728	0.00546	0.00182	0.00425	0.00607	0.00546	0.00850
9	0.01107	0.01091	0.01592	0.61446	0.07902	0.07809	0.02762	0.01433	0.01132	0.01418	0.01156	0.01555	0.03904	0.00569	0.00533	0.00173	0.00705	0.00496	0.02610	0.00608
10	0.00747	0.00543	0.00693	0.00663	0.00782	0.00500	0.00488	0.00970	0.01433	0.02002	0.64510	0.07181	0.10327	0.05888	0.00760	0.00193	0.00273	0.00994	0.00564	0.00489
11	0.01520	0.01465	0.06411	0.01327	0.06261	0.09337	0.02354	0.14073	0.44814	0.03969	0.01732	0.01673	0.01295	0.00661	0.00537	0.00172	0.00553	0.00538	0.00477	0.00832
12	0.00665	0.00483	0.00630	0.00744	0.00794	0.00448	0.00512	0.00771	0.01057	0.01391	0.03169	0.69735	0.10000	0.01642	0.00684	0.00217	0.00319	0.05801	0.00498	0.00441
13	0.01022	0.00954	0.01567	0.73079	0.03490	0.01152	0.01418	0.01370	0.01077	0.01404	0.00954	0.01404	0.00722	0.00525	0.00525	0.00170	0.00688	0.00463	0.00245	0.07770
14	0.01916	0.14882	0.01723	0.01310	0.01615	0.66975	0.01019	0.02060	0.01454	0.01306	0.00817	0.00951	0.00691	0.00538	0.00462	0.00135	0.00906	0.00337	0.00269	0.00633
15	0.01205	0.13564	0.61403	0.01433	0.02137	0.08020	0.01756	0.01725	0.01161	0.01607	0.00922	0.01082	0.00682	0.00507	0.00485	0.00160	0.00778	0.00377	0.00231	0.00764
16	0.01174	0.01174	0.01644	0.01409	0.01409	0.01644	0.01174	0.01292	0.00822	0.01292	0.00705	0.01174	0.00705	0.00940	0.01762	0.00235	0.80153	0.00470	0.00235	0.00587
17	0.00743	0.00512	0.00684	0.00791	0.00853	0.00483	0.00571	0.00869	0.01082	0.03385	0.02954	0.60078	0.05448	0.03475	0.00739	0.00228	0.00355	0.15794	0.00498	0.00458
18	0.01689	0.01521	0.02153	0.01616	0.02068	0.06542	0.28961	0.37189	0.08348	0.02530	0.01260	0.01389	0.00924	0.00574	0.00570	0.00169	0.00718	0.00541	0.00422	0.00818
19	0.00767	0.00575	0.00863	0.00863	0.00959	0.00671	0.00671	0.00959	0.00863	0.01246	0.01438	0.02109	0.01342	0.04026	0.79008	0.00863	0.01438	0.00575	0.00288	0.00479
20	0.00653	0.00531	0.00580	0.00606	0.00752	0.00458	0.00445	0.00791	0.01204	0.01483	0.09408	0.20110	0.56134	0.01410	0.00648	0.00190	0.00285	0.03353	0.00504	0.00454
21	0.00749	0.00538	0.00640	0.00642	0.00758	0.00486	0.00455	0.00897	0.01227	0.03761	0.27452	0.18746	0.27392	0.12712	0.00941	0.00232	0.00314	0.01088	0.00508	0.00462

[dist]
# distance from previous block
# <min> <max>
2	153

# created by:
# /home/cegg/simao/soft/augustus-3.2.1/scripts/msa2prfl.pl ./align_prep/EOG091G0IWR.fa
