[name]
unknown

[dist]
# distance from previous block
# <min> <max>
0	284

[block]
# block no. 0 follows, 43 sequences, length 79
# corresponding to MSA columns:
# 323-368,375-393,395-400,406-410,412-414
name=unknown_A
#
# <colnr> <probs for GDERKNQSTAVLIFYWHMCP>
#	G	D	E	R	K	N	Q	S	T	A	V	L	I	F	Y	W	H	M	C	P
0	0.00769	0.00586	0.00710	0.00678	0.00828	0.00537	0.00508	0.01042	0.04133	0.02021	0.54238	0.05701	0.23801	0.01200	0.00651	0.00179	0.00274	0.01042	0.00581	0.00520
1	0.00703	0.00561	0.00630	0.00617	0.00779	0.00488	0.00461	0.00887	0.01371	0.01764	0.32013	0.06667	0.48484	0.01310	0.00655	0.00183	0.00274	0.01116	0.00550	0.00488
2	0.00668	0.00543	0.00586	0.00613	0.00757	0.00468	0.00441	0.00797	0.01211	0.01484	0.06992	0.21642	0.56052	0.04286	0.00743	0.00207	0.00298	0.01240	0.00511	0.00461
3	0.00791	0.00593	0.00890	0.00890	0.00989	0.00692	0.00692	0.00989	0.00890	0.01286	0.01483	0.02176	0.01385	0.04154	0.78341	0.00890	0.01483	0.00593	0.00297	0.00494
4	0.02069	0.02640	0.01569	0.01427	0.01712	0.78313	0.01070	0.02212	0.01569	0.01355	0.00856	0.00999	0.00713	0.00571	0.00499	0.00143	0.00999	0.00357	0.00285	0.00642
5	0.01046	0.00984	0.01661	0.79205	0.03814	0.01230	0.01538	0.01415	0.01107	0.01415	0.00984	0.01477	0.00738	0.00554	0.00554	0.00185	0.00738	0.00492	0.00246	0.00615
6	0.00784	0.00566	0.00740	0.00697	0.00827	0.00523	0.00523	0.01045	0.01568	0.02221	0.76789	0.04137	0.05226	0.01132	0.00653	0.00174	0.00261	0.01002	0.00610	0.00523
7	0.01148	0.00984	0.01148	0.00820	0.01312	0.00738	0.00656	0.01395	0.01148	0.01805	0.00984	0.01148	0.00820	0.00410	0.00410	0.00082	0.00410	0.00328	0.00328	0.83922
8	0.01371	0.01316	0.02248	0.03399	0.77081	0.01316	0.01700	0.01700	0.01261	0.01809	0.01042	0.01371	0.00877	0.00493	0.00548	0.00164	0.00658	0.00493	0.00274	0.00877
9	0.01378	0.01190	0.01252	0.01127	0.01440	0.01378	0.00877	0.02943	0.76081	0.02317	0.02254	0.02066	0.01691	0.00751	0.00564	0.00188	0.00438	0.00626	0.00564	0.00877
10	0.53319	0.01022	0.00993	0.00826	0.01201	0.01080	0.00681	0.02035	0.01187	0.30962	0.01308	0.01274	0.00893	0.00579	0.00424	0.00171	0.00445	0.00398	0.00473	0.00730
11	0.02105	0.01551	0.01662	0.01274	0.01717	0.01717	0.01053	0.75235	0.02604	0.03490	0.01330	0.01330	0.00942	0.00665	0.00554	0.00166	0.00609	0.00499	0.00554	0.00942
12	0.01378	0.01190	0.01252	0.01127	0.01440	0.01378	0.00877	0.02943	0.76081	0.02317	0.02254	0.02066	0.01691	0.00751	0.00564	0.00188	0.00438	0.00626	0.00564	0.00877
13	0.02105	0.01551	0.01662	0.01274	0.01717	0.01717	0.01053	0.75235	0.02604	0.03490	0.01330	0.01330	0.00942	0.00665	0.00554	0.00166	0.00609	0.00499	0.00554	0.00942
14	0.00804	0.00538	0.00611	0.00609	0.00616	0.00536	0.00345	0.00818	0.00846	0.01135	0.05719	0.03651	0.02184	0.76332	0.02704	0.00518	0.00522	0.00816	0.00350	0.00345
15	0.01077	0.00839	0.00991	0.00944	0.01151	0.00888	0.00756	0.06908	0.23594	0.02175	0.28473	0.03897	0.05449	0.01096	0.00648	0.00199	0.00402	0.19298	0.00564	0.00652
16	0.35899	0.01824	0.01251	0.01105	0.01434	0.36841	0.00862	0.07471	0.01391	0.06009	0.00927	0.01030	0.00719	0.00561	0.00442	0.00158	0.00708	0.00355	0.00350	0.00663
17	0.00703	0.00537	0.00645	0.00672	0.00792	0.00480	0.00484	0.00868	0.01297	0.01705	0.27879	0.28954	0.30139	0.01422	0.00671	0.00195	0.00287	0.01245	0.00545	0.00480
18	0.01882	0.00824	0.01090	0.00896	0.01211	0.00738	0.00710	0.02139	0.04610	0.50041	0.14826	0.08318	0.04143	0.05088	0.00707	0.00196	0.00422	0.00739	0.00632	0.00788
19	0.00791	0.00593	0.00890	0.00890	0.00989	0.00692	0.00692	0.00989	0.00890	0.01286	0.01483	0.02176	0.01385	0.04154	0.78341	0.00890	0.01483	0.00593	0.00297	0.00494
20	0.01543	0.72139	0.05407	0.00973	0.01455	0.02056	0.00976	0.01740	0.01161	0.07028	0.00884	0.00973	0.00760	0.00492	0.00376	0.00124	0.00591	0.00320	0.00270	0.00732
21	0.00680	0.00488	0.00647	0.00772	0.00811	0.00455	0.00521	0.00781	0.01071	0.01422	0.03118	0.76290	0.05603	0.01721	0.00707	0.00225	0.00325	0.03397	0.00514	0.00452
22	0.01070	0.00616	0.00657	0.00630	0.00762	0.00666	0.00484	0.01411	0.06472	0.02028	0.01758	0.02001	0.01387	0.00677	0.00507	0.00142	0.06212	0.00522	0.71449	0.00549
23	0.10449	0.01240	0.01761	0.03827	0.39862	0.02457	0.01279	0.11038	0.03075	0.14515	0.04240	0.01520	0.01120	0.00582	0.00532	0.00168	0.00584	0.00505	0.00403	0.00843
24	0.01228	0.01177	0.01989	0.10353	0.39692	0.01200	0.11338	0.01645	0.06597	0.01812	0.08567	0.01912	0.05348	0.00632	0.00606	0.00173	0.02407	0.00605	0.00338	0.02381
25	0.02069	0.02640	0.01569	0.01427	0.01712	0.78313	0.01070	0.02212	0.01569	0.01355	0.00856	0.00999	0.00713	0.00571	0.00499	0.00143	0.00999	0.00357	0.00285	0.00642
26	0.08436	0.01290	0.01950	0.06357	0.49760	0.03809	0.01466	0.01681	0.01186	0.04923	0.01009	0.01321	0.00839	0.00583	0.00728	0.00178	0.12926	0.00474	0.00291	0.00794
27	0.00807	0.00562	0.00717	0.00726	0.00767	0.00594	0.00491	0.00889	0.00866	0.01184	0.01745	0.03343	0.01894	0.50217	0.27089	0.00631	0.00841	0.05902	0.00335	0.00399
28	0.01257	0.01195	0.01641	0.05667	0.08688	0.03172	0.01189	0.06885	0.01049	0.01531	0.00912	0.01409	0.00855	0.04230	0.06995	0.00282	0.51620	0.00505	0.00277	0.00639
29	0.00899	0.00598	0.00759	0.00705	0.00858	0.00558	0.00534	0.01188	0.03516	0.06009	0.63173	0.03862	0.07180	0.01074	0.00627	0.00172	0.00277	0.00940	0.06519	0.00551
30	0.00810	0.00519	0.00688	0.00780	0.00847	0.00478	0.00534	0.00916	0.01106	0.07117	0.03069	0.71910	0.05835	0.01646	0.00694	0.00220	0.00331	0.01485	0.00527	0.00487
31	0.01181	0.01161	0.01614	0.01390	0.01390	0.01609	0.01146	0.01293	0.00845	0.01313	0.00803	0.01393	0.00823	0.06933	0.01893	0.00264	0.73602	0.00509	0.00249	0.00586
32	0.00680	0.00551	0.00604	0.00615	0.00770	0.00474	0.00452	0.00834	0.01286	0.01609	0.17470	0.15922	0.53991	0.01404	0.00662	0.00190	0.00283	0.01199	0.00531	0.00474
33	0.02069	0.02640	0.01569	0.01427	0.01712	0.78313	0.01070	0.02212	0.01569	0.01355	0.00856	0.00999	0.00713	0.00571	0.00499	0.00143	0.00999	0.00357	0.00285	0.00642
34	0.00947	0.00775	0.00861	0.00803	0.01011	0.00795	0.00613	0.01613	0.26620	0.02043	0.30998	0.03784	0.24807	0.01082	0.00623	0.00183	0.00327	0.00923	0.00566	0.00626
35	0.01585	0.01293	0.01369	0.01169	0.01519	0.01474	0.00927	0.23555	0.55131	0.02651	0.01991	0.01856	0.01477	0.00727	0.00561	0.00182	0.00487	0.00590	0.00561	0.00895
36	0.09749	0.01277	0.01654	0.12436	0.30940	0.10515	0.01239	0.01827	0.01266	0.15633	0.01189	0.01412	0.00909	0.00656	0.00646	0.06442	0.00640	0.00468	0.00352	0.00750
37	0.01963	0.02484	0.01494	0.01362	0.01640	0.72478	0.01021	0.02105	0.01546	0.01366	0.01212	0.01323	0.06421	0.00633	0.00511	0.00146	0.00945	0.00418	0.00303	0.00629
38	0.01607	0.01498	0.01298	0.01200	0.01461	0.25566	0.00971	0.19325	0.01691	0.04693	0.01866	0.05840	0.01814	0.00995	0.00620	0.00194	0.00681	0.27555	0.00456	0.00669
39	0.01159	0.01107	0.01514	0.01262	0.01402	0.01356	0.02590	0.01318	0.00950	0.01469	0.00967	0.06824	0.00962	0.00870	0.01353	0.00199	0.51931	0.00526	0.00284	0.21957
40	0.00983	0.00768	0.01036	0.09364	0.06686	0.00794	0.00777	0.01459	0.13204	0.03847	0.47229	0.05947	0.03735	0.00976	0.00621	0.00178	0.00375	0.00862	0.00538	0.00621
41	0.00781	0.00562	0.00746	0.00855	0.00939	0.00542	0.00664	0.00944	0.01152	0.01504	0.03083	0.35930	0.08537	0.07526	0.00888	0.00259	0.00419	0.33701	0.00499	0.00470
42	0.01734	0.01324	0.01457	0.01172	0.01536	0.01454	0.00952	0.48702	0.10276	0.02872	0.01658	0.07532	0.03289	0.00794	0.00631	0.00174	0.04722	0.02439	0.00517	0.06765
43	0.00713	0.00522	0.00659	0.00738	0.00808	0.00481	0.00508	0.00826	0.01101	0.01456	0.07092	0.53709	0.12637	0.09232	0.00897	0.00246	0.00346	0.04974	0.00497	0.02556
44	0.07475	0.01167	0.01761	0.01425	0.06144	0.03285	0.19846	0.05154	0.01353	0.19244	0.01450	0.07329	0.01155	0.00616	0.00541	0.00157	0.00594	0.00574	0.00419	0.20313
45	0.01718	0.49257	0.02364	0.01141	0.01539	0.32951	0.00997	0.01882	0.01305	0.01324	0.00805	0.00933	0.00712	0.00513	0.00414	0.00128	0.00757	0.00321	0.00256	0.00683
46	0.01307	0.01494	0.03268	0.02334	0.02894	0.01401	0.75070	0.01774	0.01307	0.01774	0.01120	0.01494	0.00840	0.00467	0.00654	0.00187	0.00934	0.00654	0.00280	0.00747
47	0.05382	0.00655	0.00832	0.00795	0.00957	0.00655	0.00620	0.01187	0.01258	0.09384	0.24288	0.07935	0.14928	0.03623	0.16416	0.00340	0.02888	0.06814	0.00494	0.00547
48	0.01251	0.01328	0.04164	0.46065	0.12751	0.08736	0.11720	0.03060	0.02601	0.01577	0.01028	0.01418	0.00788	0.00541	0.00561	0.00178	0.00775	0.00502	0.00270	0.00687
49	0.00791	0.00533	0.00619	0.00633	0.00640	0.00534	0.00368	0.00809	0.00835	0.01117	0.01870	0.11469	0.02159	0.69396	0.05574	0.00519	0.00552	0.00876	0.00352	0.00354
50	0.01287	0.00706	0.00914	0.00790	0.01016	0.00645	0.00617	0.04398	0.01597	0.22504	0.49951	0.03483	0.07811	0.01008	0.00623	0.00174	0.00333	0.00871	0.00623	0.00649
51	0.01202	0.01171	0.01625	0.21431	0.20298	0.09060	0.04472	0.03184	0.01211	0.01581	0.04314	0.14549	0.01458	0.00898	0.02291	0.02153	0.07440	0.00686	0.00325	0.00652
52	0.02069	0.02640	0.01569	0.01427	0.01712	0.78313	0.01070	0.02212	0.01569	0.01355	0.00856	0.00999	0.00713	0.00571	0.00499	0.00143	0.00999	0.00357	0.00285	0.00642
53	0.00746	0.00567	0.00690	0.00679	0.00824	0.00510	0.00516	0.00962	0.01430	0.01918	0.45963	0.07380	0.28113	0.01269	0.00664	0.00186	0.00287	0.06227	0.00568	0.00501
54	0.01559	0.01280	0.01354	0.01164	0.01509	0.01462	0.00920	0.20963	0.57766	0.02609	0.02024	0.01883	0.01504	0.00730	0.00561	0.00182	0.00481	0.00594	0.00561	0.00893
55	0.01538	0.01437	0.07614	0.03077	0.10724	0.04848	0.07474	0.22508	0.13032	0.05427	0.03179	0.06216	0.01288	0.00852	0.03687	0.00208	0.05058	0.00598	0.00432	0.00803
56	0.00962	0.00481	0.00722	0.00722	0.00722	0.00481	0.00481	0.00722	0.00722	0.00962	0.00962	0.01684	0.00962	0.01924	0.02165	0.83886	0.00481	0.00481	0.00241	0.00241
57	0.01515	0.19709	0.05022	0.07446	0.18147	0.15594	0.02982	0.09533	0.01414	0.01760	0.06348	0.01379	0.01099	0.00599	0.00578	0.00158	0.05204	0.00460	0.00316	0.00738
58	0.01558	0.04348	0.31453	0.01361	0.05791	0.01207	0.01354	0.15049	0.03213	0.17836	0.01746	0.04495	0.06730	0.00695	0.00550	0.00173	0.00626	0.00560	0.00426	0.00828
59	0.00951	0.00753	0.01126	0.12664	0.09374	0.00784	0.01039	0.01225	0.01255	0.01644	0.04337	0.04951	0.06117	0.01264	0.00704	0.00230	0.00542	0.50028	0.00450	0.00562
60	0.01329	0.01295	0.02273	0.11687	0.62410	0.01314	0.08180	0.01675	0.01248	0.01763	0.01042	0.01393	0.00859	0.00498	0.00558	0.00169	0.00691	0.00508	0.00272	0.00837
61	0.01148	0.00984	0.01148	0.00820	0.01312	0.00738	0.00656	0.01395	0.01148	0.01805	0.00984	0.01148	0.00820	0.00410	0.00410	0.00082	0.00410	0.00328	0.00328	0.83922
62	0.22830	0.00998	0.01183	0.00933	0.01341	0.00956	0.00770	0.05288	0.01466	0.55928	0.01800	0.01618	0.01163	0.00642	0.00504	0.00171	0.00466	0.00491	0.00595	0.00857
63	0.00737	0.00527	0.00620	0.00667	0.00718	0.00499	0.00432	0.00806	0.00995	0.01289	0.02961	0.29152	0.16932	0.36437	0.01631	0.00357	0.00416	0.03983	0.00435	0.00405
64	0.00792	0.00590	0.00875	0.00875	0.00969	0.00684	0.00673	0.00979	0.00886	0.01274	0.01497	0.02252	0.01418	0.08198	0.74343	0.00871	0.01433	0.00605	0.00299	0.00486
65	0.01279	0.01237	0.01694	0.01441	0.01474	0.01698	0.01200	0.06872	0.00980	0.01495	0.00772	0.01221	0.00743	0.00947	0.01723	0.00237	0.73608	0.00486	0.00266	0.00631
66	0.84448	0.01071	0.00814	0.00728	0.01071	0.01242	0.00600	0.01628	0.00943	0.02485	0.00771	0.00900	0.00600	0.00514	0.00343	0.00171	0.00428	0.00300	0.00343	0.00600
67	0.01212	0.01212	0.01696	0.01454	0.01454	0.01696	0.01212	0.01333	0.00848	0.01333	0.00727	0.01212	0.00727	0.00969	0.01818	0.00242	0.79523	0.00485	0.00242	0.00606
68	0.00779	0.00566	0.00705	0.00738	0.00839	0.00534	0.00551	0.00944	0.01229	0.01633	0.23232	0.13893	0.15973	0.17810	0.01135	0.00276	0.00387	0.17812	0.00502	0.00463
69	0.08150	0.01068	0.01311	0.01008	0.01438	0.01006	0.00831	0.15953	0.01695	0.52761	0.01836	0.01657	0.01195	0.00649	0.00530	0.00164	0.00489	0.00511	0.00610	0.07138
70	0.00800	0.00560	0.00722	0.00722	0.00762	0.00601	0.00482	0.00881	0.00840	0.01161	0.01638	0.03029	0.01755	0.49162	0.33840	0.00682	0.00926	0.00718	0.00320	0.00401
71	0.00690	0.00496	0.00641	0.00741	0.00787	0.00462	0.00496	0.00792	0.01087	0.01446	0.07779	0.65109	0.08353	0.07286	0.00851	0.00241	0.00330	0.01457	0.00507	0.00447
72	0.01593	0.61120	0.05603	0.01063	0.01522	0.12822	0.01016	0.06979	0.01295	0.01484	0.00831	0.00947	0.00727	0.00503	0.00397	0.00128	0.00660	0.00324	0.00266	0.00722
73	0.00805	0.00537	0.00604	0.00604	0.00604	0.00537	0.00336	0.00805	0.00805	0.01074	0.01745	0.03624	0.02013	0.80536	0.02819	0.00537	0.00537	0.00805	0.00336	0.00336
74	0.05622	0.01383	0.09045	0.01278	0.04290	0.03278	0.04790	0.13702	0.20676	0.27404	0.01759	0.01668	0.01223	0.00655	0.00548	0.00175	0.00561	0.00537	0.00528	0.00877
75	0.01310	0.01272	0.02220	0.16337	0.59222	0.01307	0.06896	0.01656	0.01238	0.01739	0.01038	0.01398	0.00851	0.00502	0.00557	0.00170	0.00691	0.00505	0.00270	0.00823
76	0.00789	0.00535	0.00634	0.00649	0.00662	0.00540	0.00389	0.00818	0.00843	0.01133	0.01878	0.12631	0.02154	0.64341	0.09281	0.00531	0.00595	0.00878	0.00353	0.00363
77	0.74126	0.01108	0.01011	0.03594	0.01292	0.01266	0.04909	0.03985	0.01022	0.02439	0.00817	0.00968	0.00629	0.00518	0.00375	0.00173	0.00474	0.00333	0.00343	0.00620
78	0.03413	0.00692	0.00864	0.00864	0.03380	0.00676	0.00635	0.03860	0.04812	0.05975	0.36406	0.05929	0.10422	0.08790	0.00854	0.00222	0.00374	0.10727	0.00540	0.00563

[dist]
# distance from previous block
# <min> <max>
1	3

[block]
# block no. 1 follows, 43 sequences, length 126
# corresponding to MSA columns:
# 418-435,443-486,488-499,501-552
name=unknown_B
#
# <colnr> <probs for GDERKNQSTAVLIFYWHMCP>
#	G	D	E	R	K	N	Q	S	T	A	V	L	I	F	Y	W	H	M	C	P
0	0.01379	0.05341	0.02063	0.15108	0.38792	0.03800	0.06755	0.07514	0.05610	0.01859	0.01156	0.01514	0.00947	0.00555	0.00548	0.00167	0.00670	0.02347	0.00315	0.03559
1	0.01148	0.00984	0.01148	0.00820	0.01312	0.00738	0.00656	0.01395	0.01148	0.01805	0.00984	0.01148	0.00820	0.00410	0.00410	0.00082	0.00410	0.00328	0.00328	0.83922
2	0.00682	0.00535	0.00621	0.00683	0.00803	0.00474	0.00497	0.00814	0.01181	0.01476	0.04356	0.35762	0.41194	0.01548	0.00685	0.00208	0.00316	0.07188	0.00514	0.00464
3	0.00793	0.00585	0.00849	0.00849	0.00934	0.00670	0.00641	0.00963	0.00878	0.01255	0.01521	0.02384	0.01475	0.15113	0.67506	0.00839	0.01348	0.00624	0.00302	0.00472
4	0.00655	0.00559	0.00563	0.00566	0.00749	0.00467	0.00423	0.00794	0.01258	0.01494	0.05554	0.06993	0.75230	0.01410	0.00656	0.00188	0.00281	0.01178	0.00514	0.00467
5	0.02069	0.02640	0.01569	0.01427	0.01712	0.78313	0.01070	0.02212	0.01569	0.01355	0.00856	0.00999	0.00713	0.00571	0.00499	0.00143	0.00999	0.00357	0.00285	0.00642
6	0.00700	0.00539	0.00639	0.00664	0.00788	0.00479	0.00479	0.00863	0.01295	0.01691	0.26338	0.27056	0.33639	0.01419	0.00670	0.00194	0.00287	0.01238	0.00543	0.00479
7	0.00691	0.00542	0.00625	0.00647	0.00781	0.00476	0.00469	0.00848	0.01283	0.01648	0.21943	0.24292	0.40937	0.01424	0.00668	0.00194	0.00286	0.01233	0.00537	0.00476
8	0.01046	0.00984	0.01661	0.79205	0.03814	0.01230	0.01538	0.01415	0.01107	0.01415	0.00984	0.01477	0.00738	0.00554	0.00554	0.00185	0.00738	0.00492	0.00246	0.00615
9	0.01375	0.22894	0.08819	0.02521	0.45936	0.01554	0.05963	0.01698	0.01220	0.01666	0.00969	0.01231	0.00815	0.00489	0.00501	0.00154	0.00670	0.00443	0.00261	0.00820
10	0.01148	0.00984	0.01148	0.00820	0.01312	0.00738	0.00656	0.01395	0.01148	0.01805	0.00984	0.01148	0.00820	0.00410	0.00410	0.00082	0.00410	0.00328	0.00328	0.83922
11	0.00669	0.00503	0.00621	0.00715	0.00788	0.00455	0.00489	0.00778	0.01115	0.01436	0.03742	0.60006	0.23387	0.01646	0.00693	0.00215	0.00310	0.01465	0.00514	0.00455
12	0.01356	0.54647	0.28035	0.01160	0.01749	0.01887	0.01317	0.01690	0.01140	0.01455	0.00845	0.00983	0.00708	0.00491	0.00413	0.00138	0.00668	0.00334	0.00236	0.00747
13	0.01046	0.00984	0.01661	0.79205	0.03814	0.01230	0.01538	0.01415	0.01107	0.01415	0.00984	0.01477	0.00738	0.00554	0.00554	0.00185	0.00738	0.00492	0.00246	0.00615
14	0.00832	0.00529	0.00691	0.00770	0.00829	0.00495	0.00521	0.00928	0.01067	0.06857	0.02788	0.60523	0.03233	0.13558	0.01017	0.00269	0.00371	0.03753	0.00499	0.00470
15	0.00774	0.00562	0.00729	0.00696	0.00824	0.00517	0.00519	0.01023	0.01532	0.02156	0.70657	0.08040	0.07547	0.01172	0.00656	0.00177	0.00265	0.01036	0.00602	0.00517
16	0.02105	0.01551	0.01662	0.01274	0.01717	0.01717	0.01053	0.75235	0.02604	0.03490	0.01330	0.01330	0.00942	0.00665	0.00554	0.00166	0.00609	0.00499	0.00554	0.00942
17	0.00823	0.00633	0.00924	0.00907	0.00991	0.00752	0.00700	0.00999	0.00880	0.01271	0.01451	0.02227	0.01389	0.10273	0.66543	0.00814	0.07035	0.00603	0.00296	0.00489
18	0.00792	0.00592	0.00881	0.00881	0.00977	0.00687	0.00681	0.00983	0.00887	0.01279	0.01492	0.02222	0.01405	0.06592	0.75931	0.00879	0.01453	0.00600	0.00298	0.00489
19	0.00791	0.00593	0.00890	0.00890	0.00989	0.00692	0.00692	0.00989	0.00890	0.01286	0.01483	0.02176	0.01385	0.04154	0.78341	0.00890	0.01483	0.00593	0.00297	0.00494
20	0.00805	0.00537	0.00604	0.00604	0.00604	0.00537	0.00336	0.00805	0.00805	0.01074	0.01745	0.03624	0.02013	0.80536	0.02819	0.00537	0.00537	0.00805	0.00336	0.00336
21	0.00680	0.00497	0.00639	0.00740	0.00798	0.00457	0.00503	0.00792	0.01119	0.01478	0.08275	0.65912	0.12766	0.01654	0.00697	0.00217	0.00312	0.01486	0.00520	0.00457
22	0.01046	0.00984	0.01661	0.79205	0.03814	0.01230	0.01538	0.01415	0.01107	0.01415	0.00984	0.01477	0.00738	0.00554	0.00554	0.00185	0.00738	0.00492	0.00246	0.00615
23	0.00871	0.00691	0.00880	0.00857	0.00921	0.03294	0.00626	0.00995	0.00881	0.01221	0.01491	0.02545	0.01521	0.29311	0.44513	0.00696	0.07278	0.00648	0.00305	0.00455
24	0.84448	0.01071	0.00814	0.00728	0.01071	0.01242	0.00600	0.01628	0.00943	0.02485	0.00771	0.00900	0.00600	0.00514	0.00343	0.00171	0.00428	0.00300	0.00343	0.00600
25	0.01481	0.80869	0.02902	0.00948	0.01421	0.02191	0.00948	0.01658	0.01125	0.01303	0.00770	0.00888	0.00711	0.00474	0.00355	0.00118	0.00592	0.00296	0.00237	0.00711
26	0.01652	0.51319	0.02378	0.01106	0.01511	0.25293	0.00980	0.01919	0.06668	0.01392	0.00903	0.01007	0.00782	0.00523	0.00414	0.00131	0.00705	0.00338	0.00275	0.00702
27	0.00799	0.00563	0.00735	0.00735	0.00780	0.00608	0.00498	0.00889	0.00844	0.01171	0.01626	0.02963	0.01726	0.45675	0.37288	0.00698	0.00969	0.00709	0.00318	0.00408
28	0.01019	0.00948	0.01588	0.73547	0.03597	0.01174	0.01464	0.01369	0.01104	0.01415	0.01134	0.07154	0.00949	0.00639	0.00565	0.00187	0.00708	0.00570	0.00265	0.00603
29	0.01160	0.01001	0.01204	0.00951	0.05162	0.00768	0.00709	0.01410	0.01154	0.01805	0.00987	0.01160	0.00823	0.00414	0.00417	0.00086	0.00423	0.00337	0.00325	0.79703
30	0.27972	0.01346	0.01292	0.01148	0.01320	0.15121	0.00927	0.01542	0.01012	0.01700	0.00857	0.01192	0.00764	0.01143	0.10489	0.00281	0.30591	0.00416	0.00289	0.00597
31	0.00731	0.00549	0.00762	0.00952	0.06306	0.00517	0.00598	0.00854	0.01107	0.01489	0.07029	0.68583	0.05228	0.01605	0.00691	0.00217	0.00341	0.01456	0.00502	0.00485
32	0.00943	0.00829	0.01271	0.20556	0.12711	0.00870	0.03422	0.01222	0.01325	0.01793	0.29784	0.03102	0.15570	0.00916	0.00651	0.00180	0.03025	0.00803	0.00432	0.00598
33	0.01046	0.00984	0.01661	0.79205	0.03814	0.01230	0.01538	0.01415	0.01107	0.01415	0.00984	0.01477	0.00738	0.00554	0.00554	0.00185	0.00738	0.00492	0.00246	0.00615
34	0.01110	0.01037	0.01688	0.50520	0.18270	0.01221	0.01448	0.01500	0.04932	0.01537	0.01198	0.07150	0.01025	0.00656	0.00623	0.00186	0.04366	0.00577	0.00287	0.00669
35	0.01301	0.01245	0.02123	0.19599	0.61424	0.01298	0.01665	0.01639	0.01228	0.01725	0.01029	0.01393	0.00848	0.00506	0.00549	0.00169	0.00675	0.00493	0.00268	0.00821
36	0.01426	0.01296	0.02308	0.01763	0.02079	0.01427	0.33482	0.04136	0.01210	0.10772	0.01166	0.01583	0.00941	0.00723	0.01080	0.00207	0.30430	0.02923	0.00331	0.00716
37	0.84448	0.01071	0.00814	0.00728	0.01071	0.01242	0.00600	0.01628	0.00943	0.02485	0.00771	0.00900	0.00600	0.00514	0.00343	0.00171	0.00428	0.00300	0.00343	0.00600
38	0.01612	0.63416	0.02605	0.01055	0.01486	0.19175	0.00975	0.01782	0.01224	0.01315	0.00789	0.00913	0.00711	0.00495	0.00387	0.00124	0.00683	0.00310	0.00248	0.00695
39	0.01354	0.01399	0.07462	0.02749	0.54432	0.01328	0.01537	0.01987	0.18329	0.01921	0.01315	0.01515	0.01050	0.00555	0.00550	0.00171	0.00619	0.00518	0.00337	0.00873
40	0.01123	0.00982	0.01451	0.04484	0.30608	0.01008	0.01150	0.01597	0.12929	0.01803	0.04508	0.05832	0.09855	0.00957	0.00626	0.00197	0.00526	0.19238	0.00422	0.00707
41	0.01556	0.01278	0.01353	0.01163	0.01508	0.01461	0.00920	0.20621	0.58113	0.02604	0.02028	0.01886	0.01508	0.00730	0.00561	0.00183	0.00480	0.00595	0.00561	0.00893
42	0.00805	0.00537	0.00604	0.00604	0.00604	0.00537	0.00336	0.00805	0.00805	0.01074	0.01745	0.03624	0.02013	0.80536	0.02819	0.00537	0.00537	0.00805	0.00336	0.00336
43	0.01481	0.80869	0.02902	0.00948	0.01421	0.02191	0.00948	0.01658	0.01125	0.01303	0.00770	0.00888	0.00711	0.00474	0.00355	0.00118	0.00592	0.00296	0.00237	0.00711
44	0.01169	0.15073	0.65965	0.01480	0.02244	0.01428	0.01874	0.01739	0.01162	0.01683	0.00959	0.01125	0.00703	0.00518	0.00499	0.00166	0.00783	0.00392	0.00234	0.00802
45	0.01032	0.00516	0.00516	0.00516	0.00645	0.00516	0.00387	0.01290	0.01161	0.02065	0.01807	0.02065	0.01420	0.00645	0.00387	0.00129	0.00258	0.00516	0.83611	0.00516
46	0.00772	0.00566	0.00724	0.00684	0.00820	0.00517	0.00513	0.01022	0.01539	0.02153	0.70128	0.04249	0.11930	0.01158	0.00653	0.00175	0.00263	0.01017	0.00601	0.00517
47	0.01763	0.01429	0.11043	0.05283	0.16255	0.06556	0.03400	0.11053	0.01532	0.26338	0.03193	0.05741	0.01281	0.00684	0.00563	0.00173	0.00619	0.01803	0.00460	0.00830
48	0.01505	0.03129	0.08655	0.05361	0.17979	0.01067	0.10641	0.05415	0.01362	0.20702	0.01795	0.14936	0.03378	0.00785	0.00587	0.00181	0.00594	0.00718	0.00433	0.00776
49	0.37122	0.01483	0.01398	0.03700	0.11088	0.18374	0.04423	0.05749	0.01251	0.03196	0.00968	0.01256	0.00797	0.00587	0.00518	0.00171	0.04107	0.02805	0.00333	0.00673
50	0.33346	0.01272	0.04113	0.01520	0.05370	0.01267	0.28072	0.06926	0.01237	0.02145	0.01181	0.06576	0.01016	0.00621	0.00525	0.00183	0.00645	0.02954	0.00345	0.00685
51	0.01699	0.01210	0.01474	0.01165	0.03766	0.01187	0.03347	0.28515	0.01751	0.13654	0.03701	0.01441	0.01085	0.00600	0.00576	0.00143	0.04531	0.00469	0.00465	0.29220
52	0.01442	0.72669	0.10762	0.01014	0.01524	0.02096	0.01063	0.01668	0.01130	0.01350	0.00794	0.00918	0.00710	0.00479	0.00373	0.00124	0.00616	0.00308	0.00237	0.00722
53	0.01032	0.00516	0.00516	0.00516	0.00645	0.00516	0.00387	0.01290	0.01161	0.02065	0.01807	0.02065	0.01420	0.00645	0.00387	0.00129	0.00258	0.00516	0.83611	0.00516
54	0.01846	0.39228	0.02219	0.03610	0.01612	0.04170	0.04707	0.09736	0.01443	0.24517	0.01283	0.01289	0.00942	0.00563	0.00463	0.00146	0.00593	0.00423	0.00410	0.00801
55	0.01153	0.01229	0.11642	0.00929	0.01452	0.00813	0.00851	0.01451	0.01150	0.02978	0.01021	0.01197	0.00831	0.00554	0.03003	0.00123	0.00503	0.00352	0.00320	0.68448
56	0.01503	0.14485	0.31141	0.05458	0.07547	0.16144	0.01470	0.03720	0.04815	0.07125	0.01089	0.01221	0.00820	0.00551	0.00502	0.00160	0.00754	0.00415	0.00304	0.00777
57	0.01744	0.01914	0.01838	0.04691	0.32439	0.38001	0.01333	0.01973	0.01406	0.05408	0.00999	0.01218	0.00815	0.00558	0.00568	0.00158	0.03457	0.00431	0.00298	0.00751
58	0.00786	0.00561	0.00770	0.00898	0.00979	0.00546	0.00707	0.00963	0.01170	0.01538	0.02991	0.42446	0.03420	0.01630	0.00737	0.00240	0.00418	0.38207	0.00512	0.00481
59	0.00962	0.00481	0.00722	0.00722	0.00722	0.00481	0.00481	0.00722	0.00722	0.00962	0.00962	0.01684	0.00962	0.01924	0.02165	0.83886	0.00481	0.00481	0.00241	0.00241
60	0.00690	0.00493	0.00661	0.00789	0.00828	0.00463	0.00541	0.00798	0.01076	0.01431	0.03044	0.74842	0.03629	0.01720	0.00711	0.00227	0.00335	0.06753	0.00514	0.00454
61	0.01307	0.01494	0.03268	0.02334	0.02894	0.01401	0.75070	0.01774	0.01307	0.01774	0.01120	0.01494	0.00840	0.00467	0.00654	0.00187	0.00934	0.00654	0.00280	0.00747
62	0.00670	0.00562	0.00582	0.00577	0.00758	0.00474	0.00433	0.00825	0.01299	0.01582	0.14076	0.05188	0.68338	0.01370	0.00654	0.00185	0.00278	0.01149	0.00526	0.00474
63	0.01148	0.00984	0.01148	0.00820	0.01312	0.00738	0.00656	0.01395	0.01148	0.01805	0.00984	0.01148	0.00820	0.00410	0.00410	0.00082	0.00410	0.00328	0.00328	0.83922
64	0.00809	0.00546	0.00639	0.00646	0.00659	0.00553	0.00390	0.00836	0.00835	0.01119	0.01786	0.03653	0.02028	0.71012	0.08163	0.00548	0.00604	0.04476	0.00342	0.00356
65	0.00790	0.00534	0.00625	0.00650	0.00662	0.00529	0.00391	0.00818	0.00868	0.01155	0.02003	0.15323	0.02322	0.64617	0.02395	0.00475	0.00503	0.04607	0.00371	0.00362
66	0.01032	0.00516	0.00516	0.00516	0.00645	0.00516	0.00387	0.01290	0.01161	0.02065	0.01807	0.02065	0.01420	0.00645	0.00387	0.00129	0.00258	0.00516	0.83611	0.00516
67	0.84448	0.01071	0.00814	0.00728	0.01071	0.01242	0.00600	0.01628	0.00943	0.02485	0.00771	0.00900	0.00600	0.00514	0.00343	0.00171	0.00428	0.00300	0.00343	0.00600
68	0.01283	0.01255	0.01800	0.01501	0.01571	0.01678	0.06206	0.06694	0.01006	0.01518	0.00797	0.01239	0.00750	0.00913	0.01647	0.00233	0.68504	0.00497	0.00267	0.00640
69	0.01800	0.14367	0.01631	0.01098	0.01442	0.03215	0.00923	0.19340	0.06315	0.23300	0.01490	0.01556	0.01107	0.01146	0.11231	0.00266	0.08008	0.00498	0.00469	0.00800
70	0.02133	0.01140	0.01377	0.01052	0.01491	0.01093	0.00864	0.24372	0.04235	0.41336	0.01748	0.01612	0.01169	0.00640	0.00534	0.00157	0.00503	0.00507	0.00588	0.13447
71	0.04984	0.04896	0.45810	0.01387	0.01997	0.10447	0.03923	0.01844	0.01233	0.10575	0.01159	0.01400	0.00877	0.06318	0.00683	0.00195	0.00758	0.00448	0.00307	0.00762
72	0.01032	0.00516	0.00516	0.00516	0.00645	0.00516	0.00387	0.01290	0.01161	0.02065	0.01807	0.02065	0.01420	0.00645	0.00387	0.00129	0.00258	0.00516	0.83611	0.00516
73	0.00953	0.00481	0.00719	0.00723	0.00724	0.00480	0.00482	0.00723	0.00732	0.00976	0.01025	0.04062	0.01044	0.01918	0.02120	0.81351	0.00476	0.00514	0.00249	0.00247
74	0.01368	0.02103	0.27395	0.03530	0.11973	0.24030	0.03849	0.01731	0.01346	0.01653	0.07850	0.01778	0.07707	0.00661	0.00548	0.00166	0.00758	0.00531	0.00313	0.00711
75	0.00955	0.00775	0.00929	0.00747	0.01063	0.00626	0.00581	0.01198	0.01332	0.01951	0.32819	0.02747	0.09170	0.00795	0.00532	0.00129	0.00337	0.00680	0.00461	0.42175
76	0.84448	0.01071	0.00814	0.00728	0.01071	0.01242	0.00600	0.01628	0.00943	0.02485	0.00771	0.00900	0.00600	0.00514	0.00343	0.00171	0.00428	0.00300	0.00343	0.00600
77	0.02093	0.01915	0.01631	0.01325	0.01716	0.27300	0.01058	0.50845	0.02258	0.02777	0.01171	0.01219	0.00866	0.00633	0.00536	0.00158	0.00739	0.00451	0.00464	0.00842
78	0.01267	0.01652	0.20390	0.18869	0.13438	0.03842	0.10314	0.06982	0.05205	0.01805	0.01154	0.03881	0.00922	0.00596	0.00610	0.00177	0.04069	0.00522	0.00303	0.04002
79	0.00991	0.00541	0.00832	0.00915	0.06230	0.00541	0.00569	0.00792	0.00760	0.01023	0.00968	0.01661	0.00956	0.01821	0.02048	0.77847	0.00494	0.00482	0.00243	0.00286
80	0.02485	0.00943	0.01285	0.00985	0.01414	0.00814	0.00814	0.02699	0.01585	0.77465	0.02185	0.01885	0.01371	0.00685	0.00557	0.00171	0.00471	0.00557	0.00685	0.00943
81	0.00692	0.00493	0.00656	0.00780	0.00817	0.00464	0.00530	0.00794	0.01064	0.01417	0.03002	0.73351	0.03581	0.04323	0.00780	0.00237	0.00339	0.05722	0.00508	0.00450
82	0.01292	0.09548	0.41080	0.01498	0.02105	0.05295	0.11706	0.01800	0.03748	0.06649	0.01304	0.03965	0.01066	0.00642	0.00552	0.00177	0.00750	0.05743	0.00312	0.00766
83	0.01239	0.01901	0.26341	0.02035	0.02636	0.01386	0.46984	0.01736	0.01231	0.01736	0.01053	0.01372	0.00789	0.00522	0.00698	0.00187	0.06567	0.00565	0.00263	0.00759
84	0.02485	0.00943	0.01285	0.00985	0.01414	0.00814	0.00814	0.02699	0.01585	0.77465	0.02185	0.01885	0.01371	0.00685	0.00557	0.00171	0.00471	0.00557	0.00685	0.00943
85	0.01364	0.01309	0.02235	0.05084	0.75453	0.01314	0.01696	0.01693	0.01258	0.01801	0.01040	0.01373	0.00874	0.00495	0.00548	0.00165	0.00660	0.00493	0.00274	0.00871
86	0.01100	0.01144	0.05268	0.18416	0.08378	0.07745	0.02712	0.02449	0.01115	0.01466	0.01544	0.04346	0.06584	0.02944	0.19245	0.00363	0.11264	0.03006	0.00306	0.00604
87	0.02069	0.02640	0.01569	0.01427	0.01712	0.78313	0.01070	0.02212	0.01569	0.01355	0.00856	0.00999	0.00713	0.00571	0.00499	0.00143	0.00999	0.00357	0.00285	0.00642
88	0.00675	0.00482	0.00643	0.00771	0.00803	0.00450	0.00514	0.00771	0.01060	0.01414	0.03053	0.80175	0.03663	0.01735	0.00707	0.00225	0.00321	0.01574	0.00514	0.00450
89	0.00875	0.00878	0.08333	0.00910	0.01160	0.00670	0.07623	0.01146	0.01384	0.03953	0.37362	0.07102	0.21613	0.03658	0.00711	0.00192	0.00400	0.00959	0.00508	0.00561
90	0.01725	0.03808	0.01838	0.09809	0.16789	0.45207	0.05139	0.01944	0.01397	0.01470	0.00910	0.01156	0.00756	0.00569	0.00594	0.00159	0.05344	0.00419	0.00275	0.00691
91	0.01322	0.04126	0.26856	0.05597	0.09273	0.11438	0.01508	0.03985	0.01166	0.01592	0.00915	0.01218	0.00755	0.00761	0.02898	0.00207	0.24960	0.00442	0.00260	0.00719
92	0.00791	0.00593	0.00890	0.00890	0.00989	0.00692	0.00692	0.00989	0.00890	0.01286	0.01483	0.02176	0.01385	0.04154	0.78341	0.00890	0.01483	0.00593	0.00297	0.00494
93	0.00833	0.00538	0.00679	0.00736	0.00783	0.00515	0.00489	0.00910	0.01005	0.05165	0.02500	0.41556	0.02882	0.31779	0.01511	0.00344	0.00425	0.06462	0.00454	0.00436
94	0.00797	0.00519	0.00686	0.00774	0.00842	0.00478	0.00531	0.00910	0.01126	0.06395	0.06579	0.68732	0.06287	0.01626	0.00693	0.00218	0.00327	0.01466	0.00530	0.00486
95	0.00784	0.00566	0.00740	0.00697	0.00827	0.00523	0.00523	0.01045	0.01568	0.02221	0.76789	0.04137	0.05226	0.01132	0.00653	0.00174	0.00261	0.01002	0.00610	0.00523
96	0.84448	0.01071	0.00814	0.00728	0.01071	0.01242	0.00600	0.01628	0.00943	0.02485	0.00771	0.00900	0.00600	0.00514	0.00343	0.00171	0.00428	0.00300	0.00343	0.00600
97	0.00784	0.00576	0.00737	0.00715	0.00841	0.00539	0.00529	0.01061	0.03959	0.02087	0.61543	0.14122	0.07997	0.01211	0.00657	0.00182	0.00276	0.01072	0.00591	0.00522
98	0.01343	0.01150	0.01226	0.01119	0.01419	0.01324	0.00878	0.02813	0.70684	0.02269	0.02303	0.02368	0.01799	0.00808	0.00578	0.00193	0.00443	0.05873	0.00560	0.00850
99	0.01123	0.05480	0.75160	0.01557	0.02364	0.01317	0.02009	0.01751	0.01168	0.01739	0.00986	0.01160	0.00702	0.00524	0.00520	0.00173	0.00811	0.00405	0.00234	0.00815
100	0.01190	0.07377	0.53370	0.01814	0.07818	0.01367	0.15864	0.01748	0.01199	0.01734	0.01007	0.01228	0.00741	0.00509	0.00541	0.00173	0.00815	0.00455	0.00246	0.00802
101	0.00735	0.00531	0.00708	0.00828	0.00897	0.00504	0.00615	0.00879	0.01134	0.01488	0.03182	0.54483	0.08200	0.01656	0.00720	0.00231	0.00372	0.21855	0.00513	0.00468
102	0.03203	0.15224	0.37527	0.01412	0.02013	0.05955	0.08456	0.05087	0.05397	0.01768	0.01101	0.03140	0.00872	0.00635	0.02181	0.00178	0.00748	0.00453	0.00289	0.04361
103	0.04172	0.52162	0.18125	0.01116	0.01642	0.07417	0.01172	0.03972	0.01217	0.03360	0.00874	0.00992	0.00729	0.00504	0.00412	0.00136	0.00661	0.00337	0.00264	0.00737
104	0.00805	0.00537	0.00604	0.00604	0.00604	0.00537	0.00336	0.00805	0.00805	0.01074	0.01745	0.03624	0.02013	0.80536	0.02819	0.00537	0.00537	0.00805	0.00336	0.00336
105	0.00702	0.00563	0.00627	0.00611	0.00777	0.00488	0.00458	0.00886	0.01374	0.01761	0.31647	0.04894	0.50655	0.01304	0.00654	0.00182	0.00273	0.01108	0.00549	0.00488
106	0.01366	0.09832	0.12329	0.03815	0.03309	0.05960	0.04750	0.08945	0.03142	0.09121	0.05611	0.06346	0.01859	0.00911	0.00600	0.00190	0.00608	0.20178	0.00430	0.00698
107	0.00752	0.00563	0.00706	0.00764	0.00866	0.00532	0.00558	0.00977	0.04733	0.01674	0.19762	0.39911	0.15480	0.01481	0.00686	0.00209	0.00327	0.08985	0.00537	0.00495
108	0.00682	0.00487	0.00651	0.00779	0.00815	0.00456	0.00527	0.00784	0.01067	0.01422	0.03049	0.77732	0.03647	0.01728	0.00709	0.00226	0.00328	0.03946	0.00514	0.00452
109	0.01129	0.02738	0.70813	0.01648	0.02443	0.01297	0.08773	0.01756	0.01182	0.01756	0.01006	0.01199	0.00714	0.00521	0.00538	0.00176	0.00829	0.00432	0.00238	0.00812
110	0.01828	0.00970	0.01306	0.04352	0.03865	0.00935	0.03328	0.13948	0.01643	0.37062	0.11721	0.06828	0.03688	0.02740	0.00644	0.00187	0.00489	0.03087	0.00581	0.00798
111	0.01600	0.00954	0.01116	0.00937	0.01253	0.00956	0.00746	0.11808	0.18523	0.25686	0.13988	0.02807	0.15430	0.00893	0.00590	0.00178	0.00416	0.00741	0.00598	0.00779
112	0.00710	0.00540	0.00770	0.00832	0.00900	0.00502	0.04290	0.00825	0.01078	0.01426	0.03075	0.68997	0.08100	0.04165	0.00768	0.00231	0.00357	0.01477	0.00497	0.00462
113	0.01148	0.00984	0.01148	0.00820	0.01312	0.00738	0.00656	0.01395	0.01148	0.01805	0.00984	0.01148	0.00820	0.00410	0.00410	0.00082	0.00410	0.00328	0.00328	0.83922
114	0.01125	0.01084	0.01747	0.69136	0.06027	0.03795	0.04693	0.03107	0.01170	0.01487	0.00996	0.01455	0.00751	0.00551	0.00556	0.00182	0.00750	0.00495	0.00257	0.00638
115	0.00765	0.00536	0.00612	0.00636	0.00674	0.00516	0.00394	0.00810	0.00931	0.01210	0.02588	0.15269	0.14119	0.53804	0.02098	0.00426	0.00464	0.03373	0.00396	0.00379
116	0.00821	0.00569	0.00697	0.00667	0.00687	0.00569	0.02722	0.00841	0.00824	0.01102	0.01718	0.03517	0.01959	0.75890	0.04825	0.00535	0.00576	0.00795	0.00333	0.00353
117	0.01229	0.01225	0.01781	0.31249	0.26707	0.06972	0.01432	0.01513	0.01158	0.01529	0.01238	0.01603	0.05507	0.00657	0.00764	0.00185	0.13763	0.00523	0.00274	0.00691
118	0.81829	0.01086	0.00841	0.00746	0.01092	0.01258	0.00614	0.03969	0.00995	0.02517	0.00789	0.00913	0.00611	0.00519	0.00349	0.00171	0.00434	0.00306	0.00349	0.00611
119	0.02254	0.00959	0.01260	0.00984	0.01369	0.00878	0.00804	0.07713	0.01586	0.62659	0.02233	0.02071	0.05181	0.04063	0.00696	0.00189	0.02989	0.00592	0.00639	0.00882
120	0.01175	0.00998	0.01105	0.04274	0.01337	0.03521	0.00806	0.06029	0.35905	0.01953	0.04339	0.13946	0.05792	0.03949	0.08105	0.00272	0.02319	0.02987	0.00490	0.00696
121	0.01561	0.15133	0.22197	0.01580	0.09800	0.16184	0.06232	0.05444	0.05134	0.07410	0.01113	0.01239	0.00848	0.00545	0.00505	0.00156	0.00738	0.00429	0.00320	0.03430
122	0.00924	0.00786	0.01109	0.03700	0.07400	0.00906	0.00836	0.02749	0.01059	0.01476	0.03805	0.37350	0.04687	0.03566	0.07524	0.00283	0.19867	0.01031	0.00399	0.00543
123	0.00798	0.00567	0.00756	0.00756	0.00809	0.00620	0.00525	0.00903	0.00850	0.01187	0.01606	0.02853	0.01679	0.39873	0.43024	0.00725	0.01041	0.00693	0.00315	0.00420
124	0.01003	0.00984	0.03186	0.27507	0.06837	0.03326	0.09514	0.01272	0.01149	0.01513	0.04041	0.25179	0.04237	0.00981	0.00688	0.00199	0.04915	0.02521	0.00358	0.00592
125	0.01499	0.01484	0.03824	0.01593	0.13026	0.11418	0.01134	0.09176	0.33257	0.02044	0.01507	0.01583	0.01178	0.00711	0.00762	0.00185	0.13865	0.00529	0.00419	0.00805

[dist]
# distance from previous block
# <min> <max>
0	1

[block]
# block no. 2 follows, 43 sequences, length 6
# corresponding to MSA columns:
# 560-565
name=unknown_C
#
# <colnr> <probs for GDERKNQSTAVLIFYWHMCP>
#	G	D	E	R	K	N	Q	S	T	A	V	L	I	F	Y	W	H	M	C	P
0	0.26202	0.17181	0.01395	0.00912	0.01217	0.05724	0.00745	0.15651	0.01341	0.02076	0.01330	0.13541	0.01304	0.08357	0.00688	0.00201	0.00523	0.00587	0.00385	0.00642
1	0.18314	0.01505	0.01455	0.01575	0.17924	0.19277	0.01025	0.15736	0.01573	0.02224	0.12747	0.01610	0.01470	0.00647	0.00513	0.00163	0.00621	0.00502	0.00396	0.00724
2	0.01280	0.01272	0.02313	0.21366	0.44569	0.01312	0.16437	0.01646	0.01234	0.01708	0.01044	0.01421	0.00836	0.00503	0.00571	0.00174	0.00733	0.00525	0.00269	0.00788
3	0.01802	0.01329	0.01591	0.01517	0.13257	0.01401	0.01061	0.44616	0.02165	0.06593	0.16589	0.02023	0.01880	0.00778	0.00603	0.00181	0.00562	0.00624	0.00549	0.00880
4	0.01333	0.01351	0.01963	0.01573	0.01783	0.05365	0.16017	0.01524	0.01070	0.01563	0.00925	0.01344	0.00831	0.00803	0.01314	0.00213	0.46635	0.00510	0.00290	0.13594
5	0.00920	0.00585	0.00751	0.00826	0.00913	0.00530	0.00568	0.01011	0.01169	0.08737	0.03192	0.66791	0.08509	0.01645	0.00717	0.00229	0.00358	0.01460	0.00552	0.00536

[dist]
# distance from previous block
# <min> <max>
1	18

[block]
# block no. 3 follows, 43 sequences, length 40
# corresponding to MSA columns:
# 587-596,599-628
name=unknown_D
#
# <colnr> <probs for GDERKNQSTAVLIFYWHMCP>
#	G	D	E	R	K	N	Q	S	T	A	V	L	I	F	Y	W	H	M	C	P
0	0.01032	0.02551	0.06830	0.12493	0.26085	0.00972	0.03067	0.01328	0.01266	0.01719	0.13861	0.08487	0.14616	0.00874	0.00598	0.00180	0.00532	0.02462	0.00384	0.00665
1	0.01318	0.06335	0.11303	0.01027	0.01427	0.05492	0.00919	0.10641	0.01371	0.07097	0.01605	0.18542	0.01541	0.00815	0.00531	0.00154	0.00523	0.03063	0.00407	0.25891
2	0.01041	0.00864	0.01029	0.00792	0.01178	0.00674	0.00619	0.01279	0.01226	0.01859	0.16307	0.07579	0.01912	0.00652	0.00481	0.00111	0.00374	0.00555	0.00398	0.61072
3	0.01658	0.01365	0.01450	0.02828	0.04076	0.08664	0.02865	0.33646	0.16684	0.04422	0.01760	0.14869	0.01533	0.00842	0.00579	0.00179	0.00573	0.00698	0.00504	0.00803
4	0.01331	0.05985	0.13983	0.02521	0.14744	0.01060	0.03013	0.03529	0.01227	0.10858	0.01247	0.02841	0.01002	0.01030	0.11227	0.00245	0.00707	0.00470	0.00344	0.22637
5	0.01258	0.05837	0.41148	0.03424	0.02097	0.01237	0.09562	0.03795	0.05098	0.07930	0.01236	0.01447	0.00925	0.01046	0.11264	0.00273	0.00856	0.00484	0.00311	0.00772
6	0.01356	0.01137	0.01236	0.01106	0.01401	0.01311	0.00866	0.08556	0.59738	0.02270	0.02073	0.02021	0.01588	0.01213	0.11284	0.00283	0.00596	0.00611	0.00526	0.00829
7	0.00751	0.00579	0.00664	0.00649	0.00786	0.00530	0.00469	0.00967	0.04016	0.01737	0.31700	0.08216	0.33167	0.12202	0.00952	0.00232	0.00316	0.01056	0.00527	0.00484
8	0.01764	0.06176	0.12189	0.01344	0.09466	0.06107	0.01081	0.06509	0.04791	0.30943	0.01796	0.12379	0.01446	0.00769	0.00557	0.00174	0.00568	0.00640	0.00488	0.00814
9	0.01370	0.01171	0.03302	0.20656	0.30522	0.01230	0.03282	0.05586	0.03739	0.09299	0.01378	0.06430	0.02371	0.00672	0.00659	0.00182	0.06452	0.00585	0.00349	0.00766
10	0.00717	0.00554	0.00655	0.00689	0.00805	0.00518	0.00503	0.00847	0.01114	0.01409	0.03830	0.18783	0.36762	0.12361	0.11670	0.00343	0.00507	0.07021	0.00460	0.00454
11	0.02157	0.01949	0.03162	0.05565	0.25126	0.01801	0.38716	0.02272	0.01792	0.02536	0.01932	0.02606	0.01665	0.01083	0.01010	0.00338	0.03657	0.00849	0.00577	0.01208
12	0.02636	0.01472	0.05484	0.03752	0.28055	0.10971	0.22075	0.01698	0.01347	0.03143	0.11518	0.02620	0.01471	0.00604	0.00584	0.00171	0.00722	0.00598	0.00332	0.00746
13	0.01839	0.01388	0.01494	0.01200	0.01581	0.01549	0.00970	0.51244	0.22155	0.03019	0.01554	0.01549	0.01144	0.00766	0.00657	0.05386	0.00556	0.00532	0.00537	0.00881
14	0.01321	0.06646	0.07608	0.05491	0.34908	0.02152	0.01318	0.03647	0.08826	0.04329	0.10214	0.01722	0.01457	0.00615	0.00564	0.00163	0.02146	0.00538	0.00360	0.05975
15	0.00826	0.00622	0.00725	0.00695	0.00847	0.00592	0.00515	0.01114	0.09636	0.01765	0.29847	0.04011	0.31291	0.02617	0.00888	0.11726	0.00323	0.00948	0.00513	0.00499
16	0.00977	0.00594	0.00875	0.00841	0.00852	0.00672	0.00605	0.00836	0.00758	0.01049	0.00988	0.01673	0.00977	0.02041	0.10616	0.63096	0.11489	0.00494	0.00247	0.00319
17	0.01239	0.01566	0.15343	0.07772	0.29573	0.01280	0.26360	0.01657	0.01238	0.01736	0.01181	0.06292	0.00999	0.00572	0.00590	0.00179	0.00763	0.00600	0.00282	0.00779
18	0.00872	0.00623	0.00869	0.00996	0.01115	0.00620	0.00856	0.01112	0.01254	0.01634	0.02944	0.13308	0.03233	0.01550	0.00759	0.00252	0.00492	0.66498	0.00510	0.00504
19	0.01147	0.02651	0.67270	0.01830	0.12692	0.01290	0.01998	0.01746	0.01182	0.01762	0.01000	0.01197	0.00726	0.00522	0.00529	0.00174	0.00796	0.00421	0.00239	0.00827
20	0.01798	0.02241	0.07194	0.05209	0.01851	0.50820	0.03556	0.06559	0.01515	0.01597	0.00928	0.01093	0.00747	0.00547	0.00500	0.00142	0.00865	0.00382	0.00302	0.12156
21	0.01397	0.07450	0.56787	0.01434	0.02149	0.01310	0.01733	0.07301	0.01330	0.12290	0.01169	0.01262	0.00812	0.00555	0.00522	0.00171	0.00741	0.00429	0.00320	0.00838
22	0.00751	0.00514	0.00620	0.00673	0.00687	0.00501	0.00410	0.00791	0.00911	0.01215	0.02288	0.35424	0.02699	0.47801	0.01942	0.00407	0.00447	0.01125	0.00410	0.00383
23	0.00791	0.00593	0.00890	0.00890	0.00989	0.00692	0.00692	0.00989	0.00890	0.01286	0.01483	0.02176	0.01385	0.04154	0.78341	0.00890	0.01483	0.00593	0.00297	0.00494
24	0.01282	0.09854	0.44794	0.01584	0.03881	0.09615	0.07105	0.01736	0.01176	0.01614	0.00932	0.01159	0.00722	0.00582	0.00695	0.00176	0.11670	0.00423	0.00245	0.00756
25	0.12335	0.00614	0.00650	0.00638	0.00691	0.00643	0.00393	0.00929	0.00829	0.01281	0.01596	0.03165	0.01782	0.65085	0.06848	0.00507	0.00577	0.00723	0.00334	0.00381
26	0.02184	0.00952	0.01302	0.01029	0.01376	0.00914	0.00847	0.02389	0.01482	0.61417	0.07490	0.01958	0.01567	0.00758	0.00738	0.00181	0.11353	0.00580	0.00619	0.00865
