[name]
unknown

[dist]
# distance from previous block
# <min> <max>
0	122

[block]
# block no. 0 follows, 47 sequences, length 28
# corresponding to MSA columns:
# 175-202
name=unknown_A
#
# <colnr> <probs for GDERKNQSTAVLIFYWHMCP>
#	G	D	E	R	K	N	Q	S	T	A	V	L	I	F	Y	W	H	M	C	P
0	0.08956	0.27393	0.14432	0.01274	0.07041	0.03040	0.04146	0.12574	0.01372	0.05236	0.06213	0.01496	0.01154	0.00614	0.00484	0.00160	0.00600	0.02715	0.00354	0.00746
1	0.01363	0.25526	0.17302	0.01062	0.01486	0.01403	0.01034	0.18106	0.01435	0.01943	0.07260	0.06051	0.01366	0.04982	0.00607	0.00175	0.00566	0.00520	0.03136	0.04677
2	0.01350	0.35112	0.21957	0.01176	0.01672	0.01532	0.05174	0.03842	0.01172	0.05186	0.01052	0.04382	0.00900	0.00585	0.00521	0.00152	0.04468	0.00426	0.00297	0.09047
3	0.00918	0.00635	0.00779	0.00734	0.00910	0.00567	0.00564	0.01107	0.01376	0.07162	0.40067	0.04094	0.22642	0.01244	0.03376	0.00206	0.00360	0.08232	0.00545	0.04482
4	0.07159	0.07803	0.00952	0.00746	0.00927	0.00805	0.00560	0.05565	0.01170	0.10953	0.04372	0.14909	0.03559	0.15714	0.00949	0.02749	0.00415	0.00716	0.19409	0.00566
5	0.08210	0.39915	0.27863	0.01104	0.01608	0.01568	0.01197	0.01551	0.01097	0.01538	0.01080	0.08974	0.00999	0.00630	0.00452	0.00157	0.00613	0.00458	0.00281	0.00705
6	0.01750	0.05281	0.01559	0.01202	0.01559	0.12849	0.04552	0.44697	0.03694	0.02548	0.01722	0.05936	0.08693	0.00765	0.00556	0.00170	0.00615	0.00589	0.00474	0.00789
7	0.00967	0.00535	0.00763	0.04546	0.00864	0.00536	0.00519	0.00774	0.00753	0.01008	0.01050	0.01847	0.01058	0.09666	0.02036	0.71526	0.00493	0.00506	0.00260	0.00293
8	0.01147	0.02519	0.66595	0.01687	0.06391	0.01258	0.09290	0.01694	0.01161	0.01718	0.01020	0.01238	0.00750	0.00535	0.00538	0.00178	0.00793	0.00435	0.00251	0.00801
9	0.01290	0.24323	0.38830	0.05253	0.09607	0.01507	0.04405	0.05642	0.01215	0.01674	0.00973	0.01177	0.00766	0.00532	0.00490	0.00162	0.00707	0.00404	0.00268	0.00776
10	0.01176	0.00779	0.00946	0.00886	0.01097	0.00752	0.02345	0.08758	0.05021	0.11342	0.03047	0.07059	0.22168	0.06071	0.00761	0.00221	0.00439	0.21536	0.04988	0.00607
11	0.01484	0.24949	0.15701	0.00989	0.01390	0.01194	0.00953	0.01694	0.01203	0.22598	0.01746	0.08057	0.06151	0.08725	0.00720	0.00199	0.00544	0.00583	0.00409	0.00714
12	0.05844	0.29276	0.35067	0.01236	0.01790	0.01581	0.01362	0.09069	0.01246	0.03480	0.00967	0.01127	0.00764	0.00561	0.00523	0.00162	0.04510	0.00382	0.00291	0.00764
13	0.01830	0.07293	0.04507	0.01194	0.01569	0.18659	0.00985	0.35239	0.09338	0.06959	0.01541	0.01564	0.05535	0.00684	0.00532	0.00165	0.00641	0.00498	0.00461	0.00805
14	0.46195	0.04678	0.15446	0.07302	0.01653	0.03198	0.07030	0.01581	0.01031	0.02010	0.00913	0.01140	0.00722	0.00696	0.04236	0.00207	0.00623	0.00381	0.00308	0.00651
15	0.01042	0.05479	0.20861	0.00956	0.01282	0.02945	0.00931	0.04826	0.01276	0.08072	0.20917	0.21124	0.06256	0.00964	0.00565	0.00172	0.00460	0.00828	0.00434	0.00607
16	0.00912	0.05413	0.00904	0.00790	0.00957	0.00661	0.02950	0.03304	0.03316	0.07543	0.03151	0.32040	0.22828	0.03442	0.00671	0.00199	0.00373	0.09559	0.00471	0.00516
17	0.01311	0.40270	0.19362	0.01089	0.01574	0.04543	0.03233	0.01632	0.03499	0.04555	0.00960	0.01170	0.00804	0.00514	0.00456	0.00134	0.03066	0.02555	0.00268	0.09007
18	0.01282	0.01217	0.06364	0.33029	0.23940	0.01242	0.04431	0.11370	0.05717	0.04729	0.01101	0.01373	0.00832	0.00529	0.00522	0.00165	0.00643	0.00475	0.00310	0.00730
19	0.01058	0.00925	0.01480	0.32523	0.18543	0.01025	0.03786	0.01364	0.03607	0.05093	0.01695	0.12104	0.08673	0.00761	0.00616	0.00177	0.04954	0.00669	0.00324	0.00624
20	0.00809	0.00651	0.00924	0.03414	0.05631	0.00638	0.05002	0.04015	0.04029	0.01500	0.04919	0.47608	0.10577	0.05537	0.00736	0.00212	0.00390	0.02459	0.00447	0.00501
21	0.03065	0.06752	0.28359	0.03299	0.14974	0.07202	0.09643	0.01673	0.05935	0.04293	0.01320	0.06095	0.03910	0.00601	0.00514	0.00163	0.00665	0.00522	0.00297	0.00719
22	0.01412	0.09316	0.08444	0.01823	0.26825	0.07547	0.05825	0.07786	0.01313	0.10463	0.01429	0.08809	0.03323	0.00661	0.00522	0.00160	0.00601	0.02657	0.00351	0.00734
23	0.03581	0.02530	0.01390	0.03015	0.24392	0.01006	0.03119	0.08689	0.01212	0.01685	0.01947	0.22647	0.08680	0.00960	0.00687	0.00184	0.08402	0.04874	0.00373	0.00629
24	0.01157	0.03598	0.04549	0.02461	0.05401	0.08108	0.13558	0.08335	0.03229	0.04143	0.10223	0.21722	0.05270	0.00904	0.00575	0.00172	0.00537	0.02269	0.00406	0.03382
25	0.01291	0.04471	0.03967	0.05559	0.19861	0.11089	0.01021	0.06748	0.03563	0.05255	0.06449	0.07629	0.03137	0.00704	0.00517	0.00154	0.00548	0.05260	0.02955	0.09824
26	0.01219	0.04789	0.04632	0.02376	0.17526	0.06933	0.06745	0.10274	0.08397	0.01791	0.02098	0.04760	0.17969	0.00730	0.00529	0.00156	0.00535	0.00627	0.00373	0.07539
27	0.02494	0.06910	0.01542	0.01226	0.04757	0.09386	0.09284	0.15149	0.19739	0.03214	0.09108	0.01814	0.04950	0.00719	0.02080	0.00168	0.00561	0.00552	0.00421	0.05926

[dist]
# distance from previous block
# <min> <max>
4	105

[block]
# block no. 1 follows, 47 sequences, length 7
# corresponding to MSA columns:
# 313-319
name=unknown_B
#
# <colnr> <probs for GDERKNQSTAVLIFYWHMCP>
#	G	D	E	R	K	N	Q	S	T	A	V	L	I	F	Y	W	H	M	C	P
0	0.05988	0.02782	0.03025	0.01124	0.03670	0.11844	0.08631	0.05963	0.07232	0.06314	0.05839	0.08587	0.05566	0.00819	0.03142	0.00174	0.00564	0.02691	0.00386	0.15657
1	0.05843	0.01032	0.01270	0.09394	0.15206	0.03068	0.00916	0.11022	0.12918	0.03523	0.04241	0.01926	0.09053	0.03945	0.00586	0.00166	0.00485	0.00546	0.03876	0.10984
2	0.07532	0.03256	0.03543	0.08644	0.06571	0.05660	0.02600	0.03330	0.10931	0.04151	0.13060	0.06573	0.04458	0.00870	0.03817	0.00190	0.06055	0.00602	0.00384	0.07772
3	0.03710	0.00842	0.00997	0.00845	0.01122	0.03804	0.03793	0.01373	0.06091	0.08264	0.12175	0.05262	0.10459	0.06398	0.00675	0.00174	0.00419	0.08781	0.00428	0.24390
4	0.00844	0.00668	0.00936	0.00847	0.01035	0.00627	0.08091	0.01141	0.06820	0.04480	0.23349	0.14693	0.25498	0.01149	0.00622	0.00183	0.00362	0.07636	0.00494	0.00525
5	0.00718	0.00547	0.00686	0.04001	0.00898	0.00513	0.00538	0.00903	0.01242	0.01645	0.31613	0.12026	0.24665	0.06781	0.00770	0.00206	0.00324	0.10967	0.00495	0.00460
6	0.00926	0.00890	0.05854	0.01057	0.03980	0.00805	0.08195	0.06394	0.08780	0.01658	0.05643	0.28536	0.15690	0.03145	0.00691	0.00197	0.02662	0.03895	0.00437	0.00567

[dist]
# distance from previous block
# <min> <max>
1	4

[block]
# block no. 2 follows, 47 sequences, length 6
# corresponding to MSA columns:
# 324-328,331
name=unknown_C
#
# <colnr> <probs for GDERKNQSTAVLIFYWHMCP>
#	G	D	E	R	K	N	Q	S	T	A	V	L	I	F	Y	W	H	M	C	P
0	0.01354	0.30697	0.29634	0.01185	0.01712	0.17430	0.01261	0.01677	0.01160	0.01426	0.00833	0.00971	0.00674	0.00477	0.00423	0.00132	0.00697	0.00331	0.00238	0.07686
1	0.06271	0.34690	0.28277	0.01073	0.01602	0.01454	0.01182	0.01648	0.01106	0.09606	0.01026	0.04065	0.00834	0.00527	0.00423	0.00140	0.00590	0.00387	0.00286	0.04814
2	0.06115	0.07734	0.03210	0.03580	0.01316	0.01116	0.02624	0.21128	0.07897	0.05924	0.01459	0.07751	0.01249	0.05344	0.08177	0.00237	0.00568	0.00553	0.09245	0.04770
3	0.07262	0.06134	0.01149	0.08672	0.01342	0.03908	0.06527	0.04409	0.02937	0.01606	0.08163	0.16054	0.20017	0.02717	0.00633	0.00185	0.01982	0.05362	0.00405	0.00536
4	0.10055	0.00987	0.01354	0.41775	0.02466	0.01083	0.01086	0.09308	0.01210	0.06787	0.01012	0.01277	0.00756	0.00507	0.00472	0.00149	0.00569	0.00416	0.00315	0.18416
5	0.01540	0.01090	0.01361	0.04240	0.04494	0.01148	0.04939	0.17158	0.27628	0.16258	0.01777	0.08242	0.01392	0.00706	0.00533	0.00166	0.00483	0.00602	0.00496	0.05745

[dist]
# distance from previous block
# <min> <max>
2	7

[block]
# block no. 3 follows, 47 sequences, length 15
# corresponding to MSA columns:
# 339-353
name=unknown_D
#
# <colnr> <probs for GDERKNQSTAVLIFYWHMCP>
#	G	D	E	R	K	N	Q	S	T	A	V	L	I	F	Y	W	H	M	C	P
0	0.01172	0.01474	0.20475	0.04899	0.10660	0.05863	0.05801	0.01603	0.07017	0.05351	0.08322	0.04143	0.03472	0.00605	0.00507	0.00148	0.00572	0.00522	0.00340	0.17054
1	0.01087	0.00971	0.01299	0.06232	0.01531	0.00784	0.07798	0.01346	0.01091	0.01670	0.00938	0.01131	0.00768	0.00400	0.00416	0.00093	0.00452	0.00348	0.00299	0.71346
2	0.01321	0.01214	0.02074	0.01574	0.01992	0.01208	0.36768	0.06726	0.21879	0.06283	0.01518	0.01845	0.01190	0.00599	0.00572	0.00172	0.00648	0.05656	0.00391	0.06371
3	0.00705	0.00532	0.00657	0.00658	0.00788	0.00483	0.00502	0.00905	0.01323	0.01773	0.42872	0.10752	0.25470	0.01225	0.00630	0.00180	0.00281	0.09263	0.00530	0.00470
4	0.01169	0.01140	0.02016	0.31711	0.42284	0.01216	0.09881	0.01507	0.01137	0.01560	0.00968	0.01339	0.00773	0.00482	0.00528	0.00164	0.00676	0.00480	0.00249	0.00720
5	0.00615	0.00528	0.00528	0.00528	0.00703	0.00440	0.00396	0.00747	0.01187	0.01407	0.05276	0.05012	0.78238	0.01319	0.00615	0.00176	0.00264	0.01099	0.00484	0.00440
6	0.00634	0.00453	0.00604	0.00725	0.00755	0.00423	0.00483	0.00725	0.00997	0.01329	0.02870	0.81358	0.03444	0.01632	0.00665	0.00211	0.00302	0.01480	0.00483	0.00423
7	0.01234	0.01191	0.02060	0.16352	0.62430	0.01227	0.04769	0.01555	0.01163	0.01637	0.00973	0.01311	0.00801	0.00473	0.00521	0.00159	0.00643	0.00470	0.00254	0.00778
8	0.00983	0.00926	0.01562	0.80447	0.03587	0.01157	0.01446	0.01331	0.01041	0.01331	0.00926	0.01388	0.00694	0.00521	0.00521	0.00174	0.00694	0.00463	0.00231	0.00579
9	0.04379	0.03791	0.04527	0.00803	0.01273	0.00782	0.00681	0.01343	0.01072	0.01704	0.00911	0.01063	0.00755	0.00396	0.00386	0.00085	0.00409	0.00310	0.00302	0.75025
10	0.04339	0.06159	0.01693	0.01269	0.01650	0.08771	0.14648	0.13891	0.25860	0.12480	0.01504	0.01500	0.01102	0.00592	0.00516	0.00161	0.00584	0.00508	0.00441	0.02330
11	0.03679	0.05787	0.06511	0.09838	0.07819	0.11784	0.12418	0.26974	0.01627	0.05480	0.01072	0.01229	0.00799	0.00548	0.00534	0.00158	0.02177	0.00454	0.00360	0.00752
12	0.06925	0.10737	0.03412	0.01232	0.01600	0.26037	0.07247	0.22189	0.05207	0.06920	0.01126	0.03059	0.00881	0.00579	0.00483	0.00149	0.00683	0.00437	0.00375	0.00721
13	0.36695	0.01155	0.03909	0.01032	0.05335	0.03196	0.02157	0.14074	0.04277	0.08656	0.01172	0.03171	0.00944	0.00593	0.00438	0.00158	0.00482	0.04014	0.00391	0.08153
14	0.10143	0.06039	0.14473	0.09725	0.01822	0.07187	0.09720	0.09199	0.07106	0.01847	0.07801	0.05937	0.01322	0.00662	0.00555	0.00167	0.03539	0.01748	0.00345	0.00662

[dist]
# distance from previous block
# <min> <max>
7	40

[block]
# block no. 4 follows, 47 sequences, length 29
# corresponding to MSA columns:
# 397-425
name=unknown_E
#
# <colnr> <probs for GDERKNQSTAVLIFYWHMCP>
#	G	D	E	R	K	N	Q	S	T	A	V	L	I	F	Y	W	H	M	C	P
0	0.01196	0.01112	0.01976	0.05977	0.06497	0.01043	0.31986	0.01544	0.03435	0.06304	0.02566	0.06055	0.01075	0.01706	0.00611	0.00157	0.03699	0.00565	0.00321	0.22175
1	0.01180	0.01084	0.01641	0.01233	0.03649	0.00944	0.19861	0.07264	0.01238	0.01822	0.04182	0.01298	0.00957	0.00457	0.00489	0.00116	0.01873	0.00431	0.00322	0.49959
2	0.00932	0.00776	0.01034	0.01010	0.06843	0.00785	0.03830	0.05644	0.07294	0.01898	0.34160	0.03298	0.18088	0.00971	0.00665	0.00171	0.05796	0.03157	0.00478	0.03171
3	0.01276	0.01224	0.02091	0.06413	0.75332	0.01234	0.01592	0.01587	0.01180	0.01686	0.00977	0.01293	0.00819	0.00466	0.00516	0.00155	0.00622	0.00464	0.00257	0.00815
4	0.01533	0.01237	0.01312	0.01108	0.01445	0.01407	0.00882	0.28492	0.51397	0.02562	0.01817	0.01702	0.01345	0.00678	0.00527	0.00170	0.00468	0.00547	0.00527	0.00846
5	0.00644	0.00457	0.00601	0.00713	0.00741	0.00429	0.00470	0.00728	0.00978	0.01305	0.02775	0.75291	0.03324	0.07864	0.00819	0.00234	0.00318	0.01424	0.00470	0.00415
6	0.01725	0.05499	0.10796	0.01601	0.11773	0.01083	0.20043	0.02045	0.01318	0.36560	0.01466	0.01491	0.00999	0.00542	0.00532	0.00162	0.00618	0.00510	0.00428	0.00807
7	0.01198	0.01623	0.15952	0.02074	0.02642	0.01299	0.63899	0.01665	0.01207	0.01665	0.01033	0.01353	0.00768	0.00448	0.00594	0.00174	0.00860	0.00576	0.00256	0.00714
8	0.00995	0.00937	0.01583	0.77509	0.06434	0.01160	0.01452	0.01341	0.01047	0.01345	0.00928	0.01385	0.00699	0.00518	0.00520	0.00173	0.00691	0.00463	0.00232	0.00588
9	0.01094	0.02292	0.56544	0.04074	0.06058	0.01233	0.18067	0.01641	0.01130	0.01646	0.00962	0.01183	0.00697	0.00482	0.00522	0.00167	0.00784	0.00441	0.00231	0.00752
10	0.01785	0.07344	0.01878	0.01403	0.05997	0.01031	0.22601	0.02052	0.01335	0.41690	0.01652	0.06289	0.01199	0.00618	0.00543	0.00164	0.00578	0.00584	0.00471	0.00786
11	0.01123	0.05864	0.69285	0.01465	0.02195	0.01230	0.04923	0.01685	0.01120	0.04998	0.00980	0.01130	0.00693	0.00497	0.00494	0.00163	0.00751	0.00396	0.00240	0.00768
12	0.00744	0.00558	0.00837	0.00837	0.00930	0.00651	0.00651	0.00930	0.00837	0.01209	0.01395	0.02046	0.01302	0.03906	0.79635	0.00837	0.01395	0.00558	0.00279	0.00465
13	0.02264	0.00987	0.05547	0.00958	0.01381	0.00790	0.00830	0.02488	0.01469	0.74507	0.01992	0.01735	0.01254	0.00636	0.00522	0.00161	0.00461	0.00516	0.00621	0.00880
14	0.01160	0.02338	0.62836	0.07643	0.04398	0.01170	0.03138	0.01699	0.01133	0.08197	0.01033	0.01190	0.00723	0.00508	0.00502	0.00165	0.00734	0.00409	0.00259	0.00765
15	0.02336	0.00886	0.01209	0.00927	0.01329	0.00765	0.00765	0.02538	0.01491	0.78810	0.02055	0.01773	0.01289	0.00645	0.00524	0.00161	0.00443	0.00524	0.00645	0.00886
16	0.00983	0.00926	0.01562	0.80447	0.03587	0.01157	0.01446	0.01331	0.01041	0.01331	0.00926	0.01388	0.00694	0.00521	0.00521	0.00174	0.00694	0.00463	0.00231	0.00579
17	0.01130	0.00818	0.01338	0.08090	0.16889	0.00795	0.08635	0.01339	0.01142	0.13900	0.02010	0.37574	0.02069	0.01023	0.00595	0.00185	0.00480	0.00948	0.00420	0.00620
18	0.00983	0.00926	0.01562	0.80447	0.03587	0.01157	0.01446	0.01331	0.01041	0.01331	0.00926	0.01388	0.00694	0.00521	0.00521	0.00174	0.00694	0.00463	0.00231	0.00579
19	0.00615	0.00528	0.00528	0.00528	0.00703	0.00440	0.00396	0.00747	0.01187	0.01407	0.05276	0.05012	0.78238	0.01319	0.00615	0.00176	0.00264	0.01099	0.00484	0.00440
20	0.00667	0.00474	0.00631	0.00744	0.00784	0.00449	0.00517	0.00770	0.01007	0.01338	0.02784	0.67596	0.03299	0.06327	0.00788	0.00232	0.00336	0.10360	0.00473	0.00424
21	0.85377	0.01007	0.00765	0.00685	0.01007	0.01168	0.00564	0.01531	0.00886	0.02336	0.00725	0.00846	0.00564	0.00483	0.00322	0.00161	0.00403	0.00282	0.00322	0.00564
22	0.01639	0.06723	0.28559	0.01279	0.01801	0.10916	0.01296	0.32149	0.01715	0.07374	0.01109	0.01170	0.00795	0.00560	0.00495	0.00154	0.00676	0.00416	0.00376	0.00798
23	0.01934	0.04623	0.14286	0.01130	0.01599	0.00985	0.06871	0.04180	0.05364	0.50921	0.01719	0.01589	0.01126	0.00598	0.00518	0.00162	0.00537	0.00500	0.00518	0.00840
24	0.01455	0.01186	0.04954	0.15435	0.16205	0.01225	0.01139	0.24333	0.03997	0.08280	0.05755	0.01535	0.01142	0.00615	0.00576	0.00162	0.04734	0.00500	0.06026	0.00747
25	0.01629	0.09042	0.10770	0.01150	0.03527	0.07860	0.01010	0.28424	0.01649	0.10199	0.01172	0.01290	0.00884	0.00554	0.00474	0.00138	0.00575	0.02025	0.00400	0.17227
26	0.04754	0.06544	0.20156	0.03191	0.04965	0.07225	0.01097	0.03360	0.10795	0.04657	0.01094	0.01206	0.00845	0.00509	0.00485	0.00136	0.02786	0.00388	0.00318	0.25489
27	0.04867	0.10899	0.43741	0.01268	0.01862	0.04284	0.01437	0.09606	0.05785	0.09824	0.01117	0.01189	0.00801	0.00532	0.00477	0.00157	0.00662	0.00402	0.00320	0.00771
28	0.04900	0.12986	0.37861	0.01308	0.05568	0.01295	0.02776	0.07545	0.07808	0.03168	0.01092	0.01212	0.00821	0.00518	0.00462	0.00151	0.00620	0.00403	0.05261	0.04242

[dist]
# distance from previous block
# <min> <max>
1	231

# created by:
# /home/cegg/simao/soft/augustus-3.2.1/scripts/msa2prfl.pl ./align_prep/EOG091G18Z5.fa
