[name]
unknown

[dist]
# distance from previous block
# <min> <max>
0	37

[block]
# block no. 0 follows, 47 sequences, length 24
# corresponding to MSA columns:
# 50-73
name=unknown_A
#
# <colnr> <probs for GDERKNQSTAVLIFYWHMCP>
#	G	D	E	R	K	N	Q	S	T	A	V	L	I	F	Y	W	H	M	C	P
0	0.03235	0.51872	0.12107	0.13401	0.01801	0.01732	0.01104	0.04535	0.01116	0.01413	0.00860	0.01113	0.00743	0.00499	0.00402	0.00134	0.00600	0.02418	0.00245	0.00668
1	0.03643	0.57688	0.06904	0.00958	0.01394	0.01816	0.00933	0.04142	0.13052	0.03659	0.01008	0.01064	0.00833	0.00501	0.00385	0.00129	0.00540	0.00346	0.00294	0.00709
2	0.02722	0.56656	0.12136	0.01012	0.01491	0.01846	0.01030	0.13327	0.01286	0.03072	0.00858	0.00951	0.00711	0.00484	0.00387	0.00127	0.00582	0.00326	0.00278	0.00718
3	0.01197	0.12597	0.08515	0.02523	0.01287	0.02988	0.00826	0.14999	0.05915	0.04035	0.23916	0.02410	0.10828	0.00782	0.00522	0.00152	0.00448	0.00639	0.00442	0.04978
4	0.00963	0.00788	0.00938	0.00753	0.01081	0.00661	0.00590	0.01221	0.03972	0.01621	0.03434	0.05791	0.07019	0.01111	0.12805	0.00219	0.00520	0.00503	0.04904	0.51105
5	0.01265	0.01264	0.04471	0.09418	0.06842	0.01189	0.47300	0.03758	0.02788	0.07119	0.06197	0.01596	0.01116	0.00520	0.00580	0.00170	0.00737	0.00593	0.02377	0.00701
6	0.00677	0.00453	0.00616	0.00718	0.00743	0.00428	0.00479	0.00718	0.00947	0.01263	0.02563	0.68899	0.03048	0.01659	0.00879	0.13431	0.00326	0.01320	0.00443	0.00392
7	0.01841	0.01264	0.01405	0.03394	0.01545	0.02586	0.00895	0.48114	0.01996	0.14709	0.01319	0.01320	0.00932	0.00586	0.00496	0.00144	0.00525	0.00450	0.02455	0.14023
8	0.01820	0.04386	0.15884	0.01080	0.02658	0.01003	0.01007	0.11141	0.03355	0.40837	0.02919	0.03659	0.01184	0.00622	0.00507	0.00156	0.00515	0.00501	0.00498	0.06268
9	0.14514	0.17882	0.18780	0.01135	0.01565	0.02882	0.03749	0.13277	0.04204	0.05080	0.01003	0.01165	0.00788	0.02055	0.02550	0.00180	0.07767	0.00398	0.00319	0.00703
10	0.01508	0.01045	0.01256	0.13432	0.01705	0.01160	0.00913	0.04654	0.45770	0.19819	0.01893	0.01797	0.01360	0.00661	0.00527	0.00172	0.00468	0.00551	0.00510	0.00802
11	0.00738	0.00515	0.00712	0.00767	0.00841	0.00482	0.02288	0.00873	0.01100	0.03898	0.14510	0.56120	0.03452	0.04392	0.00728	0.00215	0.00332	0.07090	0.00491	0.00455
12	0.01789	0.01215	0.13484	0.01279	0.08795	0.00923	0.04324	0.03413	0.05775	0.44274	0.03654	0.05968	0.01342	0.00662	0.00533	0.00165	0.00518	0.00565	0.00506	0.00816
13	0.01988	0.00915	0.01155	0.00910	0.01273	0.00845	0.00746	0.13823	0.01595	0.53565	0.04474	0.02238	0.11355	0.00754	0.00541	0.00164	0.00435	0.01814	0.00600	0.00811
14	0.00737	0.00576	0.00840	0.01111	0.12890	0.00550	0.00658	0.00861	0.01027	0.01387	0.02575	0.68853	0.03035	0.01449	0.00641	0.00203	0.00352	0.01322	0.00448	0.00486
15	0.16557	0.01455	0.02352	0.01864	0.07514	0.11397	0.46296	0.01683	0.01187	0.01732	0.00949	0.01230	0.00734	0.00471	0.00558	0.00167	0.02403	0.00505	0.00274	0.00670
16	0.02865	0.03711	0.52031	0.01477	0.02134	0.01284	0.10553	0.13405	0.01336	0.04856	0.01033	0.01175	0.00733	0.00513	0.00508	0.00164	0.00728	0.00427	0.00290	0.00778
17	0.01004	0.00566	0.00675	0.00631	0.00696	0.00549	0.00395	0.01040	0.00874	0.13166	0.01699	0.03117	0.01783	0.66995	0.04341	0.00460	0.00519	0.00716	0.00366	0.00409
18	0.00705	0.00514	0.00736	0.00784	0.00853	0.00556	0.00577	0.00854	0.00907	0.01273	0.01996	0.34007	0.02166	0.02918	0.46099	0.00569	0.00930	0.00928	0.02180	0.00448
19	0.14527	0.08563	0.03742	0.04565	0.07996	0.01132	0.11903	0.05218	0.06970	0.15255	0.02708	0.06800	0.03489	0.01419	0.00527	0.00170	0.00533	0.03393	0.00398	0.00693
20	0.01137	0.16381	0.59256	0.01423	0.02110	0.03107	0.06420	0.01644	0.01109	0.01568	0.00903	0.01069	0.00670	0.00484	0.00474	0.00156	0.00743	0.00380	0.00224	0.00744
21	0.01123	0.01231	0.07537	0.08655	0.23978	0.01118	0.26701	0.02946	0.02685	0.01620	0.01338	0.13897	0.01244	0.02787	0.00628	0.00183	0.00666	0.00678	0.00302	0.00684
22	0.01271	0.02796	0.30942	0.04003	0.08573	0.01130	0.15623	0.05134	0.01235	0.11386	0.03557	0.03391	0.03186	0.03133	0.00625	0.00178	0.02247	0.00532	0.00326	0.00731
23	0.03821	0.03406	0.20314	0.05207	0.07240	0.02249	0.29381	0.01622	0.01165	0.08170	0.01226	0.07213	0.01015	0.00600	0.00598	0.00174	0.03767	0.01829	0.00303	0.00701

[dist]
# distance from previous block
# <min> <max>
0	23

[block]
# block no. 1 follows, 47 sequences, length 21
# corresponding to MSA columns:
# 97-117
name=unknown_B
#
# <colnr> <probs for GDERKNQSTAVLIFYWHMCP>
#	G	D	E	R	K	N	Q	S	T	A	V	L	I	F	Y	W	H	M	C	P
0	0.36807	0.01057	0.04014	0.00892	0.02633	0.06872	0.03532	0.01493	0.03884	0.07461	0.06591	0.10596	0.07687	0.02172	0.00501	0.00172	0.00452	0.00588	0.00389	0.02208
1	0.02772	0.01013	0.06954	0.02507	0.04260	0.03851	0.03540	0.08109	0.07203	0.08923	0.08072	0.04216	0.27231	0.00901	0.00555	0.00167	0.00439	0.03131	0.03956	0.02200
2	0.00736	0.00739	0.07939	0.00686	0.00869	0.00547	0.00563	0.00908	0.01119	0.01489	0.18136	0.12587	0.27888	0.17907	0.01021	0.00240	0.00368	0.00932	0.00433	0.04895
3	0.03505	0.12838	0.46504	0.01393	0.05182	0.01275	0.06416	0.04364	0.02742	0.01664	0.01352	0.01474	0.07950	0.00569	0.00490	0.00159	0.00669	0.00460	0.00270	0.00723
4	0.08924	0.02536	0.71690	0.01410	0.02137	0.01206	0.01797	0.01638	0.01080	0.01713	0.00915	0.01076	0.00651	0.00494	0.00479	0.00165	0.00735	0.00375	0.00229	0.00750
5	0.01730	0.38537	0.02021	0.01098	0.01459	0.36940	0.00931	0.01886	0.01287	0.08497	0.00885	0.00970	0.00727	0.00505	0.00413	0.00126	0.00719	0.00327	0.00283	0.00660
6	0.00891	0.00457	0.00668	0.00668	0.00668	0.00457	0.00440	0.00686	0.00686	0.00914	0.00973	0.01754	0.00997	0.09274	0.02093	0.76968	0.00457	0.00481	0.00234	0.00234
7	0.02904	0.01221	0.02421	0.05601	0.02294	0.02834	0.53176	0.01515	0.01256	0.01729	0.16017	0.01859	0.01577	0.00579	0.00626	0.00173	0.02594	0.00654	0.00323	0.00647
8	0.00915	0.00662	0.00812	0.00839	0.00952	0.00671	0.00615	0.15528	0.01298	0.01730	0.02545	0.58805	0.02906	0.01418	0.00642	0.00203	0.00371	0.08079	0.00490	0.00518
9	0.01845	0.01416	0.01670	0.01587	0.16550	0.01542	0.01108	0.62113	0.02203	0.02975	0.01198	0.01258	0.00874	0.00594	0.00520	0.00156	0.00582	0.00468	0.00470	0.00874
10	0.01135	0.01240	0.02638	0.01931	0.02373	0.01187	0.61804	0.01525	0.01153	0.01579	0.01120	0.01529	0.00890	0.01113	0.15974	0.00304	0.00978	0.00604	0.00266	0.00656
11	0.00730	0.00509	0.00560	0.00560	0.00594	0.00492	0.00331	0.00755	0.00841	0.01087	0.02347	0.03720	0.16733	0.66075	0.02255	0.00441	0.00458	0.00824	0.00348	0.00340
12	0.00939	0.00544	0.00756	0.00696	0.00786	0.00499	0.00484	0.00801	0.00756	0.01059	0.00909	0.01485	0.00879	0.01532	0.01715	0.68371	0.00439	0.00424	0.00242	0.16681
13	0.00821	0.00671	0.00984	0.00940	0.01015	0.00834	0.00746	0.00993	0.00829	0.01218	0.01257	0.01870	0.01182	0.03324	0.64488	0.00719	0.16818	0.00538	0.00269	0.00485
14	0.01468	0.32184	0.01798	0.01006	0.01333	0.13114	0.00851	0.19937	0.03742	0.01786	0.01324	0.16637	0.01289	0.00741	0.00470	0.00147	0.00564	0.00577	0.00363	0.00669
15	0.01438	0.31465	0.26525	0.01199	0.01734	0.03831	0.03316	0.18202	0.03018	0.03303	0.00972	0.01070	0.00748	0.00512	0.00445	0.00143	0.00642	0.00376	0.00304	0.00755
16	0.19275	0.07631	0.29493	0.01303	0.06440	0.01303	0.03390	0.07812	0.08315	0.05560	0.01059	0.01171	0.00789	0.00539	0.00506	0.00163	0.03799	0.00402	0.00319	0.00732
17	0.01428	0.01185	0.01252	0.01087	0.01405	0.01357	0.00856	0.17140	0.62919	0.02393	0.01951	0.01808	0.01453	0.00691	0.00528	0.00173	0.00443	0.00565	0.00528	0.00836
18	0.01534	0.00897	0.01191	0.01151	0.07849	0.00886	0.02178	0.04876	0.16246	0.29270	0.08350	0.02811	0.04386	0.00847	0.00574	0.00180	0.00450	0.15049	0.00535	0.00740
19	0.17618	0.05619	0.14614	0.04374	0.05650	0.04820	0.05604	0.05604	0.09133	0.06376	0.04245	0.07334	0.02647	0.01835	0.00544	0.00171	0.02246	0.00534	0.00360	0.00673
20	0.01499	0.00952	0.01293	0.12160	0.05614	0.02377	0.03861	0.04157	0.15458	0.25771	0.04456	0.01813	0.01332	0.02485	0.08885	0.00242	0.02206	0.00543	0.04172	0.00723

[dist]
# distance from previous block
# <min> <max>
5	203

[block]
# block no. 2 follows, 47 sequences, length 23
# corresponding to MSA columns:
# 321-343
name=unknown_C
#
# <colnr> <probs for GDERKNQSTAVLIFYWHMCP>
#	G	D	E	R	K	N	Q	S	T	A	V	L	I	F	Y	W	H	M	C	P
0	0.01484	0.04551	0.04062	0.05317	0.03707	0.02616	0.00821	0.03785	0.11810	0.26653	0.15205	0.03864	0.01953	0.00743	0.00529	0.00161	0.00442	0.04071	0.04256	0.03970
1	0.39060	0.03235	0.11346	0.03077	0.05031	0.01214	0.02940	0.14582	0.01267	0.04422	0.03922	0.01156	0.00857	0.00529	0.00422	0.00155	0.00508	0.00384	0.00352	0.05539
2	0.08599	0.07715	0.16297	0.05966	0.14846	0.06142	0.05302	0.07128	0.04162	0.04595	0.01143	0.01294	0.03080	0.00520	0.00472	0.00147	0.00605	0.00426	0.00310	0.11252
3	0.31025	0.13976	0.05086	0.02462	0.06395	0.16305	0.02178	0.05229	0.04105	0.03240	0.00876	0.01015	0.00702	0.00528	0.00477	0.00152	0.04945	0.00351	0.00303	0.00648
4	0.54473	0.04780	0.00912	0.00785	0.02971	0.01074	0.00608	0.01512	0.05126	0.05899	0.01252	0.04353	0.04522	0.05659	0.04033	0.00213	0.00458	0.00439	0.00355	0.00576
5	0.01267	0.01211	0.01773	0.34624	0.23977	0.07728	0.07046	0.09052	0.01276	0.01680	0.01009	0.01336	0.00785	0.00514	0.00515	0.00161	0.00674	0.00466	0.04220	0.00685
6	0.00649	0.00529	0.00575	0.00563	0.00724	0.00454	0.00422	0.00813	0.01267	0.01597	0.25600	0.04699	0.57795	0.01248	0.00615	0.00172	0.00259	0.01055	0.00509	0.00454
7	0.07165	0.00871	0.01143	0.00888	0.01271	0.00774	0.00732	0.02406	0.01433	0.70096	0.01957	0.01727	0.01249	0.00633	0.00503	0.00159	0.00430	0.00507	0.05211	0.00845
8	0.00783	0.00470	0.00552	0.00615	0.00682	0.00454	0.00423	0.00932	0.01023	0.01567	0.02305	0.43361	0.02466	0.05990	0.00657	0.00191	0.00289	0.01020	0.35776	0.00443
9	0.00662	0.00507	0.00607	0.00629	0.00744	0.00452	0.00454	0.00819	0.01226	0.01611	0.28922	0.27542	0.31288	0.01328	0.00630	0.00183	0.00269	0.01161	0.00514	0.00452
10	0.01980	0.01459	0.01563	0.01198	0.01615	0.01615	0.00990	0.76713	0.02448	0.03282	0.01250	0.01250	0.00886	0.00625	0.00521	0.00156	0.00573	0.00469	0.00521	0.00886
11	0.01486	0.00739	0.00840	0.00710	0.00951	0.00731	0.00565	0.13005	0.01403	0.22526	0.01725	0.01792	0.01255	0.00620	0.00430	0.00137	0.00346	0.00493	0.49593	0.00652
12	0.01080	0.00926	0.01080	0.00771	0.01234	0.00694	0.00617	0.01311	0.01080	0.01697	0.00926	0.01080	0.00771	0.00386	0.00386	0.00077	0.00386	0.00309	0.00309	0.84882
13	0.01608	0.01274	0.01354	0.01123	0.01473	0.01441	0.00900	0.36584	0.43182	0.02683	0.01722	0.01626	0.01268	0.00669	0.00526	0.00167	0.00486	0.00534	0.00526	0.00852
14	0.00894	0.00538	0.00705	0.00721	0.00837	0.00489	0.00518	0.01042	0.01199	0.12221	0.21924	0.45477	0.08761	0.01330	0.00629	0.00190	0.00305	0.01186	0.00528	0.00505
15	0.00747	0.00545	0.00773	0.00773	0.00844	0.00616	0.00572	0.00889	0.00818	0.01162	0.01453	0.02368	0.01442	0.22319	0.61412	0.00758	0.01184	0.00605	0.00288	0.00430
16	0.04745	0.01227	0.05583	0.12731	0.24055	0.01171	0.19354	0.04442	0.01215	0.06409	0.03992	0.01409	0.00958	0.00519	0.00570	0.00161	0.03617	0.00499	0.00305	0.07037
17	0.01341	0.03023	0.07179	0.05839	0.33823	0.01213	0.02775	0.04621	0.12044	0.08499	0.02944	0.01442	0.01032	0.00567	0.00601	0.00161	0.06639	0.00482	0.00343	0.05432
18	0.00725	0.00502	0.00634	0.00691	0.00775	0.00460	0.00486	0.00848	0.01104	0.04395	0.12607	0.47422	0.16585	0.05983	0.00759	0.00215	0.00313	0.04555	0.00491	0.00449
19	0.01208	0.01166	0.01836	0.17561	0.44505	0.04812	0.05480	0.03789	0.01239	0.01683	0.08140	0.01647	0.03519	0.00563	0.00532	0.00160	0.00616	0.00529	0.00297	0.00720
20	0.03081	0.06097	0.24555	0.06023	0.13563	0.01282	0.11342	0.15428	0.01377	0.05360	0.01116	0.03558	0.00874	0.01871	0.00547	0.00166	0.00662	0.00481	0.00319	0.02298
21	0.03158	0.03471	0.09111	0.04058	0.01299	0.03460	0.06561	0.01264	0.08994	0.01571	0.08502	0.22250	0.19071	0.01040	0.00623	0.00181	0.03518	0.00896	0.00412	0.00559
22	0.03061	0.04829	0.02683	0.06871	0.08937	0.06200	0.02081	0.07152	0.03008	0.17898	0.07630	0.03946	0.06116	0.00734	0.00699	0.00169	0.12798	0.00564	0.03943	0.00681

[dist]
# distance from previous block
# <min> <max>
0	9

[block]
# block no. 3 follows, 47 sequences, length 13
# corresponding to MSA columns:
# 353-365
name=unknown_D
#
# <colnr> <probs for GDERKNQSTAVLIFYWHMCP>
#	G	D	E	R	K	N	Q	S	T	A	V	L	I	F	Y	W	H	M	C	P
0	0.05466	0.05453	0.06847	0.09868	0.03495	0.04876	0.03176	0.09317	0.01254	0.01732	0.12797	0.09332	0.05405	0.12135	0.00824	0.00212	0.00506	0.02262	0.04477	0.00565
1	0.01576	0.03993	0.04466	0.05205	0.10050	0.15981	0.10418	0.25233	0.08907	0.02127	0.04084	0.01368	0.01020	0.00585	0.00550	0.00158	0.02668	0.00482	0.00376	0.00750
2	0.01165	0.00670	0.00858	0.00760	0.00965	0.00627	0.00594	0.04866	0.03268	0.19598	0.42510	0.06061	0.09055	0.01079	0.03075	0.00189	0.00357	0.03136	0.00564	0.00601
3	0.01037	0.00881	0.01208	0.03890	0.14528	0.02549	0.04292	0.01507	0.15145	0.01789	0.17104	0.04725	0.04444	0.01027	0.06697	0.00218	0.04630	0.02658	0.11048	0.00622
4	0.00658	0.00480	0.00582	0.00653	0.00733	0.00436	0.00453	0.00779	0.01083	0.01437	0.08030	0.51135	0.23167	0.01446	0.00629	0.00193	0.00285	0.01280	0.06108	0.00436
5	0.00697	0.00483	0.00603	0.00662	0.00682	0.00474	0.00419	0.00753	0.00879	0.01178	0.02222	0.41187	0.02609	0.37812	0.06626	0.00384	0.00464	0.01096	0.00395	0.00377
6	0.01045	0.02694	0.79000	0.01484	0.02254	0.01209	0.01924	0.01649	0.01099	0.01649	0.00935	0.01099	0.00660	0.00495	0.00495	0.00165	0.00770	0.00385	0.00220	0.00770
7	0.00749	0.00538	0.00734	0.00734	0.00791	0.00595	0.00522	0.00864	0.00806	0.01133	0.01489	0.02568	0.01529	0.33743	0.50107	0.00710	0.01054	0.00634	0.00293	0.00408
8	0.01392	0.82012	0.02729	0.00891	0.01337	0.02061	0.00891	0.01559	0.01058	0.01225	0.00724	0.00835	0.00668	0.00446	0.00334	0.00111	0.00557	0.00278	0.00223	0.00668
9	0.01210	0.01444	0.13180	0.22439	0.26518	0.04325	0.13794	0.03617	0.05303	0.01644	0.01033	0.01327	0.00798	0.00499	0.00529	0.00165	0.00703	0.00479	0.00268	0.00726
10	0.00983	0.00926	0.01562	0.80447	0.03587	0.01157	0.01446	0.01331	0.01041	0.01331	0.00926	0.01388	0.00694	0.00521	0.00521	0.00174	0.00694	0.00463	0.00231	0.00579
11	0.00757	0.00505	0.00568	0.00568	0.00568	0.00505	0.00316	0.00757	0.00757	0.01010	0.01641	0.03408	0.01893	0.81698	0.02651	0.00505	0.00505	0.00757	0.00316	0.00316
12	0.04843	0.03424	0.10078	0.01283	0.06201	0.03430	0.03513	0.34024	0.01798	0.24120	0.01376	0.01355	0.00945	0.00589	0.00509	0.00158	0.00574	0.00465	0.00477	0.00839

[dist]
# distance from previous block
# <min> <max>
0	1

[block]
# block no. 4 follows, 47 sequences, length 14
# corresponding to MSA columns:
# 367-380
name=unknown_E
#
# <colnr> <probs for GDERKNQSTAVLIFYWHMCP>
#	G	D	E	R	K	N	Q	S	T	A	V	L	I	F	Y	W	H	M	C	P
0	0.01183	0.00760	0.00970	0.00962	0.06931	0.00729	0.00690	0.09182	0.02880	0.15655	0.23710	0.04809	0.19710	0.01078	0.03186	0.00193	0.00406	0.05829	0.00518	0.00620
1	0.00763	0.00583	0.00809	0.00795	0.00882	0.00665	0.00607	0.00921	0.00873	0.01236	0.01818	0.02462	0.09869	0.11738	0.55054	0.00666	0.06099	0.00631	0.03075	0.00453
2	0.78229	0.01043	0.00907	0.00777	0.01113	0.01192	0.04306	0.04262	0.00960	0.02338	0.00760	0.00888	0.00587	0.00486	0.00344	0.00162	0.00432	0.00305	0.00327	0.00582
3	0.01311	0.23229	0.28653	0.01284	0.05096	0.05062	0.03748	0.05549	0.08303	0.04838	0.01102	0.03301	0.00878	0.00538	0.00460	0.00146	0.00629	0.00420	0.00299	0.05154
4	0.01478	0.53711	0.13970	0.01045	0.01512	0.12533	0.01055	0.01709	0.01151	0.06428	0.00855	0.00952	0.00708	0.00479	0.00390	0.00126	0.00634	0.00319	0.00257	0.00689
5	0.00755	0.00512	0.00605	0.00605	0.00617	0.00525	0.00361	0.00781	0.00768	0.01037	0.01607	0.03222	0.01813	0.71096	0.13143	0.00550	0.00626	0.00730	0.00311	0.00336
6	0.00813	0.00682	0.00857	0.00877	0.06072	0.02776	0.03401	0.01063	0.03440	0.01777	0.36481	0.03868	0.28274	0.01059	0.00597	0.00169	0.00333	0.03692	0.03252	0.00516
7	0.00930	0.00725	0.00951	0.00839	0.00922	0.00793	0.03387	0.02656	0.00877	0.02819	0.01416	0.05905	0.01529	0.45785	0.05481	0.00390	0.15887	0.00666	0.00313	0.07729
8	0.00745	0.00554	0.00819	0.00819	0.00906	0.00641	0.00628	0.00918	0.00832	0.01196	0.01411	0.02137	0.01342	0.09116	0.74479	0.00815	0.01335	0.00571	0.00281	0.00455
9	0.01426	0.72018	0.05672	0.00953	0.01397	0.08677	0.00942	0.01608	0.01096	0.01246	0.00739	0.00855	0.00668	0.00455	0.00352	0.00115	0.00598	0.00288	0.00227	0.00667
10	0.00740	0.00544	0.00780	0.00787	0.00861	0.00615	0.00587	0.00891	0.00833	0.01183	0.01517	0.06662	0.01517	0.16434	0.62736	0.00748	0.01190	0.00641	0.00296	0.00438
11	0.01776	0.02176	0.03517	0.03842	0.13234	0.57697	0.03606	0.05322	0.01447	0.01452	0.00866	0.01037	0.00708	0.00525	0.00486	0.00141	0.00862	0.00375	0.00276	0.00656
12	0.01368	0.04037	0.13906	0.09508	0.07023	0.14226	0.01085	0.12777	0.03656	0.04636	0.01242	0.04966	0.01046	0.06613	0.00684	0.00182	0.02902	0.00499	0.08982	0.00662
13	0.04974	0.00901	0.01066	0.00787	0.01215	0.00716	0.00632	0.01507	0.01161	0.14558	0.05384	0.01340	0.01078	0.00471	0.00418	0.00100	0.00388	0.00378	0.00380	0.62547

[dist]
# distance from previous block
# <min> <max>
0	1

[block]
# block no. 5 follows, 47 sequences, length 7
# corresponding to MSA columns:
# 382-388
name=unknown_F
#
# <colnr> <probs for GDERKNQSTAVLIFYWHMCP>
#	G	D	E	R	K	N	Q	S	T	A	V	L	I	F	Y	W	H	M	C	P
0	0.05338	0.19601	0.08365	0.01404	0.11995	0.21069	0.03084	0.09088	0.05027	0.01656	0.01005	0.01236	0.00844	0.05266	0.00578	0.00162	0.00664	0.00404	0.02532	0.00682
1	0.00824	0.10785	0.04724	0.00752	0.00922	0.02869	0.00601	0.01015	0.03691	0.01435	0.11154	0.32866	0.17760	0.07330	0.00741	0.00203	0.00379	0.01026	0.00431	0.00492
2	0.01258	0.06692	0.04029	0.03786	0.04985	0.00954	0.00804	0.07004	0.05496	0.06304	0.01071	0.01186	0.00845	0.00453	0.00423	0.00106	0.00451	0.00362	0.00342	0.53451
3	0.10080	0.14252	0.17186	0.07520	0.09867	0.06278	0.10350	0.04195	0.03003	0.05836	0.03709	0.01261	0.00902	0.00530	0.00511	0.00157	0.02932	0.00433	0.00297	0.00701
4	0.03299	0.11710	0.14193	0.03594	0.04942	0.09889	0.01067	0.06629	0.06925	0.01582	0.01089	0.01357	0.00911	0.01343	0.19081	0.00313	0.07140	0.00433	0.00292	0.04211
5	0.00723	0.00537	0.00715	0.00825	0.04339	0.00518	0.00557	0.00856	0.01052	0.01406	0.10693	0.36284	0.10279	0.13067	0.06832	0.00292	0.00438	0.09700	0.00443	0.00445
6	0.06404	0.05999	0.08833	0.01582	0.18690	0.04375	0.06580	0.07991	0.04621	0.14340	0.04972	0.06066	0.02840	0.00705	0.01995	0.00174	0.02162	0.00551	0.00385	0.00734

[dist]
# distance from previous block
# <min> <max>
0	3

[block]
# block no. 6 follows, 47 sequences, length 30
# corresponding to MSA columns:
# 392-421
name=unknown_G
#
# <colnr> <probs for GDERKNQSTAVLIFYWHMCP>
#	G	D	E	R	K	N	Q	S	T	A	V	L	I	F	Y	W	H	M	C	P
0	0.14503	0.02929	0.07888	0.03188	0.08085	0.10107	0.14194	0.09985	0.01218	0.01796	0.00934	0.03070	0.00781	0.00619	0.00760	0.00175	0.18345	0.00461	0.00294	0.00667
1	0.03673	0.01303	0.01610	0.01252	0.01626	0.03528	0.12021	0.45082	0.05627	0.04817	0.01446	0.01631	0.03623	0.03572	0.05295	0.00214	0.00647	0.01807	0.00452	0.00774
2	0.00766	0.00512	0.00607	0.00607	0.00628	0.00527	0.00372	0.00807	0.00787	0.01088	0.01604	0.03118	0.01771	0.65251	0.14840	0.00539	0.00634	0.00712	0.04483	0.00348
3	0.01402	0.77228	0.04648	0.00922	0.01370	0.04713	0.00922	0.01580	0.01074	0.01238	0.00732	0.00846	0.00668	0.00450	0.00343	0.00114	0.00576	0.00283	0.00224	0.00669
4	0.00658	0.00493	0.00608	0.00655	0.00744	0.00446	0.00460	0.00797	0.01161	0.01535	0.22524	0.41115	0.22466	0.03002	0.00679	0.00196	0.00282	0.01234	0.00503	0.00442
5	0.00718	0.00532	0.00669	0.00635	0.00766	0.00483	0.00476	0.00945	0.01428	0.01979	0.66481	0.04070	0.16676	0.01105	0.00614	0.00166	0.00249	0.00967	0.00559	0.00483
6	0.00666	0.00522	0.00604	0.00610	0.00748	0.00460	0.00454	0.00834	0.01259	0.01629	0.29131	0.14345	0.41819	0.01278	0.00625	0.00179	0.00270	0.03600	0.00513	0.00456
7	0.01963	0.00794	0.01071	0.00863	0.01191	0.00694	0.00695	0.02159	0.01422	0.60845	0.08976	0.10059	0.01836	0.00781	0.00540	0.00165	0.00403	0.00657	0.04098	0.00787
8	0.01421	0.78022	0.02671	0.00906	0.01350	0.02039	0.00896	0.05281	0.01127	0.01327	0.00750	0.00856	0.00679	0.00454	0.00343	0.00114	0.00558	0.00288	0.00238	0.00679
9	0.01080	0.00926	0.01080	0.00771	0.01234	0.00694	0.00617	0.01311	0.01080	0.01697	0.00926	0.01080	0.00771	0.00386	0.00386	0.00077	0.00386	0.00309	0.00309	0.84882
10	0.01080	0.00926	0.01080	0.00771	0.01234	0.00694	0.00617	0.01311	0.01080	0.01697	0.00926	0.01080	0.00771	0.00386	0.00386	0.00077	0.00386	0.00309	0.00309	0.84882
11	0.00753	0.00522	0.00654	0.00654	0.00684	0.00552	0.00423	0.00813	0.00783	0.01074	0.01562	0.02971	0.01703	0.56720	0.27369	0.00611	0.00791	0.00693	0.00304	0.00364
12	0.00634	0.00453	0.00604	0.00725	0.00755	0.00423	0.00483	0.00725	0.00997	0.01329	0.02870	0.81358	0.03444	0.01632	0.00665	0.00211	0.00302	0.01480	0.00483	0.00423
13	0.01966	0.01430	0.01539	0.01186	0.01598	0.01579	0.00978	0.71999	0.05015	0.05442	0.01304	0.01289	0.00922	0.00629	0.00521	0.00157	0.00564	0.00475	0.00525	0.00884
14	0.01091	0.09490	0.66521	0.01523	0.04936	0.01289	0.04845	0.01640	0.01104	0.01615	0.00923	0.01096	0.00672	0.00487	0.00486	0.00160	0.00750	0.00388	0.00223	0.00760
15	0.01069	0.08309	0.73601	0.01442	0.02189	0.01270	0.01851	0.01643	0.01097	0.01619	0.00920	0.01081	0.00660	0.00491	0.00483	0.00161	0.00755	0.00377	0.00220	0.00762
16	0.00971	0.00485	0.00485	0.00485	0.00607	0.00485	0.00364	0.01213	0.01092	0.01942	0.01699	0.01942	0.01335	0.00607	0.00364	0.00121	0.00243	0.00485	0.84589	0.00485
17	0.00642	0.00473	0.00604	0.00705	0.00764	0.00435	0.00488	0.00748	0.01039	0.01355	0.03260	0.64694	0.15743	0.01570	0.00660	0.00207	0.00305	0.05394	0.00483	0.00429
18	0.01340	0.01309	0.10994	0.11631	0.05864	0.01246	0.02940	0.12839	0.34269	0.05216	0.03034	0.01649	0.01239	0.00626	0.00520	0.00168	0.00531	0.00524	0.03287	0.00776
19	0.01319	0.01294	0.02085	0.03111	0.74928	0.04829	0.01571	0.01620	0.01199	0.01682	0.00972	0.01273	0.00818	0.00467	0.00513	0.00154	0.00633	0.00458	0.00258	0.00815
20	0.01132	0.00926	0.01023	0.00935	0.01176	0.01019	0.00735	0.07092	0.43609	0.02125	0.19066	0.02890	0.07504	0.00888	0.00571	0.00178	0.00383	0.07519	0.00531	0.00698
21	0.07292	0.00930	0.01152	0.00904	0.01266	0.00878	0.00738	0.12966	0.01541	0.53626	0.03800	0.01829	0.03020	0.03527	0.00584	0.00171	0.00444	0.00531	0.03990	0.00810
22	0.01027	0.01267	0.17226	0.01425	0.10616	0.00941	0.14436	0.06951	0.01288	0.01791	0.13504	0.12008	0.10747	0.00818	0.00569	0.00170	0.00542	0.00748	0.03288	0.00640
23	0.01215	0.01009	0.01065	0.00957	0.01236	0.01125	0.00745	0.04923	0.57966	0.04156	0.02703	0.02512	0.16496	0.00821	0.00546	0.00175	0.00390	0.00682	0.00524	0.00753
24	0.00729	0.00543	0.00632	0.00621	0.00777	0.00478	0.00474	0.00909	0.01291	0.04150	0.30267	0.07192	0.42585	0.01228	0.00621	0.00177	0.00279	0.06054	0.00520	0.00474
25	0.01279	0.01307	0.03393	0.17112	0.45524	0.07711	0.04982	0.01708	0.08726	0.01642	0.01070	0.01345	0.00859	0.00504	0.00518	0.00160	0.00654	0.00471	0.00280	0.00754
26	0.00877	0.00742	0.00953	0.07004	0.05931	0.05166	0.00711	0.01018	0.00904	0.01215	0.01476	0.10150	0.01528	0.23222	0.32139	0.00523	0.05002	0.00672	0.00301	0.00466
27	0.00632	0.00464	0.00593	0.00695	0.00748	0.00425	0.00470	0.00728	0.01026	0.01341	0.03232	0.69886	0.14683	0.01585	0.00657	0.00206	0.00296	0.01423	0.00483	0.00425
28	0.04871	0.01111	0.01373	0.01260	0.07363	0.01204	0.06141	0.09674	0.41789	0.12164	0.01816	0.03877	0.01369	0.00666	0.00524	0.00170	0.00472	0.00570	0.02787	0.00799
29	0.01281	0.01236	0.01994	0.15817	0.56444	0.03771	0.04113	0.04148	0.03053	0.01690	0.01004	0.01313	0.00817	0.00486	0.00519	0.00158	0.00644	0.00468	0.00269	0.00775

[dist]
# distance from previous block
# <min> <max>
1	8

[block]
# block no. 7 follows, 47 sequences, length 16
# corresponding to MSA columns:
# 430-435,486-495
name=unknown_H
#
# <colnr> <probs for GDERKNQSTAVLIFYWHMCP>
#	G	D	E	R	K	N	Q	S	T	A	V	L	I	F	Y	W	H	M	C	P
0	0.01361	0.03243	0.02044	0.02815	0.63272	0.07693	0.03220	0.04280	0.01249	0.01710	0.00969	0.01244	0.00808	0.00472	0.00506	0.00150	0.00640	0.00448	0.00269	0.03607
1	0.00690	0.00563	0.00618	0.00609	0.00772	0.00509	0.00459	0.00929	0.05799	0.01599	0.20888	0.07085	0.52022	0.01293	0.02247	0.00189	0.00297	0.02453	0.00502	0.00475
2	0.00653	0.00512	0.00592	0.00617	0.00744	0.00451	0.00451	0.00802	0.01200	0.01536	0.19935	0.23825	0.41854	0.01347	0.00631	0.00184	0.00276	0.03441	0.00502	0.00448
3	0.00651	0.00462	0.00606	0.00707	0.00740	0.00434	0.00469	0.00741	0.01000	0.01340	0.06683	0.70307	0.03381	0.08808	0.00841	0.00235	0.00317	0.01387	0.00473	0.00417
4	0.01038	0.00623	0.00554	0.00544	0.00676	0.05947	0.00408	0.01273	0.01119	0.01895	0.01637	0.01872	0.01289	0.00602	0.00371	0.00122	0.00291	0.00475	0.78768	0.00494
5	0.01447	0.01194	0.01263	0.01090	0.01412	0.01366	0.00861	0.19119	0.60911	0.02422	0.01927	0.01790	0.01434	0.00689	0.00528	0.00172	0.00448	0.00562	0.00528	0.00838
6	0.85377	0.01007	0.00765	0.00685	0.01007	0.01168	0.00564	0.01531	0.00886	0.02336	0.00725	0.00846	0.00564	0.00483	0.00322	0.00161	0.00403	0.00282	0.00322	0.00564
7	0.01730	0.01146	0.13151	0.01004	0.01409	0.00860	0.02411	0.06116	0.04555	0.43269	0.02161	0.05322	0.09292	0.00876	0.04072	0.00196	0.00526	0.00605	0.00520	0.00777
8	0.00806	0.00595	0.00764	0.00812	0.06373	0.00539	0.00553	0.01013	0.01346	0.05246	0.43413	0.06702	0.27678	0.01103	0.00605	0.00169	0.00289	0.00958	0.00522	0.00514
9	0.00846	0.00642	0.00965	0.00984	0.01132	0.00627	0.05997	0.01100	0.01256	0.01672	0.17708	0.05169	0.03228	0.01295	0.00691	0.00220	0.00460	0.55028	0.00483	0.00497
10	0.03044	0.04965	0.48036	0.01756	0.15389	0.01266	0.06657	0.05165	0.01185	0.04184	0.00982	0.01167	0.00727	0.00506	0.00531	0.00163	0.02828	0.00418	0.00260	0.00771
11	0.02939	0.23757	0.28945	0.01351	0.05427	0.02775	0.07915	0.09461	0.03118	0.01732	0.00945	0.01091	0.00735	0.00486	0.00454	0.00143	0.00650	0.00385	0.00275	0.07418
12	0.00875	0.00660	0.02842	0.00891	0.00998	0.00621	0.06171	0.03587	0.01012	0.03712	0.02064	0.43226	0.02304	0.02968	0.02363	0.17130	0.03360	0.03040	0.01728	0.00450
13	0.01889	0.00780	0.01058	0.00862	0.01177	0.00682	0.00690	0.02083	0.01425	0.57902	0.13011	0.12316	0.02083	0.00831	0.00555	0.00168	0.00397	0.00706	0.00614	0.00770
14	0.09092	0.01539	0.21883	0.01579	0.17465	0.04311	0.02503	0.05266	0.07278	0.11839	0.02840	0.05313	0.01091	0.00680	0.02103	0.00179	0.03439	0.00503	0.00355	0.00743
15	0.01205	0.02987	0.11523	0.27049	0.32006	0.02775	0.04760	0.01554	0.01141	0.04541	0.00990	0.01294	0.00770	0.00489	0.00508	0.00158	0.00660	0.00448	0.00262	0.04878

[dist]
# distance from previous block
# <min> <max>
6	8

[block]
# block no. 8 follows, 47 sequences, length 23
# corresponding to MSA columns:
# 505-527
name=unknown_I
#
# <colnr> <probs for GDERKNQSTAVLIFYWHMCP>
#	G	D	E	R	K	N	Q	S	T	A	V	L	I	F	Y	W	H	M	C	P
0	0.01543	0.05174	0.03507	0.06722	0.25252	0.09954	0.06421	0.16374	0.03981	0.08145	0.01118	0.01277	0.00855	0.00531	0.00525	0.00152	0.02100	0.00451	0.00349	0.05569
1	0.00751	0.00507	0.00591	0.00596	0.00604	0.00513	0.00349	0.00770	0.00773	0.01038	0.01669	0.06326	0.01906	0.72395	0.08704	0.00520	0.00568	0.00770	0.00319	0.00332
2	0.00958	0.01210	0.15431	0.07157	0.11086	0.00939	0.13541	0.01325	0.04421	0.01605	0.08978	0.11829	0.15711	0.00842	0.00603	0.00176	0.02448	0.00761	0.00358	0.00622
3	0.01080	0.00926	0.01080	0.00771	0.01234	0.00694	0.00617	0.01311	0.01080	0.01697	0.00926	0.01080	0.00771	0.00386	0.00386	0.00077	0.00386	0.00309	0.00309	0.84882
4	0.03211	0.04754	0.08467	0.09157	0.35346	0.01305	0.16519	0.01642	0.06027	0.01654	0.01023	0.01308	0.00820	0.00511	0.00602	0.00166	0.05992	0.00483	0.00269	0.00745
5	0.01139	0.01139	0.01595	0.01367	0.01367	0.01595	0.01139	0.01253	0.00798	0.01253	0.00684	0.01139	0.00684	0.00911	0.01709	0.00228	0.80745	0.00456	0.00228	0.00570
6	0.01484	0.01442	0.09704	0.11680	0.20109	0.10064	0.01227	0.12587	0.11183	0.09940	0.04504	0.01480	0.01101	0.00581	0.00516	0.00160	0.00613	0.00484	0.00378	0.00764
7	0.01457	0.01682	0.01542	0.34386	0.04927	0.37952	0.01220	0.01684	0.01230	0.01310	0.00851	0.01154	0.00687	0.00558	0.00594	0.00159	0.07358	0.00403	0.00249	0.00598
8	0.04735	0.02162	0.01473	0.01462	0.08986	0.61711	0.01022	0.04559	0.02913	0.01442	0.00947	0.04395	0.00824	0.00580	0.00480	0.00142	0.00840	0.00404	0.00292	0.00630
9	0.00634	0.00453	0.00604	0.00725	0.00755	0.00423	0.00483	0.00725	0.00997	0.01329	0.02870	0.81358	0.03444	0.01632	0.00665	0.00211	0.00302	0.01480	0.00483	0.00423
10	0.32517	0.00976	0.01129	0.00896	0.01274	0.00972	0.03355	0.05653	0.01307	0.44689	0.01497	0.01398	0.00989	0.00578	0.00453	0.00161	0.00450	0.00436	0.00508	0.00762
11	0.01945	0.02482	0.01476	0.01342	0.01610	0.79608	0.01006	0.02079	0.01476	0.01275	0.00805	0.00939	0.00671	0.00537	0.00470	0.00134	0.00939	0.00335	0.00268	0.00604
12	0.01110	0.04050	0.65071	0.01531	0.05610	0.02945	0.03990	0.03316	0.01144	0.01674	0.00940	0.01111	0.00681	0.00490	0.00491	0.00159	0.00745	0.00391	0.00234	0.04318
13	0.00757	0.00507	0.00579	0.00579	0.00583	0.00511	0.00329	0.00764	0.00761	0.01018	0.01631	0.03353	0.01869	0.78570	0.05747	0.00518	0.00541	0.00749	0.00314	0.00322
14	0.05832	0.00804	0.01137	0.32041	0.01989	0.00921	0.00934	0.06158	0.01139	0.06584	0.06469	0.03749	0.04774	0.03710	0.10787	0.02945	0.02381	0.00564	0.06522	0.00561
15	0.01130	0.00639	0.00655	0.00598	0.00766	0.00663	0.00463	0.13105	0.01306	0.02153	0.01628	0.01833	0.01264	0.00610	0.00389	0.00127	0.00295	0.00483	0.71348	0.00548
16	0.00742	0.00543	0.00773	0.00779	0.00851	0.00612	0.00577	0.00887	0.00829	0.01175	0.01510	0.05919	0.01516	0.19115	0.60891	0.00743	0.01170	0.00639	0.00295	0.00434
17	0.01593	0.01017	0.01173	0.00973	0.01286	0.01069	0.00778	0.19890	0.24752	0.21190	0.18214	0.02154	0.02062	0.00749	0.00544	0.00165	0.00422	0.00620	0.00565	0.00783
18	0.01945	0.02482	0.01476	0.01342	0.01610	0.79608	0.01006	0.02079	0.01476	0.01275	0.00805	0.00939	0.00671	0.00537	0.00470	0.00134	0.00939	0.00335	0.00268	0.00604
19	0.00749	0.00537	0.00729	0.00729	0.00785	0.00592	0.00517	0.00861	0.00805	0.01129	0.01493	0.02592	0.01539	0.35082	0.48783	0.00704	0.01038	0.00638	0.00294	0.00405
20	0.05319	0.35147	0.11533	0.01157	0.05857	0.12940	0.01031	0.04848	0.01220	0.08059	0.00928	0.01027	0.00742	0.00487	0.00412	0.00129	0.00612	0.00342	0.00291	0.07918
21	0.01187	0.00981	0.04544	0.00925	0.01156	0.00975	0.00737	0.23865	0.13532	0.02029	0.02168	0.20080	0.07740	0.13463	0.00898	0.00231	0.00458	0.03939	0.00464	0.00628
22	0.15227	0.32055	0.04839	0.06162	0.06488	0.07065	0.00950	0.08347	0.04664	0.04532	0.01024	0.04701	0.00873	0.00555	0.00419	0.00143	0.00559	0.00406	0.00313	0.00678

[dist]
# distance from previous block
# <min> <max>
0	27

# created by:
# /home/cegg/simao/soft/augustus-3.2.1/scripts/msa2prfl.pl ./align_prep/EOG091G0GA7.fa
