[name]
unknown

[dist]
# distance from previous block
# <min> <max>
0	35

[block]
# block no. 0 follows, 48 sequences, length 6
# corresponding to MSA columns:
# 35-40
name=unknown_A
#
# <colnr> <probs for GDERKNQSTAVLIFYWHMCP>
#	G	D	E	R	K	N	Q	S	T	A	V	L	I	F	Y	W	H	M	C	P
0	0.00855	0.00771	0.00755	0.00759	0.00872	0.11773	0.00549	0.01022	0.01275	0.01649	0.37394	0.30403	0.07610	0.01181	0.00602	0.00174	0.00360	0.01035	0.00487	0.00474
1	0.01316	0.01249	0.01702	0.01349	0.01639	0.12317	0.24011	0.12880	0.01338	0.03403	0.03298	0.05839	0.01217	0.05283	0.03787	0.00210	0.07381	0.02899	0.08261	0.00622
2	0.01302	0.12781	0.02168	0.01458	0.01869	0.05011	0.32594	0.05437	0.01219	0.05897	0.01136	0.04418	0.00961	0.00559	0.00581	0.00152	0.05157	0.03367	0.00309	0.13625
3	0.00847	0.12163	0.00953	0.00702	0.00818	0.00745	0.00533	0.00953	0.00923	0.01253	0.07448	0.04854	0.05145	0.25496	0.20442	0.05826	0.00663	0.04806	0.05000	0.00430
4	0.01210	0.12546	0.01469	0.00980	0.04468	0.00966	0.04867	0.01437	0.01091	0.06827	0.00960	0.01104	0.00780	0.00429	0.00443	0.00100	0.03156	0.00342	0.00307	0.56517
5	0.00879	0.12201	0.00974	0.00704	0.00886	0.00733	0.00564	0.01104	0.03713	0.05044	0.32396	0.11001	0.18181	0.03206	0.00625	0.00175	0.00332	0.06288	0.00478	0.00515

[dist]
# distance from previous block
# <min> <max>
1	3

[block]
# block no. 1 follows, 48 sequences, length 7
# corresponding to MSA columns:
# 44-50
name=unknown_B
#
# <colnr> <probs for GDERKNQSTAVLIFYWHMCP>
#	G	D	E	R	K	N	Q	S	T	A	V	L	I	F	Y	W	H	M	C	P
0	0.01212	0.01188	0.02109	0.16086	0.56652	0.01216	0.10906	0.01539	0.01150	0.01611	0.00965	0.01301	0.00787	0.00464	0.00521	0.00158	0.00654	0.00475	0.00250	0.00757
1	0.01663	0.01519	0.01363	0.01155	0.01483	0.18648	0.00911	0.29709	0.33544	0.02348	0.01492	0.01448	0.01114	0.00630	0.00506	0.00158	0.00578	0.00482	0.00462	0.00787
2	0.50197	0.01087	0.00852	0.00774	0.01036	0.12545	0.00609	0.01483	0.01098	0.04742	0.16152	0.04804	0.01556	0.00649	0.00416	0.00157	0.00441	0.00470	0.00376	0.00553
3	0.01446	0.01352	0.01954	0.01460	0.01895	0.12642	0.31621	0.04400	0.05352	0.11384	0.01159	0.01310	0.00864	0.00480	0.00513	0.00142	0.00672	0.00477	0.00340	0.20538
4	0.01236	0.13237	0.04996	0.01739	0.02189	0.01393	0.48270	0.05003	0.05153	0.01632	0.01049	0.01333	0.00823	0.00661	0.04815	0.00200	0.04778	0.00531	0.00276	0.00685
5	0.01366	0.01087	0.01119	0.00983	0.01257	0.06788	0.00776	0.13126	0.35602	0.08437	0.13391	0.02378	0.05753	0.00789	0.00543	0.00168	0.00442	0.04758	0.00513	0.00724
6	0.00949	0.00846	0.00761	0.00711	0.00902	0.12172	0.00539	0.01163	0.04302	0.05873	0.22635	0.03776	0.41329	0.01063	0.00577	0.00163	0.00369	0.00882	0.00478	0.00509

[dist]
# distance from previous block
# <min> <max>
0	19

[block]
# block no. 2 follows, 48 sequences, length 27
# corresponding to MSA columns:
# 70-96
name=unknown_C
#
# <colnr> <probs for GDERKNQSTAVLIFYWHMCP>
#	G	D	E	R	K	N	Q	S	T	A	V	L	I	F	Y	W	H	M	C	P
0	0.01274	0.24862	0.44831	0.01276	0.01862	0.14644	0.01460	0.01671	0.01134	0.01446	0.00841	0.00984	0.00654	0.00481	0.00439	0.00143	0.00728	0.00342	0.00225	0.00703
1	0.03873	0.06096	0.05049	0.00970	0.01162	0.16644	0.03044	0.02591	0.01110	0.03875	0.02634	0.16974	0.06145	0.11885	0.01929	0.01998	0.05905	0.07244	0.00353	0.00518
2	0.00846	0.00618	0.00749	0.00780	0.00883	0.00615	0.00554	0.13535	0.01235	0.01638	0.02714	0.63161	0.07842	0.01421	0.00628	0.00197	0.00340	0.01267	0.00483	0.00494
3	0.01216	0.01005	0.01433	0.01166	0.01445	0.01075	0.15063	0.04221	0.24631	0.09838	0.03536	0.03817	0.16960	0.00810	0.00711	0.00179	0.11103	0.00681	0.00436	0.00675
4	0.01376	0.01276	0.01886	0.13305	0.51668	0.05229	0.01424	0.14237	0.01372	0.01867	0.00994	0.01260	0.00798	0.00495	0.00507	0.00154	0.00628	0.00451	0.00295	0.00779
5	0.01280	0.01309	0.01740	0.37674	0.19209	0.14438	0.06232	0.06638	0.01227	0.01530	0.00926	0.01257	0.00727	0.00517	0.00546	0.00161	0.03229	0.00445	0.00261	0.00655
6	0.00639	0.00493	0.00584	0.00621	0.00728	0.00438	0.00443	0.00777	0.01158	0.01500	0.19867	0.34007	0.34176	0.01364	0.00625	0.00184	0.00271	0.01194	0.00495	0.00438
7	0.01144	0.01926	0.38376	0.01209	0.01669	0.14242	0.01289	0.05443	0.04513	0.01653	0.07487	0.12672	0.02681	0.00748	0.00527	0.00166	0.00641	0.02629	0.00328	0.00657
8	0.01661	0.03723	0.01439	0.01140	0.01461	0.14173	0.10832	0.07303	0.03211	0.28702	0.04243	0.08562	0.02707	0.00762	0.00547	0.00166	0.00570	0.07633	0.00466	0.00700
9	0.00782	0.14213	0.00979	0.00770	0.00881	0.00720	0.00583	0.00923	0.02466	0.01330	0.02449	0.59469	0.02859	0.01376	0.00603	0.00194	0.00358	0.08142	0.00434	0.00470
10	0.77715	0.03652	0.00956	0.00772	0.01106	0.01189	0.05222	0.01517	0.00899	0.02226	0.00734	0.00867	0.00573	0.00472	0.00335	0.00158	0.00430	0.00298	0.00311	0.00567
11	0.22014	0.00926	0.01096	0.00869	0.01243	0.00890	0.00715	0.04396	0.04031	0.56041	0.01693	0.01521	0.01100	0.00599	0.00469	0.00159	0.00430	0.00460	0.00552	0.00796
12	0.01026	0.15922	0.10688	0.00890	0.01192	0.03287	0.00812	0.01550	0.18377	0.01754	0.25166	0.03943	0.10200	0.00819	0.00521	0.00158	0.00424	0.02224	0.00429	0.00619
13	0.01360	0.01168	0.04630	0.03922	0.31546	0.01088	0.16413	0.01661	0.01198	0.14645	0.03682	0.03184	0.01049	0.00546	0.00586	0.00158	0.04824	0.00519	0.00335	0.07487
14	0.01518	0.14823	0.03778	0.01294	0.01701	0.01327	0.20580	0.15607	0.10417	0.14070	0.03369	0.01532	0.01104	0.00578	0.00526	0.00156	0.01802	0.01858	0.03217	0.00745
15	0.66152	0.01265	0.00922	0.00816	0.01131	0.14404	0.00656	0.06467	0.01070	0.02186	0.00761	0.00875	0.00594	0.00494	0.00355	0.00154	0.00496	0.00299	0.00321	0.00583
16	0.01397	0.15019	0.02034	0.01391	0.01756	0.13740	0.23388	0.10153	0.13370	0.01743	0.03030	0.05368	0.01097	0.00601	0.00556	0.00157	0.03642	0.00532	0.00340	0.00686
17	0.00887	0.14238	0.00932	0.00621	0.00704	0.00761	0.00416	0.00920	0.00813	0.02846	0.01474	0.02895	0.01649	0.66388	0.02180	0.00424	0.00505	0.00662	0.00303	0.00382
18	0.02229	0.14301	0.01005	0.00720	0.00887	0.00838	0.00563	0.03577	0.08173	0.01595	0.02008	0.28917	0.03973	0.02237	0.00566	0.02421	0.00354	0.02438	0.22676	0.00521
19	0.00724	0.00529	0.00704	0.00672	0.00789	0.00509	0.00508	0.00952	0.01338	0.01891	0.63192	0.03563	0.06611	0.01527	0.13926	0.00273	0.00433	0.00869	0.00513	0.00478
20	0.01355	0.78271	0.06543	0.00907	0.01362	0.01988	0.00929	0.01541	0.01045	0.01228	0.00724	0.00836	0.00658	0.00441	0.00337	0.00112	0.00559	0.00280	0.00219	0.00663
21	0.20330	0.00596	0.00541	0.00523	0.00688	0.00632	0.00404	0.01267	0.01030	0.02002	0.01454	0.01666	0.01141	0.00570	0.00349	0.00129	0.00275	0.00432	0.65474	0.00496
22	0.01029	0.14139	0.54711	0.01238	0.01842	0.01198	0.01507	0.01502	0.01139	0.01635	0.13916	0.01506	0.01355	0.00575	0.00484	0.00154	0.00640	0.00456	0.00276	0.00697
23	0.01308	0.14725	0.01409	0.00996	0.01314	0.01378	0.00811	0.08587	0.53995	0.02033	0.01976	0.01859	0.06052	0.00683	0.00494	0.00162	0.00434	0.00550	0.00468	0.00768
24	0.00850	0.14264	0.01092	0.00788	0.00928	0.00851	0.00630	0.01009	0.00860	0.01195	0.01304	0.01979	0.01252	0.12895	0.54145	0.00639	0.01087	0.00525	0.03233	0.00474
25	0.03732	0.05843	0.01368	0.01104	0.01285	0.01083	0.09142	0.02743	0.08885	0.01475	0.01636	0.03384	0.07126	0.01635	0.21337	0.00355	0.18893	0.08079	0.00328	0.00566
26	0.01739	0.14911	0.01591	0.01068	0.01441	0.06245	0.00891	0.34323	0.15389	0.12539	0.01380	0.01359	0.01013	0.00699	0.02969	0.00170	0.00564	0.00453	0.00459	0.00796

[dist]
# distance from previous block
# <min> <max>
5	43

[block]
# block no. 3 follows, 48 sequences, length 7
# corresponding to MSA columns:
# 144-150
name=unknown_D
#
# <colnr> <probs for GDERKNQSTAVLIFYWHMCP>
#	G	D	E	R	K	N	Q	S	T	A	V	L	I	F	Y	W	H	M	C	P
0	0.01181	0.01087	0.01691	0.20105	0.32686	0.01178	0.05969	0.01790	0.20624	0.01724	0.01284	0.01500	0.01002	0.00537	0.00510	0.00162	0.00569	0.00499	0.05172	0.00730
1	0.01346	0.01024	0.01241	0.01114	0.04375	0.01124	0.03141	0.22329	0.21307	0.06881	0.06153	0.14251	0.01725	0.03613	0.02805	0.00203	0.05498	0.00694	0.00471	0.00706
2	0.00788	0.00513	0.00675	0.00685	0.00781	0.00478	0.00507	0.00888	0.01139	0.03925	0.28523	0.16148	0.13956	0.01359	0.00922	0.18374	0.00329	0.09133	0.00457	0.00421
3	0.01226	0.01333	0.01719	0.01418	0.01599	0.16919	0.17244	0.01424	0.01017	0.01318	0.00908	0.01309	0.00809	0.01284	0.16044	0.00309	0.32816	0.00478	0.00249	0.00576
4	0.00805	0.00667	0.00936	0.01154	0.17460	0.00624	0.00693	0.01021	0.01287	0.01752	0.37874	0.08567	0.23144	0.01023	0.00588	0.00166	0.00329	0.00902	0.00469	0.00537
5	0.00743	0.00496	0.00670	0.00749	0.00809	0.00477	0.00557	0.00808	0.00979	0.01280	0.02533	0.33464	0.08902	0.04517	0.01028	0.18409	0.00384	0.22393	0.00415	0.00389
6	0.01103	0.01451	0.18230	0.01372	0.01534	0.01490	0.01288	0.01318	0.00850	0.01318	0.00727	0.01114	0.00669	0.00810	0.01428	0.00211	0.63828	0.00434	0.00223	0.00604

[dist]
# distance from previous block
# <min> <max>
0	1

[block]
# block no. 4 follows, 48 sequences, length 14
# corresponding to MSA columns:
# 152-165
name=unknown_E
#
# <colnr> <probs for GDERKNQSTAVLIFYWHMCP>
#	G	D	E	R	K	N	Q	S	T	A	V	L	I	F	Y	W	H	M	C	P
0	0.01817	0.01379	0.01525	0.01291	0.06594	0.01525	0.00993	0.62261	0.12345	0.02988	0.01328	0.01325	0.00961	0.00616	0.00514	0.00157	0.00547	0.00477	0.00498	0.00861
1	0.08404	0.05284	0.67186	0.01429	0.04634	0.01219	0.01732	0.01610	0.01066	0.01671	0.00897	0.01059	0.00648	0.00484	0.00468	0.00160	0.00714	0.00369	0.00227	0.00739
2	0.01119	0.01074	0.01793	0.01425	0.01710	0.03337	0.28473	0.01605	0.14376	0.03538	0.01327	0.01709	0.01098	0.01513	0.22912	0.00361	0.09622	0.02058	0.00320	0.00631
3	0.01111	0.00940	0.01089	0.00782	0.01236	0.00732	0.00628	0.05336	0.01136	0.01755	0.00929	0.01073	0.00766	0.00393	0.00387	0.00080	0.00390	0.00312	0.00315	0.80608
4	0.01458	0.00673	0.00922	0.00832	0.01053	0.00615	0.00647	0.01623	0.01224	0.38794	0.04585	0.27948	0.02160	0.01358	0.09301	0.00252	0.00491	0.04881	0.00533	0.00646
5	0.01734	0.01330	0.01418	0.01137	0.01509	0.01490	0.00923	0.53161	0.26660	0.02884	0.01507	0.01451	0.01096	0.00642	0.00516	0.00160	0.00514	0.00500	0.00516	0.00853
6	0.00981	0.00623	0.00709	0.04802	0.00918	0.00649	0.00523	0.05386	0.08428	0.02013	0.21731	0.02350	0.02204	0.00722	0.00455	0.00140	0.00296	0.00603	0.45930	0.00537
7	0.00747	0.00524	0.00646	0.00651	0.00679	0.00549	0.00424	0.00802	0.00801	0.01084	0.01732	0.06720	0.03599	0.56181	0.17240	0.00522	0.02496	0.03923	0.00320	0.00359
8	0.02182	0.01066	0.01310	0.01004	0.01406	0.01040	0.00830	0.27957	0.01791	0.53211	0.01754	0.01571	0.01134	0.00629	0.00515	0.00157	0.00480	0.00498	0.00593	0.00873
9	0.00657	0.00487	0.00577	0.00620	0.00715	0.00440	0.00435	0.00788	0.01112	0.01469	0.15289	0.36376	0.28418	0.04951	0.00703	0.00198	0.00282	0.01168	0.04885	0.00431
10	0.00740	0.00540	0.00654	0.00703	0.00764	0.00540	0.00481	0.00935	0.07525	0.01300	0.02470	0.35239	0.07502	0.27940	0.03520	0.00318	0.00416	0.07573	0.00420	0.00423
11	0.01151	0.31065	0.51969	0.01254	0.01898	0.01491	0.01533	0.01593	0.01069	0.01476	0.00847	0.00990	0.00653	0.00470	0.00431	0.00144	0.00684	0.00342	0.00218	0.00723
12	0.19156	0.05722	0.01309	0.01051	0.01378	0.21962	0.00838	0.16893	0.18583	0.06465	0.01219	0.01229	0.00918	0.00574	0.00452	0.00152	0.00581	0.00409	0.00401	0.00709
13	0.62145	0.01043	0.02761	0.05955	0.01243	0.02815	0.00671	0.01540	0.00955	0.06311	0.00828	0.00952	0.00631	0.00478	0.00355	0.00150	0.00436	0.00309	0.00324	0.10098

[dist]
# distance from previous block
# <min> <max>
0	154

[block]
# block no. 5 follows, 48 sequences, length 17
# corresponding to MSA columns:
# 320-336
name=unknown_F
#
# <colnr> <probs for GDERKNQSTAVLIFYWHMCP>
#	G	D	E	R	K	N	Q	S	T	A	V	L	I	F	Y	W	H	M	C	P
0	0.00993	0.00906	0.01008	0.00837	0.01130	0.05594	0.03976	0.01386	0.13057	0.01679	0.11550	0.04671	0.20252	0.00785	0.00527	0.00139	0.01671	0.00659	0.00410	0.28769
1	0.03398	0.00801	0.00899	0.00740	0.01000	0.00787	0.00589	0.12148	0.01256	0.05891	0.01488	0.01645	0.04461	0.00665	0.01850	0.01425	0.05117	0.00454	0.33157	0.22230
2	0.00628	0.00463	0.00589	0.00680	0.00738	0.00423	0.00463	0.00733	0.01039	0.01366	0.07654	0.65070	0.15220	0.01527	0.00644	0.00200	0.00289	0.01369	0.00482	0.00423
3	0.00814	0.00590	0.00714	0.00662	0.00820	0.00553	0.00503	0.03051	0.05474	0.04528	0.53600	0.03838	0.20787	0.01061	0.00596	0.00164	0.00270	0.00918	0.00544	0.00513
4	0.01896	0.00963	0.01166	0.00934	0.01281	0.00954	0.00758	0.15495	0.14295	0.43435	0.04309	0.01766	0.01368	0.00652	0.00505	0.00157	0.00430	0.00527	0.08297	0.00814
5	0.01340	0.74989	0.09701	0.00931	0.01400	0.01954	0.00971	0.01545	0.01046	0.01245	0.00732	0.00847	0.00658	0.00443	0.00344	0.00115	0.00568	0.00284	0.00219	0.00668
6	0.20231	0.01132	0.01042	0.00918	0.01180	0.14881	0.02368	0.05274	0.08449	0.13200	0.12775	0.11959	0.01791	0.00763	0.00494	0.00161	0.00480	0.00614	0.00438	0.01850
7	0.01162	0.01110	0.01034	0.00992	0.01169	0.19106	0.02852	0.10982	0.03421	0.01618	0.02189	0.31474	0.06278	0.01124	0.00593	0.00184	0.00523	0.13216	0.00426	0.00545
8	0.00730	0.00491	0.00564	0.00580	0.00584	0.00487	0.00333	0.00742	0.00777	0.01036	0.01776	0.13674	0.02067	0.71376	0.02354	0.00459	0.00471	0.00840	0.00333	0.00325
9	0.01285	0.60742	0.12877	0.00942	0.01426	0.01739	0.00981	0.01516	0.01051	0.01325	0.00768	0.00890	0.00671	0.00438	0.00357	0.00112	0.00555	0.00292	0.00230	0.11802
10	0.02558	0.04363	0.01073	0.00900	0.01098	0.00817	0.04320	0.11206	0.02954	0.11022	0.13708	0.28260	0.04741	0.02323	0.00652	0.00186	0.02979	0.05779	0.00479	0.00583
11	0.00639	0.00462	0.00581	0.00670	0.00713	0.00429	0.00444	0.00721	0.00975	0.01278	0.02965	0.61721	0.12596	0.12160	0.00907	0.00242	0.00319	0.01318	0.00455	0.00405
12	0.00786	0.00567	0.00777	0.00888	0.00998	0.00558	0.00753	0.00997	0.01154	0.01496	0.02888	0.15731	0.07769	0.01435	0.00695	0.00229	0.00436	0.60908	0.00473	0.00463
13	0.03789	0.00932	0.01156	0.01010	0.01213	0.04338	0.07376	0.14535	0.05574	0.01866	0.12054	0.19456	0.10265	0.01015	0.00685	0.00182	0.07819	0.05710	0.00440	0.00582
14	0.01215	0.01163	0.01984	0.17244	0.65100	0.01205	0.01548	0.01527	0.01142	0.01610	0.00955	0.01288	0.00789	0.00467	0.00509	0.00156	0.00623	0.00457	0.00249	0.00769
15	0.00681	0.00494	0.00654	0.00758	0.00826	0.00467	0.00563	0.00818	0.01066	0.01399	0.05221	0.52345	0.09800	0.01513	0.00664	0.00211	0.00340	0.21268	0.00478	0.00435
16	0.02930	0.01238	0.01577	0.12290	0.28568	0.08400	0.01172	0.11658	0.14186	0.06939	0.03274	0.03215	0.01102	0.00584	0.00510	0.00159	0.00577	0.00501	0.00369	0.00751

[dist]
# distance from previous block
# <min> <max>
4	13

[block]
# block no. 6 follows, 48 sequences, length 14
# corresponding to MSA columns:
# 350-363
name=unknown_G
#
# <colnr> <probs for GDERKNQSTAVLIFYWHMCP>
#	G	D	E	R	K	N	Q	S	T	A	V	L	I	F	Y	W	H	M	C	P
0	0.01222	0.01168	0.01969	0.02958	0.73077	0.01162	0.01488	0.01514	0.01168	0.01655	0.01274	0.01537	0.06478	0.00519	0.00515	0.00154	0.00584	0.00503	0.00270	0.00785
1	0.18746	0.01202	0.01822	0.01378	0.01787	0.04411	0.29777	0.06620	0.06721	0.18741	0.02963	0.01413	0.00986	0.00533	0.00510	0.00164	0.00614	0.00504	0.00394	0.00715
2	0.04464	0.01195	0.01218	0.01034	0.01323	0.09487	0.00818	0.10440	0.29277	0.11405	0.01603	0.03212	0.02604	0.02524	0.00660	0.00168	0.08510	0.00512	0.00443	0.09102
3	0.01225	0.01174	0.02002	0.14621	0.67643	0.01207	0.01553	0.01536	0.01147	0.01622	0.00957	0.01284	0.00794	0.00465	0.00509	0.00155	0.00621	0.00457	0.00250	0.00777
4	0.00724	0.00538	0.00610	0.00598	0.00760	0.00471	0.00459	0.00897	0.01254	0.04375	0.24268	0.04514	0.48606	0.01200	0.00604	0.00173	0.00277	0.06496	0.02710	0.00467
5	0.01029	0.02654	0.79309	0.01462	0.02221	0.01192	0.01896	0.01625	0.01083	0.01625	0.00921	0.01083	0.00650	0.00487	0.00487	0.00162	0.00758	0.00379	0.00217	0.00758
6	0.01861	0.01228	0.01360	0.01067	0.01440	0.01321	0.00873	0.50396	0.09471	0.16565	0.03479	0.01495	0.01138	0.00637	0.00509	0.00155	0.00500	0.00496	0.05174	0.00835
7	0.01141	0.01087	0.01849	0.36482	0.46444	0.01185	0.01510	0.01461	0.01107	0.01519	0.00942	0.01312	0.00757	0.00481	0.00510	0.00160	0.00642	0.00457	0.00243	0.00708
8	0.85592	0.00992	0.00754	0.00675	0.00992	0.01151	0.00556	0.01508	0.00873	0.02302	0.00714	0.00834	0.00556	0.00476	0.00318	0.00159	0.00397	0.00278	0.00318	0.00556
9	0.01350	0.01061	0.01429	0.01104	0.01487	0.01028	0.11605	0.09808	0.18382	0.10653	0.01423	0.04740	0.01118	0.00581	0.00531	0.00140	0.03341	0.00502	0.00410	0.29305
10	0.00990	0.00916	0.01478	0.69806	0.03204	0.01130	0.01333	0.04134	0.01078	0.01385	0.01178	0.01573	0.05470	0.00580	0.00563	0.00173	0.03690	0.00494	0.00254	0.00573
11	0.00750	0.00555	0.00762	0.00759	0.00813	0.00627	0.00549	0.00865	0.00807	0.01138	0.01507	0.07288	0.01569	0.28549	0.46541	0.00653	0.04897	0.00663	0.00296	0.00414
12	0.01039	0.01949	0.45491	0.09383	0.02237	0.01140	0.15029	0.01594	0.05835	0.01653	0.06712	0.03393	0.01105	0.00561	0.00526	0.00167	0.00699	0.00506	0.00276	0.00703
13	0.00735	0.00515	0.00689	0.00720	0.00802	0.00529	0.00527	0.00877	0.00961	0.02809	0.05957	0.25699	0.09275	0.09811	0.30618	0.00457	0.00721	0.03368	0.04489	0.00441

[dist]
# distance from previous block
# <min> <max>
0	16

[block]
# block no. 7 follows, 48 sequences, length 13
# corresponding to MSA columns:
# 385-397
name=unknown_H
#
# <colnr> <probs for GDERKNQSTAVLIFYWHMCP>
#	G	D	E	R	K	N	Q	S	T	A	V	L	I	F	Y	W	H	M	C	P
0	0.48971	0.00835	0.00749	0.00708	0.03023	0.00921	0.00544	0.03270	0.01031	0.06099	0.04244	0.01337	0.01002	0.00546	0.00361	0.00147	0.00357	0.00384	0.24910	0.00561
1	0.01372	0.82276	0.02689	0.00878	0.01317	0.02030	0.00878	0.01536	0.01043	0.01207	0.00713	0.00823	0.00658	0.00439	0.00329	0.00110	0.00549	0.00274	0.00219	0.00658
2	0.00746	0.00497	0.00560	0.00560	0.00560	0.00497	0.00311	0.00746	0.00746	0.00995	0.01617	0.03358	0.01865	0.81967	0.02612	0.00497	0.00497	0.00746	0.00311	0.00311
3	0.00804	0.00573	0.00641	0.00670	0.00772	0.02698	0.00479	0.04316	0.01169	0.01641	0.13733	0.38699	0.11568	0.01201	0.00567	0.00174	0.00302	0.01053	0.18473	0.00467
4	0.00678	0.00516	0.00616	0.00603	0.00731	0.00462	0.00443	0.00859	0.01290	0.01724	0.44130	0.09716	0.30626	0.04485	0.00691	0.00183	0.00263	0.01013	0.00517	0.00454
5	0.01270	0.01219	0.02083	0.03149	0.78767	0.01219	0.01575	0.01575	0.01168	0.01676	0.00965	0.01270	0.00813	0.00457	0.00508	0.00152	0.00610	0.00457	0.00254	0.00813
6	0.00699	0.00536	0.00645	0.00668	0.00780	0.00503	0.00481	0.00943	0.06623	0.01624	0.27261	0.32321	0.22435	0.01290	0.00618	0.00182	0.00278	0.01135	0.00508	0.00470
7	0.85592	0.00992	0.00754	0.00675	0.00992	0.01151	0.00556	0.01508	0.00873	0.02302	0.00714	0.00834	0.00556	0.00476	0.00318	0.00159	0.00397	0.00278	0.00318	0.00556
8	0.01525	0.01185	0.01237	0.01032	0.01357	0.03236	0.00824	0.32245	0.33010	0.05302	0.01999	0.01903	0.08719	0.00713	0.00520	0.00163	0.00464	0.00570	0.03211	0.00786
9	0.00712	0.00524	0.00666	0.00630	0.00758	0.00478	0.00473	0.00940	0.01418	0.01976	0.69540	0.03968	0.13848	0.01080	0.00605	0.00163	0.00244	0.00947	0.00554	0.00478
10	0.01415	0.01156	0.01209	0.01048	0.01350	0.03714	0.00828	0.18066	0.50578	0.04332	0.07093	0.01964	0.01643	0.00715	0.00529	0.00169	0.00447	0.02438	0.00517	0.00789
11	0.00802	0.00582	0.00781	0.00875	0.00984	0.00581	0.00727	0.01053	0.04262	0.01519	0.05516	0.16213	0.05353	0.05009	0.00772	0.00237	0.00431	0.53362	0.00471	0.00470
12	0.44107	0.01152	0.01052	0.00889	0.01223	0.05171	0.00728	0.20755	0.05179	0.09528	0.01139	0.01326	0.00878	0.00587	0.00422	0.00161	0.00474	0.04141	0.00412	0.00676

[dist]
# distance from previous block
# <min> <max>
2	4

[block]
# block no. 8 follows, 48 sequences, length 7
# corresponding to MSA columns:
# 402-408
name=unknown_I
#
# <colnr> <probs for GDERKNQSTAVLIFYWHMCP>
#	G	D	E	R	K	N	Q	S	T	A	V	L	I	F	Y	W	H	M	C	P
0	0.04958	0.00719	0.00839	0.00733	0.00901	0.00716	0.00519	0.04683	0.08235	0.22747	0.01718	0.02580	0.01575	0.45001	0.01651	0.00345	0.00471	0.00635	0.00429	0.00547
1	0.01136	0.01083	0.01841	0.37577	0.45383	0.01184	0.01508	0.01458	0.01105	0.01514	0.00942	0.01313	0.00756	0.00482	0.00510	0.00161	0.00643	0.00457	0.00242	0.00705
2	0.85592	0.00992	0.00754	0.00675	0.00992	0.01151	0.00556	0.01508	0.00873	0.02302	0.00714	0.00834	0.00556	0.00476	0.00318	0.00159	0.00397	0.00278	0.00318	0.00556
3	0.00646	0.00517	0.00578	0.00573	0.00720	0.00449	0.00426	0.00810	0.01249	0.01598	0.28723	0.09473	0.49953	0.01238	0.00609	0.00172	0.00257	0.01057	0.00505	0.00449
4	0.01114	0.00817	0.00940	0.00875	0.01054	0.00852	0.00655	0.28934	0.01523	0.02026	0.02384	0.47191	0.07090	0.01222	0.00600	0.00186	0.00394	0.01067	0.00490	0.00586
5	0.00687	0.00514	0.00637	0.00625	0.00747	0.00464	0.00462	0.00885	0.01332	0.01815	0.52749	0.13400	0.21451	0.01173	0.00611	0.00170	0.00253	0.01027	0.00534	0.00464
6	0.01029	0.02654	0.79309	0.01462	0.02221	0.01192	0.01896	0.01625	0.01083	0.01625	0.00921	0.01083	0.00650	0.00487	0.00487	0.00162	0.00758	0.00379	0.00217	0.00758

[dist]
# distance from previous block
# <min> <max>
1	2

[block]
# block no. 9 follows, 48 sequences, length 28
# corresponding to MSA columns:
# 411-438
name=unknown_J
#
# <colnr> <probs for GDERKNQSTAVLIFYWHMCP>
#	G	D	E	R	K	N	Q	S	T	A	V	L	I	F	Y	W	H	M	C	P
0	0.01041	0.05352	0.76713	0.01443	0.02190	0.01220	0.01861	0.01622	0.01082	0.01611	0.00914	0.01074	0.00650	0.00486	0.00482	0.00161	0.00751	0.00376	0.00217	0.00755
1	0.00733	0.00550	0.00825	0.00825	0.00916	0.00641	0.00641	0.00916	0.00825	0.01191	0.01374	0.02016	0.01283	0.03848	0.79934	0.00825	0.01374	0.00550	0.00275	0.00458
2	0.05196	0.00878	0.01287	0.26545	0.10298	0.00978	0.05824	0.01531	0.12478	0.01704	0.01399	0.03000	0.01141	0.00611	0.00484	0.00160	0.00506	0.04297	0.21073	0.00610
3	0.01170	0.00928	0.01089	0.00784	0.01235	0.00720	0.00630	0.04050	0.01136	0.06416	0.00991	0.01111	0.00795	0.00404	0.00393	0.00084	0.00390	0.00322	0.00331	0.77019
4	0.01053	0.00525	0.00544	0.00520	0.00662	0.00524	0.00396	0.03393	0.01134	0.05870	0.01679	0.01885	0.01300	0.00600	0.00371	0.00123	0.00258	0.00480	0.78174	0.00509
5	0.01969	0.02254	0.00780	0.00703	0.00851	0.06342	0.00532	0.02973	0.01405	0.01914	0.56600	0.07749	0.10660	0.01026	0.00582	0.00161	0.00313	0.00887	0.01802	0.00498
6	0.00681	0.00522	0.00633	0.00621	0.00755	0.00474	0.00468	0.00872	0.01286	0.01718	0.42092	0.07900	0.31183	0.01327	0.04864	0.00206	0.00318	0.03107	0.00510	0.00461
7	0.01235	0.00820	0.00997	0.00778	0.01135	0.00667	0.00613	0.03542	0.01205	0.16796	0.07485	0.10870	0.04589	0.00666	0.00468	0.00120	0.00371	0.00562	0.00421	0.46657
8	0.13816	0.01295	0.01322	0.01189	0.07015	0.14281	0.03882	0.19569	0.03169	0.18599	0.01320	0.03438	0.00999	0.02715	0.00531	0.00162	0.00559	0.00467	0.04954	0.00720
9	0.02637	0.33787	0.13561	0.00991	0.01397	0.04136	0.00974	0.09167	0.01230	0.09216	0.01308	0.04189	0.03967	0.00897	0.07425	0.00202	0.00632	0.03288	0.00326	0.00671
10	0.00983	0.00512	0.00538	0.00520	0.00652	0.00509	0.00393	0.02884	0.01152	0.03553	0.09468	0.02089	0.01662	0.00645	0.00390	0.00125	0.00251	0.00524	0.72654	0.00496
11	0.00858	0.00460	0.00665	0.00665	0.00675	0.00465	0.00444	0.00696	0.00698	0.00934	0.01089	0.01854	0.02545	0.10615	0.07734	0.68092	0.00515	0.00498	0.00241	0.00254
12	0.17654	0.12841	0.19393	0.01126	0.01568	0.21129	0.01083	0.13078	0.01331	0.01850	0.00868	0.00982	0.00674	0.00504	0.00427	0.00142	0.00658	0.00343	0.00297	0.04053
13	0.00652	0.00470	0.00623	0.00736	0.00786	0.00442	0.00520	0.00764	0.01020	0.01345	0.02940	0.67044	0.07363	0.01565	0.00660	0.00210	0.00320	0.11640	0.00476	0.00425
14	0.00717	0.00530	0.00689	0.00779	0.00881	0.00502	0.00620	0.00885	0.01123	0.01446	0.04902	0.29094	0.18766	0.01444	0.00669	0.00213	0.00369	0.35448	0.00476	0.00447
15	0.01048	0.00952	0.01506	0.35871	0.24023	0.01066	0.01262	0.01474	0.09438	0.01555	0.04412	0.05833	0.01320	0.00674	0.00541	0.00173	0.00577	0.07313	0.00315	0.00645
16	0.01029	0.02654	0.79309	0.01462	0.02221	0.01192	0.01896	0.01625	0.01083	0.01625	0.00921	0.01083	0.00650	0.00487	0.00487	0.00162	0.00758	0.00379	0.00217	0.00758
17	0.00756	0.00517	0.00602	0.00616	0.00638	0.00518	0.00381	0.00825	0.02847	0.01119	0.03815	0.09870	0.02141	0.65169	0.02203	0.00437	0.00470	0.06380	0.00349	0.00349
18	0.00792	0.00524	0.00695	0.00782	0.00873	0.00501	0.00606	0.00955	0.01098	0.04515	0.04213	0.40024	0.05911	0.01402	0.00645	0.00208	0.00361	0.28791	0.06641	0.00462
19	0.03662	0.01302	0.02621	0.01993	0.06464	0.01280	0.58241	0.04526	0.01192	0.01664	0.01035	0.01437	0.00825	0.04616	0.00769	0.00191	0.06660	0.00578	0.00271	0.00673
20	0.47006	0.01160	0.01102	0.00914	0.01240	0.01339	0.00753	0.27675	0.04578	0.02540	0.00947	0.01037	0.00716	0.00564	0.00493	0.00163	0.06343	0.00367	0.00387	0.00676
21	0.00738	0.00501	0.00576	0.00579	0.00599	0.00494	0.00346	0.00770	0.00833	0.01112	0.07436	0.05750	0.05172	0.68377	0.02278	0.00445	0.00463	0.02850	0.00345	0.00336
22	0.00696	0.00499	0.00659	0.00745	0.00812	0.00475	0.00550	0.00836	0.01079	0.01437	0.11923	0.44514	0.06235	0.07348	0.00803	0.00229	0.00348	0.19907	0.00474	0.00432
23	0.77681	0.00993	0.00795	0.00694	0.01022	0.01125	0.00571	0.02837	0.00925	0.04283	0.00768	0.00876	0.00590	0.00478	0.00329	0.00154	0.00400	0.00289	0.00329	0.04862
24	0.03738	0.03740	0.05562	0.01100	0.01471	0.11002	0.03473	0.30456	0.07928	0.08001	0.06396	0.01670	0.03959	0.00648	0.00504	0.00151	0.00556	0.02462	0.00440	0.06745
25	0.01426	0.01360	0.07082	0.01178	0.01447	0.12071	0.05976	0.15296	0.07314	0.07384	0.05709	0.01546	0.01168	0.03800	0.00834	0.00181	0.17689	0.00497	0.07377	0.00666
26	0.04328	0.00712	0.00877	0.00833	0.03226	0.00704	0.00626	0.01499	0.13370	0.13923	0.34165	0.03170	0.11321	0.01049	0.03740	0.00194	0.00374	0.04760	0.00524	0.00601
27	0.01358	0.01259	0.06536	0.01042	0.01464	0.09461	0.07327	0.08699	0.04362	0.09978	0.01360	0.02939	0.04841	0.00540	0.00465	0.00124	0.00523	0.00448	0.00366	0.36909

[dist]
# distance from previous block
# <min> <max>
1	3

[block]
# block no. 10 follows, 48 sequences, length 7
# corresponding to MSA columns:
# 442-448
name=unknown_K
#
# <colnr> <probs for GDERKNQSTAVLIFYWHMCP>
#	G	D	E	R	K	N	Q	S	T	A	V	L	I	F	Y	W	H	M	C	P
0	0.01028	0.00796	0.00992	0.00866	0.01122	0.00764	0.03729	0.01496	0.18574	0.05939	0.04574	0.09931	0.10614	0.03992	0.04774	0.02305	0.00449	0.07576	0.00427	0.20053
1	0.01134	0.01025	0.01131	0.00861	0.01257	0.04823	0.00686	0.01476	0.09100	0.01669	0.01012	0.01150	0.00833	0.00458	0.00494	0.00100	0.06253	0.00345	0.00319	0.65876
2	0.04071	0.01320	0.01596	0.01250	0.01632	0.12561	0.16036	0.14674	0.10973	0.11766	0.01349	0.03255	0.01048	0.00583	0.00508	0.00149	0.00599	0.02584	0.00403	0.13642
3	0.00789	0.00611	0.00853	0.00827	0.00914	0.00690	0.00648	0.00980	0.01063	0.01527	0.25809	0.08555	0.02600	0.02128	0.30388	0.00425	0.11447	0.06136	0.03130	0.00479
4	0.00702	0.00478	0.00578	0.00618	0.00651	0.00456	0.00391	0.00726	0.00874	0.01142	0.02421	0.29819	0.12365	0.35820	0.01623	0.09209	0.00393	0.01000	0.00379	0.00354
5	0.08145	0.01091	0.01687	0.01668	0.18936	0.01099	0.16462	0.06415	0.13236	0.15236	0.01524	0.09603	0.01248	0.00648	0.00532	0.00167	0.00549	0.00605	0.00406	0.00741
6	0.04774	0.01755	0.07148	0.01240	0.01597	0.29631	0.05234	0.16522	0.12970	0.07009	0.01174	0.01231	0.00883	0.00573	0.00521	0.00150	0.02997	0.00425	0.00374	0.03792

[dist]
# distance from previous block
# <min> <max>
9	23

[block]
# block no. 11 follows, 48 sequences, length 20
# corresponding to MSA columns:
# 475-494
name=unknown_L
#
# <colnr> <probs for GDERKNQSTAVLIFYWHMCP>
#	G	D	E	R	K	N	Q	S	T	A	V	L	I	F	Y	W	H	M	C	P
0	0.01320	0.76786	0.02543	0.00854	0.01275	0.01923	0.00845	0.01483	0.01051	0.01219	0.01014	0.01099	0.05889	0.00497	0.00348	0.00114	0.00529	0.00329	0.00237	0.00643
1	0.03257	0.01044	0.01100	0.00990	0.01267	0.01192	0.00770	0.04073	0.66121	0.02136	0.07277	0.02127	0.04915	0.00738	0.00526	0.00172	0.00392	0.00614	0.00518	0.00770
2	0.00705	0.00546	0.00657	0.00692	0.00837	0.00498	0.00561	0.00892	0.01221	0.01552	0.16678	0.05053	0.39274	0.01299	0.00643	0.00194	0.00332	0.27420	0.00490	0.00456
3	0.01114	0.01046	0.01386	0.01195	0.03287	0.09446	0.15147	0.03410	0.05425	0.02823	0.06801	0.06589	0.06990	0.08052	0.03258	0.00222	0.11086	0.04537	0.07622	0.00564
4	0.01211	0.01384	0.03028	0.02163	0.02682	0.01298	0.76903	0.01644	0.01211	0.01644	0.01038	0.01384	0.00779	0.00433	0.00606	0.00173	0.00865	0.00606	0.00260	0.00692
5	0.00733	0.00550	0.00825	0.00825	0.00916	0.00641	0.00641	0.00916	0.00825	0.01191	0.01374	0.02016	0.01283	0.03848	0.79934	0.00825	0.01374	0.00550	0.00275	0.00458
6	0.00675	0.00483	0.00651	0.00759	0.00814	0.00458	0.00552	0.00806	0.01056	0.01408	0.07885	0.60191	0.03397	0.01529	0.00663	0.00211	0.00331	0.17215	0.00481	0.00433
7	0.01095	0.17846	0.64689	0.01351	0.02048	0.01352	0.01702	0.01608	0.01076	0.01545	0.00881	0.01034	0.00652	0.00478	0.00457	0.00152	0.00718	0.00359	0.00217	0.00739
8	0.00972	0.00917	0.01434	0.01235	0.01339	0.01103	0.12321	0.02626	0.00952	0.01362	0.01472	0.25362	0.01594	0.01242	0.06406	0.00251	0.36225	0.02333	0.00319	0.00535
9	0.00746	0.00497	0.00560	0.00560	0.00560	0.00497	0.00311	0.00746	0.00746	0.00995	0.01617	0.03358	0.01865	0.81967	0.02612	0.00497	0.00497	0.00746	0.00311	0.00311
10	0.08818	0.01723	0.04942	0.01142	0.01444	0.33707	0.00915	0.16495	0.14169	0.01898	0.01286	0.08837	0.01103	0.00670	0.00489	0.00154	0.00657	0.00503	0.00378	0.00672
11	0.01571	0.01548	0.01531	0.01664	0.20939	0.29626	0.04403	0.05928	0.05334	0.09480	0.01321	0.02873	0.03321	0.06037	0.00648	0.00174	0.00679	0.01899	0.00343	0.00680
12	0.00717	0.00522	0.00670	0.00684	0.00757	0.00534	0.00489	0.00836	0.00932	0.01255	0.08178	0.09465	0.12637	0.27718	0.26824	0.00492	0.00710	0.05806	0.00366	0.00408
13	0.00999	0.00930	0.01526	0.66142	0.09763	0.01123	0.01362	0.01391	0.05059	0.01421	0.04627	0.01504	0.00937	0.00543	0.00517	0.00169	0.00642	0.00485	0.00261	0.00599
14	0.05636	0.01182	0.01896	0.05571	0.65102	0.02965	0.01453	0.01539	0.01155	0.01677	0.01063	0.01545	0.00935	0.00526	0.00511	0.00159	0.00599	0.05453	0.00271	0.00763
15	0.03990	0.01160	0.01852	0.09287	0.01993	0.01192	0.25999	0.18215	0.05837	0.13530	0.01513	0.03389	0.04217	0.00627	0.00580	0.00170	0.02634	0.02687	0.00403	0.00723
16	0.05340	0.01270	0.01686	0.01472	0.08846	0.09343	0.18849	0.09562	0.17933	0.05442	0.06245	0.03953	0.01296	0.00603	0.00524	0.00158	0.00589	0.00551	0.00391	0.05946
17	0.21952	0.00887	0.01187	0.03371	0.01302	0.00946	0.12038	0.06296	0.04362	0.01927	0.18275	0.07462	0.06341	0.00995	0.05898	0.00215	0.03824	0.01756	0.00397	0.00569
18	0.01204	0.00818	0.00946	0.00825	0.01059	0.02239	0.00642	0.13559	0.08081	0.11503	0.23437	0.12225	0.06345	0.00988	0.02801	0.00179	0.00398	0.02019	0.03979	0.06753
19	0.04257	0.00914	0.01166	0.10382	0.02922	0.03057	0.04718	0.04060	0.04767	0.07157	0.02880	0.09043	0.06006	0.02271	0.00536	0.00149	0.00464	0.05112	0.00373	0.29766

[dist]
# distance from previous block
# <min> <max>
0	64

# created by:
# /home/cegg/simao/soft/augustus-3.2.1/scripts/msa2prfl.pl ./align_prep/EOG091G0OWC.fa
