[name]
unknown

[dist]
# distance from previous block
# <min> <max>
0	93

[block]
# block no. 0 follows, 46 sequences, length 15
# corresponding to MSA columns:
# 108-122
name=unknown_A
#
# <colnr> <probs for GDERKNQSTAVLIFYWHMCP>
#	G	D	E	R	K	N	Q	S	T	A	V	L	I	F	Y	W	H	M	C	P
0	0.14290	0.13800	0.06308	0.02291	0.06146	0.09211	0.03517	0.12322	0.03097	0.05436	0.01212	0.03201	0.01044	0.00626	0.00473	0.00153	0.00576	0.07250	0.00358	0.08688
1	0.11400	0.03060	0.11929	0.06355	0.12897	0.07562	0.04629	0.12209	0.03074	0.07295	0.01223	0.07432	0.01027	0.00730	0.02522	0.00186	0.04885	0.00520	0.00351	0.00714
2	0.01598	0.05531	0.01348	0.04137	0.10538	0.01022	0.00873	0.10686	0.07898	0.27264	0.09645	0.03863	0.05759	0.04908	0.00675	0.00183	0.02212	0.00614	0.00496	0.00750
3	0.14495	0.05917	0.04543	0.05890	0.14165	0.10540	0.10828	0.10098	0.10094	0.03532	0.01099	0.01261	0.00852	0.00552	0.00542	0.00163	0.03917	0.00449	0.00338	0.00727
4	0.03105	0.01203	0.01423	0.07405	0.18334	0.08150	0.01034	0.16350	0.14149	0.05026	0.01664	0.11133	0.04094	0.00868	0.03510	0.00195	0.00585	0.00631	0.00413	0.00731
5	0.00717	0.00518	0.00630	0.00660	0.00773	0.00470	0.00475	0.00865	0.01181	0.03521	0.18654	0.33248	0.27905	0.01487	0.04107	0.00218	0.00334	0.01175	0.02599	0.00464
6	0.01201	0.00854	0.01049	0.02038	0.03370	0.04803	0.02364	0.01518	0.08736	0.15122	0.15977	0.11311	0.09900	0.02998	0.05004	0.00225	0.07140	0.04037	0.01742	0.00612
7	0.00673	0.00509	0.00615	0.00651	0.00758	0.00462	0.00467	0.00822	0.01181	0.01556	0.20270	0.32603	0.29216	0.01498	0.04109	0.00217	0.00328	0.01184	0.02425	0.00454
8	0.03550	0.07372	0.03936	0.06169	0.01731	0.13625	0.09674	0.06693	0.10288	0.01615	0.01027	0.01285	0.00851	0.00815	0.04290	0.00210	0.25441	0.00464	0.00303	0.00661
9	0.04555	0.01134	0.01184	0.01051	0.01354	0.01305	0.00822	0.08418	0.65631	0.02296	0.02013	0.01875	0.01509	0.00698	0.00523	0.00175	0.00424	0.00572	0.03642	0.00819
10	0.75224	0.01008	0.00831	0.00725	0.01062	0.01137	0.00597	0.01677	0.00973	0.11504	0.00898	0.00972	0.00661	0.00510	0.00352	0.00164	0.00414	0.00316	0.00366	0.00612
11	0.01979	0.02395	0.01509	0.01344	0.01635	0.69982	0.01019	0.11019	0.01617	0.01538	0.00871	0.00991	0.00707	0.00556	0.00483	0.00139	0.00909	0.00357	0.00303	0.00647
12	0.00862	0.00565	0.00668	0.00659	0.00823	0.00494	0.00493	0.01014	0.01239	0.10754	0.14245	0.21583	0.39965	0.01296	0.00628	0.00185	0.00302	0.03197	0.00523	0.00505
13	0.01014	0.00617	0.00784	0.00777	0.00924	0.00580	0.00574	0.04040	0.03850	0.13717	0.15348	0.40379	0.09946	0.01296	0.00631	0.00193	0.00337	0.03907	0.00535	0.00550
14	0.01690	0.03914	0.04097	0.01265	0.04301	0.35105	0.00984	0.18692	0.04444	0.01884	0.01105	0.01222	0.02210	0.00642	0.02128	0.00155	0.02702	0.00408	0.02277	0.10774

[dist]
# distance from previous block
# <min> <max>
2	9

[block]
# block no. 1 follows, 46 sequences, length 24
# corresponding to MSA columns:
# 136-159
name=unknown_B
#
# <colnr> <probs for GDERKNQSTAVLIFYWHMCP>
#	G	D	E	R	K	N	Q	S	T	A	V	L	I	F	Y	W	H	M	C	P
0	0.04416	0.01296	0.04741	0.04074	0.08009	0.03053	0.31293	0.10931	0.02547	0.09076	0.04959	0.05790	0.01199	0.00628	0.00643	0.00175	0.05478	0.00607	0.00365	0.00723
1	0.05017	0.06336	0.01467	0.03222	0.05173	0.21512	0.00962	0.19759	0.20767	0.02112	0.03670	0.01636	0.01215	0.00658	0.00510	0.00160	0.00619	0.04044	0.00418	0.00740
2	0.01394	0.01052	0.01249	0.00956	0.01352	0.00982	0.02216	0.18700	0.04944	0.08449	0.02894	0.05875	0.01132	0.00593	0.00520	0.00126	0.03628	0.00475	0.00413	0.43047
3	0.05926	0.01175	0.01273	0.02080	0.03965	0.02907	0.00881	0.19057	0.38874	0.07642	0.04170	0.01934	0.01482	0.00710	0.00532	0.00172	0.00476	0.04117	0.00510	0.02116
4	0.03939	0.35008	0.34123	0.03199	0.01859	0.01581	0.04531	0.04146	0.01158	0.04689	0.00916	0.01051	0.00710	0.00490	0.00437	0.00145	0.00663	0.00363	0.00258	0.00733
5	0.01073	0.05578	0.75950	0.01485	0.02255	0.01259	0.01915	0.01671	0.01115	0.01659	0.00941	0.01106	0.00670	0.00500	0.00496	0.00165	0.00774	0.00387	0.00223	0.00778
6	0.00671	0.00495	0.00632	0.00712	0.00787	0.00456	0.00505	0.00804	0.01126	0.01487	0.13746	0.52345	0.15623	0.01510	0.00664	0.00204	0.00306	0.06976	0.00503	0.00446
7	0.01087	0.00860	0.01267	0.08829	0.03774	0.00877	0.10755	0.08791	0.05907	0.05056	0.23869	0.07416	0.08631	0.02829	0.00642	0.00179	0.01383	0.00766	0.06473	0.00610
8	0.01300	0.27543	0.35490	0.01248	0.04295	0.01464	0.01352	0.08422	0.01256	0.05381	0.01285	0.01371	0.06317	0.00565	0.00464	0.00150	0.00636	0.00426	0.00293	0.00743
9	0.01467	0.01022	0.05621	0.00865	0.01161	0.00984	0.00736	0.25381	0.06752	0.09516	0.01596	0.01681	0.01182	0.00626	0.00455	0.00145	0.00416	0.00492	0.39205	0.00700
10	0.00729	0.00567	0.00662	0.00696	0.00821	0.00532	0.00507	0.02727	0.05720	0.01567	0.11513	0.35214	0.30976	0.01390	0.00642	0.00194	0.00307	0.04251	0.00504	0.00481
11	0.03270	0.07132	0.04225	0.16751	0.15303	0.02654	0.12287	0.09720	0.06456	0.03650	0.01307	0.08523	0.01115	0.00632	0.00527	0.00166	0.00612	0.00574	0.04394	0.00702
12	0.10539	0.01042	0.04123	0.01082	0.07693	0.04490	0.00807	0.09731	0.06142	0.13267	0.06803	0.04040	0.17689	0.00970	0.04307	0.00201	0.03253	0.00652	0.02505	0.00665
13	0.01277	0.01077	0.01155	0.09070	0.01512	0.04914	0.00843	0.02336	0.50783	0.05127	0.06213	0.02104	0.05004	0.00729	0.00533	0.00172	0.00449	0.00606	0.05348	0.00747
14	0.00821	0.00515	0.00671	0.00726	0.00803	0.00475	0.00499	0.00931	0.01088	0.08405	0.09514	0.56961	0.06444	0.08503	0.00832	0.00230	0.00331	0.01285	0.00499	0.00469
15	0.03795	0.05827	0.03428	0.03583	0.17540	0.20283	0.05581	0.10752	0.09071	0.07558	0.01353	0.01457	0.04368	0.00597	0.00538	0.00157	0.02530	0.00478	0.00361	0.00741
16	0.01407	0.15460	0.34555	0.01402	0.06986	0.01383	0.03150	0.11941	0.06247	0.09290	0.02574	0.01285	0.00919	0.00548	0.00490	0.00157	0.00645	0.00432	0.00337	0.00792
17	0.01042	0.00703	0.02414	0.00906	0.04427	0.02572	0.00640	0.04892	0.00973	0.04946	0.04643	0.04653	0.05821	0.01776	0.11323	0.44512	0.02458	0.00570	0.00314	0.00415
18	0.03057	0.03271	0.05086	0.01431	0.11406	0.01156	0.10088	0.21394	0.01440	0.02007	0.01481	0.16569	0.01424	0.06904	0.00783	0.00198	0.05321	0.00692	0.02989	0.03303
19	0.07874	0.07136	0.07785	0.12079	0.09028	0.05969	0.01944	0.21387	0.04248	0.03757	0.04971	0.02653	0.04773	0.00627	0.00502	0.00158	0.00580	0.00501	0.00379	0.03649
20	0.06442	0.02550	0.06785	0.01493	0.12258	0.03140	0.07957	0.20159	0.13519	0.09550	0.02977	0.01468	0.01079	0.00597	0.00551	0.00163	0.02964	0.00496	0.02438	0.03416
21	0.09918	0.04578	0.04831	0.00956	0.01246	0.13608	0.03122	0.04554	0.09132	0.07824	0.10154	0.03811	0.13211	0.04565	0.02491	0.00193	0.00536	0.01606	0.00418	0.03246
22	0.08067	0.18934	0.06934	0.01040	0.04584	0.06338	0.01894	0.09090	0.01323	0.06205	0.09756	0.03743	0.05908	0.00640	0.00466	0.00140	0.00510	0.00501	0.00370	0.13558
23	0.03336	0.04504	0.02641	0.06562	0.04708	0.10823	0.08558	0.03812	0.04346	0.05694	0.04550	0.07116	0.03756	0.00620	0.00494	0.00138	0.00552	0.00531	0.00355	0.26903

[dist]
# distance from previous block
# <min> <max>
0	45

[block]
# block no. 2 follows, 46 sequences, length 12
# corresponding to MSA columns:
# 213-224
name=unknown_C
#
# <colnr> <probs for GDERKNQSTAVLIFYWHMCP>
#	G	D	E	R	K	N	Q	S	T	A	V	L	I	F	Y	W	H	M	C	P
0	0.03152	0.32169	0.19841	0.01436	0.09408	0.14050	0.05184	0.01726	0.03474	0.01477	0.00883	0.01046	0.00726	0.00502	0.00478	0.00144	0.02976	0.00368	0.00250	0.00709
1	0.00725	0.00528	0.00670	0.00741	0.00816	0.00513	0.00526	0.00928	0.05188	0.01500	0.10807	0.49263	0.08312	0.05165	0.03471	0.00240	0.00364	0.06763	0.03016	0.00463
2	0.01318	0.01370	0.05499	0.06998	0.63116	0.05503	0.01561	0.01691	0.04678	0.01704	0.01033	0.01316	0.00850	0.00491	0.00521	0.00158	0.00647	0.00466	0.00272	0.00809
3	0.00752	0.00615	0.00791	0.00724	0.00897	0.00564	0.04601	0.01025	0.05426	0.01787	0.36910	0.07964	0.33649	0.01158	0.00622	0.00175	0.00304	0.01009	0.00522	0.00504
4	0.12914	0.01194	0.01212	0.01020	0.01348	0.03306	0.00816	0.26382	0.29865	0.05201	0.05698	0.01667	0.01374	0.00667	0.00500	0.00165	0.00467	0.00521	0.04902	0.00781
5	0.01211	0.00632	0.00840	0.00756	0.00944	0.00570	0.00574	0.01412	0.01394	0.24542	0.40070	0.16543	0.03543	0.03685	0.00673	0.00185	0.00327	0.00918	0.00579	0.00600
6	0.01308	0.01256	0.02146	0.03245	0.78123	0.01256	0.01622	0.01622	0.01204	0.01727	0.00994	0.01308	0.00837	0.00471	0.00523	0.00157	0.00628	0.00471	0.00262	0.00837
7	0.00665	0.00513	0.00607	0.00634	0.00751	0.00456	0.00456	0.00818	0.01225	0.01595	0.24604	0.28460	0.34585	0.01367	0.00640	0.00186	0.00275	0.01192	0.00516	0.00456
8	0.00756	0.00511	0.00576	0.00582	0.00592	0.00506	0.00332	0.00767	0.00801	0.01059	0.01899	0.07021	0.05635	0.74003	0.02501	0.00483	0.00492	0.00818	0.00336	0.00331
9	0.00843	0.00578	0.00716	0.00733	0.00866	0.00532	0.00531	0.01057	0.05300	0.07224	0.12597	0.42307	0.16492	0.01340	0.00630	0.00191	0.00317	0.02890	0.00509	0.04346
10	0.01313	0.04806	0.01157	0.00937	0.01194	0.11743	0.02687	0.12771	0.09997	0.04483	0.11236	0.06877	0.04985	0.00911	0.04285	0.00185	0.00520	0.00617	0.14240	0.05056
11	0.13036	0.05721	0.14118	0.07989	0.07228	0.08781	0.04537	0.20074	0.01491	0.08710	0.01075	0.01201	0.00791	0.00555	0.00514	0.00161	0.02482	0.00424	0.00360	0.00750

[dist]
# distance from previous block
# <min> <max>
2	5

[block]
# block no. 3 follows, 46 sequences, length 13
# corresponding to MSA columns:
# 231-243
name=unknown_D
#
# <colnr> <probs for GDERKNQSTAVLIFYWHMCP>
#	G	D	E	R	K	N	Q	S	T	A	V	L	I	F	Y	W	H	M	C	P
0	0.01624	0.04600	0.21402	0.01281	0.03469	0.12912	0.01197	0.26880	0.05762	0.07211	0.01196	0.01313	0.00896	0.03480	0.00580	0.00167	0.00660	0.00441	0.00387	0.04544
1	0.03593	0.07371	0.03961	0.02606	0.03923	0.01137	0.00851	0.22076	0.09872	0.14365	0.06777	0.13637	0.03305	0.00814	0.00534	0.00167	0.00468	0.00675	0.03132	0.00736
2	0.00697	0.00535	0.00644	0.00683	0.00795	0.00494	0.00494	0.00901	0.04394	0.01583	0.19542	0.34837	0.26655	0.01389	0.00645	0.00193	0.00295	0.04244	0.00512	0.00469
3	0.04292	0.01266	0.10760	0.22671	0.11851	0.02597	0.09436	0.03470	0.08093	0.04924	0.02957	0.03564	0.06781	0.00642	0.00578	0.00172	0.03221	0.00562	0.00330	0.01834
4	0.01358	0.22510	0.36970	0.01337	0.01921	0.07780	0.06836	0.06173	0.04067	0.04891	0.01004	0.01127	0.00758	0.00511	0.00472	0.00152	0.00709	0.00395	0.00279	0.00751
5	0.04747	0.00948	0.01216	0.00947	0.01340	0.00877	0.00779	0.08336	0.05597	0.63667	0.01972	0.01744	0.01272	0.00650	0.00520	0.00163	0.00451	0.00522	0.03380	0.00873
6	0.00695	0.00513	0.00650	0.00669	0.00771	0.00468	0.00481	0.00875	0.01293	0.01761	0.42168	0.29522	0.15562	0.01309	0.00641	0.00184	0.00271	0.01160	0.00538	0.00468
7	0.05812	0.28014	0.24569	0.01145	0.01612	0.09833	0.01183	0.06388	0.04840	0.01612	0.01024	0.04173	0.00883	0.03541	0.00568	0.00163	0.03247	0.00418	0.00283	0.00692
8	0.03214	0.01213	0.03988	0.08517	0.18926	0.06035	0.15345	0.05917	0.05827	0.04320	0.01462	0.03966	0.01303	0.00879	0.04780	0.00216	0.00695	0.12354	0.00349	0.00691
9	0.06785	0.00843	0.01024	0.00866	0.01147	0.00827	0.00686	0.07219	0.11249	0.30570	0.25047	0.07251	0.02526	0.00842	0.00556	0.00169	0.00383	0.00710	0.00578	0.00720
10	0.00817	0.00526	0.00621	0.00672	0.00751	0.00520	0.00480	0.01011	0.03922	0.01536	0.02386	0.28701	0.05138	0.15793	0.00953	0.00243	0.00352	0.10303	0.24822	0.00451
11	0.03554	0.01423	0.10615	0.03421	0.11854	0.04377	0.08851	0.22834	0.10699	0.02187	0.04028	0.09691	0.01324	0.00704	0.00567	0.00171	0.01935	0.00607	0.00402	0.00755
12	0.01378	0.07903	0.21799	0.01136	0.01564	0.01145	0.03539	0.09731	0.11229	0.14400	0.11263	0.06014	0.01650	0.02030	0.00599	0.00173	0.02686	0.00588	0.00430	0.00742

[dist]
# distance from previous block
# <min> <max>
0	2

[block]
# block no. 4 follows, 46 sequences, length 13
# corresponding to MSA columns:
# 246-258
name=unknown_E
#
# <colnr> <probs for GDERKNQSTAVLIFYWHMCP>
#	G	D	E	R	K	N	Q	S	T	A	V	L	I	F	Y	W	H	M	C	P
0	0.00907	0.00694	0.00796	0.00737	0.00917	0.00697	0.00562	0.05030	0.15703	0.02045	0.40452	0.05069	0.17342	0.01022	0.00589	0.00169	0.00302	0.00878	0.05520	0.00571
1	0.06472	0.23950	0.03601	0.01151	0.05978	0.05846	0.00935	0.17046	0.11136	0.10558	0.01216	0.01243	0.00924	0.00551	0.00450	0.00142	0.00545	0.00409	0.00393	0.07455
2	0.01178	0.00994	0.01567	0.05914	0.10739	0.01037	0.15818	0.07587	0.08169	0.04789	0.04288	0.05036	0.05158	0.05622	0.07935	0.00255	0.04401	0.02196	0.06668	0.00651
3	0.00845	0.00557	0.00666	0.00657	0.00812	0.00489	0.00485	0.01001	0.01252	0.09911	0.19755	0.23529	0.35502	0.01289	0.00627	0.00183	0.00293	0.01116	0.00528	0.00502
4	0.01312	0.45959	0.24377	0.01166	0.01709	0.05513	0.05377	0.01626	0.01118	0.01423	0.00831	0.00977	0.00689	0.00467	0.00412	0.00131	0.00654	0.00337	0.00235	0.05686
5	0.01850	0.01673	0.01469	0.01216	0.01565	0.22637	0.00965	0.43351	0.11769	0.02546	0.01333	0.04831	0.01048	0.00666	0.00522	0.00158	0.00649	0.00501	0.00459	0.00792
6	0.00794	0.00526	0.00698	0.00719	0.00818	0.00486	0.00520	0.00971	0.01277	0.05926	0.38843	0.37740	0.04082	0.01320	0.00644	0.00189	0.00292	0.03120	0.00543	0.00490
7	0.00702	0.00563	0.00630	0.00622	0.00778	0.00508	0.00463	0.00941	0.05413	0.01675	0.27079	0.11079	0.45143	0.01253	0.00624	0.00178	0.00274	0.01072	0.00521	0.00482
8	0.00659	0.00496	0.00612	0.00678	0.00765	0.00448	0.00478	0.00789	0.01138	0.01485	0.14103	0.47779	0.23719	0.01485	0.00656	0.00199	0.00293	0.03272	0.00504	0.00445
9	0.02073	0.01114	0.01426	0.01095	0.01499	0.01101	0.05032	0.27241	0.04268	0.42738	0.05503	0.01712	0.01335	0.00659	0.00541	0.00163	0.00508	0.00541	0.00583	0.00867
10	0.00903	0.00692	0.00924	0.00849	0.01026	0.00682	0.03248	0.06548	0.01113	0.01572	0.04727	0.20063	0.03833	0.07226	0.24349	0.00393	0.00710	0.04071	0.03447	0.13624
11	0.03110	0.01178	0.04191	0.06492	0.06131	0.06666	0.00879	0.07437	0.02826	0.04465	0.01038	0.01222	0.00833	0.00650	0.04354	0.00153	0.02910	0.00381	0.00329	0.44756
12	0.06105	0.05884	0.10105	0.01200	0.09459	0.03995	0.00950	0.11094	0.01298	0.03742	0.02683	0.04515	0.00985	0.00560	0.00485	0.01768	0.00513	0.00428	0.00339	0.33891

[dist]
# distance from previous block
# <min> <max>
3	50

[block]
# block no. 5 follows, 46 sequences, length 42
# corresponding to MSA columns:
# 309-350
name=unknown_F
#
# <colnr> <probs for GDERKNQSTAVLIFYWHMCP>
#	G	D	E	R	K	N	Q	S	T	A	V	L	I	F	Y	W	H	M	C	P
0	0.04765	0.03310	0.06695	0.01168	0.04641	0.04087	0.04022	0.15318	0.18596	0.11243	0.05800	0.05440	0.05733	0.03737	0.00650	0.00183	0.02801	0.00610	0.00460	0.00739
1	0.00793	0.00590	0.00773	0.00891	0.05549	0.00572	0.00579	0.05166	0.01148	0.01543	0.10504	0.49174	0.06658	0.10074	0.00869	0.00234	0.00362	0.03570	0.00470	0.00479
2	0.09331	0.01765	0.26553	0.01241	0.01739	0.05733	0.04320	0.19380	0.05844	0.05951	0.01200	0.04376	0.00928	0.00598	0.00521	0.00160	0.02175	0.00466	0.00367	0.07352
3	0.08405	0.10837	0.01672	0.04533	0.03454	0.14320	0.07654	0.08755	0.06612	0.01714	0.02564	0.01373	0.02677	0.00801	0.04313	0.00200	0.16656	0.00462	0.02349	0.00651
4	0.00668	0.00503	0.00603	0.00666	0.00751	0.00458	0.00467	0.00780	0.01081	0.01385	0.06362	0.40272	0.27801	0.09933	0.00873	0.00234	0.00325	0.05935	0.00476	0.00430
5	0.01222	0.01344	0.05720	0.09406	0.31019	0.01259	0.36120	0.01605	0.01201	0.01664	0.01083	0.03889	0.00886	0.00503	0.00574	0.00171	0.00753	0.00571	0.00268	0.00742
6	0.01301	0.05816	0.05098	0.03243	0.14711	0.05311	0.02694	0.08567	0.01289	0.05024	0.03617	0.06170	0.01108	0.00572	0.00503	0.00132	0.02286	0.00476	0.00343	0.31737
7	0.00777	0.00543	0.00689	0.00713	0.00816	0.00518	0.00511	0.02621	0.01153	0.04466	0.16555	0.35662	0.16066	0.05882	0.10215	0.00288	0.00446	0.01126	0.00481	0.00473
8	0.00912	0.00463	0.00695	0.00695	0.00698	0.00467	0.00467	0.00698	0.00695	0.00930	0.00937	0.01625	0.00933	0.01916	0.04962	0.81479	0.00495	0.00463	0.00232	0.00239
9	0.03068	0.01560	0.18405	0.07617	0.10176	0.02755	0.14319	0.13191	0.08637	0.07251	0.01389	0.01519	0.04049	0.00574	0.00535	0.00166	0.00654	0.00513	0.00359	0.03265
10	0.05593	0.01126	0.14656	0.01204	0.09245	0.00830	0.04981	0.01387	0.03005	0.07810	0.21100	0.06175	0.12060	0.00867	0.00568	0.00171	0.00467	0.05033	0.00430	0.03292
11	0.00689	0.00487	0.00640	0.00736	0.00794	0.00457	0.00519	0.00820	0.01094	0.01482	0.10994	0.60135	0.05670	0.01525	0.00661	0.00208	0.00315	0.08513	0.03817	0.00445
12	0.01069	0.02540	0.69091	0.06375	0.02402	0.01232	0.06703	0.01656	0.01121	0.01656	0.00956	0.01154	0.00680	0.00500	0.00512	0.00169	0.00784	0.00411	0.00227	0.00765
13	0.06522	0.12793	0.26357	0.08006	0.08056	0.06453	0.08088	0.07363	0.02868	0.03708	0.01173	0.01332	0.03946	0.00545	0.00491	0.00159	0.00678	0.00445	0.00293	0.00725
14	0.00802	0.00696	0.04125	0.00913	0.01043	0.00657	0.05273	0.03354	0.01005	0.01384	0.01998	0.31362	0.02168	0.09080	0.30206	0.00472	0.00810	0.03792	0.00375	0.00485
15	0.00959	0.00731	0.04086	0.00897	0.05662	0.00636	0.00665	0.03185	0.01417	0.08404	0.50859	0.03360	0.08144	0.03059	0.05396	0.00215	0.00398	0.00836	0.00523	0.00567
16	0.04348	0.16301	0.10625	0.07142	0.18486	0.05588	0.09205	0.01620	0.03177	0.04601	0.01149	0.04514	0.01005	0.00616	0.00580	0.00165	0.05568	0.04315	0.00294	0.00702
17	0.03265	0.09494	0.05239	0.01534	0.12079	0.11663	0.10117	0.17879	0.01550	0.13964	0.03699	0.01444	0.02699	0.00590	0.00541	0.00157	0.02440	0.00486	0.00393	0.00767
18	0.30814	0.03355	0.14126	0.01803	0.25835	0.02402	0.06884	0.01599	0.01065	0.01901	0.00876	0.01103	0.00700	0.00507	0.00520	0.00165	0.04966	0.00398	0.00277	0.00704
19	0.01312	0.01193	0.02013	0.13619	0.51477	0.01241	0.06358	0.04552	0.01225	0.04935	0.01049	0.01366	0.00847	0.00609	0.02833	0.00184	0.03636	0.00486	0.00285	0.00779
20	0.00680	0.00530	0.00613	0.00617	0.00754	0.00469	0.00456	0.00847	0.01269	0.01644	0.29162	0.13180	0.40592	0.03597	0.00693	0.00190	0.00280	0.03452	0.00516	0.00460
21	0.05333	0.01118	0.09702	0.00997	0.01269	0.06178	0.05752	0.07795	0.03202	0.06129	0.13532	0.12977	0.05593	0.03967	0.02467	0.00200	0.02473	0.02472	0.08241	0.00603
22	0.01696	0.03599	0.04644	0.01406	0.04955	0.01287	0.15558	0.22314	0.12417	0.19262	0.03938	0.01584	0.01180	0.00620	0.00581	0.00168	0.02963	0.00540	0.00469	0.00819
23	0.04219	0.00550	0.00622	0.00634	0.00779	0.00494	0.00463	0.00896	0.01199	0.04604	0.16013	0.25330	0.39663	0.01322	0.00622	0.00185	0.00288	0.01138	0.00505	0.00473
24	0.85155	0.01022	0.00777	0.00695	0.01022	0.01186	0.00573	0.01554	0.00900	0.02372	0.00736	0.00859	0.00573	0.00491	0.00327	0.00164	0.00409	0.00286	0.00327	0.00573
25	0.00824	0.00648	0.00750	0.00726	0.00879	0.00645	0.00537	0.01268	0.16718	0.01832	0.33027	0.14055	0.19709	0.05116	0.00716	0.00195	0.00308	0.00981	0.00528	0.00538
26	0.02016	0.01187	0.01353	0.01049	0.01436	0.01238	0.00863	0.44494	0.02024	0.27389	0.01581	0.01516	0.01080	0.00639	0.00513	0.00156	0.00503	0.00496	0.09613	0.00855
27	0.01444	0.77468	0.02702	0.00929	0.01372	0.06255	0.00911	0.01611	0.01097	0.01246	0.00739	0.00854	0.00679	0.00457	0.00347	0.00114	0.00586	0.00286	0.00229	0.00675
28	0.00685	0.00498	0.00635	0.00708	0.00777	0.00464	0.00498	0.00812	0.01108	0.01470	0.14488	0.47386	0.12810	0.07834	0.00825	0.00229	0.00325	0.07519	0.00491	0.00438
29	0.04118	0.64820	0.11432	0.00997	0.01472	0.06972	0.01023	0.01627	0.01101	0.01333	0.00765	0.00886	0.00674	0.00465	0.00367	0.00123	0.00611	0.00299	0.00232	0.00683
30	0.07488	0.01130	0.05327	0.01795	0.29285	0.01107	0.01100	0.01879	0.23420	0.05932	0.03685	0.12566	0.01539	0.00736	0.00536	0.00173	0.00494	0.00649	0.00406	0.00753
31	0.04118	0.25577	0.13215	0.01189	0.03999	0.11409	0.02873	0.04814	0.14252	0.03756	0.03194	0.01350	0.02622	0.00576	0.00489	0.00148	0.02537	0.00429	0.00331	0.03122
32	0.01091	0.00951	0.03789	0.01214	0.04941	0.00918	0.12123	0.08350	0.13645	0.03587	0.07347	0.24375	0.03348	0.01015	0.00607	0.00189	0.00483	0.08218	0.03172	0.00635
33	0.00684	0.00482	0.00596	0.00671	0.00700	0.00458	0.00429	0.00748	0.00943	0.01246	0.02648	0.50603	0.07535	0.28166	0.01342	0.00312	0.00373	0.01235	0.00434	0.00394
34	0.01046	0.01537	0.29458	0.07449	0.07455	0.00987	0.04397	0.07097	0.01272	0.03587	0.06107	0.07145	0.18646	0.00804	0.00558	0.00172	0.00572	0.00685	0.00358	0.00667
35	0.01388	0.15558	0.16699	0.04244	0.06612	0.08920	0.27212	0.05244	0.01269	0.04856	0.01001	0.01219	0.00767	0.00498	0.00543	0.00159	0.02338	0.00466	0.00279	0.00727
36	0.00695	0.00515	0.00654	0.00744	0.00807	0.00495	0.00510	0.00894	0.06314	0.01453	0.06790	0.67058	0.08004	0.01543	0.00660	0.00208	0.00309	0.01389	0.00499	0.00462
37	0.00829	0.00645	0.00883	0.00845	0.00894	0.00769	0.00628	0.00946	0.00821	0.01181	0.01382	0.02370	0.01412	0.28420	0.40555	0.00628	0.14156	0.00613	0.01582	0.00441
38	0.08589	0.10897	0.22439	0.01351	0.02810	0.14047	0.11830	0.01832	0.10903	0.03171	0.01259	0.04094	0.02579	0.00592	0.00498	0.00161	0.00683	0.01250	0.00314	0.00702
39	0.06401	0.05617	0.04108	0.00781	0.00875	0.00699	0.00605	0.00921	0.00784	0.02893	0.00974	0.01616	0.00938	0.01532	0.01692	0.62345	0.03843	0.02782	0.00253	0.00340
40	0.02169	0.00987	0.01307	0.01114	0.06073	0.00920	0.00849	0.12149	0.03434	0.59171	0.01944	0.04675	0.01315	0.00680	0.00536	0.00165	0.00472	0.00559	0.00605	0.00877
41	0.03358	0.01446	0.04793	0.11069	0.23832	0.11184	0.16297	0.05358	0.10763	0.01772	0.01128	0.01353	0.00880	0.00519	0.00530	0.00161	0.00694	0.00487	0.00310	0.04064

[dist]
# distance from previous block
# <min> <max>
0	1

[block]
# block no. 6 follows, 46 sequences, length 50
# corresponding to MSA columns:
# 352-397,427-430
name=unknown_G
#
# <colnr> <probs for GDERKNQSTAVLIFYWHMCP>
#	G	D	E	R	K	N	Q	S	T	A	V	L	I	F	Y	W	H	M	C	P
0	0.00740	0.00622	0.03059	0.00669	0.00824	0.00538	0.00521	0.00980	0.03377	0.01785	0.43153	0.03996	0.25199	0.06905	0.05104	0.00232	0.00358	0.00940	0.00509	0.00488
1	0.01305	0.05706	0.02156	0.06889	0.64405	0.02766	0.03848	0.01609	0.01186	0.01661	0.00969	0.01281	0.00814	0.00485	0.00547	0.00158	0.02694	0.00463	0.00258	0.00801
2	0.01078	0.00916	0.01068	0.00772	0.01216	0.00694	0.00610	0.01300	0.01078	0.01684	0.00980	0.01227	0.00846	0.04861	0.00518	0.00102	0.00398	0.00338	0.00314	0.80001
3	0.05613	0.01418	0.04408	0.04103	0.03676	0.09337	0.00977	0.30030	0.19537	0.11135	0.01568	0.01539	0.02980	0.00644	0.00518	0.00163	0.00564	0.00500	0.00479	0.00811
4	0.01017	0.00823	0.00862	0.00769	0.01013	0.00832	0.00599	0.15355	0.15388	0.01962	0.07402	0.03745	0.46023	0.01080	0.00591	0.00174	0.00354	0.00893	0.00511	0.00605
5	0.01540	0.06837	0.01285	0.01073	0.01320	0.42960	0.00821	0.01738	0.03743	0.05810	0.13120	0.06334	0.09729	0.00776	0.00522	0.00151	0.00669	0.00594	0.00381	0.00595
6	0.01283	0.01429	0.03049	0.02182	0.02711	0.01351	0.72755	0.05117	0.01305	0.01769	0.01079	0.01419	0.00807	0.00454	0.00620	0.00177	0.00877	0.00617	0.00279	0.00722
7	0.00691	0.00533	0.00631	0.00617	0.00757	0.00473	0.00459	0.00882	0.01344	0.01785	0.43156	0.09806	0.34506	0.01226	0.00628	0.00175	0.00261	0.01059	0.00539	0.00473
8	0.01907	0.02324	0.01432	0.01294	0.01563	0.69742	0.00975	0.05917	0.01522	0.01447	0.00904	0.01041	0.00739	0.00554	0.00472	0.00136	0.00885	0.00358	0.06167	0.00619
9	0.00645	0.00466	0.00611	0.00723	0.00764	0.00432	0.00486	0.00743	0.01034	0.01371	0.04718	0.75166	0.07634	0.01626	0.00671	0.00212	0.00303	0.01469	0.00493	0.00432
10	0.02067	0.06711	0.06830	0.01001	0.01425	0.00953	0.02108	0.07513	0.01517	0.56339	0.06578	0.01776	0.01413	0.00651	0.00523	0.00160	0.00485	0.00528	0.00574	0.00848
11	0.01652	0.01251	0.01456	0.01184	0.01521	0.01405	0.03955	0.31616	0.29631	0.09195	0.03389	0.01633	0.01271	0.00695	0.00643	0.00174	0.07449	0.00542	0.00508	0.00832
12	0.00960	0.00496	0.00496	0.00496	0.00623	0.00489	0.00372	0.01199	0.01115	0.01933	0.01979	0.02189	0.06709	0.00666	0.00387	0.00127	0.00248	0.00536	0.78490	0.00489
13	0.00985	0.00493	0.00493	0.00493	0.00616	0.00493	0.00370	0.01232	0.01109	0.01971	0.01725	0.01971	0.01355	0.00616	0.00370	0.00123	0.00246	0.00493	0.84356	0.00493
14	0.00920	0.00737	0.00818	0.00767	0.00923	0.06085	0.00586	0.01255	0.07318	0.03824	0.59766	0.03662	0.05169	0.01029	0.00610	0.00170	0.00330	0.04938	0.00552	0.00541
15	0.00798	0.00597	0.00771	0.00778	0.00934	0.00547	0.00627	0.01021	0.01294	0.01763	0.30732	0.09913	0.11441	0.01218	0.00643	0.00190	0.00354	0.27352	0.00506	0.08518
16	0.01096	0.00940	0.01096	0.00783	0.01253	0.00705	0.00626	0.01331	0.01096	0.01723	0.00940	0.01096	0.00783	0.00392	0.00392	0.00078	0.00392	0.00313	0.00313	0.84653
17	0.01138	0.04359	0.06140	0.01188	0.11552	0.00879	0.02335	0.01408	0.01114	0.01700	0.00942	0.01122	0.00779	0.00412	0.00418	0.00098	0.00464	0.00344	0.00296	0.63311
18	0.01486	0.27062	0.22543	0.01129	0.01631	0.01351	0.05367	0.01870	0.04959	0.19273	0.03042	0.01361	0.01012	0.00549	0.00461	0.00148	0.00583	0.00431	0.04990	0.00752
19	0.00729	0.00523	0.00688	0.00791	0.00851	0.00504	0.00566	0.03746	0.01101	0.01463	0.02832	0.66470	0.03326	0.01586	0.00678	0.00217	0.00345	0.12637	0.00492	0.00457
20	0.01342	0.01139	0.01782	0.03363	0.01805	0.01184	0.24693	0.04993	0.28978	0.09692	0.09411	0.01986	0.03319	0.00674	0.00611	0.00177	0.03017	0.00635	0.00450	0.00749
21	0.01615	0.01660	0.28070	0.01267	0.01776	0.05336	0.07518	0.02079	0.07679	0.30459	0.01591	0.06054	0.01162	0.00641	0.00535	0.00169	0.00618	0.00542	0.00433	0.00795
22	0.00766	0.00525	0.00639	0.00639	0.00661	0.00547	0.00398	0.00809	0.00787	0.01071	0.01608	0.03143	0.01784	0.63666	0.20258	0.00590	0.00720	0.00722	0.00312	0.00355
23	0.01877	0.00866	0.01064	0.00863	0.01189	0.00828	0.00698	0.07573	0.10039	0.45191	0.01943	0.01824	0.01325	0.00650	0.00491	0.00155	0.00405	0.00525	0.21702	0.00790
24	0.01457	0.01246	0.01973	0.04690	0.61623	0.03220	0.01471	0.04064	0.03172	0.10231	0.01146	0.01371	0.00903	0.00506	0.00524	0.00158	0.00612	0.00478	0.00320	0.00834
25	0.01203	0.09396	0.46442	0.01559	0.04487	0.01294	0.14074	0.01766	0.05900	0.05276	0.01125	0.01356	0.00846	0.00532	0.00518	0.00166	0.00730	0.02288	0.00278	0.00764
26	0.01539	0.01790	0.01322	0.04274	0.01451	0.46100	0.00917	0.01668	0.01243	0.01299	0.03799	0.01524	0.01051	0.12469	0.02477	0.00222	0.13572	0.00458	0.02272	0.00554
27	0.05493	0.50211	0.16343	0.01081	0.01557	0.14732	0.01100	0.01686	0.01144	0.01385	0.00788	0.00915	0.00672	0.00479	0.00391	0.00129	0.00662	0.00312	0.00238	0.00681
28	0.00658	0.00537	0.00581	0.00570	0.00734	0.00460	0.00428	0.00823	0.01283	0.01613	0.24719	0.04784	0.58430	0.01270	0.00624	0.00175	0.00263	0.01073	0.00515	0.00460
29	0.01208	0.01340	0.02859	0.05751	0.05465	0.01274	0.65100	0.01627	0.01230	0.01666	0.01177	0.03592	0.00957	0.00521	0.00621	0.00181	0.00842	0.03613	0.00280	0.00696
30	0.00644	0.00460	0.00613	0.00736	0.00767	0.00429	0.00491	0.00736	0.01012	0.01350	0.02914	0.81076	0.03497	0.01656	0.00675	0.00215	0.00307	0.01503	0.00491	0.00429
31	0.00692	0.00532	0.00639	0.00745	0.00787	0.03026	0.00499	0.00783	0.01024	0.01338	0.02865	0.73508	0.05374	0.04552	0.00741	0.00222	0.00335	0.01427	0.00477	0.00432
32	0.01380	0.01168	0.01232	0.01089	0.01399	0.01345	0.00853	0.09697	0.70175	0.02316	0.02069	0.01907	0.01547	0.00709	0.00537	0.00177	0.00434	0.00586	0.00537	0.00843
33	0.01162	0.01156	0.01605	0.01378	0.01387	0.01609	0.01146	0.01323	0.03320	0.01303	0.00742	0.01183	0.00724	0.00918	0.01696	0.00230	0.77822	0.00467	0.00241	0.00587
34	0.09701	0.01706	0.01440	0.04368	0.01628	0.28172	0.00963	0.32360	0.01829	0.11148	0.01146	0.01190	0.00833	0.00588	0.00493	0.00153	0.00683	0.00418	0.00425	0.00758
35	0.01413	0.81739	0.02770	0.00905	0.01357	0.02092	0.00905	0.01583	0.01074	0.01244	0.00735	0.00848	0.00678	0.00452	0.00339	0.00113	0.00565	0.00283	0.00226	0.00678
36	0.01206	0.09545	0.01263	0.00806	0.01249	0.00846	0.00661	0.01425	0.01121	0.07439	0.01095	0.04790	0.00936	0.00476	0.00409	0.00095	0.00411	0.00381	0.00338	0.65510
37	0.03053	0.02704	0.01813	0.15211	0.30107	0.03056	0.09603	0.04607	0.04273	0.04220	0.01203	0.06265	0.01031	0.01768	0.02125	0.00179	0.00632	0.00541	0.00313	0.07295
38	0.01138	0.24717	0.39030	0.01220	0.01784	0.01354	0.05630	0.01551	0.01147	0.01615	0.08283	0.01381	0.01137	0.00545	0.00464	0.00148	0.00635	0.00432	0.05459	0.02330
39	0.00653	0.00502	0.00600	0.00660	0.00761	0.00449	0.00470	0.00781	0.01137	0.01455	0.10199	0.41591	0.33023	0.01475	0.00653	0.00197	0.00294	0.04158	0.00498	0.00444
40	0.00700	0.00519	0.00660	0.00758	0.00821	0.00501	0.00526	0.00899	0.06361	0.01426	0.03013	0.67096	0.08166	0.01561	0.00665	0.00211	0.00320	0.04841	0.00494	0.00462
41	0.03022	0.04774	0.01272	0.00898	0.01331	0.01033	0.00733	0.20660	0.04387	0.02156	0.01090	0.01194	0.00859	0.00480	0.00428	0.00108	0.00444	0.00371	0.03809	0.50952
42	0.01324	0.01389	0.15205	0.14713	0.12981	0.04704	0.04020	0.06660	0.02969	0.10762	0.03459	0.07402	0.01163	0.00636	0.00553	0.00162	0.02418	0.00543	0.00352	0.08582
43	0.01397	0.12835	0.19900	0.01286	0.05977	0.03111	0.07011	0.07678	0.05821	0.12201	0.06635	0.03001	0.01249	0.00597	0.00497	0.00153	0.00580	0.00498	0.05007	0.04568
44	0.02475	0.02903	0.01375	0.04236	0.03294	0.08070	0.03858	0.20043	0.09242	0.11874	0.09300	0.03953	0.03329	0.00915	0.04228	0.00203	0.04989	0.04536	0.00460	0.00717
45	0.03346	0.00547	0.00701	0.00716	0.00801	0.00521	0.02301	0.00901	0.01075	0.03223	0.15426	0.34754	0.08384	0.19502	0.01100	0.00267	0.00366	0.03518	0.02107	0.00443
46	0.01323	0.06010	0.09659	0.08713	0.13584	0.05807	0.31421	0.04898	0.01269	0.04706	0.01105	0.03137	0.00870	0.00515	0.00546	0.00163	0.00740	0.00529	0.02248	0.02758
47	0.02846	0.12982	0.33728	0.08631	0.05645	0.02545	0.08549	0.03448	0.06969	0.02674	0.01089	0.01307	0.00838	0.02532	0.00544	0.00168	0.00678	0.00439	0.03664	0.00724
48	0.01048	0.00673	0.00802	0.00749	0.00939	0.00640	0.00565	0.03181	0.10362	0.13746	0.19817	0.19001	0.22509	0.02700	0.00647	0.00187	0.00330	0.00982	0.00540	0.00581
49	0.00837	0.02740	0.03165	0.00768	0.00890	0.00635	0.00578	0.07330	0.01173	0.01554	0.08449	0.36827	0.10676	0.15430	0.00997	0.00253	0.00392	0.06371	0.00456	0.00479

[dist]
# distance from previous block
# <min> <max>
3	13

[block]
# block no. 7 follows, 46 sequences, length 23
# corresponding to MSA columns:
# 473-495
name=unknown_H
#
# <colnr> <probs for GDERKNQSTAVLIFYWHMCP>
#	G	D	E	R	K	N	Q	S	T	A	V	L	I	F	Y	W	H	M	C	P
0	0.00943	0.00567	0.00737	0.00726	0.00774	0.02756	0.00501	0.00897	0.02933	0.03370	0.10212	0.07664	0.01690	0.07304	0.05225	0.51937	0.00484	0.00620	0.00320	0.00339
1	0.05160	0.01254	0.08546	0.17405	0.12899	0.03386	0.05648	0.12326	0.04982	0.03233	0.04321	0.01813	0.06926	0.01988	0.00600	0.00173	0.02985	0.01566	0.02016	0.02775
2	0.00996	0.00713	0.00858	0.00764	0.01000	0.00631	0.00579	0.03246	0.04505	0.05219	0.09585	0.24211	0.02230	0.02691	0.00575	0.00158	0.00354	0.04488	0.09344	0.27852
3	0.07302	0.05153	0.10134	0.02349	0.07745	0.07661	0.06552	0.14657	0.01369	0.03639	0.03637	0.11081	0.06275	0.02258	0.02773	0.00195	0.05555	0.00628	0.00368	0.00668
4	0.00895	0.00472	0.00697	0.00697	0.00705	0.00480	0.00470	0.00716	0.00708	0.00952	0.01006	0.01755	0.01012	0.06574	0.09113	0.72214	0.00549	0.00487	0.00240	0.00257
5	0.00920	0.00591	0.00726	0.00694	0.00850	0.00544	0.00516	0.01163	0.04765	0.10423	0.33613	0.17433	0.19033	0.03110	0.00662	0.00185	0.00300	0.01004	0.02937	0.00532
6	0.01087	0.00733	0.00880	0.00840	0.01014	0.00739	0.00631	0.09756	0.11300	0.09586	0.13198	0.32105	0.07739	0.03383	0.00673	0.00199	0.00371	0.04647	0.00526	0.00594
7	0.01011	0.00952	0.01608	0.77086	0.06609	0.01178	0.01474	0.01362	0.01063	0.01366	0.00942	0.01405	0.00710	0.00526	0.00528	0.00175	0.00702	0.00470	0.00236	0.00597
8	0.00794	0.00588	0.00843	0.00831	0.00926	0.00674	0.00635	0.03185	0.00890	0.01269	0.01438	0.02200	0.01373	0.12122	0.68796	0.00793	0.01295	0.00585	0.00295	0.00469
9	0.01502	0.01355	0.01919	0.01483	0.01876	0.05171	0.25472	0.27365	0.16204	0.02302	0.01501	0.08719	0.01231	0.00678	0.00572	0.00173	0.00645	0.00635	0.00429	0.00770
10	0.00876	0.00684	0.04061	0.00711	0.00888	0.00587	0.00574	0.04757	0.01464	0.04091	0.55135	0.04713	0.09829	0.01010	0.00589	0.00164	0.00296	0.00876	0.08160	0.00535
11	0.00990	0.00865	0.01128	0.01000	0.01126	0.01008	0.02832	0.08548	0.01208	0.01645	0.10771	0.11490	0.22026	0.01112	0.01011	0.00200	0.28200	0.03881	0.00408	0.00550
12	0.00702	0.00528	0.00640	0.00632	0.00754	0.00477	0.00460	0.00887	0.01316	0.01772	0.44278	0.13351	0.25125	0.05808	0.00748	0.00195	0.00276	0.01055	0.00531	0.00466
13	0.01305	0.01288	0.02092	0.05178	0.64646	0.05047	0.05799	0.01616	0.01229	0.01710	0.04273	0.01413	0.01001	0.00501	0.00531	0.00158	0.00645	0.00494	0.00275	0.00798
14	0.03154	0.00728	0.00834	0.00748	0.00927	0.00766	0.03205	0.13793	0.02618	0.02098	0.01748	0.12839	0.01527	0.00765	0.00486	0.00149	0.02451	0.00632	0.49965	0.00570
15	0.00998	0.00940	0.01586	0.80150	0.03641	0.01175	0.01468	0.01351	0.01057	0.01351	0.00940	0.01409	0.00705	0.00529	0.00529	0.00176	0.00705	0.00470	0.00235	0.00587
16	0.77523	0.01178	0.07847	0.00769	0.01137	0.01190	0.00698	0.01565	0.00919	0.02309	0.00755	0.00882	0.00581	0.00492	0.00343	0.00164	0.00443	0.00296	0.00318	0.00591
17	0.00680	0.00538	0.00611	0.00593	0.00748	0.00470	0.00445	0.00865	0.01334	0.01735	0.37487	0.04583	0.45586	0.01224	0.00624	0.00173	0.00260	0.01045	0.00531	0.00470
18	0.00651	0.00500	0.00596	0.00649	0.00750	0.00446	0.00458	0.00781	0.01154	0.01487	0.14325	0.41002	0.32395	0.01453	0.00648	0.00194	0.00284	0.01277	0.00504	0.00446
19	0.01517	0.01183	0.01741	0.03280	0.32455	0.01235	0.05437	0.14118	0.09358	0.12087	0.01424	0.01553	0.02824	0.00600	0.00598	0.00165	0.05124	0.00517	0.03977	0.00806
20	0.01646	0.01185	0.01328	0.01155	0.04645	0.03788	0.00888	0.33340	0.11328	0.11151	0.04594	0.06258	0.01368	0.00735	0.00615	0.00167	0.06352	0.00573	0.08110	0.00775
21	0.01280	0.01227	0.02095	0.10224	0.71364	0.01249	0.01608	0.01598	0.01190	0.01693	0.00989	0.01318	0.00825	0.00476	0.00524	0.00159	0.00635	0.00471	0.00259	0.00815
22	0.81078	0.01016	0.00799	0.00707	0.01038	0.01166	0.00583	0.01604	0.00930	0.06121	0.00803	0.00905	0.00609	0.00499	0.00337	0.00164	0.00411	0.00298	0.00343	0.00589

[dist]
# distance from previous block
# <min> <max>
0	25

# created by:
# /home/cegg/simao/soft/augustus-3.2.1/scripts/msa2prfl.pl ./align_prep/EOG091G0DYU.fa
